1534184380.829147 642 562 605 688 590 687 -6322 1324 5086 162 69 -28 -53 108 -29
1534184380.8972418 643 562 606 688 590 687 -6430 1272 5098 -213 179 -42 -55 108 -27
1534184380.9679265 643 562 606 688 590 687 -6392 1260 5120 61 491 -92 -54 108 -30
1534184381.0359418 642 562 605 688 590 687 -6330 1318 5024 145 326 -165 -53 107 -29
1534184381.1059246 643 562 606 688 590 687 -6390 1276 4952 188 416 71 -53 107 -28
1534184381.1749713 643 562 605 688 590 687 -6374 1282 5072 199 377 72 -54 108 -28
1534184381.237622 643 562 606 688 590 687 -6408 1246 5038 341 1318 -56 -53 109 -28
1534184381.3135016 642 562 606 687 590 687 -6484 1238 4828 268 330 225 -54 109 -30
1534184381.3759882 643 562 605 688 590 687 -6414 1272 5040 222 108 -20 -54 108 -30
1534184381.4517002 642 562 605 687 590 687 -6506 1204 4936 220 227 68 -56 109 -28
1534184381.5501828 642 562 606 688 590 687 -6470 1250 4924 204 199 20 -53 110 -29
1534184381.6027663 642 562 606 688 590 686 -6466 1240 4886 229 63 74 -52 109 -31
1534184381.654089 642 562 606 688 590 687 -6452 1304 4920 188 110 31 -52 109 -29
1534184381.7291882 643 562 606 688 590 687 -6416 1266 4906 190 78 -36 -53 106 -30
1534184381.7862968 643 562 606 687 590 686 -6474 1234 4956 237 276 46 -54 110 -31
1534184381.848782 643 562 605 687 590 686 -6478 1282 4908 201 -11 37 -52 109 -31
1534184381.911267 643 562 605 688 590 687 -6472 1266 4906 255 233 5 -55 107 -30
1534184381.9893203 643 562 605 688 590 686 -6520 1266 4940 151 48 26 -55 110 -30
1534184382.056821 643 562 605 688 590 686 -6428 1254 4924 172 123 -28 -53 107 -31
1534184382.1294162 643 562 605 688 590 687 -6486 1248 4934 115 95 12 -53 108 -29
1534184382.2038658 643 562 606 687 590 687 -6458 1282 4984 240 196 -31 -55 107 -30
1534184382.2546802 643 562 606 688 590 686 -6500 1212 4966 173 6 44 -53 107 -31
1534184382.317181 643 562 606 687 590 687 -6462 1256 4914 213 62 20 -53 109 -31
1534184382.3952734 643 562 606 688 590 686 -6464 1210 5002 203 -26 39 -54 109 -31
1534184382.457757 643 562 606 688 590 687 -6460 1226 4984 232 266 -47 -54 107 -29
1534184382.5203638 642 562 606 687 590 686 -6454 1226 4924 203 2 120 -53 110 -29
1534184382.6033762 643 562 606 688 590 686 -6430 1290 4990 276 181 16 -54 108 -31
1534184382.671804 643 562 605 688 590 686 -6458 1208 4924 290 -50 36 -53 107 -31
1534184382.7389908 642 562 606 687 590 687 -6432 1240 4956 297 182 -74 -55 108 -30
1534184382.8014755 642 562 605 687 590 687 -6508 1042 4966 377 -137 -9 -53 108 -30
1534184382.8795826 643 562 605 688 590 686 -6486 1206 4944 255 239 -1 -55 109 -31
1534184382.9494402 643 562 605 687 590 686 -6470 1254 4924 188 196 -39 -52 107 -31
1534184383.0152652 642 562 605 688 590 687 -6498 1202 5014 169 210 98 -52 109 -30
1534184383.074956 643 562 606 688 590 687 -6454 1230 4938 198 293 107 -54 108 -31
1534184383.1388183 643 562 605 688 590 687 -6506 1200 4876 196 174 31 -53 109 -29
1534184383.2201645 643 562 605 687 590 686 -6446 1268 4974 205 171 40 -53 109 -31
1534184383.2883978 643 562 606 687 590 686 -6460 1242 4918 199 118 30 -53 111 -30
1534184383.3550854 643 562 605 687 590 687 -6480 1236 4950 196 -33 87 -55 110 -33
1534184383.4254632 643 562 605 687 590 686 -6492 1176 4896 234 195 -30 -54 108 -30
1534184383.4893847 642 562 605 688 589 686 -6438 1228 4994 262 143 -7 -54 110 -28
1534184383.5674915 642 562 605 687 590 687 -6442 1254 4926 260 200 43 -54 111 -30
1534184383.6284 643 562 606 688 590 686 -6494 1212 4920 202 97 53 -55 111 -31
1534184383.6960804 643 562 605 687 590 687 -6478 1176 4926 193 99 31 -54 108 -30
1534184383.7560816 643 562 605 687 590 687 -6376 1356 4934 -10 56 -41 -54 108 -30
1534184383.8341877 642 562 605 688 590 687 -6390 1288 4662 362 -625 209 -54 104 -30
1534184383.8966744 643 562 606 688 590 686 -6270 1042 4880 322 -2377 -1082 -55 109 -29
1534184383.9790423 643 562 606 688 590 686 -6448 874 4590 2733 -876 -594 -54 110 -29
1534184384.0370572 642 562 606 687 590 686 -6542 1444 4574 675 -1260 -119 -53 109 -28
1534184384.1242063 643 562 605 688 590 686 -6204 1728 4758 -2008 -2296 479 -53 110 -31
1534184384.1934986 643 562 606 688 590 686 -6354 1490 5016 619 1012 80 -53 109 -29
1534184384.2545466 643 563 606 688 591 686 -6124 2102 5082 1242 483 1141 -52 108 -31
1534184384.3326533 643 563 606 688 591 686 -6030 986 6068 30 2827 1093 -55 105 -32
1534184384.3951588 643 563 606 688 591 687 -6156 1624 5310 1510 2876 791 -54 109 -30
1534184384.4724953 643 563 606 688 591 687 -6348 1488 5226 -347 4426 646 -57 109 -32
1534184384.5401194 643 563 606 688 590 686 -6818 1170 4576 2422 -2370 521 -54 107 -33
1534184384.6211574 643 563 606 688 590 687 -6206 1644 5478 4210 -6045 922 -54 108 -34
1534184384.6922793 643 563 606 688 589 686 -6138 1856 5204 710 1803 -203 -56 106 -32
1534184384.7548947 642 562 606 688 589 687 -6630 1454 4096 -2195 2191 -1786 -56 107 -31
1534184384.8330035 642 562 606 687 590 687 -6616 1356 4686 -208 -3557 601 -56 108 -32
1534184384.8954892 642 562 606 687 590 687 -6078 1500 5506 340 -2788 304 -55 108 -31
1534184384.9728231 642 562 606 687 590 687 -6018 1452 5564 214 721 -263 -55 108 -29
1534184385.0353065 642 563 606 687 590 686 -6334 1472 5052 110 865 -116 -54 108 -29
1534184385.1193693 642 563 606 687 590 687 -6206 1472 5252 216 -73 -52 -54 107 -27
1534184385.1875598 642 562 606 688 590 687 -6190 1412 5186 166 472 -149 -52 108 -28
1534184385.253791 642 562 606 687 589 686 -6248 1428 5140 86 264 -65 -56 106 -31
1534184385.316274 643 562 606 687 590 687 -6250 1378 5134 124 180 -90 -53 109 -29
1534184385.394382 643 563 606 687 590 687 -6232 1396 5208 179 158 74 -53 108 -28
1534184385.4638846 643 563 606 687 590 687 -6262 1410 5148 185 241 -13 -54 108 -28
1534184385.519303 643 563 606 687 590 687 -6232 1406 5190 224 157 -28 -54 108 -29
1534184385.6011658 643 563 606 688 590 687 -6304 1376 5222 154 187 0 -56 107 -27
1534184385.6702905 643 563 606 687 590 686 -6252 1348 5200 138 250 75 -54 109 -29
1534184385.736841 643 562 606 688 590 687 -6264 1358 5182 210 262 24 -53 108 -31
1534184385.802706 642 562 606 688 590 687 -6260 1386 5204 201 143 24 -55 108 -28
1534184385.8650866 643 562 606 687 590 687 -6326 1346 5194 215 104 6 -54 108 -30
1534184385.938707 642 562 606 687 590 687 -6266 1352 5112 231 42 18 -53 108 -30
1534184386.003946 643 562 606 687 590 687 -6298 1370 5150 194 195 32 -54 109 -28
1534184386.066433 642 562 606 687 590 686 -6314 1334 5128 203 146 0 -53 107 -30
1534184386.139172 642 562 606 687 590 686 -6300 1360 5216 198 80 48 -53 108 -29
1534184386.2086256 642 562 606 687 590 687 -6290 1338 5104 268 141 40 -53 109 -28
1534184386.2712152 643 562 606 687 590 687 -6238 1328 5226 212 156 0 -56 109 -29
1534184386.3336973 643 562 606 687 590 687 -6296 1360 5164 160 143 63 -55 106 -29
1534184386.4118028 642 562 606 687 590 686 -6250 1324 5110 261 76 -18 -55 110 -29
1534184386.4729943 642 562 606 688 590 687 -6256 1400 5154 299 313 -99 -54 108 -31
1534184386.5355864 643 562 606 688 590 687 -6298 1254 5076 211 28 6 -54 109 -29
1534184386.6168227 643 562 606 687 590 687 -6252 1386 5222 251 156 -73 -54 109 -30
1534184386.68475 643 562 606 688 590 687 -6330 1294 5166 179 252 61 -53 109 -28
1534184386.7539027 642 562 606 687 590 687 -6288 1332 5100 130 204 153 -52 108 -28
1534184386.8163872 642 563 606 687 590 687 -6346 1384 5110 323 14 -27 -53 110 -29
1534184386.8788724 643 562 606 687 590 686 -6284 1298 5150 310 10 -83 -51 108 -27
1534184386.9572952 642 562 606 687 590 686 -6286 1328 5260 248 106 54 -54 108 -29
1534184387.0365207 643 562 606 687 590 687 -6292 1322 5118 215 176 -12 -53 107 -30
1534184387.083384 643 562 606 687 590 687 -6270 1342 5200 194 101 126 -54 107 -30
1534184387.1547809 643 563 606 688 590 687 -6254 1364 5088 179 389 -43 -54 109 -29
1534184387.2375343 643 562 606 688 590 686 -6132 1324 5800 -406 -265 -342 -54 108 -31
1534184387.3026867 643 563 606 687 590 686 -6428 1398 5306 21 -416 -309 -54 109 -28
1534184387.3651667 642 563 606 688 590 685 -6160 1324 5468 353 -140 -331 -51 110 -27
1534184387.448736 643 563 606 688 590 686 -6500 802 5084 -361 -395 -50 -53 111 -28
1534184387.504655 642 563 606 688 591 686 -6622 1098 4884 911 680 460 -52 110 -29
1534184387.5830207 643 563 606 688 591 686 -6486 1490 4756 2391 643 1334 -53 107 -29
1534184387.6559289 643 564 607 688 591 686 -6812 1074 4492 945 -220 435 -52 108 -33
1534184387.7388508 643 564 607 688 591 687 -6694 1236 4666 1213 -1437 670 -50 110 -32
1534184387.8013356 643 564 607 688 591 687 -6474 1070 4952 669 -1197 209 -52 108 -32
1534184387.863824 644 564 607 688 591 687 -6780 1130 4618 793 -1571 293 -51 112 -31
1534184387.9459305 643 564 607 688 591 687 -6174 1408 5502 2377 1159 609 -53 107 -33
1534184388.0037994 643 563 607 688 590 687 -6734 1518 5220 2131 -5030 655 -55 108 -34
1534184388.0819085 643 563 607 688 590 686 -5842 1532 4014 -1926 5041 110 -55 107 -32
1534184388.1534746 643 563 607 687 590 686 -6576 1382 4434 -775 -2921 -352 -57 107 -32
1534184388.2362347 643 563 607 688 590 687 -6050 1448 5650 -440 -4218 866 -53 108 -31
1534184388.3011305 643 563 607 687 590 686 -5904 1442 5802 -324 648 -396 -53 107 -27
1534184388.3636162 643 563 607 687 590 686 -6210 1380 5194 186 746 -37 -53 108 -27
1534184388.4538016 643 563 606 687 590 687 -6114 1406 5420 345 -428 1 -52 109 -29
1534184388.506098 643 563 606 687 590 686 -6012 1432 5458 103 372 -56 -54 107 -26
1534184388.5685818 642 563 606 688 590 687 -6180 1428 5286 157 311 8 -55 109 -28
1534184388.6473258 642 563 606 688 590 686 -6102 1332 5360 194 90 95 -53 106 -27
1534184388.7155883 642 563 606 688 590 687 -6102 1410 5320 180 105 53 -53 107 -26
1534184388.7719529 643 563 606 688 590 687 -6104 1396 5346 240 -262 79 -53 107 -26
1534184388.850061 643 563 606 688 590 687 -6090 1472 5268 221 -162 -93 -52 106 -26
1534184388.9247391 643 563 606 688 590 687 -6044 1390 5408 158 141 -148 -54 107 -28
1534184388.9866629 643 563 606 688 590 687 -6090 1308 5342 205 142 -244 -56 108 -25
1534184389.0648181 642 563 606 688 590 687 -6050 1334 5362 130 398 -391 -53 108 -26
1534184389.1385856 643 563 606 688 590 687 -6050 1400 5408 -223 684 -682 -54 110 -28
1534184389.2010808 643 563 606 688 590 686 -6238 1186 5254 -33 1097 -364 -53 108 -27
1534184389.2635853 643 563 606 687 590 687 -6278 1156 5198 153 278 -144 -52 109 -28
1534184389.34175 643 563 606 687 590 687 -6206 1170 5272 209 268 -20 -50 110 -28
1534184389.4041502 643 563 606 688 590 687 -6260 1204 5236 164 162 29 -51 110 -29
1534184389.4834347 643 563 606 688 590 686 -6258 1178 5300 228 274 39 -52 109 -28
1534184389.551971 643 563 606 688 590 687 -6284 1178 5206 208 237 12 -51 112 -28
1534184389.6195102 643 563 606 687 590 687 -6278 1134 5212 184 173 45 -52 110 -29
1534184389.6876705 642 563 606 687 590 686 -6282 1156 5170 178 168 -4 -50 109 -27
1534184389.7396493 643 563 606 688 590 687 -6252 1178 5246 213 48 68 -50 111 -28
1534184389.8177574 643 563 606 688 590 687 -6252 1186 5192 235 206 59 -53 111 -26
1534184389.8803754 643 563 606 687 590 686 -6266 1132 5276 298 16 -62 -52 110 -28
1534184389.9583874 643 563 606 688 590 687 -6264 1172 5240 250 89 -7 -53 110 -28
1534184390.0199785 643 563 606 687 590 686 -6262 1166 5266 253 167 -21 -50 109 -29
1534184390.0824635 643 563 606 688 590 687 -6218 1178 5276 202 128 77 -50 109 -30
1534184390.1535647 642 563 606 687 590 686 -6232 1196 5220 226 254 16 -49 111 -27
1534184390.2216346 643 563 606 688 590 686 -6290 1126 5180 248 239 6 -51 111 -27
1534184390.2841225 642 563 606 688 590 686 -6254 1164 5246 237 191 16 -51 110 -28
1534184390.3623812 643 563 606 687 590 686 -6454 1158 5454 -168 -1310 129 -52 109 -27
1534184390.4405456 643 563 606 687 590 686 -6240 1140 5208 917 33 -554 -52 110 -26
1534184390.5190105 643 563 606 688 590 686 -5958 902 5454 978 530 507 -51 108 -27
1534184390.5658484 643 563 606 687 590 686 -6224 1060 5400 -433 2205 -654 -48 110 -28
1534184390.6376784 643 563 606 688 590 686 -6436 1258 4962 -19 -69 -1115 -51 108 -28
1534184390.7231176 643 564 607 688 591 686 -6354 1156 5200 803 -104 -282 -50 109 -29
1534184390.7862928 643 564 607 688 591 686 -6212 1534 5406 -1970 2397 403 -53 108 -28
1534184390.864328 643 564 607 688 591 687 -6502 1702 4766 -1792 769 -114 -50 110 -31
1534184390.9389684 643 564 607 688 591 686 -6376 1492 5184 1020 1642 1492 -51 109 -34
1534184391.0055668 643 564 606 688 591 686 -6940 1038 4328 -73 -1651 622 -51 108 -33
1534184391.06818 643 564 607 688 590 687 -6856 1282 4312 73 -7290 1181 -52 109 -34
1534184391.1546829 643 563 606 688 589 687 -5864 1512 6236 2400 1109 -1962 -53 105 -33
1534184391.2331676 643 563 606 688 589 687 -5922 1734 5082 528 4953 -1070 -54 107 -29
1534184391.285803 643 563 606 688 590 687 -6290 1034 4018 -3616 5625 1074 -53 109 -32
1534184391.3639119 643 563 606 688 590 687 -7142 644 4970 294 -2649 432 -56 111 -36
1534184391.4433463 644 563 606 687 590 688 -6996 1212 4556 -786 -540 -755 -53 109 -35
1534184391.5040088 644 563 606 687 590 688 -6662 1146 4256 287 -397 860 -54 111 -34
1534184391.5823517 643 563 606 687 590 689 -7048 908 4374 381 -6493 -127 -55 108 -33
1534184391.6549897 644 562 606 688 590 688 -6230 1614 5520 3111 -5002 535 -55 110 -31
1534184391.7305398 643 562 606 688 590 688 -5790 1490 5230 3155 -2744 -468 -56 109 -27
1534184391.801457 644 562 606 688 590 688 -6000 1532 5712 274 -2737 -653 -56 107 -28
1534184391.8639436 643 563 606 689 590 687 -5900 1478 5644 -1206 -1622 -1873 -56 107 -26
1534184391.9500885 643 563 606 688 589 687 -5988 978 5582 324 -69 205 -55 108 -22
1534184392.0036404 643 563 606 688 590 687 -5876 1290 5330 782 2100 69 -54 109 -21
1534184392.0817463 643 563 606 687 590 687 -6064 1212 5872 3068 4194 1768 -55 109 -25
1534184392.154677 643 563 606 687 590 687 -6208 1604 5162 1957 4393 2472 -53 108 -27
1534184392.2323422 643 563 606 687 590 687 -6214 1918 4638 2630 3355 2168 -57 108 -33
1534184392.3018336 643 562 606 687 590 688 -6638 1868 4882 1080 587 1315 -59 107 -37
1534184392.3643222 644 563 606 687 590 687 -6438 2270 4704 232 756 331 -59 107 -37
1534184392.4442322 644 562 606 687 590 688 -6442 2088 4638 -780 -166 -770 -60 106 -37
1534184392.5195348 643 562 606 687 590 688 -6358 1988 4920 -1161 -2251 -993 -61 103 -38
1534184392.5820198 643 562 606 687 590 688 -6354 2082 4964 -1144 -1147 -228 -59 107 -34
1534184392.6739316 644 562 606 687 590 688 -6140 1938 5196 -1036 -1111 -537 -58 105 -33
1534184392.7375288 644 563 606 688 590 688 -6370 1600 5304 -143 -418 -204 -58 108 -31
1534184392.8000736 643 563 606 688 590 687 -6218 1580 5060 -33 498 -491 -57 106 -29
1534184392.878175 643 563 606 688 590 687 -6190 1534 5146 63 125 -521 -57 105 -31
1534184392.9476888 643 563 606 688 590 687 -6180 1488 5052 294 320 27 -56 106 -31
1534184393.0190482 643 563 606 687 590 687 -6532 1474 5366 292 -245 -217 -57 108 -29
1534184393.0816424 643 563 606 688 590 687 -6110 1722 5118 535 852 -413 -55 106 -31
1534184393.1546361 643 563 606 687 590 687 -6568 1070 4910 150 272 -147 -56 109 -31
1534184393.230528 643 563 606 687 590 687 -6392 1322 4954 226 -1866 -43 -55 108 -31
1534184393.3024359 643 563 606 687 590 687 -6486 1556 5388 -1007 -2040 -314 -55 107 -32
1534184393.3805423 643 563 606 687 590 687 -6146 1454 5066 1101 -2034 -1403 -54 107 -29
1534184393.4491494 643 563 606 687 590 686 -6018 1384 5172 2415 558 271 -52 109 -25
1534184393.5046153 643 563 606 688 590 687 -6364 1492 5042 195 220 104 -55 109 -28
1534184393.5826523 643 563 606 688 590 687 -6520 1744 4738 -132 171 25 -55 110 -29
1534184393.6549375 643 563 606 688 590 687 -6262 788 5198 2375 903 782 -53 108 -31
1534184393.7289422 643 564 606 688 591 687 -6242 1192 5246 2783 -245 1166 -53 109 -31
1534184393.8011851 644 564 607 688 591 687 -5892 1362 5744 2026 2063 2642 -55 109 -31
1534184393.863417 644 564 607 688 591 688 -6208 1748 5092 88 994 155 -56 108 -34
1534184393.9406927 644 565 607 688 591 688 -6256 2048 5166 -233 2138 228 -57 105 -36
1534184394.0035157 643 564 607 688 590 687 -6738 1834 4416 -119 -874 -32 -56 104 -39
1534184394.0816286 644 563 607 688 590 687 -6354 1582 5104 797 -3607 -750 -57 107 -34
1534184394.1435757 643 564 607 688 589 686 -6204 1732 5192 -663 -640 -1548 -56 108 -34
1534184394.2231662 643 563 607 687 589 686 -6348 1530 4786 -995 1938 -326 -57 107 -32
1534184394.3012774 643 564 607 687 590 687 -6282 1514 5152 -461 -3959 448 -55 109 -32
1534184394.3637612 643 564 607 688 590 687 -5676 1588 5776 -457 -897 152 -55 108 -32
1534184394.4420187 643 563 607 688 590 687 -6090 1532 5326 -135 36 -29 -56 107 -29
1534184394.5045333 643 563 606 688 590 687 -6046 1378 5462 517 -1072 -8 -55 108 -27
1534184394.5826054 643 563 606 687 590 687 -5906 1436 5480 633 -291 -325 -56 108 -29
1534184394.6390388 643 563 606 688 590 688 -5896 1446 5482 141 449 -153 -54 109 -26
1534184394.7261274 643 563 606 687 590 687 -5866 1538 5440 1130 278 -168 -54 107 -27
1534184394.7862651 643 563 606 687 590 688 -5948 1498 5576 230 -525 326 -55 108 -26
1534184394.8643715 643 563 606 687 590 687 -5798 1652 5592 921 -212 52 -55 109 -28
1534184394.936095 643 563 606 687 589 688 -5938 1632 5758 489 -346 -478 -54 109 -24
1534184395.00335 643 563 606 687 590 688 -6182 1480 5724 -203 -290 410 -53 105 -25
1534184395.0658348 643 563 606 688 590 687 -5744 1510 5726 -277 -708 292 -54 106 -26
1534184395.1399186 643 563 606 687 590 687 -5716 1474 5610 343 174 53 -55 109 -24
1534184395.2180266 643 563 606 688 590 688 -5588 1390 5816 -314 -355 -290 -54 108 -24
1534184395.2805104 643 563 606 688 590 688 -5648 1494 5736 479 830 -151 -54 110 -22
1534184395.358619 643 563 606 687 590 688 -5698 1422 5532 -799 2494 -841 -52 109 -23
1534184395.421105 643 563 606 688 590 687 -6190 1100 5594 -1483 1384 -724 -54 108 -23
1534184395.506645 643 563 606 688 590 687 -6024 1230 5520 -191 423 74 -53 110 -25
1534184395.569131 643 563 606 687 590 687 -5998 1160 5496 -24 470 -59 -50 111 -26
1534184395.6391537 643 563 606 687 590 687 -6022 1172 5454 -1 492 89 -52 109 -26
1534184395.7016404 643 563 606 687 590 687 -6026 1094 5462 -149 22 -13 -51 111 -27
1534184395.764125 643 563 606 687 590 687 -5938 1204 5494 168 80 36 -52 110 -26
1534184395.8422332 643 563 606 687 590 686 -6046 1114 5502 439 212 -72 -51 110 -24
1534184395.9047163 643 563 606 688 589 687 -6002 1178 5466 64 331 -45 -53 109 -26
1534184395.9797053 643 563 606 688 590 687 -6010 1078 5484 110 78 44 -50 110 -23
1534184396.0358112 643 563 606 688 590 687 -6020 1120 5504 73 103 58 -51 111 -26
1534184396.11733 643 563 606 687 590 687 -6038 1162 5456 143 249 28 -54 110 -26
1534184396.1855586 643 563 606 687 590 687 -6040 1102 5484 213 -36 35 -51 111 -24
1534184396.2382078 643 563 606 688 590 687 -5994 1042 5588 215 112 3 -51 109 -25
1534184396.3163166 643 563 606 688 590 687 -6000 1090 5424 223 243 15 -51 111 -24
1534184396.378973 643 563 606 688 590 687 -6072 1078 5432 290 239 2 -52 110 -24
1534184396.4539058 643 563 606 687 590 687 -6046 1078 5468 246 145 52 -51 111 -27
1534184396.5193095 643 563 606 687 590 686 -6032 1070 5420 364 255 -16 -51 110 -26
1534184396.581794 643 563 606 688 590 687 -6018 1088 5562 341 240 29 -52 110 -25
1534184396.6543403 643 563 606 687 590 686 -6034 962 5866 -244 322 394 -52 110 -23
1534184396.7224696 643 563 606 687 590 686 -6120 1122 4928 973 -1628 387 -53 108 -26
1534184396.8006487 643 563 607 687 590 686 -5704 1248 5646 2216 102 781 -50 110 -26
1534184396.863062 643 563 606 687 590 687 -5768 1346 5778 2353 2701 1437 -50 109 -26
1534184396.9451432 643 564 607 688 591 686 -5940 904 5598 1512 2706 1270 -51 107 -26
1534184397.0034294 643 564 607 688 591 687 -5794 1282 5796 546 763 833 -52 110 -27
1534184397.0815365 644 564 607 688 591 687 -6034 1560 5456 623 -1173 483 -54 108 -29
1534184397.154027 644 565 607 688 591 688 -6274 1784 5058 -153 942 -818 -53 107 -29
1534184397.2260678 644 564 607 688 591 688 -6420 1968 4982 65 -1046 46 -55 108 -33
1534184397.285269 643 564 607 688 591 687 -5818 1792 5630 473 2460 -278 -54 104 -32
1534184397.3632388 644 564 607 688 590 687 -6522 1416 4860 -692 -5623 -2472 -55 108 -32
1534184397.441344 643 564 607 688 590 687 -5224 1350 6318 -484 -510 107 -51 107 -28
1534184397.5051036 643 564 607 687 590 687 -5814 1460 5124 -974 4675 904 -52 109 -25
1534184397.5832107 643 563 607 687 590 686 -6264 1086 4964 -205 -1357 147 -51 109 -24
1534184397.6544156 643 563 607 688 590 687 -5644 1184 5986 420 -898 -277 -53 111 -26
1534184397.727243 643 564 607 688 590 687 -5826 1222 5584 123 492 -214 -51 109 -25
1534184397.7852914 643 563 607 687 590 686 -5948 1092 5436 262 122 -56 -53 110 -24
1534184397.8633952 643 563 606 687 590 687 -5850 1170 5680 265 50 -31 -52 108 -23
1534184397.9331129 643 563 606 688 590 686 -5912 1166 5564 222 351 -92 -53 108 -24
1534184397.9870603 644 563 606 688 590 687 -5932 1100 5612 200 94 83 -52 108 -23
1534184398.065167 643 563 606 688 590 687 -5904 1158 5612 167 311 -71 -51 107 -25
1534184398.138102 643 563 606 688 590 687 -5888 1120 5524 194 192 -5 -53 109 -23
1534184398.2068894 644 563 606 688 590 686 -5942 1088 5606 195 94 -33 -52 109 -23
1534184398.269438 643 563 606 687 590 686 -5900 1116 5630 206 224 73 -49 109 -23
1534184398.332069 643 563 606 688 590 686 -5888 1082 5568 181 322 -41 -51 110 -24
1534184398.41024 643 563 606 687 590 687 -5926 1126 5622 210 73 83 -52 112 -22
1534184398.472668 643 563 606 688 590 687 -5930 1092 5610 194 187 -25 -54 108 -24
1534184398.5351555 643 563 606 687 590 687 -5908 1090 5586 189 31 -7 -49 109 -25
1534184398.614426 643 563 606 688 590 687 -5952 1120 5584 250 -26 14 -51 109 -22
1534184398.6826434 643 563 606 688 590 687 -5900 1124 5648 248 57 -11 -52 109 -24
1534184398.738503 643 563 606 688 590 687 -5936 1082 5606 264 71 6 -50 110 -24
1534184398.8167968 643 563 606 687 590 687 -5906 1102 5638 239 -57 63 -50 109 -20
1534184398.8791661 643 563 606 687 590 687 -5862 1052 5580 235 201 -23 -51 108 -24
1534184398.9575903 643 563 606 688 590 687 -5936 1066 5676 217 46 80 -52 112 -24
1534184399.0187037 643 563 606 688 590 687 -5916 1070 5636 217 61 43 -51 110 -21
1534184399.0811882 643 563 606 688 590 687 -5880 1084 5634 220 77 71 -52 110 -25
1534184399.154251 643 563 606 687 590 687 -5936 1060 5704 214 250 -24 -50 111 -23
1534184399.2220664 643 563 606 688 590 687 -5878 1064 5670 215 34 41 -50 109 -24
1534184399.284783 643 563 606 687 590 687 -5854 1096 5678 158 134 79 -49 110 -23
1534184399.3472972 643 563 606 687 590 687 -5898 1116 5576 167 183 119 -50 109 -23
1534184399.425144 644 563 606 687 590 687 -5884 1092 5652 247 114 -42 -51 108 -23
1534184399.497685 643 563 606 688 590 687 -5858 1070 5704 286 41 -34 -50 110 -22
1534184399.5529785 643 563 606 688 590 686 -5874 1078 5570 337 60 43 -52 109 -23
1534184399.6385727 643 563 606 687 590 687 -5852 1122 5676 251 166 -17 -51 109 -23
1534184399.700848 643 563 606 688 590 687 -5892 1030 5622 210 193 8 -52 110 -25
1534184399.7540648 643 563 606 687 590 687 -5872 1112 5630 258 247 30 -51 108 -24
1534184399.832017 643 563 606 688 590 687 -5518 1240 5086 543 1094 322 -52 108 -22
1534184399.9101398 643 563 606 687 590 687 -5814 1116 5678 -1901 1705 509 -50 109 -22
1534184399.9721134 643 563 606 687 590 686 -6158 990 5806 -427 -521 263 -51 109 -22
1534184400.0502203 643 564 607 688 590 686 -5878 1358 5624 594 2767 78 -51 109 -24
1534184400.1207972 643 564 606 688 590 686 -6154 1814 5286 495 3041 930 -53 108 -23
1534184400.1911905 643 564 607 688 590 687 -6192 974 5494 659 2660 1270 -54 109 -25
1534184400.2551413 643 564 606 688 590 686 -6314 1402 5226 1915 1039 1491 -53 109 -28
1534184400.33325 643 564 606 687 590 688 -6438 1620 4864 1526 2576 1432 -54 109 -27
1534184400.3957353 643 564 607 688 590 687 -6452 1432 4722 -201 1098 -505 -54 110 -31
1534184400.4791195 643 564 607 688 590 688 -6096 1256 5644 2049 2229 500 -54 109 -31
1534184400.5376558 643 564 607 688 590 688 -6016 1480 5654 247 1597 264 -55 110 -30
1534184400.6218357 644 564 607 688 590 687 -6938 1414 4286 -131 -1276 138 -55 106 -33
1534184400.693254 643 564 607 687 589 687 -5664 1250 6098 66 -5544 -471 -56 108 -32
1534184400.7566235 643 563 607 687 589 687 -5920 1328 4826 -1620 2590 -2087 -53 107 -28
1534184400.8347328 644 564 607 688 590 687 -6374 1262 4956 -380 -2719 634 -52 109 -28
1534184400.897215 644 564 607 688 589 687 -5696 1246 5814 228 -1308 -354 -53 108 -30
1534184400.9723833 644 563 606 688 590 687 -5992 1194 5424 25 494 -203 -53 108 -26
1534184401.05049 644 563 607 688 590 686 -6060 1180 5472 316 -599 20 -53 108 -27
1534184401.1180444 643 563 606 687 590 687 -5920 1176 5610 90 174 -92 -54 108 -26
1534184401.187615 643 564 606 688 590 687 -5994 1164 5470 20 174 -282 -52 108 -23
1534184401.25607 643 564 607 688 590 687 -5988 1140 5588 -163 100 -35 -53 109 -24
1534184401.3185573 643 563 606 688 590 687 -6034 1046 5552 32 117 -63 -52 110 -24
1534184401.3810408 643 563 606 688 590 687 -5940 1110 5476 119 111 -8 -53 110 -23
1534184401.4621618 643 563 606 687 590 687 -6020 1056 5544 156 17 -53 -52 110 -24
1534184401.522439 643 563 606 688 590 686 -5972 1092 5506 203 142 60 -51 109 -25
1534184401.5851269 643 563 607 687 590 687 -5970 1074 5524 151 -3 -4 -52 107 -22
1534184401.6554704 643 563 606 687 590 686 -5920 1058 5528 223 -3 38 -52 109 -22
1534184401.738591 643 563 606 687 590 687 -5972 1066 5600 175 65 -124 -50 109 -24
1534184401.8010778 643 563 606 688 590 687 -5928 1064 5612 160 100 86 -52 111 -24
1534184401.8638175 644 564 606 688 590 687 -5986 1040 5532 147 146 29 -52 109 -24
1534184401.9383786 643 564 606 688 590 687 -5906 1038 5616 145 145 -13 -49 110 -24
1534184402.0036066 643 563 606 688 590 687 -5958 1066 5524 174 113 34 -50 107 -25
1534184402.0662715 643 563 606 687 590 686 -5916 1032 5590 176 210 50 -51 110 -23
1534184402.1389928 643 563 606 688 590 686 -5964 1020 5584 204 129 -3 -52 109 -22
1534184402.201615 643 563 606 688 590 686 -5948 1042 5560 192 41 -13 -52 110 -24
1534184402.2639852 643 563 606 687 590 687 -5982 1056 5534 221 62 -26 -52 108 -24
1534184402.34207 643 563 606 687 590 686 -5914 1022 5622 175 102 4 -52 110 -23
1534184402.4045582 643 563 606 687 590 686 -5990 964 5568 174 113 72 -54 108 -23
1534184402.4818344 643 563 606 687 590 686 -5900 1060 5622 191 208 -32 -51 109 -23
1534184402.5373209 644 563 606 688 590 687 -5966 982 5590 176 68 39 -52 109 -23
1534184402.6174655 643 563 606 688 590 686 -5910 1028 5556 190 229 -11 -53 110 -22
1534184402.6714365 643 563 606 687 590 687 -5956 1018 5538 228 77 46 -53 108 -22
1534184402.7392142 643 563 606 688 590 687 -5938 1044 5630 215 240 -35 -51 110 -22
1534184402.8173203 643 563 606 687 590 687 -5958 988 5576 230 167 -57 -51 109 -24
1534184402.8799002 643 563 606 688 590 687 -5916 978 5588 232 61 125 -51 109 -23
1534184402.9567127 643 563 606 688 590 687 -5940 1012 5554 240 96 -57 -51 108 -22
1534184403.0192797 644 564 606 687 590 686 -5976 1004 5670 244 78 18 -52 109 -24
1534184403.0901227 643 563 606 687 590 686 -5968 970 5612 227 187 -2 -52 108 -22
1534184403.1546967 644 563 606 688 590 686 -5970 976 5552 228 97 19 -50 109 -22
1534184403.2241716 643 563 606 687 590 687 -5976 1036 5566 255 204 36 -52 110 -22
1534184403.2862377 643 563 606 687 590 686 -5926 1012 5578 212 245 45 -52 110 -25
1534184403.3486426 643 563 606 688 590 687 -5958 988 5540 223 190 41 -50 110 -23
1534184403.4278038 643 563 606 688 590 686 -5972 1008 5548 211 171 65 -53 110 -23
1534184403.488775 643 563 606 687 590 687 -5856 960 5522 427 437 215 -50 110 -24
1534184403.566881 643 563 606 687 590 687 -5774 1142 5638 -618 496 172 -51 110 -22
1534184403.636067 643 563 606 687 590 687 -6136 862 5470 -78 275 -235 -52 109 -24
1534184403.705447 643 563 606 688 590 687 -6182 972 5430 1062 -928 525 -50 111 -23
1534184403.7713344 644 563 606 688 590 686 -5926 942 5544 429 -824 -519 -53 110 -23
1534184403.8338208 643 564 607 688 590 687 -6108 998 5372 -81 1311 -436 -51 107 -23
1534184403.9139988 643 564 606 687 591 687 -5944 992 5536 1034 1477 66 -51 109 -22
1534184403.9715555 644 564 607 688 591 687 -5846 764 5756 1925 437 297 -50 111 -24
1534184404.0498912 644 564 607 688 591 688 -5780 1032 5904 836 1181 433 -50 111 -25
1534184404.1277592 644 564 607 688 591 688 -5986 1246 5566 -1197 1119 -805 -53 110 -25
1534184404.198234 644 565 607 688 591 688 -6290 1266 5160 491 1629 173 -52 110 -26
1534184404.254816 644 564 607 688 591 688 -6144 1110 5404 1971 1739 974 -50 109 -29
1534184404.3328805 643 564 607 688 590 688 -6716 832 5028 219 -7704 -396 -50 109 -27
1534184404.395366 644 564 607 688 590 686 -5642 1264 6618 383 4779 883 -52 108 -26
1534184404.4879804 643 564 607 687 590 687 -6046 1184 4082 -2017 1168 288 -52 108 -26
1534184404.551556 644 564 607 688 590 687 -5984 1256 5776 -45 -2306 -6 -54 109 -26
1534184404.6237833 643 564 607 688 590 687 -5748 1168 5824 179 -91 -437 -52 109 -25
1534184404.688874 644 564 607 688 590 687 -6160 1020 5394 301 95 -7 -52 108 -21
1534184404.755455 644 564 606 688 590 687 -5856 1078 5662 164 -76 13 -54 109 -23
1534184404.8179417 643 564 606 688 590 686 -5976 1144 5530 89 575 -199 -55 108 -25
1534184404.8804817 643 564 607 688 590 686 -5950 1104 5574 100 125 17 -53 109 -22
1534184404.9553003 643 564 606 688 590 686 -5950 1034 5558 71 -38 -163 -53 108 -23
1534184405.0178254 643 563 607 688 590 687 -5922 1062 5578 163 85 71 -51 108 -23
1534184405.0958922 643 564 606 688 590 687 -5934 1024 5602 138 137 7 -53 107 -22
1534184405.1545231 643 563 606 688 590 687 -5978 1026 5622 88 171 24 -54 110 -22
1534184405.2343872 644 563 606 687 590 687 -5916 1036 5610 113 224 34 -53 107 -25
1534184405.28664 643 564 606 688 590 687 -5952 1022 5604 143 166 3 -52 110 -22
1534184405.3646317 644 564 606 688 590 686 -5926 1060 5618 110 239 45 -52 107 -22
1534184405.436992 643 563 606 688 590 687 -5990 1012 5624 183 101 59 -52 106 -23
1534184405.504589 644 564 606 687 590 687 -5918 1028 5592 125 130 5 -53 107 -24
1534184405.567043 644 563 606 688 590 687 -5916 1042 5622 151 166 70 -51 107 -21
1534184405.6388395 643 564 606 688 590 687 -5940 1016 5590 146 187 29 -51 108 -24
1534184405.701324 643 563 606 688 590 686 -5938 1034 5598 157 241 73 -52 110 -23
1534184405.7638092 643 563 606 687 590 686 -5966 1028 5546 153 232 33 -51 108 -25
1534184405.8419175 644 563 606 688 590 687 -6020 914 5588 -11 407 59 -51 111 -21
1534184405.904403 643 563 606 688 590 687 -5926 1024 5582 158 188 5 -52 108 -22
1534184405.9774039 643 563 606 687 590 686 -5920 966 5568 220 204 42 -52 109 -23
1534184406.0367446 643 563 606 688 590 687 -5998 986 5542 240 173 11 -51 108 -23
1534184406.1118178 644 563 606 687 590 687 -5946 1036 5550 207 222 7 -51 109 -23
1534184406.1697004 643 563 606 687 590 687 -5986 962 5474 249 137 68 -51 109 -24
1534184406.239664 643 563 606 688 590 687 -5950 1002 5548 212 205 26 -53 109 -22
1534184406.3022776 643 563 606 687 590 687 -6006 994 5612 207 136 25 -52 109 -21
1534184406.380256 643 563 606 687 590 686 -5990 936 5542 268 143 44 -49 110 -24
1534184406.4511847 643 563 606 687 590 687 -5948 1026 5566 166 295 -28 -53 110 -23
1534184406.5034704 644 563 606 688 590 687 -5994 970 5576 235 31 96 -53 109 -21
1534184406.5815787 644 563 606 687 590 686 -5988 978 5530 238 122 -13 -50 110 -24
1534184406.643117 643 563 606 687 590 687 -5978 1006 5564 262 7 25 -51 108 -22
1534184406.717639 644 563 606 688 590 687 -5960 1010 5562 265 91 67 -52 108 -24
1534184406.7709079 643 563 606 687 590 686 -6004 976 5516 234 124 -40 -51 109 -23
1534184406.849108 644 564 606 688 590 687 -5940 960 5612 263 132 39 -52 110 -24
1534184406.9116533 643 563 606 688 590 687 -5996 982 5498 257 84 37 -53 108 -23
1534184406.9852672 644 563 606 687 590 686 -5974 1010 5550 281 22 -7 -53 110 -24
1534184407.0512896 644 563 606 688 590 687 -5968 1022 5520 277 59 12 -52 111 -20
1534184407.1205795 643 563 606 688 590 686 -5978 964 5602 204 225 31 -52 109 -25
1534184407.1900353 643 563 606 687 590 686 -5948 962 5628 189 316 43 -52 108 -23
1534184407.252617 643 563 606 688 590 688 -6014 972 5588 211 109 37 -53 107 -23
1534184407.3152182 643 563 606 687 590 687 -5976 962 5522 273 116 37 -52 106 -22
1534184407.3776283 644 563 606 688 590 686 -5962 974 5630 236 193 31 -52 109 -22
1534184407.44007 643 563 606 688 590 686 -5996 986 5574 247 226 -3 -50 110 -22
1534184407.5213578 643 563 606 688 590 686 -6074 1046 5420 289 -675 6 -52 110 -24
1534184407.583587 644 563 606 688 590 687 -5900 1006 5700 -92 -67 50 -50 109 -24
1534184407.654542 644 563 606 687 590 687 -5974 812 5632 39 838 213 -52 109 -22
1534184407.726727 644 563 606 688 590 687 -6116 956 5426 728 -718 272 -50 109 -25
1534184407.7869852 644 563 606 688 590 686 -5940 1122 5412 -253 -860 -121 -52 109 -23
1534184407.8650932 643 564 607 688 591 687 -5826 1114 5678 1509 1225 293 -51 109 -22
1534184407.9410663 644 564 607 688 591 687 -5724 1230 5698 -63 1063 -607 -54 108 -23
1534184408.0044603 644 564 607 689 591 687 -6004 886 5596 743 300 463 -52 107 -22
1534184408.0671446 644 564 607 688 591 688 -6304 1066 5174 920 -382 554 -54 107 -24
1534184408.1392596 644 565 607 688 592 687 -6114 1298 5274 1219 -1090 454 -52 105 -26
1534184408.2220237 644 565 607 688 591 688 -6228 1510 5170 -101 -834 -71 -53 107 -25
1534184408.284511 644 565 607 688 591 688 -6432 1468 4972 238 -27 75 -52 110 -25
1534184408.3472612 644 565 607 688 591 688 -6312 1142 5052 26 -388 -281 -52 107 -25
1534184408.4333599 644 564 607 688 591 688 -6080 1086 5476 1272 1958 121 -52 106 -26
1534184408.5052204 644 564 607 688 591 688 -6016 1390 5646 -659 1168 -198 -52 107 -27
1534184408.5677056 644 564 607 688 590 688 -6512 1068 5020 -894 973 -750 -53 109 -30
1534184408.6391559 643 564 607 688 590 687 -6444 1130 4896 567 95 -533 -53 110 -29
1534184408.7161603 644 564 607 687 590 687 -6532 1194 5122 227 -3500 136 -52 109 -28
1534184408.7856655 644 564 607 687 590 687 -5810 1148 5776 326 -1068 -4 -53 111 -28
1534184408.853402 644 564 607 688 590 687 -6030 1096 5456 -75 326 -102 -53 109 -26
1534184408.9250536 644 564 607 688 590 687 -6022 1108 5552 197 -76 77 -53 110 -25
1534184408.9868472 643 564 607 687 590 686 -5974 1116 5508 -9 101 29 -53 109 -24
1534184409.0492964 643 564 607 688 590 687 -6016 1082 5454 26 263 -30 -53 109 -25
1534184409.1285243 643 564 606 687 590 687 -5972 1108 5514 161 132 46 -52 109 -24
1534184409.1935887 644 564 607 687 590 687 -6000 1086 5468 6 169 5 -51 110 -24
1534184409.2546468 643 563 606 687 590 687 -6020 1104 5498 58 97 35 -52 109 -24
1534184409.3171453 643 564 607 688 590 687 -5994 1076 5508 90 85 -19 -53 109 -23
1534184409.395267 643 563 606 687 590 687 -6034 1026 5438 156 179 -43 -52 108 -24
1534184409.462791 643 564 607 688 590 687 -6022 1030 5492 107 80 42 -52 110 -23
1534184409.5218039 643 564 606 688 590 687 -6034 1016 5476 111 150 18 -52 109 -22
1534184409.5845163 644 564 606 688 590 687 -5994 1038 5554 120 190 14 -52 108 -23
1534184409.6544635 644 563 606 687 590 687 -6024 1026 5544 196 32 14 -52 107 -26
1534184409.7330868 644 563 606 688 590 687 -6002 1014 5540 199 96 11 -52 109 -25
1534184409.801556 644 564 606 688 590 687 -5994 1068 5552 146 199 -3 -54 108 -24
1534184409.8640375 643 564 606 687 590 686 -6038 1014 5498 229 76 45 -53 110 -24
1534184409.9429371 644 564 606 688 590 687 -5986 1022 5542 209 287 18 -53 108 -24
1534184409.9886215 644 564 606 688 590 687 -6016 1000 5422 223 12 69 -52 109 -25
1534184410.0669103 643 563 606 687 590 687 -5994 1030 5550 218 156 -47 -52 110 -25
1534184410.1387322 643 564 606 688 590 687 -6026 1034 5540 209 132 30 -52 109 -22
1534184410.2086678 644 564 606 688 590 687 -6024 1002 5518 204 135 47 -53 110 -23
1534184410.270085 643 564 606 688 590 686 -6014 1024 5492 210 227 33 -53 109 -25
1534184410.3324003 644 564 606 687 590 687 -6052 976 5464 184 -59 22 -51 109 -24
1534184410.3950765 644 564 606 688 590 686 -5972 984 5458 206 23 59 -53 107 -25
1534184410.4780557 644 564 606 688 590 687 -5964 1022 5564 131 338 26 -51 108 -24
1534184410.5372853 644 563 606 688 590 687 -6016 1000 5536 279 -20 29 -52 108 -24
1534184410.622234 643 563 606 688 590 687 -6052 1022 5498 149 268 26 -53 111 -23
1534184410.6701107 643 564 606 688 590 687 -6042 1048 5526 218 186 1 -51 109 -24
1534184410.748995 643 564 606 687 590 687 -6020 1004 5528 196 114 79 -53 110 -25
1534184410.8023314 643 563 606 688 590 686 -6052 986 5424 181 220 1 -52 110 -25
1534184410.880207 644 563 606 687 590 687 -6036 1004 5540 236 174 57 -51 110 -24
1534184410.9513276 643 563 606 688 590 686 -6090 1024 5550 237 209 26 -52 107 -25
1534184411.018852 644 563 606 687 590 686 -6056 1012 5450 221 87 51 -52 109 -25
1534184411.081339 643 563 606 688 590 687 -5992 968 5510 196 302 41 -53 108 -24
1534184411.138737 643 563 606 687 590 686 -6062 970 5460 268 21 52 -51 108 -24
1534184411.2206538 644 563 606 687 590 686 -6030 1008 5502 210 264 -12 -52 110 -22
1534184411.285576 643 563 606 687 590 687 -6052 1004 5530 253 127 -21 -52 107 -24
1534184411.3480606 644 563 606 688 590 687 -6044 956 5438 269 150 -85 -52 108 -24
1534184411.426373 644 564 606 687 590 687 -6024 1010 5476 259 190 23 -51 108 -25
1534184411.488015 644 563 606 688 590 687 -6028 994 5446 310 107 14 -52 110 -22
1534184411.5504954 644 564 606 688 590 687 -6040 980 5414 273 136 -28 -51 110 -22
1534184411.6281633 643 563 606 688 590 687 -6056 970 5472 289 134 -4 -51 108 -24
1534184411.6850967 644 563 606 687 590 687 -6004 956 5526 261 8 25 -50 110 -24
1534184411.7475834 643 563 606 688 590 687 -6044 982 5446 217 273 -44 -51 110 -23
1534184411.8257961 644 564 606 688 590 687 -6000 1008 5496 232 254 49 -51 108 -25
1534184411.8881748 643 563 606 688 590 687 -6066 960 5460 191 331 5 -52 108 -24
1534184411.9632537 644 563 606 687 590 687 -6014 1004 5370 89 410 -57 -51 111 -23
1534184412.0205348 643 563 606 687 590 687 -5804 932 5818 -649 1578 796 -51 111 -24
1534184412.0957172 644 563 606 687 590 687 -6294 920 5142 218 682 158 -52 111 -22
1534184412.1734655 644 563 606 688 590 686 -6114 1238 5320 1281 1758 1357 -51 111 -23
1534184412.2380865 644 564 606 688 591 686 -6008 912 5440 -843 589 -753 -52 110 -25
1534184412.300576 644 564 607 687 591 687 -5894 376 5850 4029 2532 1723 -53 108 -26
1534184412.3786805 644 564 606 688 591 687 -6144 1094 5270 649 2488 522 -52 109 -26
1534184412.4411643 644 564 607 688 591 688 -6310 1272 5088 258 802 130 -52 111 -27
1534184412.5211422 644 565 607 688 591 688 -6388 1184 5180 -778 415 2 -52 110 -29
1534184412.5836325 643 564 607 688 591 688 -6616 1376 4738 1295 -1898 699 -52 110 -29
1534184412.6738837 644 564 607 688 590 688 -6128 1098 5526 1643 -4051 -578 -54 108 -27
1534184412.7385871 643 564 607 688 590 687 -5670 1348 5906 1364 1457 -15 -52 109 -28
1534184412.8010976 643 564 607 687 590 687 -6100 1456 5284 -1624 3754 -495 -53 109 -26
1534184412.8791819 643 563 607 687 590 687 -6368 1006 5022 -215 -2221 64 -51 112 -27
1534184412.952033 644 564 607 688 590 686 -5848 1268 5764 30 -488 55 -54 110 -27
1534184413.0193298 644 564 606 688 590 687 -6102 1124 5306 155 231 79 -51 109 -26
1534184413.0818155 643 564 606 687 590 686 -6068 1164 5418 333 -108 -77 -52 109 -26
1534184413.1531193 644 564 607 687 590 687 -6008 1148 5492 308 115 -130 -54 110 -26
1534184413.2306867 644 564 607 688 590 687 -6030 1124 5416 258 -111 -43 -52 109 -26
1534184413.2858171 643 563 607 688 590 687 -6002 1122 5482 150 152 -23 -52 108 -25
1534184413.3638263 643 563 606 688 590 687 -6044 1126 5482 125 -54 53 -53 109 -23
1534184413.4263098 644 563 606 687 590 686 -6068 1150 5522 295 290 -32 -54 109 -24
1534184413.5034368 643 564 606 687 590 687 -6044 1158 5424 313 -25 3 -52 110 -27
1534184413.5695958 644 563 606 688 590 687 -6042 1134 5468 285 241 -15 -51 112 -25
1534184413.6387665 644 564 606 688 590 687 -6058 1144 5468 150 152 80 -50 108 -26
1534184413.7091548 644 564 606 688 590 687 -6026 1148 5416 104 207 33 -53 111 -25
1534184413.7704203 644 564 606 687 590 686 -6052 1088 5462 182 107 -9 -52 109 -25
1534184413.8329034 644 563 606 687 590 687 -6042 1132 5484 253 195 38 -51 110 -27
1534184413.913144 644 564 606 687 590 687 -6022 1136 5474 139 304 62 -51 111 -26
1534184413.9726543 643 564 606 688 590 687 -6050 1118 5464 98 219 50 -52 111 -26
1534184414.0351443 644 563 606 687 590 687 -6092 1090 5374 177 211 46 -53 111 -26
1534184414.1160734 643 563 606 687 590 686 -6078 1128 5456 212 94 -2 -51 109 -25
1534184414.1711369 643 563 606 687 590 687 -6026 1088 5456 189 270 -46 -53 109 -27
1534184414.2528775 644 564 606 688 590 687 -6024 1114 5478 176 204 30 -53 110 -27
1534184414.3184865 644 564 606 687 590 686 -6094 1046 5418 172 215 20 -49 111 -24
1534184414.3809717 643 563 606 687 590 687 -6062 1124 5478 129 267 16 -51 110 -27
1534184414.455942 644 563 606 687 590 687 -6134 1066 5362 243 86 -3 -51 110 -25
1534184414.5191667 644 563 606 688 590 686 -6044 1090 5484 290 247 -44 -50 111 -27
1534184414.5816863 643 564 606 687 590 687 -6130 1080 5398 260 159 12 -51 111 -25
1534184414.654575 643 564 606 687 590 686 -6062 1062 5438 236 116 26 -53 108 -24
1534184414.733778 643 563 606 688 590 686 -6094 1036 5458 192 137 52 -53 111 -25
1534184414.7875338 643 563 606 688 590 687 -6048 1100 5470 192 290 79 -53 111 -26
1534184414.8654566 643 564 606 688 590 687 -5540 1624 4230 402 -1738 -67 -52 111 -23
1534184414.93814 643 563 606 688 590 687 -6100 1098 5458 651 -23 -62 -52 109 -25
1534184415.0039322 643 563 606 687 590 686 -6150 920 5518 951 604 946 -50 110 -28
1534184415.066422 643 564 606 687 590 687 -6154 1370 5382 1974 1322 1175 -51 110 -28
1534184415.137943 644 564 606 688 591 687 -6044 1536 5038 -1749 211 -1011 -54 107 -25
1534184415.2239943 643 564 606 688 591 687 -5844 1004 5484 1719 -877 -263 -53 109 -30
1534184415.2861824 644 564 607 688 591 687 -5856 740 5666 2994 -467 1002 -52 110 -29
1534184415.3486679 644 565 607 688 591 687 -6052 790 5476 -458 606 95 -52 110 -26
1534184415.4423962 644 565 607 688 591 688 -6124 890 5358 -639 3289 -345 -54 107 -27
1534184415.5051908 644 565 607 688 591 688 -6204 1312 5282 1101 483 176 -54 108 -28
1534184415.5684648 644 565 607 688 591 688 -5914 1578 5756 856 1228 249 -55 110 -31
1534184415.638762 644 565 607 688 591 688 -6184 1582 5358 656 -1304 -342 -53 107 -31
1534184415.718266 644 564 607 688 590 687 -5808 1582 5792 -2179 847 203 -54 108 -29
1534184415.7851439 643 564 607 688 590 687 -6328 1148 5186 -1289 3031 -1062 -54 106 -29
1534184415.8476274 644 564 607 688 590 687 -7118 1424 4622 89 -5119 23 -50 108 -29
1534184415.9341128 644 564 607 688 590 687 -5734 1186 5994 764 -2045 -450 -53 109 -27
1534184416.0041757 644 564 607 687 590 687 -5832 1204 5680 165 526 -280 -52 110 -26
1534184416.0666618 643 564 607 687 590 687 -6212 1126 5262 107 489 63 -53 109 -24
1534184416.1432023 644 564 606 687 590 686 -6000 1252 5552 262 -203 63 -52 109 -24
1534184416.210864 643 563 606 688 590 687 -5992 1204 5522 169 223 -20 -51 108 -25
1534184416.2720516 644 564 606 688 590 687 -6082 1130 5418 200 61 -43 -52 110 -27
1534184416.334535 643 564 606 688 590 687 -5966 1178 5552 147 114 20 -50 109 -25
1534184416.4140604 643 564 606 688 590 686 -6028 1152 5426 178 55 16 -54 108 -26
1534184416.4710133 643 564 606 687 590 686 -6046 1120 5588 200 51 64 -52 110 -26
1534184416.5491233 644 563 606 687 590 687 -6034 1202 5542 175 199 -15 -54 108 -24
1534184416.6178486 644 564 606 688 590 687 -6068 1120 5384 145 83 37 -52 109 -26
1534184416.6852765 644 563 606 687 590 686 -6048 1174 5336 182 148 26 -53 110 -27
1534184416.7541125 644 564 606 688 590 687 -5982 1178 5554 257 163 37 -53 108 -24
1534184416.8165941 644 563 606 687 590 686 -6016 1142 5482 171 22 82 -52 108 -24
1534184416.8791194 644 563 606 688 590 686 -5990 1158 5420 211 148 109 -52 110 -25
1534184416.956032 643 564 606 688 590 687 -6002 1158 5522 236 89 32 -53 109 -26
1534184417.018455 643 563 606 688 590 687 -5976 1144 5480 232 51 59 -51 110 -27
1534184417.0809274 643 563 606 688 590 687 -5956 1182 5556 218 182 29 -51 107 -25
1534184417.1547072 644 564 606 688 590 687 -5988 1188 5524 231 85 114 -53 110 -25
1534184417.2280633 643 563 606 688 590 687 -6028 1128 5454 239 178 48 -53 109 -26
1534184417.2860265 643 563 606 688 590 687 -5946 1140 5554 118 244 144 -51 108 -25
1534184417.364133 643 563 606 688 590 686 -6048 1126 5486 191 74 57 -52 109 -25
1534184417.43272 643 563 606 687 590 687 -6004 1160 5456 164 154 100 -53 108 -23
1534184417.5020072 643 564 606 687 590 687 -6032 1188 5460 231 152 56 -51 109 -27
1534184417.564491 643 563 606 687 590 687 -5990 1194 5524 224 62 58 -54 108 -26
1534184417.6348145 643 563 606 687 590 687 -6026 1146 5524 226 87 37 -52 108 -25
1534184417.70307 643 563 606 688 590 687 -5948 1210 5502 195 107 43 -52 110 -27
1534184417.769888 643 564 606 687 590 686 -6024 1188 5496 253 103 15 -52 109 -26
1534184417.8385413 643 563 606 688 590 687 -5988 1174 5632 151 76 36 -50 109 -25
1534184417.901028 643 563 606 687 590 686 -6008 1186 5484 237 511 -79 -52 110 -25
1534184417.9709866 643 564 606 688 590 687 -5976 1074 5520 199 184 79 -53 108 -25
1534184418.0334828 643 564 606 687 590 687 -5968 1206 5458 167 133 81 -53 111 -25
1534184418.0959568 643 563 606 688 590 686 -6020 1120 5476 235 66 63 -53 109 -24
1534184418.1785624 643 563 606 687 590 687 -5938 1134 5558 263 26 -43 -52 110 -25
1534184418.2397869 643 563 606 687 590 687 -6026 1084 5484 401 -12 -3 -52 108 -26
1534184418.3024619 643 564 606 687 590 687 -5974 1148 5566 262 92 -5 -53 109 -25
1534184418.380584 643 563 606 687 590 686 -5976 1160 5592 237 149 -52 -50 107 -26
1534184418.4428613 644 563 606 687 590 687 -5948 1126 5612 163 152 98 -53 108 -25
1534184418.5203245 643 563 606 687 590 687 -5992 1154 5500 174 128 123 -51 110 -25
1534184418.584404 644 563 606 687 590 687 -5964 1162 5560 201 212 43 -52 108 -24
1534184418.6555653 643 563 606 687 590 687 -6030 1120 5550 214 180 50 -51 110 -26
1534184418.7256784 643 563 606 688 590 687 -6008 1146 5498 207 301 -28 -51 107 -25
1534184418.7856488 643 563 606 688 590 687 -5972 1172 5572 253 105 -22 -54 109 -26
1534184418.8637571 643 563 606 687 590 687 -5944 1140 5550 239 120 17 -52 108 -26
1534184418.927989 643 563 606 687 590 687 -6004 1080 5494 217 200 2 -51 109 -25
1534184418.998076 644 563 606 688 590 687 -5998 1140 5578 216 144 31 -51 108 -25
1534184419.064824 643 563 606 687 590 686 -6044 1112 5458 199 289 78 -52 111 -26
1534184419.1328309 643 563 606 687 590 687 -5994 1144 5466 196 108 96 -52 109 -25
1534184419.2010775 643 563 606 687 590 686 -6024 1118 5428 233 55 69 -51 110 -24
1534184419.269898 643 563 606 687 590 687 -5946 1174 5610 249 97 -34 -52 109 -27
1534184419.3324401 644 563 606 687 590 687 -5990 1188 5520 258 -254 50 -51 110 -25
1534184419.3949149 643 563 606 687 590 687 -6002 1174 5518 225 206 -93 -50 109 -25
1534184419.476231 644 563 606 688 590 687 -5998 1162 5496 235 120 48 -51 107 -25
1534184419.5402992 644 563 606 687 590 687 -6018 1054 5438 237 154 32 -50 109 -27
1534184419.6130872 644 563 606 688 590 686 -5950 1126 5646 135 211 192 -53 109 -26
