1534181378.38391 687 604 647 729 641 725 -7140 4152 1426 -2163 -350 -1966 2 129 -57
1534181378.4542058 688 604 647 729 641 726 -7026 4372 1126 -736 434 -2450 5 132 -57
1534181378.525147 688 604 647 730 641 726 -7474 4258 1496 -944 707 -2285 8 132 -58
1534181378.595778 688 605 647 729 641 726 -7604 3260 1702 -2366 758 -4696 9 133 -56
1534181378.6675096 688 604 647 730 641 726 -7628 2774 1484 -5551 913 -5921 14 132 -58
1534181378.7385328 688 604 647 730 641 727 -7670 1952 1446 -492 689 -1727 18 132 -60
1534181378.811511 688 605 647 730 640 726 -7966 2230 1748 -214 1416 -2086 20 131 -63
1534181378.8831034 688 605 647 730 641 726 -7976 2460 1634 2350 1557 -1796 23 131 -62
1534181378.9550176 689 605 647 730 641 726 -7696 1866 1084 3120 637 -4089 27 131 -63
1534181379.0291505 688 605 647 730 640 726 -8046 1360 1052 -2537 -1132 -3661 33 129 -64
1534181379.3340247 688 605 647 730 641 727 -7664 2582 2084 -2656 -4507 1102 35 130 -64
1534181379.3814812 687 605 647 730 640 726 -8018 888 1552 2169 -591 -1969 34 128 -60
1534181379.4528637 688 605 647 730 641 726 -8446 1462 2154 2309 1427 -968 39 129 -61
1534181379.5204592 688 605 648 730 641 726 -7702 604 1202 -346 -12 261 39 129 -60
1534181379.580656 688 605 647 730 640 726 -8118 1506 1686 1389 -247 87 40 128 -60
1534181379.6445255 688 605 647 730 641 727 -7796 1392 1232 -574 -1863 826 40 129 -60
1534181379.6885889 688 605 648 730 641 726 -7636 1380 1630 841 -4210 1670 40 129 -59
1534181379.735422 688 605 648 730 640 726 -8284 984 2778 -2638 -4188 -906 39 130 -55
1534181379.7716396 688 605 647 729 641 726 -7930 1250 2554 139 776 212 40 131 -51
1534181379.813709 688 604 647 730 641 727 -7756 1358 2202 -223 -276 92 37 131 -49
1534181379.8591647 688 604 647 730 641 726 -8030 1358 2544 375 894 -329 38 130 -51
1534181379.9409263 688 605 647 730 640 726 -7656 1202 2016 481 154 807 38 131 -51
1534181380.024882 688 605 647 730 641 726 -8342 1116 2814 -298 2016 420 38 131 -52
1534181380.0894763 688 605 648 730 641 727 -7734 1300 2012 -262 3018 736 37 129 -54
1534181380.140493 689 605 648 730 640 727 -7686 1600 1626 181 967 588 36 130 -54
1534181380.1761165 688 605 647 730 641 727 -7952 1492 1912 485 -147 -188 35 129 -57
1534181380.2186935 689 605 648 730 641 726 -7824 1314 1796 1011 91 -247 35 130 -58
1534181380.2898567 688 605 647 730 641 727 -7502 1468 1544 659 -2754 -847 37 129 -56
1534181380.3599284 688 605 647 730 641 726 -8356 1286 2814 528 -1331 739 37 131 -57
1534181380.4307013 688 605 647 729 641 726 -7680 1386 1942 626 -430 -460 37 130 -52
1534181380.595356 688 605 647 729 641 726 -7974 1354 2326 686 -1261 -385 35 131 -51
1534181380.678199 688 605 647 730 641 726 -7808 1158 2436 350 -7 -619 39 130 -51
1534181380.7298942 688 605 647 730 641 726 -7836 1118 2352 688 -879 -1381 37 130 -50
1534181380.7641518 687 605 647 730 641 726 -7902 1096 2444 38 -104 -1165 38 129 -49
1534181380.8036458 688 605 647 730 641 726 -7770 858 2410 -339 -134 -224 41 131 -50
1534181380.8486402 688 604 647 729 641 726 -8098 1134 2398 139 39 642 43 131 -47
1534181380.9175837 688 604 647 730 641 726 -7750 1162 2668 -108 592 153 41 131 -49
1534181380.9869654 688 605 647 730 641 726 -7730 838 2386 -313 1227 994 41 130 -48
1534181381.056886 688 605 647 729 641 726 -7876 1310 2180 -597 235 1992 38 128 -49
1534181381.126715 688 605 647 730 640 726 -7926 1648 2338 642 734 1589 38 129 -51
1534181381.1984484 688 605 647 729 641 727 -7638 1364 2252 -144 74 -596 36 130 -52
1534181381.2793653 688 605 647 730 641 726 -7760 1358 2224 300 -525 -20 37 131 -51
1534181381.3338006 688 605 647 729 640 726 -7732 1424 2340 510 -1832 107 38 131 -51
1534181381.4041977 688 604 647 729 641 725 -7926 1294 2714 454 -998 -121 38 131 -51
1534181381.4730446 687 604 647 729 641 726 -7766 1438 2578 401 -395 53 35 131 -48
1534181381.5426826 688 604 647 729 641 726 -7730 1336 2686 -31 -395 -164 36 131 -47
1534181381.6124003 688 604 647 730 641 725 -7860 1558 2630 113 -478 279 38 131 -48
1534181381.6805356 687 604 647 729 641 726 -7728 1210 2782 300 54 -759 36 134 -45
1534181381.7481108 688 605 647 729 641 726 -7722 1224 2716 650 -55 257 38 130 -45
1534181381.8186285 688 605 647 729 641 726 -7578 1132 2728 -296 -82 1967 35 130 -44
1534181381.9013057 687 604 647 729 641 726 -7708 1738 2912 384 -1567 2218 34 133 -44
1534181381.9687612 688 605 647 729 641 726 -7616 1946 2850 1430 386 2733 36 131 -43
1534181382.0303655 688 604 647 730 641 726 -7730 1910 2808 1323 -289 463 31 133 -43
1534181382.0988178 688 604 647 730 641 726 -7542 1782 2916 310 286 -129 30 132 -45
1534181382.1658785 688 604 646 729 641 726 -7494 1794 2926 416 49 -41 30 132 -45
1534181382.233836 688 605 646 729 641 726 -7538 1776 2814 126 -28 195 31 132 -42
1534181382.3028324 688 604 647 729 640 725 -7564 1914 2856 375 109 284 29 133 -43
1534181382.3707411 688 604 647 729 641 725 -7588 1992 2810 840 -21 188 29 131 -45
1534181382.4388547 688 605 647 729 641 726 -7568 1912 2892 333 77 -244 30 134 -43
1534181382.5079374 688 604 647 729 641 726 -7530 1870 2890 166 -18 -177 30 131 -41
1534181382.5758083 687 604 647 729 640 726 -7490 1980 2896 383 221 103 30 134 -42
1534181382.6452785 688 604 646 729 641 726 -7708 1934 2828 329 102 -293 32 132 -42
1534181382.7143803 688 604 647 729 640 725 -7468 1846 2864 444 165 -479 29 133 -41
1534181382.782697 688 605 647 729 641 726 -7552 1554 2898 147 57 -116 30 134 -44
1534181382.8489077 688 604 647 729 641 725 -7586 1926 2838 274 6 240 33 133 -41
1534181382.9155045 688 604 647 729 640 726 -7510 1828 2864 203 107 20 32 133 -42
1534181382.9812582 688 604 647 729 640 726 -7620 1806 2852 212 60 -2 32 133 -40
1534181383.0498128 688 604 647 729 641 726 -7578 1894 2878 261 105 -59 31 131 -40
1534181383.1148784 688 604 647 729 641 726 -7594 1806 2848 250 89 7 31 134 -42
1534181383.182385 688 604 646 729 641 725 -7494 1748 2924 214 96 -120 32 132 -41
1534181383.2880504 688 604 647 729 641 725 -7582 1684 2838 219 68 459 32 132 -43
1534181383.3358202 688 604 647 729 641 726 -7648 2088 2852 372 129 137 31 131 -43
1534181383.3864274 688 604 647 729 641 726 -7530 1756 2864 604 241 -237 32 131 -40
1534181383.4537773 688 605 647 729 640 726 -7558 1866 2888 286 47 182 31 132 -44
1534181383.5216792 688 604 647 729 641 726 -7580 1788 2810 344 187 -31 33 132 -42
1534181383.5902135 688 605 647 729 640 725 -7594 1864 2936 400 120 130 33 131 -44
1534181383.6565375 688 604 647 730 640 726 -7502 2216 2848 601 65 -216 34 131 -41
1534181383.7288272 688 604 647 729 641 725 -7558 1946 2914 701 -37 -561 31 132 -43
1534181383.7977252 687 604 647 729 641 726 -7354 1448 2786 2577 -93 1347 32 132 -42
1534181383.868785 687 604 647 729 640 725 -7414 2092 2918 -972 -853 -258 31 134 -43
1534181383.966617 687 604 647 729 641 725 -6956 896 2396 1908 -1084 1787 32 132 -39
1534181384.0302174 687 604 647 729 641 725 -8332 1302 3518 420 2227 431 30 132 -41
1534181384.081213 687 604 647 729 641 725 -9204 1002 5208 12476 854 10113 34 129 -40
1534181384.1528013 688 604 647 730 641 726 -7504 2774 2718 7405 1929 8018 29 131 -38
1534181384.2265198 688 605 648 730 642 725 -7788 3110 4604 -6798 -8225 6528 24 131 -38
1534181384.2986634 688 605 648 730 642 726 -7364 3562 3010 3802 3334 -3664 18 133 -35
1534181384.367616 687 604 647 730 642 725 -6194 918 2198 4679 7397 645 21 129 -31
1534181384.440881 688 604 647 729 641 726 -6910 2750 1746 -4769 2094 -4677 20 131 -41
1534181384.513498 688 604 647 730 641 726 -7144 1896 2596 -3834 -469 4066 23 132 -44
1534181384.5835433 688 604 647 730 641 725 -7268 3614 2476 1017 317 778 22 133 -44
1534181384.6894093 688 604 647 729 641 725 -7024 3422 2694 -323 -919 1925 17 131 -43
1534181384.765156 688 604 647 730 641 725 -7532 3244 3060 1156 -78 25 16 132 -42
1534181384.8291755 688 604 647 730 641 725 -7262 3194 2716 799 1420 -478 15 132 -41
1534181384.8712678 688 604 648 730 641 726 -7186 3072 2488 303 216 -1005 18 132 -42
1534181384.9341853 688 605 647 730 641 726 -7196 3278 2658 1077 -436 -1036 17 134 -42
1534181385.0057852 688 605 647 730 641 725 -7400 2930 2708 1020 -231 -1549 17 133 -41
1534181385.076209 688 605 647 730 641 726 -7392 2768 2612 741 -71 -691 18 135 -41
1534181385.140348 688 604 647 729 641 726 -7316 2980 2686 822 12 -5 20 133 -43
1534181385.2112985 688 604 647 730 641 726 -7418 2866 2586 285 -66 -437 19 133 -42
1534181385.2776332 687 605 647 729 641 726 -7296 2872 2684 249 64 -51 20 133 -42
1534181385.4133978 688 604 647 730 641 725 -7356 2868 2648 10 19 19 20 132 -40
1534181385.5411077 687 604 647 730 641 726 -7404 2896 2642 120 -5 -33 20 132 -40
1534181385.5991118 687 604 647 730 640 726 -7312 2984 2688 -81 68 -287 20 134 -41
1534181385.6391315 687 604 647 729 641 726 -7376 2824 2622 546 55 -24 21 131 -41
1534181385.6761377 687 605 647 729 641 725 -7350 2924 2682 332 213 92 21 133 -44
1534181385.7150843 687 604 647 729 641 726 -7386 2834 2682 183 67 -78 20 132 -41
1534181385.7532525 687 604 647 729 641 726 -7386 2856 2612 300 94 86 22 133 -41
1534181385.810444 687 604 647 729 641 726 -7330 3048 2514 354 7 -43 22 132 -42
1534181385.8793132 688 604 647 729 641 726 -7382 2668 2782 199 129 -270 21 133 -39
1534181385.9457257 687 604 647 730 640 726 -7354 2804 2614 94 93 201 23 133 -41
1534181386.1348057 688 604 647 729 641 726 -7426 2894 2730 370 66 -18 24 133 -40
1534181386.208807 688 604 647 729 641 725 -7308 2782 2660 176 164 39 20 132 -41
1534181386.2771218 688 604 647 729 641 725 -7380 2870 2722 183 139 150 21 132 -41
1534181386.314058 687 604 647 729 641 725 -7374 2840 2690 160 114 -38 22 133 -41
1534181386.3489792 688 604 647 729 640 726 -7274 2790 2652 264 97 124 21 132 -40
1534181386.3901546 687 604 647 729 640 725 -7324 3300 2468 400 -207 40 22 132 -41
1534181386.439241 687 604 647 730 641 726 -7394 2468 2694 507 346 -662 20 132 -41
1534181386.4912503 687 604 647 729 640 726 -7274 2680 2828 308 107 277 21 134 -41
1534181386.5550988 688 604 647 729 640 726 -7486 2866 2738 237 37 223 21 131 -40
1534181386.6241932 687 604 647 729 641 726 -7314 2734 2672 140 187 -154 22 135 -42
1534181386.7710962 687 604 647 729 640 726 -7384 2816 2750 81 104 114 25 134 -40
1534181386.9240162 687 604 647 729 641 726 -7332 2742 2650 93 62 136 24 132 -42
1534181386.9973295 687 604 647 729 641 726 -7420 2854 2708 211 141 -58 24 133 -39
1534181387.0343652 687 604 647 729 641 726 -7310 2776 2694 286 131 89 24 134 -39
1534181387.0730488 687 604 647 730 641 726 -7404 2718 2634 144 143 17 22 134 -42
1534181387.1080647 688 604 647 729 641 725 -7376 2848 2746 228 120 1 24 133 -38
1534181387.1450138 687 604 647 729 641 726 -7360 2808 2630 341 163 -9 23 130 -40
1534181387.1840997 687 604 647 729 640 725 -7416 2776 2764 316 157 -64 23 131 -39
1534181387.2321615 687 604 647 729 640 725 -7364 2766 2726 181 144 -188 21 133 -40
1534181387.3020325 687 604 647 729 640 726 -7352 2716 2702 -200 -127 -265 23 132 -41
1534181387.4464483 688 604 647 730 641 725 -7364 3052 2730 653 -91 -197 24 134 -39
1534181387.5540323 687 604 647 729 640 726 -7346 2746 2580 -60 -688 -569 23 131 -39
1534181387.6220045 688 604 647 729 641 725 -7644 2266 3070 639 -153 -863 24 133 -39
1534181387.6659427 687 604 647 729 641 725 -7318 2590 2658 -114 -21 342 24 131 -40
1534181387.7056816 687 604 647 730 640 725 -7474 2782 2828 273 345 -380 24 132 -40
1534181387.7460253 688 604 647 729 640 726 -7352 2584 2860 293 -53 165 24 133 -39
1534181387.792342 687 604 647 729 641 726 -7424 2676 2800 440 213 -243 26 134 -40
1534181387.8563092 687 604 647 729 641 725 -7232 2524 2978 971 -2636 1032 25 133 -41
1534181387.9295998 687 604 647 729 640 725 -7568 2826 3404 1836 -1208 3086 25 132 -37
1534181388.003255 688 604 647 729 641 726 -7822 2968 3192 1403 -1908 1342 22 133 -35
1534181388.1139727 687 604 647 729 641 726 -5672 1152 1866 -6407 -6014 8382 23 132 -36
1534181388.2030723 688 605 648 730 641 725 -6528 2574 2686 5122 1154 4698 23 130 -31
1534181388.264059 688 605 648 731 642 726 -6214 610 1432 6216 324 4644 21 129 -29
1534181388.3018746 688 605 649 731 642 726 -6162 1228 1930 2338 1825 -2868 22 130 -34
1534181388.3685987 688 605 649 731 643 726 -7464 1906 2852 5326 2403 -908 24 132 -31
1534181388.4312024 688 605 648 730 642 726 -8620 3500 3810 3322 2114 4713 24 129 -32
1534181388.5019891 687 605 648 730 641 726 -7200 3602 2144 -6398 17 -5671 21 131 -35
1534181388.5729356 687 605 647 730 641 726 -5820 -306 1754 -1716 -411 869 24 131 -35
1534181388.6470666 688 604 647 730 641 726 -7968 4146 4226 -2566 -1685 4784 28 130 -39
1534181388.716045 688 605 648 730 641 726 -7146 3264 2474 44 -837 -627 22 132 -36
1534181388.8708165 689 605 648 730 641 726 -7478 3094 3372 1349 -620 -2882 24 132 -36
1534181389.0058672 688 605 648 730 640 725 -7060 1802 2998 551 -120 -1721 23 133 -36
1534181389.0658724 688 605 648 729 641 726 -7326 2460 3386 636 30 1167 26 132 -35
1534181389.1063597 687 604 647 730 640 725 -7222 2764 3084 -97 -207 121 27 132 -32
1534181389.1439233 688 604 647 730 640 726 -7374 2250 3184 407 73 -168 27 133 -35
1534181389.1798923 687 604 647 730 641 725 -7242 2444 3244 594 235 422 28 130 -33
1534181389.2188332 688 604 647 730 640 725 -7208 2634 3198 468 206 79 26 134 -34
1534181389.2669654 687 605 647 730 641 725 -7308 2380 3230 436 87 -74 27 132 -35
1534181389.334201 687 605 647 730 641 726 -7230 2560 3198 192 325 76 26 131 -31
1534181389.403188 687 605 648 729 641 726 -7208 2446 3066 372 -137 -25 27 132 -35
1534181389.555826 688 604 647 730 640 726 -7360 2554 3202 483 289 6 29 132 -35
1534181389.6209269 688 604 647 730 640 725 -7264 2498 3114 241 48 -163 25 130 -34
1534181389.6787715 688 605 647 729 641 726 -7174 2484 3134 137 317 -1 27 132 -33
1534181389.719912 688 605 647 730 641 726 -7446 2768 3254 821 612 -864 25 134 -34
1534181389.7605836 688 604 647 730 640 726 -7250 2324 2948 678 147 -1797 25 131 -34
1534181389.811568 688 605 648 730 641 726 -7454 2172 3186 490 865 -785 27 130 -35
1534181389.882533 688 604 647 729 640 726 -7514 2574 3298 -623 603 663 30 131 -33
1534181389.9500928 688 604 647 730 641 726 -7054 2182 2516 -1639 11 -925 29 131 -36
1534181390.022136 689 605 648 730 640 727 -7522 2286 3278 -29 1097 -387 29 133 -36
1534181390.0909045 688 605 648 730 641 727 -7362 2330 3082 -412 83 -191 29 131 -35
1534181390.2367797 688 605 648 730 640 727 -7464 1756 3066 -582 -72 -347 29 131 -38
1534181390.3077862 688 605 648 730 640 727 -7500 2426 3292 -71 766 1201 30 133 -37
1534181390.3747776 688 605 648 730 640 727 -7178 1494 2934 -1741 330 -797 33 132 -35
1534181390.4108407 688 605 648 730 640 727 -7348 2476 3290 367 849 288 31 129 -35
1534181390.458184 688 605 648 730 640 726 -7568 1998 3284 -269 -210 -442 29 133 -36
1534181390.5148606 688 605 648 730 641 727 -7356 1978 3020 -464 7 -188 31 131 -37
1534181390.57904 688 605 648 730 640 726 -7498 1888 3314 401 -692 -576 30 131 -38
1534181390.649072 688 605 648 730 641 726 -7322 1968 3144 154 -65 -710 32 132 -37
1534181390.7200391 688 605 648 730 640 727 -7378 1778 3216 442 -292 -976 33 130 -35
1534181390.7889085 689 605 648 730 640 726 -7246 1600 3094 -211 -1715 405 34 131 -37
1534181390.8638594 688 605 648 730 640 727 -7522 2032 3480 -550 454 287 33 132 -35
1534181390.9367208 689 605 647 730 640 727 -7818 1098 3446 -4197 -4252 3589 33 129 -33
1534181391.0048046 687 605 647 729 640 725 -6978 3532 3302 7961 10195 -11207 32 130 -35
1534181391.0788262 687 605 647 729 640 727 -7550 -232 1364 6033 4433 -9760 35 131 -32
1534181391.150995 688 605 647 730 640 726 -7478 1032 2774 -3277 941 -4343 47 127 -41
1534181391.2239478 688 605 648 729 640 727 -7846 470 3228 -123 -3925 4280 52 126 -41
1534181391.2933874 688 605 647 730 640 727 -8692 940 2582 -9689 447 -5034 52 126 -39
1534181391.3652794 688 604 647 730 640 726 -7944 -786 2960 -342 1160 1336 56 125 -41
1534181391.4359448 688 605 647 730 641 727 -7002 -100 2180 2584 1371 3912 56 124 -41
1534181391.506801 688 605 648 730 640 727 -7752 834 3202 -3056 159 4705 54 125 -44
1534181391.658768 688 605 648 730 640 727 -9334 408 4068 -2171 175 3129 49 128 -44
1534181391.7477975 687 604 647 729 640 726 -7716 1046 3850 -6143 3183 1503 44 128 -43
1534181391.8067207 687 604 647 729 640 725 -8136 696 2914 -1262 2262 -524 43 126 -46
1534181391.8439252 687 604 647 730 640 725 -8062 778 2550 10 1515 754 45 128 -50
1534181391.8826807 687 604 647 730 640 726 -7858 996 2320 2844 4406 1968 43 129 -50
1534181391.927674 687 604 647 730 640 725 -8242 590 2024 1783 2580 -530 43 127 -55
1534181391.995948 687 604 647 729 640 726 -7528 728 1412 -466 -595 433 43 128 -57
1534181392.0667846 687 604 647 730 640 726 -7930 1218 2096 1860 -646 3601 44 128 -56
1534181392.1358912 688 604 647 730 640 726 -8090 1056 2132 931 140 870 42 128 -56
1534181392.2114458 688 604 648 730 640 727 -7934 738 1900 -501 -1714 -75 39 128 -55
1534181392.3187203 688 605 648 730 640 727 -8034 1624 2210 55 -392 216 42 128 -53
1534181392.4146786 688 605 648 730 640 727 -7772 1204 2166 2026 121 854 39 131 -52
1534181392.4916852 688 604 648 730 640 726 -8114 1228 2418 551 81 544 38 128 -50
1534181392.5287843 688 605 648 730 640 726 -7732 1224 2080 -1 -1009 1483 39 130 -52
1534181392.5687277 688 605 648 729 640 727 -7888 1640 1640 1749 1897 2422 38 129 -52
1534181392.6248736 688 604 648 730 640 726 -7510 1860 1866 470 -2755 3226 36 130 -54
1534181392.6950793 688 605 648 730 640 727 -7550 2612 2346 -272 -887 262 35 132 -50
1534181392.7659607 688 604 648 730 640 726 -7530 1820 2828 -682 -5158 3114 31 133 -46
1534181392.8377469 688 605 648 730 641 726 -7144 2740 3414 1463 1213 -1494 29 130 -45
1534181392.909085 688 605 648 730 642 726 -7512 3510 3534 391 -1384 851 27 133 -39
1534181393.0769863 688 605 649 731 642 726 -7128 4196 2850 526 1056 -2055 26 131 -41
1534181393.1470742 688 605 649 731 643 726 -7976 2530 3476 754 1354 -803 23 130 -38
1534181393.206596 688 605 649 731 643 726 -7138 2814 3484 -1982 -400 -272 26 130 -37
1534181393.2395325 688 605 650 731 643 726 -8518 382 3624 2442 3113 -427 22 128 -35
1534181393.2818086 688 605 649 730 642 726 -7762 2330 3144 -5810 6757 -524 28 130 -40
1534181393.3337858 687 605 648 730 641 725 -7400 440 1696 -1250 4970 1779 26 131 -44
1534181393.407748 687 605 648 730 641 725 -6656 1864 1860 -2195 -616 5251 29 131 -51
1534181393.477116 688 605 648 730 641 725 -8086 2620 2526 157 -650 954 24 131 -54
1534181393.5449772 688 605 648 730 640 726 -7498 2574 2366 242 11 1834 22 132 -52
1534181393.6153657 687 605 647 730 640 726 -7646 2906 2390 520 663 -1219 20 130 -52
1534181393.756072 687 604 648 730 640 725 -7628 2056 2330 590 95 -497 22 131 -51
1534181393.8375766 687 605 648 730 640 726 -7544 2436 2360 851 -875 -807 22 132 -52
1534181393.9181259 687 605 648 730 640 725 -7906 2248 2628 698 1292 -545 22 132 -52
1534181393.9645858 687 605 648 730 640 726 -7488 2120 1996 184 663 -1845 24 130 -51
1534181394.0005646 688 605 648 730 640 725 -7774 1968 2374 1305 -62 -9 24 127 -51
1534181394.0447366 688 604 648 730 640 725 -7686 2142 2204 364 252 -341 27 133 -52
1534181394.1017315 688 605 648 730 640 725 -7696 2058 2336 406 -445 -98 25 132 -52
1534181394.1675935 688 604 648 730 640 726 -7806 2134 2384 435 323 -87 26 132 -52
1534181394.2365797 688 604 648 730 640 725 -7638 2106 2266 112 -74 -532 24 132 -51
1534181394.3036642 688 604 647 729 640 726 -7796 1962 2368 528 399 243 26 130 -52
1534181394.4424756 688 604 648 729 640 726 -7796 2024 2326 449 868 509 26 132 -51
1534181394.536562 687 605 648 729 640 726 -7566 2108 2088 -41 69 -475 27 132 -53
1534181394.5915875 687 605 647 729 640 726 -7806 2078 2340 633 -62 277 25 132 -52
1534181394.6286426 688 604 647 729 640 726 -7760 2038 2302 -10 222 27 27 132 -52
1534181394.6675608 688 605 648 730 641 726 -7672 2146 2182 179 74 -62 26 130 -53
1534181394.7179618 688 605 648 730 641 725 -7748 2064 2304 6 -42 -84 28 130 -52
1534181394.7767513 687 605 647 730 640 725 -7742 2018 2290 235 286 10 24 134 -51
1534181394.8427649 687 604 647 729 640 726 -7692 2158 2240 208 0 137 26 131 -53
1534181394.9097462 687 605 648 729 640 726 -7728 2092 2310 283 18 -69 25 131 -51
1534181394.979982 687 604 648 729 640 726 -7684 2130 2182 252 -150 -166 26 129 -54
1534181395.1646876 688 605 648 730 640 725 -7836 2048 2494 272 173 436 27 129 -54
1534181395.23441 688 605 648 730 640 726 -7600 2050 2208 338 114 82 26 133 -54
1534181395.28446 688 604 648 730 640 726 -7738 2156 2280 -5 104 -161 23 131 -52
1534181395.3195438 688 605 648 729 640 726 -7650 2052 2252 386 -30 233 26 132 -52
1534181395.3564441 688 605 648 730 640 725 -7726 2130 2316 117 141 44 26 133 -52
1534181395.3948083 688 605 648 730 640 726 -7626 2134 2234 61 165 -57 26 132 -49
1534181395.4525 688 605 648 730 640 726 -7774 2066 2332 266 -56 17 27 132 -52
1534181395.521387 688 605 648 730 640 725 -7754 2080 2298 -22 175 -149 28 132 -51
1534181395.5877664 688 604 648 729 640 726 -7702 2140 2304 228 18 34 25 132 -53
1534181395.65477 688 605 648 730 640 726 -7708 2066 2334 321 270 51 28 130 -52
1534181395.8174436 688 604 648 729 640 726 -7728 2046 2332 113 32 97 25 133 -52
1534181395.9185555 688 605 648 730 640 726 -7752 2114 2312 183 123 -4 28 130 -51
1534181396.0084362 688 605 648 730 640 726 -7674 2132 2344 341 39 125 25 131 -52
1534181396.0489445 688 605 648 730 640 725 -7698 2080 2292 53 45 -210 27 131 -52
1534181396.0876458 688 605 648 729 640 726 -7724 2046 2364 187 97 29 27 131 -51
1534181396.13663 688 605 648 729 640 726 -7724 2072 2362 242 187 103 26 133 -52
1534181396.1826477 688 605 648 729 640 726 -7698 2154 2306 307 94 -154 27 132 -53
1534181396.233495 688 605 648 730 640 726 -7668 2012 2390 332 210 -176 26 132 -52
1534181396.268111 688 604 648 730 640 726 -7758 2068 2358 192 -62 14 27 131 -52
1534181396.3286743 688 604 648 729 640 726 -7654 2072 2332 300 381 -427 27 132 -52
1534181396.504561 688 605 648 730 640 726 -7642 1894 2336 392 -107 -248 27 133 -51
1534181396.5873919 687 605 648 730 640 726 -7750 1948 2356 323 141 54 28 132 -52
1534181396.6583965 687 604 648 729 640 726 -7718 2060 2372 322 63 143 28 131 -50
1534181396.7025073 687 605 648 729 640 726 -7786 2002 2302 143 178 25 27 130 -51
1534181396.746741 688 605 648 729 640 726 -7666 2046 2360 43 -1 -583 26 132 -50
1534181396.7833645 687 605 648 729 640 726 -7764 1958 2348 322 27 -310 28 132 -51
1534181396.8266962 687 604 648 729 640 726 -7650 1830 2340 237 28 73 28 131 -50
1534181396.8826795 688 605 648 730 640 726 -7808 1924 2404 56 -8 137 29 131 -52
1534181396.935054 687 605 648 729 640 725 -7684 2006 2368 402 156 -9 29 133 -51
1534181397.0013351 687 605 648 730 640 726 -7756 1848 2398 72 175 142 29 131 -51
1534181397.1404543 687 605 648 730 640 726 -7702 2028 2360 196 131 -324 31 130 -52
1534181397.2242963 687 605 648 730 640 726 -7706 1780 2354 87 164 -54 31 130 -51
1534181397.2813983 688 605 648 729 640 726 -7754 1972 2494 429 109 33 29 130 -52
1534181397.318359 688 605 648 729 640 726 -7682 1794 2332 238 191 30 29 131 -50
1534181397.35595 687 604 647 729 640 726 -7768 1984 2402 372 229 -81 29 131 -52
1534181397.4130049 688 605 648 729 640 726 -7624 1912 2208 355 296 -409 28 133 -51
1534181397.47829 687 605 647 729 640 726 -7638 1762 2376 823 -922 203 29 132 -53
1534181397.5487027 687 604 647 729 640 726 -8012 1708 2600 852 -738 1362 30 131 -49
1534181397.6176944 687 604 648 729 640 725 -7984 2248 2486 2268 613 -189 31 133 -48
1534181397.6925905 687 605 648 729 640 726 -7226 1948 2504 -1706 -3246 -1315 28 130 -51
1534181397.7833679 687 605 648 729 640 726 -8460 2158 3994 -4323 -3785 1588 31 131 -51
1534181397.8473332 688 605 649 730 641 727 -8376 2958 3544 4840 586 3566 27 130 -43
1534181397.909398 688 605 649 730 641 727 -7526 2398 2640 5305 2148 1759 28 130 -41
1534181397.9802516 688 605 649 731 641 727 -7326 2316 3814 -2575 -1064 1691 25 131 -44
1534181398.0496075 688 606 649 731 642 727 -7494 578 3292 4446 1757 2791 25 129 -38
1534181398.1232748 689 606 650 731 642 727 -7712 1008 3656 2799 -173 4049 26 130 -37
1534181398.1966674 689 605 650 731 642 727 -7906 1912 2994 1824 2007 -2963 26 131 -41
1534181398.2642767 688 605 649 730 641 727 -8814 2138 3240 5627 7094 980 28 130 -39
1534181398.3383503 688 605 648 730 640 727 -5696 1562 784 -10296 5028 -8098 26 129 -45
1534181398.4086814 688 605 648 730 640 726 -7866 340 2110 2700 -3637 4559 33 128 -54
1534181398.5647726 688 605 649 730 641 727 -8168 2108 2366 1176 4160 -1625 34 129 -53
1534181398.6874015 688 605 648 730 641 727 -7186 1572 1356 362 -1278 2127 33 132 -56
1534181398.7652378 687 605 649 730 640 727 -8320 1898 2682 -1339 -815 -32 34 129 -56
1534181398.8083754 688 605 648 730 640 726 -7700 1732 1930 470 1025 -967 34 131 -54
1534181398.845277 688 605 649 730 641 726 -7886 1652 2126 -41 -489 -144 30 129 -55
1534181398.8995843 687 605 649 730 640 726 -7808 1592 2210 -188 -128 -67 32 129 -52
1534181398.9484115 687 605 648 730 640 726 -7882 1586 2280 466 446 -41 33 129 -53
1534181399.0005941 687 605 648 730 640 726 -7784 1704 2020 376 -327 -290 32 131 -52
1534181399.0457706 688 605 648 730 640 725 -7968 1590 2308 254 274 98 33 129 -52
1534181399.1095157 688 605 648 729 640 725 -7702 1604 2032 158 -205 226 34 132 -54
1534181399.2663882 687 605 648 730 640 726 -7910 1708 2318 134 186 122 32 131 -54
1534181399.3402224 687 605 648 729 640 725 -7726 1564 2170 286 56 265 33 130 -53
1534181399.4052033 687 605 648 730 640 726 -7932 1660 2228 62 -108 -5 33 130 -53
1534181399.4492087 687 605 648 730 640 726 -7778 1678 2214 202 147 -38 32 132 -53
1534181399.4883878 687 605 648 729 640 726 -7806 1620 2192 310 35 86 33 132 -54
1534181399.5324223 687 605 648 729 640 726 -7882 1678 2274 215 266 117 31 130 -52
1534181399.5803182 687 605 648 729 640 725 -7846 1628 2138 178 49 -99 33 131 -54
1534181399.6474657 687 605 648 729 640 725 -7854 1576 2192 49 1010 408 33 130 -53
1534181399.7169313 687 605 648 729 640 726 -7740 1678 2040 224 -45 361 34 130 -53
1534181399.7856731 687 604 648 729 640 726 -7890 1626 2150 135 169 -179 31 129 -55
1534181399.8959122 687 605 648 730 640 726 -7842 1652 2236 232 100 169 33 131 -55
1534181399.9656312 687 604 648 729 640 726 -7736 1626 2218 84 31 27 31 130 -53
1534181400.035176 687 604 648 729 640 726 -7962 1738 2084 310 -52 133 33 130 -52
1534181400.0762877 687 605 648 729 640 726 -7828 1610 2270 285 218 -359 32 131 -54
1534181400.1221197 687 605 648 729 640 726 -7778 1554 2218 220 73 -41 32 130 -54
1534181400.1891346 687 605 648 729 640 726 -7776 1700 2086 185 98 226 35 131 -53
1534181400.2571623 687 605 648 729 640 727 -7954 1590 2260 258 107 69 33 131 -55
1534181400.3231034 687 605 648 729 640 725 -7810 1664 2106 166 55 83 32 130 -55
1534181400.389104 687 605 648 729 640 726 -7894 1668 2284 370 188 14 30 131 -53
1534181400.4571648 687 605 648 729 640 725 -7802 1576 2276 202 191 26 32 130 -54
1534181400.5671344 687 605 648 729 640 726 -7916 1648 2184 123 48 111 30 131 -55
1534181400.6542475 687 605 648 730 640 726 -7808 1566 2120 139 160 -18 34 130 -54
1534181400.7029283 687 605 648 729 640 726 -7842 1700 2208 270 144 -30 33 132 -56
1534181400.7401738 688 605 648 729 640 726 -7774 1604 2146 54 135 44 31 130 -55
1534181400.792095 687 605 648 730 640 725 -7928 1670 2288 245 52 -2 33 132 -54
1534181400.8614852 687 605 648 730 640 726 -7808 1600 2226 191 163 188 32 132 -54
1534181400.9293911 687 605 648 729 640 726 -7864 1714 2246 141 181 -149 32 130 -54
1534181400.9983575 687 605 648 729 640 726 -7818 1640 2182 296 216 313 33 130 -55
1534181401.0624812 687 605 648 729 640 725 -7836 1692 2100 147 71 -5 31 130 -56
1534181401.1324265 687 605 648 729 640 726 -7822 1660 2212 208 186 -167 33 131 -52
1534181401.296141 688 605 648 729 640 726 -7784 1628 2202 224 6 -129 31 131 -55
1534181401.374097 688 605 648 729 640 726 -7848 1512 2270 72 -23 14 33 130 -54
1534181401.43508 688 605 648 729 640 725 -7834 1764 2168 -1 94 146 32 132 -52
1534181401.4784677 687 605 648 729 640 726 -7748 1644 2176 255 93 -38 33 132 -53
1534181401.5160308 687 605 648 729 640 725 -7948 1714 2308 108 118 -349 32 131 -54
1534181401.5594242 687 605 648 729 640 726 -7778 1460 2150 90 102 -432 33 132 -53
1534181401.6165416 688 605 648 729 640 726 -7874 1636 2308 263 169 75 33 130 -52
1534181401.67354 688 605 648 729 640 725 -7800 1542 2214 -131 -3 -223 33 129 -54
1534181401.7406456 688 605 648 729 640 726 -7916 1488 2174 18 105 -297 31 129 -53
1534181401.8102658 688 605 648 729 640 726 -7894 1526 2310 319 183 -224 35 129 -55
1534181401.9620998 688 605 648 729 640 726 -7888 1374 2204 106 93 -322 32 130 -53
1534181402.060051 688 605 648 729 640 725 -7818 1460 2204 280 168 29 36 132 -54
1534181402.1396406 687 605 648 729 640 726 -7918 1536 2316 533 69 107 35 130 -55
1534181402.2003384 687 605 648 729 640 726 -7878 1384 2236 576 207 -128 33 131 -55
1534181402.2349632 688 605 648 729 640 726 -7842 1446 2320 268 101 -27 34 130 -54
1534181402.273024 688 605 648 729 640 726 -7846 1488 2208 193 117 -97 36 130 -55
1534181402.3110368 687 605 648 730 640 726 -7880 1452 2310 65 188 -149 35 132 -52
1534181402.3540711 687 605 648 729 640 726 -7890 1482 2194 329 214 -223 34 130 -53
1534181402.4221416 688 605 648 729 640 726 -7774 1450 2238 86 353 -745 35 130 -53
1534181402.4921296 688 605 648 729 640 726 -8088 1428 2316 258 243 -597 35 129 -53
1534181402.6162436 688 605 648 729 640 726 -7810 2044 2878 596 1178 137 36 129 -52
1534181402.7520049 688 605 647 729 640 726 -7340 1126 940 2330 1980 755 34 131 -54
1534181402.8199518 687 605 648 729 640 726 -8280 510 2022 2307 2161 -445 35 129 -55
1534181402.8586733 687 605 648 729 640 726 -8972 762 2618 1056 3209 1713 36 128 -54
1534181402.8979883 687 605 649 730 641 726 -8260 1306 1888 8129 3326 4352 37 130 -56
1534181402.943185 688 605 649 730 642 726 -7624 -2554 2486 723 -6061 3583 37 130 -56
1534181402.9960582 687 605 649 731 642 725 -8154 2684 1912 -1594 -1838 -2335 35 129 -57
1534181403.060639 688 605 649 730 642 726 -8836 2428 3324 2114 1437 -1615 36 127 -53
1534181403.1304777 688 605 648 730 642 725 -7844 486 1808 2806 6008 -493 35 128 -50
1534181403.2040603 688 605 649 730 641 725 -7808 2138 1410 -1259 2592 -3371 37 129 -55
1534181403.3369422 687 605 648 730 640 725 -7654 1164 1226 -5680 3388 -5057 37 129 -59
1534181403.4179788 687 605 648 730 641 726 -7338 -80 1396 -1656 -3608 899 43 126 -64
1534181403.4900289 688 605 648 729 640 726 -8410 996 2184 823 -449 2586 42 125 -63
1534181403.5280159 688 605 648 729 640 725 -7624 2052 1164 -223 -900 2380 39 128 -60
1534181403.5670638 688 605 648 729 640 725 -8548 1716 1996 -199 -1161 -475 39 129 -61
1534181403.6292746 688 605 648 730 640 726 -7910 786 1810 997 914 -1138 35 127 -59
1534181403.6995776 688 605 648 729 640 726 -7844 1256 1770 278 -316 619 37 128 -60
1534181403.7700105 688 605 648 729 640 726 -8038 1334 1768 121 -106 -363 37 127 -59
1534181403.8381023 687 605 648 730 640 726 -8060 1214 1942 1008 163 325 36 128 -60
1534181403.9070234 687 605 648 730 640 726 -8022 1090 1838 -137 6 -956 37 130 -61
1534181404.0611074 687 605 648 729 641 726 -7968 1144 1872 501 -43 83 38 128 -60
1534181404.21889 687 605 648 730 640 726 -8012 1118 1830 236 46 157 36 128 -60
1534181404.2839272 687 604 648 729 640 726 -7984 1272 1848 331 166 143 39 128 -59
1534181404.3289044 687 605 648 729 640 726 -7994 1134 1900 260 104 -129 38 129 -57
1534181404.3639863 687 605 648 729 640 726 -8030 1170 1850 230 -58 5 40 130 -59
1534181404.4049747 687 605 648 729 640 726 -8006 1144 2010 315 214 36 39 129 -59
1534181404.4435635 687 604 648 729 640 726 -7954 1124 1812 142 24 2 37 126 -58
1534181404.4895122 687 605 648 730 640 725 -8000 1160 1860 181 165 217 37 129 -58
1534181404.5299442 687 605 648 729 640 726 -8050 1180 1886 204 -142 208 38 128 -58
1534181404.5805266 687 605 648 729 640 726 -7922 1248 1862 230 187 -89 39 128 -57
1534181404.6639426 688 605 648 729 640 726 -8022 1140 1900 434 83 205 39 128 -56
1534181404.746889 688 605 648 729 640 726 -8020 1166 1852 282 182 21 39 128 -57
1534181404.8089333 688 605 648 729 640 726 -7918 1200 1890 155 1 50 37 129 -58
1534181404.8509974 687 605 648 729 640 726 -8076 1262 1882 431 196 153 37 130 -57
1534181404.9158447 687 605 648 730 640 726 -7918 1156 1834 291 114 247 38 129 -56
1534181404.9841566 687 605 648 729 640 726 -8030 1226 1898 168 98 13 37 129 -59
1534181405.0500972 688 605 648 729 640 726 -7916 1278 1892 224 -2 -69 39 129 -59
1534181405.117019 687 605 648 729 640 726 -8044 1178 1844 238 141 81 37 129 -58
1534181405.183034 687 605 648 729 640 726 -8006 1178 1938 295 23 76 36 126 -59
1534181405.2494702 687 605 648 730 640 726 -7930 1304 1768 169 152 86 38 130 -59
1534181405.3759432 688 605 648 730 640 725 -8076 1196 1960 250 217 -159 37 129 -60
1534181405.4599967 688 605 648 730 640 726 -7922 1200 1838 393 75 -39 38 129 -58
1534181405.5057735 687 605 648 729 640 726 -7962 1204 1932 321 155 103 39 128 -57
1534181405.5417738 687 605 648 729 640 726 -7954 1188 1936 -6 77 -47 39 129 -58
1534181405.5859206 688 605 648 730 640 726 -8014 1244 1848 271 57 26 37 127 -58
1534181405.6538703 687 605 648 730 640 726 -7936 1194 1936 261 108 -16 38 127 -57
1534181405.7231307 688 605 648 729 640 726 -8048 1234 1928 165 151 -106 36 129 -59
1534181405.7879114 688 605 648 729 640 726 -7954 1188 1900 409 30 28 42 128 -58
1534181405.8562524 688 605 648 729 640 725 -7940 1246 1880 189 212 110 36 128 -57
1534181405.9254227 688 605 648 729 640 726 -8032 1192 1944 -5 -14 -251 40 129 -57
1534181406.1241598 688 605 648 729 640 726 -7952 1120 1822 201 165 114 38 127 -58
1534181406.2307384 688 605 648 730 640 726 -8016 1274 1902 201 200 32 37 131 -59
1534181406.2997484 688 605 648 729 640 726 -7938 1124 1872 234 159 132 37 129 -56
1534181406.337728 687 605 648 730 640 725 -8052 1244 1960 264 66 22 39 129 -56
1534181406.3819838 687 605 648 729 640 726 -7926 1146 1854 197 96 -109 37 130 -58
1534181406.4273975 687 605 648 730 640 725 -7966 1216 1928 220 90 63 38 128 -58
1534181406.4748523 687 605 648 729 640 726 -7978 1190 1920 335 236 -1 37 129 -57
1534181406.5249543 687 605 648 730 640 726 -7960 1172 1864 159 61 -80 36 126 -59
1534181406.5674224 687 605 647 729 640 725 -7962 1148 1848 209 5 25 39 129 -59
1534181406.6110003 687 605 648 729 640 725 -7936 1140 1918 41 -18 -258 39 127 -59
1534181406.8056083 687 605 647 729 640 726 -8076 940 1978 1171 -97 542 39 126 -59
1534181406.8686934 687 605 648 729 640 725 -7774 1140 1554 -372 813 -153 39 128 -58
1534181406.9197571 687 604 647 729 640 726 -8014 1160 1914 693 1355 -283 36 130 -58
1534181406.9552214 687 605 648 729 640 726 -8336 1348 1836 864 384 -201 38 129 -58
1534181406.9907167 687 605 648 729 640 725 -8644 1836 2364 1235 -1110 2363 40 126 -59
1534181407.0319653 687 605 648 729 640 726 -7142 856 1742 -1687 -3453 -651 36 128 -58
1534181407.0939393 688 605 648 729 640 726 -7176 1640 1754 -1269 -241 -1182 37 128 -54
1534181407.1618712 687 605 648 729 640 726 -7500 1566 2102 4550 1829 1625 38 127 -55
1534181407.2330375 688 605 648 730 641 726 -7344 1688 1420 3871 888 3545 36 130 -55
1534181407.3056827 687 605 648 730 641 726 -8326 2204 2432 -1162 -1309 2474 33 126 -56
1534181407.41669 687 605 649 730 642 726 -8836 2602 2828 80 1008 292 32 129 -52
1534181407.495707 688 605 649 731 641 726 -8296 1532 3216 -1358 -1057 4718 30 128 -49
1534181407.545641 688 605 649 730 642 726 -8142 552 1896 2904 -1245 410 27 128 -48
1534181407.58673 688 605 649 730 641 725 -6950 926 2316 3665 3195 5493 32 126 -46
1534181407.6611307 688 605 648 730 641 725 -7950 1910 2180 -1969 4248 -2739 26 131 -49
1534181407.733666 687 605 648 730 640 726 -7256 770 1258 -2784 5178 -3193 28 129 -55
1534181407.8048916 687 605 648 729 640 726 -7394 1440 1766 -309 -2350 2617 31 128 -58
1534181407.8747919 687 605 648 729 640 726 -8296 2770 2418 823 -83 1464 28 131 -58
1534181407.9457753 688 604 648 729 640 726 -7744 1544 1730 -230 499 -1538 28 131 -58
1534181408.0157185 687 605 648 730 640 725 -7848 1814 2010 282 -418 117 28 129 -58
1534181408.1658025 688 605 648 729 640 726 -7896 1986 2034 485 478 -344 28 130 -59
1534181408.2545855 687 605 648 729 640 726 -7926 1668 1922 441 351 -979 28 129 -58
1534181408.3016078 687 605 648 730 640 726 -7834 1674 1988 473 155 -723 29 130 -58
1534181408.3376791 688 605 648 729 640 725 -7912 1538 2040 89 250 -184 31 130 -56
1534181408.3850787 687 605 648 729 640 725 -7878 1696 1900 326 187 226 30 129 -58
1534181408.4288366 688 604 648 729 640 725 -7962 1596 1936 292 46 -58 30 128 -56
1534181408.4910266 688 604 648 729 640 726 -7850 1682 1902 331 45 65 30 128 -57
1534181408.558909 688 605 648 729 640 726 -7978 1644 1918 154 163 24 31 129 -57
1534181408.626152 688 605 648 729 640 725 -7886 1662 1938 283 130 34 32 128 -58
1534181408.6918623 688 604 648 730 640 726 -7868 1690 1998 236 191 41 31 130 -58
1534181408.8460462 687 605 648 730 640 726 -7980 1620 1966 183 109 59 31 132 -57
1534181408.939656 688 605 648 729 640 726 -7866 1604 2016 344 147 28 33 127 -58
1534181409.0126739 688 604 648 729 640 725 -7922 1652 1914 92 54 83 30 128 -57
1534181409.0692246 687 605 648 729 640 726 -7864 1688 1974 94 192 -166 32 128 -59
1534181409.1005855 688 605 648 729 640 725 -7868 1622 2010 206 78 32 32 129 -59
1534181409.1339278 687 605 648 729 640 726 -7910 1662 1916 170 124 20 33 131 -58
1534181409.1674867 687 605 648 729 640 725 -7806 1700 1956 224 93 31 33 129 -59
1534181409.2256176 687 605 648 729 640 726 -7918 1642 2016 300 225 51 32 131 -57
1534181409.290817 687 604 648 729 640 725 -7882 1658 1892 257 6 84 31 129 -57
1534181409.3594995 687 605 648 729 640 725 -7928 1626 1936 172 120 13 34 129 -59
1534181409.5287063 687 604 648 729 640 725 -7874 1696 1952 203 59 23 31 132 -58
1534181409.6666832 687 605 648 729 640 725 -7898 1666 1934 252 184 88 31 129 -56
1534181409.7835772 687 604 648 729 640 725 -7978 1608 2002 250 94 -49 32 130 -58
1534181409.8425791 687 605 648 729 640 725 -7878 1652 1946 120 27 32 31 131 -58
1534181409.879819 688 605 648 729 640 726 -7910 1520 2016 75 202 -11 30 130 -59
1534181409.9164822 688 605 648 729 640 725 -7954 1776 2010 295 40 -406 32 129 -57
1534181409.9515016 687 605 648 729 640 725 -7890 1434 1904 301 103 137 29 130 -59
1534181409.9884467 687 605 648 729 640 726 -8002 1728 2010 270 72 118 30 127 -56
1534181410.03376 687 604 648 729 640 725 -7774 1568 1852 177 27 157 32 131 -56
1534181410.0766773 687 605 648 729 640 725 -8050 1690 2096 256 313 -161 33 130 -57
1534181410.228789 687 605 648 729 640 726 -7840 1500 1914 284 -67 239 30 130 -56
1534181410.3064575 687 605 648 729 640 725 -7894 1692 2042 223 228 -97 31 130 -56
1534181410.3785875 688 605 648 729 640 726 -7932 1586 1986 127 -42 194 31 131 -55
1534181410.4165533 688 605 648 730 640 725 -7884 1606 1934 149 263 -85 32 129 -58
1534181410.4529815 688 605 648 729 640 726 -7974 1624 1964 295 71 110 32 129 -56
1534181410.497659 688 605 648 729 640 727 -7860 1542 1994 162 109 -123 34 129 -57
1534181410.5354927 687 605 648 729 640 726 -7986 1704 2006 116 122 -34 31 130 -55
1534181410.5756478 687 605 648 729 640 725 -7872 1560 1996 290 77 -6 31 129 -58
1534181410.6406634 687 605 648 729 640 726 -7874 1644 2004 172 109 -59 33 129 -58
1534181410.7085905 687 605 648 729 640 726 -7932 1516 1978 239 145 47 33 131 -56
1534181410.8395777 687 605 648 729 640 726 -7896 1656 1980 276 48 35 31 128 -57
1534181410.9277203 687 605 648 730 640 726 -7864 1554 1988 168 160 -23 33 127 -56
1534181411.0075464 687 605 648 729 640 726 -7910 1618 2050 321 130 31 32 130 -58
1534181411.0485191 687 605 648 729 640 726 -7940 1612 2004 343 157 89 31 130 -57
1534181411.0865088 687 605 648 729 640 725 -7866 1616 2014 313 130 55 32 129 -56
1534181411.1295736 687 605 648 730 640 726 -7900 1642 1930 194 83 -41 32 131 -57
1534181411.1786864 687 605 648 729 640 726 -7876 1514 1964 157 187 31 32 131 -57
1534181411.2460883 687 605 648 729 640 725 -7964 1646 2016 227 105 -39 32 129 -57
1534181411.314446 687 605 648 729 640 725 -7884 1566 1996 114 120 -109 33 129 -55
1534181411.3814223 687 605 647 729 640 726 -7884 1578 2022 176 122 17 30 130 -56
1534181411.4834507 687 605 648 730 640 725 -7902 1558 1978 196 149 -11 32 129 -57
1534181411.5564249 687 605 648 729 640 726 -7970 1550 1970 153 73 -67 33 130 -58
1534181411.6164343 687 605 648 729 640 725 -7906 1530 2002 342 160 73 33 130 -57
1534181411.65135 687 605 648 729 640 725 -7864 1616 1992 98 85 -110 33 129 -59
1534181411.7186773 687 605 648 729 640 726 -7882 1562 1966 221 235 -73 33 130 -58
1534181411.7857425 687 605 648 729 640 726 -7940 1526 2022 192 95 274 33 129 -57
1534181411.851574 687 605 648 729 640 726 -7900 1552 1974 154 89 11 32 129 -56
1534181411.9195352 687 605 648 729 640 726 -7932 1642 1958 227 129 18 31 127 -59
1534181411.986829 687 605 648 729 640 726 -7892 1582 1974 481 267 -3 35 129 -57
1534181412.0544786 687 605 648 729 640 726 -7860 1492 2002 191 -25 282 34 130 -59
1534181412.2081552 688 605 648 729 640 726 -7906 1560 2076 123 294 -55 32 129 -56
1534181412.2894592 688 605 648 729 640 726 -7978 1570 2044 237 -18 149 33 129 -55
1534181412.3494177 687 605 648 729 640 725 -7838 1596 1954 352 186 -109 33 130 -56
1534181412.3865569 687 605 648 729 640 726 -8004 1650 2062 149 221 76 31 129 -56
1534181412.4244215 687 605 648 729 640 725 -7922 1586 1966 434 679 -664 34 129 -57
1534181412.4711246 687 605 647 729 640 726 -7962 1374 1970 303 166 -8 32 131 -58
1534181412.5304527 687 604 648 729 640 726 -7894 1766 1934 375 20 -139 32 129 -56
1534181412.6007023 688 605 647 729 640 725 -7790 1004 1870 2617 -554 500 34 129 -58
1534181412.669721 688 604 647 729 640 725 -7926 1554 1886 89 271 -866 32 130 -59
1534181412.7416017 687 605 648 729 640 725 -7856 1468 1750 1862 1550 -1043 35 130 -57
1534181412.8840375 687 605 648 729 640 725 -6484 284 962 -2202 -2078 670 35 129 -57
1534181413.0553966 687 605 648 729 640 725 -9090 2896 2532 -2075 287 -585 35 129 -57
1534181413.1323953 688 605 648 729 640 725 -6688 1130 798 2722 3712 -2218 34 129 -57
1534181413.1796153 687 605 648 730 640 725 -8532 1200 1982 3296 893 2338 34 129 -59
1534181413.225709 687 605 648 730 641 725 -7788 1526 1984 -2403 -4683 1938 35 128 -57
1534181413.2652872 687 605 649 730 641 725 -7710 1860 1518 -86 3713 -1551 32 130 -54
1534181413.3132997 687 605 649 730 641 725 -7438 1450 1872 -2359 -1743 -2415 31 128 -51
1534181413.3604043 687 605 649 730 641 725 -9442 2202 4168 1573 3913 -559 30 129 -54
1534181413.4164507 687 605 649 730 641 726 -8416 1944 1886 387 4018 -3877 32 128 -52
1534181413.472107 688 605 648 729 640 725 -9210 1128 2982 -3759 675 -110 38 128 -59
1534181413.5875797 687 605 648 729 640 725 -6358 394 654 1681 2686 -3522 37 127 -56
1534181413.6523554 687 605 648 729 640 725 -7714 286 2160 923 -6394 6739 41 127 -61
1534181413.7051568 687 605 648 729 640 725 -8734 2324 2814 -717 -414 794 39 130 -58
1534181413.7382324 687 605 648 729 640 726 -7720 1146 2098 966 952 -92 33 130 -50
1534181413.803699 687 605 648 729 640 725 -7914 1196 2330 -471 41 435 35 127 -54
1534181413.8718843 687 605 648 730 640 725 -7874 1644 2160 490 -54 239 34 127 -54
1534181413.940486 688 605 648 729 640 726 -7894 1374 2314 516 22 -609 35 129 -57
1534181414.008533 688 605 648 730 640 725 -7862 1380 2330 690 401 -575 34 126 -56
1534181414.0785487 688 605 648 729 640 726 -7806 1224 2156 433 230 -151 32 129 -54
1534181414.1457548 688 604 648 729 640 725 -7888 1352 2268 260 49 -56 36 129 -53
1534181414.3013043 688 605 648 729 640 725 -7892 1318 2206 219 156 -21 35 130 -54
1534181414.383237 687 605 648 729 640 726 -7954 1316 2234 305 254 33 36 130 -54
1534181414.4615145 687 604 648 729 640 726 -7848 1404 2176 314 56 -118 35 129 -55
1534181414.5073333 688 605 648 729 640 725 -7888 1248 2110 386 283 134 33 129 -54
1534181414.5450964 688 605 648 729 640 725 -7886 1326 2206 293 35 73 34 128 -55
1534181414.5812614 688 605 648 729 640 725 -7882 1326 2146 213 113 52 36 130 -56
1534181414.6175406 688 604 648 729 640 726 -7876 1328 2210 332 114 194 37 128 -54
1534181414.6839843 687 604 648 729 640 726 -7888 1316 2176 215 60 43 36 129 -55
1534181414.7498453 688 605 648 729 640 726 -7876 1326 2248 212 99 31 35 129 -52
1534181414.8172925 687 605 648 729 640 726 -7892 1344 2184 283 57 169 34 129 -54
1534181414.9623754 688 605 648 729 640 726 -7830 1384 2194 269 132 -35 33 126 -53
1534181415.114369 688 605 648 729 640 726 -7874 1360 2278 261 155 30 35 131 -54
1534181415.2271476 687 605 648 729 640 725 -7856 1364 2234 335 85 -17 36 131 -55
1534181415.2771919 687 604 648 729 640 725 -7928 1282 2278 200 166 89 35 129 -54
1534181415.3135614 688 605 648 729 640 725 -7852 1314 2244 165 88 -96 34 127 -54
1534181415.3588912 688 605 648 729 640 725 -7930 1338 2296 305 183 99 37 129 -54
1534181415.4146328 688 604 648 729 640 726 -7824 1320 2220 226 59 13 35 128 -54
1534181415.464287 688 605 648 729 640 726 -7954 1388 2268 229 140 95 35 128 -53
1534181415.5153155 687 605 648 729 640 726 -7888 1222 2244 203 140 22 33 128 -54
1534181415.558254 687 604 648 729 640 725 -7900 1348 2206 224 161 156 36 130 -55
1534181415.7404306 688 604 648 729 640 725 -7866 1312 2268 237 147 -21 36 129 -53
1534181415.8341436 687 604 648 729 640 725 -7904 1360 2262 308 121 179 36 129 -53
1534181415.8811269 688 605 648 729 640 726 -7866 1292 2254 194 136 -74 36 131 -54
1534181415.9165463 687 605 648 729 640 725 -7892 1424 2208 232 128 80 36 129 -53
1534181415.955225 687 604 648 729 640 726 -7846 1308 2242 246 120 52 34 129 -57
1534181415.9975157 687 604 648 729 640 725 -7882 1390 2230 100 132 20 36 128 -54
1534181416.0331013 687 605 648 729 640 725 -7892 1294 2304 264 221 -11 36 128 -55
1534181416.07033 687 605 648 729 640 725 -7880 1370 2246 158 22 169 35 128 -56
1534181416.1173708 687 605 648 729 640 725 -7862 1386 2198 229 254 -88 33 131 -54
1534181416.1674776 688 604 648 729 640 726 -7864 1282 2286 122 93 136 36 128 -53
1534181416.3356552 688 605 648 729 640 726 -7938 1430 2272 321 119 -58 35 129 -52
1534181416.444156 688 605 648 729 640 725 -7862 1306 2222 282 125 133 37 129 -55
1534181416.5031433 687 605 648 729 640 725 -7844 1354 2214 205 134 -108 37 129 -53
1534181416.538041 688 605 648 729 640 726 -7868 1302 2228 210 60 63 36 128 -54
1534181416.5764656 688 605 648 729 640 725 -7894 1408 2164 198 18 55 34 129 -55
1534181416.6276038 687 605 648 729 640 725 -7848 1366 2166 271 46 16 36 131 -52
1534181416.6827972 688 604 648 729 640 726 -7888 1332 2306 185 118 8 35 129 -54
1534181416.7396834 688 605 648 729 640 726 -7866 1308 2286 285 246 -103 36 129 -52
1534181416.795889 688 605 648 729 640 726 -7862 1306 2288 188 28 233 34 128 -55
1534181416.8495023 688 605 648 729 640 726 -7874 1462 2210 168 138 76 34 129 -53
1534181417.0050447 687 605 648 729 640 725 -7928 1320 2242 217 211 -99 35 129 -53
1534181417.0830953 688 605 648 729 640 724 -7902 1356 2290 410 258 9 36 130 -55
1534181417.1520786 688 605 648 729 640 725 -7840 1302 2290 332 87 65 34 126 -56
1534181417.1895177 688 605 648 729 640 725 -7822 1362 2198 209 108 -7 37 127 -54
1534181417.227068 688 604 647 729 640 725 -7916 1346 2242 238 84 13 34 127 -52
1534181417.2600958 688 605 648 729 640 725 -7866 1326 2176 219 2 58 36 131 -55
1534181417.3021297 687 605 647 729 640 725 -7844 1336 2194 245 243 -93 37 131 -54
1534181417.3707128 687 605 648 729 640 725 -7944 1394 2356 486 179 -31 34 130 -54
1534181417.4372559 688 604 648 729 640 725 -7910 1282 2144 306 174 -51 37 128 -54
1534181417.5062513 688 605 648 729 640 725 -7878 1280 2302 174 129 -15 35 130 -55
1534181417.6662395 688 604 648 729 640 725 -7866 1380 2230 128 47 -33 36 128 -52
1534181417.7951534 688 605 648 729 640 725 -7802 1244 2134 184 141 8 34 129 -55
1534181417.8747747 688 605 648 729 640 726 -7960 1352 2216 200 135 124 36 127 -54
1534181417.9142263 688 605 648 729 640 726 -7850 1246 2206 252 122 -150 33 128 -54
1534181417.9519756 688 605 648 729 640 726 -7894 1402 2178 263 50 127 37 129 -53
1534181417.9962947 688 605 648 729 640 725 -7882 1258 2254 263 293 -25 36 129 -53
1534181418.0380986 688 605 648 729 640 726 -7876 1346 2270 212 73 -119 38 127 -54
1534181418.0781567 688 605 647 729 640 726 -7910 1294 2200 145 54 -20 34 127 -54
1534181418.1220965 688 605 648 729 640 725 -7938 1310 2238 248 220 -50 36 128 -55
1534181418.1857457 688 605 648 729 640 726 -7840 1300 2138 213 89 -47 34 129 -53
1534181418.2689984 688 605 648 729 640 726 -7898 1348 2194 287 235 28 36 128 -53
1534181418.3289878 688 605 648 729 640 726 -7876 1192 2292 302 118 22 36 129 -54
1534181418.4140553 687 604 648 729 640 726 -7906 1372 2206 287 119 55 35 128 -55
1534181418.4531612 687 605 648 729 640 726 -7850 1256 2180 223 241 -63 37 128 -53
1534181418.5190258 688 605 648 729 640 726 -7894 1250 2260 201 175 132 35 128 -54
1534181418.5862544 687 604 648 729 640 725 -7912 1316 2188 354 109 12 34 129 -55
1534181418.6552799 687 604 648 729 640 725 -7820 902 2126 412 495 -333 34 127 -54
1534181418.7248924 687 604 648 729 640 725 -8266 1588 2520 647 997 -827 37 128 -55
1534181418.7962005 687 605 647 729 640 725 -7888 638 2314 1526 3870 -1159 38 130 -55
1534181418.864487 687 604 648 729 640 726 -8486 1218 2246 880 2586 168 38 126 -56
1534181419.0200074 687 605 648 729 640 725 -7796 1618 2268 -3803 1421 -3272 38 129 -59
1534181419.101915 687 605 648 729 640 724 -10338 3176 3976 -6217 -2872 -212 39 126 -57
1534181419.176446 687 605 648 730 641 725 -7558 1394 1252 7982 2901 3657 35 128 -59
1534181419.2180166 688 605 649 730 642 725 -10084 2622 3326 -4098 -4211 973 36 127 -62
1534181419.260156 687 605 649 730 642 725 -9198 2168 3090 -3441 -3661 -2254 35 127 -57
1534181419.301132 688 605 648 730 641 725 -9962 770 3208 7501 8239 1517 35 125 -56
1534181419.374218 687 605 649 729 640 726 -5742 1860 724 -7397 2976 -7620 40 125 -56
1534181419.446301 687 604 648 729 640 726 -7836 -1898 1390 2357 2644 6085 42 124 -67
1534181419.5140507 688 605 648 729 640 725 -7578 676 1024 995 -1078 5048 40 124 -67
1534181419.585371 688 605 648 729 640 725 -7956 2000 1696 -717 65 5663 35 127 -69
1534181419.7431362 688 604 648 729 640 725 -7878 3014 1096 185 377 4577 30 128 -65
1534181419.8368962 688 605 648 729 640 725 -8132 2762 1406 -75 -712 456 26 127 -64
1534181419.9098687 687 605 648 729 640 726 -7936 2174 1248 1604 836 -687 23 127 -63
1534181419.9530792 687 605 648 729 640 725 -7888 1740 1440 1631 623 576 24 128 -67
1534181419.9918535 687 604 648 729 640 725 -7912 2098 1386 -630 -970 -594 26 125 -66
1534181420.0329857 687 605 648 729 640 725 -7958 2006 1470 279 -415 -294 23 126 -66
1534181420.0779643 687 605 648 729 640 725 -7952 1932 1542 432 203 -9 26 126 -64
1534181420.142786 687 605 648 729 640 726 -7978 1928 1380 -329 -168 -313 26 128 -66
1534181420.2121906 687 605 648 729 640 725 -7994 1938 1552 200 -226 -285 25 126 -65
1534181420.2805836 687 605 648 729 640 725 -7976 1944 1588 296 10 113 28 127 -64
1534181420.4184678 687 604 648 729 640 726 -7948 1976 1560 114 -26 -140 29 128 -65
1534181420.4878194 687 605 648 729 640 725 -7920 1842 1560 243 -41 -238 26 126 -65
1534181420.5558746 688 604 648 729 640 725 -8014 1878 1488 357 105 254 28 128 -64
1534181420.5922296 687 605 648 729 640 724 -7936 1940 1532 200 53 -205 28 126 -65
1534181420.6258354 687 604 648 729 640 725 -7926 1856 1616 248 85 -206 29 126 -61
1534181420.688991 687 605 648 729 640 726 -7970 1830 1544 13 -140 -18 28 127 -64
1534181420.7558446 687 604 648 729 640 725 -7958 1888 1578 211 45 59 26 126 -62
1534181420.8254907 687 605 648 729 640 726 -7912 1938 1608 258 -430 -585 25 127 -65
1534181420.8957362 688 605 648 729 640 725 -7892 1804 1564 75 124 -164 27 127 -64
1534181420.9590206 688 605 648 729 640 726 -7988 1802 1590 222 54 76 28 126 -63
1534181421.0578222 688 605 648 729 640 726 -7924 1820 1578 267 5 -28 29 127 -62
1534181421.1318061 687 605 648 729 640 726 -7938 1822 1592 99 87 -50 28 125 -64
1534181421.2008367 687 605 648 729 640 726 -7980 1796 1612 106 56 -40 28 126 -62
1534181421.23894 687 605 648 729 640 726 -7966 1810 1680 173 195 -42 27 129 -61
1534181421.2949975 688 605 648 729 640 726 -7984 1820 1664 183 23 -100 27 126 -63
1534181421.3641727 688 605 648 729 640 726 -7876 1734 1654 271 154 316 28 128 -65
1534181421.4320314 688 605 648 729 640 726 -8004 1758 1712 217 258 -60 28 128 -62
1534181421.499903 687 605 648 729 640 725 -7938 1774 1636 152 -23 166 29 126 -63
1534181421.5668807 688 605 648 729 640 726 -7936 1888 1554 150 115 -34 30 129 -62
1534181421.6342185 687 605 648 729 640 726 -7948 1676 1716 183 98 -13 28 127 -61
1534181421.7951596 687 605 648 729 640 726 -7956 1878 1624 244 74 37 28 126 -62
1534181421.9558616 688 605 648 729 640 726 -7910 1786 1646 135 71 -3 30 128 -61
1534181422.018773 688 605 648 729 640 725 -7948 1802 1670 172 31 -9 27 129 -61
1534181422.0628202 688 605 648 729 640 726 -7928 1808 1608 229 139 24 28 124 -61
1534181422.0977502 688 605 648 729 640 725 -7982 1716 1746 184 169 17 28 127 -61
1534181422.1392179 688 605 648 729 640 726 -7912 1838 1710 238 3 -5 28 128 -62
1534181422.1920564 687 605 648 729 640 726 -7990 1770 1676 234 196 65 28 128 -61
1534181422.2530408 688 605 648 729 640 726 -7970 1810 1702 237 204 -28 28 128 -61
1534181422.2976825 688 605 648 729 640 725 -7968 1768 1748 193 -33 42 27 125 -63
1534181422.3337138 688 605 648 729 640 726 -7898 1852 1684 277 198 24 29 126 -60
1534181422.4840543 688 605 648 729 640 725 -7972 1730 1690 215 104 56 30 128 -63
1534181422.5866945 688 605 648 729 640 726 -7992 1788 1614 242 140 -8 27 126 -61
1534181422.6749792 688 605 648 729 640 725 -7948 1752 1694 263 112 32 29 127 -59
1534181422.7387493 688 605 648 729 640 725 -7878 1816 1630 240 100 70 27 127 -62
1534181422.772696 688 605 648 729 640 725 -7922 1732 1694 204 127 -10 28 126 -62
1534181422.807016 688 605 648 729 640 725 -7964 1842 1674 260 130 0 27 127 -62
1534181422.8406994 688 605 648 729 640 726 -7902 1740 1636 305 97 53 27 126 -60
1534181422.8791788 687 605 648 729 640 726 -7954 1812 1684 318 78 -164 27 127 -63
1534181422.923183 688 605 648 729 640 726 -7968 1574 1836 357 -67 -89 29 127 -64
1534181422.9766865 688 605 648 729 640 725 -7926 1702 1668 146 -33 291 28 126 -60
1534181423.1628034 688 605 648 729 640 725 -7934 2070 1636 365 266 -80 29 127 -60
1534181423.2496212 687 605 648 729 640 725 -7882 2004 1618 294 -91 -812 28 129 -61
1534181423.2976975 687 605 648 729 640 726 -8032 1782 1672 925 2 -866 29 127 -62
1534181423.3347173 687 605 648 729 640 726 -8020 1562 1808 715 12 -1299 28 127 -62
1534181423.3841577 687 605 648 729 640 726 -7958 1266 1732 759 -23 -1144 31 128 -61
1534181423.4429314 687 605 648 729 639 725 -7860 1252 1756 329 117 -284 30 128 -59
1534181423.5009255 687 605 648 729 640 725 -8018 1412 1816 120 15 -165 32 129 -60
1534181423.5406697 688 605 648 729 640 726 -7882 1782 1734 111 -167 -704 33 126 -61
1534181423.5936558 687 605 648 729 640 725 -7956 1658 1824 643 -69 -962 34 125 -59
1534181423.6660287 688 605 648 729 640 725 -8086 1204 1760 441 -67 -1201 35 127 -61
1534181423.8166726 688 605 648 729 640 725 -7946 668 1902 479 160 -207 36 129 -61
1534181423.8946555 688 605 647 729 640 726 -7904 1344 1740 194 4 612 35 127 -60
1534181423.9657123 688 605 648 729 640 726 -8182 1302 1852 291 219 -390 38 127 -59
1534181424.0036178 687 605 647 729 640 725 -7886 1328 1464 573 -185 -391 36 126 -59
1534181424.0428064 687 605 648 729 640 725 -8106 1504 2262 103 -645 133 36 128 -59
1534181424.09793 687 604 647 729 640 725 -8066 1398 1448 2861 2624 345 36 127 -59
1534181424.1498282 687 605 648 729 640 725 -7578 606 2078 1756 -2932 4213 36 127 -61
1534181424.2180166 688 605 648 730 640 725 -6704 594 510 -1513 -1161 528 34 126 -59
1534181424.291708 687 605 649 730 641 725 -7740 1016 1344 -1538 -1638 3834 34 127 -58
1534181424.3652046 687 605 649 730 642 725 -7062 -1012 1612 -2575 943 -4811 32 128 -56
1534181424.5949605 688 605 649 731 642 726 -7772 1846 1878 -5005 -4010 -4329 32 126 -56
1534181424.7299936 687 605 649 730 641 726 -9036 1016 2648 8655 3444 6257 38 126 -55
1534181424.794564 687 605 648 729 641 726 -6048 1274 1632 -4394 1595 -784 37 127 -55
1534181424.8325453 688 605 648 729 640 725 -6790 1290 812 -1042 -3657 4751 31 127 -59
1534181424.8746784 687 605 648 729 640 726 -9152 2110 3378 -41 1540 -499 31 129 -62
1534181424.9156413 688 605 648 729 640 725 -6922 2248 1320 196 -123 -222 29 128 -56
1534181424.960128 688 605 648 729 640 725 -8200 1758 2604 2328 -587 680 29 129 -57
1534181424.9987328 687 605 648 729 640 725 -7726 1596 2058 37 458 125 28 131 -56
1534181425.035572 687 605 648 729 640 724 -7782 2038 2274 346 -415 173 28 130 -57
1534181425.0725064 687 605 648 729 640 725 -7736 1670 2238 592 533 -326 27 129 -55
1534181425.1835625 688 604 648 729 640 725 -7816 1762 2306 -2 -130 -166 27 129 -57
1534181425.2625198 688 605 648 729 640 725 -7802 1944 2096 449 246 -280 27 127 -56
1534181425.3175006 688 605 648 729 640 725 -7792 1628 2198 617 458 -237 29 129 -54
1534181425.3534887 688 605 648 729 640 725 -7856 1774 2246 234 87 -15 27 128 -56
1534181425.413941 688 605 648 729 640 725 -7822 1810 2106 511 308 -206 28 128 -54
1534181425.4838326 687 605 648 729 640 725 -7796 1732 2128 523 363 -370 29 129 -56
1534181425.551673 688 604 648 729 640 725 -7798 1668 2172 492 218 -185 29 128 -57
1534181425.6196086 688 604 648 729 640 725 -7930 1644 2134 339 288 25 32 131 -56
1534181425.6882253 688 605 648 729 640 725 -7760 1816 2122 423 103 -38 30 129 -56
1534181425.7557585 687 604 648 729 640 726 -7966 1568 2122 616 101 -21 30 130 -54
1534181425.928096 688 605 648 729 640 725 -7810 1722 2136 345 149 21 28 128 -56
1534181426.0315483 688 605 648 729 640 725 -7860 1714 2148 397 149 -46 32 130 -57
1534181426.0854335 688 605 648 729 640 725 -7836 1724 2050 149 113 -110 30 130 -56
1534181426.1224663 687 605 648 729 640 726 -7818 1698 2102 260 115 -81 29 127 -56
1534181426.1600652 687 605 648 729 640 726 -7876 1664 2146 217 168 -101 31 129 -58
1534181426.2015703 687 605 648 729 640 726 -7826 1774 2044 290 18 133 31 129 -57
1534181426.2394998 687 605 648 730 640 726 -7796 1662 2144 193 105 -215 30 129 -56
1534181426.3006523 687 605 648 729 640 726 -7870 1626 2140 184 103 35 29 128 -56
1534181426.3694575 687 605 648 729 640 726 -7796 1692 2006 403 121 121 31 129 -56
1534181426.4377847 687 605 648 729 640 726 -7886 1646 2134 355 277 73 31 130 -58
1534181426.5805228 687 605 648 729 640 725 -7868 1770 2120 257 122 6 29 130 -57
1534181426.6705668 687 605 648 729 640 726 -7796 1618 2118 112 163 -118 32 130 -58
1534181426.7524383 688 605 648 729 640 725 -7938 1728 2148 324 62 150 30 130 -55
1534181426.78943 688 605 648 729 640 726 -7758 1704 2050 320 160 76 30 128 -56
1534181426.8275363 688 604 648 729 640 726 -7930 1622 2160 205 209 92 32 128 -57
1534181426.8747783 688 605 648 729 640 726 -7846 1696 2098 319 25 130 31 127 -54
1534181426.9165697 688 605 648 729 640 726 -7838 1674 2086 119 187 -30 30 128 -55
1534181426.9736252 687 605 648 729 640 726 -7926 1720 2178 202 84 -18 29 128 -56
1534181427.0414958 688 605 648 729 640 726 -7796 1666 2038 210 49 164 30 129 -57
1534181427.1088972 687 605 648 729 640 726 -7916 1686 2150 150 257 -22 31 130 -55
1534181427.2633846 688 605 648 729 640 726 -7838 1626 2086 258 10 47 31 128 -55
1534181427.3367443 687 605 648 729 640 725 -7844 1750 2078 284 181 63 29 130 -57
1534181427.3954892 687 605 648 729 640 726 -7842 1608 2078 199 47 17 31 129 -56
1534181427.428344 688 605 648 729 640 726 -7854 1768 2090 195 138 25 32 131 -55
1534181427.4623501 688 605 648 729 640 726 -7874 1550 2128 242 161 -49 30 128 -56
1534181427.509748 688 605 648 729 640 725 -7840 1756 2188 171 75 108 30 131 -55
1534181427.5788317 687 605 648 729 640 725 -7822 1616 2142 228 178 -96 30 128 -55
1534181427.6437721 688 605 648 729 640 726 -7858 1750 2172 200 2 105 31 130 -56
1534181427.7098088 687 605 649 729 640 726 -7808 1650 2098 298 168 48 30 127 -57
1534181427.778515 688 605 648 729 640 726 -7868 1708 2082 226 89 49 31 130 -56
1534181427.9525552 688 605 648 729 640 726 -7856 1654 2122 283 135 -31 29 130 -56
1534181428.0626643 687 605 648 729 640 726 -7856 1656 2102 252 132 146 31 129 -54
1534181428.1212978 688 605 648 729 640 725 -7850 1756 2112 223 102 -53 31 130 -56
1534181428.155308 688 605 648 729 640 726 -7856 1542 2166 121 161 -8 32 128 -56
1534181428.1914983 687 605 648 729 640 726 -7930 1800 2218 285 24 109 31 131 -55
1534181428.2283804 687 605 648 729 640 726 -7810 1634 2132 367 241 1 32 129 -59
1534181428.2767897 688 605 648 729 640 726 -7864 1754 2202 225 56 110 30 128 -59
1534181428.3335571 688 604 648 729 640 726 -7820 1700 2106 202 110 -81 31 129 -55
1534181428.3882906 687 605 648 729 640 726 -7922 1746 2146 263 -5 -290 31 129 -57
1534181428.4541717 687 605 648 729 640 726 -7806 1630 2096 347 96 -73 31 130 -56
1534181428.6116004 687 605 648 729 640 725 -7894 1764 2158 298 198 -31 32 130 -55
1534181428.7433646 687 605 648 729 640 726 -7800 1582 2148 139 14 88 31 129 -55
1534181428.8183932 687 605 648 729 640 726 -7906 1760 2146 206 180 -12 31 127 -57
1534181428.8659306 687 605 648 729 640 725 -7878 1642 2188 347 112 -80 30 129 -58
1534181428.9052892 687 605 648 729 640 725 -7768 1636 2124 454 212 106 33 131 -56
1534181428.9457452 687 605 648 729 640 725 -7800 1700 2148 354 117 203 31 130 -56
1534181428.9877958 687 605 648 729 640 725 -7858 1736 2132 226 206 20 32 130 -56
1534181429.0294585 687 605 648 729 640 725 -7824 1616 2088 158 141 -17 30 131 -56
1534181429.0758083 687 605 647 729 640 726 -7586 1396 2028 -698 -1011 245 33 129 -55
1534181429.1327012 687 604 648 729 640 725 -8478 2190 2662 543 855 -236 31 129 -54
1534181429.274272 687 605 648 729 640 725 -7570 1974 1378 1197 1409 -101 32 129 -55
1534181429.3463242 687 605 648 729 640 725 -8180 1494 1892 -30 528 -1240 32 129 -58
1534181429.416255 688 605 648 729 640 724 -6944 2024 1924 -3892 -4372 596 31 129 -56
1534181429.461671 687 605 649 730 641 725 -8272 1698 3684 1749 979 1344 31 129 -53
1534181429.5062966 687 605 649 730 641 725 -5102 -696 996 -4627 -9080 1284 29 129 -53
1534181429.56225 687 605 649 730 642 726 -6610 1962 1664 -3334 2257 -5148 28 130 -51
1534181429.629269 687 605 649 731 642 726 -5542 56 512 229 -1829 1340 30 129 -50
1534181429.7044919 688 606 650 730 642 726 -7610 1766 2006 3182 5345 -2662 31 128 -52
1534181429.7743702 687 606 649 730 641 726 -9322 972 2596 9624 7335 3475 33 129 -52
1534181429.8474996 688 605 649 730 640 725 -7204 1262 962 -478 9977 -10331 35 128 -60
1534181430.020332 688 605 648 729 640 725 -5332 -508 -1214 -1889 160 2785 38 128 -67
1534181430.1001825 687 605 648 729 640 726 -9380 1240 2408 -2832 -6154 12029 41 125 -74
1534181430.1722624 687 605 648 729 640 726 -8278 3238 1182 -1476 2060 -1656 31 128 -69
1534181430.2144485 687 605 648 729 640 726 -7310 1038 166 4129 -332 428 27 127 -69
1534181430.2541637 688 605 648 729 640 726 -8542 2434 1850 -1121 -1085 1095 30 125 -69
1534181430.2949164 687 605 648 729 640 726 -7750 2086 988 -98 189 -695 26 128 -67
1534181430.350743 687 605 648 729 640 726 -8018 2030 1332 293 -746 251 27 127 -66
1534181430.4145346 688 605 648 729 640 726 -7986 1940 1340 98 152 -143 29 126 -67
1534181430.484707 688 605 648 729 640 726 -7898 2048 1312 137 -426 145 28 127 -65
1534181430.552502 687 605 648 729 640 726 -8112 1864 1558 -39 -201 197 29 126 -64
1534181430.654267 687 605 648 729 640 725 -7944 2070 1244 287 -39 297 25 126 -65
1534181430.7352717 687 605 648 729 640 725 -7988 1972 1392 32 -79 -166 26 127 -63
1534181430.7972186 687 605 648 729 640 725 -7924 2042 1384 226 41 -21 25 126 -64
1534181430.8321705 687 605 648 729 640 725 -7980 2010 1384 202 7 -61 28 128 -64
1534181430.8902614 687 605 648 729 640 725 -7924 1954 1444 139 -13 -171 26 127 -63
1534181430.956384 687 605 648 729 640 725 -7944 2010 1518 183 45 -2 27 124 -65
1534181431.024595 687 605 648 729 640 725 -7952 1884 1472 101 -3 -95 27 127 -62
1534181431.090329 687 605 648 729 640 725 -7958 2022 1464 256 -51 -83 27 127 -63
1534181431.159342 687 605 648 729 640 724 -7918 1908 1508 130 47 178 24 128 -64
1534181431.228236 687 605 648 729 640 725 -7978 1980 1500 211 -37 -74 29 127 -63
1534181431.3361862 687 605 648 729 640 725 -7924 1910 1458 289 95 199 27 128 -63
1534181431.4131908 687 605 648 729 640 726 -7926 1990 1478 146 47 83 26 127 -63
1534181431.4781954 687 605 648 729 640 725 -7990 1924 1564 184 88 -86 28 128 -64
1534181431.5140936 687 605 648 729 640 726 -7990 2008 1524 276 44 184 28 128 -63
1534181431.5614915 687 604 648 729 640 724 -7886 1974 1418 192 71 -67 27 129 -64
1534181431.6284356 687 605 648 729 640 726 -7966 1886 1566 122 -12 30 30 129 -63
1534181431.6944566 687 605 648 729 640 726 -7938 2010 1462 179 65 51 28 127 -64
1534181431.7622688 687 605 648 729 640 725 -7962 1866 1502 208 154 -18 27 128 -63
1534181431.8285308 687 605 648 729 640 726 -7958 2032 1508 287 74 33 27 127 -63
1534181431.901587 687 605 648 729 640 725 -7866 1906 1494 110 103 98 27 127 -63
1534181432.0141373 687 605 648 729 640 726 -8028 2036 1566 176 79 70 26 127 -64
1534181432.087194 687 605 648 729 640 726 -7892 1866 1556 168 72 37 28 128 -62
1534181432.1390584 687 605 649 729 640 726 -8002 2082 1564 192 105 41 29 127 -64
1534181432.1730762 687 605 648 729 639 726 -7918 1944 1524 195 158 -29 26 127 -63
1534181432.228192 687 605 648 729 640 725 -7982 1968 1564 213 90 90 26 126 -64
1534181432.2967114 687 605 648 729 640 726 -7894 1974 1488 234 124 -20 27 127 -61
1534181432.364411 687 605 648 729 640 725 -7978 1924 1562 118 70 71 26 127 -62
1534181432.431285 687 605 648 729 640 725 -7902 1994 1514 203 134 -19 25 127 -62
1534181432.497394 687 605 648 729 640 725 -7922 1988 1572 200 49 42 28 128 -63
1534181432.5652318 687 605 648 729 640 726 -7952 1948 1526 217 150 -42 27 126 -62
1534181432.654151 687 605 648 729 640 725 -7938 1990 1614 163 14 50 28 127 -64
1534181432.7290523 687 605 648 729 640 726 -7916 1970 1496 81 -115 -167 27 127 -62
1534181432.7890158 687 605 648 729 640 725 -7900 1940 1486 295 -398 -165 27 125 -64
1534181432.8361206 687 605 648 729 639 726 -7940 2040 1476 217 224 50 27 128 -63
1534181432.9042795 687 604 648 729 640 726 -7912 1842 1654 234 194 -8 27 127 -62
1534181432.9723175 687 605 648 729 640 726 -7966 2002 1578 306 -38 228 28 127 -62
1534181433.0402315 688 605 648 729 640 725 -7862 1962 1634 213 136 -80 26 128 -61
1534181433.1065528 687 605 648 729 640 725 -7952 1920 1574 167 68 48 28 127 -64
1534181433.1732495 687 605 648 729 640 726 -7944 1956 1606 298 164 173 27 127 -62
1534181433.241206 687 605 648 729 640 726 -7924 2000 1580 156 98 -77 26 127 -64
1534181433.4481685 687 605 648 729 640 725 -7946 1942 1598 167 221 -4 28 128 -63
1534181433.5240085 687 605 648 729 640 725 -7936 1954 1680 267 128 -51 27 126 -62
1534181433.571 688 605 648 729 640 725 -7910 1948 1612 239 27 114 26 129 -62
1534181433.6070075 688 605 648 729 640 726 -7932 1992 1508 187 156 -3 28 129 -63
1534181433.6481853 688 605 648 729 639 726 -7984 1876 1632 179 139 85 29 128 -64
1534181433.6932683 688 605 648 729 640 725 -7950 1984 1628 245 36 33 30 127 -63
1534181433.742187 687 605 648 729 640 726 -7886 1902 1508 187 189 -4 27 129 -63
1534181433.7861624 687 605 648 729 640 726 -7958 1918 1706 286 177 38 27 127 -62
1534181433.8452086 687 604 648 729 640 726 -7916 1952 1620 234 37 118 26 126 -63
1534181433.9133198 687 605 648 729 639 726 -7946 1850 1616 216 149 -48 28 126 -62
1534181434.0512705 687 605 648 729 640 725 -7904 1996 1568 118 128 22 26 128 -62
1534181434.1685426 688 605 648 729 640 726 -7942 1872 1586 231 142 3 26 126 -62
1534181434.2260356 687 605 648 729 639 726 -7964 1982 1624 313 110 172 28 129 -63
1534181434.2619576 688 605 648 729 640 725 -7886 1850 1614 152 111 70 28 127 -62
1534181434.2951508 688 605 648 729 640 725 -7962 2082 1694 261 176 -48 28 126 -64
1534181434.3301625 687 605 648 729 640 726 -7926 1794 1632 223 159 90 27 125 -61
1534181434.3823018 687 605 648 729 640 725 -7914 2034 1600 190 98 36 27 128 -61
1534181434.4491184 688 604 648 729 640 726 -7914 1884 1650 238 182 34 28 127 -63
1534181434.5155413 688 605 648 729 640 725 -7964 2036 1588 161 18 56 27 127 -63
1534181434.5834184 687 605 648 729 639 726 -7894 1882 1574 203 178 -56 27 128 -62
1534181434.7820718 688 605 648 729 640 726 -7982 1874 1642 244 117 232 27 127 -63
1534181434.8800638 687 605 648 729 640 725 -7870 1962 1624 301 83 -43 25 127 -61
1534181434.9952722 687 605 648 729 639 725 -7962 1994 1564 376 116 67 29 128 -63
1534181435.0369778 687 605 648 729 639 725 -7888 1942 1656 297 170 -66 26 128 -64
1534181435.0759482 687 605 648 729 640 725 -7962 1864 1570 135 107 198 27 126 -64
1534181435.114976 687 605 648 729 639 725 -8038 2040 1664 157 130 148 27 127 -63
1534181435.1539896 688 605 648 729 640 725 -7896 1850 1656 67 100 -128 28 128 -62
1534181435.1975548 688 605 648 729 640 725 -7898 1930 1616 57 155 -69 27 128 -62
1534181435.2338638 688 605 648 729 640 725 -8044 1972 1626 192 125 -136 28 126 -63
1534181435.272938 688 605 648 729 640 725 -7828 1876 1606 157 68 168 29 128 -63
1534181435.4042218 688 605 648 729 640 725 -7990 2092 1604 51 112 28 26 126 -61
1534181435.5531485 688 605 648 729 640 725 -7814 1752 1672 -92 91 -109 27 127 -61
1534181435.640999 688 605 648 729 639 725 -8002 1998 1540 83 74 180 30 129 -63
1534181435.7231529 688 605 648 729 639 726 -7930 1874 1674 33 292 -152 28 127 -61
1534181435.7661078 688 604 648 729 640 725 -7944 1912 1588 384 114 64 26 126 -63
1534181435.8101363 688 605 648 729 639 726 -7824 1876 1672 268 66 135 24 127 -61
1534181435.8520622 688 604 648 729 640 725 -7976 1870 1704 1084 279 569 27 128 -63
1534181435.9024327 688 605 648 729 639 725 -7970 1926 1608 106 152 55 26 127 -62
1534181435.9471278 687 605 648 729 640 726 -7972 1906 1632 5 228 -151 27 128 -61
1534181435.9930468 688 605 648 729 639 726 -7950 1804 1672 117 67 101 29 128 -62
1534181436.1049356 688 605 648 729 640 725 -7896 1894 1606 339 149 94 28 125 -62
1534181436.2088146 688 604 648 729 640 725 -8002 1926 1648 264 96 177 27 127 -61
1534181436.268896 688 604 648 729 639 725 -7992 1852 1656 267 218 -200 29 127 -62
1534181436.3045077 688 605 648 729 639 726 -7896 1796 1660 206 85 -19 28 128 -63
1534181436.342012 688 604 648 729 640 725 -7884 1904 1582 169 126 148 27 128 -62
1534181436.384163 688 605 648 729 640 726 -7926 1894 1590 173 167 7 29 128 -62
1534181436.4207773 688 605 648 729 640 726 -7980 1850 1662 186 65 -12 27 127 -61
1534181436.4717298 688 605 648 729 639 726 -7938 1904 1624 209 92 -20 27 127 -62
1534181436.539082 688 605 648 729 639 725 -7910 1826 1602 101 123 59 26 128 -64
1534181436.6069384 688 605 648 729 639 725 -7992 1898 1634 204 159 83 29 126 -63
1534181436.685785 688 604 648 729 640 726 -7976 1808 1670 181 146 76 27 128 -61
1534181436.7789044 688 605 648 729 639 726 -7920 1910 1674 374 119 79 27 126 -64
1534181436.8398762 688 605 648 729 640 725 -7828 1830 1594 242 147 15 27 127 -62
1534181436.8828566 688 605 648 729 639 725 -7992 1834 1648 215 206 46 27 128 -61
1534181436.9397886 688 605 648 729 640 726 -7980 1862 1656 268 71 78 26 128 -64
1534181437.0068436 687 605 648 729 639 726 -7860 1884 1644 245 137 134 28 129 -62
1534181437.0739062 688 605 648 729 640 725 -7946 1870 1592 301 198 47 26 127 -62
1534181437.1417496 688 605 648 729 639 726 -7898 1806 1686 272 159 84 27 127 -62
1534181437.2088351 688 605 648 729 640 725 -7962 1908 1590 245 18 164 26 126 -63
1534181437.2772498 688 605 648 729 639 725 -7904 1860 1620 263 241 -80 28 126 -64
1534181437.3698647 688 605 648 729 639 725 -7966 1954 1644 279 124 159 28 127 -62
1534181437.4437973 688 605 648 729 639 726 -7886 1840 1660 211 151 40 27 127 -61
1534181437.5105093 688 604 648 729 639 725 -7976 1908 1670 204 164 13 28 127 -63
1534181437.5519278 688 604 648 729 639 726 -7932 1904 1656 216 123 47 24 128 -63
1534181437.6118605 688 604 648 729 640 726 -7934 1902 1678 148 79 98 27 127 -62
1534181437.680795 688 605 648 729 640 725 -7954 1832 1644 170 157 -40 28 129 -62
1534181437.7468634 688 605 648 729 639 726 -7952 1918 1688 218 86 55 28 128 -60
1534181437.8127599 688 605 648 729 640 726 -7930 1860 1612 315 109 13 28 125 -63
1534181437.8807118 688 605 648 729 640 726 -7926 1844 1642 155 90 144 27 127 -61
1534181437.9483528 688 605 648 729 639 725 -7982 1954 1606 203 146 40 28 126 -63
1534181438.0199094 688 604 648 729 639 726 -7900 1852 1680 283 179 73 27 126 -61
1534181438.1027653 688 604 648 729 639 726 -7940 1902 1716 210 118 74 26 125 -62
1534181438.1647773 688 605 648 729 639 725 -7904 1934 1654 252 138 -64 27 128 -63
1534181438.2167017 688 605 648 729 639 726 -7920 1912 1666 219 122 89 25 128 -63
1534181438.284767 688 605 648 729 640 725 -7938 1832 1644 145 145 -102 27 127 -63
1534181438.3517265 687 605 648 729 639 726 -7944 1932 1656 175 98 90 29 128 -62
1534181438.4197943 687 605 648 729 640 726 -7898 1864 1676 235 141 -33 27 126 -64
1534181438.4857247 687 604 648 729 640 725 -7972 1846 1640 174 82 86 27 128 -64
1534181438.5527046 687 605 648 729 639 726 -7946 1898 1704 294 146 -62 27 127 -62
1534181438.621714 688 605 648 729 640 725 -7916 1888 1660 229 -7 202 26 127 -61
1534181438.7031896 687 604 648 729 640 726 -7954 1898 1666 170 187 -126 24 128 -62
1534181438.7740324 688 605 648 729 640 726 -7982 1884 1674 216 63 104 29 127 -62
1534181438.831746 688 604 648 729 639 726 -7932 1878 1616 246 145 81 28 127 -61
1534181438.892288 688 604 648 729 639 725 -7930 1900 1688 209 128 -41 24 125 -62
1534181438.9600055 688 605 648 729 640 726 -7962 1906 1590 200 105 55 28 125 -62
1534181439.0277488 688 605 648 729 639 725 -7924 1860 1632 190 152 -25 27 126 -62
1534181439.0951157 688 605 648 729 640 726 -7930 1896 1648 216 115 65 29 128 -61
1534181439.1631284 688 605 648 729 640 725 -7940 1858 1676 238 136 -23 27 127 -61
1534181439.2300541 688 605 648 729 640 726 -7898 1956 1618 258 129 70 28 130 -62
1534181439.2983785 688 604 648 729 640 725 -7948 1870 1636 237 162 20 26 128 -62
1534181439.473855 688 604 648 729 640 725 -7904 1830 1690 231 96 -22 28 128 -63
1534181439.6077151 687 605 648 729 640 725 -8002 1838 1666 218 75 110 27 127 -63
1534181439.6816504 688 605 648 729 640 725 -7908 1912 1660 297 152 -22 27 127 -61
1534181439.7226882 688 605 648 729 640 725 -7948 1872 1614 199 95 109 28 126 -64
1534181439.7545369 688 605 648 729 640 726 -7960 1858 1628 219 183 -44 28 126 -61
1534181439.7963867 688 605 648 729 640 726 -7938 1898 1692 217 64 80 26 127 -63
1534181439.8427546 688 605 648 729 639 725 -7888 1902 1670 183 129 -18 28 128 -62
1534181439.887936 688 605 648 729 640 726 -7948 1864 1698 213 165 -7 26 128 -62
1534181439.9368992 688 604 648 728 640 726 -7966 1894 1668 321 75 135 28 127 -61
1534181439.9857955 688 605 648 729 639 725 -7900 1892 1628 247 132 10 27 127 -62
1534181440.1312819 688 605 648 729 640 725 -7956 1872 1626 203 118 -45 28 127 -61
1534181440.227557 687 605 648 729 639 726 -7936 1932 1666 239 155 38 28 127 -61
1534181440.2775414 687 605 648 729 639 725 -7922 1798 1704 240 140 -6 27 128 -63
1534181440.3125224 687 605 648 729 639 725 -7988 1912 1694 259 32 159 29 129 -62
1534181440.3595793 687 604 648 729 639 725 -7856 1838 1652 224 177 -42 28 126 -62
1534181440.4107654 687 605 648 729 639 725 -7964 1886 1656 194 135 53 29 127 -62
1534181440.4578931 687 605 648 729 640 726 -7956 1822 1624 285 106 3 28 126 -62
1534181440.511645 687 605 648 729 639 725 -7914 1892 1678 215 115 119 27 125 -61
1534181440.5767605 687 605 647 729 639 725 -7914 1868 1654 209 184 -31 28 126 -62
1534181440.6452987 687 605 648 729 639 726 -7952 1898 1616 239 141 127 27 129 -62
1534181440.7787662 687 605 648 729 639 726 -7920 1846 1696 193 200 6 29 126 -62
1534181440.8598428 687 605 648 729 640 726 -7958 1888 1704 204 43 90 27 126 -63
1534181440.9257193 687 604 648 729 640 725 -7896 1904 1626 277 123 98 27 128 -62
1534181440.9715192 687 604 648 729 639 725 -7998 1858 1666 288 188 8 25 127 -62
1534181441.0046763 687 605 648 729 639 726 -7946 1854 1686 276 96 -81 29 128 -63
1534181441.0424297 687 604 648 729 639 725 -7906 1892 1600 152 61 295 25 127 -60
1534181441.1107092 688 605 648 729 640 725 -7968 1930 1678 226 254 -57 28 127 -61
1534181441.1787908 687 604 647 729 639 725 -7920 1860 1762 185 14 102 29 129 -62
1534181441.2472105 687 605 648 729 640 726 -7936 1876 1622 322 135 233 29 127 -62
1534181441.3151577 687 605 648 729 640 725 -7924 2016 1632 450 243 224 29 129 -61
1534181441.4285252 687 605 648 729 640 725 -8108 2068 1672 563 245 -142 27 128 -63
1534181441.5324404 687 605 648 729 640 726 -7764 1650 1664 379 159 11 27 126 -62
1534181441.5945635 687 604 648 729 639 725 -7876 1946 1708 212 135 70 27 128 -65
1534181441.6345434 687 605 647 729 640 726 -7884 1922 1600 387 117 395 28 126 -63
1534181441.67259 687 605 648 729 639 725 -7880 1956 1686 249 103 157 27 127 -62
1534181441.7204356 687 605 648 729 639 726 -8062 2066 1522 326 47 238 28 127 -63
1534181441.791339 687 604 647 729 640 725 -7942 2108 1586 447 335 -368 26 127 -61
1534181441.85935 687 605 648 729 639 726 -7820 1722 1704 249 225 -103 24 128 -63
1534181441.9264917 687 605 648 729 639 725 -7948 1920 1674 15 -34 329 27 126 -62
1534181441.9946964 687 605 647 729 639 725 -7942 2056 1540 192 61 187 26 127 -61
1534181442.148618 687 605 647 729 640 726 -8030 2088 1676 384 124 -205 27 128 -63
1534181442.2605474 687 605 647 729 639 725 -7890 1872 1630 275 157 -173 27 128 -62
1534181442.3264728 687 605 648 729 639 725 -7878 1816 1666 -53 194 36 29 126 -62
1534181442.3664384 687 605 648 729 639 725 -7896 1866 1620 -104 -28 231 27 127 -62
1534181442.4015713 687 605 648 729 639 725 -7978 2142 1542 108 39 3 27 127 -63
1534181442.454016 687 605 648 729 639 725 -7880 1818 1684 211 223 -228 28 128 -63
1534181442.5036077 687 605 648 729 639 725 -7934 1950 1706 341 75 50 28 127 -61
1534181442.5496218 687 605 648 729 640 725 -7884 1904 1614 142 103 124 26 127 -61
1534181442.6047015 687 605 648 729 639 725 -7986 1926 1620 191 148 -58 24 128 -64
1534181442.67195 687 605 648 729 639 726 -7930 1940 1628 315 145 58 28 128 -63
1534181442.8865569 687 604 648 729 639 726 -7934 1918 1608 281 183 154 26 127 -62
1534181443.0146475 687 605 648 729 639 725 -7918 1932 1602 318 136 -62 28 128 -62
1534181443.0907676 687 605 647 728 639 726 -7952 1898 1620 214 87 175 28 128 -63
1534181443.1273048 687 605 648 729 639 726 -7946 1974 1608 234 135 -72 26 127 -63
1534181443.1623523 687 605 648 729 639 725 -7878 1962 1618 281 149 77 27 129 -62
1534181443.2014236 687 605 648 729 639 726 -7916 1910 1590 158 96 -16 27 127 -64
1534181443.2385373 687 605 648 729 639 725 -7934 1950 1624 200 132 65 27 129 -62
1534181443.2743473 687 604 648 729 639 725 -7936 1938 1692 237 156 105 27 127 -62
1534181443.3105543 688 604 648 729 640 725 -7926 1942 1624 133 101 23 25 127 -61
1534181443.352477 688 605 648 729 640 725 -7920 1908 1634 266 124 -25 26 130 -63
1534181443.5140588 687 605 648 729 639 725 -7922 1960 1624 209 14 149 25 127 -63
1534181443.6129622 687 605 647 729 639 725 -7942 1956 1572 210 186 -85 27 127 -63
1534181443.7073994 687 605 648 729 639 725 -7902 1904 1628 217 141 81 27 127 -63
1534181443.7583141 687 604 648 729 639 726 -7980 1968 1684 254 169 58 27 128 -61
1534181443.7932749 687 605 648 729 639 725 -7912 1968 1672 178 70 51 28 129 -64
1534181443.8283122 687 605 648 729 639 725 -7936 1890 1656 186 196 -19 25 126 -62
