1534194954.3735785 679 579 614 725 625 718 -3484 -290 7488 282 90 174 11 109 17
1534194954.4505243 679 579 614 725 625 719 -3366 -92 7374 86 16 -16 9 110 15
1534194954.514511 679 579 614 725 625 719 -3374 -332 7456 340 166 196 11 110 16
1534194954.577106 679 579 614 725 625 719 -3334 -82 7422 230 -181 90 9 109 16
1534194954.639482 679 579 614 725 625 720 -3348 -200 7422 89 167 -75 10 109 14
1534194954.7175522 679 579 614 725 625 720 -3322 -214 7498 715 -342 370 10 110 14
1534194954.7820613 679 579 614 725 625 719 -3526 -548 7336 1030 -567 1297 11 109 15
1534194954.8550274 679 579 614 725 625 720 -3184 16 7498 1295 -294 -386 10 108 15
1534194954.9214146 679 579 614 725 625 719 -3220 -96 7482 478 -2 -518 11 111 16
1534194954.9838848 679 579 614 725 625 719 -3286 -246 7438 2209 -1566 -705 9 109 16
1534194955.1088018 679 579 614 725 625 719 -3160 152 7856 305 300 -71 8 110 15
1534194955.1807885 679 579 614 725 625 719 -3154 -4 7358 -540 380 -195 9 106 16
1534194955.234399 679 579 614 725 625 719 -3236 -24 7508 -218 492 -169 9 107 18
1534194955.2968838 679 579 614 725 625 719 -3216 -94 7610 -190 184 93 11 107 15
1534194955.3482325 679 579 614 725 625 719 -3144 4 7586 104 290 -202 10 107 16
1534194955.383295 679 579 614 725 625 719 -3216 -216 7430 -359 547 -415 12 109 16
1534194955.4526243 679 579 614 725 625 719 -3244 -142 7440 -257 292 37 12 107 16
1534194955.515268 679 579 614 725 625 719 -3280 -192 7432 -13 134 -58 10 109 17
1534194955.5775962 679 579 614 725 625 719 -3274 -174 7572 216 207 -254 12 107 16
1534194955.660648 679 579 614 725 625 718 -3264 -190 7436 348 -83 -103 12 109 17
1534194955.716641 679 579 614 725 625 719 -3276 -272 7468 447 169 -80 13 110 16
1534194955.7947476 679 579 614 725 625 719 -3238 -134 7592 -155 180 -49 12 109 17
1534194955.8524141 679 579 614 725 625 718 -3262 -310 7366 180 110 -2 12 108 16
1534194955.9277773 679 579 614 725 625 720 -3244 -262 7512 156 152 -60 12 109 18
1534194955.984857 679 579 614 725 625 719 -3298 -280 7464 216 175 -70 12 109 18
1534194956.0475438 679 579 614 725 625 719 -3262 -206 7494 221 68 89 13 107 16
1534194956.1254485 679 579 614 725 625 719 -3264 -394 7438 121 165 -72 12 108 17
1534194956.1856992 679 579 614 725 625 719 -3256 -274 7528 518 3 -9 13 109 14
1534194956.248439 679 579 614 725 625 720 -3230 -170 7534 47 160 145 14 112 16
1534194956.3235495 679 579 614 725 625 719 -3262 -226 7564 279 100 72 12 111 16
1534194956.3976521 679 579 614 725 625 719 -3254 -270 7446 304 133 -37 10 109 16
1534194956.4547524 679 579 614 725 625 719 -3220 -206 7512 246 127 0 13 108 15
1534194956.5179317 679 579 614 725 625 720 -3242 -244 7490 399 19 47 15 107 16
1534194956.580417 679 579 614 725 625 720 -3294 -224 7572 285 196 5 12 109 17
1534194956.648048 679 579 614 725 625 720 -3196 -168 7486 112 191 8 9 108 14
1534194956.7029293 679 579 614 725 625 718 -3254 -354 7424 497 -72 -36 11 108 15
1534194956.765416 679 579 614 725 625 719 -3234 -126 7486 335 -8 21 11 110 17
1534194956.8357043 679 579 614 725 625 719 -3262 -218 7522 162 121 71 14 109 17
1534194956.9121525 679 579 614 725 625 720 -3250 -214 7488 306 -2 115 13 109 17
1534194956.9669838 679 579 614 725 625 719 -3216 -230 7502 230 327 -63 14 108 16
1534194957.0355608 679 579 614 725 625 719 -3228 -184 7620 43 76 120 12 108 16
1534194957.098047 679 579 614 725 625 719 -3206 -230 7502 88 299 -16 14 109 17
1534194957.1757236 679 579 614 725 625 719 -3234 -232 7566 312 18 46 14 108 15
1534194957.2343473 679 579 614 725 625 719 -3186 -130 7526 146 162 90 12 109 15
1534194957.2968223 679 579 614 725 625 719 -3290 -376 7452 331 -77 50 13 109 16
1534194957.3678186 679 579 614 725 625 720 -3096 -116 7258 64 -720 122 12 110 17
1534194957.4435508 679 579 614 725 625 718 -3306 -378 7326 -348 -507 197 12 108 19
1534194957.4989088 679 579 614 725 625 719 -2848 40 7412 825 -728 -1220 14 110 17
1534194957.5770183 679 579 614 725 625 719 -2824 -280 7896 1330 -1295 -319 14 108 19
1534194957.6552906 679 579 614 725 625 719 -3416 -426 7300 5358 -2487 -1293 14 105 17
1534194957.7185757 679 579 615 725 625 719 -3034 30 5258 2302 -4261 -338 12 107 20
1534194957.7810612 679 579 615 725 625 719 -2210 230 7790 -3385 1792 1374 12 107 21
1534194957.8658853 679 579 616 725 625 719 -2332 284 6436 8045 -2318 -1386 10 101 23
1534194957.934963 679 579 616 725 625 720 -2478 -82 7186 4144 -702 -161 11 102 22
1534194958.0012338 679 579 617 726 625 720 -3208 -364 9258 5055 -1982 -623 7 97 23
1534194958.0730052 679 579 619 725 625 719 -1454 3214 8472 -4731 4196 -226 10 97 26
1534194958.1432068 679 579 619 725 625 720 -3254 -288 8712 -4589 7755 4902 6 99 24
1534194958.2140217 679 579 616 725 625 719 -2286 1016 4682 -686 2972 2441 10 103 20
1534194958.2692525 679 579 615 725 625 720 -3000 456 8046 -292 -4682 -1423 4 110 16
1534194958.348409 679 579 615 725 625 719 -2830 692 8300 93 346 666 4 106 19
1534194958.415201 679 579 615 725 625 719 -2684 672 7444 298 -170 -329 6 102 18
1534194958.4685001 679 579 615 725 625 719 -2878 498 7932 -140 223 -201 7 104 19
1534194958.534408 679 579 615 725 625 719 -2696 570 7548 234 410 -400 6 105 20
1534194958.6125197 679 579 615 725 625 719 -2944 318 7710 -61 40 -247 6 106 20
1534194958.6786397 680 579 615 725 625 720 -2828 460 7666 151 325 -123 6 105 19
1534194958.7342665 678 579 615 725 625 719 -2864 424 7658 373 87 -108 8 106 20
1534194958.8083282 679 579 615 725 625 719 -2820 568 7630 86 304 -147 4 105 19
1534194958.869122 679 579 615 725 625 720 -2882 352 7650 136 82 22 9 106 20
1534194958.9367516 679 579 615 725 624 719 -2806 452 7632 273 121 -13 7 105 19
1534194958.985722 679 579 615 725 625 720 -2842 470 7610 67 137 81 7 105 18
1534194959.0638287 679 579 615 725 625 720 -2832 418 7718 194 183 -99 7 105 21
1534194959.126314 679 579 615 725 625 720 -2818 450 7656 -246 197 -446 9 107 20
1534194959.1971872 679 579 615 725 625 719 -2866 188 7714 329 171 -250 8 104 19
1534194959.2488909 679 579 615 725 624 719 -2838 384 7644 53 12 -37 9 105 21
1534194959.3250432 679 579 615 725 625 719 -2958 380 7740 69 226 -127 8 105 21
1534194959.3902833 679 579 615 725 625 719 -2820 310 7630 224 147 -20 8 108 20
1534194959.4526377 679 579 615 725 625 719 -2884 286 7662 -3 114 -66 10 105 20
1534194959.5151231 679 579 615 725 625 719 -2818 328 7728 139 271 -12 9 106 19
1534194959.5776093 679 579 615 725 625 719 -2888 236 7592 323 -75 162 8 106 20
1534194959.6505816 679 579 615 725 625 720 -2834 466 7626 -126 279 -24 8 107 19
1534194959.7318413 679 579 615 725 625 720 -2910 204 7642 507 176 -19 9 104 21
1534194959.7630868 679 579 615 725 625 718 -2834 346 7602 232 76 2 8 105 19
1534194959.8399894 679 579 615 725 624 719 -2846 314 7712 -10 260 4 9 105 20
1534194959.9065437 679 579 615 725 624 719 -2844 264 7640 191 64 -166 10 107 20
1534194959.9674466 679 579 615 725 625 719 -2886 202 7654 257 -8 28 9 105 19
1534194960.0298483 679 579 615 725 625 719 -2858 340 7682 255 123 128 12 105 21
1534194960.0923336 679 579 615 725 625 718 -2794 262 7692 294 229 -45 9 105 17
1534194960.1641533 679 579 615 725 625 719 -2850 314 7616 188 189 17 9 106 20
1534194960.2185454 679 579 615 725 625 719 -2928 214 7552 216 79 8 9 106 21
1534194960.295423 679 579 615 725 625 719 -2614 590 7870 1181 -3032 -293 8 106 19
1534194960.3508558 679 579 614 725 625 719 -2612 -298 7352 2742 -2554 49 9 105 22
1534194960.4309409 679 579 614 725 625 719 -1952 618 7600 1422 -4867 358 9 101 24
1534194960.499489 679 579 616 725 625 719 -2466 538 7274 1371 -3303 293 10 101 24
1534194960.5621517 679 579 617 725 625 719 -1936 804 9448 2171 -2424 -39 9 97 29
1534194960.624608 679 579 620 725 625 719 -848 1200 8514 3012 -64 -848 8 93 29
1534194960.6865096 679 579 618 725 625 720 70 1528 7984 -5496 -212 -112 6 91 29
1534194960.748996 679 579 617 725 624 719 -954 1194 8228 1871 49 406 4 88 30
1534194960.8302197 679 580 617 725 624 720 -1358 870 7964 -839 1605 -562 6 88 31
1534194960.8834794 679 579 618 725 624 720 -2138 14 9010 1982 2023 -1542 7 88 28
1534194960.9673693 679 579 616 725 624 720 -1106 1346 8484 1471 3090 -1898 8 89 32
1534194961.029856 679 579 618 725 625 719 -2632 228 7626 -878 11036 1626 6 91 28
1534194961.0923395 679 579 614 725 624 720 -1860 1636 5122 -2292 2348 367 6 97 23
1534194961.1718876 679 579 614 725 624 720 -2928 210 8844 -1329 -2405 186 4 105 18
1534194961.2335472 680 579 614 725 625 720 -2452 956 7732 1928 388 1059 5 103 21
1534194961.301093 679 579 614 725 624 719 -2564 984 7450 125 207 140 5 99 19
1534194961.3662548 679 579 614 725 624 720 -2484 810 7704 -289 -511 -368 5 103 23
1534194961.4347055 679 579 614 725 625 720 -2584 646 7944 444 20 215 4 101 20
1534194961.4831755 679 579 614 725 624 720 -2358 786 7512 3 68 214 7 103 23
1534194961.5612826 679 579 614 725 625 719 -2514 772 7708 -153 -380 -128 6 102 22
1534194961.6237655 679 579 614 725 625 719 -2502 800 7816 401 236 169 6 102 22
1534194961.703813 679 579 614 725 624 720 -2466 740 7806 321 76 128 4 100 23
1534194961.7520015 679 579 614 725 624 720 -2490 782 7832 282 763 -154 4 100 24
1534194961.8231976 679 579 614 725 625 719 -2484 654 7582 -54 281 53 5 101 23
1534194961.8733227 679 579 614 725 624 719 -2570 792 7880 93 -112 142 5 103 22
1534194961.9524632 679 579 614 725 624 719 -2532 730 7684 93 181 -151 7 102 24
1534194962.0149496 679 579 614 725 625 720 -2444 740 7802 -177 251 -3 7 103 22
1534194962.0774348 679 579 614 725 625 719 -2590 538 7708 351 -167 215 5 103 21
1534194962.1481137 679 579 614 725 625 719 -2408 874 7788 169 85 108 5 103 22
1534194962.2014747 679 579 614 725 624 720 -2522 678 7700 -51 205 -10 6 104 25
1534194962.2641299 679 579 614 725 624 719 -2472 706 7796 199 8 -204 4 100 23
1534194962.3483303 679 579 614 725 624 720 -2440 642 7682 271 -4 24 6 102 21
1534194962.4029415 679 579 614 725 624 719 -2508 668 7854 240 25 65 5 101 23
1534194962.4512246 679 579 614 725 624 719 -2504 694 7672 97 123 65 7 101 22
1534194962.5293312 679 579 614 725 624 719 -2440 812 7858 104 414 -241 7 101 22
1534194962.591953 679 579 614 725 624 719 -2640 550 7754 -86 329 -400 8 101 22
1534194962.6610954 679 579 614 725 624 719 -2534 570 7798 359 267 26 6 102 20
1534194962.7190435 679 579 614 725 624 720 -2462 688 7734 252 -37 118 5 103 24
1534194962.7899761 679 579 614 724 624 720 -2502 564 7770 730 -41 27 6 101 21
1534194962.8508503 679 579 614 725 624 719 -2396 664 7880 338 116 95 6 102 22
1534194962.9200172 678 579 614 725 624 719 -2574 608 7662 376 -91 -264 8 101 22
1534194962.9989944 679 579 614 725 624 719 -2230 572 7876 251 -175 -439 8 102 23
1534194963.0458364 679 579 614 725 625 719 -2488 634 7760 392 363 156 5 101 23
1534194963.1141317 679 579 614 725 624 719 -2466 630 7732 250 -10 193 7 103 20
1534194963.1807368 679 579 614 725 624 720 -2454 714 7728 320 73 -89 8 101 22
1534194963.2479336 679 579 614 725 624 719 -2346 686 7534 -169 -1771 493 8 101 23
1534194963.3171668 679 579 614 725 625 719 -2266 542 8010 1891 -2724 -585 8 99 25
1534194963.3834443 679 579 615 725 624 719 -2166 836 8160 175 1193 -1998 9 99 23
1534194963.4512823 679 579 616 725 624 719 -2192 620 7926 -498 -669 630 12 98 25
1534194963.513529 679 579 618 725 624 719 -1476 514 8498 -6360 -2944 1809 10 97 26
1534194963.5917566 679 579 616 725 624 719 -1870 -152 8058 4256 -309 -2217 10 96 27
1534194963.673263 679 579 616 725 624 720 -614 2074 6942 -2661 -4745 -395 12 95 27
1534194963.7180936 679 579 617 725 624 719 -1258 1820 7270 376 3499 -454 10 95 29
1534194963.796202 679 579 617 725 624 720 -1642 1064 6242 -665 1480 352 10 93 27
1534194963.8567593 679 579 617 725 624 719 -2158 592 8384 -920 549 131 8 96 27
1534194963.930331 679 579 616 726 624 719 -1962 308 8970 -1742 1173 911 9 93 28
1534194963.9841638 679 579 615 725 624 719 -2142 792 6978 -1536 6501 1267 9 93 27
1534194964.0622733 679 579 614 725 624 719 -2248 200 6348 667 -732 851 7 97 28
1534194964.1247582 679 579 615 725 624 718 -2160 750 8582 1153 -1171 668 8 102 22
1534194964.1985404 679 579 614 725 624 719 -2170 856 7556 -196 1196 -107 9 99 26
1534194964.264501 679 579 614 725 624 720 -2278 642 7960 399 -603 -247 6 99 24
1534194964.3360748 679 579 614 725 624 719 -2258 834 7892 3 564 157 7 100 25
1534194964.3835588 679 579 614 725 624 719 -2264 614 7778 137 115 15 6 100 25
1534194964.4524653 679 579 614 725 624 719 -2228 630 7912 -38 335 170 8 100 23
1534194964.5149498 679 579 615 725 624 719 -2270 740 7700 -70 201 69 10 101 24
1534194964.5774372 679 579 614 725 624 719 -2282 606 7904 223 341 95 7 98 25
1534194964.6399205 679 579 614 725 624 719 -2254 702 7740 -142 285 117 6 100 24
1534194964.712491 679 579 614 725 624 719 -2280 590 7932 74 116 189 8 98 26
1534194964.7654917 679 579 614 724 624 719 -2308 652 7726 224 146 -110 7 101 25
1534194964.835236 679 579 614 725 624 720 -2260 722 7882 -32 245 83 8 98 25
1534194964.9061358 679 579 614 725 624 719 -2324 504 7786 205 107 154 9 101 25
1534194964.9664588 679 579 614 725 624 719 -2230 722 7918 293 186 -19 8 101 23
1534194965.0289447 679 579 614 725 624 719 -2258 666 7774 162 69 -21 7 99 23
1534194965.0914295 679 579 614 725 624 719 -2326 504 7782 476 41 -8 7 99 24
1534194965.160502 679 579 614 725 624 720 -2256 688 7834 406 180 -59 8 100 23
1534194965.216901 679 579 614 725 624 719 -2280 646 7910 43 135 111 7 99 22
1534194965.279387 679 579 614 725 624 719 -2282 606 7802 75 170 -26 10 99 26
1534194965.3514683 679 578 614 725 624 719 -2330 568 7868 413 -84 -29 8 101 25
1534194965.413952 679 579 615 725 624 720 -2272 664 7836 158 197 -95 7 100 24
1534194965.4766288 679 579 614 725 624 720 -2274 544 7776 238 -58 36 9 100 25
1534194965.5389245 679 579 614 725 624 719 -2270 608 7820 168 227 -108 6 98 24
1534194965.6014092 679 579 614 725 624 719 -2304 558 7940 270 108 76 9 99 23
1534194965.6728454 679 579 614 725 624 719 -2264 636 7740 507 45 -115 7 99 25
1534194965.7322354 679 579 614 725 624 719 -2270 616 7898 167 238 39 8 100 25
1534194965.7947226 679 579 614 725 624 719 -2260 626 7770 35 204 -21 9 101 26
1534194965.8511803 679 579 614 725 624 719 -2368 562 7886 421 294 -192 8 99 24
1534194965.927968 679 579 614 725 624 719 -2274 712 7794 221 146 15 9 99 25
1534194965.9827192 679 579 614 724 624 718 -2304 618 7870 71 352 -23 9 99 25
1534194966.0452027 679 579 614 725 624 719 -2194 656 7792 -164 659 -333 7 100 24
1534194966.123311 679 579 614 725 624 719 -2712 618 7062 -152 75 -226 9 99 26
1534194966.1919358 680 579 614 725 624 719 -2394 524 8516 1080 -1342 -58 10 101 25
1534194966.2645588 679 579 614 725 624 719 -2086 910 7766 835 -1738 -416 7 99 24
1534194966.329427 679 578 615 724 624 719 -2508 670 9264 3325 -852 -1619 9 100 24
1534194966.3838377 679 579 615 725 624 719 -1784 1430 7850 233 -1289 -268 10 96 27
1534194966.4677243 679 579 616 725 624 719 -1072 1084 9084 -304 -5424 -443 10 98 26
1534194966.5300043 679 579 617 725 624 719 -692 2554 7924 -2291 2352 -482 11 92 30
1534194966.592491 679 579 617 725 624 719 -1250 866 7902 324 108 784 10 92 28
1534194966.6691144 679 579 617 725 624 720 -1642 922 8260 1192 1543 -17 10 92 30
1534194966.7336378 679 578 616 725 624 719 -2246 48 7802 -1260 2047 -815 10 94 27
1534194966.7958622 679 579 615 725 624 719 -2138 338 8624 -1457 6463 155 11 96 28
1534194966.8674414 679 579 615 725 624 719 -2446 482 5664 -1424 6406 -1565 11 99 23
1534194966.9521132 679 579 614 725 624 720 -2796 -516 7568 -1343 -4673 379 9 104 22
1534194966.9990103 679 579 614 725 624 720 -2468 382 8556 1386 21 434 14 101 21
1534194967.0614636 679 579 614 725 624 719 -2366 394 7404 4 434 221 15 101 23
1534194967.1395712 678 579 614 725 624 719 -2616 -26 7972 312 -5 -39 13 103 21
1534194967.2036915 679 579 615 725 624 719 -2424 368 7606 338 389 0 14 101 22
1534194967.2648673 679 579 614 725 624 719 -2554 202 7848 282 -118 86 14 102 23
1534194967.335449 679 579 614 725 624 719 -2418 338 7748 320 232 -27 12 102 23
1534194967.402551 679 579 614 724 624 719 -2494 278 7836 -60 234 103 11 101 22
1534194967.466923 679 579 615 725 624 719 -2488 260 7724 113 164 10 14 102 24
1534194967.5293596 679 579 614 725 624 719 -2484 224 7780 251 249 -1 13 100 24
1534194967.5918446 679 579 615 725 624 719 -2466 308 7864 -137 168 118 12 102 23
1534194967.661599 679 579 614 725 624 719 -2532 96 7700 45 120 76 14 103 21
1534194967.7169132 679 579 614 724 624 719 -2454 218 7756 143 136 140 13 103 24
1534194967.7793531 679 579 614 725 624 719 -2460 252 7822 -149 393 51 13 102 22
1534194967.850836 679 579 614 724 624 719 -2572 146 7788 59 138 142 14 103 21
1534194967.924349 678 579 614 725 624 718 -2476 284 7746 287 231 79 15 104 23
1534194967.983972 678 579 614 725 624 719 -2502 136 7774 148 335 -79 14 103 21
1534194968.0463772 679 579 614 725 624 719 -2568 262 7840 356 -121 98 13 103 24
1534194968.108864 679 579 614 725 624 718 -2460 232 7668 145 383 18 14 102 23
1534194968.1878986 679 579 614 725 624 719 -2474 272 7792 -271 -149 -8 13 101 24
1534194968.249823 678 579 614 725 624 719 -2488 194 7804 452 196 44 10 102 23
1534194968.3201034 679 579 614 725 624 718 -2288 390 7738 -39 -672 161 12 101 23
1534194968.3847196 679 579 614 725 624 719 -2560 82 8206 17 1719 -96 13 102 21
1534194968.4525797 679 579 614 725 624 719 -2220 392 8708 625 2484 -448 15 103 24
1534194968.514901 679 579 614 725 624 719 -2210 1316 7620 -1018 186 -250 12 104 21
1534194968.593058 679 579 616 725 624 720 -2440 568 8288 -3628 -4431 2440 14 105 21
1534194968.6591504 679 579 616 724 624 719 -2372 776 8250 -1224 119 8 11 99 22
1534194968.7169337 679 579 617 725 624 719 -2650 -808 7038 146 -1683 98 14 100 24
1534194968.795042 679 579 617 725 623 719 -2226 820 8808 -1762 1182 -2398 13 100 23
1534194968.8647642 679 579 617 725 624 720 -2298 114 7168 2222 -392 1952 16 99 23
1534194968.9493313 679 579 617 725 623 720 -2770 52 8454 398 1808 1533 15 98 25
1534194968.9996169 679 579 616 725 623 719 -2196 460 8434 -3551 5675 3041 13 99 24
1534194969.062103 679 579 615 725 624 719 -2910 78 5318 3127 1030 601 11 101 23
1534194969.124634 679 579 615 725 624 718 -2480 320 8166 -96 -4022 95 9 105 18
1534194969.2021708 679 579 615 725 624 719 -2500 540 8266 1286 1150 -394 11 104 22
1534194969.264729 679 579 615 724 623 719 -2496 554 7246 -5 -307 -113 8 101 23
1534194969.3382602 679 579 615 724 624 719 -2584 280 8172 -331 204 -211 10 103 22
1534194969.4045632 679 579 614 724 624 719 -2570 254 7484 106 245 -370 9 102 21
1534194969.4677992 679 579 614 725 624 719 -2566 218 7882 305 104 -68 10 102 20
1534194969.5304236 679 579 614 725 624 719 -2576 328 7644 375 -16 1 11 104 22
1534194969.608326 679 579 614 725 624 719 -2558 260 7798 16 291 -17 10 100 23
1534194969.6651328 678 579 615 725 624 720 -2582 306 7736 255 183 -30 10 103 22
1534194969.7190936 679 579 614 724 624 719 -2528 300 7750 -547 338 -157 11 101 22
1534194969.793999 679 579 614 725 624 719 -2624 82 7736 277 -73 46 10 104 22
1534194969.8509746 679 579 615 725 623 719 -2442 352 7722 187 290 -74 11 102 21
1534194969.9308927 679 579 614 724 623 720 -2618 354 7870 -1004 375 -43 11 102 21
1534194969.9825263 679 579 614 725 623 719 -2688 -84 7772 -27 553 47 11 103 23
1534194970.0606322 679 579 614 725 624 719 -2602 154 7616 900 -240 -21 13 103 21
1534194970.1231186 679 579 614 725 624 719 -2556 272 7886 354 155 -106 13 103 20
1534194970.1975288 679 579 614 724 624 718 -2598 208 7640 301 -28 -133 11 102 22
1534194970.265113 679 579 614 725 624 720 -2590 158 7814 461 91 -84 12 102 21
1534194970.3274658 679 579 614 724 624 719 -2570 294 7752 312 109 -111 9 103 23
1534194970.3829992 679 579 614 725 624 719 -2614 276 7696 -34 -74 -236 12 103 22
1534194970.451567 678 579 614 725 624 719 -2670 228 7820 141 553 111 11 103 20
1534194970.5296729 678 579 614 725 624 719 -1768 714 7480 1234 -4488 -1697 13 103 22
1534194970.5921588 679 579 615 724 624 719 -3448 -674 7670 2774 5619 -278 13 103 23
1534194970.671415 679 579 619 725 623 719 -1996 -334 5526 84 -3184 1283 12 102 23
1534194970.7318912 679 579 617 725 624 719 -1930 18 7712 -2275 -2029 1592 11 103 22
1534194970.794378 679 579 620 725 624 719 -1850 396 6720 714 -2 -1647 12 100 23
1534194970.8771474 679 579 620 725 623 719 -1372 1462 7150 -3257 -434 2216 13 98 23
1534194970.9520724 679 579 619 725 623 719 -2808 -1056 7638 773 3574 -457 12 96 24
1534194971.0145578 679 579 619 725 623 719 -1932 904 8166 -4451 -1743 484 15 97 24
1534194971.0770438 679 579 618 725 624 719 -2288 -492 8008 -740 -1928 2716 16 98 24
1534194971.1552482 679 579 619 725 624 719 -1978 236 8650 -626 6596 3114 13 95 25
1534194971.217134 679 579 614 725 623 719 -2828 138 5256 56 4500 684 13 98 25
1534194971.2798197 679 579 614 725 624 718 -2704 -28 7744 -1568 -3817 -580 11 106 20
1534194971.3520675 679 579 615 725 624 719 -2798 -126 8320 603 1388 -759 13 105 22
1534194971.428859 678 579 614 725 624 719 -2678 -218 7220 763 -18 -198 16 104 19
1534194971.4832995 678 579 614 725 624 719 -2792 -50 7892 260 -47 18 13 106 21
1534194971.5612292 679 579 614 724 624 719 -2692 76 7616 -330 659 -293 13 104 20
1534194971.623715 679 579 614 724 623 719 -2944 -364 7654 403 -100 -285 13 106 20
1534194971.6964998 679 579 614 725 623 719 -2712 -40 7686 -274 613 76 14 105 20
1534194971.750755 679 579 614 725 623 719 -2784 -172 7728 292 98 -19 14 104 21
1534194971.829993 679 578 614 724 623 719 -2844 -112 7640 -127 491 -38 14 104 21
1534194971.8982697 679 579 614 725 623 719 -2766 -172 7692 502 -98 -209 17 105 19
1534194971.9522443 679 579 614 724 624 719 -2858 -148 7650 726 142 -42 15 106 22
1534194972.0303507 679 578 614 725 623 720 -2806 -154 7662 -31 155 1 15 105 20
1534194972.0928361 679 579 614 725 623 719 -2806 -152 7598 189 132 101 16 104 18
1534194972.155531 679 579 614 725 623 719 -2838 -176 7770 95 207 64 15 105 18
1534194972.2178082 679 579 614 724 624 719 -2772 -200 7646 3 51 117 16 104 19
1534194972.2802942 679 579 614 724 623 719 -2818 -212 7684 209 290 59 14 105 20
1534194972.3520777 679 579 614 725 624 719 -2808 -118 7684 237 105 54 15 106 19
1534194972.4237843 679 579 614 724 624 719 -2852 -86 7690 171 112 131 16 105 20
1534194972.484537 679 579 614 724 624 719 -2846 -186 7724 -121 530 3 15 106 21
1534194972.5472174 679 579 614 725 623 719 -2830 -102 7734 113 -1 150 13 103 20
1534194972.6095085 679 579 614 724 624 719 -2830 -252 7626 105 273 -19 15 105 20
1534194972.6904995 679 579 614 725 623 719 -2816 -144 7680 -99 131 199 17 106 19
1534194972.749838 678 579 614 724 624 719 -2814 -238 7620 9 135 167 15 102 21
1534194972.8211508 679 579 614 724 623 719 -2762 -136 7758 369 37 -17 14 105 19
1534194972.882717 679 579 614 725 624 719 -2866 -200 7600 348 -67 -80 15 104 17
1534194972.9523034 679 579 614 725 623 719 -2782 -242 7582 459 95 81 15 104 20
1534194973.014789 679 579 614 724 624 719 -2794 -218 7594 95 75 45 16 106 19
1534194973.0774784 679 579 614 724 623 719 -2766 -58 7834 538 -218 509 16 106 21
1534194973.1397605 679 579 614 725 623 719 -3098 -382 5848 1874 -2674 185 13 106 20
1534194973.2196314 679 579 614 724 623 719 -2882 314 9670 1645 1408 -2518 17 105 20
1534194973.2906003 679 579 615 725 624 719 -2358 344 7110 4704 -1638 82 16 102 22
1534194973.3515882 679 579 616 724 623 718 -2408 -816 8668 -3880 -9476 -381 15 104 23
1534194973.4328942 679 579 618 725 623 719 -2050 -126 6684 1998 3420 349 17 98 26
1534194973.497779 679 579 618 725 623 720 -1766 -202 6564 -3101 -3306 1007 17 98 27
1534194973.5602775 678 579 618 724 623 719 -2104 -572 7330 261 1329 -210 15 95 27
1534194973.6443725 679 579 617 724 623 719 -2516 -704 8384 775 1590 -452 18 98 27
1534194973.7023973 679 579 617 724 623 719 -2544 -516 7418 1936 -2489 855 18 97 27
1534194973.7656758 678 579 615 725 623 719 -1814 -478 8920 2438 -1445 4569 19 95 26
1534194973.84594 679 579 615 724 623 719 -1976 580 7666 838 8404 830 13 96 27
1534194973.915988 678 579 614 724 623 719 -2476 332 5310 -2307 2215 1328 12 102 23
1534194973.9832394 678 579 614 725 623 719 -2340 268 8616 -197 -4510 -1098 9 104 18
1534194974.0457613 679 579 614 724 623 719 -2518 100 8088 897 2516 -1308 10 102 24
1534194974.1082098 678 579 614 724 623 719 -2532 -154 7170 -239 -30 -46 14 103 22
1534194974.1892693 679 579 614 724 623 719 -2472 182 8114 -387 592 55 12 103 23
1534194974.2531497 678 579 614 724 623 719 -2518 88 7576 31 445 -464 11 103 23
1534194974.3203046 679 579 614 724 623 719 -2550 4 7864 57 319 -27 12 101 22
1534194974.367488 679 579 615 725 623 719 -2534 50 7710 -37 355 14 13 102 23
1534194974.4365792 678 579 614 724 623 719 -2588 -36 7840 87 165 -14 13 101 23
1534194974.4990659 679 579 614 724 623 719 -2560 16 7670 558 130 -122 11 103 21
1534194974.577175 678 579 614 724 623 719 -2504 108 7818 188 202 -17 14 101 23
1534194974.6410608 679 579 614 724 623 719 -2614 -10 7724 394 152 -84 13 101 22
1534194974.7029243 679 578 614 725 623 719 -2556 76 7830 48 315 89 12 103 20
1534194974.7654076 679 579 614 724 623 719 -2566 22 7698 239 25 12 12 103 22
1534194974.8331013 679 579 614 724 623 719 -2560 26 7812 -49 381 99 12 102 19
1534194974.8834188 679 579 614 724 623 719 -2572 34 7672 116 177 12 14 101 23
1534194974.962826 679 579 615 725 623 719 -2604 -34 7772 -24 221 54 11 103 22
1534194975.0157819 678 579 614 724 623 719 -2538 34 7734 405 176 -62 12 102 21
1534194975.0783675 679 579 614 724 623 719 -2576 94 7756 542 49 -3 13 102 24
1534194975.154757 679 579 614 724 623 719 -2632 -10 7770 45 235 -75 13 103 24
1534194975.2027464 679 579 614 724 623 718 -2642 6 7694 446 -47 29 14 102 22
1534194975.2808547 679 579 614 725 623 719 -2588 72 7822 96 380 112 15 104 21
1534194975.3476822 679 579 614 725 623 719 -2552 110 7704 156 174 -99 13 106 22
1534194975.4151196 679 579 614 724 623 719 -2640 -26 7692 336 288 -124 14 102 21
1534194975.4672806 679 578 614 725 623 719 -2616 106 7824 3 194 34 14 103 21
1534194975.5295956 679 578 614 724 623 719 -2630 -38 7602 322 292 -135 12 103 21
1534194975.623324 678 579 614 724 623 719 -2654 -138 7752 248 74 -57 12 103 21
1534194975.674322 679 579 614 724 623 719 -2622 78 7700 109 166 -7 15 101 21
1534194975.734099 679 579 614 724 623 719 -2646 -88 7770 261 284 -50 16 104 21
1534194975.7963903 679 578 614 724 623 718 -2326 -166 8084 293 -1291 387 13 103 20
1534194975.868786 679 578 614 724 623 719 -2438 4 8028 2799 548 112 13 103 23
1534194975.9356 679 579 614 724 623 719 -2542 340 7282 1290 -1338 635 10 103 21
1534194976.0137541 679 578 615 724 623 719 -2794 596 7898 -465 -2020 -2224 12 101 22
1534194976.0761926 679 579 616 724 623 719 -3444 -158 8866 -175 2706 -1252 13 100 22
1534194976.1546926 678 578 617 724 623 719 -2976 -378 9048 2445 -1725 -6 16 101 21
1534194976.2183177 679 579 617 724 623 719 -2676 12 9772 630 219 -2407 15 100 23
1534194976.296427 679 579 617 724 622 719 -2300 -168 7144 1774 -1180 -2 18 99 24
1534194976.3570657 678 579 617 724 623 719 -2290 420 7164 -372 806 -477 18 99 22
1534194976.42612 678 578 616 724 623 719 -2746 -236 7144 1533 -257 779 19 103 21
1534194976.4840326 678 579 617 724 623 719 -2714 -10 8484 -6 1698 1270 15 103 23
1534194976.5621397 678 578 615 724 623 719 -2440 386 7972 -3481 5859 1594 16 102 20
1534194976.624626 678 579 614 724 623 719 -2964 -18 5932 -143 -849 343 14 104 21
1534194976.6986153 679 579 614 724 623 720 -2696 -72 8570 80 -2172 323 15 104 18
1534194976.7655303 679 579 614 724 623 719 -2794 -60 7546 1030 728 -329 15 105 21
1534194976.836057 679 579 614 725 623 719 -2778 -152 7696 278 -309 -141 13 102 21
1534194976.900301 679 578 614 724 623 719 -2712 -32 7728 101 247 60 14 104 21
1534194976.9680977 679 578 615 724 623 719 -2738 -158 7570 449 -207 85 15 104 21
1534194977.0305834 679 579 614 725 623 718 -2748 -32 7806 239 216 15 14 103 20
1534194977.093069 679 579 614 725 623 719 -2744 -34 7746 -32 352 -31 15 104 21
1534194977.1625535 679 579 615 725 623 719 -2728 -94 7618 23 268 72 17 105 19
1534194977.2164845 679 579 614 724 623 719 -2748 -16 7706 415 136 -14 14 105 19
1534194977.2943773 679 579 614 725 623 719 -2744 -162 7646 308 101 -78 13 104 19
1534194977.351108 679 578 614 724 623 719 -2750 -88 7718 313 -81 139 15 103 22
1534194977.4299304 678 578 614 724 623 719 -2718 -100 7714 116 315 -140 14 104 21
1534194977.4826488 679 579 614 724 623 718 -2714 -138 7742 23 -5 147 13 105 21
1534194977.5451329 679 578 614 725 623 719 -2774 -24 7762 386 59 40 14 105 22
1534194977.6232395 678 578 614 725 623 720 -2746 -106 7614 -172 303 37 14 104 19
1534194977.6887784 679 579 614 724 623 719 -2764 -32 7808 62 50 25 14 104 20
1534194977.7501843 679 579 614 724 623 719 -2724 -16 7642 479 333 -2 15 106 20
1534194977.8191454 679 579 614 724 623 718 -2744 -122 7746 351 -85 26 14 105 19
1534194977.8853345 679 579 614 724 623 719 -2706 -46 7674 -43 542 -75 13 103 19
1534194977.9505126 678 579 614 724 623 718 -2706 -142 7752 191 -395 370 13 104 22
1534194978.0129614 679 578 614 724 623 719 -2718 -42 7674 297 196 103 15 104 22
1534194978.075445 679 578 614 724 623 719 -2738 -44 7724 -32 108 36 16 102 22
1534194978.1501093 679 579 614 724 623 718 -2736 -108 7726 174 218 75 15 104 20
1534194978.2177627 679 579 614 724 623 719 -2682 -80 7760 384 -63 296 14 102 22
1534194978.2802489 679 579 614 725 623 719 -2696 60 8122 114 1566 307 13 105 20
1534194978.3501213 678 579 614 724 623 718 -2394 238 7332 -768 132 981 12 105 19
1534194978.4196649 678 579 614 725 623 718 -3402 -44 7100 2458 -2280 -678 13 102 19
1534194978.4820142 679 578 617 724 623 719 -2984 -506 8624 1608 -215 1549 13 103 20
1534194978.5445 679 578 615 724 623 719 -2934 292 7600 3427 556 -1786 14 105 20
1534194978.6228645 678 578 618 724 623 719 -2612 310 7860 710 -3996 7 13 104 21
1534194978.685398 679 578 619 724 623 719 -2628 -184 7542 782 -3001 480 12 102 22
1534194978.748009 679 578 615 724 623 719 -2636 -38 6774 274 -5012 303 10 98 23
1534194978.8299308 678 578 616 724 622 719 -3004 -152 7970 2063 2518 -446 11 99 25
1534194978.8979146 678 578 618 724 623 720 -2290 10 7716 328 1517 -1230 13 99 26
1534194978.9676054 678 578 617 724 622 719 -2272 112 8594 3478 -1408 0 14 103 25
1534194979.0300891 678 579 623 724 623 718 -1988 1010 10086 -2998 6696 1434 13 99 25
1534194979.092575 678 579 614 724 622 719 -2908 -114 4692 978 5203 482 12 100 22
1534194979.1753464 678 579 614 724 623 719 -2524 254 7882 -2290 -5754 -835 10 107 18
1534194979.2340603 678 579 614 724 623 719 -2780 -196 8508 682 1273 -200 11 102 19
1534194979.3116693 679 578 614 724 623 719 -2628 86 7226 -233 -537 914 13 103 19
1534194979.3683205 678 578 614 724 623 719 -2540 304 8354 296 359 -369 14 105 22
1534194979.43549 678 579 614 724 623 718 -2724 -168 7368 608 304 -229 13 103 23
1534194979.4979815 679 579 614 724 623 719 -2624 152 7912 202 308 -40 14 103 22
1534194979.576088 679 578 614 725 623 719 -2654 -16 7584 24 286 -192 11 105 20
1534194979.6385672 678 578 614 724 623 718 -2688 62 7750 464 166 -135 13 102 22
1534194979.7090533 679 578 614 724 623 718 -2680 40 7682 63 274 -131 15 103 20
1534194979.7652597 679 578 614 724 623 719 -2688 -46 7656 302 251 -344 12 103 20
1534194979.8412783 679 578 614 724 623 719 -2810 30 7670 144 250 -64 14 102 19
1534194979.9080932 679 579 614 724 623 719 -2698 -20 7684 168 275 -236 12 103 21
1534194979.967967 678 578 614 724 623 719 -2722 -62 7754 -4 -17 164 13 102 22
1534194980.0302637 678 579 614 724 623 718 -2724 44 7658 80 234 52 12 104 22
1534194980.0927484 678 578 614 724 623 719 -2716 -4 7762 320 136 -15 14 104 22
1534194980.1683407 678 579 614 724 623 719 -2720 -44 7676 366 165 -153 14 104 18
1534194980.2317262 678 579 614 724 622 718 -2708 -10 7824 249 217 -81 13 104 20
1534194980.3102922 679 579 614 724 623 719 -2744 -52 7622 160 -65 115 13 104 20
1534194980.352291 679 579 614 724 622 719 -2712 -4 7710 56 343 73 14 106 22
1534194980.4272742 678 578 614 724 623 719 -2774 8 7746 -323 144 20 13 105 20
1534194980.482843 678 579 614 724 623 719 -2792 -84 7750 272 30 50 13 104 20
1534194980.5452945 678 578 614 724 623 719 -2668 16 7718 73 396 2 13 102 22
1534194980.607782 678 578 614 724 623 719 -2774 -132 7798 606 136 -172 15 104 19
1534194980.6918254 678 578 614 724 622 718 -2632 -858 6500 2187 -2312 1576 14 104 21
1534194980.749254 678 578 614 724 623 719 -2870 162 8040 1298 -103 1194 12 104 21
1534194980.8298197 679 578 614 724 623 719 -2558 318 7194 -138 1866 -789 13 101 21
1534194980.9050725 678 578 614 724 622 719 -2440 -28 8314 1422 364 -485 11 105 20
1534194980.9676807 679 578 614 724 623 719 -2390 -98 7538 454 -1326 125 12 102 22
1534194981.0301657 678 579 618 724 623 719 -3150 452 7786 -809 -1137 -953 11 102 21
1534194981.0926516 679 578 616 724 622 719 -2886 -204 7384 2257 351 -454 15 102 22
1534194981.1765304 678 578 617 724 622 719 -2990 -222 6758 -1457 -891 1062 12 101 21
1534194981.232145 679 579 616 724 622 719 -3364 -1178 7804 238 -796 280 14 102 22
1534194981.3165493 678 578 616 724 622 719 -3166 -948 7152 2170 -96 -1088 14 103 24
1534194981.3830142 678 579 616 724 622 719 -3014 -352 7566 1814 1750 -1358 14 102 21
1534194981.4523933 678 578 616 724 622 719 -2912 -80 6990 239 -1859 -2050 15 104 21
1534194981.5150511 678 578 618 724 623 719 -2704 -546 9102 1168 -1658 620 16 102 20
1534194981.5930054 678 578 618 724 622 719 -2558 -130 8168 1476 5263 2617 20 101 23
1534194981.6724272 678 578 614 724 622 719 -2452 108 5564 -1450 776 2767 14 103 23
1534194981.7341094 679 579 614 724 622 719 -2754 210 8590 -462 -2351 -410 11 106 19
1534194981.8013468 679 579 615 724 622 719 -2652 204 7792 1 2507 -680 11 103 21
1534194981.8673623 678 579 614 724 623 719 -2864 -400 7304 -183 -225 -142 13 103 22
1534194981.9376671 678 578 614 724 622 719 -2772 62 7858 -46 475 59 12 103 20
1534194981.9994044 679 578 615 724 622 719 -2728 -62 7624 -176 440 -27 14 103 21
1534194982.06189 678 579 614 724 623 719 -2790 -186 7702 -91 381 62 13 105 18
1534194982.1245806 679 579 615 724 623 719 -2804 -86 7630 139 180 -47 14 105 20
1534194982.202534 678 578 614 724 623 719 -2820 -124 7756 217 230 60 14 105 20
1534194982.266528 679 578 614 724 622 719 -2806 -152 7584 323 89 21 15 104 22
1534194982.3350961 679 579 614 724 622 719 -2760 -56 7654 -2 287 -94 14 107 22
1534194982.397786 679 579 615 724 623 719 -2854 -190 7658 93 135 140 16 104 21
1534194982.4514325 679 579 614 724 623 719 -2812 -122 7678 216 132 142 17 103 22
1534194982.5297928 679 578 614 724 623 719 -2798 -146 7688 63 214 -67 14 103 19
1534194982.5921364 679 579 615 724 622 719 -2902 -106 7588 274 83 35 12 106 20
1534194982.6621377 679 578 614 724 622 719 -2744 -58 7674 284 162 -10 15 104 21
1534194982.7179418 678 578 614 724 622 719 -2810 -188 7688 205 220 68 14 106 19
1534194982.7804286 678 578 615 724 622 719 -2806 -62 7682 135 98 -31 14 107 21
1534194982.8525648 679 579 614 724 622 719 -2816 -150 7684 4 316 54 15 106 21
1534194982.9217868 678 579 614 724 622 718 -2840 -122 7684 67 174 67 16 106 19
1534194982.9838967 679 579 614 724 622 719 -2902 -224 7556 46 301 33 16 105 21
1534194983.0463836 678 578 614 724 622 719 -2816 -108 7748 238 89 20 17 104 18
1534194983.108868 679 578 614 724 622 719 -2888 -154 7588 275 165 -1 14 105 21
1534194983.184701 678 578 614 724 623 719 -2836 -188 7698 231 221 -38 15 104 22
1534194983.2494535 678 578 614 724 623 719 -2856 -192 7664 504 79 -60 16 104 20
1534194983.3163502 679 579 614 724 623 718 -2844 -98 7664 282 164 -16 15 106 19
1534194983.3827107 678 579 614 724 622 719 -2838 -300 7852 476 131 75 16 105 20
1534194983.4505806 679 578 614 724 623 719 -3368 -142 6756 1483 -2266 950 14 106 19
1534194983.5130794 678 578 614 724 623 719 -2694 -478 8028 3743 2254 -1690 13 105 20
1534194983.5910783 678 578 618 724 622 718 -2090 498 6788 742 -3355 -364 13 103 19
1534194983.6786597 678 578 621 724 622 719 -2086 22 10466 -9048 -2927 1177 13 104 19
1534194983.7319853 678 579 619 724 623 719 -2296 388 7774 2637 3195 -1129 16 98 24
1534194983.7944825 678 578 618 724 622 719 -3032 -1000 7230 -2112 -2017 858 17 102 23
1534194983.8664002 679 579 616 724 622 719 -2240 -18 7144 978 1480 -39 16 99 22
1534194983.9415624 679 578 618 724 622 718 -2816 -740 7472 1284 -487 -850 15 99 24
1534194984.0000215 678 579 618 724 622 718 -2594 -218 8294 2654 -1467 -53 17 100 25
1534194984.0781705 678 579 621 724 622 719 -1978 158 8704 879 3587 1580 18 100 25
1534194984.1406157 678 579 615 724 622 719 -2878 8 6366 -2435 7517 1999 14 98 24
1534194984.2167296 679 578 614 724 622 719 -2654 -240 6806 771 -5134 -155 13 106 20
1534194984.2819064 678 579 614 725 623 719 -2714 132 8974 -358 929 -24 14 106 20
1534194984.3661375 678 578 614 724 622 718 -2496 136 7072 -848 1838 -581 14 105 21
1534194984.419942 678 579 614 724 622 719 -2874 -380 7936 -47 10 -804 13 105 20
1534194984.4824975 678 579 615 724 622 719 -2722 -164 7524 46 725 53 14 104 19
1534194984.5449834 679 579 614 724 622 719 -2836 -234 7628 204 -83 -103 12 105 19
1534194984.607467 679 579 614 724 622 718 -2752 -192 7696 5 383 91 16 105 21
1534194984.6835856 679 579 614 724 622 718 -2794 -222 7620 105 112 -38 13 104 19
1534194984.7497857 678 578 614 724 622 719 -2848 -184 7762 104 45 205 13 105 18
1534194984.817998 679 579 615 724 623 719 -2782 -266 7524 192 246 -101 13 104 18
1534194984.8833163 678 579 614 724 622 719 -2824 -224 7750 368 -21 59 17 105 19
1534194984.95036 679 579 615 724 622 719 -2818 -280 7570 359 108 26 13 102 18
1534194985.0149775 678 578 615 724 623 719 -2776 -144 7754 417 -27 -56 14 105 19
1534194985.0774639 679 579 614 724 623 719 -2760 -252 7632 179 90 81 14 103 21
1534194985.1352875 679 578 614 724 622 719 -2788 -156 7798 102 312 0 15 105 19
1534194985.2145765 679 578 614 724 623 719 -2782 -366 7564 391 -172 193 14 105 21
1534194985.2788887 679 579 614 724 623 719 -2744 -50 7816 77 372 -8 16 106 21
1534194985.3437152 679 579 614 724 622 719 -2776 -400 7558 315 -16 0 16 105 20
1534194985.4100006 679 579 614 724 622 719 -2728 -84 7848 169 190 100 16 104 19
1534194985.469009 679 579 614 724 622 719 -2838 -328 7606 244 181 -125 15 105 20
1534194985.5315633 678 579 614 724 622 718 -2762 -192 7708 332 -10 117 17 105 19
1534194985.6096008 679 578 614 724 622 719 -2796 -248 7674 35 238 79 16 106 21
1534194985.683723 679 579 614 724 622 719 -2782 -224 7744 360 11 39 17 106 20
1534194985.739099 678 578 614 724 622 719 -2798 -206 7578 398 -47 130 16 104 21
1534194985.8070085 678 579 614 724 623 719 -2818 -180 7812 170 338 -63 14 104 22
1534194985.8701847 679 579 614 724 623 718 -2712 -144 7570 160 158 144 17 104 20
1534194985.9430492 678 578 614 724 622 718 -2746 -390 7652 175 156 173 14 104 19
1534194985.9990654 679 579 614 724 622 719 -2760 -102 7674 607 -281 143 15 104 20
1534194986.0771668 679 578 614 724 622 718 -2766 -148 7782 357 360 -97 15 102 23
1534194986.1463938 679 578 614 724 622 718 -2992 -234 7510 165 878 -409 15 103 21
1534194986.2123895 679 579 614 724 622 718 -2744 -336 7696 556 -65 87 14 104 20
1534194986.2658527 679 578 614 725 622 718 -2620 72 7654 323 161 -132 17 107 24
1534194986.3511314 678 578 614 724 622 719 -2764 -428 7582 38 448 -102 15 104 23
1534194986.4019277 679 578 614 724 622 719 -2844 -192 7660 622 -536 581 16 104 20
1534194986.4796114 678 578 614 724 622 719 -2726 128 7746 310 203 118 14 104 22
1534194986.5483289 679 578 614 724 622 719 -2796 -168 7704 -201 321 -144 15 104 18
1534194986.610814 679 579 614 724 622 719 -2792 -382 7522 224 31 215 16 103 20
1534194986.6803718 679 578 614 724 622 719 -2736 -22 7762 288 -47 263 15 102 22
1534194986.7337813 679 578 614 724 622 719 -2716 -194 7678 -81 294 186 14 102 20
1534194986.8118901 679 579 614 725 622 719 -2804 -82 7714 -42 176 132 15 104 20
1534194986.874375 678 578 614 724 622 719 -2726 -110 7752 69 359 -87 14 102 20
1534194986.9449816 679 579 614 724 622 718 -2796 -278 7638 240 142 71 15 104 20
1534194987.0140853 679 579 614 724 622 719 -2734 -142 7694 207 205 -24 14 105 20
1534194987.0765715 678 578 614 724 622 719 -2822 -212 7698 94 141 38 13 104 21
1534194987.1406538 679 578 614 724 622 719 -2764 -206 7684 425 96 -6 18 106 20
