1534196256.213531 627 539 574 673 567 674 -7932 -1216 1514 188 455 301 0 130 -58
1534196256.2759748 627 539 574 673 567 674 -8024 -1266 1600 137 -47 -66 -1 130 -59
1534196256.33846 627 538 574 673 567 674 -7990 -1246 1614 282 522 437 -1 131 -57
1534196256.4165661 628 539 574 673 567 674 -7998 -1214 1498 185 409 239 -3 130 -58
1534196256.4790518 627 539 575 673 567 674 -7988 -1254 1536 280 218 118 -2 130 -59
1534196256.557203 628 539 575 673 567 674 -7974 -1206 1612 150 307 38 -1 130 -58
1534196256.6196437 628 539 574 673 567 674 -7964 -1218 1474 360 452 172 -2 131 -58
1534196256.697073 627 539 574 672 567 674 -7986 -1200 1448 250 294 110 -3 130 -61
1534196256.7648635 627 539 574 673 567 674 -8038 -1212 1444 127 243 127 0 131 -59
1534196256.8241827 627 538 574 673 567 674 -7972 -1198 1566 216 505 342 -2 130 -60
1534196257.0274487 627 539 574 672 567 673 -7986 -1192 1394 270 585 331 -1 130 -60
1534196257.0852945 627 539 574 673 567 674 -8064 -1160 1416 383 597 358 -2 134 -59
1534196257.1650789 627 538 574 673 567 674 -8040 -1080 1326 188 163 -39 -2 128 -60
1534196257.2558362 628 538 574 673 567 674 -8014 -1158 1394 279 229 143 -1 129 -60
1534196257.341385 627 538 574 673 567 674 -8056 -1152 1422 316 632 523 -3 129 -60
1534196257.4194927 627 538 574 673 567 673 -8018 -1042 1350 276 135 -11 -1 129 -59
1534196257.450735 627 539 574 672 567 673 -8104 -1162 1420 177 441 276 -3 129 -62
1534196257.497599 627 538 574 673 567 674 -7992 -1130 1290 504 709 593 -5 130 -61
1534196257.5874834 627 539 574 673 567 674 -8080 -994 1290 195 439 294 -3 130 -61
1534196257.6263793 627 539 574 673 567 674 -8082 -1064 1384 449 769 491 -4 130 -61
1534196257.6632807 628 539 574 673 567 674 -8040 -976 1160 304 252 137 -5 129 -61
1534196257.70118 628 538 575 673 567 673 -8132 -994 1324 173 116 -34 -4 130 -63
1534196257.7410731 627 539 574 673 567 674 -8024 -1010 1302 254 257 118 -3 130 -63
1534196257.8009133 627 538 574 672 567 673 -8070 -1008 1234 213 -44 -93 -6 128 -60
1534196257.9305673 627 538 574 672 567 674 -8120 -1036 1260 289 -4 -93 -3 129 -62
1534196258.0113513 628 538 574 672 567 674 -8088 -948 1286 255 107 9 -4 131 -61
1534196258.0891428 627 539 574 672 567 674 -8026 -1032 1298 291 70 -36 -4 132 -63
1534196258.1300335 627 538 574 672 567 674 -8118 -964 1266 230 83 -11 -5 128 -64
1534196258.1699274 627 538 574 673 567 674 -8048 -994 1370 280 188 100 -4 129 -64
1534196258.2048342 628 538 574 673 567 674 -8032 -968 1186 316 60 -52 -4 129 -62
1534196258.272653 627 538 574 673 567 674 -8080 -968 1286 204 -13 -45 -5 129 -63
1534196258.3664038 627 538 574 673 567 674 -8038 -950 1202 265 229 74 -4 129 -62
1534196258.4263756 627 539 574 672 567 673 -8120 -928 1232 311 -19 -72 -2 129 -63
1534196258.4888604 627 539 574 673 567 674 -8098 -1000 1326 184 156 -18 -6 128 -64
1534196258.5357256 628 539 574 673 567 674 -8070 -970 1190 253 77 -8 -5 130 -62
1534196258.609792 628 539 574 673 567 674 -8054 -956 1276 221 47 -109 -3 129 -63
1534196258.6754658 628 538 574 672 567 674 -8106 -888 1236 190 180 -44 -5 128 -61
1534196258.7379558 627 538 574 673 567 674 -8074 -958 1282 201 132 -2 -6 128 -65
1534196258.8095148 628 538 574 673 567 674 -8110 -998 1196 219 244 156 -4 128 -63
1534196258.8720038 627 538 574 672 567 674 -8114 -952 1250 233 246 216 -5 129 -63
1534196258.9501066 627 538 574 672 567 674 -8084 -940 1264 192 266 106 -4 129 -61
1534196259.0185041 627 538 574 672 567 674 -8086 -1016 1228 272 323 201 -5 129 -62
1534196259.0850325 627 538 574 672 567 674 -8102 -894 1188 209 57 -41 -5 128 -64
1534196259.1394558 627 538 574 672 567 674 -8116 -994 1256 224 21 -78 -4 130 -63
1534196259.2175274 627 538 574 673 567 674 -8096 -924 1182 179 -308 -298 -5 129 -62
1534196259.2923236 627 538 574 672 567 674 -8028 -1006 1306 1 -1066 -842 -3 130 -62
1534196259.3631446 627 539 574 673 567 674 -8178 -1048 1350 -103 -2871 -1842 -3 130 -60
1534196259.4255383 627 538 574 672 566 674 -8042 -1294 1700 -129 -3843 -430 -1 132 -54
1534196259.5036454 627 538 575 673 567 674 -7960 -1354 1942 367 -4047 -934 0 133 -53
1534196259.5763614 627 538 574 672 567 674 -7538 -1446 2624 1254 -1998 -207 1 135 -50
1534196259.6544676 627 538 574 672 567 674 -7612 -1312 2504 2126 -1156 137 1 131 -50
1534196259.7169564 627 538 574 672 566 674 -7630 -1252 2482 856 78 -441 3 135 -47
1534196259.7946434 627 538 574 672 567 674 -7794 -1280 2578 1052 -542 -126 5 133 -47
1534196259.8575742 627 538 574 672 566 674 -7638 -1264 2552 480 131 389 3 133 -48
1534196259.9199522 627 538 574 672 567 674 -7660 -1234 2650 772 46 540 1 133 -48
1534196259.9980586 627 538 574 672 567 673 -7684 -1100 2684 427 -425 452 2 134 -47
1534196260.0659027 627 538 574 672 566 673 -7638 -1138 2626 574 19 153 0 133 -46
1534196260.1241412 627 538 574 672 567 673 -7734 -1168 2694 485 218 136 -2 134 -50
1534196260.2021093 627 538 574 672 567 674 -7726 -1164 2696 556 769 963 -1 135 -47
1534196260.2739093 627 538 574 672 566 673 -7696 -996 2546 666 395 511 -1 134 -48
1534196260.3408022 627 538 574 672 566 674 -7688 -858 2302 192 -759 -149 0 133 -46
1534196260.4032888 627 538 574 672 566 674 -7756 -1174 2986 -2064 244 1268 -2 135 -47
1534196260.4813957 627 538 574 672 566 674 -7992 -760 1874 -1058 2248 985 -4 132 -49
1534196260.555898 627 538 574 672 567 674 -8620 -1474 3920 470 2988 1824 -7 134 -49
1534196260.6232889 626 538 574 672 566 674 -6714 -684 1578 -511 -2820 642 -8 134 -50
1534196260.7013175 627 538 574 672 565 673 -8404 -1206 2412 -4471 -2550 -6254 -6 133 -49
1534196260.7638013 626 537 574 672 564 673 -6568 -216 1728 6057 612 -29 -2 134 -47
1534196260.8423717 627 537 576 672 564 673 -7758 -1062 1786 521 -4763 -7117 3 134 -46
1534196260.9049873 626 537 576 672 564 673 -8060 -2584 4786 1405 -98 1246 7 136 -41
1534196260.9861515 626 537 575 672 565 673 -6198 -1072 2526 2916 3723 2771 5 133 -42
1534196261.0709133 626 537 575 672 565 674 -8184 -1372 3270 -2760 3135 2273 7 134 -46
1534196261.125217 626 538 575 672 565 674 -7432 -1670 3372 1556 -556 652 5 134 -44
1534196261.1962838 626 538 575 672 565 673 -7476 -1138 2474 -292 1822 1869 1 133 -45
1534196261.269948 626 537 575 672 565 674 -7886 -1304 2706 -2697 -924 443 3 133 -45
1534196261.343754 626 537 574 672 565 674 -7338 -1340 3008 -3737 -1650 263 0 133 -43
1534196261.411598 626 538 574 672 565 674 -7542 -1474 2772 -2875 289 599 2 136 -43
1534196261.4827154 626 538 574 672 565 674 -7580 -1152 2360 -1488 233 123 2 134 -43
1534196261.5535827 627 538 574 672 565 675 -7558 -1620 2990 -1273 273 148 0 132 -41
1534196261.6272523 627 538 574 672 565 674 -7444 -1640 2652 -1092 -1337 -2089 2 135 -41
1534196261.6961272 627 538 574 672 565 674 -7600 -1640 2736 -2111 -19 -1150 3 134 -42
1534196261.77625 627 538 574 672 565 674 -7030 -1304 2606 4671 -779 -3502 4 137 -38
1534196261.839789 627 538 574 672 565 675 -7550 -1862 3016 567 711 235 5 134 -41
1534196261.9055867 627 538 574 673 565 674 -7106 -1918 2798 1510 -302 -2279 7 133 -40
1534196261.9678721 627 538 574 673 566 674 -7468 -1606 2670 214 205 156 9 132 -39
1534196262.0518942 627 538 574 672 566 674 -7300 -2008 2674 1279 1985 1171 8 136 -42
1534196262.12208 627 538 574 672 565 675 -7362 -2126 2514 -427 2531 393 6 135 -41
1534196262.1845639 628 538 574 672 566 674 -8142 -1654 2316 -1365 -845 -893 6 134 -42
1534196262.2626698 627 538 574 673 565 675 -6862 -1800 2758 1783 8518 8863 0 135 -52
1534196262.336517 627 538 574 672 565 675 -8996 -1072 1600 2201 3284 645 -2 134 -55
1534196262.3898356 627 538 574 672 565 675 -8186 -934 1678 2005 -4 -29 -1 133 -57
1534196262.4835637 626 538 574 672 565 675 -8016 -1170 2032 4049 -3672 -732 -1 132 -57
1534196262.549361 626 538 574 672 565 675 -7800 -738 1822 2589 -2441 497 -1 134 -53
1534196262.6093054 626 538 575 672 565 674 -7808 -896 2088 628 -1849 369 1 134 -53
1534196262.6874206 626 537 574 672 565 675 -7788 -1126 2524 -8 -2700 -92 -1 134 -50
1534196262.7584715 626 538 574 672 565 674 -7782 -996 2518 692 -1196 267 -1 135 -52
1534196262.825135 627 538 574 672 565 674 -7686 -976 2454 414 -876 -363 0 132 -48
1534196262.8876212 626 538 574 672 565 675 -7622 -996 2750 652 -1018 -626 -2 136 -46
1534196262.9657273 627 538 574 672 565 675 -7696 -972 2700 1291 -114 -386 -1 136 -46
1534196263.0399652 626 538 575 672 566 675 -7596 -842 2494 258 -134 -617 1 135 -47
1534196263.1076477 626 538 574 672 565 675 -7584 -1222 2778 210 -41 -1270 1 135 -45
1534196263.170132 626 538 574 672 565 675 -7748 -1036 2506 -749 488 -915 4 133 -45
1534196263.248424 626 538 575 672 566 674 -7646 -1228 3110 930 2070 59 1 134 -46
1534196263.321901 626 538 574 672 566 674 -7968 -1846 2408 -788 -2024 -1344 4 136 -45
1534196263.3884695 626 538 575 673 567 674 -7874 -1382 2280 -2228 1634 -144 8 135 -45
1534196263.4509547 627 539 575 672 567 675 -7438 -1564 2684 2141 1932 1725 5 135 -46
1534196263.537763 627 538 575 673 566 675 -7404 -1248 2428 -1079 1990 -1692 7 135 -46
1534196263.6085732 626 538 575 672 566 674 -7756 -1516 2046 -646 1486 -2153 10 134 -46
1534196263.686478 626 538 576 672 564 674 -9274 -2340 5150 8137 -3685 -1090 11 134 -45
1534196263.758811 626 538 575 672 565 674 -3770 -1374 1854 10773 8952 5083 11 135 -43
1534196263.8261242 626 538 575 673 565 675 -9666 -1132 2620 1996 1324 -333 12 133 -46
1534196263.9042294 626 538 575 672 565 675 -7694 -1362 2678 -3538 -3919 1346 10 134 -45
1534196263.966716 626 538 575 672 565 675 -6946 -1368 3436 -1853 -1189 1014 6 135 -42
1534196264.051028 626 538 575 672 565 674 -7614 -1300 3264 -259 -255 1104 8 138 -43
1534196264.107763 626 538 575 672 565 674 -7402 -1102 3130 292 -75 702 7 134 -42
1534196264.1858683 626 538 575 672 565 675 -7456 -1128 3214 95 307 647 6 136 -42
1534196264.2484047 626 538 575 672 565 675 -7454 -1092 3222 470 404 192 4 134 -43
1534196264.3207808 626 538 575 672 565 674 -7632 -1026 3080 100 57 460 6 135 -46
1534196264.3886352 626 537 575 672 565 675 -7382 -1070 3160 205 117 235 2 136 -41
1534196264.4508562 626 538 575 672 565 674 -7470 -1048 3158 427 616 178 5 135 -42
1534196264.5256298 626 538 575 672 565 674 -7592 -1016 3082 222 65 317 6 135 -43
1534196264.6083243 626 538 575 672 565 675 -7490 -1032 3086 249 208 226 3 136 -43
1534196264.655189 626 538 575 673 565 674 -7556 -1048 3204 239 323 176 4 134 -44
1534196264.717689 626 537 575 672 565 674 -7544 -954 3024 209 -105 225 2 135 -43
1534196264.7958276 627 538 575 672 565 675 -7492 -988 3150 355 631 149 3 135 -44
1534196264.85617 626 538 575 672 565 674 -7612 -956 2984 405 313 176 6 136 -43
1534196264.9186902 626 538 574 672 565 675 -7576 -944 3000 371 267 99 1 135 -43
1534196264.9811397 626 538 575 672 565 674 -7578 -976 3076 312 433 118 4 133 -43
1534196265.0615673 626 537 575 672 565 675 -7556 -914 3036 241 199 77 2 133 -44
1534196265.1251495 626 537 575 672 565 675 -7582 -952 3006 285 -39 -3 3 133 -44
1534196265.1876364 626 537 574 672 565 675 -7522 -928 3072 291 168 -17 2 133 -43
1534196265.2705982 626 538 574 672 565 675 -7584 -996 3006 243 -61 -116 5 136 -45
1534196265.3253853 626 537 574 672 565 674 -7568 -958 3022 348 212 60 5 133 -45
1534196265.3880632 626 538 575 672 565 675 -7550 -966 3088 268 214 45 3 134 -45
1534196265.4503555 626 538 575 672 565 674 -7592 -914 3038 355 159 12 3 134 -43
1534196265.5128412 626 538 575 672 565 674 -7574 -980 3006 250 20 -79 3 133 -47
1534196265.5923045 626 538 575 672 565 675 -7620 -940 3056 137 -444 -332 2 134 -41
1534196265.6547894 626 538 574 672 565 675 -7444 -962 3204 322 -121 -122 4 133 -44
1534196265.7328973 626 537 574 672 565 675 -7574 -988 3108 324 -334 -277 4 133 -43
1534196265.8026352 626 538 574 672 565 674 -7490 -948 3208 419 -51 -122 2 134 -43
1534196265.8718386 626 538 574 672 565 674 -7358 -1022 3334 1166 -2273 -2368 4 135 -42
1534196265.9499462 626 538 575 672 565 675 -7212 -1122 3098 821 -1575 -1699 7 135 -42
1534196266.0124397 626 538 575 672 565 675 -7290 -1546 3550 -1441 -442 -1634 8 134 -38
1534196266.0915587 626 538 575 672 565 674 -8068 -1726 3466 534 2963 1733 11 134 -39
1534196266.1554272 626 538 574 672 565 674 -7236 -1486 3340 1060 900 -322 9 133 -42
1534196266.2333407 626 538 574 672 565 674 -7368 -950 3852 -898 -3235 -3363 9 132 -38
1534196266.3035958 625 538 575 672 564 674 -6568 -1254 3044 -645 1220 -9 8 134 -41
1534196266.373203 625 538 575 672 564 674 -7040 -2162 4278 -4099 5832 748 9 134 -41
1534196266.435553 626 538 576 672 563 675 -7292 -896 2116 -1522 1429 -1423 12 133 -44
1534196266.5136585 625 538 575 672 563 674 -9030 -2780 5706 4055 -2647 -1599 14 134 -40
1534196266.5919766 625 537 575 672 563 674 -6730 -1680 3060 7587 3423 4155 10 135 -46
1534196266.6700804 626 538 575 672 564 674 -7300 -598 1762 -953 -499 -1124 10 132 -43
1534196266.7325673 625 537 575 672 564 674 -7898 -1848 4006 -1628 -987 1519 12 135 -42
1534196266.8091974 625 537 575 672 564 675 -6870 -1080 2924 271 620 465 11 135 -42
1534196266.8733387 626 538 575 672 564 675 -7844 -1394 3340 -29 582 453 8 134 -43
1534196266.9356499 625 538 575 672 564 674 -7132 -1334 3148 196 956 1146 9 135 -43
1534196267.0153742 625 537 575 672 564 674 -7354 -1158 2980 557 2139 638 9 133 -45
1534196267.0756207 625 538 575 672 564 674 -7806 -1070 3088 -435 2023 1147 4 135 -45
1534196267.1537268 624 537 575 672 564 674 -7760 -1428 2428 -51 -793 -1274 6 133 -46
1534196267.2162142 625 537 575 672 564 674 -7574 -1146 2876 452 1458 845 6 135 -46
1534196267.2971656 625 537 575 672 564 674 -7664 -1088 2898 293 1073 531 8 133 -47
1534196267.3740444 625 537 575 672 564 674 -7794 -1094 2818 358 708 525 6 133 -49
1534196267.4209387 626 537 575 672 564 674 -7662 -1012 2662 177 47 401 6 133 -49
1534196267.499202 625 537 575 672 564 674 -7626 -1010 2800 282 187 211 4 133 -48
1534196267.5673494 625 537 575 672 564 675 -7676 -1042 2690 294 211 59 3 135 -51
1534196267.6228762 625 537 575 672 564 674 -7680 -1066 2686 152 -31 58 5 135 -49
1534196267.685183 625 537 575 672 564 674 -7648 -984 2696 266 72 -68 3 133 -50
1534196267.7632902 625 537 575 672 564 674 -7720 -1042 2752 196 177 119 3 134 -49
1534196267.8388789 625 537 575 672 564 674 -7618 -1014 2724 119 -212 -103 4 132 -48
1534196267.9055648 625 537 575 672 564 675 -7720 -1066 2818 292 91 -29 4 134 -50
1534196267.968114 625 537 575 672 564 674 -7636 -1008 2758 546 543 216 4 133 -48
1534196268.0496926 625 537 575 672 564 674 -7776 -936 2612 425 438 164 4 132 -49
1534196268.1059742 625 537 575 672 564 675 -7676 -936 2622 21 -415 -102 3 132 -49
1534196268.1684594 625 537 575 672 564 674 -7634 -1112 2872 471 75 76 5 135 -47
1534196268.2309976 625 537 575 672 564 674 -7706 -990 2606 96 -225 5 5 131 -48
1534196268.3072226 625 537 575 672 564 675 -7610 -984 2780 189 -521 134 3 132 -49
1534196268.3733284 625 537 575 672 564 675 -7630 -1088 2850 152 -865 -181 4 133 -48
1534196268.4358137 626 537 575 672 564 674 -7884 -1006 2960 -260 -860 -268 6 133 -45
1534196268.5139205 625 537 575 672 564 674 -7308 -1056 2664 -377 -1457 831 3 133 -47
1534196268.5920422 625 537 574 672 564 674 -7376 -1206 2648 -2193 1185 -836 6 133 -45
1534196268.6545272 625 537 574 672 564 674 -8010 -1442 3630 2219 1361 -1510 6 134 -46
1534196268.7326336 625 537 574 672 564 674 -7152 -708 2774 2678 -5411 -2483 6 133 -43
1534196268.812601 625 537 574 671 564 674 -7532 -1712 3186 -3871 -3396 -3178 10 134 -39
1534196268.8735487 625 537 574 672 563 674 -6880 -1588 3512 723 1696 1906 11 133 -39
1534196268.9516468 625 537 574 672 562 674 -7486 -1750 4186 2264 1313 -1831 12 132 -38
1534196269.0304494 624 537 574 671 562 674 -7704 -1670 3028 2537 -2906 -178 15 133 -37
1534196269.0926883 624 537 575 671 562 674 -7474 -2100 5968 4044 5940 3041 14 134 -38
1534196269.1707954 625 536 575 672 563 673 -6190 -786 742 6406 1188 1413 9 133 -45
1534196269.233279 625 537 574 671 563 674 -8172 -944 3570 -5039 -1666 -1041 9 132 -43
1534196269.3148134 625 537 575 672 563 674 -7106 -1556 4120 572 743 1057 11 133 -42
1534196269.3727565 625 537 574 672 563 674 -7546 -970 3172 355 1347 246 8 133 -43
1534196269.4508538 625 537 574 672 564 674 -7576 -1090 3250 -202 1450 815 7 135 -45
1534196269.519291 625 537 574 672 563 674 -7294 -1322 3218 -189 704 329 8 134 -48
1534196269.5878086 625 537 574 672 563 674 -7304 -986 3204 59 693 -8 6 133 -46
1534196269.6549876 625 537 574 672 563 674 -7480 -1042 2932 -96 1375 205 9 136 -46
1534196269.7173667 625 537 574 672 564 674 -7488 -1156 2956 0 1166 1 7 134 -46
1534196269.7899945 625 537 574 672 564 674 -7484 -994 2904 474 1539 -79 5 133 -49
1534196269.8579586 625 537 574 672 564 674 -7958 -1228 2754 414 1516 268 6 134 -49
1534196269.92047 625 537 574 672 564 674 -7810 -1038 2680 146 61 153 7 133 -51
1534196269.9829707 625 537 575 672 564 674 -7606 -1004 2736 60 254 170 4 132 -49
1534196270.062204 626 537 575 672 564 674 -7640 -1034 2756 168 141 166 6 133 -51
1534196270.1232054 625 537 574 672 564 674 -7706 -1006 2774 229 -112 0 7 134 -49
1534196270.1856885 625 537 575 672 564 674 -7666 -1002 2746 290 77 12 7 132 -50
1534196270.2481756 625 537 574 672 564 674 -7736 -1004 2758 138 170 170 7 134 -49
1534196270.3261952 625 537 574 672 564 674 -7588 -954 2686 227 -32 134 6 132 -48
1534196270.3886812 625 537 573 672 564 674 -7680 -1040 2746 335 506 48 6 132 -50
1534196270.4511745 625 537 574 672 564 674 -7730 -1000 2710 202 110 88 5 132 -49
1534196270.529934 625 537 574 672 564 674 -7656 -996 2742 197 51 -25 4 133 -49
1534196270.592841 625 537 573 672 564 674 -7676 -990 2726 391 98 -7 6 134 -49
1534196270.6553636 625 537 574 672 563 674 -7700 -964 2718 294 301 113 7 134 -50
1534196270.7178113 626 537 573 671 564 675 -7660 -980 2716 278 242 45 5 131 -50
1534196270.7950084 626 537 573 672 564 674 -7712 -1018 2766 77 -114 -45 4 134 -49
1534196270.857379 625 537 573 672 564 674 -7674 -990 2840 237 -319 -180 5 133 -49
1534196270.9200282 625 537 573 672 563 674 -7664 -988 2818 268 -1015 -425 5 131 -51
1534196270.9981415 625 537 573 671 564 674 -7494 -1082 3006 347 -2176 -1053 8 134 -48
1534196271.075899 625 537 573 672 564 674 -7622 -1094 2942 -165 -2274 -927 9 134 -46
1534196271.1383858 625 537 574 672 564 674 -7302 -1246 3366 125 -1519 -392 9 135 -42
1534196271.216494 625 537 573 672 564 674 -7236 -1010 3282 -1339 -1207 -1069 9 135 -41
1534196271.2972388 625 537 574 672 564 674 -6862 -1280 3506 1512 -741 -674 11 134 -38
1534196271.3578775 625 537 574 672 564 674 -7134 -1478 4016 -643 2687 1165 9 133 -40
1534196271.4359853 625 537 573 671 563 673 -7712 -1336 3366 529 -2892 -860 9 132 -42
1534196271.5160384 624 537 573 671 563 673 -6684 -630 2330 -452 478 -757 10 135 -40
1534196271.5805604 625 537 574 671 563 674 -7084 -2204 5118 1758 2002 212 13 131 -38
1534196271.64098 624 536 574 671 560 673 -7658 -1550 3286 518 282 98 12 131 -41
1534196271.7191067 623 536 574 671 560 673 -7790 -1268 3252 -200 -954 -875 11 131 -39
1534196271.795371 623 536 574 671 559 673 -8240 -586 3610 -281 -4028 -1728 12 130 -36
1534196271.85634 624 536 574 671 560 674 -6492 -1948 3732 3191 3539 4778 11 134 -36
1534196271.9344442 624 536 574 671 561 674 -7050 -634 2524 -1062 698 -1194 9 133 -41
1534196271.9969296 624 536 574 671 561 674 -8040 -1500 3808 -1111 -696 466 8 134 -40
1534196272.0759027 624 536 574 671 561 674 -6820 -1198 3678 127 875 458 9 134 -43
1534196272.138417 624 536 574 671 561 674 -7484 -1006 3054 443 1806 148 7 135 -43
1534196272.2164948 624 536 574 671 561 674 -7580 -1144 3294 488 1707 592 7 134 -43
1534196272.2844436 624 536 574 671 561 674 -7446 -974 3040 408 1131 291 9 134 -45
1534196272.3423183 624 536 574 671 561 674 -7650 -1052 2998 337 1186 430 8 134 -48
1534196272.4205499 624 536 574 671 562 673 -7584 -988 2998 255 630 408 7 133 -47
1534196272.4829106 624 536 574 671 562 674 -7594 -932 2946 327 571 191 6 129 -47
1534196272.5553515 624 536 574 671 562 674 -7678 -984 2970 330 1096 547 6 134 -47
1534196272.622747 624 536 574 671 562 674 -7638 -932 2838 306 737 461 7 134 -46
1534196272.685139 624 536 574 672 562 674 -7622 -964 2892 349 839 317 6 132 -48
1534196272.7476246 625 536 574 671 562 673 -7638 -902 2776 381 674 290 5 133 -48
1534196272.8238063 624 536 573 671 562 674 -7678 -864 2826 431 517 247 5 131 -48
1534196272.8895707 624 536 573 671 562 674 -7650 -904 2708 367 560 134 4 133 -49
1534196272.952057 624 536 574 671 562 673 -7670 -814 2786 322 351 154 6 132 -50
1534196273.0203164 625 536 573 671 562 674 -7708 -858 2746 213 146 82 6 133 -51
1534196273.0767121 625 536 573 672 562 674 -7642 -868 2754 253 161 16 6 129 -49
1534196273.154819 624 536 573 671 562 674 -7700 -844 2656 200 -125 -102 7 130 -49
1534196273.2173042 625 536 573 671 562 674 -7682 -866 2786 196 -285 -113 6 130 -49
1534196273.2951534 625 536 573 672 562 674 -7740 -884 2834 187 -86 -88 4 130 -50
1534196273.3574185 625 536 573 671 562 674 -7630 -830 2768 164 -217 -29 5 133 -49
1534196273.4200084 624 536 573 671 562 673 -7706 -894 2784 200 -102 67 6 133 -49
1534196273.48239 624 536 573 671 562 674 -7670 -872 2964 132 16 174 7 132 -50
1534196273.5785234 625 536 573 671 562 674 -7632 -894 2922 212 -367 146 3 131 -50
1534196273.6238785 624 536 573 671 562 674 -7584 -848 2908 192 -133 -24 5 135 -48
1534196273.6863148 625 536 573 671 562 674 -7660 -896 2930 438 -488 -114 5 132 -47
1534196273.7662263 624 536 573 671 562 674 -7598 -890 2884 321 -95 -13 5 134 -46
1534196273.8268719 624 536 573 671 562 674 -7586 -886 3044 289 -225 51 4 129 -48
1534196273.9049785 624 536 573 671 562 674 -7370 -906 2898 277 -854 -325 6 132 -48
1534196273.967654 624 536 573 671 562 674 -7858 -878 3142 -1173 -1444 459 5 131 -46
1534196274.0472188 624 536 573 671 562 674 -7416 -1272 2722 -1295 -782 -21 5 134 -43
1534196274.1070573 624 537 574 671 562 673 -7602 -1296 3636 1128 -455 1131 3 131 -45
1534196274.185185 624 537 574 671 562 674 -7760 -560 3176 -2377 -2681 -1502 6 132 -41
1534196274.247644 624 537 574 671 561 674 -7250 -1286 3412 -2924 383 1018 6 131 -40
1534196274.3255568 623 536 573 670 559 673 -8242 -1648 3780 -736 -2425 -2927 7 131 -39
1534196274.4036636 624 536 574 671 559 674 -7612 -398 2732 3257 685 -664 9 133 -39
1534196274.466149 623 536 574 671 559 673 -7846 -2210 4192 1763 -4800 -922 11 131 -39
1534196274.5480468 624 536 574 671 559 673 -6562 -1736 4748 8031 593 502 8 133 -38
1534196274.6081796 624 536 574 671 560 674 -7160 -192 134 2477 -119 -1827 7 130 -45
1534196274.6860447 623 536 575 671 560 673 -8222 -1340 3700 -3333 -2107 -1087 9 131 -43
1534196274.74853 624 536 574 671 561 674 -7156 -1224 3434 561 301 875 7 131 -44
1534196274.8263297 624 536 574 671 561 673 -7404 -922 3000 180 809 295 7 133 -44
1534196274.8888154 624 536 574 671 561 674 -7432 -1100 3318 362 739 256 6 133 -44
1534196274.9669206 624 536 574 671 561 673 -7550 -1012 3076 694 1537 774 6 132 -46
1534196275.0315573 624 536 574 671 561 673 -7580 -956 2948 261 585 107 7 133 -47
1534196275.0924706 624 536 574 671 561 673 -7514 -964 3056 247 424 229 7 132 -47
1534196275.1551569 624 536 574 671 561 673 -7606 -1024 2994 398 1134 437 7 131 -47
1534196275.231068 624 536 574 671 561 674 -7584 -860 2928 214 384 208 8 132 -48
1534196275.3018546 624 536 574 671 561 674 -7612 -934 2930 200 686 404 6 132 -48
1534196275.358893 624 536 574 671 561 674 -7718 -884 2798 403 929 397 4 131 -48
1534196275.437002 624 536 574 671 561 674 -7678 -904 2976 524 2284 1282 6 131 -51
1534196275.504522 624 536 574 671 561 674 -7738 -664 2362 468 410 249 4 131 -51
1534196275.5720034 624 536 574 671 561 673 -7712 -788 2782 129 196 24 3 130 -52
1534196275.6385915 624 536 574 671 561 674 -7716 -724 2572 325 260 223 4 130 -51
1534196275.7010767 624 536 574 671 561 674 -7774 -798 2686 77 -79 164 4 131 -50
1534196275.763671 624 536 574 671 561 674 -7702 -750 2762 216 166 270 4 131 -49
1534196275.838271 623 536 574 671 562 674 -7774 -648 2716 -11 -511 29 4 131 -51
1534196275.906028 624 536 574 671 562 673 -7768 -784 2836 175 -838 362 4 132 -50
1534196275.968515 624 536 574 671 562 673 -7688 -692 2922 95 -1319 230 4 132 -48
1534196276.0434396 624 536 574 671 562 674 -7530 -668 3020 248 -759 246 4 130 -48
1534196276.106082 624 536 574 671 562 674 -7588 -690 3018 215 -155 0 1 132 -47
1534196276.168374 624 536 574 671 561 674 -7634 -694 2998 201 -465 -1 3 132 -47
1534196276.2310097 624 536 574 671 561 674 -7532 -756 3100 113 83 -169 4 133 -46
1534196276.309707 624 536 574 671 562 674 -7642 -678 3014 233 87 52 3 132 -46
1534196276.3722017 624 536 574 671 562 674 -7578 -768 3058 269 -471 -115 4 130 -47
1534196276.434839 624 536 574 671 561 674 -7522 -690 3132 327 -116 184 4 132 -46
1534196276.5127883 624 536 574 671 561 673 -7706 -788 3524 366 -906 457 2 133 -44
1534196276.575516 624 536 574 671 561 673 -7470 -612 3070 596 -2265 231 2 134 -43
1534196276.638037 624 536 574 671 561 674 -7102 -722 3202 -1788 1693 154 1 134 -42
1534196276.7161078 624 536 573 671 561 674 -8242 -604 3524 -1086 2846 787 2 135 -44
1534196276.794463 623 536 573 671 561 673 -7342 -1066 4102 2099 -870 -2094 2 133 -45
1534196276.8613212 624 537 573 671 562 674 -8052 -490 2762 528 -1750 148 3 131 -43
1534196276.923923 624 537 573 671 561 673 -6282 -1096 3250 861 3304 274 2 131 -47
1534196277.0092647 624 536 574 671 561 673 -9434 -378 2660 457 -5760 -3209 6 131 -43
1534196277.0730927 624 536 574 671 560 673 -6070 -640 3654 583 1870 -123 5 131 -46
1534196277.1389308 623 536 574 671 560 673 -7852 -1234 2726 534 -5677 -4534 7 132 -44
1534196277.217037 624 536 575 671 560 673 -7804 -1946 6638 9180 1189 1444 10 134 -38
1534196277.2882264 623 536 575 671 560 673 -5768 424 -140 -174 -900 -3057 8 134 -42
1534196277.3569205 623 536 575 671 561 673 -9222 -1402 5336 -5499 -1562 -1194 10 128 -43
1534196277.4194055 624 536 575 671 561 673 -7000 -1602 3366 894 1509 1972 12 134 -42
1534196277.502545 623 536 575 671 561 674 -7046 -526 2888 168 1050 319 8 134 -45
1534196277.5730114 624 536 573 671 561 674 -7730 -1214 3492 -141 636 -122 8 132 -45
1534196277.638037 623 536 573 671 561 674 -7428 -1010 3160 286 53 435 5 133 -44
1534196277.7005227 624 536 573 671 561 674 -7396 -890 3120 315 677 504 8 132 -45
1534196277.7630093 624 536 574 671 561 674 -7490 -996 3224 277 604 323 8 131 -44
1534196277.8415258 624 536 573 671 561 673 -7544 -916 3192 426 763 425 7 131 -46
1534196277.9062796 624 536 573 671 561 674 -7542 -890 3096 293 653 307 7 133 -46
1534196277.9688547 624 536 573 671 561 674 -7604 -870 3102 330 837 577 6 131 -45
1534196278.0421305 624 536 573 671 561 674 -7578 -854 2966 207 288 128 6 131 -47
1534196278.1070504 624 536 573 671 561 674 -7596 -872 3042 256 238 174 6 131 -46
1534196278.169534 624 536 573 671 561 673 -7604 -828 3084 353 402 281 6 131 -47
1534196278.23202 624 536 573 671 561 673 -7630 -810 3004 266 258 147 6 132 -51
1534196278.294504 624 536 573 671 561 673 -7602 -840 2942 262 144 32 5 132 -50
1534196278.3760817 623 536 573 671 561 674 -7582 -812 2992 162 44 83 4 133 -47
1534196278.438568 624 536 573 671 561 673 -7538 -810 3048 152 -24 91 7 130 -47
1534196278.5010543 624 536 573 671 561 674 -7588 -786 3022 244 50 60 3 135 -49
1534196278.5708475 623 536 573 671 561 674 -7594 -870 2992 154 164 43 5 133 -48
1534196278.624133 624 536 573 671 561 673 -7572 -778 3036 328 268 221 5 133 -49
1534196278.7022395 624 536 573 671 561 674 -7592 -780 3014 188 44 23 6 132 -49
1534196278.7706919 624 536 573 671 561 673 -7604 -810 3054 245 319 191 7 132 -49
1534196278.826009 624 536 573 671 561 673 -7576 -764 2986 235 255 70 6 130 -49
1534196278.888494 624 536 573 671 561 674 -7590 -768 3032 236 39 -33 5 131 -48
1534196278.9666007 624 536 573 671 561 674 -7546 -784 2996 333 155 18 6 132 -50
1534196279.0332897 624 536 573 671 561 674 -7646 -808 2894 247 95 21 8 132 -46
1534196279.0928197 624 536 573 671 561 674 -7522 -800 3110 141 6 36 5 133 -45
1534196279.15548 624 536 573 671 561 674 -7602 -790 3102 344 76 37 5 133 -49
1534196279.217924 624 536 573 671 561 674 -7606 -810 3098 198 3 42 6 132 -47
1534196279.2942507 624 536 573 671 561 674 -7476 -798 3066 254 -199 -39 7 132 -47
1534196279.3562005 624 536 573 671 561 673 -7776 -792 2850 7 -2036 -253 5 130 -46
1534196279.4186854 624 536 573 671 561 673 -7088 -890 3160 -343 -1433 189 6 131 -43
1534196279.4968987 624 536 573 671 561 673 -7066 -644 3214 -2718 158 -694 6 133 -43
1534196279.5727363 624 536 573 671 562 674 -7314 -938 3510 1180 3420 1036 3 132 -47
1534196279.6394074 624 536 573 671 562 674 -7678 -500 2374 -1212 -3677 -847 6 130 -45
1534196279.717515 624 537 574 671 562 673 -7078 -1742 3736 -4182 2349 -377 8 132 -42
1534196279.7864883 623 536 574 671 561 673 -7182 -888 3518 2555 4101 636 7 131 -43
1534196279.855776 623 536 574 670 560 673 -7890 -792 2968 393 -1448 -2062 9 133 -43
1534196279.9182823 623 536 574 671 560 673 -8590 -1636 3806 1456 -4183 -939 10 132 -40
1534196279.9963398 623 536 574 671 560 673 -5840 -1464 3862 6837 3412 1892 9 135 -44
1534196280.074327 623 536 573 671 560 674 -8518 -282 1394 -3056 116 -1784 10 133 -48
1534196280.1393526 624 536 574 671 561 674 -7594 -1670 4412 -1098 -1852 1660 10 133 -45
1534196280.201744 624 536 574 671 560 674 -7020 -944 3164 990 1754 589 9 133 -45
1534196280.2798498 624 536 573 671 561 674 -7626 -874 3282 -285 396 27 8 132 -44
1534196280.352444 624 536 574 671 561 673 -7450 -1148 3332 363 808 515 9 132 -42
1534196280.405868 623 536 573 671 561 673 -7458 -848 3090 519 898 405 9 132 -44
1534196280.4839747 624 536 574 671 561 674 -7574 -928 3124 119 172 337 6 133 -47
1534196280.5531738 623 536 573 671 561 674 -7486 -882 3182 335 489 173 8 132 -46
1534196280.609004 623 536 573 671 561 674 -7548 -896 3074 454 834 322 6 131 -45
1534196280.6871111 623 536 573 671 561 673 -7610 -822 3048 181 286 176 7 133 -48
1534196280.7497928 623 536 573 671 561 674 -7474 -864 3094 331 1115 319 7 132 -50
1534196280.8223503 624 536 573 671 561 674 -7594 -828 2972 247 534 176 5 133 -48
1534196280.8882487 624 536 573 671 561 673 -7628 -850 2976 158 -102 39 5 134 -48
1534196280.9505742 624 536 573 671 561 673 -7572 -826 3034 174 -205 45 6 133 -48
1534196281.0130587 624 536 573 671 561 673 -7530 -840 2988 168 -99 -66 7 131 -47
1534196281.0916905 624 536 573 671 561 673 -7590 -824 3030 250 -107 -61 5 133 -48
1534196281.1541767 624 536 573 671 561 674 -7556 -858 3116 310 183 -12 7 133 -48
1534196281.216662 624 536 573 671 561 673 -7628 -794 2904 176 -317 -248 7 132 -45
1534196281.2961526 624 536 573 671 561 674 -7534 -898 3098 291 -107 -87 7 133 -49
1534196281.3569863 623 536 573 671 561 674 -7610 -844 3056 176 -261 -69 4 133 -46
1534196281.41947 624 536 573 671 561 673 -7554 -948 3124 64 -403 12 8 131 -47
1534196281.4976509 624 536 573 671 561 673 -7494 -814 2966 80 -2300 259 6 133 -42
1534196281.5696788 624 536 573 671 561 674 -7054 -906 3100 -1049 -1207 954 6 133 -45
1534196281.638663 623 536 573 671 561 673 -8320 -1110 3890 -3245 3486 2166 4 132 -45
1534196281.7166946 624 536 573 671 561 673 -7254 -304 2534 1226 -2924 -3371 3 130 -47
1534196281.788253 623 536 574 671 560 673 -6978 -1806 4034 -2479 -1337 -1338 6 132 -44
1534196281.8570516 623 536 574 670 559 673 -8462 -1438 3534 -1912 -1647 -3557 9 132 -41
1534196281.935297 624 536 574 671 558 673 -6836 -1546 3510 -1681 3085 2233 10 133 -41
1534196282.006739 623 535 574 670 558 673 -7970 -2008 3202 702 -1820 -2617 11 132 -38
1534196282.0760596 622 536 574 670 557 673 -8470 -1144 5210 3091 -879 -777 14 132 -35
1534196282.1385467 623 536 574 671 558 673 -5510 -1330 2692 2242 789 -28 11 133 -39
1534196282.2166514 623 536 574 671 559 673 -8262 -1160 3112 -885 -1503 -1091 12 133 -42
1534196282.296764 624 536 574 671 559 673 -6770 -1598 3984 1303 165 132 13 134 -40
1534196282.3567698 624 536 574 671 559 673 -7420 -1178 3102 332 655 83 12 134 -39
1534196282.4192533 624 536 574 671 560 674 -7172 -1410 3788 93 171 538 10 133 -38
1534196282.4973614 623 536 574 671 560 674 -7278 -1236 3376 359 828 148 12 133 -40
1534196282.5707583 623 536 573 670 559 674 -7376 -1362 3486 219 -66 319 11 134 -41
1534196282.6240973 623 536 573 671 560 674 -7228 -1220 3546 442 619 -1 11 134 -41
1534196282.702204 623 536 574 671 560 673 -7350 -1230 3404 529 404 194 11 133 -41
1534196282.7773821 623 536 573 671 560 674 -7340 -1192 3444 262 316 244 10 133 -42
1534196282.8406773 623 536 573 671 560 674 -7310 -1262 3402 404 775 243 8 133 -42
1534196282.9032292 623 536 573 671 560 673 -7366 -1200 3318 278 308 101 11 133 -42
1534196282.981269 624 536 574 671 560 674 -7368 -1248 3388 238 319 229 11 132 -40
1534196283.052564 623 536 573 670 560 674 -7348 -1166 3284 256 -23 -38 10 132 -41
1534196283.1139715 623 536 573 671 559 673 -7382 -1198 3432 271 560 208 10 133 -40
1534196283.1920779 623 536 573 670 560 673 -7320 -1216 3424 249 57 -49 11 133 -44
1534196283.2584653 623 536 573 671 560 673 -7388 -1196 3340 163 -38 -62 12 133 -40
1534196283.3251116 623 536 573 671 560 673 -7356 -1232 3426 358 649 200 12 134 -42
1534196283.3875942 623 536 573 671 560 674 -7460 -1204 3358 191 268 181 9 132 -42
1534196283.4500782 623 536 573 671 560 674 -7330 -1168 3390 314 137 26 9 133 -44
1534196283.530402 623 536 573 671 560 673 -7390 -1202 3382 299 -85 5 10 131 -42
1534196283.597224 623 536 573 671 560 673 -7378 -1152 3374 275 53 31 10 133 -43
1534196283.6559005 623 536 573 671 560 674 -7396 -1124 3294 454 124 7 9 132 -42
1534196283.7183862 623 536 573 671 560 673 -7444 -1188 3476 253 109 129 8 134 -41
1534196283.8020191 624 536 573 671 560 673 -7286 -1122 3268 441 -244 15 10 132 -42
1534196283.871581 623 536 573 671 560 673 -7332 -1272 3428 20 -368 -162 11 132 -41
1534196283.9342282 623 536 573 671 560 673 -7200 -1210 3330 -1060 -257 794 9 133 -40
1534196284.0123556 623 536 573 670 560 673 -7318 -1302 3624 -514 2496 2266 9 135 -41
1534196284.0862472 623 536 573 671 560 673 -8350 -926 2362 -2154 -4339 -1156 7 132 -40
1534196284.1544325 623 536 574 670 559 672 -5910 -1042 2696 -1949 -2034 -3507 9 133 -40
1534196284.2324178 622 536 574 670 558 673 -8734 -1770 4056 3709 -2505 -213 9 131 -37
1534196284.3054435 623 536 574 669 557 672 -6102 -730 3058 791 -1696 -4768 12 133 -39
1534196284.3798268 622 535 574 670 557 672 -11354 -2396 6716 4315 -1513 1987 16 131 -34
1534196284.4526334 623 536 573 670 558 673 -3380 -1038 750 4925 -5159 -1684 12 133 -38
1534196284.5254402 622 536 573 670 558 673 -9848 -1366 5006 -1824 714 -473 13 133 -37
1534196284.6231778 622 536 573 670 558 673 -5960 -1274 3386 -95 -565 1389 13 132 -38
1534196284.702965 623 536 574 670 559 673 -7686 -1012 3726 -450 1236 -285 14 132 -41
1534196284.7677908 623 536 573 670 559 673 -7326 -1216 3530 -521 19 1220 11 133 -40
1534196284.80968 623 536 573 670 559 673 -7168 -1222 3754 508 1464 282 12 133 -39
1534196284.8785105 622 536 573 670 559 673 -7392 -1108 3438 389 515 161 11 133 -42
1534196284.9463134 623 536 573 671 559 673 -7314 -1122 3438 49 740 112 9 134 -41
1534196285.014133 623 536 573 670 559 673 -7422 -978 3374 583 1315 702 10 134 -43
1534196285.0819519 623 536 573 671 559 673 -7406 -1052 3340 309 374 0 10 133 -44
1534196285.150768 624 536 573 670 559 673 -7624 -1016 3296 326 1322 854 9 134 -45
1534196285.2175953 623 536 573 671 559 673 -7510 -962 3268 366 699 826 8 134 -44
1534196285.2725358 623 536 573 670 559 673 -7446 -920 3094 182 875 857 10 135 -45
1534196285.3531497 623 536 573 670 559 673 -7680 -920 3302 141 516 798 8 134 -46
