1533319226.7082915 4033
1533319226.7082915 4021
1533319226.7082915 4023
1533319226.7082915 4051
1533319226.7082915 4024
1533319226.7082915 4029
1533319226.7082915 4033
1533319226.7082915 4032
1533319226.7082915 4019
1533319226.7082915 4034
1533319226.718507 4024
1533319226.718507 4023
1533319226.718507 4025
1533319226.718507 4023
1533319226.718507 4027
1533319226.718507 4031
1533319226.718507 4015
1533319226.718507 4005
1533319226.718507 4020
1533319226.718507 4031
1533319226.7285588 4047
1533319226.7285588 4019
1533319226.7285588 4025
1533319226.7285588 4030
1533319226.7325618 4039
1533319226.7325618 4024
1533319226.7325618 4029
1533319226.7325618 4027
1533319226.7325618 4055
1533319226.7325618 4017
1533319226.7385817 4027
1533319226.7385817 4024
1533319226.7385817 4023
1533319226.7385817 4025
1533319226.7425869 4034
1533319226.7425869 4027
1533319226.7425869 4015
1533319226.7425869 4011
1533319226.7425869 4003
1533319226.7425869 4022
1533319226.748695 4025
1533319226.748695 4046
1533319226.748695 4034
1533319226.7512114 4026
1533319226.7512114 4023
1533319226.7512114 4035
1533319226.7512114 4024
1533319226.7512114 4031
1533319226.7512114 4029
1533319226.7577205 4026
1533319226.7577205 4039
1533319226.7577205 4034
1533319226.7577205 4056
1533319226.7577205 4023
1533319226.7577205 4021
1533319226.7577205 4053
1533319226.7577205 4027
1533319226.7577205 4031
1533319226.7577205 4018
1533319226.7577205 4009
1533319226.7685642 4030
1533319226.7685642 4026
1533319226.7685642 4046
1533319226.7685642 4058
1533319226.7685642 4023
1533319226.7685642 4031
1533319226.7685642 4023
1533319226.7685642 4024
1533319226.7685642 4029
1533319226.7685642 4031
1533319226.778532 3988
1533319226.778532 4011
1533319226.778532 4034
1533319226.778532 4001
1533319226.7825382 4023
1533319226.7825382 4025
1533319226.7825382 4039
1533319226.7825382 4027
1533319226.7825382 4039
1533319226.7825382 4043
1533319226.7885787 4003
1533319226.7885787 4024
1533319226.7885787 4028
1533319226.7885787 4044
1533319226.7925851 4017
1533319226.7925851 4021
1533319226.7925851 4023
1533319226.7925851 4039
1533319226.7925851 4024
1533319226.7925851 4040
1533319226.7986035 4029
1533319226.7986035 4028
1533319226.7986035 4043
1533319226.7986035 4023
1533319226.802608 4029
1533319226.802608 4023
1533319226.802608 4025
1533319226.802608 4015
1533319226.802608 4027
1533319226.802608 4031
1533319226.8086638 4011
1533319226.8086638 4005
1533319226.8086638 4024
1533319226.8086638 4025
1533319226.8086638 4044
1533319226.8086638 4035
1533319226.8086638 4021
1533319226.8086638 4027
1533319226.8086638 4022
1533319226.8086638 3996
1533319226.8185582 4009
1533319226.8185582 4031
1533319226.8185582 4030
1533319226.8185582 4039
1533319226.8185582 4023
1533319226.8185582 4025
1533319226.8185582 4025
1533319226.8185582 4021
1533319226.8185582 4035
1533319226.8185582 4027
1533319226.8285484 4047
1533319226.829384 4040
1533319226.8303826 4000
1533319226.8316507 4024
1533319226.8316507 4025
1533319226.8316507 4046
1533319226.8316507 4034
1533319226.8316507 4023
1533319226.8316507 4027
1533319226.8316507 4014
1533319226.8386738 4016
1533319226.8386738 4031
1533319226.8386738 4031
1533319226.8386738 4030
1533319226.8386738 4023
1533319226.8386738 4030
1533319226.8386738 4025
1533319226.8386738 4011
1533319226.8386738 4025
1533319226.8386738 4025
1533319226.8485591 4027
1533319226.8500102 4031
1533319226.8510067 4032
1533319226.852005 4024
1533319226.853002 4012
1533319226.8539982 4026
1533319226.8549948 4044
1533319226.8559923 4033
1533319226.856992 4023
1533319226.8579924 4029
1533319226.8589885 4025
1533319226.8599823 4024
1533319226.86098 3984
1533319226.8619778 4031
1533319226.8629742 4026
1533319226.8639722 4017
1533319226.8649683 4023
1533319226.8659675 4021
1533319226.8669665 4023
1533319226.86797 4025
1533319226.8689663 4039
1533319226.8699565 4027
1533319226.8709538 4031
1533319226.8719506 4017
1533319226.872948 4017
1533319226.873945 4020
1533319226.874944 4024
1533319226.875941 4044
1533319226.8769383 4047
1533319226.8779366 4023
1533319226.8789318 4023
1533319226.8799324 4023
1533319226.8809278 4024
1533319226.881926 4030
1533319226.882924 4029
1533319226.8839288 4028
1533319226.8849204 4023
1533319226.8859167 4026
1533319226.886917 4024
1533319226.8879123 4027
1533319226.8889065 4017
1533319226.889905 4019
1533319226.8909001 4027
1533319226.8918974 4031
1533319226.892895 4023
1533319226.893892 4008
1533319226.894889 4012
1533319226.8958867 4024
1533319226.896884 4039
1533319226.8978815 4011
1533319226.8988824 4023
1533319226.8998804 4027
1533319226.9008958 4000
1533319226.9018703 4024
1533319226.9028676 4031
1533319226.903865 4031
1533319226.9048622 4028
1533319226.90586 4015
1533319226.9068575 4030
1533319226.9078546 4025
1533319226.9088516 4027
1533319226.9098494 4021
1533319226.9108462 4035
1533319226.9118645 4002
1533319226.912842 4031
1533319226.9138386 4017
1533319226.914837 4011
1533319226.915893 4024
1533319226.915893 3976
1533319226.915893 4042
1533319226.918402 4042
1533319226.918402 4027
1533319226.918402 4027
1533319226.918402 4039
1533319226.918402 4024
1533319226.918402 4028
1533319226.918402 4048
1533319226.918402 4026
1533319226.918402 4019
1533319226.918402 4027
1533319226.928535 4021
1533319226.928535 3987
1533319226.928535 4023
1533319226.928535 4007
1533319226.928535 4027
1533319226.928535 4031
1533319226.928535 4091
1533319226.928535 4016
1533319226.928535 4024
1533319226.928535 4027
1533319226.938573 4044
1533319226.938573 4019
1533319226.938573 4023
1533319226.938573 4029
1533319226.9425762 4027
1533319226.9425762 4024
1533319226.9425762 4030
1533319226.9425762 4040
1533319226.9425762 4028
1533319226.9425762 4032
1533319226.9485893 4027
1533319226.9485893 4024
1533319226.9485893 4027
1533319226.9485893 4025
1533319226.952102 4019
1533319226.952102 4023
1533319226.952102 4031
1533319226.952102 4038
1533319226.952102 4016
1533319226.9576201 4022
1533319226.9576201 4024
1533319226.9576201 4034
1533319226.9576201 4032
1533319226.9576201 4043
1533319226.9626257 4029
1533319226.9626257 4017
1533319226.9626257 4024
1533319226.9626257 4029
1533319226.9626257 4026
1533319226.9626257 4022
1533319226.968638 4043
1533319226.968638 4023
1533319226.968638 4021
1533319226.9716423 4035
1533319226.9716423 4023
1533319226.9716423 4019
1533319226.9716423 4015
1533319226.9716423 4031
1533319226.9716423 4011
1533319226.9716423 4008
1533319226.978667 4022
1533319226.978667 4027
1533319226.978667 4044
1533319226.978667 4019
1533319226.9823728 4023
1533319226.9839277 4027
1533319226.9849253 4018
1533319226.9859226 4024
1533319226.9869194 4029
1533319226.9879165 4029
1533319226.9889138 4028
1533319226.989915 4023
1533319226.9909108 4038
1533319226.9919078 4024
1533319226.9929054 4027
1533319226.9939027 4005
1533319226.9948988 4038
1533319226.9958959 4030
1533319226.9968932 4031
1533319226.9978907 4039
1533319226.9988883 3963
1533319226.9998875 4024
1533319227.0008843 4016
1533319227.0018814 4042
1533319227.0028784 4019
1533319227.0038817 4022
1533319227.004873 4023
1533319227.00587 4039
1533319227.0069015 4024
1533319227.0079055 4027
1533319227.0088954 4040
1533319227.009894 4026
1533319227.0108907 4023
1533319227.0118883 4023
1533319227.0128844 4021
1533319227.0138812 4025
1533319227.014847 4025
1533319227.015895 4045
1533319227.0168724 4027
1533319227.017872 4031
1533319227.018868 4023
1533319227.0198705 3985
1533319227.020865 4022
1533319227.0218601 4031
1533319227.0228577 4042
1533319227.0238552 4015
1533319227.0248525 4023
1533319227.0258508 4027
1533319227.0268471 4037
1533319227.0279071 4024
1533319227.0288527 4028
1533319227.029806 4057
1533319227.0308435 4026
1533319227.0318391 4019
1533319227.0328248 4027
1533319227.0337956 4021
1533319227.0348265 4033
1533319227.0358238 3985
1533319227.03682 4011
1533319227.0378187 4027
1533319227.0388162 4031
1533319227.0397787 4029
1533319227.0408087 4017
1533319227.0418081 4024
1533319227.0428057 4024
1533319227.043808 4042
1533319227.044805 4015
1533319227.0458004 4037
1533319227.046806 4023
1533319227.047798 4011
1533319227.0488615 3976
1533319227.0488615 4030
1533319227.0488615 4029
1533319227.0488615 4026
1533319227.0524168 4035
1533319227.0524168 4030
1533319227.0524168 4025
1533319227.0524168 4027
1533319227.0524168 4009
1533319227.0579655 4015
1533319227.0579655 4027
1533319227.0579655 4031
1533319227.0579655 4023
1533319227.0579655 4017
1533319227.0579655 4021
1533319227.0579655 4025
1533319227.0579655 4042
1533319227.0579655 4019
1533319227.0579655 4022
1533319227.0579655 4027
1533319227.068655 4011
1533319227.068655 4024
1533319227.068655 4029
1533319227.068655 4028
1533319227.068655 4030
1533319227.068655 4023
1533319227.068655 4023
1533319227.068655 4019
1533319227.068655 4023
1533319227.068655 4023
1533319227.0786514 4038
1533319227.0786514 4027
1533319227.0786514 4031
1533319227.0786514 4038
1533319227.0786514 4000
1533319227.0786514 4024
1533319227.0786514 4026
1533319227.0786514 4046
1533319227.0786514 4023
1533319227.0786514 4023
1533319227.0888548 4032
1533319227.0898526 4034
1533319227.0908496 4032
1533319227.0918498 4031
1533319227.0928469 4030
1533319227.0938404 4026
1533319227.0948384 4015
1533319227.0958352 4023
1533319227.096832 4024
1533319227.097829 4025
1533319227.0988271 4017
1533319227.0998247 4022
1533319227.100821 4027
1533319227.101818 4031
1533319227.1028156 4041
1533319227.1038134 4016
1533319227.1048102 4024
1533319227.1058078 4026
1533319227.1068053 4044
1533319227.1078029 4019
1533319227.1088 4031
1533319227.1097975 4015
1533319227.110795 4023
1533319227.111792 4024
1533319227.1127892 4030
1533319227.1137865 4029
1533319227.114784 4026
1533319227.1158235 4019
1533319227.116816 4027
1533319227.117813 4024
1533319227.1188083 4023
1533319227.1197722 4027
1533319227.1208053 4019
1533319227.1217675 4030
1533319227.1228 4031
1533319227.1237953 4026
1533319227.12476 4011
1533319227.1257584 4024
1533319227.126754 4026
1533319227.1277528 4042
1533319227.128749 4027
1533319227.1297472 4023
1533319227.1307435 4023
1533319227.1317415 4015
1533319227.1327388 4024
1533319227.1337354 4027
1533319227.1347327 4029
1533319227.1357303 4026
1533319227.1367276 4019
1533319227.1377249 4030
1533319227.1387227 4021
1533319227.1397207 4027
1533319227.140717 4025
1533319227.1417139 4019
1533319227.1427114 4027
1533319227.143707 4031
1533319227.144704 4034
1533319227.1457014 4000
1533319227.1466985 4022
1533319227.1476958 4024
1533319227.148734 4044
1533319227.1496944 4023
1533319227.1506898 4021
1533319227.1516888 4027
1533319227.1527653 4023
1533319227.1527653 4040
1533319227.1527653 4029
1533319227.1527653 4030
1533319227.1527653 4026
1533319227.157817 4017
1533319227.157817 4030
1533319227.157817 4024
1533319227.157817 4023
1533319227.157817 4023
1533319227.162824 4019
1533319227.162824 4027
1533319227.162824 4031
1533319227.162824 4039
1533319227.162824 4016
1533319227.162824 4028
1533319227.168363 4025
1533319227.168363 4042
1533319227.168363 4023
1533319227.168363 4020
1533319227.168363 4027
1533319227.168363 4043
1533319227.168363 4024
1533319227.168363 4031
1533319227.168363 4028
1533319227.168363 4026
1533319227.1784246 4019
1533319227.1784246 4030
1533319227.1784246 4024
1533319227.1784246 4023
1533319227.1784246 4009
1533319227.1784246 4011
1533319227.1784246 4027
1533319227.1784246 4031
1533319227.1784246 4039
1533319227.1784246 4009
1533319227.1887007 4024
1533319227.1887007 4026
1533319227.1887007 4046
1533319227.1887007 4037
1533319227.1922114 4023
1533319227.1922114 4027
1533319227.1922114 4022
1533319227.1922114 4024
1533319227.1922114 4029
1533319227.1922114 4028
1533319227.1987662 4026
1533319227.1987662 4039
1533319227.1987662 4026
1533319227.1987662 4024
1533319227.2027712 4023
1533319227.2027712 4023
1533319227.2027712 4019
1533319227.2027712 4027
1533319227.2027712 4035
1533319227.2027712 4039
1533319227.2088227 4019
1533319227.2098205 4024
1533319227.2108197 4024
1533319227.2118156 4042
1533319227.2128146 4038
1533319227.213811 4023
1533319227.214806 4023
1533319227.2158053 4032
1533319227.2168028 4024
1533319227.2178001 4030
1533319227.2187972 4031
1533319227.2197952 4026
1533319227.220792 4023
1533319227.2217898 4030
1533319227.2227876 4024
1533319227.2237844 4023
1533319227.224782 4023
1533319227.2257793 4017
1533319227.2267764 4027
1533319227.2277725 4031
1533319227.228772 4017
1533319227.229769 4000
1533319227.2307644 4022
1533319227.231762 4026
1533319227.2327614 4044
1533319227.2337563 4017
1533319227.2347527 4023
1533319227.2357495 4030
1533319227.2367475 4019
1533319227.2377443 4024
1533319227.2387414 4031
1533319227.2397392 4031
1533319227.2407365 4028
1533319227.2417333 4043
1533319227.242731 4027
1533319227.2437282 4024
1533319227.2447255 4025
1533319227.2457242 4025
1533319227.2467217 4019
1533319227.2477188 4027
1533319227.2487168 4039
1533319227.2497175 4035
1533319227.25071 4008
1533319227.2517068 4022
1533319227.252704 4028
1533319227.2537012 4044
1533319227.2546995 4023
1533319227.2556963 4025
1533319227.256694 4027
1533319227.257691 4027
1533319227.2586882 4024
1533319227.2596853 4027
1533319227.260683 4026
1533319227.26168 4022
1533319227.2626774 4038
1533319227.263675 4030
1533319227.264674 4019
1533319227.2657497 4027
1533319227.2657497 4025
1533319227.2657497 4035
1533319227.26826 4027
1533319227.26826 4031
1533319227.26826 4011
1533319227.26826 4013
1533319227.26826 4024
1533319227.26826 4028
1533319227.26826 4036
1533319227.26826 4032
1533319227.26826 4023
1533319227.26826 4023
1533319227.2786012 4022
1533319227.2786012 4024
1533319227.2786012 4031
1533319227.2786012 4031
1533319227.2786012 4022
1533319227.2786012 4017
1533319227.2786012 4030
1533319227.2786012 4024
1533319227.2786012 4023
1533319227.2786012 4023
1533319227.2886233 4015
1533319227.2886233 4030
1533319227.2886233 4039
1533319227.2886233 4038
1533319227.2926297 4021
1533319227.2926297 4020
1533319227.2926297 4024
1533319227.2926297 4042
1533319227.2926297 4017
1533319227.2926297 4023
1533319227.298687 4027
1533319227.298687 4019
1533319227.298687 4024
1533319227.298687 4026
1533319227.3026917 4029
1533319227.3026917 4026
1533319227.3026917 4027
1533319227.3026917 4030
1533319227.3026917 4024
1533319227.3026917 4025
1533319227.308749 4025
1533319227.308749 4013
1533319227.308749 4027
1533319227.308749 4031
1533319227.308749 4038
1533319227.308749 4005
1533319227.308749 4024
1533319227.308749 4025
1533319227.308749 4044
1533319227.308749 4023
1533319227.318375 4023
1533319227.318375 4027
1533319227.318375 4017
1533319227.318375 4024
1533319227.3223803 4031
1533319227.3223803 4031
1533319227.3223803 4024
1533319227.3223803 4019
1533319227.3223803 4030
1533319227.3223803 4021
1533319227.3286827 4027
1533319227.3296826 4025
1533319227.3309996 4048
1533319227.3309996 4027
1533319227.3309996 4031
1533319227.3309996 4019
1533319227.3309996 4016
1533319227.3309996 4020
1533319227.3309996 4027
1533319227.3309996 4046
1533319227.3385549 4007
1533319227.3385549 4026
1533319227.3385549 4029
1533319227.3385549 4019
1533319227.3425596 4024
1533319227.3425596 4029
1533319227.3425596 4030
1533319227.3425596 4022
1533319227.3425596 4043
1533319227.3425596 4030
1533319227.3486173 4024
1533319227.3486173 4023
1533319227.3486173 4023
1533319227.3486173 4027
1533319227.352622 4030
1533319227.3536758 4031
1533319227.3536758 4021
1533319227.3536758 4009
1533319227.3536758 4024
1533319227.357722 4026
1533319227.357722 4046
1533319227.357722 4023
1533319227.357722 4023
1533319227.357722 4027
1533319227.3627284 4043
1533319227.3627284 4024
1533319227.3627284 4031
1533319227.3627284 4029
1533319227.3627284 4022
1533319227.3627284 4035
1533319227.368783 4027
1533319227.368783 4024
1533319227.368783 4027
1533319227.3717918 4025
1533319227.3717918 4017
1533319227.3717918 4031
1533319227.3717918 4031
1533319227.3717918 4037
1533319227.3717918 4005
1533319227.3717918 4024
1533319227.3783455 4024
1533319227.3783455 4043
1533319227.3783455 4035
1533319227.3783455 4022
1533319227.3828523 4027
1533319227.3828523 4013
1533319227.3828523 4024
1533319227.3828523 4029
1533319227.3828523 4031
1533319227.3828523 4028
1533319227.388395 4039
1533319227.388395 4034
1533319227.388395 4024
1533319227.388395 4023
1533319227.388395 4025
1533319227.388395 4019
1533319227.388395 4023
1533319227.388395 3987
1533319227.388395 4019
1533319227.388395 4003
1533319227.3985329 4024
1533319227.3985329 4025
1533319227.3985329 4039
1533319227.3985329 4015
1533319227.4020422 4023
1533319227.4020422 4027
1533319227.4020422 4027
1533319227.4020422 4024
1533319227.4020422 4029
1533319227.4020422 4031
1533319227.4085834 4026
1533319227.4085834 4017
1533319227.4085834 4030
1533319227.4085834 4021
1533319227.4085834 4023
1533319227.4085834 4025
1533319227.4085834 4035
1533319227.4085834 4027
1533319227.4085834 4031
1533319227.4085834 4037
1533319227.418803 4016
1533319227.418803 4020
1533319227.418803 4028
1533319227.418803 4039
1533319227.4223113 4023
1533319227.4223113 4025
1533319227.4223113 4027
1533319227.4223113 4043
1533319227.4223113 4024
1533319227.4223113 4029
1533319227.4283576 4031
1533319227.4283576 4026
1533319227.4283576 4035
1533319227.4283576 3954
1533319227.4283576 4024
1533319227.4283576 4027
1533319227.4283576 4025
1533319227.4283576 4027
1533319227.4283576 4027
1533319227.4283576 4031
1533319227.4387343 4018
1533319227.4387343 4007
1533319227.4387343 4024
1533319227.4387343 4028
1533319227.4422436 4039
1533319227.4422436 4039
1533319227.4422436 4023
1533319227.4422436 4062
1533319227.4422436 4019
1533319227.4422436 4024
1533319227.4488006 4031
1533319227.4488006 4029
1533319227.4488006 4094
1533319227.4488006 4019
1533319227.4488006 4023
1533319227.4488006 4021
1533319227.4544957 4031
1533319227.4544957 4025
1533319227.4565103 4019
1533319227.457526 4023
1533319227.457526 4039
1533319227.457526 4007
1533319227.457526 4000
1533319227.457526 4024
1533319227.457526 4024
1533319227.457526 4046
1533319227.457526 4032
1533319227.457526 4021
1533319227.4665258 4023
1533319227.4665258 4021
1533319227.4684942 4024
1533319227.4694815 4029
1533319227.4707136 4029
1533319227.4711828 4028
1533319227.47218 4029
1533319227.4731765 4030
1533319227.4741738 4024
1533319227.4751713 4027
1533319227.4761684 4025
1533319227.4771662 4023
1533319227.4781637 4027
1533319227.4791608 4031
1533319227.480158 4017
1533319227.4811556 4011
1533319227.4821527 4024
1533319227.4831502 4024
1533319227.4841473 4039
1533319227.4851446 4038
1533319227.4861417 4023
1533319227.4871402 4027
1533319227.488139 4015
1533319227.4891353 4030
1533319227.4901316 4032
1533319227.4911342 4040
1533319227.4921312 4028
1533319227.4931257 4042
1533319227.4941225 4018
1533319227.4951196 4029
1533319227.4961166 4023
1533319227.4971142 4023
1533319227.4991195 4039
1533319227.4991195 4026
1533319227.5001051 4031
1533319227.5011015 4023
1533319227.5020993 4007
1533319227.503098 4020
1533319227.5040934 4026
1533319227.5050907 4042
1533319227.506088 4015
1533319227.5070856 4023
1533319227.5080826 4027
1533319227.5090804 4023
1533319227.5100782 4024
1533319227.5110745 4028
1533319227.5120716 4029
1533319227.5130694 4026
1533319227.5140667 4039
1533319227.5150676 4030
1533319227.5160623 4021
1533319227.5170593 4023
1533319227.5180569 4025
1533319227.519054 4039
1533319227.520051 4027
1533319227.5210488 4019
1533319227.5220459 4017
1533319227.5230434 4005
1533319227.5240407 4028
1533319227.5260355 4026
1533319227.5270326 4046
1533319227.5280373 4019
1533319227.529027 4023
1533319227.5300248 4015
1533319227.531022 4023
1533319227.5320194 4024
1533319227.5320988 4031
1533319227.5320988 4028
1533319227.5320988 4028
1533319227.5320988 4019
1533319227.5320988 4030
1533319227.5320988 4024
1533319227.538667 4027
1533319227.538667 4025
1533319227.538667 4043
1533319227.538667 4027
1533319227.538667 4039
1533319227.5431728 4017
1533319227.5431728 4000
1533319227.5431728 4022
1533319227.5431728 4028
1533319227.5431728 4042
1533319227.5487108 4035
1533319227.5487108 4023
1533319227.5487108 4039
1533319227.5487108 4043
1533319227.5527132 4024
1533319227.5527132 4024
1533319227.5527132 4029
1533319227.5527132 4028
1533319227.5527132 4017
1533319227.5527132 4034
1533319227.5587695 4031
1533319227.5587695 4023
1533319227.5587695 4025
1533319227.5587695 4023
1533319227.562771 4027
1533319227.562771 4031
1533319227.562771 4023
1533319227.562771 4005
1533319227.562771 4024
1533319227.562771 4026
1533319227.56834 4042
1533319227.56834 4051
1533319227.56834 4019
1533319227.56834 4033
1533319227.5728438 4022
1533319227.5728438 4024
1533319227.5728438 4031
1533319227.5728438 4030
1533319227.5728438 4030
1533319227.5728438 4011
1533319227.578409 4030
1533319227.578409 4025
1533319227.578409 4031
1533319227.578409 4025
1533319227.5824106 4081
1533319227.5824106 4027
1533319227.5824106 4031
1533319227.5824106 4019
1533319227.5824106 4003
1533319227.5824106 4024
1533319227.5889125 4028
1533319227.5899096 4042
1533319227.5909512 4039
1533319227.5919044 4023
1533319227.5929 4023
1533319227.5938969 4035
1533319227.5948946 4024
1533319227.5958917 4031
1533319227.5968888 4027
1533319227.5978863 4026
1533319227.5988836 4023
1533319227.5999162 4026
1533319227.6009138 4024
1533319227.6019108 4023
1533319227.602908 4023
1533319227.6039054 4039
1533319227.6049027 4027
1533319227.6059003 4039
1533319227.6068997 3995
1533319227.6078951 4001
1533319227.608892 4024
1533319227.6098952 4024
1533319227.6108923 4039
1533319227.6118913 4019
1533319227.6128845 4025
1533319227.6138847 4027
1533319227.6148443 4023
1533319227.6158767 4024
1533319227.6168766 4040
1533319227.617867 4027
1533319227.6188643 4028
1533319227.6198628 4035
1533319227.6208658 4030
1533319227.6218235 4025
1533319227.6228561 4019
1533319227.6238556 4025
1533319227.6248488 4039
1533319227.6258464 4027
1533319227.626844 4031
1533319227.6278503 4006
1533319227.6288433 4005
1533319227.6298022 4016
1533319227.630838 4025
1533319227.6318376 4039
1533319227.6328282 4018
1533319227.6338258 4023
1533319227.6348233 4027
1533319227.6358206 4032
1533319227.6368182 4024
1533319227.6378179 4029
1533319227.638815 4031
1533319227.6397765 4028
1533319227.6408117 4023
1533319227.641769 4027
1533319227.6427665 4024
1533319227.6437638 4023
1533319227.6447606 4023
1533319227.6457584 4031
1533319227.6467557 4027
1533319227.6477532 4031
1533319227.6487503 4026
1533319227.6497476 4003
1533319227.6507452 4024
1533319227.651742 4020
1533319227.652739 4039
1533319227.6537366 4032
1533319227.6547344 4023
1533319227.6557314 4027
1533319227.6567285 4019
1533319227.6577263 4024
1533319227.6587234 4031
1533319227.6597214 4025
1533319227.6607187 4028
1533319227.6617155 4013
1533319227.6627126 4026
1533319227.6637096 4024
1533319227.6647074 4039
1533319227.665705 4025
1533319227.6667018 4035
1533319227.6676998 4027
1533319227.6686969 4031
1533319227.6697693 4039
1533319227.6697693 4011
1533319227.6697693 4024
1533319227.6697693 4040
1533319227.6697693 4046
1533319227.6697693 4019
1533319227.6697693 4023
1533319227.6697693 4023
1533319227.6697693 4032
1533319227.6783175 4024
1533319227.6783175 4029
1533319227.6783175 4040
1533319227.6783175 4026
1533319227.6783175 4021
1533319227.6783175 4030
1533319227.6783175 4021
1533319227.6783175 4035
1533319227.6783175 4021
1533319227.6783175 4014
1533319227.688589 4027
1533319227.688589 4031
1533319227.688589 4038
1533319227.688589 4016
1533319227.688589 4020
1533319227.688589 4030
1533319227.688589 4042
1533319227.688589 4019
1533319227.688589 4023
1533319227.688589 4023
1533319227.6987355 4039
1533319227.6987355 4024
1533319227.6987355 4029
1533319227.6987355 4029
1533319227.7022445 4026
1533319227.7022445 4023
1533319227.7022445 4023
1533319227.7022445 4025
1533319227.7022445 4023
1533319227.7022445 4021
1533319227.7087793 4039
1533319227.7087793 4027
1533319227.7087793 4031
1533319227.7087793 4019
1533319227.7087793 4021
1533319227.7087793 4020
1533319227.7087793 4021
1533319227.7087793 4039
1533319227.7087793 4039
1533319227.7087793 4021
1533319227.7185943 4027
1533319227.7185943 4025
1533319227.7185943 4024
1533319227.7185943 4033
1533319227.7185943 4025
1533319227.7185943 4028
1533319227.7185943 4034
1533319227.7185943 3958
1533319227.7185943 4024
1533319227.7185943 4023
1533319227.7286263 4021
1533319227.7286263 4023
1533319227.7310145 4031
1533319227.7320106 4031
1533319227.7330062 4039
1533319227.733553 4003
1533319227.7345507 4024
1533319227.735548 4027
1533319227.7365448 4042
1533319227.7375424 4022
1533319227.738539 4023
1533319227.7395363 4023
1533319227.7405336 4017
1533319227.7415307 4024
1533319227.7425282 4030
1533319227.7435253 4025
1533319227.744523 4026
1533319227.7455206 4027
1533319227.7465174 4023
1533319227.7475147 4021
1533319227.7485137 4025
1533319227.7495096 4025
1533319227.750507 4022
1533319227.7515044 4027
1533319227.7525017 4031
1533319227.753499 4023
1533319227.754496 4000
1533319227.7554939 4025
1533319227.7564907 4031
1533319227.757488 4044
1533319227.7584853 4027
1533319227.7594829 4031
1533319227.7604825 4023
1533319227.7614794 4018
1533319227.762478 4024
1533319227.7634745 4028
1533319227.7644727 4028
1533319227.7654705 4022
1533319227.7664645 4015
1533319227.7674613 4023
1533319227.7684581 4024
1533319227.769456 4027
1533319227.7704535 4029
1533319227.7714505 4023
1533319227.7724478 4027
1533319227.773445 4031
1533319227.774442 4027
1533319227.7754395 4011
1533319227.776437 4024
1533319227.7774346 4025
1533319227.7784317 4042
1533319227.7794578 4038
1533319227.780468 4023
1533319227.781427 4027
1533319227.782074 4033
1533319227.782074 4024
1533319227.782074 4029
1533319227.782074 4035
1533319227.782074 4030
1533319227.782074 4019
1533319227.788625 4030
1533319227.788625 4025
1533319227.788625 4027
1533319227.788625 4023
1533319227.788625 4035
1533319227.7931275 4027
1533319227.7931275 4031
1533319227.7931275 4023
1533319227.7931275 4009
1533319227.7931275 4024
1533319227.798684 4025
1533319227.798684 4052
1533319227.798684 4019
1533319227.798684 4023
1533319227.8026905 4031
1533319227.8026905 4038
1533319227.8026905 4024
1533319227.8026905 4031
1533319227.8026905 4031
1533319227.8026905 4026
1533319227.808741 4023
1533319227.808741 4027
1533319227.808741 4024
1533319227.808741 4023
1533319227.8127458 4023
1533319227.8127458 4034
1533319227.8127458 4026
1533319227.8127458 4031
1533319227.8127458 4037
1533319227.8127458 4000
1533319227.8187745 4020
1533319227.8187745 4025
1533319227.8187745 4044
1533319227.8187745 4026
1533319227.8187745 4023
1533319227.8187745 4032
1533319227.8187745 4027
1533319227.8187745 4024
1533319227.8187745 4029
1533319227.8187745 4031
1533319227.8284895 4028
1533319227.8284895 4032
1533319227.8284895 4026
1533319227.8284895 4019
1533319227.8324952 4023
1533319227.8324952 4023
1533319227.8324952 4019
1533319227.8324952 4027
1533319227.8324952 4031
1533319227.8324952 4019
1533319227.8385525 4008
1533319227.8385525 4024
1533319227.8385525 4024
1533319227.8385525 4046
1533319227.842464 4014
1533319227.84346 4023
1533319227.8444576 4031
1533319227.845454 4027
1533319227.8464518 4024
1533319227.8474488 4029
1533319227.8484464 4031
1533319227.8494437 4028
1533319227.8504417 4043
1533319227.851439 4030
1533319227.8524363 4021
1533319227.853437 4027
1533319227.854431 4032
1533319227.8554285 4039
1533319227.8564255 4027
1533319227.8574226 4031
1533319227.858421 4025
1533319227.859418 4007
1533319227.860415 4020
1533319227.8614113 4024
1533319227.86241 4044
1533319227.8634074 4039
1533319227.864409 4022
1533319227.8654032 4027
1533319227.8664012 4017
1533319227.8673975 4024
1533319227.8683946 4027
1533319227.86939 4028
1533319227.8703873 4026
1533319227.8713849 4051
1533319227.8723843 4030
1533319227.8733819 4025
1533319227.8743782 4027
1533319227.8754098 3981
1533319227.8764095 4015
1533319227.8773692 4027
1533319227.8783693 4031
1533319227.8793654 4023
1533319227.8803618 4003
1533319227.8813586 4024
1533319227.882357 4026
1533319227.8833556 4039
1533319227.8843548 4039
1533319227.8853474 4023
1533319227.886345 4023
1533319227.8873417 4011
1533319227.8883395 4024
1533319227.8893366 4032
1533319227.8903341 4029
1533319227.8913317 4028
1533319227.8923283 4037
1533319227.8933253 4027
1533319227.894323 4024
1533319227.895321 4025
1533319227.8963187 4025
1533319227.8973153 4035
1533319227.8983147 4027
1533319227.899397 4031
1533319227.899397 4023
1533319227.899397 4003
1533319227.899397 4020
1533319227.899397 4026
1533319227.899397 4034
1533319227.899397 4019
1533319227.899397 4022
1533319227.899397 4027
1533319227.9084935 4035
1533319227.9084935 4024
1533319227.9084935 4029
1533319227.9084935 4029
1533319227.9084935 4028
1533319227.913499 4039
1533319227.913499 4030
1533319227.913499 4025
1533319227.913499 4027
1533319227.913499 4025
1533319227.918507 4017
1533319227.918507 4027
1533319227.918507 4031
1533319227.918507 4017
1533319227.918507 4001
1533319227.918507 4024
1533319227.918507 4025
1533319227.918507 4044
1533319227.918507 4021
1533319227.918507 4023
1533319227.918507 4023
1533319227.918507 4035
1533319227.918507 4024
1533319227.918507 4029
1533319227.918507 4027
1533319227.918507 4026
1533319227.9341328 4039
1533319227.9341328 4030
1533319227.9341328 4024
1533319227.9341328 4027
1533319227.9341328 4025
1533319227.9341328 4019
1533319227.9341328 4027
1533319227.9341328 4031
1533319227.9341328 4039
1533319227.9341328 4003
1533319227.9341328 4020
1533319227.9341328 4028
1533319227.9341328 4042
1533319227.9341328 4019
1533319227.9341328 4023
1533319227.949755 4027
1533319227.949755 4023
1533319227.949755 4024
1533319227.949755 4030
1533319227.949755 4031
1533319227.949755 4028
1533319227.949755 4039
1533319227.949755 4030
1533319227.949755 4025
1533319227.949755 4023
1533319227.949755 4021
1533319227.949755 4023
1533319227.949755 4027
1533319227.949755 4031
1533319227.949755 4023
1533319227.949755 4005
1533319227.9653752 4020
1533319227.9653752 4029
1533319227.9653752 4046
1533319227.9653752 4037
1533319227.9653752 4023
1533319227.9653752 4029
1533319227.9653752 4034
1533319227.9653752 4048
1533319227.9653752 4031
1533319227.9653752 4029
1533319227.9653752 4028
1533319227.9653752 4015
1533319227.9653752 4023
1533319227.9653752 4024
1533319227.9653752 4027
1533319227.9809968 4025
1533319227.9809968 4023
1533319227.9809968 4027
1533319227.9809968 4031
1533319227.9842446 4019
1533319227.9852421 4003
1533319227.9868114 4024
1533319227.9878094 4025
1533319227.988807 4042
1533319227.9898033 4043
1533319227.9908018 4023
1533319227.9917974 4027
1533319227.9927952 4021
1533319227.993793 4024
1533319227.9947915 4032
1533319227.9957879 4029
1533319227.9967842 4023
1533319227.997787 4023
1533319227.99878 4030
1533319227.9997768 4024
1533319228.0007732 4025
1533319228.0017707 4025
1533319228.0027695 4015
1533319228.0037658 4027
1533319228.0047638 4031
1533319228.0057602 4027
1533319228.006758 4005
1533319228.0077558 4024
1533319228.0087528 4028
1533319228.0097523 4044
1533319228.0107489 4017
1533319228.0117452 4023
1533319228.012743 4030
1533319228.0137417 4027
1533319228.0147398 4024
1533319228.0157342 4027
1533319228.0167317 4028
1533319228.0177288 4026
1533319228.0187259 4023
1533319228.0197227 4030
1533319228.0207205 4024
1533319228.0217175 4027
1533319228.022715 4025
1533319228.0237122 4045
1533319228.02471 4031
1533319228.0257065 4031
1533319228.026704 4019
1533319228.0277019 4003
1533319228.0286994 4021
1533319228.0296957 4025
1533319228.0306942 4042
1533319228.031692 4019
1533319228.032696 4021
1533319228.0336869 4013
1533319228.034684 4043
1533319228.0356805 4024
1533319228.0366778 4031
1533319228.0376763 4029
1533319228.0386734 4028
1533319228.039671 4022
1533319228.0406685 4027
1533319228.041665 4024
1533319228.0426626 4023
1533319228.0436597 4025
1533319228.0446572 4039
1533319228.0456553 4027
1533319228.0466533 4031
1533319228.0476499 4014
1533319228.0487342 4019
1533319228.0487342 4024
1533319228.0487342 4026
1533319228.0487342 4042
1533319228.0487342 4039
1533319228.0487342 4021
1533319228.0487342 4027
1533319228.0487342 4033
1533319228.0487342 4024
1533319228.0487342 4029
1533319228.0487342 4031
1533319228.0487342 4026
1533319228.0487342 4026
1533319228.0487342 4030
1533319228.0487342 4017
1533319228.0487342 4025
1533319228.0643559 4023
1533319228.0643559 4027
1533319228.0643559 4023
1533319228.0643559 4031
1533319228.0643559 4035
1533319228.0643559 4003
1533319228.0643559 4024
1533319228.0643559 4028
1533319228.0643559 4042
1533319228.0643559 4039
1533319228.0643559 4027
1533319228.0643559 4031
1533319228.0643559 4033
1533319228.0643559 4024
1533319228.0643559 4029
1533319228.0799773 4026
1533319228.080146 4026
1533319228.0811434 4015
1533319228.0821414 4026
1533319228.0831397 4024
1533319228.0841348 4023
1533319228.0851326 4023
1533319228.0861294 4019
1533319228.0871265 4026
1533319228.0881243 4031
1533319228.0891213 4015
1533319228.0901194 4009
1533319228.0911164 4025
1533319228.0921137 4027
1533319228.0931108 4042
1533319228.0941083 4032
1533319228.0951056 4023
1533319228.0961032 4027
1533319228.0971003 4015
1533319228.0980976 4024
1533319228.0990949 4029
1533319228.100092 4029
1533319228.1010897 4026
1533319228.1020873 4023
1533319228.1030848 4030
1533319228.1040812 4024
1533319228.105079 4027
1533319228.1060767 4021
1533319228.1070747 4023
1533319228.1080723 4027
1533319228.1090686 4031
1533319228.1100662 4027
1533319228.1110625 4003
1533319228.112061 4024
1533319228.1130607 4025
1533319228.1140559 4039
1533319228.115052 4035
1533319228.11605 4023
1533319228.1170475 4027
1533319228.118044 4035
1533319228.1190414 3960
1533319228.1200392 4028
1533319228.1210363 4031
1533319228.1220338 4028
1533319228.1230319 4037
1533319228.1240287 4030
1533319228.1250262 4021
1533319228.1260242 4025
1533319228.1270213 4023
1533319228.1280189 4023
1533319228.1290152 4027
1533319228.130013 4031
1533319228.1320076 4032
1533319228.133007 4011
1533319228.1340036 4024
1533319228.1349988 4026
1533319228.1359963 4042
1533319228.1369941 4019
1533319228.1379926 4023
1533319228.1379926 4032
1533319228.1399868 4035
1533319228.1399868 4024
1533319228.1419845 4030
1533319228.1429806 4029
1533319228.1439762 4028
1533319228.1439762 4029
1533319228.1449735 4027
1533319228.14597 4019
1533319228.1469676 4025
1533319228.1489682 4023
1533319228.1499655 4035
1533319228.1509619 4027
1533319228.1519573 4039
1533319228.1529517 3994
1533319228.1539488 4009
1533319228.1549459 4022
1533319228.1559434 4028
1533319228.156943 4046
1533319228.15794 4039
1533319228.1589427 4023
1533319228.1599348 4027
1533319228.1609294 4026
1533319228.161928 4024
1533319228.1629252 4029
1533319228.1639225 4031
1533319228.1649234 4026
1533319228.1659198 4019
1533319228.1669147 4030
1533319228.167911 4024
1533319228.1689084 4025
1533319228.1699054 4021
1533319228.1709027 4039
1533319228.1719005 4030
1533319228.1728973 3995
1533319228.1738946 4019
1533319228.1748922 4005
1533319228.1758895 4020
1533319228.176887 4026
1533319228.177884 4054
1533319228.1788812 4035
1533319228.179879 4023
1533319228.180876 4023
1533319228.1818752 4049
1533319228.1828773 4024
1533319228.183878 4032
1533319228.18487 4029
1533319228.1858633 4032
1533319228.1868603 4033
1533319228.1878572 4030
1533319228.1888547 4033
1533319228.1898525 4025
1533319228.190851 4025
1533319228.191848 4042
1533319228.192845 4027
1533319228.1938422 4027
1533319228.1948397 4017
1533319228.1958375 4000
1533319228.1968386 4032
1533319228.1978316 4024
1533319228.1988335 4042
1533319228.1992848 4015
1533319228.1992848 4023
1533319228.1992848 4023
1533319228.1992848 4019
1533319228.1992848 4024
1533319228.1992848 4030
1533319228.1992848 4029
1533319228.1992848 4028
1533319228.1992848 4019
1533319228.1992848 4026
1533319228.1992848 4024
1533319228.1992848 4019
1533319228.1992848 4025
1533319228.1992848 4032
1533319228.1992848 4027
1533319228.2149081 4031
1533319228.2149081 4023
1533319228.2168663 4000
1533319228.2178643 4024
1533319228.2188609 4025
1533319228.2198594 4038
1533319228.220854 4019
1533319228.221851 4026
1533319228.2228487 4047
1533319228.223846 4019
1533319228.2248454 4024
1533319228.2258422 4030
1533319228.2268398 4029
1533319228.2278368 4028
1533319228.2288344 4038
1533319228.2298317 4023
1533319228.2308292 4021
1533319228.2318265 4023
1533319228.2328234 4025
1533319228.2338197 4015
1533319228.2348197 4027
1533319228.235816 4031
1533319228.236816 4034
1533319228.2378106 4011
1533319228.2388117 4024
1533319228.239807 4026
1533319228.240802 3974
1533319228.2417989 4007
1533319228.242796 4023
1533319228.2437935 4014
1533319228.2447908 4019
1533319228.2457879 4024
1533319228.2467856 4029
1533319228.2477827 4029
1533319228.2487826 4028
1533319228.2497797 4014
1533319228.250776 4027
1533319228.251772 4033
1533319228.2527685 4023
1533319228.2537675 4025
1533319228.2547638 4021
1533319228.255764 4027
1533319228.2567618 4031
1533319228.2577565 4034
1533319228.2587533 4017
1533319228.2597504 4024
1533319228.2607493 4025
1533319228.26175 4042
1533319228.262746 4035
1533319228.263743 4023
1533319228.2647393 4031
1533319228.2657447 4033
1533319228.266745 4028
1533319228.2677321 4031
1533319228.268727 4048
1533319228.2697246 4038
1533319228.2707226 4021
1533319228.2717197 4034
1533319228.272717 4067
1533319228.273714 4027
1533319228.2747114 4025
1533319228.275709 4035
1533319228.276706 4023
1533319228.2777035 4031
1533319228.2787008 4041
1533319228.2796984 4009
1533319228.2806976 4024
1533319228.2816932 4024
1533319228.2826886 4042
1533319228.2836854 4035
1533319228.284683 4021
1533319228.28568 4023
1533319228.2866774 4035
1533319228.2876744 4024
1533319228.288672 4032
1533319228.289669 4029
1533319228.2906666 4028
1533319228.2916636 4015
1533319228.2926607 4026
1533319228.2936587 4024
1533319228.2946556 4023
1533319228.295653 4027
1533319228.2966523 4019
1533319228.2976494 4023
1533319228.2987187 4027
1533319228.2987187 4035
1533319228.2987187 4001
1533319228.2987187 4024
1533319228.2987187 4025
1533319228.2987187 4042
1533319228.2987187 4017
1533319228.2987187 4023
1533319228.2987187 4033
1533319228.2987187 4051
1533319228.2987187 4024
1533319228.2987187 4074
1533319228.2987187 4029
1533319228.2987187 4026
1533319228.2987187 4035
1533319228.2987187 4030
1533319228.3143427 4019
1533319228.3143427 4023
1533319228.3143427 4021
1533319228.3143427 4019
1533319228.3143427 4027
1533319228.3143427 4035
1533319228.3143427 4043
1533319228.3143427 4003
1533319228.3143427 4026
1533319228.3143427 4028
1533319228.3143427 4046
1533319228.3143427 4011
1533319228.3143427 4023
1533319228.3143427 4027
1533319228.3143427 4035
1533319228.3299644 4024
1533319228.3299644 4030
1533319228.3299644 4027
1533319228.3299644 4022
1533319228.3299644 4015
1533319228.3299644 4027
1533319228.3299644 4008
1533319228.3299644 4023
1533319228.3299644 4025
1533319228.3299644 4016
1533319228.3299644 4031
1533319228.3299644 4031
1533319228.3299644 4001
1533319228.3299644 4009
1533319228.3299644 4024
1533319228.3299644 4024
1533319228.345586 4042
1533319228.345586 4014
1533319228.345586 4023
1533319228.345586 4027
1533319228.345586 4035
1533319228.345586 4024
1533319228.345586 4040
1533319228.345586 4028
1533319228.345586 4028
1533319228.345586 4037
1533319228.345586 4030
1533319228.345586 4025
1533319228.345586 4019
1533319228.345586 4021
1533319228.345586 4016
1533319228.345586 4063
1533319228.3612068 4031
1533319228.3612068 4037
1533319228.3612068 4016
1533319228.3612068 4022
1533319228.3612068 4024
1533319228.3612068 4044
1533319228.3612068 4013
1533319228.3612068 4023
1533319228.3612068 4023
1533319228.3612068 4011
1533319228.3612068 4024
1533319228.3612068 4031
1533319228.3612068 4029
1533319228.3612068 4028
1533319228.3612068 4023
1533319228.3768284 4030
1533319228.3768284 4009
1533319228.3768284 4023
1533319228.3768284 4025
1533319228.3768284 4041
1533319228.3768284 4027
1533319228.3768284 4031
1533319228.3768284 4011
1533319228.3768284 4000
1533319228.3768284 4022
1533319228.3768284 4025
1533319228.3768284 4046
1533319228.3768284 4023
1533319228.3768284 4023
1533319228.3768284 4027
1533319228.3768284 4019
1533319228.3924499 4024
1533319228.3924499 4031
1533319228.3924499 4029
1533319228.3924499 4026
1533319228.3924499 4023
1533319228.3924499 4028
1533319228.3924499 4021
1533319228.3924499 4027
1533319228.3924499 4023
1533319228.3924499 4011
1533319228.3924499 4023
1533319228.3924499 4031
1533319228.3924499 4032
1533319228.3924499 4011
1533319228.3924499 4024
1533319228.3924499 4027
1533319228.4080684 4046
1533319228.4080684 4032
1533319228.4080684 4091
1533319228.4080684 4023
1533319228.4080684 4019
1533319228.4080684 4024
1533319228.4080684 4030
1533319228.4080684 4000
1533319228.4080684 4028
1533319228.4080684 4035
1533319228.4080684 4027
1533319228.4080684 4024
1533319228.4080684 4019
1533319228.4080684 4023
1533319228.4080684 4039
1533319228.423689 4027
1533319228.423689 4031
1533319228.423689 4014
1533319228.423689 4008
1533319228.423689 4024
1533319228.423689 4026
1533319228.423689 4042
1533319228.423689 4021
1533319228.423689 4023
1533319228.423689 4023
1533319228.423689 4021
1533319228.423689 4024
1533319228.423689 4029
1533319228.423689 4029
1533319228.423689 4026
1533319228.423689 4015
1533319228.4393134 4030
1533319228.4393134 4025
1533319228.4413815 4017
1533319228.4423778 4025
1533319228.4433773 4023
1533319228.4447536 4027
1533319228.445989 4031
1533319228.445989 4039
1533319228.4479775 4000
1533319228.448975 4024
1533319228.449972 4025
1533319228.450971 4044
1533319228.451967 4010
1533319228.4529638 4023
1533319228.4539614 4023
1533319228.4549577 4038
1533319228.4559572 4024
1533319228.4569535 4030
1533319228.45795 4029
1533319228.4589486 4026
1533319228.4599442 4039
1533319228.4609413 4022
1533319228.461939 4021
1533319228.4629362 4001
1533319228.463933 4023
1533319228.4649312 4039
1533319228.4659324 4027
1533319228.46694 4031
1533319228.4679291 4034
1533319228.4689226 4007
1533319228.4699194 4024
1533319228.4709184 4025
1533319228.4719145 4046
1533319228.4729118 4035
1533319228.473909 4022
1533319228.4749067 4027
1533319228.4759037 4018
1533319228.4769013 4024
1533319228.477898 4029
1533319228.4788957 4080
1533319228.4798932 4026
1533319228.480891 4019
1533319228.481888 4026
1533319228.482888 4025
1533319228.4838827 4023
1533319228.4848788 4032
1533319228.4858775 4019
1533319228.4868753 4030
1533319228.4878767 4031
1533319228.4888763 4018
1533319228.4898658 3995
1533319228.490863 4024
1533319228.4918602 4025
1533319228.492858 4043
1533319228.493854 4019
1533319228.4948504 4031
1533319228.4958477 4032
1533319228.496845 4043
1533319228.4978428 3984
1533319228.498842 4029
1533319228.4998405 4024
1533319228.5008366 4020
1533319228.5018337 4017
1533319228.5028307 4030
1533319228.5038285 4024
1533319228.504826 4025
1533319228.505823 4027
1533319228.5068204 4019
1533319228.5078175 4027
1533319228.5088148 4035
1533319228.5098126 4042
1533319228.5108097 4017
1533319228.511807 4024
1533319228.5128043 4026
1533319228.5138016 4038
1533319228.5148 4015
1533319228.5153105 4023
1533319228.5153105 4029
1533319228.5153105 4015
1533319228.5153105 4024
1533319228.5153105 4031
1533319228.5153105 4029
1533319228.5153105 4028
1533319228.5153105 4017
1533319228.5153105 4030
1533319228.5153105 4024
1533319228.5153105 4025
1533319228.5153105 4001
1533319228.5153105 4019
1533319228.5153105 4027
1533319228.5153105 4031
1533319228.5153105 4011
1533319228.5309317 4000
1533319228.5309317 4024
1533319228.5309317 4021
1533319228.5309317 4046
1533319228.5309317 4015
1533319228.5309317 4023
1533319228.5309317 4027
1533319228.5309317 4019
1533319228.5309317 4024
1533319228.5309317 4029
1533319228.5309317 4031
1533319228.5309317 4028
1533319228.5309317 4038
1533319228.5309317 4011
1533319228.5309317 4021
1533319228.5465565 4023
1533319228.5465565 4021
1533319228.5465565 4035
1533319228.5465565 4027
1533319228.5465565 4031
1533319228.5465565 4026
1533319228.5465565 4001
1533319228.5465565 4024
1533319228.5465565 4026
1533319228.5465565 4046
1533319228.5465565 4035
1533319228.5465565 4023
1533319228.5465565 4027
1533319228.5465565 4017
1533319228.5465565 4024
1533319228.5465565 4029
1533319228.562178 4031
1533319228.562178 4026
1533319228.562178 4037
1533319228.562178 4035
1533319228.562178 4024
1533319228.562178 4023
1533319228.562178 4037
1533319228.562178 4043
1533319228.562178 4027
1533319228.562178 4035
1533319228.562178 4018
1533319228.562178 4008
1533319228.562178 4020
1533319228.562178 4024
1533319228.562178 4043
1533319228.577799 4039
1533319228.577799 4023
1533319228.577799 4023
1533319228.577799 4022
1533319228.577799 4024
1533319228.577799 4029
1533319228.577799 4031
1533319228.577799 4026
1533319228.577799 4035
1533319228.577799 4027
1533319228.577799 4024
1533319228.577799 4027
1533319228.577799 4016
1533319228.577799 4034
1533319228.577799 4027
1533319228.577799 4031
1533319228.5934212 4033
1533319228.5941603 4017
1533319228.5951571 4020
1533319228.596155 4026
1533319228.5971532 4042
1533319228.5981503 4043
1533319228.599147 4023
1533319228.6001441 4023
1533319228.6011415 4015
1533319228.602139 4024
1533319228.603136 4032
1533319228.6041336 4029
1533319228.6051307 4028
1533319228.6061282 4023
1533319228.6071255 4030
1533319228.6081226 4019
1533319228.6091204 4027
1533319228.6101174 4033
1533319228.6111147 4042
1533319228.612112 4027
1533319228.6131096 4031
1533319228.614107 4039
1533319228.6156378 4001
1533319228.6156378 4024
1533319228.6156378 4024
1533319228.6156378 4046
1533319228.6156378 4015
1533319228.6156378 4022
1533319228.6156378 4027
1533319228.6156378 4011
1533319228.6156378 4024
1533319228.6156378 4031
1533319228.6156378 4028
1533319228.6156378 4026
1533319228.6156378 4032
1533319228.6156378 4030
1533319228.6156378 4021
1533319228.6156378 4023
1533319228.6312604 4025
1533319228.6312604 4014
1533319228.6312604 4027
1533319228.6312604 4031
1533319228.6312604 4015
1533319228.6312604 4005
1533319228.6312604 4020
1533319228.6312604 4028
1533319228.6312604 4044
1533319228.6312604 4027
1533319228.6312604 4023
1533319228.6312604 4023
1533319228.6312604 4019
1533319228.6312604 4024
1533319228.6312604 4031
1533319228.6468825 4027
1533319228.6468825 4028
1533319228.6468825 4033
1533319228.6468825 4027
1533319228.6468825 4021
1533319228.6468825 4023
1533319228.6468825 4037
1533319228.6468825 4013
1533319228.6468825 4027
1533319228.6468825 4035
1533319228.6468825 4010
1533319228.6468825 4009
1533319228.6468825 4024
1533319228.6468825 4025
1533319228.6468825 4042
1533319228.6468825 4019
1533319228.6626961 4023
1533319228.663695 4027
1533319228.664692 4023
1533319228.6656885 4024
1533319228.666686 4029
1533319228.6676831 4027
1533319228.6686802 4028
1533319228.6696777 4018
1533319228.6706755 4027
1533319228.6716723 4024
1533319228.6726696 4025
1533319228.6736674 4029
1533319228.6746645 4047
1533319228.6756618 4027
1533319228.676659 4031
1533319228.6776562 4017
1533319228.6786537 4005
1533319228.6796515 4024
1533319228.6806486 4024
1533319228.6816463 4036
1533319228.682644 4019
1533319228.683642 4023
1533319228.684639 4027
1533319228.685635 4043
1533319228.6866322 4024
1533319228.68763 4033
1533319228.6886272 4031
1533319228.6896243 4026
1533319228.69062 4023
1533319228.6916199 4030
1533319228.6926167 4024
1533319228.6936138 4019
1533319228.6946855 4025
1533319228.6946855 4021
1533319228.6946855 4027
1533319228.6946855 4031
1533319228.6946855 4019
1533319228.6946855 4016
1533319228.6946855 4021
1533319228.6946855 4025
1533319228.6946855 4042
1533319228.6946855 4018
1533319228.6946855 4025
1533319228.6946855 4027
1533319228.6946855 4021
1533319228.6946855 4024
1533319228.6946855 4029
1533319228.6946855 4029
1533319228.7103088 4028
1533319228.7103088 4027
1533319228.7103088 4027
1533319228.7103088 4021
1533319228.7103088 4023
1533319228.7103088 4023
1533319228.7103088 4033
1533319228.7103088 4027
1533319228.7103088 4031
1533319228.7103088 4019
1533319228.7103088 4003
1533319228.7103088 4024
1533319228.7103088 4025
1533319228.7103088 4042
1533319228.7103088 4023
1533319228.7103088 4023
1533319228.7259283 4027
1533319228.7259283 4039
1533319228.7286901 4024
1533319228.729686 4029
1533319228.7308412 4029
1533319228.7315753 4028
1533319228.7325706 4019
1533319228.7335694 4030
1533319228.734565 4031
1533319228.7355647 4027
1533319228.7365599 4025
1533319228.737557 4023
1533319228.7385569 4027
1533319228.7395518 4031
1533319228.740551 4039
1533319228.741548 4016
1533319228.7425451 4024
1533319228.7435422 4025
1533319228.74454 4039
1533319228.7455373 4039
1533319228.7465343 4022
1533319228.7475328 4029
1533319228.748529 4017
1533319228.7495286 4024
1533319228.7505233 4031
1533319228.7515202 4029
1533319228.752518 4026
1533319228.7535155 4039
1533319228.7545116 4030
1533319228.755508 4024
1533319228.7565055 4027
1533319228.757503 4025
1533319228.7584999 4017
1533319228.7594974 4027
1533319228.7604947 4031
1533319228.7614925 4033
1533319228.7624893 4001
1533319228.7634866 4020
1533319228.764484 4026
1533319228.7654824 4042
1533319228.7664826 4018
1533319228.7674763 4023
1533319228.7684734 4027
1533319228.769471 4035
1533319228.7704675 4024
1533319228.7714653 4027
1533319228.7724628 4033
1533319228.77346 4028
1533319228.774457 4037
1533319228.7754548 4030
1533319228.7764523 4021
1533319228.7774494 4023
1533319228.7784464 4025
1533319228.7794442 4023
1533319228.7804418 4027
1533319228.781439 4031
1533319228.782439 4019
1533319228.7834358 4009
1533319228.7844324 4020
1533319228.78543 4026
1533319228.7864275 4042
1533319228.7874246 4019
1533319228.7884216 4023
1533319228.7894192 4032
1533319228.790417 4017
1533319228.7914143 4024
1533319228.7924116 4028
1533319228.793409 4029
1533319228.794406 4062
1533319228.795408 4018
1533319228.7964015 4027
1533319228.797398 4024
1533319228.798396 4023
1533319228.7994912 4023
1533319228.7994912 4043
1533319228.7994912 4027
1533319228.7994912 4031
1533319228.7994912 4039
1533319228.7994912 4005
1533319228.7994912 4024
1533319228.7994912 4025
1533319228.7994912 4042
1533319228.7994912 4022
1533319228.7994912 4021
1533319228.7994912 4023
1533319228.7994912 4033
1533319228.7994912 4024
1533319228.7994912 4029
1533319228.7994912 4029
1533319228.8151157 4022
1533319228.8151157 4019
1533319228.8151157 4030
1533319228.8151157 4024
1533319228.8151157 4023
1533319228.8151157 4025
1533319228.8151157 4019
1533319228.8151157 4027
1533319228.8151157 4035
1533319228.8151157 4017
1533319228.8151157 4001
1533319228.8151157 4024
1533319228.8151157 4025
1533319228.8151157 4051
1533319228.8151157 4035
1533319228.8307364 4023
1533319228.8307364 4023
1533319228.8307364 4022
1533319228.8307364 4024
1533319228.8307364 4029
1533319228.8307364 4029
1533319228.8307364 4026
1533319228.8307364 4019
1533319228.8307364 4026
1533319228.8307364 4024
1533319228.8307364 4023
1533319228.8307364 4025
1533319228.8307364 4019
1533319228.8307364 4026
1533319228.8307364 4023
1533319228.8307364 4032
1533319228.8463585 4001
1533319228.8463585 4020
1533319228.8463585 4025
1533319228.8463585 4031
1533319228.8463585 4015
1533319228.8463585 4023
1533319228.8463585 4023
1533319228.8463585 4019
1533319228.8463585 4024
1533319228.8463585 4032
1533319228.8463585 4029
1533319228.8463585 4026
1533319228.8463585 4019
1533319228.8463585 4030
1533319228.8463585 4021
1533319228.8463585 4025
1533319228.8619788 4023
1533319228.8619788 4023
1533319228.8619788 4027
1533319228.8619788 4031
1533319228.8619788 4039
1533319228.8619788 4003
1533319228.8619788 4024
1533319228.8619788 4026
1533319228.8619788 4054
1533319228.8619788 4022
1533319228.8619788 4023
1533319228.8619788 4027
1533319228.8619788 4021
1533319228.8619788 4024
1533319228.8619788 4028
1533319228.877599 4025
1533319228.877599 4026
1533319228.877599 4021
1533319228.877599 4027
1533319228.877599 4024
1533319228.877599 4027
1533319228.877599 4023
1533319228.877599 4035
1533319228.877599 4027
1533319228.877599 4031
1533319228.877599 4035
1533319228.877599 4003
1533319228.877599 4024
1533319228.877599 4028
1533319228.877599 4046
1533319228.877599 4039
1533319228.8932207 4023
1533319228.8932207 4023
1533319228.8932207 4035
1533319228.8932207 4024
1533319228.8932207 4029
1533319228.8932207 4029
1533319228.8932207 4026
1533319228.8932207 4027
1533319228.8932207 4030
1533319228.8932207 4024
1533319228.8932207 4027
1533319228.8932207 4025
1533319228.8932207 4023
1533319228.8932207 4027
1533319228.8932207 4031
1533319228.9088411 4035
1533319228.9088411 4003
1533319228.9088411 4024
1533319228.9088411 4024
1533319228.9088411 4046
1533319228.9088411 4023
1533319228.9088411 4023
1533319228.9088411 4027
1533319228.9088411 4022
1533319228.9088411 4024
1533319228.9088411 4028
1533319228.9088411 4030
1533319228.9088411 4028
1533319228.9088411 4023
1533319228.9088411 4030
1533319228.9088411 4027
1533319228.9244628 4027
1533319228.9244628 4025
1533319228.9244628 4035
1533319228.9244628 4027
1533319228.9244628 4031
1533319228.9244628 4015
1533319228.9244628 4009
1533319228.9244628 3976
1533319228.9244628 4025
1533319228.9244628 4039
1533319228.9244628 4035
1533319228.9244628 4023
1533319228.9244628 4031
1533319228.9244628 4035
1533319228.9244628 4024
1533319228.9244628 4030
1533319228.9400856 4031
1533319228.9400856 4040
1533319228.9400856 4023
1533319228.9400856 4027
1533319228.9400856 3995
1533319228.9400856 4023
1533319228.9400856 4025
1533319228.9400856 4019
1533319228.9400856 4027
1533319228.9400856 4039
1533319228.9400856 4017
1533319228.9400856 4001
1533319228.9400856 4024
1533319228.9400856 4026
1533319228.9400856 4046
1533319228.9557047 4035
1533319228.9557047 4023
1533319228.9557047 4029
1533319228.9557047 4035
1533319228.9557047 4024
1533319228.9557047 4032
1533319228.9557047 4031
1533319228.9557047 4026
1533319228.9557047 4019
1533319228.9557047 4030
1533319228.9557047 4019
1533319228.9557047 4039
1533319228.9557047 4023
1533319228.9557047 4019
1533319228.9557047 4027
1533319228.9557047 4031
1533319228.9713256 4039
1533319228.9713256 4001
1533319228.9735694 4024
1533319228.9745672 4026
1533319228.9757621 4026
1533319228.9761302 4035
1533319228.977127 4023
1533319228.978125 4031
1533319228.979122 4018
1533319228.980119 4024
1533319228.9811194 4029
1533319228.982115 4027
1533319228.983112 4028
1533319228.9841084 4014
1533319228.9851062 4030
1533319228.9861038 4019
1533319228.9871008 4027
1533319228.9880986 4025
1533319228.9890954 4023
1533319228.9900932 4027
1533319228.9910905 4031
1533319228.992088 4033
1533319228.993085 4000
1533319228.9940822 4016
1533319228.99508 4025
1533319228.996077 4043
1533319228.9970741 4023
1533319228.9980717 4023
1533319228.9990687 4023
1533319229.0000732 4018
1533319229.0010636 4024
1533319229.0020614 4040
1533319229.0030594 4029
1533319229.0040562 4030
1533319229.0050592 4023
1533319229.0060506 4026
1533319229.0070474 4005
1533319229.008046 4027
1533319229.0090432 4021
1533319229.0100393 4023
1533319229.011038 4031
1533319229.0120337 4031
1533319229.0130324 4035
1533319229.0140285 4019
1533319229.0160284 4024
1533319229.0160284 4025
1533319229.0170214 4031
1533319229.0180182 4036
1533319229.0190148 4023
1533319229.0200124 4027
1533319229.0210106 4019
1533319229.022007 4024
1533319229.0230052 4025
1533319229.0240016 4032
1533319229.0249987 4028
1533319229.0259957 4033
1533319229.0269935 4026
1533319229.0279913 4024
1533319229.0289881 4027
1533319229.0299864 4021
1533319229.0309837 4019
1533319229.0319805 4027
1533319229.0329792 4031
1533319229.033976 4016
1533319229.034975 4003
1533319229.035971 4022
1533319229.036968 4028
1533319229.0379643 4042
1533319229.0389616 4023
1533319229.0399597 4021
1533319229.0409572 4027
1533319229.0419543 4039
1533319229.0429513 4024
1533319229.0439491 4029
1533319229.0449462 4031
1533319229.0459454 4020
1533319229.047939 4019
1533319229.047939 4023
1533319229.0489972 4049
1533319229.0489972 4027
1533319229.0489972 4025
1533319229.0489972 4016
1533319229.0489972 4007
1533319229.0489972 4035
1533319229.0489972 4031
1533319229.0489972 4019
1533319229.0489972 4024
1533319229.0489972 4029
1533319229.0489972 4044
1533319229.0489972 4039
1533319229.0489972 4023
1533319229.0489972 4071
1533319229.0489972 4022
1533319229.0646205 4024
1533319229.0646205 4025
1533319229.0646205 4030
1533319229.0646205 4028
1533319229.0646205 3953
1533319229.0646205 4030
1533319229.0646205 4024
1533319229.0646205 4027
1533319229.0646205 4025
1533319229.0646205 4023
1533319229.0646205 4027
1533319229.0646205 4035
1533319229.0646205 4019
1533319229.0646205 4021
1533319229.0646205 4024
1533319229.0646205 4037
1533319229.0805008 4043
1533319229.0814984 3969
1533319229.082497 4023
1533319229.0834978 4023
1533319229.0844903 4022
1533319229.0854871 4024
1533319229.0864847 4024
1533319229.0874817 4030
1533319229.088479 4026
1533319229.0894766 4034
1533319229.0904737 4027
1533319229.0914714 4023
1533319229.0924685 4023
1533319229.0934658 4021
1533319229.0944636 4035
1533319229.0954607 4030
1533319229.096458 4031
1533319229.0974553 4064
1533319229.098453 4017
1533319229.09945 4024
1533319229.1004472 4016
1533319229.1014442 4044
1533319229.102442 4039
1533319229.103439 4022
1533319229.1044364 4023
1533319229.1054342 4023
1533319229.1064312 4024
1533319229.1074283 4029
1533319229.108426 4024
1533319229.1094232 4026
1533319229.1104207 4019
1533319229.1114178 4030
1533319229.1124156 4024
1533319229.1134126 4027
1533319229.1144097 4023
1533319229.1154075 4027
1533319229.1164057 4026
1533319229.117402 4031
1533319229.1183999 4023
1533319229.119397 4001
1533319229.1203947 4024
1533319229.1213915 4028
1533319229.1223888 4044
1533319229.1233861 4022
1533319229.1243834 4015
1533319229.1253817 4023
1533319229.126379 4034
1533319229.1273744 4024
1533319229.1283743 4027
1533319229.1293712 4028
1533319229.130368 4028
1533319229.1313658 4032
1533319229.132363 4018
1533319229.1333601 4024
1533319229.1343575 4023
1533319229.135354 4025
1533319229.1363518 4039
1533319229.1373487 4027
1533319229.1383457 4031
1533319229.1393433 4039
1533319229.1403406 4000
1533319229.1413386 4020
1533319229.142336 4026
1533319229.143333 4042
1533319229.14433 4035
1533319229.1453276 4021
1533319229.1463246 4027
1533319229.1473222 4023
1533319229.1483202 4024
1533319229.1493168 4030
1533319229.1503162 4024
1533319229.1513104 4028
1533319229.1523082 4032
1533319229.1533456 4027
1533319229.1533456 4025
1533319229.1533456 4027
1533319229.1533456 4023
1533319229.1533456 4019
1533319229.1533456 4027
1533319229.1533456 4031
1533319229.1533456 4022
1533319229.1533456 4000
1533319229.1533456 4021
1533319229.1533456 4025
1533319229.1533456 4014
1533319229.1533456 4017
1533319229.1533456 4021
1533319229.1533456 4023
1533319229.1533456 4027
1533319229.1689694 4024
1533319229.1689694 4029
1533319229.1689694 4029
1533319229.1689694 4022
1533319229.1689694 4035
1533319229.1689694 4031
1533319229.1689694 4025
1533319229.1689694 4019
1533319229.1689694 4023
1533319229.1689694 4033
1533319229.1689694 4026
1533319229.1689694 4031
1533319229.1689694 4015
1533319229.1689694 4017
1533319229.1689694 4024
1533319229.1845884 4025
1533319229.1845884 4042
1533319229.1845884 4039
1533319229.1845884 4019
1533319229.1845884 4027
1533319229.1845884 4019
1533319229.1845884 4028
1533319229.1845884 4029
1533319229.1845884 4029
1533319229.1845884 4028
1533319229.1845884 4022
1533319229.1845884 4026
1533319229.1845884 4043
1533319229.1845884 4023
1533319229.1845884 4017
1533319229.1845884 4019
1533319229.200211 4027
1533319229.200211 4031
1533319229.200211 4019
