
315 317 315 208 264 317
315 317 315 208 264 317
315 317 315 209 264 317
315 317 315 208 264 317
315 7 314 208 263 316
315 317 315 208 264 317
315 317 315 208 264 317
315 317 315 209 264 317
315 317 315 208 264 317
315
417 313 331 205 260 312
354 314 319 205 261 313
329 313 314 205 260 311
318 313 312 204 259 310
304 306 306 191 246 297
300 305 304 190 244 294
297 304 303 188 243 293
296 303 302 187 242 293
295 303 302 187 242 292
294 303 302 186 242 292
293 303 302 186 242 292
292 302 301 186 241 291
291 302 301 186 241 292
287 302 301 186 241 292
289 302 301 186 241 292
290 302 301 186 241 292
292 302 301 186 240 292
292 302 301 186 240 292
292 302 301 186 241 293
293 303 301 187 241 292
293 303 302 188 242 292
298 306 305 194 249 301
300 307 306 195 251 303
304 309 307 200 256 307
307 310 308 201 258 309
309 311 309 203 260 311
311 313 311 205 262 313
312 313 311 206 262 314
312 313 312 206 263 315
312 313 311 206 263 314
312 313 311 205 261 313
311 313 311 205 261 313
311 313 311 205 261 313
311 313 311 204 260 312
311 312 311 204 260 312
311 312 310 204 257 309
312 313 311 205 261 313
312 313 311 205 262 313
302 305 304 190 246 297
298 304 303 189 244 296
296 303 301 187 242 294
296 302 301 185 242 294
296 302 300 184 242 293
295 301 300 184 241 293
294 301 300 183 241 293
293 301 300 183 241 293
293 301 300 183 242 293
293 301 300 183 242 293
293 302 301 184 242 294
293 302 301 184 242 294
293 302 301 184 242 294
294 302 302 184 242 294
293 302 302 184 242 294
293 302 302 184 241 294
293 303 302 185 242 294
294 303 302 185 242 294
295 303 302 186 243 296
296 304 302 187 245 297
297 305 303 188 246 298
301 307 306 194 251 303
304 310 308 196 255 307
307 311 309 198 257 309
308 312 310 200 258 310
309 312 310 201 259 311
311 313 311 202 260 312
311 313 311 203 261 313
312 313 311 203 261 313
312 314 311 203 262 313
312 314 312 204 262 314
313 314 312 204 262 314
313 314 312 204 262 314
313 314 312 205 263 314
313 315 313 205 263 315
313 315 312 205 263 314
313 315 313 205 263 315
313 315 313 205 263 315
314 316 313 205 263 315
314 315 313 205 264 315
314 315 313 205 264 315
314 315 312 205 263 315
313 314 312 203 262 314
304 307 306 191 248 301
309 312 309 201 259 311
301 304 303 187 244 297
297 302 302 185 243 295
295 301 300 183 241 294
294 300 300 182 241 293
294 299 299 181 240 293
294 299 299 180 240 293
293 299 299 181 241 294
295 301 300 181 242 295
294 300 300 181 241 295
294 301 300 182 241 295
294 302 300 183 242 294
295 302 301 182 242 295
301 307 305 192 253 297
307 310 308 198 258 311
310 312 310 200 260 313
312 313 311 202 262 315
313 313 311 202 263 315
314 314 312 203 263 316
314 314 312 203 263 316
314 314 312 203 263 316
315 314 312 204 264 316
315 314 312 204 264 316
315 314 312 203 264 316
315 314 312 204 264 316
315 314 312 204 264 317
315 315 312 203 263 316
315 314 312 204 264 316
314 314 312 203 263 316
314 314 312 204 263 316
315 314 312 204 263 316
314 314 312 203 263 315
314 314 312 203 263 315
315 314 312 204 264 316
315 314 312 204 264 317
315 315 312 204 263 316
315 314 312 204 264 316
314 313 311 203 262 315
314 314 311 203 263 316
314 313 311 202 262 315
314 312 311 202 262 315
314 312 310 202 261 315
313 311 309 200 260 313
312 311 309 200 259 313
312 310 309 200 260 313
303 303 302 186 246 299
307 306 305 194 255 308
307 305 304 193 254 307
306 305 304 193 255 308
307 305 304 194 255 308
306 304 303 192 255 307
300 299 299 183 244 297
298 299 298 182 244 297
297 299 298 182 243 297
297 300 299 183 244 298
304 307 304 194 257 309
309 308 307 196 258 311
310 309 308 197 259 312
311 310 308 198 260 313
312 310 309 199 260 313
312 310 309 199 260 314
312 311 309 199 260 313
312 311 309 199 260 313
312 311 309 199 260 314
312 311 309 199 260 313
312 311 309 199 260 314
312 310 309 199 259 313
312 310 309 199 260 313
312 311 309 199 260 313
312 311 309 199 260 313
312 311 309 198 260 313
312 310 309 199 260 313
311 311 309 199 260 313
311 311 309 199 260 313
312 311 309 199 260 313
312 311 309 199 260 313
312 311 309 199 260 313
312 311 309 199 260 313
312 311 309 199 260 313
312 311 309 199 260 314
312 311 309 200 260 313
312 311 309 200 260 314
312 311 309 199 260 313
312 311 309 199 260 313
312 310 309 199 260 313
312 310 308 199 260 313
312 310 307 198 259 312
311 308 306 196 257 311
310 307 306 195 257 312
309 306 305 194 256 309
301 299 299 183 243 297
299 299 298 181 243 297
297 298 297 179 242 297
295 296 296 178 240 294
294 296 295 178 240 294
294 296 295 178 241 294
295 296 294 177 241 295
295 296 295 178 241 296
295 297 296 179 242 296
296 298 297 180 243 297
297 298 298 180 243 297
297 299 298 180 243 298
298 299 298 181 243 298
298 299 298 182 244 298
297 300 299 181 243 298
297 300 299 181 243 298
297 300 299 181 243 298
297 300 299 181 243 298
298 300 299 181 243 297
298 300 299 181 243 297
302 300 298 181 243 297
302 300 299 181 243 297
293 300 296 181 243 297
291 300 296 181 243 297
293 300 297 181 242 297
296 300 298 180 242 297
296 300 298 181 242 297
295 300 298 181 243 297
295 300 298 181 242 296
295 300 298 181 243 297
295 300 298 181 243 297
296 300 299 181 243 297
297 301 300 183 245 299
298 302 300 184 246 300
299 302 300 185 247 300
300 302 301 186 247 301
301 303 302 186 247 302
302 303 302 187 248 302
303 304 303 188 249 303
300 301 301 183 244 298
301 304 303 187 250 303
303 304 303 188 250 304
303 305 303 189 250 304
303 305 303 189 251 305
