
418 322 337 160 274 311
354 322 326 159 276 311
327 320 321 156 272 307
315 319 319 156 271 307
310 320 318 156 275 308
308 320 318 156 275 307
306 320 318 155 275 307
307 321 319 155 282 308
308 322 320 156 286 309
309 323 321 156 289 310
309 323 321 156 292 309
309 323 321 156 294 310
309 324 322 156 297 310
309 325 322 156 299 311
310 326 323 157 301 312
311 327 324 157 302 313
313 327 323 158 300 315
314 327 325 159 299 316
313 325 323 159 290 313
312 324 321 158 285 311
311 324 321 158 285 311
310 324 321 158 288 312
310 323 320 158 283 311
310 324 321 158 287 312
310 323 321 158 285 311
311 324 322 158 288 312
311 324 322 158 288 312
312 324 322 158 288 312
311 323 321 158 282 311
311 324 321 158 288 312
311 324 321 158 288 312
310 323 320 158 284 311
310 323 321 158 286 312
310 323 320 158 280 310
311 323 321 158 283 311
311 323 321 158 283 311
311 324 322 158 285 312
311 324 322 158 285 312
310 324 321 159 285 312
310 324 321 159 285 312
310 324 321 159 286 312
311 324 321 159 286 312
311 324 322 159 286 313
312 324 322 159 286 313
311 323 321 159 281 311
311 323 321 159 282 312
311 323 321 159 285 312
310 323 320 159 281 311
310 323 321 159 283 312
312 325 322 160 289 314
313 325 322 160 291 314
313 325 323 160 293 315
313 326 323 159 295 314
314 325 323 158 297 313
312 325 323 157 298 312
311 325 323 156 300 312
309 325 322 154 300 309
308 325 322 154 301 309
308 325 322 153 302 308
308 325 323 153 302 309
309 327 324 153 304 310
310 327 324 154 303 311
312 327 325 156 302 314
313 328 325 157 301 315
313 328 325 159 300 315
313 328 325 159 300 316
314 328 325 160 300 316
314 328 325 160 299 316
313 327 325 160 295 315
314 328 325 160 296 315
312 326 324 160 291 314
310 326 322 160 289 314
311 327 322 149 293 315
313 327 325 163 292 317
313 326 322 135 287 315
314 328 326 159 294 318
317 329 327 167 296 318
317 328 326 166 295 319
312 329 325 166 297 319
314 327 324 163 291 317
315 328 324 162 293 317
316 328 324 163 295 318
316 328 325 163 297 319
317 328 325 163 298 319
317 328 325 163 297 319
317 328 325 163 297 319
317 328 325 163 296 319
317 327 325 162 295 318
316 326 324 161 291 316
313 324 322 158 287 313
315 326 323 162 291 317
315 326 323 162 291 318
316 326 324 162 293 318
315 326 323 162 291 317
317 327 325 163 295 319
318 328 325 163 294 319
319 328 326 164 296 320
319 328 326 164 297 320
319 328 326 164 297 320
318 328 325 164 298 318
317 328 325 162 299 318
316 327 324 162 299 316
316 328 325 161 303 317
316 327 325 160 305 316
312 325 325 156 302 310
311 325 324 155 303 310
311 326 324 155 305 311
311 327 324 157 307 312
311 327 324 157 307 313
312 328 325 158 307 314
314 329 326 159 307 316
315 329 327 160 307 317
313 327 325 160 295 314
315 329 326 160 304 316
314 328 325 160 302 315
313 327 324 160 299 314
313 327 324 160 299 315
312 327 324 160 298 314
312 327 324 160 297 314
313 327 325 160 300 315
313 328 325 160 299 315
314 327 324 160 299 315
314 327 325 160 298 315
314 327 324 160 298 315
314 326 324 160 287 313
313 326 324 160 295 315
314 327 324 160 298 316
314 327 324 161 297 316
314 326 324 161 296 315
314 325 323 160 294 314
314 326 324 160 295 315
314 326 324 160 296 315
314 326 324 161 297 316
314 326 323 161 297 316
314 326 323 160 296 316
314 326 323 161 297 315
314 326 323 161 297 316
314 326 323 161 297 315
315 326 325 161 298 316
316 326 325 162 299 317
317 327 325 162 299 317
317 327 325 163 300 317
316 327 324 162 300 317
316 327 324 163 300 317
316 327 324 162 300 317
314 325 323 160 299 314
312 325 322 157 301 311
311 325 322 156 303 310
310 324 323 154 305 309
309 325 322 153 307 309
309 325 323 154 309 309
308 326 323 154 311 310
309 327 324 155 313 311
310 327 324 155 313 312
310 328 325 156 312 312
312 328 325 157 310 313
313 328 326 159 309 315
314 328 326 159 306 315
314 328 326 160 305 316
314 328 326 160 305 316
314 328 325 161 305 316
315 328 325 161 305 316
315 328 326 161 304 316
315 328 325 161 305 316
315 328 326 161 304 316
315 328 326 161 304 316
315 328 325 161 304 316
315 327 325 161 303 316
314 328 325 161 303 316
315 328 325 161 304 317
316 329 326 162 304 319
317 329 326 162 305 319
317 329 326 162 304 319
318 329 326 162 304 319
318 329 327 162 305 319
318 329 326 162 304 319
318 329 326 162 304 319
317 329 326 162 304 319
317 329 325 162 304 318
317 329 326 163 304 319
317 329 326 162 304 319
317 328 326 162 303 318
314 325 324 160 298 313
312 323 321 158 291 310
311 323 321 158 294 311
310 323 321 156 294 309
308 323 320 155 297 309
308 323 320 156 298 310
309 325 321 156 305 311
311 325 322 155 306 311
310 325 322 155 307 311
311 325 323 155 308 311
312 326 323 155 309 312
313 326 324 156 309 313
312 327 324 156 308 313
312 326 323 157 307 314
313 327 324 158 307 315
314 327 325 159 304 313
313 326 323 159 300 315
314 327 324 160 301 316
316 327 325 160 302 317
316 327 325 161 302 318
317 327 325 162 302 319
316 327 326 162 302 318
318 329 327 163 304 321
319 330 327 163 303 321
318 328 327 163 301 318
325 330 331 164 303 321
328 329 331 164 300 321
326 330 330 164 300 321
323 330 331 164 301 321
322 330 330 164 302 321
326 330 334 164 302 321
324 330 335 164 301 321
322 329 335 163 300 320
319 329 332 163 300 320
314 327 327 162 298 316
310 327 320 162 298 317
309 327 319 162 299 318
311 327 320 163 298 318
314 327 321 162 297 316
316 328 323 163 299 319
315 326 323 162 298 316
314 327 323 162 298 317
314 327 324 162 298 316
315 326 324 162 298 316
315 327 325 162 298 316
315 326 324 162 297 316
314 326 324 162 297 316
314 326 323 162 297 316
314 326 323 162 297 316
314 326 323 162 296 316
