773 767 764 761 762 762
773 775 776 776 787 789
773 769 766 763 770 770
773 762 752 744 741 739
769 667 606 565 572 611
770 737 696 652 623 635
770 756 730 695 649 636
770 757 738 711 662 634
770 756 740 718 672 635
770 753 734 713 665 621
770 754 738 721 683 643
770 757 743 729 698 662
770 759 747 735 719 700
770 768 768 767 771 766
771 771 771 771 780 779
771 765 759 755 758 756
771 758 747 737 732 728
771 756 742 728 712 698
771 752 733 714 688 672
771 756 741 724 697 678
770 758 745 730 706 686
771 760 750 744 735 731
771 772 771 771 779 782
771 771 769 768 778 781
771 763 756 750 750 750
771 758 746 735 727 723
771 756 741 726 704 689
771 752 733 716 689 674
771 757 741 725 698 679
770 758 745 731 707 688
771 763 757 752 748 748
771 772 773 773 782 786
771 769 767 765 772 774
771 761 753 745 743 743
771 757 745 733 722 717
771 755 738 721 695 677
771 752 735 718 692 675
770 757 742 726 700 681
770 759 746 733 711 693
770 766 763 760 761 761
771 773 773 773 782 784
771 767 764 760 765 765
771 759 750 741 738 735
771 757 743 730 717 709
771 753 735 716 689 670
771 754 738 721 694 675
771 758 744 728 703 682
771 759 748 735 719 712
771 769 768 767 771 774
771 772 772 772 781 784
771 765 760 755 758 758
771 758 748 738 732 729
771 756 742 728 713 702
771 752 733 714 687 672
771 755 740 723 696 677
771 758 744 730 705 685
770 760 750 743 733 729
771 772 771 772 779 781
771 771 770 769 778 781
771 764 757 750 751 751
771 758 747 736 728 724
771 756 741 726 704 688
771 751 733 717 691 675
771 757 741 725 700 681
771 759 746 732 709 690
771 763 757 752 748 749
771 773 774 773 783 788
771 769 767 766 774 777
771 761 753 746 746 746
771 757 745 733 723 718
771 755 738 720 694 675
770 753 736 720 694 677
771 757 743 727 702 683
771 759 747 733 712 693
771 766 763 760 762 763
771 773 774 774 784 787
771 767 764 761 767 768
771 760 750 742 740 738
771 757 743 731 719 711
771 753 734 715 687 670
771 754 738 721 695 676
771 758 744 729 704 683
771 759 748 736 719 711
771 769 768 768 773 775
771 772 772 772 782 786
771 766 760 756 760 760
771 759 749 739 734 732
771 757 743 729 714 704
771 753 734 716 688 674
771 755 740 724 697 679
771 759 745 730 705 686
771 760 750 743 733 729
771 772 771 771 779 782
771 771 770 769 778 782
771 763 757 750 752 751
771 758 746 736 728 724
771 756 741 726 705 689
771 752 733 715 689 674
771 756 741 725 698 679
771 759 745 731 707 688
771 763 756 751 747 747
771 772 773 773 782 786
771 769 767 765 773 775
771 761 753 745 744 744
771 757 744 733 722 717
771 755 738 720 693 675
771 752 736 719 692 675
770 757 742 727 701 681
771 759 746 733 711 693
771 766 763 760 763 763
771 773 774 773 784 786
771 767 764 761 767 768
771 760 750 741 739 737
771 757 743 730 718 710
771 753 734 715 687 669
771 754 738 722 695 676
771 758 744 729 703 683
771 759 748 736 720 712
771 769 768 768 773 775
771 772 772 772 782 785
771 765 760 756 760 760
771 759 748 739 734 731
771 756 742 728 713 703
771 752 733 713 686 672
771 756 740 723 696 677
771 758 745 730 705 685
771 760 750 743 734 729
771 772 771 771 779 782
771 770 770 769 778 781
771 763 757 750 751 751
771 758 746 736 728 724
771 756 741 726 705 690
771 751 732 715 689 674
771 757 741 724 698 679
771 759 745 731 707 688
771 763 757 752 748 749
771 773 773 773 782 787
771 769 767 765 773 775
771 761 753 745 744 744
771 757 745 733 722 717
771 755 738 721 695 677
771 753 736 719 693 676
770 757 743 727 701 681
770 759 746 733 711 693
771 766 763 761 763 764
770 772 773 774 784 787
771 767 763 760 766 767
771 759 750 741 738 736
771 756 743 730 717 709
771 753 734 715 688 669
771 754 738 721 695 676
770 758 744 729 703 682
770 759 747 735 720 713
771 769 769 768 773 775
771 772 772 772 781 784
771 765 760 755 758 758
771 758 747 738 732 729
771 756 742 728 712 700
771 751 732 713 686 672
771 756 740 723 696 678
771 758 745 730 705 685
770 760 751 745 736 733
771 772 772 772 780 783
771 770 769 768 778 781
771 763 756 750 750 750
771 758 746 735 727 722
771 756 740 725 702 685
771 752 733 717 691 674
771 757 742 726 700 681
771 759 746 732 710 691
771 763 757 752 751 750
771 772 773 773 783 787
771 769 767 764 772 775
771 761 753 745 744 744
771 757 745 733 722 717
771 755 737 719 693 674
771 753 736 719 693 675
770 757 743 727 702 681
770 759 746 733 711 693
770 766 763 760 764 762
771 773 773 773 784 786
771 767 764 760 766 767
771 760 750 741 739 737
771 756 743 730 718 710
771 753 735 715 688 670
771 754 738 721 694 675
771 757 744 728 703 682
771 759 747 735 721 713
771 770 770 769 775 777
771 772 773 773 783 787
771 765 760 756 759 759
771 758 748 739 734 730
771 756 741 727 712 699
771 751 732 712 685 671
771 755 739 722 695 676
771 758 744 729 704 683
770 760 751 745 736 733
771 773 773 774 784 786
771 771 770 770 780 784
771 763 756 750 751 752
771 757 745 735 727 723
771 756 740 724 703 686
771 750 731 713 687 671
771 756 740 723 696 676
771 758 745 730 705 686
771 764 758 754 752 751
771 774 776 777 788 792
771 769 769 768 776 779
771 761 753 746 746 745
771 756 744 731 721 716
771 754 735 716 688 669
770 751 734 716 689 671
770 757 742 725 698 677
770 759 746 732 709 691
770 767 765 763 767 767
771 773 775 776 787 790
770 767 764 761 768 768
771 759 749 741 739 737
771 756 742 729 716 708
771 752 732 711 683 666
770 754 737 719 691 672
770 757 743 727 700 678
770 759 747 734 721 712
770 770 771 770 776 779
771 772 773 773 783 786
771 764 759 754 757 758
771 758 747 737 731 728
770 756 741 726 710 697
770 750 731 711 684 669
771 755 739 722 694 675
770 758 744 729 703 682
770 760 751 744 735 731
771 772 772 772 780 783
771 770 769 768 778 781
771 763 756 750 751 751
771 758 747 736 730 725
771 756 741 726 704 687
771 751 732 715 688 672
771 756 740 724 698 678
770 757 743 728 702 682
770 757 746 737 724 719
770 765 758 751 747 743
770 763 755 747 738 731
770 758 746 735 720 711
770 757 744 731 713 700
770 757 742 727 700 678
770 755 742 728 707 688
770 771 757 743 720 699
770 769 763 755 738 719
770 783 816 839 825 802
770 774 788 808 823 812
770 765 770 776 792 792
770 760 748 740 752 760
770 757 739 724 723 729
770 744 704 676 672 680
770 750 721 691 669 671
770 760 746 721 685 674
769 765 761 746 713 702
770 763 756 748 737 729
770 767 764 754 745 736
770 756 740 729 725 717
770 742 709 688 682 675
770 750 720 694 673 659
770 754 732 708 676 658
770 760 746 729 698 676
770 762 753 741 715 693
770 766 764 761 749 739
770 782 789 793 802 798
728 717 701 691 690 686
679 679 668 653 649 649
645 646 642 632 627 626
618 617 614 607 598 590
582 581 580 577 574 573
570 567 566 564 563 564
560 556 554 552 554 557
558 556 556 559 573 588
591 582 576 575 592 607
617 602 589 582 591 612
619 607 595 588 592 606
620 610 603 604 619 615
585 580 569 555 548 548
555 554 553 550 548 550
600 582 578 591 616 619
603 587 574 571 590 602
608 599 589 585 607 628
614 607 596 584 596 610
605 600 591 578 578 587
583 580 574 565 560 565
563 560 556 550 544 547
533 530 527 520 509 507
509 508 507 506 505 504
500 496 495 496 499 498
492 487 484 483 492 504
500 496 492 492 507 523
517 509 501 495 505 518
513 505 497 489 489 496
493 488 482 476 473 477
473 469 465 459 455 455
651 577 529 497 492 771
721 665 612 567 525 771
750 714 671 625 566 771
758 737 710 677 622 771
767 758 743 722 682 771
769 763 754 740 708 771
764 757 748 737 711 771
760 751 742 733 710 771
758 746 736 726 703 771
754 739 726 715 695 771
757 744 731 718 699 771
759 746 733 721 703 770
764 755 749 742 728 771
771 766 762 757 750 771
768 763 758 754 751 771
761 753 746 740 734 771
758 747 737 729 720 771
756 741 727 711 692 770
743 719 696 669 642 770
754 736 716 693 661 770
758 744 728 708 678 770
765 759 753 746 736 771
775 776 774 770 769 771
770 768 766 762 761 771
761 753 747 741 738 771
757 745 735 726 719 771
755 738 723 708 690 771
753 737 722 709 690 771
757 743 729 715 695 771
760 747 735 723 705 771
767 764 759 756 752 771
773 772 770 766 767 771
767 764 760 755 755 771
760 751 744 737 734 771
757 744 733 723 715 771
754 737 721 707 690 771
754 739 724 710 692 770
758 744 730 716 697 770
760 748 736 727 716 770
771 769 765 760 759 771
773 772 769 765 767 771
765 760 755 749 748 771
759 749 740 732 729 771
756 743 731 720 709 771
751 734 718 704 688 771
756 740 725 710 691 771
759 745 731 717 697 771
761 752 744 736 727 771
773 771 769 764 764 771
771 769 766 762 763 771
763 756 750 744 742 771
758 747 737 729 723 771
756 741 728 714 698 771
751 734 719 706 689 770
757 741 726 712 693 770
759 746 733 719 699 770
764 757 751 745 739 770
773 772 769 765 765 771
769 767 763 758 759 771
761 753 746 739 737 771
757 745 735 725 718 771
755 739 723 708 691 770
753 736 722 708 689 770
757 743 728 714 694 771
759 746 733 720 702 770
767 763 758 753 749 771
773 773 770 766 766 771
767 763 759 754 753 771
760 751 743 736 732 771
757 744 733 723 714 771
753 735 719 704 685 771
755 739 724 709 689 771
758 744 730 715 694 771
760 748 736 726 714 771
770 768 764 759 757 771
773 772 769 765 765 771
765 760 755 749 747 771
759 748 740 732 727 771
756 743 731 719 707 771
752 734 718 703 686 771
755 740 725 710 690 771
758 745 731 717 696 771
760 750 743 734 725 771
772 770 767 762 761 771
771 769 766 762 762 771
763 756 749 743 741 771
758 747 737 728 722 771
756 742 728 714 698 771
751 733 718 704 687 771
757 741 726 712 691 771
759 745 732 718 697 771
764 756 750 744 738 771
773 773 770 765 765 771
769 766 762 757 756 771
761 753 746 739 736 771
757 745 735 725 717 771
755 738 723 707 689 771
753 736 722 707 689 770
757 742 728 713 692 770
759 746 733 720 701 770
766 762 757 753 748 771
772 771 768 764 763 771
767 763 759 753 752 771
760 750 742 735 731 771
756 743 732 721 712 771
753 735 719 704 685 770
753 737 722 707 687 770
757 743 729 714 693 770
759 747 735 725 712 770
770 767 764 758 756 770
773 772 769 764 764 771
765 760 755 748 747 770
758 748 739 731 726 771
756 742 730 719 707 771
751 732 716 701 684 770
755 739 724 708 688 770
757 743 729 714 692 770
759 747 739 730 719 770
772 770 766 761 758 771
771 769 766 761 760 771
764 757 751 744 740 771
758 746 737 728 721 771
755 741 728 713 697 770
750 732 717 703 685 770
756 740 725 709 688 770
758 744 730 716 694 770
762 754 747 740 732 771
772 770 766 761 759 771
767 763 758 752 748 771
759 749 740 732 724 771
755 741 729 718 705 770
754 737 721 704 682 770
750 733 718 702 679 770
756 741 726 710 686 770
758 746 733 719 696 770
766 762 757 752 747 770
774 773 771 767 767 770
768 765 761 756 756 771
760 751 744 737 734 771
756 743 732 722 714 770
753 735 718 703 685 770
753 738 723 708 689 770
758 744 730 716 696 770
760 749 738 728 718 770
770 769 767 762 763 771
770 768 765 760 763 771
762 753 746 737 736 771
756 743 731 720 713 770
755 739 725 711 697 770
752 734 716 699 680 770
756 742 727 712 690 770
760 748 736 722 701 770
762 753 748 742 733 770
774 774 773 771 772 770
772 771 770 767 771 771
763 756 751 745 746 771
757 745 736 728 725 771
755 741 727 713 700 771
751 733 718 704 688 770
757 743 728 714 695 770
761 749 737 724 705 770
765 760 754 750 747 771
775 776 775 773 777 771
770 769 768 765 770 771
761 754 748 743 745 771
757 745 735 726 723 771
755 738 723 707 692 771
752 735 721 706 690 771
757 742 727 712 693 771
758 746 733 719 700 770
766 762 757 752 750 771
774 774 772 768 769 771
768 765 761 756 757 771
760 751 744 737 735 771
756 743 733 722 714 771
753 736 719 703 685 770
753 737 722 707 687 771
758 743 729 714 693 771
760 748 736 724 711 770
770 768 766 761 759 771
774 774 772 768 770 771
766 762 758 752 752 771
759 749 741 734 731 771
756 743 731 720 711 771
752 734 717 702 687 771
755 740 725 710 690 770
758 744 731 716 696 770
760 749 742 734 725 771
773 771 769 765 765 771
772 770 768 764 766 771
763 757 750 744 743 771
754 740 729 717 709 771
752 735 720 704 683 771
751 731 713 697 674 770
756 741 725 709 684 770
759 746 732 718 695 770
762 755 749 742 735 770
773 772 770 765 766 771
769 766 763 758 759 771
760 751 743 736 733 771
755 741 730 718 710 771
752 734 717 699 679 770
747 728 710 692 669 770
753 734 716 698 670 770
757 741 726 709 681 770
765 760 754 747 737 770
775 775 773 769 765 771
768 766 763 759 756 771
760 752 745 738 733 770
756 744 733 723 714 770
753 735 718 703 684 770
752 736 720 705 686 770
756 741 726 711 690 770
759 746 733 720 706 770
769 766 762 757 753 770
774 774 772 768 768 771
767 764 760 755 754 770
761 752 746 739 737 770
758 746 736 727 720 770
754 737 723 709 696 770
756 743 730 717 701 770
760 748 735 723 707 770
761 751 744 738 732 770
773 773 771 769 773 771
772 771 769 766 771 770
757 748 739 732 726 770
753 737 724 712 700 770
751 731 714 696 671 769
747 725 706 688 658 770
755 738 721 703 673 770
759 745 731 716 688 770
761 754 746 738 725 770
768 765 760 753 748 770
765 759 752 745 739 770
758 747 738 728 718 770
754 740 728 715 700 770
753 736 719 702 677 770
751 734 718 702 677 770
758 744 730 715 689 770
760 749 738 725 703 770
765 760 756 751 746 770
771 770 767 763 762 770
766 761 756 751 748 770
757 747 738 730 723 770
753 738 725 713 699 770
748 728 708 690 663 769
751 732 715 697 672 770
756 741 725 709 683 769
759 747 735 721 704 770
768 765 761 756 750 770
773 772 769 765 765 770
767 763 759 754 754 770
759 750 743 737 735 770
755 742 730 720 713 770
748 728 711 694 678 770
748 728 709 690 667 769
751 732 713 693 665 769
755 739 724 710 687 770
764 756 746 735 716 769
762 754 744 731 710 769
755 742 729 715 687 769
752 736 721 706 674 769
753 737 721 704 668 769
751 734 717 702 668 769
755 740 725 710 677 769
756 742 728 714 685 769
758 749 739 731 715 769
767 764 758 752 745 769
766 762 757 751 747 769
761 753 745 738 733 769
757 746 736 727 719 769
755 741 727 713 699 769
752 737 724 711 699 769
757 745 732 719 705 769
760 749 738 727 714 769
765 761 757 753 754 770
772 772 770 767 771 770
767 764 760 755 758 770
759 750 743 736 734 770
756 744 734 724 718 770
754 739 724 710 696 769
755 741 728 715 701 770
759 747 735 722 708 769
761 752 742 731 725 770
771 771 770 767 772 771
775 776 776 774 782 771
767 765 762 759 765 770
760 751 745 739 741 771
756 744 733 723 718 770
751 733 717 702 688 770
754 738 723 708 690 770
758 744 730 715 696 770
760 748 738 730 719 770
771 769 764 759 758 771
771 769 766 761 762 771
764 758 752 745 744 771
758 748 739 731 727 771
757 744 732 720 709 771
752 735 720 707 692 770
756 741 726 712 694 770
759 745 732 718 700 770
763 758 751 746 742 771
779 782 783 781 789 770
779 785 789 791 806 770
773 777 780 784 804 770
767 767 768 771 792 770
761 754 748 745 755 770
753 740 731 724 728 770
755 740 726 715 710 770
755 739 724 710 698 770
760 750 740 730 726 770
766 759 750 739 733 770
761 750 740 727 716 770
754 739 725 711 695 770
753 737 721 705 685 771
752 734 715 696 669 771
753 737 721 704 678 771
756 741 726 709 682 771
756 742 728 713 693 770
764 757 750 742 731 770
768 763 756 747 737 771
761 752 743 732 719 770
755 741 729 717 701 770
753 737 722 707 686 770
749 729 710 692 666 770
752 735 717 700 672 769
757 741 725 709 681 770
760 749 741 732 715 770
773 773 770 766 762 770
773 773 772 769 769 771
765 760 756 751 751 770
759 749 742 735 732 770
756 742 731 719 708 770
751 733 717 704 689 770
755 740 724 710 690 770
758 745 731 717 696 770
761 754 746 738 730 770
772 771 767 762 759 770
769 766 762 757 753 770
761 752 745 738 732 770
757 746 736 726 717 770
758 744 730 717 700 770
756 744 733 722 707 770
763 754 745 736 723 770
766 759 753 746 738 771
772 773 775 776 786 770
778 783 786 789 804 770
771 772 774 775 789 770
762 757 754 752 762 770
759 750 743 737 741 770
757 743 731 720 714 770
755 742 731 720 711 770
759 746 734 722 711 770
760 748 737 726 721 770
769 766 763 757 759 770
783 784 783 779 783 777
774 771 769 764 766 777
767 759 753 747 747 778
765 753 744 735 729 778
761 745 731 718 707 778
766 753 741 728 714 779
769 758 747 735 721 778
772 763 759 753 751 779
784 784 784 781 787 779
781 781 781 779 787 779
773 768 764 759 764 779
766 756 748 741 741 779
764 750 738 725 714 779
760 742 728 715 700 779
765 750 736 721 703 779
768 755 742 728 709 779
773 767 762 756 751 779
783 783 780 777 779 779
779 777 775 771 773 779
770 763 758 752 752 779
766 755 746 738 734 779
764 749 735 722 707 779
762 748 735 723 708 779
769 756 745 733 717 779
771 762 753 743 729 779
780 780 780 780 782 778
787 791 794 795 803 779
781 783 785 786 794 779
777 777 778 781 795 779
770 763 759 757 767 778
765 752 741 733 730 779
772 765 759 753 747 778
792 799 804 807 806 778
775 776 778 785 808 778
765 760 757 758 789 778
785 783 782 779 789 778
774 771 768 764 773 778
763 756 751 747 754 778
759 744 732 721 719 777
755 734 716 703 697 778
763 747 731 714 698 778
766 752 739 723 703 777
768 763 759 757 752 777
787 791 794 796 798 777
771 765 755 743 748 777
743 715 690 667 671 778
754 728 703 676 658 778
759 737 712 683 646 778
757 737 717 693 654 778
763 747 729 709 670 778
766 752 737 721 686 778
772 766 760 752 737 778
781 780 777 773 766 778
775 773 769 764 758 778
767 758 750 744 736 778
763 750 739 729 717 778
761 743 727 711 690 778
760 744 728 713 691 778
765 750 735 720 696 778
766 754 741 728 709 778
776 772 768 763 758 778
780 780 777 773 772 778
773 769 764 758 755 778
766 756 747 739 734 778
763 749 737 726 713 778
759 741 724 708 688 778
763 747 732 716 694 778
766 752 737 723 699 778
767 755 745 737 724 778
779 777 773 768 765 778
779 777 774 769 768 778
771 764 758 752 747 778
765 754 744 735 728 778
762 748 735 722 704 778
758 739 723 709 689 778
763 747 731 716 693 778
765 752 737 723 700 777
769 762 755 748 740 778
781 780 777 773 772 778
777 775 772 767 767 778
768 761 754 747 743 778
764 752 741 732 723 778
762 746 731 716 697 778
758 741 726 711 691 778
764 748 733 718 695 778
765 752 739 725 703 778
773 769 764 759 754 778
781 781 778 774 773 778
775 772 768 763 761 778
767 757 750 742 738 778
763 750 739 728 717 778
760 743 726 711 691 778
760 744 729 715 694 778
763 748 734 719 696 777
764 751 739 728 715 776
775 773 769 763 760 776
778 777 774 769 768 776
771 766 760 754 751 776
764 753 745 737 730 776
761 747 735 723 709 776
756 737 721 706 688 775
760 745 729 714 692 775
764 750 736 721 698 775
765 756 749 741 732 775
778 777 774 770 769 776
776 775 772 768 769 776
768 762 756 750 747 776
763 752 743 734 728 776
760 745 732 718 700 776
756 737 722 709 690 775
761 745 730 715 694 775
763 749 735 721 699 775
768 762 756 750 744 775
779 779 777 773 772 775
775 773 771 767 766 775
765 756 750 743 740 775
761 749 738 728 720 775
759 742 726 709 690 775
759 741 727 713 690 774
762 749 735 722 703 774
765 755 745 735 717 774
780 786 793 801 793 774
788 801 814 830 836 774
775 778 783 793 807 775
763 755 752 756 775 775
760 748 739 736 750 775
717 668 620 574 560 774
745 712 676 638 593 773
756 733 705 671 614 773
762 748 735 731 700 773
780 780 779 780 750 774
773 768 764 760 730 774
763 752 742 731 704 774
756 743 731 721 697 773
756 741 726 711 678 773
755 736 720 709 683 773
761 746 732 720 695 773
757 744 729 715 693 773
759 751 742 738 736 773
770 765 758 750 748 773
768 761 753 742 730 773
750 745 730 694 649 675
663 675 673 648 601 606
608 619 622 609 571 557
562 572 583 588 575 568
561 560 564 569 568 565
540 535 532 533 538 547
556 555 558 566 592 620
614 603 596 594 611 632
622 610 598 586 589 597
592 585 576 564 558 559
557 554 549 539 529 522
512 509 503 493 478 467
472 475 476 475 469 462
459 457 457 456 457 453
450 447 446 446 464 480
488 484 486 489 516 541
536 525 516 511 526 544
536 525 513 501 500 506
503 498 491 480 473 473
473 471 467 458 447 433
427 426 423 417 408 400
401 403 404 403 398 393
387 385 384 382 382 381
380 378 384 391 411 435
448 443 442 444 467 492
498 487 477 468 478 491
459 447 433 418 417 419
395 393 389 379 363 359
348 347 345 338 315 297
295 297 301 304 298 295
294 293 294 295 295 294
290 288 287 287 289 293
307 306 309 317 347 375
365 352 344 340 358 374
369 360 351 340 337 340
346 344 338 330 315 308
309 313 313 309 292 279
279 280 280 275 251 232
245 254 262 269 264 253
255 256 263 270 269 261
260 258 260 267 274 294
306 303 305 315 348 369
361 348 339 336 348 357
355 347 338 330 323 317
324 325 325 326 312 297
300 302 304 308 295 278
267 265 263 263 253 244
257 261 268 278 275 266
264 263 266 272 275 270
271 269 271 293 322 341
351 349 360 380 396 396
381 368 359 356 365 367
359 351 337 321 317 315
319 321 316 306 295 291
293 295 293 285 262 248
245 249 249 250 247 247
248 251 256 256 253 250
250 249 248 247 246 248
256 268 291 317 330 343
338 329 335 346 355 358
347 334 322 316 321 322
317 310 298 283 278 278
271 274 273 267 258 256
775 595 472 381 286 246
775 700 613 528 403 333
774 747 699 637 512 418
774 762 737 701 603 510
775 780 787 793 748 671
775 772 761 745 736 691
775 763 748 727 712 674
775 755 733 710 688 658
775 755 731 701 674 647
775 752 724 691 651 622
774 763 748 727 689 658
774 766 754 739 707 677
774 767 759 750 747 740
775 786 797 805 810 801
775 778 780 783 793 787
775 766 757 752 753 745
775 761 747 739 733 726
775 767 749 732 719 705
774 754 736 720 706 703
774 770 759 749 732 723
774 769 761 752 740 733
774 771 783 800 820 842
774 797 807 823 850 862
775 782 791 808 842 849
775 775 781 800 818 824
775 752 741 744 758 775
775 747 723 693 665 658
774 733 694 648 617 621
775 750 719 676 628 617
775 755 730 693 646 640
774 780 791 811 818 839
775 816 855 909 941 949
775 795 817 853 899 919
775 763 758 761 795 827
775 752 733 715 722 747
775 745 707 652 615 630
775 739 707 664 620 629
775 754 729 692 641 642
774 760 742 709 670 689
774 795 821 851 874 881
775 797 823 838 867 892
775 773 782 791 819 834
775 755 746 746 765 775
775 751 729 710 706 708
775 739 697 647 606 605
775 751 723 686 635 615
775 759 739 710 659 628
774 763 751 753 745 740
775 799 831 882 914 908
775 801 829 878 928 928
774 780 782 796 837 845
775 758 743 731 750 766
775 750 721 685 660 652
775 731 686 632 593 596
775 750 719 674 618 597
775 757 734 699 640 610
774 772 778 792 788 781
775 814 851 910 938 918
775 798 823 871 919 909
775 766 763 770 810 822
775 750 728 705 719 737
775 742 702 641 601 599
775 733 696 642 592 585
774 753 725 684 621 594
774 758 739 710 656 624
774 787 807 841 852 835
774 813 847 896 925 905
775 794 816 852 887 873
775 761 756 760 790 798
775 750 728 706 710 719
775 736 688 623 590 592
774 742 710 662 611 598
775 756 732 691 635 607
774 760 744 698 700 698
774 812 854 892 914 901
775 818 862 913 953 942
775 782 795 816 859 865
775 752 739 728 757 776
775 745 714 676 668 670
775 722 667 592 557 572
774 747 712 659 594 578
774 756 729 669 616 590
774 764 772 744 757 767
774 827 879 925 957 947
775 812 854 903 953 951
775 770 774 784 829 846
775 747 726 705 727 748
775 737 698 638 599 590
774 715 662 595 546 545
774 746 709 649 580 554
774 754 725 649 602 574
774 786 806 793 821 825
774 831 888 940 976 962
775 801 836 876 920 918
775 758 750 748 786 803
775 742 713 678 683 697
775 729 673 589 533 528
774 728 684 622 553 531
774 750 715 646 579 542
774 756 731 653 612 618
774 807 842 854 879 867
774 825 875 919 949 931
775 754 741 688 711 755
775 702 642 562 552 602
775 718 658 581 521 533
775 739 692 627 533 507
775 754 726 683 594 545
774 761 743 716 644 587
774 764 752 741 702 663
774 777 779 779 772 749
775 776 777 778 781 766
774 767 762 757 756 742
774 761 750 740 732 720
774 759 744 729 708 686
774 754 735 717 691 671
774 760 744 727 700 679
774 762 749 734 710 689
774 767 761 757 755 755
774 778 780 781 793 799
774 773 773 772 782 786
774 765 757 750 751 752
774 760 748 736 726 722
774 759 740 722 694 675
774 756 738 721 694 676
774 760 746 730 703 682
774 762 750 736 714 695
774 770 768 766 771 772
774 777 779 780 792 795
774 770 768 765 772 773
774 762 753 744 742 740
774 760 746 733 719 711
774 756 737 718 690 671
774 757 741 724 696 677
774 761 747 732 705 684
774 762 751 739 728 720
774 774 775 775 783 786
774 776 777 777 789 793
774 768 763 758 761 762
774 761 751 741 735 732
774 759 744 730 712 698
774 754 735 715 688 673
774 759 743 726 697 678
774 761 748 733 707 687
773 763 757 751 744 743
774 776 778 779 789 793
774 774 774 773 784 788
774 766 759 752 753 754
774 761 749 737 729 724
774 759 743 726 703 685
774 754 736 718 691 675
773 759 744 727 700 680
773 762 749 735 711 692
774 768 764 762 762 763
774 777 779 781 793 796
774 772 770 769 778 780
774 763 755 747 746 745
774 759 746 733 721 715
774 756 737 717 688 669
773 756 739 722 693 673
774 760 746 730 703 681
773 762 750 737 715 707
774 772 771 771 776 778
774 776 778 779 790 794
774 769 766 762 768 768
774 762 752 743 740 737
774 759 745 732 717 708
774 755 736 717 687 671
773 758 742 725 697 677
773 761 747 732 706 685
773 763 752 745 734 729
774 776 776 776 785 789
774 775 775 775 786 790
774 767 761 755 757 758
774 761 750 739 732 728
773 759 744 729 707 691
773 754 734 716 689 674
773 759 743 726 698 679
773 761 748 733 708 688
773 766 760 755 752 752
773 777 778 780 790 795
774 773 772 771 781 784
774 765 756 749 749 750
774 760 748 736 725 721
774 757 739 721 693 674
773 755 737 720 693 674
773 760 745 729 702 681
773 762 749 736 713 694
773 769 767 765 769 770
774 777 779 780 792 795
774 771 768 766 773 774
774 762 753 745 742 741
774 759 745 732 719 711
774 755 735 715 686 668
773 757 741 723 694 674
773 760 746 731 704 682
773 762 751 739 723 714
773 773 773 773 779 781
