306 329 142 210 246 293
305 328 142 210 245 293
283 328 142 210 245 293
270 329 141 210 245 29
298 328 142 210 244 293
306 329 142 210 246 293
305 328 142 210 245 293
283 328 142 210 245 293
270 329 141 210 245 29
360 327 133 210 242 291
316 327 133 209 242 291
300 327 133 209 241 290
294 327 133 209 242 290
292 327 133 209 242 290
291 327 132 209 242 290
289 326 131 208 238 289
286 326 131 208 238 289
286 326 131 208 238 289
285 326 130 208 238 288
281 325 130 208 237 288
279 325 130 208 237 288
279 325 129 208 238 288
279 325 131 208 239 289
279 325 130 207 240 288
281 325 130 207 241 288
284 327 131 208 249 291
286 326 131 208 251 291
288 327 132 208 251 291
284 324 129 206 241 288
283 324 128 206 241 289
286 327 130 208 255 293
286 326 130 207 253 290
288 326 130 207 255 291
289 326 131 207 254 291
289 326 131 207 255 290
292 329 133 209 262 296
292 330 134 209 263 297
293 329 134 209 258 297
295 331 135 210 264 299
303 330 133 210 259 298
300 331 133 211 261 298
294 329 132 209 252 296
294 329 131 209 249 295
296 328 131 209 247 294
296 324 130 206 241 286
296 323 130 205 239 286
292 323 130 205 239 286
287 323 130 205 240 287
283 323 129 204 240 287
281 323 129 204 240 287
282 323 129 204 239 286
284 323 128 204 239 286
289 323 128 204 239 287
295 323 128 204 237 286
292 324 129 204 239 286
287 323 128 204 239 287
284 324 128 204 239 287
283 324 128 204 240 287
283 324 128 204 240 287
284 324 128 204 240 287
285 325 128 204 240 288
287 326 128 205 243 291
287 327 128 205 243 291
286 324 128 204 242 287
285 324 128 204 240 287
285 324 127 204 240 286
285 323 127 204 240 286
285 324 126 203 240 287
285 324 127 204 241 287
285 324 126 204 241 287
285 324 127 204 241 287
285 324 127 204 242 288
285 324 127 204 242 287
285 324 127 204 242 287
285 324 126 204 240 287
285 324 126 203 240 287
285 324 126 204 240 287
284 324 126 203 241 287
284 324 126 204 240 287
284 324 126 203 238 286
283 324 126 203 241 287
280 325 127 203 242 287
280 325 126 204 240 287
282 324 127 204 241 287
285 325 126 204 241 287
285 325 126 204 241 287
285 325 127 204 241 287
284 325 126 204 241 288
284 325 127 203 241 287
284 325 127 203 240 287
285 325 127 203 240 287
286 325 128 204 243 288
286 325 128 204 240 287
287 325 128 203 240 288
287 325 128 203 243 288
289 325 128 203 242 287
287 325 129 203 241 287
286 325 129 203 241 287
285 324 129 203 240 286
283 324 129 202 239 285
286 326 131 203 256 290
285 327 131 204 258 290
283 326 131 203 259 290
284 326 131 203 260 290
288 327 132 203 262 293
291 327 132 203 264 294
292 328 133 203 264 294
292 328 132 203 264 295
293 328 133 203 264 295
295 328 133 203 262 295
290 325 131 202 259 289
295 325 130 202 254 288
301 322 127 201 238 284
294 322 130 201 238 284
287 322 130 201 237 284
286 322 130 201 237 285
288 323 130 202 239 287
288 324 130 202 239 288
287 325 130 203 237 289
286 326 131 202 240 290
286 325 130 202 241 290
287 326 130 203 241 290
288 326 131 203 241 290
289 326 130 203 242 291
293 326 130 203 241 290
297 322 129 201 238 285
289 323 129 201 239 286
283 323 128 201 239 284
280 323 129 201 240 284
279 323 128 200 239 285
281 322 127 200 239 284
283 322 127 200 239 284
287 323 127 200 239 284
288 322 127 200 239 285
286 323 127 200 240 284
283 323 127 201 239 284
281 323 127 200 239 285
282 323 127 201 239 285
282 323 127 200 240 285
283 323 127 201 241 285
283 323 126 201 241 285
283 323 126 200 239 285
282 323 126 200 240 285
282 323 126 200 241 285
283 323 126 200 241 285
282 323 126 200 241 285
282 323 126 200 241 285
283 323 126 200 242 285
283 323 126 200 242 285
283 323 125 201 242 285
283 323 125 200 243 285
282 323 125 200 242 285
282 323 125 201 242 285
283 324 126 201 243 285
282 323 125 200 242 285
282 323 125 201 242 285
283 323 125 200 241 285
282 323 125 200 242 285
280 323 125 200 242 285
278 323 125 200 242 285
278 323 126 200 242 285
279 323 126 200 242 285
281 323 126 200 242 285
283 323 126 200 242 285
283 323 126 200 240 285
282 323 126 200 241 285
283 324 126 200 242 286
283 324 127 200 242 286
283 324 127 201 243 286
284 324 127 200 244 286
284 324 127 200 244 286
284 324 127 201 244 286
285 324 127 201 244 286
284 324 127 201 244 286
284 324 127 201 243 286
285 324 127 201 244 286
285 324 127 201 244 286
284 324 127 200 244 286
281 323 127 199 244 285
282 325 128 201 256 288
284 325 129 201 257 289
287 326 129 201 259 289
289 326 129 201 260 289
292 327 130 201 263 292
293 328 130 202 264 294
293 328 131 203 266 294
293 329 132 202 266 295
293 329 133 203 267 295
292 329 134 203 266 295
292 329 135 203 265 295
287 325 133 201 261 288
288 326 133 201 261 289
290 326 133 201 261 290
288 322 129 199 242 284
287 322 128 199 241 284
286 322 129 199 241 284
287 321 128 198 240 283
287 321 128 198 240 284
287 321 127 198 240 284
287 321 127 198 240 284
286 322 128 198 244 285
284 322 128 198 244 285
282 323 129 199 245 285
281 322 129 199 245 285
282 323 129 198 244 285
283 323 129 199 245 285
284 323 129 199 245 285
283 323 129 199 245 285
284 323 129 198 245 286
284 323 129 199 245 286
282 323 128 199 245 285
281 323 128 199 246 286
282 323 128 199 245 285
283 323 128 199 245 286
284 323 128 199 245 286
283 323 128 199 245 285
283 323 128 199 245 285
285 323 127 199 244 285
285 323 127 199 244 285
284 323 127 198 245 285
283 323 127 199 244 285
283 323 127 198 244 285
284 323 126 198 244 285
284 323 127 199 245 285
284 323 126 198 244 285
283 323 126 198 244 285
283 322 126 198 244 285
283 323 126 198 246 285
283 323 126 198 244 285
283 322 125 198 244 285
283 323 125 198 245 285
283 323 125 198 245 285
282 323 125 198 245 285
281 323 125 198 245 285
280 323 125 198 244 285
281 323 124 198 244 285
282 323 124 198 244 285
283 323 124 198 243 285
285 323 124 198 244 284
285 323 124 198 243 285
284 323 124 198 244 285
284 323 124 198 244 285
284 323 124 198 244 284
284 323 124 198 244 284
284 323 123 198 243 284
283 323 123 198 243 285
284 323 123 198 243 284
284 323 123 198 244 284
284 323 123 198 244 287
288 326 126 199 259 289
288 325 126 199 259 288
286 326 126 199 260 289
288 325 127 199 260 289
290 325 127 199 259 288
292 324 126 198 254 287
294 326 128 199 262 291
294 327 129 200 265 293
294 327 130 200 264 291
292 324 129 198 262 288
294 326 130 199 264 292
296 328 133 200 265 294
295 328 133 201 265 295
290 325 133 199 260 289
292 323 130 198 251 285
288 320 127 196 236 282
283 321 127 196 240 282
281 321 127 197 241 283
284 321 128 196 240 283
287 321 127 196 240 283
283 321 127 196 241 283
279 320 126 196 238 282
280 321 126 195 239 282
280 320 125 196 238 282
282 320 125 196 239 282
281 320 124 195 238 282
281 320 124 195 238 281
281 320 124 195 238 282
280 320 124 195 238 281
280 320 124 196 238 282
280 320 124 195 238 282
280 320 124 196 240 282
281 321 124 195 240 282
281 321 124 195 241 282
281 321 124 196 240 282
280 321 125 196 240 282
281 321 125 195 240 282
280 321 125 196 241 283
280 321 125 195 241 282
280 321 125 196 241 282
281 321 125 195 241 283
281 321 125 195 241 283
281 321 126 196 242 283
282 321 126 196 243 283
282 321 126 196 242 283
282 321 126 196 243 283
282 322 126 196 243 284
282 322 126 196 243 283
282 321 126 195 243 283
282 321 126 196 242 283
282 321 126 196 243 284
281 322 126 196 243 283
282 322 127 196 243 283
282 322 127 196 243 284
281 322 127 196 243 283
281 322 127 196 244 283
281 322 127 196 245 283
282 322 128 196 245 283
283 322 128 196 244 283
283 322 128 195 244 283
282 322 128 196 245 283
285 322 128 196 245 283
278 322 128 195 244 283
279 322 127 195 244 283
280 322 127 195 244 283
281 322 126 196 244 283
281 322 126 195 244 283
281 322 125 195 244 283
281 322 125 195 244 283
281 322 125 195 244 283
282 322 125 195 244 283
282 322 125 195 244 283
283 322 125 196 244 283
283 322 125 195 244 283
283 322 125 195 244 283
282 322 125 196 244 284
282 322 124 196 244 284
282 322 125 196 245 283
282 322 125 195 244 283
282 322 124 195 244 283
282 323 125 195 251 284
283 322 125 195 253 285
288 323 127 196 259 287
290 324 128 196 259 287
292 324 129 196 256 289
290 321 128 194 253 284
289 325 131 196 259 289
287 324 134 196 258 289
287 325 136 196 255 289
288 321 132 194 240 285
284 319 131 193 238 279
290 319 129 193 238 280
188 319 128 193 239 280
213 320 128 194 239 281
254 320 128 194 240 282
271 320 129 194 240 280
168 320 129 195 240 281
139 320 130 195 240 282
150 320 133 195 240 282
161 320 134 195 241 282
196 320 133 194 240 282
210 320 134 195 241 282
248 320 134 195 240 282
239 321 134 195 241 282
157 321 134 195 241 282
149 321 134 195 241 282
146 321 135 195 241 282
145 321 134 195 242 282
154 321 134 195 242 282
147 321 134 195 242 282
140 321 134 195 242 282
137 321 134 195 244 282
144 321 134 195 244 283
143 321 135 195 244 283
143 321 135 195 244 283
140 321 135 195 244 283
141 321 134 194 244 283
203 321 135 195 244 283
228 321 135 195 244 282
276 321 136 196 244 283
310 322 138 195 244 283
293 322 139 196 244 283
285 322 140 196 244 283
275 322 140 196 244 283
211 321 140 196 242 282
160 321 141 195 242 282
153 321 141 194 242 282
156 321 141 195 243 282
155 321 139 194 242 282
157 320 137 194 242 282
159 320 136 194 242 282
160 321 133 194 244 282
159 320 131 194 241 282
161 321 131 195 243 282
