311
311 309 268 213 245 311
314 309 267 212 244 311
315 309 267 213 245 311
8 309 270 213 244 311
303 309 269 213 245 311
311 309 268 213 245 311
314 309 267 212 244 311
315 309 267 213 245 311

324 337 279 214 251 313
312 342 283 214 252 313
309 346 282 214 252 314
306 350 289 214 252 314
305 353 297 214 253 314
305 356 298 214 253 315
308 357 297 215 253 315
308 357 296 215 253 315
307 357 290 215 253 315
304 357 287 214 254 315
307 357 283 215 254 315
307 356 280 215 254 315
308 356 288 215 254 315
307 355 290 214 249 314
311 354 293 214 248 314
315 354 298 215 253 315
315 353 296 215 251 315
315 352 299 215 253 315
317 350 302 215 253 315
261 349 294 215 251 313
262 349 279 214 249 313
268 349 277 214 247 312
272 350 273 214 249 313
274 350 274 214 250 313
275 351 275 214 253 315
274 351 273 214 253 315
273 351 268 214 252 314
275 351 268 214 252 314
278 351 269 214 252 314
280 350 271 214 252 314
280 351 271 214 252 314
283 351 274 214 252 314
283 351 272 214 252 314
282 350 271 214 251 314
286 350 272 214 251 314
286 350 272 214 251 314
286 350 272 214 251 314
285 350 271 214 251 314
284 350 273 214 251 314
283 350 276 214 251 314
281 350 277 214 251 313
281 350 278 214 252 314
282 350 278 214 252 314
282 350 279 214 252 314
282 350 279 214 252 314
281 350 279 214 252 314
282 350 280 214 252 313
281 350 282 214 252 313
280 350 281 214 252 313
279 350 283 214 252 313
278 350 282 213 252 314
276 350 282 214 252 313
275 350 282 214 252 313
275 348 282 214 252 313
275 348 282 214 252 313
275 348 281 214 252 313
273 347 280 213 253 313
272 347 278 214 252 313
273 346 279 214 252 313
273 346 280 214 252 313
273 346 280 214 252 313
274 346 280 214 253 313
274 346 280 214 252 313
275 345 280 214 252 313
275 345 282 214 252 313
275 345 284 213 252 313
275 345 286 214 252 313
276 345 289 214 252 313
278 346 291 214 252 313
280 347 292 213 252 313
281 348 293 214 252 313
273 349 293 214 252 313
265 349 296 214 253 314
276 350 299 214 253 314
290 351 300 214 253 314
291 352 302 214 254 315
292 351 301 214 248 313
292 352 300 215 254 315
295 353 297 215 254 315
289 352 296 215 254 314
292 353 295 215 255 315
277 353 297 215 256 316
285 353 294 215 251 316
286 353 287 216 257 317
288 352 292 216 258 318
289 351 296 215 257 316
303 350 295 216 257 315
309 348 290 216 257 315
312 347 298 216 257 315
313 346 294 215 257 315
312 346 295 216 256 316
306 346 306 215 254 315
288 348 324 215 255 314
266 348 305 215 252 313
260 349 325 215 256 315
264 349 338 215 256 315
263 350 344 215 256 315
265 350 346 215 256 315
265 350 347 215 256 315
265 350 346 215 256 315
265 351 347 215 256 315
265 351 348 215 256 315
266 351 349 215 256 315
266 351 350 215 255 315
264 351 349 215 255 315
262 351 348 215 255 315
261 351 348 215 255 315
262 351 349 215 255 315
261 351 349 215 255 315
260 351 349 215 255 315
260 351 349 214 255 315
260 351 349 214 255 315
260 351 349 214 255 314
258 351 349 214 255 315
257 352 349 214 254 314
254 352 349 214 255 314
251 352 349 214 254 314
253 351 348 214 254 314
252 352 349 214 254 314
251 351 349 214 254 314
251 351 349 214 254 314
249 352 349 214 254 314
249 351 349 214 254 314
249 352 349 214 254 314
249 351 349 214 254 314
247 352 349 214 254 314
248 351 349 214 254 314
249 351 349 214 254 314
249 351 349 214 254 314
248 351 349 214 254 314
243 351 348 214 254 314
244 351 347 214 254 314
245 351 348 214 254 314
245 351 348 214 254 314
244 351 349 214 254 314
244 351 348 214 254 313
246 351 348 214 254 314
246 350 348 214 254 313
243 350 348 214 254 313
241 350 348 214 254 313
239 350 348 214 254 313
238 350 347 213 253 313
238 350 347 214 253 313
237 349 348 214 253 313
237 349 347 214 253 313
236 349 348 213 253 314
236 349 347 213 253 313
236 349 347 213 253 313
235 349 346 214 253 313
236 349 345 214 253 313
235 349 345 214 253 313
235 349 345 213 253 313
234 348 346 213 254 313
234 348 346 213 253 313
233 348 346 213 253 313
234 348 345 213 253 313
233 348 342 213 253 313
244 347 341 213 253 313
255 347 337 214 254 313
277 347 336 214 254 314
288 348 330 214 254 314
300 350 336 214 255 315
306 351 339 214 256 315
310 351 344 215 256 316
312 351 341 215 257 316
315 351 342 215 257 317
316 350 344 215 258 317
315 347 343 216 259 317
314 344 341 216 259 318
314 340 338 216 259 317
312 336 333 215 258 316
313 333 329 215 258 315
313 330 331 215 259 316
313 328 330 216 259 315
313 327 330 215 258 315
313 328 332 215 254 313
308 332 334 214 256 314
304 334 343 215 257 315
306 335 345 215 258 316
309 336 342 215 256 316
285 337 340 215 258 316
284 337 337 215 258 316
295 338 332 215 258 316
292 338 331 215 258 317
283 339 329 215 258 316
263 339 334 215 258 316
260 340 337 215 258 316
261 340 331 215 258 316
265 340 330 215 258 316
272 340 323 215 257 316
288 340 326 214 258 316
285 341 331 215 257 316
285 341 331 215 257 316
289 341 318 214 257 316
281 341 296 214 257 315
286 342 318 214 257 316
284 342 330 214 257 315
280 341 335 214 257 315
287 342 336 214 257 315
291 342 338 214 257 315
286 342 338 214 257 315
276 342 337 214 257 315
283 342 337 214 257 315
285 342 337 214 257 315
299 342 338 214 257 315
303 342 337 214 257 315
305 342 337 214 256 315
306 342 337 214 256 315
308 342 337 214 256 315
310 342 337 214 256 315
310 342 337 214 256 314
305 342 338 213 256 315
295 342 337 214 256 314
305 342 339 214 256 314
312 342 342 213 256 314
307 342 349 214 256 314
289 342 349 213 256 314
297 342 344 213 256 314
301 342 343 214 256 314
306 342 345 213 256 314
303 343 342 213 256 314
290 343 340 213 256 314
267 342 338 213 256 314
274 342 337 213 256 314
278 342 338 213 256 314
279 342 334 213 256 314
284 342 337 213 256 314
275 342 340 213 256 314
272 342 330 213 256 314
277 341 317 213 256 314
290 341 326 213 256 314
295 341 338 213 256 314
291 339 338 212 255 312
296 340 341 213 257 314
309 338 336 213 257 316
312 335 340 214 260 317
313 329 339 213 259 317
317 325 334 214 260 318
316 319 325 214 257 317
316 315 319 214 260 318
318 310 314 214 259 318
321 305 306 214 259 318
320 302 303 214 260 319
319 300 302 214 262 319
322 299 302 214 262 319
317 301 295 214 263 319
277 304 251 215 263 319
297 304 225 214 260 316
259 305 253 214 261 317
263 306 306 214 262 318
263 307 326 214 262 318
268 308 322 214 262 318
266 308 314 214 262 318
279 309 308 214 262 318
280 309 308 214 261 318
274 309 307 214 262 318
273 309 305 213 262 318
274 309 300 214 261 317
272 309 292 214 260 317
272 309 292 213 260 317
267 309 298 213 260 317
261 310 300 213 260 317
257 310 303 214 260 317
252 310 300 213 260 317
239 309 297 213 256 315
244 309 300 213 257 316
249 309 305 212 256 315
254 309 307 213 258 316
256 310 307 213 259 316
253 309 307 213 256 316
258 310 309 212 256 315
258 310 307 212 256 315
263 310 306 212 255 315
250 310 308 213 256 315
250 309 309 212 255 315
249 309 309 212 255 315
251 310 308 212 257 316
252 310 308 213 257 315
251 310 308 212 256 315
251 310 309 212 256 315
252 310 307 212 256 315
252 310 308 212 257 315
253 311 308 212 257 315
252 310 308 213 256 315
253 311 308 213 257 315
254 311 309 212 257 315
254 311 309 212 258 315
255 311 309 213 257 315
254 310 308 212 255 315
253 310 309 212 254 314
253 310 309 212 255 314
253 310 309 212 255 314
254 310 309 212 255 314
254 310 309 212 255 314
253 310 308 212 255 315
255 311 306 212 255 314
265 310 301 212 256 314
267 310 307 212 255 314
266 310 306 212 255 314
269 310 305 212 257 315
261 310 305 212 257 315
270 310 302 212 257 315
268 310 291 212 257 315
288 309 290 212 256 315
291 310 288 212 257 315
296 309 287 212 257 315
302 309 290 212 257 315
306 309 294 212 257 315
301 309 308 212 258 315
296 309 285 212 258 315
295 309 258 212 258 316
303 307 279 212 255 315
309 304 317 212 255 315
320 302 320 212 257 316
320 299 320 212 259 316
318 295 316 213 261 317
317 291 290 213 260 316
314 286 275 213 260 317
305 283 265 213 264 317
292 278 262 213 264 317
280 274 248 212 261 316
285 269 254 212 261 315
287 268 258 213 265 316
280 268 279 212 265 316
260 270 260 213 265 316
267 273 171 213 265 317
271 274 155 213 264 316
302 275 159 213 264 316
311 275 227 213 264 316
310 276 255 213 263 316
313 276 268 212 263 316
319 277 260 213 264 316
315 277 268 212 263 316
314 277 270 212 262 316
311 277 273 212 263 316
312 278 276 212 262 315
313 278 276 212 262 315
314 277 275 212 262 315
315 278 277 212 262 315
325 278 256 212 262 315
373 278 193 212 262 315
419 278 218 212 262 315
255 278 243 213 262 315
239 278 193 212 260 315
242 278 156 212 261 315
247 278 173 212 261 315
249 277 215 212 257 314
235 277 213 211 254 313
277 277 239 211 255 313
289 279 243 212 260 315
298 279 243 212 261 315
310 279 247 212 261 315
316 279 245 212 261 315
314 279 252 212 260 315
307 279 246 212 261 315
302 280 251 212 261 315
