1534185191.8441668 627 548 590 672 574 670 -8062 1792 362 236 38 26 -40 105 -74
1534185191.9002876 627 548 589 672 574 670 -8184 1756 414 270 186 2 -42 103 -75
1534185191.9627748 627 548 589 672 574 670 -8142 1732 476 217 212 81 -41 103 -73
1534185192.0408804 627 548 590 672 574 669 -8104 1728 310 155 63 9 -42 104 -73
1534185192.0976963 627 548 589 672 574 671 -8108 1796 454 252 192 96 -40 104 -73
1534185192.1776204 626 548 589 672 574 670 -8098 1774 368 163 -10 -10 -39 104 -75
1534185192.231078 627 548 589 672 574 670 -8100 1788 386 413 165 101 -40 104 -74
1534185192.3090038 627 548 590 672 574 670 -8156 1704 424 247 211 18 -41 103 -73
1534185192.3804631 627 548 589 672 574 670 -8088 1778 354 236 163 41 -40 103 -71
1534185192.4472828 627 548 589 672 574 670 -8054 1802 304 230 35 -24 -41 106 -73
1534185192.558362 627 548 589 673 574 670 -8092 1828 426 212 314 95 -43 105 -73
1534185192.605226 627 548 590 672 574 671 -8182 1754 422 159 74 86 -40 103 -73
1534185192.6677139 627 548 589 672 574 670 -8132 1756 378 179 169 33 -41 105 -73
1534185192.7660022 627 548 589 672 574 671 -8146 1784 414 241 331 146 -40 104 -74
1534185192.81188 627 548 589 673 574 671 -8142 1762 378 218 1 -43 -41 103 -74
1534185192.870723 627 548 590 672 574 670 -8074 1806 320 318 149 -23 -40 106 -74
1534185192.924578 627 548 590 672 574 671 -8146 1802 450 250 322 114 -42 103 -75
1534185192.983421 627 548 589 672 574 671 -8106 1732 364 220 80 44 -40 103 -73
1534185193.0502474 627 548 590 672 574 671 -8162 1714 348 263 128 73 -40 103 -73
1534185193.1180618 627 548 590 672 574 671 -8088 1774 366 246 68 -20 -41 102 -73
1534185193.1868777 627 548 590 672 574 670 -8096 1802 344 257 93 -6 -43 103 -72
1534185193.2706542 627 548 589 672 574 670 -8258 1792 374 193 163 -10 -40 102 -75
1534185193.3384736 627 548 590 673 574 670 -8056 1866 426 355 -2 18 -41 103 -73
1534185193.3863482 627 548 589 673 574 670 -8152 1738 454 260 -51 -30 -39 105 -74
1534185193.4511719 627 548 590 672 574 671 -8070 1814 358 222 41 0 -39 104 -73
1534185193.5169969 627 548 590 672 574 671 -8176 1748 398 352 269 91 -42 103 -74
1534185193.584816 627 548 590 673 574 671 -8070 1800 360 222 135 62 -41 104 -71
1534185193.6516373 627 548 590 673 574 671 -8116 1754 330 276 138 47 -42 105 -75
1534185193.7159457 627 548 590 673 574 670 -8094 1736 408 274 -10 -42 -40 104 -75
1534185193.7850618 627 548 589 673 574 671 -8132 1788 416 255 82 28 -40 104 -72
1534185193.8621066 627 548 589 672 574 670 -8060 1774 408 212 21 -37 -42 103 -72
1534185193.9252157 627 548 589 672 574 670 -8152 1720 376 194 -163 -87 -40 103 -74
1534185193.9818575 627 548 590 672 574 670 -8138 1676 470 29 -195 -154 -40 103 -74
1534185194.0443423 627 548 589 673 574 670 -8124 1738 590 217 28 -31 -40 104 -74
1534185194.1224499 627 548 589 672 574 669 -8156 1686 552 267 338 61 -38 105 -73
1534185194.1931875 627 548 589 672 574 670 -8128 1792 532 450 103 131 -40 106 -72
1534185194.2475166 626 548 589 672 574 671 -8174 1688 488 219 429 26 -41 103 -73
1534185194.315065 627 548 589 672 574 671 -8068 1744 440 423 216 104 -40 103 -71
1534185194.3965328 627 548 589 672 574 670 -8110 1744 358 433 325 158 -40 104 -74
1534185194.4584687 627 548 589 672 574 670 -8134 1722 432 385 1 89 -38 103 -73
1534185194.5209537 627 548 590 672 574 670 -8086 1774 478 195 391 117 -42 106 -72
1534185194.5834436 627 548 589 672 574 670 -8070 1756 420 279 318 156 -39 104 -73
1534185194.6631637 627 548 589 672 574 670 -8146 1706 442 81 146 16 -38 104 -71
1534185194.73021 627 548 589 672 574 670 -8070 1788 412 271 238 47 -39 104 -75
1534185194.7986777 627 548 589 672 574 670 -8092 1776 376 164 278 148 -40 103 -75
1534185194.862621 627 548 590 672 574 671 -8096 1772 328 258 149 11 -41 102 -75
1534185194.9320974 627 548 590 672 574 671 -8094 1758 356 320 430 185 -40 105 -73
1534185194.9948509 627 548 589 672 574 670 -8146 1778 328 228 787 407 -40 104 -75
1534185195.0570683 627 548 590 672 574 670 -7782 1916 156 -475 239 -139 -41 104 -75
1534185195.145113 627 548 589 672 574 669 -7258 1840 98 -1769 2236 1825 -40 104 -73
1534185195.2147572 626 547 589 672 573 669 -8680 1972 426 -4331 9130 4156 -41 102 -75
1534185195.2826545 626 547 589 672 572 669 -8460 2424 -356 543 2824 1667 -43 99 -76
1534185195.3451385 625 547 589 671 570 668 -9116 1748 -276 -1310 8530 3670 -47 91 -77
1534185195.416384 625 546 588 671 569 667 -7728 2950 -2690 1113 -835 478 -47 91 -78
1534185195.4944918 624 546 588 670 567 668 -8200 2700 -60 -2067 4995 -1707 -49 85 -79
1534185195.5725982 624 545 588 670 567 668 -8086 1348 -2848 -1024 2345 -3484 -48 86 -81
1534185195.646794 624 545 588 671 568 667 -8196 2486 -1068 797 5262 5518 -44 86 -79
1534185195.7150679 624 545 588 671 568 667 -7898 3348 -3738 -756 -7953 -2264 -45 86 -79
1534185195.7826574 625 546 588 671 571 669 -11710 -10 1264 10309 -6809 -6522 -48 84 -81
1534185195.8708477 625 547 589 671 571 671 -6716 4018 -3590 -4665 -2461 -1242 -45 92 -79
1534185195.948424 626 547 589 672 572 670 -8456 812 2244 -112 -9715 -4477 -41 95 -85
1534185196.010909 626 547 589 672 573 670 -8180 1736 150 1554 4611 3181 -43 102 -73
1534185196.073477 627 548 589 672 573 670 -7834 2270 88 989 -709 907 -41 101 -73
1534185196.1512866 627 548 590 672 573 671 -8044 2100 156 699 1407 674 -44 99 -76
1534185196.2147217 627 548 590 672 573 671 -7910 2274 -50 192 258 917 -45 100 -77
1534185196.2827027 627 548 590 672 573 671 -8046 2276 44 541 196 1 -43 98 -77
1534185196.3466954 627 548 590 672 573 670 -7952 2256 102 418 559 464 -45 99 -76
1534185196.4091012 627 548 590 672 574 671 -7996 2216 -32 620 129 -18 -44 98 -79
1534185196.4715862 627 548 590 672 574 671 -8104 2234 58 302 447 462 -46 98 -77
1534185196.5498817 627 548 590 672 574 671 -8446 1596 -326 -1029 1248 -783 -42 98 -78
1534185196.6303854 627 548 590 672 574 670 -8090 2502 -190 511 -3706 533 -45 98 -78
1534185196.6979406 627 548 589 672 574 669 -8224 1880 652 -1631 4170 -5209 -44 99 -76
1534185196.770066 627 548 589 672 574 670 -8974 2266 -638 -3640 3960 6117 -44 98 -74
1534185196.8311658 626 547 589 672 573 669 -8456 2618 -50 -657 3243 3902 -45 98 -77
1534185196.9096136 626 547 589 671 572 669 -7934 2438 -1132 36 882 -872 -46 93 -77
1534185196.9808748 624 546 588 671 569 668 -8022 2370 -446 -438 2208 4763 -46 90 -77
1534185197.0433607 624 546 589 671 568 668 -7442 3222 -756 720 164 -919 -49 88 -78
1534185197.1140819 623 545 588 671 568 668 -7726 2278 344 -701 17 -279 -50 87 -78
1534185197.1877832 623 545 588 670 567 668 -8028 2558 -102 -481 3679 166 -47 89 -78
1534185197.2606144 623 544 588 670 568 667 -7896 2870 -1482 2639 -501 1417 -49 87 -77
1534185197.3353896 623 545 588 671 569 667 -8964 2568 -594 -322 -5431 -2404 -51 87 -80
1534185197.4071987 625 546 589 672 571 670 -2552 698 -2112 10883 -2957 4006 -50 89 -79
1534185197.4804664 625 547 589 671 572 670 -7184 3182 -778 -3205 -7562 -6738 -47 92 -82
1534185197.5489085 626 547 590 672 572 670 -8018 1662 1530 991 -1315 86 -47 94 -79
1534185197.6206446 626 547 589 672 572 671 -7710 2620 -404 1455 385 -390 -46 99 -73
1534185197.682281 626 548 589 672 573 670 -8112 2206 432 -167 112 11 -45 99 -77
1534185197.7535217 627 547 589 672 573 670 -7852 2422 282 860 584 763 -45 97 -76
1534185197.814698 626 548 590 672 573 670 -7930 2380 26 117 855 -125 -48 99 -77
1534185197.8771834 626 548 589 672 573 671 -8034 2330 218 242 459 -116 -45 97 -78
1534185197.955292 626 548 590 672 573 670 -7988 2386 16 151 596 814 -45 97 -76
1534185198.0177746 627 548 589 672 574 671 -7944 2406 208 142 572 -145 -45 97 -79
1534185198.0802612 627 548 590 672 574 671 -8030 2386 -16 34 -284 1113 -45 96 -77
1534185198.1614766 627 548 590 672 574 670 -8260 2710 298 -932 -564 342 -47 98 -78
1534185198.228635 627 548 590 672 574 670 -7720 2466 60 619 -2044 -1224 -47 97 -76
1534185198.3003347 627 548 590 672 574 671 -8410 2092 990 164 1437 -638 -45 99 -75
1534185198.374724 627 548 590 672 574 670 -7204 2222 -356 1477 -3626 -2395 -46 100 -75
1534185198.4325588 627 548 589 672 574 669 -7344 1402 504 -740 2716 5094 -43 102 -76
1534185198.5106652 627 548 590 672 574 669 -8184 2922 1050 -379 7606 8467 -45 101 -74
1534185198.588769 626 547 590 672 573 668 -7586 3716 -388 1598 775 -1056 -48 94 -78
1534185198.6618316 625 546 589 671 571 668 -8588 2800 80 -2568 6116 3416 -51 90 -80
1534185198.728805 625 546 589 671 569 668 -7390 2910 -908 -566 -1986 -1571 -49 87 -79
1534185198.7997391 624 546 589 671 569 669 -8148 3164 224 668 748 171 -50 89 -80
1534185198.8715832 625 546 589 671 570 668 -7796 3096 -322 739 -1571 -511 -51 89 -76
1534185198.9337869 625 546 590 671 572 668 -9306 2844 676 -940 2754 -3603 -49 87 -77
1534185199.0118942 626 547 589 672 573 670 -3284 2942 -1964 8574 -6370 2277 -50 92 -76
1534185199.0743794 626 548 590 672 573 670 -9074 2148 302 -6662 -3740 -7665 -48 93 -84
1534185199.1590421 626 548 590 672 573 670 -8142 2042 598 3279 552 2243 -46 94 -80
1534185199.214411 627 548 590 672 574 670 -8002 2352 -400 500 854 592 -44 96 -76
1534185199.2946434 627 548 590 672 574 670 -8102 2196 92 730 1561 1854 -43 96 -79
1534185199.3623004 627 548 590 672 574 670 -7730 2716 -290 971 14 329 -44 97 -79
1534185199.433792 627 548 590 672 574 670 -8088 2300 -166 175 182 -48 -46 94 -79
1534185199.496273 627 548 590 672 574 670 -7920 2462 -56 260 667 663 -47 96 -79
1534185199.558862 627 548 590 672 574 671 -7890 2634 -254 184 594 519 -47 94 -78
1534185199.6329536 627 548 590 672 574 670 -7972 2486 -244 97 -78 -144 -50 94 -80
1534185199.697822 627 548 590 672 574 671 -7962 2632 -182 706 327 582 -48 94 -79
1534185199.7696705 627 548 590 672 574 670 -8034 2498 -414 533 446 601 -49 96 -80
1534185199.832312 627 548 589 672 575 670 -9364 2412 368 250 -4027 2132 -47 92 -82
1534185199.911172 627 548 590 672 574 669 -6716 3190 -494 -1351 2878 1872 -47 92 -77
1534185199.9801116 627 548 590 672 574 669 -6320 2974 -314 -1234 4767 4300 -48 95 -78
1534185200.0426154 627 548 590 672 573 668 -7000 3372 -1960 774 5876 498 -49 90 -79
1534185200.1328094 626 547 589 671 572 668 -7202 2792 -984 -196 -188 93 -50 84 -82
1534185200.1838436 625 546 589 671 570 668 -7864 3306 -588 -173 -3224 298 -51 83 -83
1534185200.263923 625 546 589 671 570 667 -7700 3398 -450 350 916 -740 -51 84 -82
1534185200.330575 624 545 589 671 570 667 -7628 2802 -574 -2061 581 -1823 -53 84 -80
1534185200.399867 624 545 589 671 570 667 -7684 3358 -1604 406 1895 2421 -51 85 -79
1534185200.4623532 624 545 588 671 570 667 -7680 3442 -670 148 3119 863 -52 83 -80
1534185200.5404596 624 545 589 671 571 668 -8108 3484 -1348 -718 379 -1944 -54 81 -82
1534185200.618603 625 546 590 671 572 668 -9684 2470 66 1574 -3812 -548 -54 80 -79
1534185200.6831195 626 547 590 672 573 669 -7004 3978 -2598 -2181 1621 -2528 -54 84 -81
1534185200.7637496 626 547 589 672 573 669 -8236 2596 862 3382 -6247 -95 -52 84 -79
1534185200.8300467 626 547 590 672 574 670 -7756 3116 -1074 1602 742 -713 -51 88 -79
1534185200.906319 627 547 590 672 574 670 -7952 2558 -282 974 -2946 -3352 -51 90 -79
1534185200.9642599 627 548 590 672 574 670 -7792 2700 -306 343 -784 -397 -49 91 -79
1534185201.042332 627 548 590 672 574 670 -8014 2552 -298 492 -732 -224 -45 93 -79
1534185201.1048172 627 548 590 672 574 670 -7956 2560 -298 385 247 79 -48 92 -80
1534185201.1813035 627 548 590 672 574 671 -7860 2586 -90 139 271 268 -48 93 -80
1534185201.2465005 627 548 590 672 574 671 -8030 2542 -224 484 149 285 -49 93 -78
1534185201.3142357 627 548 590 672 574 670 -7988 2632 -196 86 -261 79 -48 94 -80
1534185201.3851535 627 548 590 672 574 670 -7846 2618 -102 820 634 128 -48 94 -80
1534185201.4476042 627 548 590 672 574 671 -7866 2600 -162 142 -81 -636 -48 93 -79
1534185201.5099466 627 548 590 672 574 670 -7880 2680 -304 674 460 518 -48 96 -79
1534185201.5880525 627 548 590 672 575 670 -8060 2432 -154 18 -165 -784 -49 93 -81
1534185201.6586049 627 548 590 672 575 670 -7864 2592 -126 520 283 328 -49 95 -80
1534185201.7148836 627 548 589 672 575 670 -7942 2486 -180 -121 1671 306 -49 94 -78
1534185201.7987416 627 548 590 672 575 670 -7972 2422 -228 -675 -279 -1213 -48 94 -80
1534185201.8677764 628 548 590 673 574 670 -7694 2386 2 -623 987 132 -47 93 -80
1534185201.9318352 627 548 590 672 575 669 -7966 2676 -330 -2032 2454 3655 -48 94 -80
1534185202.009939 626 548 590 672 574 669 -8178 3164 -328 -4304 6762 3772 -49 92 -79
1534185202.0724432 627 548 590 672 573 668 -7512 3172 -842 2422 1070 3501 -52 87 -79
1534185202.1532583 626 547 590 672 573 669 -7474 3334 -636 554 3417 1125 -52 85 -80
1534185202.214506 625 546 589 671 572 668 -7786 3372 -960 -82 1451 -36 -56 80 -79
1534185202.2834027 625 546 589 671 571 668 -7602 3240 -878 -819 -1241 -1695 -57 79 -81
1534185202.3635118 625 546 588 671 571 668 -7096 3412 -894 -166 1364 603 -55 82 -81
1534185202.4330008 624 545 588 671 570 668 -7542 3594 -1404 123 2920 445 -55 83 -81
1534185202.4954863 624 544 588 671 570 667 -7610 3592 -996 22 1858 1266 -54 78 -81
1534185202.5736427 624 545 588 671 570 667 -7418 3558 -1624 152 1314 462 -55 78 -81
1534185202.6484215 624 545 588 671 570 667 -7442 3912 -1642 1156 -2243 -438 -56 76 -79
1534185202.714862 624 545 589 671 572 668 -10200 1228 806 2816 -4874 -6290 -56 77 -81
1534185202.7827277 626 546 589 671 573 671 -3568 5904 -3114 882 6940 9929 -54 83 -81
1534185202.868259 626 547 589 672 573 670 -8298 2036 648 -3326 -10380 -10154 -55 83 -87
1534185202.947705 626 547 589 672 574 671 -7970 2482 -314 3215 2240 2749 -49 90 -80
1534185202.9945686 627 547 589 672 574 671 -7764 2958 -598 942 -916 515 -50 92 -80
1534185203.0726774 627 547 589 672 574 671 -7904 2774 -108 689 469 631 -52 91 -82
1534185203.1461737 627 547 589 672 574 671 -7754 2970 -424 634 -49 -518 -51 91 -82
1534185203.2135158 627 548 589 672 574 671 -7994 2630 -168 294 -332 -500 -50 90 -81
1534185203.284798 627 548 590 672 575 671 -7860 2796 -188 319 480 300 -50 93 -80
1534185203.345957 627 548 590 672 574 671 -7754 2744 -244 314 -306 -354 -49 92 -81
1534185203.4156811 627 548 590 672 575 671 -7868 2778 -196 354 674 245 -51 92 -81
1534185203.478338 627 548 590 672 575 670 -7876 2658 -336 136 258 -48 -49 92 -81
1534185203.556319 627 548 589 672 575 670 -7796 2816 -238 342 458 513 -49 93 -83
1534185203.636093 627 548 589 672 575 670 -7906 2826 -266 523 164 424 -49 89 -82
1534185203.6831646 627 548 590 672 575 671 -7852 2804 -286 431 949 212 -49 90 -78
1534185203.7695365 627 548 589 672 575 671 -5248 4688 -1370 -889 -2603 -4576 -51 89 -85
1534185203.8302197 627 548 590 672 575 670 -7352 2592 -482 300 357 2830 -51 91 -83
1534185203.910329 626 548 589 672 575 669 -7248 3238 -180 -311 1336 4379 -53 89 -79
1534185203.964293 626 547 590 672 574 669 -8138 3242 -186 -35 5092 956 -52 85 -80
1534185204.0424864 626 547 589 672 573 669 -7656 3254 -940 -60 4828 -19 -52 81 -84
1534185204.1049354 626 547 589 672 573 668 -7666 3410 -1738 812 -291 2078 -53 79 -84
1534185204.1827862 626 546 589 671 572 668 -7158 3586 -1316 178 -1895 499 -53 79 -83
1534185204.2642095 625 546 589 671 573 667 -7308 3398 -836 -105 -1140 -1588 -53 80 -82
1534185204.329569 626 546 589 671 573 668 -7442 3590 -1508 -202 540 574 -53 79 -82
1534185204.406151 625 546 589 671 572 668 -7424 3336 -326 -680 2682 -1251 -52 80 -82
1534185204.4643145 626 546 588 671 573 667 -7584 3130 -1510 -375 1782 -507 -53 79 -84
1534185204.5424616 625 545 588 671 572 667 -7686 3638 -1726 -1164 -1681 -1671 -52 80 -83
1534185204.626689 625 546 588 671 573 667 -8714 2336 -814 844 -2892 -3782 -51 83 -81
1534185204.6985903 626 547 589 672 574 670 -1356 2512 -2290 5161 -3594 -387 -51 86 -83
1534185204.773511 627 547 590 672 574 671 -7244 3186 -96 -2055 -7420 -7747 -51 87 -80
1534185204.830199 626 547 589 672 574 670 -8240 1786 476 2281 910 1130 -48 95 -78
1534185204.9128716 627 547 589 672 574 670 -7776 2958 -1102 755 368 1232 -49 92 -80
1534185204.9799058 627 548 589 672 574 671 -8006 2588 70 632 -140 769 -51 96 -79
1534185205.057806 627 547 589 672 575 671 -7660 3056 -452 895 269 1131 -50 91 -79
1534185205.1046703 626 548 590 672 574 671 -7828 2844 -232 507 -510 -490 -52 90 -80
1534185205.183772 627 548 589 672 575 670 -7898 2840 -372 366 473 -106 -51 91 -81
1534185205.2524116 627 548 589 672 575 671 -7880 2904 -328 73 435 348 -49 90 -82
1534185205.3148725 627 548 589 672 575 671 -7790 2902 -372 304 467 627 -52 91 -81
1534185205.3906941 627 548 589 672 575 670 -7860 2890 -328 262 153 288 -52 91 -80
1534185205.4481957 627 548 589 672 575 671 -7818 2930 -520 292 610 -97 -52 89 -82
1534185205.5261056 627 548 589 672 575 671 -7920 2910 -348 259 315 439 -52 89 -80
1534185205.5885906 627 548 589 672 575 671 -7780 2938 -486 361 331 96 -51 92 -84
1534185205.663057 627 548 589 672 575 670 -7850 2946 -438 206 503 264 -48 90 -83
1534185205.729948 627 548 589 672 575 670 -7736 2990 -540 525 522 754 -51 89 -82
1534185205.798048 627 548 589 672 575 670 -7842 2904 -508 56 600 162 -52 89 -83
1534185205.8643699 627 548 589 672 575 671 -7178 2846 -570 -92 566 -151 -54 90 -83
1534185205.9312797 627 548 590 672 575 670 -8666 2636 -630 -1049 -2240 2308 -53 88 -81
1534185206.0093057 627 548 590 672 575 669 -7812 3556 -314 -1036 759 3999 -55 88 -81
1534185206.0719419 627 547 589 672 574 668 -7454 3372 -310 -1882 7045 1888 -55 82 -80
1534185206.1544523 626 547 589 672 573 668 -7944 3266 -1578 925 2975 2144 -54 80 -81
1534185206.2146995 625 546 589 671 572 668 -7592 3832 -962 45 2237 4351 -56 75 -86
1534185206.282847 625 546 589 671 572 668 -7242 4002 -1318 1147 -1424 1209 -57 74 -84
1534185206.3692696 624 546 589 671 572 667 -7108 4146 -320 -542 1800 -530 -58 75 -82
1534185206.4466968 624 545 589 671 571 668 -7332 3814 -1866 -456 2092 -944 -57 74 -81
1534185206.509182 625 545 589 671 571 666 -7358 3802 -1190 -554 694 -741 -57 74 -84
1534185206.5717657 624 545 589 671 571 667 -7668 3700 -1194 -23 440 443 -57 73 -82
1534185206.655909 624 545 588 672 572 667 -7536 4206 -1766 -211 -2458 -1058 -57 74 -81
1534185206.7152388 625 546 589 671 573 667 -10056 2964 464 4454 -4826 -404 -58 80 -82
1534185206.8000286 626 547 589 672 574 670 -4726 5242 -2544 -527 5281 2434 -57 84 -85
1534185206.8737183 626 547 589 672 574 670 -8224 2564 650 -2151 -8997 -7054 -53 90 -80
1534185206.9325616 626 547 589 672 575 671 -8250 2326 284 1500 3091 3270 -52 93 -79
1534185207.0109167 627 547 590 672 575 670 -7468 3402 -578 988 395 1078 -53 90 -79
1534185207.0733898 627 548 589 672 575 671 -7934 2848 -132 402 394 931 -55 90 -80
1534185207.1593437 627 548 589 672 575 671 -7618 3230 -288 1203 1055 1772 -55 87 -82
1534185207.214622 627 548 589 672 575 671 -7420 3356 -440 428 33 -116 -55 88 -80
1534185207.2877793 627 548 589 672 575 671 -7760 3224 -284 98 340 100 -55 86 -81
1534185207.3467236 627 548 589 672 575 671 -7626 3300 -458 415 79 376 -57 87 -82
1534185207.4166608 627 548 589 672 575 671 -7760 3204 -350 164 26 118 -57 86 -83
1534185207.4791458 627 548 589 672 575 670 -7622 3396 -518 269 271 474 -56 87 -81
1534185207.5572538 627 548 589 672 575 671 -7760 3186 -230 241 -82 -175 -55 86 -82
1534185207.6259487 627 548 589 672 575 671 -7568 3370 -386 223 69 -77 -55 87 -81
1534185207.682874 627 548 589 672 575 671 -7766 3230 -306 410 165 197 -57 88 -83
1534185207.7632456 627 548 589 672 575 671 -7654 3362 -522 357 106 -323 -54 86 -82
1534185207.8296342 627 548 589 672 575 671 -7760 3216 -314 464 525 -7 -54 91 -82
1534185207.892119 628 548 589 672 575 670 -7740 3292 -432 481 21 572 -55 86 -80
1534185207.9547887 628 548 589 672 575 671 -7696 3264 -440 154 570 91 -55 87 -83
1534185208.032713 627 548 589 672 575 670 -7704 3612 -582 -1096 515 25 -54 86 -82
1534185208.095197 627 548 589 672 575 671 -8360 3470 -230 6 1037 2637 -56 86 -80
1534185208.1650755 627 548 589 672 575 670 -7192 3426 -500 -97 -193 -133 -54 83 -79
1534185208.2401042 627 548 589 672 575 669 -7294 3202 -318 354 -14 1865 -56 84 -79
1534185208.2991362 627 548 589 672 575 669 -7820 3868 -348 -1408 3441 2051 -58 81 -80
1534185208.3854556 626 547 589 671 574 668 -7406 3684 -962 2697 1600 -1641 -57 80 -79
1534185208.4479518 626 547 589 671 573 668 -8084 3538 -1164 708 1884 -68 -58 78 -84
1534185208.5258877 625 546 589 671 572 668 -7116 3866 -1400 -471 2150 -504 -56 78 -83
1534185208.5883746 625 546 589 671 571 667 -8094 3224 -1118 -2101 3321 -3450 -55 77 -80
1534185208.6665936 624 545 588 671 572 667 -7588 3034 -1320 897 -4111 2954 -55 77 -83
1534185208.7413166 624 545 589 671 572 667 -7350 4194 -696 377 1077 56 -55 77 -81
1534185208.8171117 625 545 588 671 573 667 -8364 3206 -1348 -2707 -5551 -2648 -57 81 -80
1534185208.8914165 626 547 589 672 574 669 -11750 2726 882 5160 3040 -10113 -56 83 -84
1534185208.9648063 627 547 588 672 574 671 -5090 5800 -4654 -4462 -1770 -518 -54 81 -88
1534185209.027244 627 547 589 672 575 671 -9188 1776 1068 230 -6115 -8233 -51 94 -81
1534185209.105219 627 547 589 672 575 671 -7718 1984 -818 -44 3266 5465 -49 93 -80
1534185209.18173 628 548 589 672 575 671 -7594 2658 -340 1276 -1026 -1257 -51 94 -82
1534185209.256456 628 548 589 672 575 672 -8112 2744 -770 -194 1137 287 -51 90 -81
1534185209.31505 628 548 589 672 575 672 -7812 2584 -380 906 -796 -74 -48 94 -80
1534185209.3909018 628 548 588 672 575 671 -7966 2426 -756 622 1592 -392 -49 92 -81
1534185209.4473639 628 548 589 672 575 671 -7776 2720 -496 592 -922 -365 -47 91 -81
1534185209.5256827 628 548 589 672 575 671 -8228 2268 -382 233 181 453 -49 92 -83
1534185209.587955 628 548 589 672 575 671 -7862 2772 -854 -391 1104 952 -49 93 -82
1534185209.6663055 628 548 589 672 575 671 -8040 2456 -388 356 551 29 -48 92 -83
1534185209.7302735 628 548 589 672 575 671 -7910 2590 -704 -449 760 1617 -50 91 -80
1534185209.7998438 627 548 589 672 575 671 -7928 2634 -570 817 710 -595 -51 91 -83
1534185209.8752298 628 548 589 671 575 671 -8032 2534 -872 371 395 -530 -49 90 -84
1534185209.9474938 628 548 589 672 575 671 -7890 2616 -458 771 791 237 -52 89 -82
1534185210.00998 628 548 588 672 575 671 -7742 2670 -934 450 -298 138 -50 90 -83
1534185210.0724676 628 548 588 672 575 671 -7880 2562 -654 359 363 407 -51 90 -85
1534185210.1485195 628 548 588 672 575 671 -7874 2566 -920 437 115 750 -51 89 -85
1534185210.2138028 628 548 589 672 575 671 -8180 2902 -494 -341 189 -1378 -49 90 -82
1534185210.2831092 627 548 589 672 575 671 -7466 1770 -1062 845 -5712 6009 -49 89 -82
1534185210.3612156 627 548 589 672 575 669 -7512 2968 -38 -293 5106 1296 -53 88 -83
1534185210.4312446 627 548 589 672 575 668 -6906 3124 -1350 -798 3140 1904 -55 84 -82
1534185210.4937267 626 547 589 671 573 668 -8592 3374 -638 -1005 6353 2727 -53 81 -82
1534185210.5718353 625 546 589 671 572 667 -7206 3668 -2310 2099 1641 2160 -55 74 -84
1534185210.6556165 625 546 588 671 572 668 -7356 3968 -1718 -628 -1544 -1336 -56 72 -83
1534185210.7129364 625 545 589 671 572 667 -7354 3624 -1520 -548 2688 -673 -54 75 -84
1534185210.7831788 625 545 588 671 572 667 -7314 3246 -1604 -586 1027 748 -55 72 -84
1534185210.867403 624 545 589 671 572 667 -7078 3744 -1714 366 133 2994 -56 72 -84
1534185210.9322383 625 546 588 671 572 668 -6974 4334 -2342 154 -3190 -2832 -57 71 -85
1534185211.010343 625 546 589 671 573 668 -10020 2100 236 -1080 -3767 -3599 -54 80 -84
1534185211.0729718 626 547 589 672 574 670 -4228 6274 -2594 -66 555 2052 -56 78 -85
1534185211.1586366 627 547 589 672 574 671 -8054 2036 248 -1355 -14366 -9355 -54 90 -79
1534185211.2150242 627 547 589 672 575 670 -8260 1964 24 2213 1561 -1730 -49 97 -76
1534185211.29837 627 548 589 672 574 670 -7632 2574 -524 52 -1763 -789 -49 94 -80
1534185211.3700066 627 548 589 672 575 671 -8260 2182 -344 422 -484 -544 -49 99 -76
1534185211.4311385 627 548 589 672 575 670 -7788 2630 -136 329 337 1221 -47 97 -78
1534185211.5092456 627 548 589 671 575 670 -8066 2108 -82 96 -1521 -1615 -49 95 -75
1534185211.5719335 627 548 589 672 575 669 -8034 2600 142 319 142 985 -50 97 -76
1534185211.6453748 627 548 589 671 575 671 -7860 2312 -118 212 400 -576 -51 96 -76
1534185211.699083 627 548 590 672 575 670 -7984 2208 -8 385 -30 647 -49 97 -75
1534185211.777265 627 548 589 672 575 670 -7904 2442 -130 25 -6 290 -48 95 -76
1534185211.8305502 627 548 589 672 575 670 -8060 2386 2 200 -482 30 -51 95 -78
1534185211.908358 627 548 589 672 575 670 -7950 2442 76 456 38 -274 -51 95 -77
1534185211.963544 627 548 589 672 575 669 -8088 2416 92 475 -410 111 -51 96 -76
1534185212.0416095 627 548 589 672 575 670 -8098 2488 -174 195 -294 -403 -49 96 -77
1534185212.1040964 627 548 589 672 575 670 -8096 2338 144 7 736 220 -47 96 -76
1534185212.177831 627 548 589 672 575 670 -7970 2536 -130 153 516 774 -49 97 -76
1534185212.246075 627 548 589 672 575 670 -7958 2408 218 490 -161 -458 -49 95 -75
1534185212.3154373 627 548 589 672 575 670 -8160 2324 -72 289 782 -337 -48 95 -75
1534185212.382483 627 548 589 672 575 671 -8052 2484 -16 284 80 1008 -50 93 -76
1534185212.448057 627 548 590 672 575 670 -7920 2434 -106 238 376 281 -48 95 -77
1534185212.5103831 627 548 589 672 575 671 -7250 1938 176 -783 321 2118 -51 96 -75
1534185212.5884876 627 548 589 672 575 669 -8752 2384 460 1804 -881 3753 -54 93 -75
1534185212.6613412 627 547 589 671 575 668 -7846 3542 294 -1976 7906 4471 -52 89 -76
1534185212.7302544 626 547 589 671 574 668 -7708 3274 -1154 -1814 8023 1497 -54 85 -77
1534185212.799843 626 546 589 671 573 669 -7774 3116 -1464 3342 -2810 1890 -55 84 -82
1534185212.8813167 626 546 589 671 573 668 -7258 3702 -322 -293 -1704 -1165 -56 81 -77
1534185212.9475782 625 546 589 671 573 668 -7544 3124 -618 56 1795 -1134 -55 84 -78
1534185213.0114002 625 546 589 671 572 667 -7936 3112 -976 -908 2840 1443 -54 83 -79
1534185213.079497 625 546 588 671 572 667 -7752 3204 -1168 -88 -148 -803 -54 82 -79
1534185213.164534 625 545 589 671 572 667 -7632 3238 -700 476 -973 -532 -54 81 -78
1534185213.2303903 625 545 589 671 573 667 -7602 3634 -2084 -2043 -2109 439 -55 81 -78
1534185213.3002422 626 546 589 671 574 668 -11030 2344 376 2665 -1492 -743 -53 83 -76
1534185213.3851225 626 547 589 672 575 670 -7142 4322 -1776 -3468 -4659 -3707 -53 90 -77
1534185213.4636316 626 547 589 671 575 669 -8210 1374 1650 2320 -4061 -4388 -49 98 -69
1534185213.526113 627 547 589 671 575 669 -7952 2596 -484 1258 1802 2033 -48 97 -74
1534185213.5887878 627 547 589 672 575 671 -8072 2424 422 831 -557 -711 -48 97 -73
1534185213.6497633 627 547 589 672 575 670 -7894 2626 228 924 871 72 -49 95 -72
1534185213.7322783 627 548 589 672 575 670 -8322 2390 -248 -147 207 -209 -48 95 -73
1534185213.799474 627 548 589 671 575 669 -7858 2536 188 403 615 -236 -49 97 -75
1534185213.8619573 627 548 589 671 575 670 -8114 2100 174 435 2377 -1172 -46 96 -76
1534185213.9426925 627 548 589 671 575 670 -8050 2424 -148 -241 -66 808 -49 94 -73
1534185214.0094 627 548 589 671 575 670 -7820 2446 406 -61 420 -39 -50 95 -75
1534185214.0762205 627 548 589 671 575 669 -8084 2308 -96 495 802 280 -48 94 -76
1534185214.154013 627 548 589 672 575 669 -8054 2282 -186 207 1364 1028 -49 97 -76
1534185214.2357948 627 548 589 671 575 669 -7960 2646 -252 -374 435 836 -49 94 -76
1534185214.3026154 627 548 589 672 575 670 -7980 2548 34 256 875 1396 -50 93 -77
1534185214.3514888 627 548 589 672 575 670 -7786 2754 -200 658 1143 828 -52 91 -75
1534185214.4213493 627 548 589 671 575 669 -7832 2804 -232 192 1436 858 -52 93 -79
1534185214.4816833 627 548 589 671 575 669 -7758 2796 -394 499 784 1250 -53 89 -76
1534185214.5440786 627 548 589 672 575 670 -7778 2850 -314 429 557 499 -52 91 -79
1534185214.628644 627 548 589 672 575 669 -7824 2872 -494 -222 1109 992 -52 89 -82
1534185214.6955018 627 548 590 672 575 670 -7766 2914 -502 30 557 597 -54 89 -81
1534185214.7632852 627 548 589 671 575 669 -7836 3022 -526 101 682 373 -54 86 -80
1534185214.8430724 627 548 589 672 575 670 -7770 3014 -546 234 697 500 -55 90 -80
1534185214.9188714 627 548 589 672 575 670 -7812 3046 -548 359 72 -219 -55 85 -79
1534185214.9877112 627 548 589 672 575 670 -7710 3040 -554 374 74 -195 -54 87 -80
1534185215.0375547 628 548 589 672 575 669 -7844 2910 -594 294 -146 -422 -54 88 -80
1534185215.1083648 627 548 589 671 575 669 -7666 3048 -534 112 -175 -203 -55 89 -82
1534185215.1741877 627 548 589 672 575 669 -7774 2900 -352 317 21 80 -53 90 -78
1534185215.2420058 627 548 589 671 575 670 -7784 3000 -572 679 502 351 -55 86 -82
1534185215.3108225 627 548 589 672 575 670 -7722 3012 -600 477 631 538 -56 89 -82
1534185215.3786402 627 548 589 672 575 669 -7746 3006 -638 375 498 179 -53 89 -82
