1533769660.9227705 682 663 672 682 703 693 -2622 -6880 3604 -394 127 697 83 57 -19
1533769660.979009 682 662 672 681 704 693 -2728 -6990 3316 -510 183 -129 85 58 -16
1533769661.052182 682 662 672 682 703 692 -2742 -6898 3312 -31 204 218 85 58 -19
1533769661.1308875 682 663 673 681 703 692 -2574 -6908 3414 194 264 -181 82 60 -19
1533769661.1957805 682 663 672 681 703 692 -2638 -6982 3492 62 281 -81 82 59 -18
1533769661.2584946 682 663 672 681 703 692 -2718 -6960 3296 488 256 19 83 59 -18
1533769661.3337524 682 663 672 681 703 692 -2866 -6894 3650 434 208 -329 82 57 -18
1533769661.4042654 681 662 672 682 703 692 -2596 -6886 3316 -231 275 -134 84 59 -17
1533769661.4624827 682 662 672 681 704 692 -2564 -6926 3236 -451 255 -5 83 60 -16
1533769661.5405884 681 663 672 680 703 691 -2816 -6884 3618 1986 94 1208 83 59 -18
1533769661.637407 680 662 672 679 703 690 -2846 -6848 3516 239 230 413 82 60 -18
1533769661.7257931 680 662 672 679 703 690 -2596 -6738 3244 486 95 1114 83 60 -16
1533769661.788277 680 662 672 679 703 689 -2856 -6762 3346 222 419 877 84 62 -17
1533769661.8196192 679 662 672 679 703 689 -3174 -6794 3656 482 477 1836 82 61 -18
1533769661.884452 679 662 672 679 703 689 -3246 -6572 3504 1091 -67 3134 85 63 -16
1533769661.9514813 679 662 672 679 703 689 -3374 -6624 3634 648 76 459 84 67 -14
1533769662.0202982 679 662 672 679 703 690 -3124 -6372 3686 543 995 2184 84 68 -14
1533769662.0898364 679 662 672 679 703 690 -3624 -6670 3444 945 697 2843 84 68 -17
1533769662.1599898 680 662 672 680 703 690 -3594 -6352 3638 -670 537 -758 83 68 -15
1533769662.2307 681 663 672 681 703 693 -3610 -6714 3530 -1334 658 189 84 71 -15
1533769662.3131726 678 661 671 678 702 687 -3482 -6526 3514 -1088 323 71 86 70 -16
1533769662.360945 679 662 672 679 702 689 -3556 -6808 3592 -2943 769 576 87 73 -16
1533769662.431007 677 661 671 677 702 687 -3432 -6878 3272 -3341 1034 2557 89 72 -18
1533769662.509115 677 661 672 678 702 687 -3658 -6968 2856 -2165 1009 393 92 76 -19
1533769662.5839257 679 662 671 678 702 688 -3508 -6642 2354 -949 945 2084 93 74 -22
1533769662.648872 679 662 672 679 703 689 -3846 -6274 2716 -952 -499 2165 97 79 -24
1533769662.7113693 680 662 672 680 702 690 -4362 -6594 2472 310 -660 1095 100 80 -24
1533769662.789465 679 662 672 679 703 689 -4422 -6776 2878 -333 1105 -1689 102 82 -26
1533769662.8714604 679 662 672 679 703 689 -4252 -6764 2662 -645 460 -1193 103 84 -24
1533769662.9300957 679 662 672 679 703 688 -3940 -6502 2430 180 390 299 103 84 -23
1533769663.0401309 679 662 672 679 702 689 -4188 -6648 2320 -705 740 -763 103 82 -25
1533769663.0818186 680 662 672 679 702 689 -4316 -6694 2430 526 -138 496 102 86 -24
1533769663.1503499 680 662 672 679 702 689 -4022 -6444 2152 135 342 650 105 85 -26
1533769663.2128692 680 661 672 679 703 689 -4164 -6600 2484 -419 906 2221 104 86 -27
1533769663.2909393 679 662 672 679 702 689 -4476 -6554 2290 117 684 2720 105 88 -25
1533769663.3629105 678 662 672 679 702 689 -4658 -6592 2142 -243 156 369 105 90 -25
1533769663.4315102 679 662 672 679 703 689 -4606 -6426 2196 279 118 -87 103 89 -27
1533769663.4940517 680 662 672 680 703 690 -4354 -6388 2260 834 -359 -505 105 90 -26
1533769663.5735464 679 662 672 680 703 689 -4660 -6438 2312 429 -237 308 106 90 -25
1533769663.643758 680 662 672 680 703 690 -4910 -6556 2388 166 779 1045 102 91 -25
1533769663.7416797 680 662 672 680 703 690 -4692 -6400 2342 410 463 57 106 92 -25
1533769663.7729237 680 662 672 680 703 690 -4588 -6382 2314 -303 386 -483 102 93 -26
1533769663.8512564 680 662 672 680 703 690 -4778 -6418 2366 -25 452 238 103 92 -23
1533769663.9142516 679 662 672 680 703 690 -4624 -6338 2328 731 61 89 102 92 -25
1533769663.9767396 680 662 672 681 703 690 -4494 -6362 2342 485 -152 -133 102 93 -24
1533769664.0583131 680 662 672 681 703 690 -4526 -6292 2276 373 -69 -236 104 93 -24
1533769664.1289 680 662 672 680 703 690 -4712 -6334 2184 142 -5 -640 103 91 -25
1533769664.197412 680 662 672 681 703 690 -4796 -6394 2378 243 285 -339 103 91 -24
1533769664.259643 680 662 672 681 703 690 -4432 -6460 2484 90 317 482 104 92 -24
1533769664.3221278 680 662 672 681 703 690 -4540 -6384 2306 520 -29 -25 104 91 -23
1533769664.4153235 680 662 672 681 702 690 -4608 -6316 2274 665 -211 -390 103 90 -25
1533769664.4622903 680 662 672 681 703 690 -4590 -6310 2284 601 -40 -18 105 92 -26
1533769664.5405192 681 662 672 681 703 691 -4554 -6392 2332 7 177 -71 103 91 -24
1533769664.6136107 681 662 672 681 703 690 -4884 -6438 2502 263 567 412 102 91 -24
1533769664.679875 681 662 672 681 703 691 -4636 -6476 2480 452 172 288 103 92 -25
1533769664.7422998 681 662 672 681 703 691 -4544 -6372 2552 339 33 69 103 93 -23
1533769664.8120868 681 662 672 681 703 691 -4606 -6240 2236 381 -23 -491 105 91 -22
1533769664.888683 680 662 672 681 703 691 -4414 -6248 2454 371 -70 409 104 90 -22
1533769664.9464133 681 662 672 681 703 691 -4660 -6334 2406 318 55 309 104 94 -23
1533769665.0258472 681 662 672 681 703 691 -4720 -6386 2584 489 57 486 103 92 -24
1533769665.1112306 681 663 672 681 703 692 -4748 -6362 2624 616 168 39 104 90 -23
1533769665.1627107 681 663 672 681 703 691 -4450 -6330 2468 124 299 -279 102 92 -23
1533769665.2251935 682 663 672 682 703 692 -4554 -6304 2442 722 36 283 103 93 -21
1533769665.3000164 681 663 672 682 703 692 -4656 -6240 2666 85 66 -208 103 91 -21
1533769665.3606613 681 663 672 682 703 691 -4770 -6338 2530 -42 215 -251 101 91 -23
1533769665.4387677 681 662 672 682 703 691 -4606 -6394 2486 -154 333 -329 100 92 -22
1533769665.501251 681 663 672 682 703 692 -4612 -6292 2534 238 278 286 103 92 -23
1533769665.5637376 681 662 672 682 703 692 -4552 -6314 2530 255 158 2 103 93 -23
1533769665.6475177 682 663 673 682 703 692 -4616 -6236 2468 231 -125 -32 102 90 -20
1533769665.7104352 681 663 673 682 703 692 -4644 -6326 2468 -123 88 -392 104 93 -22
1533769665.7885044 681 662 672 682 703 692 -4600 -6392 2488 -256 154 -112 102 92 -22
1533769665.8572032 681 663 672 681 703 692 -4648 -6336 2488 -48 406 314 102 90 -22
1533769665.914436 682 663 672 681 703 692 -4738 -6272 2522 122 302 356 102 91 -23
1533769665.9925437 681 663 672 682 703 692 -4518 -6304 2602 84 101 222 101 92 -23
1533769666.057766 681 663 672 682 703 692 -4494 -6346 2392 341 -107 -343 100 92 -24
1533769666.136569 681 663 673 681 703 691 -4808 -6332 2428 437 -30 -273 101 93 -24
1533769666.1970057 681 663 672 682 703 692 -4636 -6260 2394 245 160 -151 102 92 -24
1533769666.259479 681 663 672 682 703 692 -4550 -6354 2352 -35 145 0 102 90 -23
1533769666.3375957 681 663 673 682 703 692 -4696 -6400 2494 406 196 151 101 92 -21
1533769666.397778 681 663 672 682 703 692 -4550 -6222 2590 123 31 -229 103 92 -20
1533769666.4915085 682 663 672 682 704 692 -4456 -6256 2460 343 -16 107 103 92 -21
1533769666.5385063 682 663 672 682 704 692 -4542 -6398 2450 200 55 -224 103 93 -23
1533769666.6195326 682 663 673 682 703 692 -4694 -6374 2528 312 -114 90 103 90 -22
1533769666.6810737 682 663 672 682 703 692 -4492 -6336 2532 249 -295 -87 101 91 -22
1533769666.743559 682 663 673 682 703 692 -4510 -6252 2476 31 -72 -61 103 92 -20
1533769666.8216996 682 663 673 682 704 693 -4830 -6118 2528 -669 778 1708 101 91 -23
1533769666.8993723 683 664 673 682 704 693 -4630 -6286 2562 -12 -154 515 102 89 -22
1533769666.9622731 684 664 673 683 705 694 -4850 -6302 2330 -712 444 1277 103 92 -21
1533769667.0384693 684 666 673 684 706 695 -4540 -6272 2382 -1052 1572 -976 103 90 -23
1533769667.1149213 659 668 674 683 708 694 -4788 -6194 2158 -581 1800 211 104 91 -25
1533769667.2106698 675 669 673 681 708 691 -4482 -6002 2312 -364 315 1949 105 94 -23
1533769667.2575562 679 671 673 681 710 690 -4852 -6114 2148 -378 379 1189 104 95 -25
1533769667.320089 672 675 674 683 714 692 -5238 -6302 2132 -336 2062 335 105 96 -24
1533769667.3975458 683 680 675 687 718 698 -5002 -6184 2162 -38 230 915 106 99 -26
1533769667.4614544 694 684 676 690 722 701 -5388 -5984 1962 -2 -87 1928 106 99 -26
1533769667.5395463 685 678 674 685 716 694 -5616 -6206 2116 355 -785 -1534 106 102 -25
1533769667.6127493 690 679 674 686 717 698 -4884 -6342 1968 607 -624 -422 105 100 -26
1533769667.6778839 692 682 675 688 718 698 -5042 -6596 2144 1458 -721 -745 106 98 -27
1533769667.7562468 687 679 674 683 716 691 -4970 -6438 2518 1767 -1309 -603 105 96 -25
1533769667.8184748 670 673 672 672 711 677 -5002 -5874 2478 -1330 458 -3646 105 95 -25
1533769667.9137895 667 670 671 666 709 669 -4748 -6348 1744 -1211 932 -337 102 95 -25
1533769667.9606535 656 665 669 655 705 655 -4970 -6424 1488 436 474 77 105 95 -24
1533769668.0406563 651 663 668 650 704 649 -4742 -6456 2176 863 -243 30 104 93 -26
1533769668.1077998 646 660 667 645 702 642 -4744 -6314 2356 693 -1 34 106 94 -27
1533769668.1649857 646 660 668 645 701 643 -4906 -6380 2262 10 406 -483 104 93 -26
1533769668.2351878 658 664 669 655 704 658 -4830 -6280 2042 254 202 195 104 95 -26
1533769668.3132958 661 665 670 659 704 661 -4884 -6358 2098 360 194 158 103 95 -25
1533769668.3841052 658 663 669 657 704 659 -4796 -6370 2278 395 45 -235 105 96 -23
1533769668.4464831 654 662 669 654 703 652 -4630 -6180 2304 1066 -142 -486 104 92 -25
1533769668.5247395 659 663 670 658 704 661 -4778 -6238 2362 537 -24 32 104 94 -25
1533769668.6076987 657 663 669 656 703 658 -4808 -6328 2254 286 -53 -8 104 93 -24
1533769668.6479003 662 664 670 661 705 665 -4810 -6226 2394 460 -72 -66 102 93 -25
1533769668.7260067 662 664 670 661 705 663 -4884 -6266 2244 66 252 -110 105 95 -22
1533769668.7884958 663 664 670 661 705 664 -4702 -6252 2264 188 350 504 102 91 -23
1533769668.8689728 664 664 670 663 706 665 -4736 -6218 2430 317 136 -56 102 93 -24
1533769668.930528 667 665 670 664 707 666 -4748 -6218 2346 502 -43 -391 103 94 -24
1533769669.010207 667 665 671 665 707 667 -4914 -6226 2318 259 119 -405 103 93 -24
1533769669.078846 668 665 670 666 707 667 -4938 -6314 2390 241 361 -86 104 93 -24
1533769669.1466649 668 666 671 666 708 668 -4656 -6308 2386 94 617 -84 102 94 -24
1533769669.2104654 670 666 671 667 708 669 -4664 -6244 2324 -204 266 -9 103 93 -23
1533769669.304335 672 666 671 668 709 671 -4876 -6282 2358 -132 623 -266 103 93 -25
1533769669.3575904 675 668 671 671 710 674 -4908 -6478 2286 -227 529 229 104 92 -22
1533769669.4145 677 669 672 672 712 675 -4536 -6324 2036 92 47 1254 103 95 -24
1533769669.4926178 678 672 672 675 713 679 -4956 -6070 2138 -351 204 1195 105 94 -24
1533769669.5550938 679 673 672 676 714 680 -5062 -6130 2276 -18 341 552 103 96 -22
1533769669.6368983 689 677 674 683 717 690 -4238 -6176 2158 361 240 -402 104 97 -23
1533769669.6950643 686 680 674 687 719 694 -5078 -6250 2282 1059 -27 2093 104 95 -25
1533769669.7731702 670 679 673 680 717 688 -5364 -6128 2140 -152 1136 651 103 98 -24
1533769669.8512788 674 679 673 678 717 686 -5070 -6196 2162 -538 1484 -1180 103 97 -25
1533769669.9153352 684 681 673 681 718 689 -4578 -6146 2206 203 588 380 103 99 -25
1533769669.9934375 688 682 673 683 719 692 -5368 -5990 1928 555 168 1636 105 100 -25
1533769670.05776 688 683 673 683 719 693 -5292 -6034 2076 630 32 145 105 101 -24
1533769670.13057 688 684 673 684 719 693 -5384 -6182 2218 290 529 46 102 101 -26
1533769670.1962316 687 684 673 685 719 693 -5148 -6142 2252 -256 529 249 103 103 -24
1533769670.2743337 671 684 673 685 719 693 -5282 -6164 2182 414 -223 -401 102 102 -22
1533769670.3369136 677 684 674 683 719 692 -4726 -5418 1076 1342 -2209 -4782 103 101 -23
1533769670.4150748 671 679 672 676 716 679 -4510 -5896 2294 81 736 320 104 99 -25
1533769670.4775603 664 675 670 665 713 660 -4674 -5862 2076 -437 -217 994 103 97 -23
1533769670.555898 663 673 670 662 712 662 -4936 -6290 1950 140 -538 -124 103 97 -26
1533769670.6305587 661 672 669 660 711 659 -5288 -6326 1914 -299 184 350 104 98 -26
1533769670.6954298 664 674 670 666 711 666 -4866 -6220 1996 138 240 -235 102 99 -27
1533769670.758143 667 673 670 664 711 666 -4908 -6232 2036 -72 329 -653 103 97 -26
1533769670.836022 670 674 670 668 712 668 -4870 -6202 2116 662 126 -268 103 98 -26
1533769670.8982518 670 673 670 667 711 667 -4988 -6208 2028 120 -59 -289 103 97 -26
1533769670.9763584 667 672 670 664 710 663 -4990 -6318 1912 463 -151 213 103 97 -25
1533769671.03776 666 671 670 663 710 661 -4846 -6230 2234 159 317 -179 105 97 -26
1533769671.1202927 664 670 669 660 709 657 -4904 -6256 2190 222 269 129 102 96 -24
1533769671.1809394 666 670 670 661 709 660 -4780 -6258 2174 77 -28 -182 103 96 -25
1533769671.2523334 667 671 670 663 710 661 -4762 -6292 1838 262 -54 -414 103 96 -25
1533769671.314775 667 670 670 662 709 661 -4908 -6332 2034 484 -159 88 103 94 -26
1533769671.4139838 665 669 670 661 709 658 -5012 -6342 2192 207 141 63 102 96 -25
1533769671.46085 665 669 669 660 709 658 -4790 -6208 2160 165 254 -209 104 95 -25
1533769671.5233347 664 669 669 659 708 654 -4960 -6246 1968 253 361 -508 102 95 -26
1533769671.6063423 664 668 669 659 708 657 -4534 -6424 2092 329 150 108 104 95 -24
1533769671.66418 665 668 669 660 709 659 -5038 -6304 2264 579 17 155 101 92 -26
1533769671.742147 665 669 669 660 709 659 -4926 -6260 2140 163 159 -204 103 98 -25
1533769671.8046236 667 669 670 662 709 661 -4776 -6264 2144 186 82 -222 104 96 -25
1533769671.8844848 668 669 670 662 710 661 -4754 -6188 2218 389 -174 224 103 95 -24
1533769671.9447591 668 669 670 663 709 662 -4866 -6260 2078 320 -106 -493 101 94 -24
1533769672.0271497 667 669 670 662 710 661 -4898 -6318 2246 -60 213 -206 103 96 -23
1533769672.1127307 667 669 670 662 709 661 -4844 -6348 2132 95 334 25 103 97 -24
1533769672.1482303 667 668 670 662 709 661 -4792 -6262 2238 425 -51 215 103 93 -25
1533769672.2265818 667 668 670 662 709 661 -4818 -6166 2114 581 -373 -249 102 95 -25
1533769672.2888231 667 668 670 662 709 660 -4852 -6198 2158 374 103 -98 102 95 -25
1533769672.3715785 668 668 670 662 709 661 -4868 -6310 2274 431 254 -58 102 93 -24
1533769672.4288974 668 668 670 662 709 662 -4956 -6328 2302 275 436 -33 102 97 -23
1533769672.5070057 668 668 670 662 710 662 -4760 -6354 2266 110 297 -146 101 94 -24
1533769672.5697541 668 669 670 663 709 662 -4758 -6232 2302 386 225 -256 101 97 -23
1533769672.6473994 669 669 670 663 710 662 -4860 -6284 2288 738 6 278 103 93 -25
1533769672.7098854 669 668 671 663 710 662 -4638 -6222 2350 18 831 528 101 95 -21
1533769672.803612 671 670 670 664 711 664 -4868 -6278 2206 69 57 426 102 95 -24
1533769672.852281 677 673 671 670 713 670 -4858 -6344 2158 -267 950 -6 102 96 -23
1533769672.9139702 680 674 672 672 715 673 -4662 -6214 1928 -513 329 1170 101 97 -24
1533769672.992041 670 677 673 676 717 679 -4872 -6248 1958 -87 424 183 102 97 -25
1533769673.0530767 675 680 673 681 719 686 -4684 -6296 1744 -228 -75 317 103 98 -25
1533769673.1313703 674 683 674 685 722 690 -5148 -6188 2168 33 528 871 102 101 -25
1533769673.194735 670 683 673 682 720 689 -5174 -6128 1962 194 -339 1076 102 100 -24
1533769673.272912 673 684 673 679 720 687 -5392 -5992 2042 121 165 -34 104 99 -27
1533769673.344767 676 683 672 678 719 685 -5250 -6182 2034 340 -27 -305 102 102 -24
1533769673.4144018 678 684 673 679 719 686 -5144 -6064 2128 580 -263 657 103 102 -26
1533769673.4925084 668 684 673 680 720 688 -5680 -6316 2474 1382 -1214 210 103 98 -24
1533769673.554996 666 681 672 677 717 682 -4140 -5880 2162 -518 -135 -1650 103 101 -24
1533769673.6366656 656 675 670 662 711 663 -4808 -5792 1934 -1724 -802 1349 104 100 -24
1533769673.695428 655 673 669 658 710 659 -5272 -6286 1610 -357 207 -48 101 97 -27
1533769673.7736316 653 671 668 655 709 653 -5134 -6390 1782 379 -30 -137 103 98 -25
1533769673.844733 656 671 669 656 709 655 -5096 -6306 1962 307 3 -339 103 97 -27
1533769673.9123704 660 671 669 659 709 659 -4942 -6200 2106 207 53 -642 103 96 -25
1533769673.9750667 657 670 669 657 709 656 -4868 -6132 2030 193 223 194 103 96 -27
1533769674.0524101 655 669 668 655 708 652 -4790 -6210 1970 583 -227 88 102 97 -25
1533769674.1240568 655 669 668 654 708 653 -5008 -6248 2108 514 -114 -299 104 96 -27
1533769674.1950731 658 670 669 656 708 656 -4934 -6266 2066 576 -28 -194 101 96 -27
1533769674.2575579 656 669 668 654 708 653 -5090 -6258 2108 512 -53 -100 101 95 -26
1533769674.320044 661 670 669 659 709 659 -4952 -6274 2142 355 241 -175 102 97 -26
1533769674.398502 662 671 669 659 708 659 -4834 -6210 2214 275 318 -35 102 95 -27
1533769674.4609878 660 669 668 657 708 656 -4806 -6194 2076 642 -263 -95 102 97 -25
1533769674.5390947 660 670 669 658 708 657 -4988 -6286 2000 497 -96 -136 103 96 -24
1533769674.6131485 660 669 668 657 708 656 -4952 -6248 2198 521 145 134 103 95 -25
1533769674.679459 661 669 669 657 708 657 -4804 -6218 2116 685 316 150 101 95 -25
1533769674.741949 660 669 668 657 708 656 -4884 -6188 2304 678 -71 61 102 96 -24
1533769674.820052 662 669 669 658 708 657 -4920 -6132 2318 482 -194 -304 102 97 -23
1533769674.899033 662 669 669 658 708 658 -4906 -6176 2186 550 -23 238 103 94 -25
1533769674.9458976 661 669 668 658 708 658 -4950 -6238 2294 362 221 54 102 98 -22
1533769675.029251 665 669 669 660 710 658 -4932 -6244 2148 655 -124 178 101 95 -23
1533769675.0848253 665 669 669 660 710 657 -4924 -6126 2444 658 382 93 102 96 -23
1533769675.1644022 663 668 668 657 710 653 -4824 -6112 2608 631 -20 -227 103 95 -23
1533769675.22689 664 669 669 659 710 657 -4868 -6126 2580 292 65 -253 100 96 -22
1533769675.3050654 663 668 668 658 709 654 -4982 -6138 2344 408 -6 -368 103 94 -21
1533769675.3756268 664 668 668 658 709 655 -5094 -6242 2386 266 367 -165 104 94 -22
1533769675.430149 665 668 669 659 710 656 -4560 -6122 2516 81 528 177 101 95 -21
1533769675.508256 667 670 669 662 711 659 -4894 -6118 2350 -248 358 -1 101 96 -20
1533769675.5974224 672 672 670 665 713 663 -4722 -6124 2496 -441 547 502 101 96 -20
1533769675.6484525 676 675 671 668 715 668 -4578 -6156 2258 -854 643 -669 103 98 -21
1533769675.7185323 660 678 671 673 716 675 -4652 -5930 2422 -392 707 513 103 96 -22
1533769675.78092 662 680 672 676 718 679 -5296 -5980 2234 389 90 862 103 96 -24
1533769675.8648398 653 669 669 676 707 685 -5028 -6324 2128 467 -793 -2425 103 96 -24
1533769675.9294086 639 655 614 671 696 680 -5046 -6366 2312 -121 648 687 105 98 -21
1533769675.9917955 633 648 667 669 692 679 -4884 -6150 2330 407 -36 331 105 96 -22
1533769676.0702136 636 651 668 670 695 679 -6526 -6418 2404 1828 -423 -1758 105 96 -22
1533769676.1483893 634 655 667 655 698 656 -4554 -5870 2614 2306 -2551 -1328 103 98 -23
1533769676.2108757 650 661 668 664 704 667 -3660 -5854 2630 -1372 617 -923 101 93 -22
1533769676.2889826 663 667 670 673 709 676 -5036 -6140 2208 -1239 1441 731 101 92 -22
1533769676.368066 657 666 669 665 708 664 -5146 -6428 1970 -404 -326 696 104 94 -23
1533769676.429616 658 666 669 664 707 663 -4716 -6496 1990 278 -102 -421 102 90 -23
1533769676.5074763 657 666 668 661 707 659 -4868 -6478 2188 356 -63 -371 103 91 -24
1533769676.569962 653 665 668 658 706 654 -4696 -6202 2432 520 -25 -53 103 93 -24
1533769676.6488335 648 662 667 652 704 646 -4658 -6280 2328 329 -37 -483 103 91 -23
1533769676.7115743 654 664 668 659 706 655 -4656 -6316 2306 53 173 218 103 92 -22
1533769676.7739 656 665 668 658 707 655 -4838 -6328 2410 60 254 -76 103 91 -24
1533769676.853615 657 664 668 659 706 656 -4740 -6284 2200 364 -55 101 100 91 -27
1533769676.9124253 653 663 667 654 705 650 -4822 -6378 2234 343 24 -9 104 91 -23
1533769677.026082 658 665 668 660 706 659 -4790 -6282 2368 360 219 -81 103 91 -24
1533769677.0523636 657 664 668 659 706 656 -4716 -6312 2538 119 54 -124 101 89 -22
1533769677.1274621 657 665 668 658 706 656 -4794 -6214 2352 165 98 -129 101 92 -23
1533769677.1953578 660 665 668 660 706 657 -4752 -6414 2332 -17 11 -236 102 89 -24
1533769677.2519488 659 664 668 659 706 655 -4768 -6386 2374 49 431 -6 102 92 -24
1533769677.330325 660 664 668 660 706 656 -4590 -6226 2462 444 -54 -199 100 91 -23
1533769677.4024398 659 665 668 659 706 656 -4718 -6316 2274 335 102 62 101 90 -23
1533769677.4626205 660 664 668 659 707 656 -4740 -6404 2372 99 297 -211 104 90 -25
1533769677.5251062 660 665 668 660 706 657 -4674 -6284 2340 492 56 302 102 91 -23
1533769677.6078951 662 665 668 661 707 658 -4774 -6342 2426 376 23 167 103 92 -25
1533769677.6960435 662 665 668 662 707 659 -4778 -6252 2438 261 214 -258 103 90 -23
1533769677.7429602 663 665 669 663 707 660 -4574 -6304 2424 276 248 158 100 91 -23
1533769677.8056588 665 666 669 663 707 661 -4662 -6228 2512 192 297 -76 103 90 -22
1533769677.88538 665 666 669 664 708 661 -4706 -6312 2384 391 97 -111 103 93 -23
1533769677.9453301 665 666 669 663 708 660 -4664 -6328 2238 412 -57 -169 102 90 -22
1533769678.024449 665 666 669 663 708 660 -4678 -6352 2324 618 -39 433 102 91 -25
1533769678.0907419 665 666 669 663 708 660 -4776 -6332 2328 620 1 29 103 91 -25
1533769678.1506264 665 666 669 664 708 660 -4974 -6262 2500 583 220 -40 103 91 -24
1533769678.228726 666 666 669 663 708 661 -4664 -6372 2570 864 -838 -500 103 91 -26
1533769678.2909825 665 666 669 662 708 659 -4412 -6126 2606 -239 1215 283 102 91 -22
1533769678.3812912 666 667 669 663 709 660 -5110 -6496 2104 -708 1194 682 102 91 -23
1533769678.443777 660 665 668 660 708 655 -4430 -6004 2544 -1036 422 1994 103 92 -22
1533769678.5063794 650 669 670 668 711 666 -4230 -6020 2258 225 -1092 1448 104 94 -23
1533769678.5909069 639 664 668 661 704 664 -5484 -6270 2470 -380 -148 2343 105 98 -22
1533769678.6611562 643 664 669 667 705 673 -5288 -6154 2494 -413 572 809 106 97 -23
1533769678.7295547 631 654 666 660 697 665 -4286 -6094 2180 462 -413 -98 102 98 -26
1533769678.7918127 629 652 666 659 697 664 -5292 -5958 2288 484 414 434 104 96 -24
1533769678.870744 633 658 667 658 702 660 -5380 -6506 2980 627 954 -4080 106 98 -24
1533769678.9435134 638 666 668 658 708 653 -3690 -5378 2780 -569 1102 -2056 103 93 -25
1533769679.0161998 648 668 668 662 709 665 -4348 -5920 2190 -1417 172 778 102 91 -22
1533769679.0992947 640 664 666 651 706 648 -5084 -6676 1688 -1082 717 -307 103 91 -25
1533769679.147513 644 666 667 652 707 651 -5030 -6844 1780 354 151 -860 104 91 -26
1533769679.2256212 648 668 667 654 708 655 -4540 -6464 2184 356 86 -476 102 93 -26
1533769679.2881029 657 670 669 661 713 657 -4356 -6220 2294 325 -90 -237 103 90 -27
1533769679.3659792 659 671 669 662 713 658 -4728 -6432 2226 110 360 89 102 90 -27
1533769679.4304647 668 673 670 670 715 668 -4616 -6510 2118 -60 241 -96 102 90 -26
1533769679.4927413 665 672 670 667 714 665 -4624 -6466 2092 70 336 -344 104 87 -26
1533769679.5708458 667 672 669 668 714 667 -4434 -6446 2172 146 26 -46 104 89 -28
1533769679.6309686 668 672 670 668 714 666 -4522 -6372 2272 287 -45 -82 104 90 -28
1533769679.7090757 670 673 670 670 715 668 -4620 -6452 2192 -175 179 -281 104 88 -27
1533769679.7871845 669 673 670 669 714 666 -4554 -6492 2096 -56 -25 -876 102 85 -26
1533769679.853604 669 672 670 669 714 667 -4520 -6618 2096 -83 -104 -925 103 89 -26
1533769679.9143493 666 671 669 666 712 664 -4314 -6446 2168 558 -138 -1127 103 88 -27
1533769679.992453 666 671 669 665 712 664 -4092 -6322 2528 1853 -488 -1895 103 85 -26
1533769680.0650227 664 670 669 664 711 661 -4198 -6662 2224 1697 7 -1193 101 83 -27
1533769680.1392825 666 670 669 665 712 663 -4290 -6938 2322 53 454 -1499 99 80 -25
1533769680.2101946 665 670 669 664 711 662 -3994 -6906 1956 2138 -473 -3241 98 80 -27
1533769680.2727442 665 670 669 664 711 662 -3650 -6774 2154 3032 -317 -2339 97 75 -27
1533769680.3530726 661 669 669 660 710 658 -3544 -6926 2522 1520 -81 -843 91 74 -24
1533769680.413678 662 669 669 659 710 658 -3690 -7004 2598 2118 -28 -3227 91 71 -23
1533769680.4917831 664 670 669 663 711 661 -3780 -7292 3132 1641 -234 -1232 89 69 -21
1533769680.5542698 668 671 670 666 711 665 -3268 -6752 3362 1440 -138 -2053 85 68 -18
1533769680.6407146 668 671 670 666 711 666 -3488 -6770 3024 1531 -110 -633 84 65 -18
1533769680.7115688 669 671 669 668 712 667 -3274 -6782 3176 219 -507 -1052 84 65 -20
1533769680.7738006 669 671 670 667 712 667 -3056 -6914 3282 1120 -418 -1230 84 63 -19
1533769680.8543215 672 672 670 669 713 668 -2902 -6816 3164 -319 -87 -637 83 64 -18
1533769680.9142032 670 672 670 668 712 668 -3178 -6878 3306 1278 -210 -209 83 61 -19
1533769680.9956603 669 671 669 668 711 667 -2704 -6734 3114 1492 627 -436 84 62 -19
1533769681.052658 670 671 670 668 711 668 -2788 -7026 3536 461 -908 -654 84 62 -17
1533769681.1367304 671 672 670 669 712 668 -2746 -6770 3698 406 -1058 129 82 61 -17
1533769681.211259 671 672 670 669 712 668 -3024 -6570 3362 547 -527 443 82 62 -18
1533769681.2737453 670 671 669 668 711 668 -3084 -6688 3790 605 -339 841 82 62 -17
1533769681.3426714 670 671 669 667 711 666 -3544 -6598 3638 395 -274 851 81 61 -18
1533769681.3989353 676 672 670 672 715 668 -3276 -6540 3488 1695 -409 262 80 64 -16
1533769681.48334 676 672 670 672 715 668 -3058 -6560 3836 1524 -482 -81 79 64 -18
1533769681.5455654 676 672 670 672 714 669 -2852 -6662 4052 -29 -137 -134 80 62 -12
1533769681.622781 679 673 670 675 716 670 -2946 -6610 3926 547 -26 -523 80 60 -15
1533769681.6803725 680 674 670 675 717 670 -3070 -6482 3932 359 153 109 79 64 -15
1533769681.7585628 681 673 670 676 717 670 -3086 -6512 3956 284 51 -239 80 63 -14
1533769681.821225 681 673 670 676 717 670 -3066 -6576 4036 -28 110 -557 78 61 -17
1533769681.9124475 682 673 671 677 718 670 -2916 -6562 3792 314 255 -220 76 61 -15
1533769681.959337 680 673 670 675 717 668 -2970 -6532 3976 387 155 -25 80 61 -15
1533769682.032611 683 674 671 677 718 671 -2880 -6580 3864 -92 372 40 80 59 -16
1533769682.1019819 684 674 671 678 718 671 -2888 -6562 3806 527 -48 -349 78 59 -15
1533769682.1654868 684 674 671 678 718 671 -2996 -6572 3966 -13 209 -29 79 60 -16
1533769682.2279706 683 674 671 677 717 671 -2824 -6572 4024 355 377 -225 78 60 -14
1533769682.3080873 683 674 671 678 718 671 -2890 -6674 3650 -181 255 -43 79 61 -14
1533769682.3785646 683 673 670 677 717 671 -3012 -6610 3850 543 -200 -105 81 58 -16
1533769682.446972 683 673 671 677 718 670 -2850 -6530 4078 1055 -174 74 78 61 -16
1533769682.5091953 683 673 671 677 718 670 -2928 -6582 3954 132 289 24 78 58 -14
1533769682.5930486 683 674 671 678 718 670 -2876 -6674 3894 23 191 46 76 59 -17
1533769682.6483135 683 674 671 677 718 670 -2844 -6516 3966 932 -96 -37 79 58 -15
1533769682.7125251 682 673 670 677 718 670 -2886 -6518 3950 98 110 351 77 59 -15
1533769682.775067 682 673 671 677 717 670 -2742 -6604 4066 184 174 237 77 59 -17
1533769682.8512466 681 673 670 676 717 669 -2920 -6494 3906 426 13 -323 76 61 -14
1533769682.913831 681 673 670 675 717 667 -2802 -6524 3974 209 -39 -671 77 59 -15
1533769682.9763155 682 673 670 676 717 669 -3022 -6558 4026 -130 162 -166 77 60 -16
1533769683.0579252 683 673 671 677 717 669 -2658 -6598 4092 323 197 83 79 59 -16
1533769683.1140656 684 673 671 677 718 670 -2814 -6482 3944 581 -2 -337 77 59 -14
1533769683.1977003 684 674 671 677 717 671 -2814 -6492 4032 156 247 -139 78 59 -15
1533769683.2601862 684 674 671 678 718 670 -2904 -6564 4024 -102 451 -58 77 59 -16
1533769683.3226717 684 674 671 678 718 671 -2846 -6698 3872 248 152 -327 77 57 -15
1533769683.4035165 685 674 671 678 718 671 -2554 -6708 4006 575 -744 -900 77 58 -13
1533769683.4615476 685 674 671 679 718 671 -2916 -6488 4016 59 -588 226 77 57 -16
1533769683.5396538 686 675 671 679 719 673 -2614 -6472 4184 494 -296 172 77 57 -12
1533769683.6078455 689 677 671 681 721 673 -2744 -6522 4104 98 329 472 77 55 -15
