1534196001.756272 637 545 579 681 574 680 -4318 -1114 6686 110 22 -72 39 109 9
1534196001.8345315 637 545 579 681 574 681 -4364 -1136 6818 61 310 -60 36 111 11
1534196001.8968644 637 545 579 681 574 680 -4374 -1114 6718 150 771 -61 38 112 11
1534196001.9593484 637 545 578 681 574 680 -4394 -1108 6742 143 421 -91 39 111 9
1534196002.0272932 637 545 579 681 574 681 -4416 -1170 6720 145 701 -13 38 110 8
1534196002.1059623 637 545 579 681 574 681 -4410 -1204 6758 127 336 67 37 110 8
1534196002.1600971 636 545 578 681 574 681 -4412 -1188 6666 160 143 58 39 111 8
1534196002.2382033 637 545 578 681 573 680 -4426 -1204 6706 152 167 -43 36 113 10
1534196002.3006876 636 545 578 681 574 680 -4424 -1200 6676 204 403 72 37 109 9
1534196002.372562 637 545 578 681 574 681 -4448 -1234 6672 191 259 -65 39 112 8
1534196002.484087 637 544 579 681 574 681 -4506 -1210 6628 37 985 -79 38 110 7
1534196002.528129 637 545 578 681 573 680 -4686 -1238 6558 120 453 94 37 111 8
1534196002.590614 637 545 578 681 574 680 -4514 -1238 6540 36 116 175 37 110 7
1534196002.6534078 637 545 578 681 573 681 -4496 -1152 6562 123 349 114 39 113 9
1534196002.714245 637 545 579 681 574 680 -4660 -1240 6478 255 526 -93 38 111 9
1534196002.7730875 637 545 579 681 573 680 -4576 -1226 6602 233 714 -149 37 112 8
1534196002.8409064 636 545 578 681 574 680 -4658 -1274 6450 328 186 -104 38 111 5
1534196002.907728 636 545 578 681 574 680 -4710 -1376 6432 237 -136 54 41 111 6
1534196002.9735527 637 545 579 681 574 680 -4602 -1210 6534 156 472 32 37 112 6
1534196003.040374 637 545 578 680 573 681 -4642 -1222 6552 137 624 13 38 114 7
1534196003.1141787 637 545 578 681 574 680 -4712 -1240 6478 203 542 -13 40 112 6
1534196003.1929667 637 545 579 681 574 680 -4688 -1236 6554 194 574 124 41 112 6
1534196003.2607849 637 545 579 681 574 680 -4748 -1262 6508 213 347 30 39 112 5
1534196003.3066618 636 545 578 681 573 681 -4664 -1258 6474 186 492 61 40 113 4
1534196003.3724868 637 545 578 681 574 680 -4778 -1256 6424 213 501 -48 39 113 5
1534196003.4393084 636 545 579 681 573 681 -4738 -1268 6452 182 360 25 39 112 5
1534196003.5051322 636 544 578 681 574 680 -4758 -1222 6438 160 301 63 39 113 5
1534196003.5719554 637 545 578 681 573 681 -4804 -1258 6404 251 350 -61 39 113 2
1534196003.6375089 636 545 578 681 573 680 -4840 -1224 6420 240 469 -9 38 113 4
1534196003.7037668 636 545 578 681 573 680 -4882 -1224 6392 225 109 37 39 112 3
1534196003.7777548 637 545 578 681 573 680 -4844 -1316 6378 184 130 -21 40 112 1
1534196003.8246188 637 545 579 681 574 681 -4838 -1214 6328 258 31 -27 39 112 1
1534196003.8903213 637 545 578 681 573 680 -4856 -1262 6418 256 288 -33 39 112 3
1534196003.96843 637 545 578 681 573 680 -4830 -1258 6490 243 163 50 39 114 5
1534196004.030915 637 545 578 681 573 680 -4832 -1244 6438 222 269 37 37 112 4
1534196004.0943475 637 545 578 681 573 681 -4826 -1252 6422 253 140 -38 39 112 4
1534196004.156833 637 544 578 681 573 680 -4870 -1284 6382 201 182 10 40 113 3
1534196004.2336729 637 545 578 681 573 680 -4854 -1278 6312 236 68 51 38 114 2
1534196004.3014598 637 545 578 681 573 680 -4874 -1290 6366 169 301 -32 39 113 2
1534196004.3601055 637 544 579 681 574 680 -4922 -1242 6412 245 131 69 39 113 3
1534196004.4273114 637 545 578 681 574 680 -4876 -1314 6310 228 299 11 38 114 3
1534196004.4960256 636 545 578 681 573 680 -4872 -1274 6332 233 84 -24 40 112 3
1534196004.5653617 636 545 578 681 573 680 -4830 -1242 6416 211 181 42 38 114 4
1534196004.6273565 637 545 578 681 573 680 -4906 -1320 6316 265 179 -24 38 112 3
1534196004.6981926 637 545 578 681 573 680 -4816 -1268 6332 220 459 16 39 114 2
1534196004.7609892 636 545 578 681 573 680 -4920 -1246 6374 236 169 27 38 112 2
1534196004.8293307 636 545 578 681 573 680 -4854 -1276 6382 243 133 0 41 113 3
1534196004.8912697 636 544 578 681 573 680 -4908 -1348 6328 237 37 41 41 114 4
1534196004.9535403 636 544 578 681 573 681 -4890 -1238 6362 240 57 98 37 112 4
1534196005.0160248 636 545 578 681 573 680 -4886 -1242 6334 266 128 -45 38 115 3
1534196005.094188 636 544 578 681 573 680 -4860 -1286 6352 264 327 -26 40 112 3
1534196005.1566982 636 544 578 681 573 680 -4902 -1252 6406 196 103 43 39 112 1
1534196005.225215 636 545 578 681 573 680 -5092 -1298 6106 230 -172 8 38 112 3
1534196005.290695 636 544 578 681 573 680 -4742 -1280 6382 208 482 -9 38 114 2
1534196005.3446815 636 544 578 681 573 680 -5000 -1254 6428 190 410 -74 39 112 3
1534196005.4122326 636 544 578 681 574 680 -4874 -1292 6306 188 182 9 37 113 4
1534196005.490295 637 545 578 680 573 680 -4860 -1282 6342 187 -195 -10 41 114 2
1534196005.5613258 637 544 578 681 573 681 -4912 -1342 6322 273 -154 -134 38 113 2
1534196005.6272438 636 544 578 681 573 680 -4824 -1252 6414 324 -311 -108 38 111 3
1534196005.6973696 636 544 578 680 573 680 -4846 -1262 6530 185 -664 -92 39 113 3
1534196005.7589924 636 545 578 681 573 681 -4740 -1356 6398 285 -388 43 39 112 2
1534196005.8318112 636 544 578 681 574 680 -4712 -1290 6516 272 -181 -1 41 113 5
1534196005.8907187 636 545 578 681 573 680 -4714 -1300 6454 242 -237 -69 39 112 6
1534196005.9532032 636 544 578 681 574 680 -4688 -1276 6494 205 -77 -13 40 111 6
1534196006.0313098 636 545 578 681 573 681 -4700 -1348 6416 262 -58 78 38 112 4
1534196006.099651 636 544 578 681 574 680 -4654 -1310 6534 174 301 124 39 112 3
1534196006.1590104 636 544 578 681 574 680 -4714 -1292 6462 218 425 8 39 111 4
1534196006.2307422 636 544 578 681 573 680 -4686 -1310 6506 221 381 12 40 110 6
1534196006.2975557 636 544 578 681 573 680 -4746 -1264 6480 188 301 -33 40 110 5
1534196006.3600585 636 544 578 680 573 680 -4720 -1244 6508 157 54 114 37 111 5
1534196006.416101 636 544 578 680 573 680 -4764 -1308 6432 242 279 0 40 112 3
1534196006.4785903 637 544 578 681 573 680 -4694 -1308 6534 247 9 -17 40 112 4
1534196006.559085 636 544 578 680 573 680 -4754 -1328 6508 264 210 32 37 109 7
1534196006.62507 636 544 578 681 573 680 -4710 -1300 6582 278 75 -7 39 112 3
1534196006.687741 637 545 578 681 573 680 -4778 -1280 6470 238 7 45 39 111 5
1534196006.743204 636 544 578 680 573 680 -4696 -1314 6480 219 338 56 40 112 6
1534196006.8064418 637 545 578 680 573 680 -4726 -1286 6460 237 262 57 38 110 5
1534196006.8845654 637 544 578 680 573 680 -4748 -1230 6466 265 180 26 38 112 4
1534196006.9468455 637 544 578 681 573 680 -4738 -1346 6498 256 118 -38 40 112 4
1534196007.0093305 637 544 578 681 573 680 -4762 -1280 6422 400 -59 172 40 111 3
1534196007.0922272 637 544 578 681 573 680 -4750 -1282 6520 497 554 240 38 109 5
1534196007.1427746 636 544 578 681 573 679 -4840 -994 6514 587 -875 162 39 111 5
1534196007.2220662 636 544 578 681 573 680 -4460 -1102 6440 1067 53 118 39 113 4
1534196007.2902913 637 544 578 681 573 680 -4724 -960 6856 1927 -369 364 37 112 5
1534196007.3439782 637 544 578 680 573 680 -4788 -1074 6614 2877 116 1217 37 112 7
1534196007.4221787 637 544 578 680 573 680 -4862 -1006 6864 3780 -2204 919 36 111 7
1534196007.484753 637 544 578 680 573 680 -4510 -648 6450 1876 -2596 111 34 113 11
1534196007.5703232 636 544 578 680 573 680 -5596 -702 6338 -2309 7900 1977 33 115 13
1534196007.6269755 637 544 578 680 573 680 -4484 -496 7212 -2887 7551 2776 33 123 3
1534196007.7127533 636 544 578 680 573 679 -4538 -1096 5866 -3310 14575 620 31 130 -8
1534196007.7881293 637 544 578 681 573 680 -6120 -710 5582 -4392 22653 1429 33 134 -30
1534196007.8600745 636 544 578 681 573 680 -6562 -1212 2854 -745 -3346 -1718 31 134 -37
1534196007.9227126 636 544 578 680 573 680 -6866 -1152 4344 593 -8262 -2882 36 133 -33
1534196008.0006678 636 545 578 681 573 680 -6750 -1688 4940 1107 -8548 -1968 37 132 -20
1534196008.0835528 636 544 578 680 573 679 -6392 -1746 5360 1373 -7197 -1214 42 126 -13
1534196008.1411295 637 544 578 680 573 680 -5516 -1414 5728 661 -1966 -693 40 128 -11
1534196008.226152 637 544 578 680 573 680 -5310 -1584 5596 702 -3254 -920 40 125 -7
1534196008.2970839 636 544 578 680 573 680 -5396 -1538 5970 476 -2003 -430 41 122 -6
1534196008.3594503 636 544 578 681 573 680 -5210 -1574 5954 1223 -2745 -502 43 123 -4
1534196008.4398386 637 544 578 680 573 680 -4988 -1526 6330 977 -2474 -877 42 119 0
1534196008.5104227 636 544 578 680 573 680 -4804 -1480 6018 1295 -3822 -3014 46 118 3
1534196008.5774987 636 544 578 680 573 680 -4606 -1554 6570 1835 -5789 -2366 45 116 8
1534196008.6556044 636 544 578 681 573 680 -4484 -1730 6720 1485 -4291 -1477 45 110 12
1534196008.726359 637 544 578 680 573 679 -3816 -1626 6870 881 -3380 39 44 109 13
1534196008.7979882 636 544 578 681 573 680 -3590 -1316 7262 1111 -2429 487 47 107 17
1534196008.860329 637 544 578 681 573 680 -3180 -732 7002 1546 -661 -694 44 108 19
1534196008.926214 637 544 578 681 573 680 -3264 -1134 7070 2056 -816 -176 44 107 18
1534196009.0043206 637 544 578 680 573 680 -3750 -1480 7246 1660 -1663 606 41 104 19
1534196009.0791826 636 544 578 680 573 680 -3596 -1220 7258 607 -810 1079 41 104 20
1534196009.144691 637 544 578 680 573 680 -3212 -868 7286 1009 -515 1207 38 105 22
1534196009.224667 637 544 578 680 573 680 -3068 -904 7264 -236 1225 331 39 104 21
1534196009.2880838 637 544 578 681 573 679 -3512 -916 7370 325 1054 303 39 106 22
1534196009.3437455 636 544 578 680 573 679 -3434 -1074 6982 161 269 77 41 105 18
1534196009.421852 636 544 578 680 573 680 -3522 -986 7456 -207 622 -67 40 105 19
1534196009.484337 636 544 578 680 573 680 -3388 -1024 7240 198 334 92 40 106 20
1534196009.5564883 637 544 578 680 573 680 -3434 -930 7310 211 573 28 39 105 21
1534196009.6104493 636 544 578 680 573 680 -3416 -970 7076 280 87 -53 39 107 20
1534196009.6892524 637 544 578 680 573 680 -3480 -952 7254 14 309 -182 37 105 21
1534196009.7448075 636 544 578 680 573 679 -3444 -1096 7516 -298 -7 -165 42 105 21
1534196009.8270378 636 544 578 680 573 680 -3886 -1218 7498 785 763 470 42 106 18
1534196009.891165 636 544 578 680 573 680 -3900 -1006 7202 732 -708 565 40 106 19
1534196009.95365 636 544 578 680 573 680 -3148 -918 7108 502 -1329 320 38 105 19
1534196010.0317566 636 544 578 680 573 680 -3408 -862 7416 606 -435 -24 40 105 20
1534196010.0941432 637 544 578 680 573 680 -3454 -984 7164 -55 -63 101 40 105 23
1534196010.1566277 637 544 578 680 573 679 -3202 -1086 7376 129 -891 287 38 103 22
1534196010.2373867 637 544 578 681 573 680 -3296 -922 7478 681 -251 255 40 105 21
1534196010.3058019 637 544 578 680 573 680 -3200 -916 7212 416 -433 402 39 105 23
1534196010.3601892 637 544 578 681 573 680 -3308 -760 7480 765 -30 430 37 105 23
1534196010.4384525 636 544 578 680 573 679 -3338 -730 7306 677 271 1162 38 104 23
1534196010.5007803 636 544 578 680 573 679 -3262 -804 7358 530 544 776 36 107 23
1534196010.5798302 637 544 578 680 573 680 -3302 -624 7414 1118 -731 331 36 105 22
1534196010.6412847 636 544 578 680 573 680 -3172 -660 7232 53 123 34 35 106 23
1534196010.7083926 637 544 578 680 573 679 -3356 -600 7572 242 -254 63 36 107 23
1534196010.7750025 636 544 578 680 573 679 -3150 -614 7280 529 173 282 35 105 23
1534196010.8374882 636 544 578 680 573 680 -3170 -610 7332 164 270 -62 34 104 26
1534196010.8999743 637 544 578 680 573 679 -3304 -634 7404 439 108 159 35 105 24
1534196010.9781375 636 544 578 680 573 680 -3152 -560 7364 420 -502 -93 35 104 23
1534196011.0405664 636 544 578 680 573 680 -3170 -670 7358 729 -681 -219 35 105 23
1534196011.110564 636 544 578 680 573 680 -3052 -634 7494 516 -647 39 33 105 24
1534196011.1815374 636 544 578 680 573 680 -3004 -546 7476 684 -641 -309 33 106 24
1534196011.2448275 636 544 578 680 573 680 -3006 -488 7566 755 -483 -450 34 102 26
1534196011.3211675 637 544 578 680 573 680 -2846 -442 7486 588 -116 -489 36 104 27
1534196011.376075 636 544 578 680 573 680 -3118 -492 7690 623 -150 -344 35 103 25
1534196011.454272 636 544 578 680 573 680 -3148 -604 7720 668 -96 79 35 102 27
1534196011.5166678 636 544 578 680 573 679 -2838 -398 7512 687 488 -24 33 101 26
1534196011.5937483 636 544 578 680 573 680 -2780 -370 7480 1108 -305 -639 34 101 25
1534196011.6569188 636 544 578 680 573 680 -2940 -392 7652 815 -1059 113 32 100 28
1534196011.7280369 637 544 578 680 573 680 -2748 -310 7450 639 -167 -152 32 100 27
1534196011.801976 636 544 577 680 573 680 -2684 -320 7600 378 -554 -472 34 102 27
1534196011.8593435 637 544 578 680 573 680 -2694 -374 7726 474 -1159 -169 34 103 28
1534196011.937449 636 544 578 680 573 679 -2812 -266 7526 639 -524 -76 32 99 29
1534196011.9999356 636 544 578 680 573 680 -2840 -420 7150 -139 164 268 32 98 29
1534196012.0746286 636 544 578 680 573 680 -2632 -266 7992 -561 -868 999 34 101 30
1534196012.1431105 636 544 578 680 573 680 -2280 -134 7612 -1844 978 2199 33 99 28
1534196012.2144384 636 544 580 680 573 679 -3060 -566 7594 -1565 1869 1957 34 97 29
1534196012.2746947 636 544 580 680 573 679 -2554 -640 7664 -1062 -1211 -103 34 99 28
1534196012.356831 636 544 579 680 572 680 -2308 -328 7942 -477 -1338 -1017 33 98 30
1534196012.423457 635 543 579 680 572 679 -2374 -1020 7736 -1096 1001 613 37 98 28
1534196012.485944 635 543 579 680 572 680 -3120 -772 7084 -1802 136 -76 36 97 30
1534196012.565689 634 542 579 679 571 680 -2822 -1214 8250 -1642 1693 392 38 97 27
1534196012.641593 632 542 580 679 570 679 -3608 -1258 7240 1568 1515 -511 38 99 25
1534196012.688458 632 541 580 679 569 679 -1964 -498 7314 357 -4 -2067 39 102 26
1534196012.7605097 631 540 580 679 569 678 -3144 -1064 7758 609 1298 -283 39 100 26
1534196012.841202 630 539 579 679 568 679 -3218 -710 7218 -90 3026 296 37 102 22
1534196012.9077878 630 539 579 678 568 679 -3200 -1306 7196 -1164 2153 644 38 106 23
1534196012.9703138 630 540 579 679 568 678 -3686 -574 6134 3457 -3954 -4382 39 103 25
1534196013.0574338 633 542 585 679 570 679 -1236 -540 9682 8906 -11392 -7134 39 93 33
1534196013.1113763 634 543 582 680 571 679 -1622 -28 4626 2176 6410 -4102 40 89 36
1534196013.195747 635 544 580 680 571 679 -3622 -972 7954 -4098 344 4989 38 89 30
1534196013.259478 635 544 580 680 572 680 -1032 -508 9242 1179 -2190 3099 36 87 33
1534196013.3444767 636 545 580 680 572 680 -1118 -94 7180 1068 1655 654 36 91 35
1534196013.3916314 636 545 580 680 572 679 -2574 -562 7700 4 989 618 34 92 32
1534196013.4541183 635 545 580 680 572 680 -2130 -406 8156 168 234 1116 34 93 33
1534196013.5166035 636 545 580 680 572 679 -1856 -328 7674 275 1016 663 34 91 34
1534196013.5987504 635 545 580 680 572 680 -2270 -406 7764 -150 900 311 35 92 32
1534196013.658237 636 546 580 680 572 680 -2356 -334 7862 -116 1385 546 33 95 32
1534196013.7316673 636 546 580 680 572 680 -2342 -316 7718 403 654 432 35 93 31
1534196013.799238 637 546 580 680 573 679 -2348 -364 7740 188 1036 786 33 94 29
1534196013.8585043 636 546 580 680 572 680 -2376 -286 7792 230 555 477 33 96 32
1534196013.9211915 637 546 580 680 573 680 -2400 -272 7724 -32 908 378 33 97 30
1534196013.999097 637 546 580 680 573 679 -2446 -364 7766 135 379 119 33 98 30
1534196014.0615017 636 546 580 681 573 680 -2498 -342 7804 231 243 49 32 95 28
1534196014.125911 637 546 579 680 572 680 -2426 -286 7732 213 222 -27 33 96 30
1534196014.188389 636 546 580 680 573 680 -2410 -296 7748 267 240 72 34 95 33
1534196014.2442644 637 546 580 680 573 680 -2422 -358 7708 262 79 -134 32 94 31
1534196014.3240793 636 546 580 680 573 680 -2496 -382 7800 269 64 -41 33 95 31
1534196014.377018 637 546 579 680 572 679 -2478 -326 7630 250 301 100 34 95 32
1534196014.4550972 637 546 580 680 572 680 -2452 -278 7724 209 454 -7 34 100 30
1534196014.5176296 637 546 579 680 573 680 -2484 -302 7674 125 292 136 30 94 29
1534196014.587196 637 546 579 680 573 680 -2466 -340 7738 86 -222 103 33 96 30
1534196014.641162 637 546 580 681 573 680 -2424 -324 7696 103 40 -40 32 97 31
1534196014.7163572 637 546 579 680 573 680 -2526 -340 7748 231 41 28 36 96 28
1534196014.7776604 636 547 579 680 573 680 -2472 -328 7710 270 51 48 32 96 29
1534196014.8383875 636 547 579 681 573 680 -2470 -318 7734 196 335 31 35 96 30
1534196014.9008734 637 547 579 680 572 680 -2516 -352 7674 222 90 0 34 97 28
1534196014.9633675 636 546 579 680 573 679 -2424 -318 7718 184 162 20 34 94 28
1534196015.0258589 637 547 579 680 573 680 -2554 -382 7666 202 -136 79 32 95 30
1534196015.1040843 636 547 579 680 573 680 -2424 -324 7692 202 146 -56 34 96 30
1534196015.1666136 636 547 579 681 573 680 -2492 -318 7746 173 448 116 33 97 29
1534196015.228037 636 547 579 680 573 680 -2502 -390 7704 239 -89 59 32 95 30
1534196015.3074317 636 547 579 681 573 680 -2436 -376 7764 216 36 -10 32 98 29
1534196015.359552 636 547 579 680 573 679 -2490 -350 7670 190 97 47 33 97 29
1534196015.4220374 637 547 579 680 573 680 -2450 -346 7738 162 263 38 30 96 29
1534196015.4845226 636 547 579 680 573 679 -2456 -364 7728 258 50 14 31 94 31
1534196015.557751 636 547 579 680 573 680 -2428 -324 7772 313 88 -6 34 95 31
1534196015.6117032 636 547 579 680 573 680 -2446 -310 7712 249 -85 65 34 95 28
1534196015.6741898 636 547 579 680 572 680 -2424 -366 7678 279 -215 44 33 94 31
1534196015.7560914 636 547 579 680 573 680 -2470 -326 7700 286 -333 160 33 94 31
1534196015.820542 637 547 579 681 573 680 -2350 -296 7678 102 34 114 30 94 28
1534196015.8746202 637 547 579 681 573 680 -2408 -350 7568 -28 429 -312 33 96 31
1534196015.9527173 637 547 579 680 572 680 -2948 -438 7532 -1583 1145 161 34 95 31
1534196016.0152042 636 547 579 680 573 680 -2464 162 7536 -1682 3742 514 36 97 26
1534196016.0944188 635 547 579 680 572 679 -1848 -688 8752 -825 3515 366 36 100 27
1534196016.1569052 635 546 579 680 572 679 -2668 -1080 7084 -898 242 1021 36 100 25
1534196016.2279131 635 546 584 680 571 680 -3496 -758 7710 -2829 -937 -203 37 98 26
1534196016.3033993 634 545 583 680 571 679 -2542 -504 6896 -78 -65 -1267 37 100 26
1534196016.374757 632 544 580 679 569 679 -2942 -1052 7754 -1793 -1539 -635 39 101 26
1534196016.4372423 630 543 579 679 569 678 -2594 -1192 7152 -685 1723 -299 40 100 25
1534196016.515348 632 543 579 679 569 679 -3138 -1614 8360 -615 1977 -1151 42 99 26
1534196016.577835 633 545 579 680 570 679 -2942 -1200 8158 2990 690 -1691 44 99 22
1534196016.655942 635 546 579 680 571 679 -2336 -596 7666 6268 -6800 -3128 40 99 26
1534196016.7305217 635 547 579 680 571 679 -2686 -150 5944 1683 6283 -1177 42 97 29
1534196016.801512 636 547 579 680 572 679 -2962 -584 6702 -1582 -1015 2833 38 99 28
1534196016.86118 636 547 579 680 572 680 -1890 -696 8810 -514 -769 395 40 97 27
1534196016.9236655 636 547 579 680 572 680 -2526 -814 7492 1122 1267 38 38 97 29
1534196017.001772 636 547 579 680 572 680 -2684 -714 7292 -100 386 813 37 97 29
1534196017.0710387 636 547 579 680 572 680 -2264 -540 7870 234 714 -112 36 96 29
1534196017.1263466 636 548 579 681 572 680 -2726 -722 7584 260 799 -5 39 98 29
1534196017.188832 636 548 579 680 572 680 -2670 -742 7544 294 -15 150 38 100 28
1534196017.2595382 637 547 579 680 572 680 -2518 -624 7666 117 450 178 38 96 29
1534196017.3390357 636 548 579 681 572 679 -2686 -676 7596 200 501 87 37 99 30
1534196017.3923233 636 547 579 680 572 680 -2578 -684 7694 81 505 43 38 97 29
1534196017.4548101 635 547 579 681 572 679 -2684 -668 7634 218 228 92 37 98 26
1534196017.5173962 636 548 579 680 572 680 -2712 -730 7596 343 48 145 37 98 27
1534196017.5778086 636 548 579 680 572 680 -2534 -566 7680 311 79 30 37 99 29
1534196017.6559145 636 547 579 680 572 679 -2658 -676 7648 227 -88 -14 39 98 30
1534196017.7234833 637 547 579 680 572 679 -2534 -660 7642 328 58 108 38 100 29
1534196017.775085 636 548 579 680 572 679 -2662 -610 7628 292 32 120 36 98 26
1534196017.8531666 637 548 579 681 572 679 -2616 -640 7604 172 123 18 38 98 26
1534196017.915484 637 548 579 680 573 680 -2576 -630 7630 262 57 28 36 96 28
1534196017.9779665 636 547 579 680 572 679 -2662 -610 7622 187 281 55 37 98 29
1534196018.0480287 636 547 579 680 572 679 -2630 -672 7616 212 -1 -32 38 97 28
1534196018.1084266 637 547 579 680 572 679 -2588 -626 7636 335 -72 31 37 95 28
1534196018.1709118 636 548 579 680 572 679 -2578 -626 7558 245 65 -31 38 98 28
1534196018.2428238 636 547 579 680 572 679 -2590 -618 7644 186 267 25 34 98 29
1534196018.306988 636 548 579 680 572 680 -2650 -624 7624 184 127 25 35 97 28
1534196018.3748772 636 548 579 680 572 680 -2620 -648 7684 283 163 -88 38 100 28
1534196018.4373639 636 547 579 680 572 679 -2712 -632 7646 218 446 -40 37 95 26
1534196018.5000339 637 547 579 680 572 679 -2650 -608 7666 246 336 -42 38 95 29
1534196018.5731905 636 547 579 681 572 680 -2756 -692 7528 216 17 -102 37 95 27
1534196018.6268444 636 548 579 680 572 680 -2680 -650 7604 283 -586 171 37 97 29
1534196018.7065992 637 548 579 680 572 680 -2552 -646 7638 525 -636 -88 37 98 30
1534196018.7603042 636 548 579 681 572 679 -2606 -626 7606 193 -91 62 37 98 28
1534196018.837344 636 548 579 681 572 680 -2442 -596 7646 344 286 -90 37 96 29
1534196018.8912885 636 548 579 681 573 680 -2712 -658 7654 139 -131 117 36 97 29
1534196018.9693966 636 548 579 681 573 680 -2392 -588 7694 289 -155 113 38 96 28
1534196019.0318801 636 548 579 680 572 680 -2522 -762 7360 -437 362 433 37 96 31
1534196019.1066372 636 548 579 680 572 679 -2622 -526 7590 -924 -573 774 37 93 30
1534196019.174612 636 548 579 680 572 679 -2442 -658 7512 -2285 2223 2192 39 94 27
1534196019.2432833 636 547 579 680 572 679 -2946 -1318 8876 -1953 1355 1277 41 98 28
1534196019.3268213 636 547 579 680 572 679 -2836 -1488 7458 -2145 3508 2575 40 100 26
1534196019.3917308 636 547 585 680 572 680 -3396 -1386 7424 -2380 -485 -541 40 100 26
1534196019.4542027 634 546 586 680 571 679 -2868 -1252 7144 417 -968 -1444 43 99 27
1534196019.5323095 633 545 579 679 570 679 -2842 -1356 7970 -896 4296 641 41 103 22
1534196019.6025732 632 544 579 679 569 678 -2136 -1354 8010 490 5177 188 43 106 21
1534196019.6576514 630 543 579 679 568 678 -3400 -1590 7132 183 1959 673 42 106 21
1534196019.727745 630 542 579 679 568 679 -4168 -792 5424 354 1031 -1930 41 108 19
1534196019.814076 630 542 579 678 567 678 -3104 -1118 7316 -458 -887 -1484 43 107 19
1534196019.8769093 630 542 579 678 567 678 -4302 -2348 6964 2663 -2399 -4835 46 102 22
1534196019.9550445 633 544 583 679 569 679 -3744 -1516 7176 4328 -11363 -4602 44 95 30
1534196020.0331218 634 545 580 680 570 679 -2116 -1112 7998 5081 4817 -2768 45 94 31
1534196020.0997815 635 546 579 680 571 679 -3470 -1296 5732 69 -575 4412 39 94 31
1534196020.1578317 636 547 579 680 571 680 -1636 -512 8490 -1339 -2014 2137 38 95 30
1534196020.2276373 635 547 579 680 571 679 -1554 -548 8006 777 902 -26 41 95 34
1534196020.3065279 635 547 579 680 572 679 -2518 -820 6982 -70 1022 -359 40 100 30
1534196020.3601923 636 547 579 680 571 679 -2358 -734 7810 -592 236 -435 40 96 31
1534196020.4382412 636 547 579 680 572 680 -2500 -930 7816 -60 1024 -393 41 98 29
1534196020.5007267 636 547 579 680 572 679 -2682 -1004 7620 41 233 -216 42 98 29
1534196020.5742745 636 547 580 680 571 679 -2540 -934 7656 152 -70 -8 41 98 27
1534196020.627011 636 547 579 680 572 679 -2500 -902 7686 262 332 12 43 97 28
1534196020.7057285 636 548 579 680 572 680 -2610 -992 7484 196 116 -41 41 96 30
1534196020.7630043 636 547 579 680 572 680 -2520 -924 7716 316 -17 67 42 97 27
1534196020.8366666 636 547 579 680 572 679 -2574 -952 7618 296 331 142 40 100 28
1534196020.8910842 636 547 579 681 572 680 -2548 -932 7576 156 291 -2 41 97 29
1534196020.9691904 636 547 579 680 572 680 -2632 -956 7670 280 238 -21 43 100 29
1534196021.0331583 636 547 579 680 572 680 -2528 -916 7658 208 548 20 42 97 27
1534196021.0948453 636 547 579 680 572 680 -2570 -762 7502 193 636 146 41 100 28
1534196021.1573312 636 547 579 680 572 680 -2626 -934 7696 133 307 41 42 97 32
1534196021.230848 636 547 579 680 572 680 -2568 -916 7594 240 417 66 42 98 29
1534196021.2936869 636 547 579 680 572 679 -2658 -914 7584 161 347 28 41 99 25
1534196021.361431 636 548 579 680 572 679 -2598 -922 7552 93 547 -28 41 99 28
1534196021.4239159 636 547 579 680 572 679 -2730 -994 7572 149 497 121 42 97 27
1534196021.4864025 636 548 579 680 572 679 -2642 -914 7522 199 418 38 41 100 25
1534196021.5611887 636 548 579 680 572 679 -2650 -874 7636 -87 1652 233 42 102 25
1534196021.625419 636 547 579 680 572 679 -2858 -958 7490 176 1646 114 41 101 26
1534196021.687904 636 547 579 680 572 679 -2974 -952 7486 129 1743 325 41 103 23
1534196021.7599788 636 547 579 680 572 680 -3124 -926 7386 84 1528 139 42 102 21
1534196021.8316603 636 547 579 680 572 679 -3060 -976 7260 320 125 -38 43 104 22
1534196021.8917754 636 548 579 680 572 680 -3228 -1024 7510 265 592 170 43 104 21
1534196021.954213 636 548 579 680 572 679 -3344 -994 7442 266 960 461 41 106 24
1534196022.0323203 636 547 579 680 572 679 -3158 -898 7152 -8 633 424 41 105 23
1534196022.1001315 636 547 579 680 572 679 -3388 -922 7070 -357 139 916 41 104 22
1534196022.1580935 636 547 579 680 572 679 -3400 -1058 7214 -827 1970 1289 40 106 21
1534196022.2415376 636 547 580 681 572 680 -3470 -946 7230 -691 1975 1406 39 109 20
1534196022.311166 636 547 579 680 572 679 -3614 -980 7596 -174 1192 594 39 109 17
1534196022.374504 635 547 586 680 572 678 -3852 -1164 7050 66 1322 316 41 108 17
1534196022.4369879 635 547 579 680 571 679 -3646 -826 7246 -1312 -143 -189 39 108 18
1534196022.515096 635 547 580 680 571 679 -3662 -950 7324 1400 1159 -708 40 108 17
1534196022.5912542 635 546 580 680 571 680 -3686 -1308 7048 -276 313 -406 41 108 17
1534196022.6581607 636 547 580 681 571 679 -4190 -1112 7296 379 423 -276 44 109 16
1534196022.7305896 635 546 583 680 571 680 -3736 -1072 6508 659 224 -680 42 109 16
1534196022.7984438 635 546 583 680 571 679 -3724 -1054 6998 -709 497 198 40 108 18
1534196022.8596683 635 546 582 680 571 679 -4128 -1146 6952 1600 952 -165 40 109 17
1534196022.937775 635 546 580 681 570 680 -4038 -1110 7152 211 476 -530 40 109 16
1534196023.0002606 635 547 584 680 571 680 -3802 -912 7484 2062 -920 -1330 44 108 16
1534196023.0826292 635 546 580 680 571 679 -4586 -1266 7018 4133 -1475 -1195 41 110 19
1534196023.1430602 635 548 589 681 571 680 -2736 -600 7434 5026 -675 -2593 39 107 21
1534196023.2232955 636 548 591 680 571 679 -4142 -470 6332 2324 -127 -867 36 106 19
1534196023.2948544 636 548 592 680 572 680 -4362 -762 6346 -1098 -2857 773 39 109 16
1534196023.3595083 636 548 592 680 572 679 -3692 -636 8292 -467 -3240 1475 40 104 22
1534196023.4217854 636 548 594 680 572 679 -2864 -350 7522 863 -230 99 40 105 23
1534196023.4998946 636 548 587 681 572 679 -3448 -446 7166 689 368 -435 41 105 23
1534196023.567531 636 548 580 680 572 679 -3488 -458 7580 334 812 607 38 107 22
1534196023.6271172 635 548 580 681 572 679 -2972 -344 7322 58 1773 567 37 105 19
1534196023.6896007 636 548 580 680 572 679 -3760 -462 7088 -443 2418 610 39 109 19
1534196023.7608361 636 548 579 681 572 680 -4192 -628 7354 -394 1629 1047 35 109 18
1534196023.8413386 636 547 579 680 572 680 -3760 -368 7016 130 680 478 37 108 17
1534196023.9069407 636 548 579 680 572 680 -4002 -508 7134 -249 898 409 36 110 16
1534196023.9694245 636 547 579 680 572 679 -4028 -498 7026 -93 356 484 37 111 16
1534196024.031911 636 547 580 680 572 679 -4098 -526 6986 -70 -2 247 36 109 15
1534196024.111403 636 547 579 680 572 679 -3942 -570 7136 -81 -257 207 36 109 17
1534196024.174343 636 547 579 681 572 680 -3908 -570 7026 -58 -662 55 36 108 14
1534196024.2430115 636 547 579 680 572 679 -3908 -522 7186 -44 -140 -50 38 109 18
1534196024.3054986 636 547 579 680 572 679 -3896 -600 7130 36 -646 -301 38 108 16
1534196024.3679836 636 547 579 681 572 680 -3962 -568 7196 151 -539 -66 37 107 19
1534196024.4460907 636 547 579 681 572 679 -3792 -610 7100 219 -483 124 37 106 15
1534196024.5085764 636 547 579 681 572 680 -3810 -584 7174 223 -39 235 38 106 18
1534196024.5784285 636 547 579 681 572 680 -3626 -528 7218 176 -234 317 39 108 19
1534196024.6409147 636 547 579 680 572 679 -3702 -556 7208 475 -221 199 37 105 19
1534196024.7199354 636 547 579 680 572 679 -3618 -524 7180 227 -92 247 38 105 20
1534196024.7881958 636 547 579 681 572 679 -3616 -512 7248 209 -179 -33 37 107 20
1534196024.843235 636 547 579 681 572 680 -3614 -516 7300 119 -10 9 38 105 20
1534196024.9057217 636 547 579 680 572 679 -3660 -532 7218 195 -37 -52 38 106 19
1534196024.9838285 636 547 579 680 572 680 -3550 -546 7276 113 -60 -32 38 106 20
1534196025.0555708 636 547 579 680 572 680 -3632 -502 7242 163 116 -117 38 106 20
1534196025.109613 636 547 579 681 572 680 -3518 -582 7266 174 115 -86 38 106 19
1534196025.1885624 636 547 579 681 572 679 -3580 -574 7212 225 -8 -92 39 105 21
1534196025.2432847 636 547 579 680 572 679 -3652 -614 7284 93 643 -449 36 104 21
1534196025.3237011 636 547 579 681 572 680 -3566 -558 7274 179 318 -246 38 104 21
1534196025.3912437 636 547 579 680 572 680 -3568 -600 7244 157 285 -227 37 108 18
1534196025.453728 636 547 579 681 572 679 -3626 -604 7266 138 93 -216 38 106 19
1534196025.516297 636 547 579 680 572 679 -3588 -614 7202 212 297 -9 37 105 19
1534196025.5934594 636 547 579 681 572 680 -3660 -622 7222 304 -243 -30 38 105 20
1534196025.657643 636 547 579 680 572 679 -3738 -668 7310 392 -689 231 37 104 20
1534196025.727512 636 547 579 680 572 679 -3548 -594 7302 393 -779 182 35 105 19
1534196025.7968397 636 547 579 680 572 680 -3506 -626 7184 407 -558 -50 37 104 20
1534196025.8617694 636 547 579 680 572 679 -3516 -602 7406 423 -384 119 38 104 19
1534196025.9242563 636 547 579 680 572 680 -3486 -578 7274 166 -632 123 36 106 20
1534196025.9867945 636 547 579 680 572 679 -3426 -556 7078 405 -252 -82 39 102 21
1534196026.0705051 636 547 579 680 572 679 -3394 -600 7388 -425 -291 655 38 104 23
1534196026.142458 636 547 579 680 572 679 -3406 -638 6986 153 -570 -44 38 105 23
1534196026.2076344 636 548 579 680 572 679 -3448 -666 7232 -298 -683 650 39 101 24
1534196026.2760391 636 547 579 680 572 680 -3226 -490 8244 156 2699 1432 36 103 21
1534196026.3444705 635 547 584 680 572 679 -3774 -832 6992 1280 3882 716 36 110 20
1534196026.4069564 636 547 591 680 571 679 -3474 -458 6954 -215 -197 671 36 109 19
1534196026.4694417 634 546 587 680 571 679 -3624 -488 6832 -608 3323 -45 37 109 16
1534196026.5543432 634 546 582 679 571 679 -4222 -590 6866 1453 2508 1939 36 111 15
1534196026.6115615 634 546 586 680 570 679 -3594 -158 6678 -1397 5347 748 33 114 11
1534196026.6896677 635 546 582 680 570 679 -4850 -496 7870 24 -1316 786 33 113 13
1534196026.7611206 633 545 588 679 569 679 -3664 -380 6958 1627 628 514 33 116 11
1534196026.8274276 634 545 591 680 569 680 -4082 -312 5998 115 -2618 -2491 33 114 13
1534196026.8899133 634 546 581 680 570 679 -3660 -694 9108 4567 -4878 -2954 36 110 16
1534196026.9680207 635 547 591 680 571 679 -4294 -54 7022 6708 -5324 -3187 36 107 19
1534196027.047141 636 547 592 679 571 678 -4444 -438 4726 -354 -3465 2634 33 108 21
1534196027.1088715 636 547 587 680 571 679 -2872 240 8672 -1983 -5661 3601 32 101 29
1534196027.1713557 636 547 582 680 571 679 -1674 274 8184 870 57 119 32 101 30
1534196027.243285 635 547 581 680 571 679 -2922 -104 7060 -138 1149 -1197 33 104 27
1534196027.323453 636 548 580 680 572 680 -3296 -138 7842 -83 -294 -277 31 102 28
1534196027.3906121 636 548 580 680 571 680 -2798 -160 7440 162 589 -270 31 102 28
1534196027.4530976 635 548 580 680 571 680 -3152 -150 7530 57 276 -357 32 104 28
1534196027.5155828 636 547 580 680 572 679 -3022 -176 7580 412 203 -142 33 102 28
1534196027.5943851 636 548 580 680 572 679 -3036 -184 7476 194 542 -212 34 104 27
1534196027.6568713 635 548 580 680 572 679 -3068 -188 7512 248 127 -61 35 103 27
1534196027.7277544 636 548 580 680 572 679 -3004 -128 7522 118 822 -298 35 104 28
1534196027.7971013 636 548 580 680 572 679 -3096 -226 7572 18 447 -335 33 104 28
1534196027.8588772 636 548 580 680 572 679 -3066 -90 7516 297 255 -194 33 103 27
1534196027.9214115 635 548 579 680 572 679 -3168 -234 7450 233 70 -264 33 102 26
1534196027.9994633 635 548 580 680 572 679 -3092 -218 7434 125 261 -235 36 103 27
1534196028.0666885 636 547 579 680 572 678 -3226 -236 7452 163 368 -130 34 106 25
1534196028.1259613 635 548 580 680 572 679 -3166 -252 7502 260 730 -105 37 103 26
1534196028.2087245 636 548 579 680 572 679 -3236 -238 7400 153 333 44 32 103 25
1534196028.2603421 636 548 580 680 572 679 -3244 -272 7462 287 150 -67 33 103 26
1534196028.335844 636 548 580 680 572 679 -3220 -212 7468 235 315 -60 34 104 27
1534196028.3923302 635 548 579 680 572 679 -3182 -228 7456 205 33 28 35 105 24
1534196028.4545999 635 548 579 680 572 679 -3226 -252 7512 284 145 -51 35 105 23
1534196028.5338929 636 548 580 680 572 680 -3228 -198 7418 207 120 112 37 103 25
1534196028.5934372 636 547 580 680 572 679 -3174 -222 7486 236 115 -29 35 105 24
1534196028.655921 635 547 580 680 572 679 -3206 -230 7474 197 90 -29 36 103 24
1534196028.7332923 635 547 580 680 572 679 -3160 -218 7442 277 132 29 36 104 25
1534196028.8007505 636 548 580 680 572 679 -3230 -240 7544 195 322 -84 37 104 25
1534196028.8603873 636 547 579 680 572 680 -3026 -196 7466 35 1184 2 35 102 22
1534196028.9228735 636 548 579 680 572 679 -3370 -2 7528 -218 3396 -296 36 105 25
1534196029.0009944 635 548 579 680 572 679 -3786 -394 7050 204 535 -400 35 107 21
1534196029.069742 636 548 579 680 572 679 -3442 -354 7418 100 -589 421 38 106 21
1534196029.1263952 635 548 579 680 572 679 -3344 -268 7370 20 773 40 36 104 21
1534196029.20309 636 548 579 680 572 679 -3626 -314 7184 147 372 -142 36 106 22
1534196029.2588015 636 548 579 680 572 679 -3518 -374 7334 224 243 179 36 104 21
1534196029.327929 636 548 579 680 572 679 -3520 -306 7342 222 335 315 37 106 20
1534196029.3904135 636 548 579 680 572 679 -3478 -316 7198 165 152 336 36 106 21
1534196029.4685197 635 548 579 680 572 679 -3670 -308 7262 -410 205 661 37 106 19
1534196029.531007 635 548 579 680 572 679 -3638 -386 7204 -1074 1624 2090 33 106 19
1534196029.6116672 636 548 579 680 572 679 -3498 -664 7336 -1996 377 1803 36 109 19
1534196029.674372 636 547 586 680 572 678 -3838 -330 8042 -727 258 1460 34 108 20
1534196029.7511635 635 547 586 680 571 678 -4248 -532 6826 1707 3865 410 33 110 17
1534196029.8241892 635 546 583 680 571 678 -3238 -586 6714 -1660 -3503 -779 32 110 17
1534196029.8900576 634 545 580 680 570 678 -4776 -556 8000 354 4462 1921 31 109 17
1534196029.9525435 632 544 580 679 568 679 -3534 -490 5774 744 2218 -437 29 114 14
1534196030.0306501 630 543 580 679 568 678 -4760 -30 7676 -853 -673 -491 34 113 15
1534196030.0945199 630 543 579 678 568 678 -2884 -702 6216 1605 -3463 -3431 37 112 15
1534196030.1726267 633 544 580 679 569 679 -4874 -786 9552 3111 -9486 -2914 37 103 23
1534196030.2445078 634 546 579 680 570 679 -1930 118 7782 6978 816 -3745 35 105 23
1534196030.3163025 635 546 580 680 570 679 -4516 -476 4892 -800 -1380 2052 34 103 26
1534196030.3755682 635 547 580 680 571 679 -2348 170 9242 -422 -586 421 33 102 28
1534196030.4536753 635 547 579 680 571 679 -2702 -106 7064 1290 2122 -1236 33 102 27
1534196030.5161605 635 547 579 680 571 679 -3378 -6 7244 -490 387 295 34 103 29
1534196030.5883458 635 547 579 680 571 679 -2834 -198 7756 19 1074 340 36 104 25
1534196030.6413379 635 547 579 680 571 679 -3270 -158 7286 69 893 -4 34 104 27
1534196030.7195835 636 547 579 680 571 679 -3166 -126 7564 35 423 362 33 103 27
1534196030.7858164 635 547 579 680 571 679 -3086 -78 7428 135 467 -52 37 103 27
1534196030.8434765 636 548 579 680 571 679 -3286 -138 7502 34 559 -148 36 105 25
1534196030.9059625 636 547 579 680 571 679 -3234 -168 7484 203 58 71 33 104 26
1534196030.9841034 636 547 579 680 572 679 -3148 -122 7474 81 136 -116 34 104 25
1534196031.0527484 636 547 579 680 572 679 -3236 -134 7468 167 210 -106 32 102 23
1534196031.1116674 636 548 579 680 572 679 -3230 -118 7476 301 203 20 35 105 22
1534196031.1741543 636 547 580 680 572 679 -3212 -130 7500 250 220 -15 35 103 24
1534196031.2540946 636 547 580 681 572 679 -3210 -102 7568 123 354 -119 35 106 25
1534196031.3198462 636 547 579 680 572 679 -3308 -228 7398 285 83 -54 38 104 24
1534196031.3743854 635 547 580 680 572 679 -3272 -162 7434 194 101 20 36 104 26
1534196031.436658 636 548 580 680 572 679 -3250 -168 7436 255 76 -35 36 105 24
1534196031.5148573 636 547 580 680 572 679 -3278 -110 7448 136 406 -9 34 105 24
1534196031.5946417 635 548 580 680 572 680 -3274 -176 7474 272 270 -26 35 105 24
1534196031.6415062 635 547 579 680 572 679 -3280 -152 7362 205 77 25 36 104 23
1534196031.7166255 636 547 579 680 572 679 -3224 -132 7456 210 200 -18 34 104 23
1534196031.7760828 636 547 579 680 572 679 -3250 -154 7494 229 164 62 35 104 22
1534196031.8441613 636 548 580 680 571 679 -3256 -148 7376 218 251 8 35 106 26
1534196031.9066465 635 547 580 680 572 679 -3184 -130 7514 235 257 -37 35 105 23
1534196031.9691334 635 547 579 680 572 679 -3328 -162 7404 196 908 -142 38 103 23
1534196032.0513704 636 547 579 680 572 679 -3402 -230 7388 14 1243 -270 37 104 25
1534196032.1103723 635 547 579 680 572 679 -3524 -238 7294 204 537 -164 37 105 22
1534196032.1728883 636 548 579 680 572 678 -3344 -170 7318 83 427 -5 37 107 20
1534196032.2606583 635 547 580 680 572 679 -3502 -170 7340 244 291 -55 35 106 22
1534196032.3174644 635 547 579 680 572 679 -3372 -194 7414 243 539 -28 35 103 22
1534196032.3754354 636 547 579 680 572 679 -3540 -174 7360 266 537 -105 34 106 21
1534196032.4533255 635 548 579 680 572 679 -3506 -190 7364 277 341 277 36 104 22
1534196032.5158126 635 547 579 680 571 679 -3578 -230 7096 -225 303 713 36 107 22
1534196032.5912247 636 547 579 680 572 679 -3852 -290 7278 -735 1785 1338 35 105 21
1534196032.6578727 636 548 579 680 571 679 -3440 -400 7024 -1097 963 -135 34 108 19
1534196032.7278192 636 547 581 680 571 679 -3346 -100 7128 -1085 -991 888 36 108 18
1534196032.803146 635 547 590 680 571 679 -3626 -756 7866 -1310 1522 2623 35 108 19
1534196032.873853 635 547 592 680 571 679 -3974 -554 5918 -473 -1254 -500 35 107 20
1534196032.9361434 634 546 581 680 570 679 -3804 -382 7828 -1047 -428 549 38 108 19
1534196032.99863 633 545 580 679 569 678 -3126 -614 6908 23 4042 955 35 110 17
1534196033.0825088 631 544 583 679 569 678 -4100 -672 7242 -774 -1715 -516 35 113 16
1534196033.1427615 631 543 582 679 568 678 -4252 -428 6716 1544 1944 -1391 35 110 20
1534196033.225077 631 544 582 679 568 679 -3954 -454 7646 436 -2719 -1043 37 111 18
1534196033.2971854 633 545 580 680 569 679 -3970 -1124 7400 2204 1919 -1610 39 108 17
1534196033.359982 634 546 586 680 570 679 -3434 -438 6706 3939 -8591 -2663 38 107 21
1534196033.4379373 635 547 584 680 570 679 -3482 -602 7266 2398 1098 -377 37 105 23
1534196033.5004213 635 547 582 680 571 679 -3360 -338 6058 -605 -5908 2965 34 103 28
1534196033.5814028 635 547 581 680 571 679 -2070 226 8920 -734 -2987 1187 33 101 28
1534196033.642678 635 547 580 680 571 679 -2118 -264 8048 862 1747 -544 33 100 31
1534196033.7179317 635 547 579 680 571 679 -2750 -188 7194 371 -362 -354 36 99 29
1534196033.784065 635 547 580 681 571 679 -2420 -178 7896 54 814 -308 34 98 30
1534196033.8436894 635 547 580 680 571 679 -2584 -238 7658 404 723 -243 38 100 31
1534196033.9061725 635 547 579 680 571 679 -2708 -198 7664 72 122 -130 36 100 31
1534196033.9844515 635 548 580 680 571 679 -2608 -226 7744 211 797 -256 36 100 29
1534196034.0549629 635 548 580 681 571 679 -2696 -248 7658 170 446 -182 35 98 31
1534196034.1101768 635 548 580 680 571 679 -2724 -292 7656 238 367 -214 35 98 31
1534196034.1892962 635 547 580 680 571 679 -2588 -216 7696 192 507 -172 36 99 30
1534196034.244647 635 548 580 681 571 680 -2780 -256 7694 306 442 -96 33 100 29
1534196034.322938 635 548 580 680 571 679 -2666 -252 7604 180 349 -92 37 99 29
1534196034.3755896 635 547 580 680 571 679 -2716 -254 7696 224 337 -62 35 100 29
1534196034.453696 635 548 580 680 571 679 -2734 -286 7568 244 154 -4 36 100 27
1534196034.5161815 635 548 580 680 571 679 -2716 -260 7582 308 323 -120 35 99 30
1534196034.5893662 635 548 579 680 571 679 -2818 -236 7578 150 407 -61 37 100 29
1534196034.6425183 635 548 580 680 571 679 -2776 -274 7640 149 403 -173 36 100 29
1534196034.7237992 635 548 580 680 571 679 -2750 -326 7642 110 259 104 37 101 30
1534196034.7899485 636 548 580 680 572 679 -2756 -294 7594 145 235 -3 36 100 26
1534196034.843909 635 548 580 680 571 679 -2810 -218 7632 49 621 -110 37 102 31
1534196034.9222255 636 548 580 680 571 680 -2788 -388 7604 132 416 -17 36 101 29
1534196035.0001225 635 548 580 681 571 679 -2942 -308 7534 132 580 -76 38 101 28
1534196035.0562193 636 548 580 680 572 679 -2822 -374 7582 249 32 -46 36 97 26
1534196035.1123464 636 548 580 680 571 679 -2822 -318 7608 114 751 101 36 103 25
1534196035.1905692 636 548 580 680 571 679 -2904 -406 7530 -155 1113 -47 37 100 25
1534196035.2577653 636 548 580 681 572 679 -2948 -358 7620 30 970 14 37 103 24
1534196035.3276372 635 548 580 680 571 679 -2934 -346 7470 -155 1211 -153 38 103 26
1534196035.3915312 635 548 580 681 571 679 -3276 -422 7606 71 888 -287 38 104 28
1534196035.4540148 635 548 580 680 571 679 -3148 -424 7424 196 761 8 37 101 25
1534196035.5165 635 548 580 681 571 679 -3212 -362 7414 250 648 -37 36 103 24
1534196035.5924554 636 548 580 680 571 679 -3254 -440 7504 89 1275 12 35 103 25
1534196035.6583705 636 548 580 680 572 680 -3212 -374 7430 225 1242 -137 38 105 22
1534196035.7274232 636 548 580 681 571 679 -3262 -396 7564 498 151 439 36 104 24
1534196035.7963712 636 548 580 680 571 679 -3532 -340 7070 -187 437 729 35 104 22
1534196035.8599849 635 547 580 680 571 679 -3326 -426 7370 -856 1538 2654 34 106 22
1534196035.9380913 635 548 581 680 571 679 -3858 -296 7282 -1463 2638 1972 36 107 21
1534196036.0005758 635 547 589 680 571 679 -3950 -550 7666 -370 -315 1034 36 108 21
1534196036.0772035 635 547 590 680 571 679 -3702 -162 6608 -52 5413 595 35 110 18
1534196036.142763 635 546 582 680 570 679 -3740 -446 6002 -2669 -3825 919 36 111 17
1534196036.2176666 633 546 580 680 569 678 -4228 -652 8900 -666 6352 2392 37 112 17
1534196036.286191 632 544 584 679 568 679 -4172 -826 5626 862 5317 598 35 116 12
1534196036.3446326 630 543 580 678 567 679 -4596 -738 7400 63 -1041 4 35 116 10
1534196036.4071176 631 542 581 679 567 678 -3980 -472 6742 296 1246 -339 33 114 11
1534196036.4852247 631 543 581 679 567 678 -4940 -604 5098 1663 -1613 -3217 37 114 9
1534196036.565536 631 544 581 679 568 679 -3856 -1040 7182 4054 -6534 -5031 36 113 13
1534196036.6262834 633 544 580 680 568 678 -3266 32 7628 4383 -1105 -3815 39 109 17
1534196036.7068462 634 546 580 680 570 679 -4152 -636 6628 3105 -4301 -775 38 108 19
1534196036.776142 635 546 581 680 570 679 -4428 -584 6954 -931 -3901 2413 37 107 23
1534196036.8426013 635 547 580 680 570 678 -2428 86 8146 -196 -2152 891 36 103 24
1534196036.9050875 634 547 580 680 570 679 -2726 -242 7476 726 1472 -786 36 105 23
1534196036.9831946 635 547 580 680 570 679 -3662 -536 7118 -65 427 -388 38 105 21
1534196037.0546834 635 547 580 680 570 679 -3216 -280 7594 -36 230 -31 36 103 24
1534196037.1116688 635 547 581 680 570 679 -3362 -428 7338 274 780 -223 37 107 23
1534196037.1741555 635 547 581 681 571 679 -3400 -382 7324 11 489 -107 38 105 22
1534196037.2532067 635 547 581 680 571 679 -3428 -406 7362 29 333 -141 39 105 21
1534196037.3208551 635 547 581 680 571 679 -3434 -458 7410 188 855 -211 38 106 20
1534196037.374194 635 547 581 680 571 679 -3482 -406 7304 206 563 -5 38 106 20
1534196037.4523003 636 547 581 680 571 679 -3508 -452 7316 67 722 -306 38 107 21
1534196037.5149944 636 547 581 680 571 678 -3538 -436 7258 113 354 -105 39 105 22
1534196037.577498 635 547 581 680 571 679 -3520 -390 7368 264 385 -60 37 107 21
1534196037.6556053 635 547 581 680 571 679 -3598 -452 7244 239 570 -229 38 107 18
1534196037.7274826 635 547 581 681 571 679 -3556 -466 7254 233 126 -6 39 106 20
1534196037.7900708 635 547 582 680 571 679 -3628 -480 7310 201 540 -22 39 109 22
1534196037.8452249 635 547 581 680 571 679 -3604 -496 7144 199 199 -137 38 109 19
1534196037.923331 635 547 581 681 571 680 -3598 -420 7284 383 28 51 37 108 20
1534196037.9859426 635 547 582 680 571 679 -3634 -466 7170 244 204 -22 39 104 20
1534196038.0574868 635 547 582 680 571 678 -3590 -472 7252 264 101 -26 39 106 18
1534196038.1101017 635 548 581 680 571 679 -3594 -474 7266 244 178 127 38 107 21
1534196038.1882102 635 547 582 680 571 678 -3606 -444 7174 287 73 -52 39 105 19
1534196038.2440863 635 547 582 680 571 679 -3572 -464 7382 158 136 -1 38 107 18
1534196038.3228893 635 548 582 680 571 679 -3630 -476 7234 285 191 11 39 107 20
1534196038.3898783 635 547 582 681 571 679 -3624 -420 7252 193 288 7 40 106 18
1534196038.4523644 635 547 582 680 571 679 -3606 -480 7236 186 179 17 41 107 21
1534196038.5148504 635 547 582 680 571 679 -3598 -452 7298 241 446 -107 39 108 20
1534196038.5883167 635 547 582 680 571 679 -3648 -466 7216 310 243 -19 40 106 19
1534196038.640815 635 547 582 680 571 679 -3678 -486 7224 283 234 -52 39 107 19
1534196038.7216659 635 547 582 680 571 679 -3702 -488 7232 237 541 39 40 107 18
1534196038.7741878 636 548 582 681 571 679 -3662 -454 7226 267 68 57 40 107 16
1534196038.8522942 635 547 582 681 571 679 -3660 -414 7290 305 282 -41 38 108 19
1534196038.9147804 634 548 582 680 571 679 -3560 -486 7374 372 200 503 39 106 17
1534196038.9772646 635 547 581 680 571 678 -3966 -522 7110 333 629 967 39 108 19
1534196039.058815 635 547 582 681 571 679 -3702 -622 7004 -483 494 1254 37 108 17
1534196039.1261258 635 547 582 680 571 679 -3750 -514 7688 -1054 1302 1778 37 111 15
1534196039.1886077 635 547 588 680 571 679 -4004 -568 7478 -174 -246 976 35 108 18
1534196039.2597287 635 547 593 680 570 678 -3848 -542 6932 -1071 -787 920 35 112 18
1534196039.3345842 635 547 591 680 570 679 -3758 -50 7158 210 3499 860 35 114 11
1534196039.3917553 634 546 589 680 570 678 -3196 -590 6672 -3 292 687 35 114 15
1534196039.454027 634 546 583 680 570 678 -4830 -670 8036 -12 4278 702 36 115 12
1534196039.5323377 633 545 587 680 569 679 -3844 -310 5994 -710 2815 152 35 118 9
1534196039.6066005 631 544 583 679 568 678 -4704 -274 7750 -418 -1741 526 34 115 10
1534196039.6734521 631 544 583 680 568 679 -4274 -544 6492 293 638 -193 34 115 11
1534196039.7436075 632 545 583 680 568 679 -5210 -792 7022 2505 -3314 -2695 38 115 11
1534196039.819296 633 545 581 681 569 679 -2866 -236 7928 3809 -4837 -2494 37 113 15
1534196039.8903332 634 547 582 680 570 678 -4668 -1370 5042 4567 -504 -2465 38 110 14
1534196039.9528167 634 547 582 680 570 679 -4614 -396 6032 -1072 -4781 1704 37 107 18
1534196040.0309238 634 547 582 680 570 679 -2890 156 8588 -483 -2300 561 37 107 22
1534196040.1020403 635 547 582 680 571 679 -2954 -134 7522 398 1801 -672 33 107 23
1534196040.1579776 635 547 582 681 570 679 -3474 -244 6930 -139 162 -587 37 106 22
1534196040.2404027 634 547 582 680 571 680 -3238 -262 7612 -800 274 -505 38 103 21
1534196040.3104727 635 547 582 680 571 679 -3514 -422 7542 -162 1282 -456 37 106 22
1534196040.3757064 635 547 582 681 571 679 -3420 -426 7200 23 80 -175 40 103 20
1534196040.4381924 635 547 582 681 571 679 -3502 -414 7514 -231 241 -128 38 105 21
1534196040.500679 635 547 582 681 571 679 -3452 -446 7434 229 651 -238 40 105 20
1534196040.5808976 635 547 582 681 571 679 -3450 -422 7220 258 724 -38 38 105 18
1534196040.6422162 635 547 582 680 571 678 -3498 -450 7366 212 90 -52 39 106 18
1534196040.714283 635 547 582 680 571 679 -3522 -476 7256 207 388 -87 39 107 18
1534196040.7808728 634 547 582 680 571 679 -3414 -388 7204 55 127 -209 39 107 18
1534196040.8439057 635 547 582 680 571 679 -3598 -484 7356 235 262 -78 40 105 17
1534196040.9063926 635 547 582 680 571 679 -3476 -482 7364 337 285 63 40 103 19
1534196040.968877 634 547 582 681 571 679 -3470 -434 7270 155 298 -64 40 104 20
1534196041.048431 635 548 582 681 571 678 -3512 -468 7298 243 165 -68 40 106 20
1534196041.1268275 635 547 582 680 571 678 -3468 -428 7302 247 263 32 40 106 18
1534196041.1782103 635 547 582 680 571 679 -3550 -516 7282 121 292 -20 39 105 18
1534196041.2446148 635 547 582 680 571 679 -3532 -472 7322 -77 817 -138 39 108 19
1534196041.317764 635 547 582 680 571 678 -3606 -596 7176 252 157 -111 41 107 17
1534196041.3760798 635 547 582 680 571 679 -3536 -542 7314 168 94 -131 40 104 17
1534196041.4385655 635 547 582 680 571 678 -3562 -490 7230 108 356 -132 39 105 19
1534196041.5166726 635 547 582 680 571 679 -3568 -564 7296 8 49 -122 41 105 20
1534196041.5840733 635 547 582 680 571 679 -3626 -546 7246 32 102 -196 40 107 18
1534196041.6423552 635 547 582 680 571 679 -3654 -610 7290 155 39 -57 41 105 18
1534196041.71679 635 547 582 680 571 679 -3510 -586 7266 160 -19 87 40 106 18
1534196041.7879996 634 547 582 680 571 679 -3492 -580 7224 224 -64 38 41 104 19
1534196041.8430011 635 547 583 680 571 679 -3586 -598 7356 294 -206 102 40 105 19
1534196041.9057057 635 547 582 680 571 678 -3588 -624 7236 392 -336 402 40 104 19
1534196041.9837341 634 547 582 680 571 679 -3432 -522 7332 601 -1439 575 37 106 20
1534196042.0559893 635 547 582 681 571 679 -3322 -402 7306 667 -971 303 38 103 20
1534196042.1113865 635 547 582 680 571 679 -3306 -488 7402 488 -967 255 40 103 23
1534196042.1894944 635 547 582 680 571 679 -3222 -412 7436 251 -11 47 40 103 21
1534196042.2440305 635 547 582 680 571 679 -3286 -478 7322 222 -68 79 38 103 21
1534196042.3208113 634 547 582 680 571 679 -3160 -460 7426 420 5 213 39 105 21
1534196042.3747606 634 547 582 681 571 679 -3316 -358 7082 -560 252 651 38 101 21
1534196042.4528675 634 547 582 680 571 678 -3036 -500 7624 -1067 1018 2026 38 103 21
1534196042.5153522 635 547 589 681 571 679 -3270 -832 7574 -833 452 1767 39 102 21
1534196042.5939236 635 547 592 681 571 679 -3112 -74 7312 713 -2520 -1358 38 102 23
1534196042.6564083 635 547 596 680 570 679 -3676 -864 7080 -291 2549 216 40 105 23
1534196042.7274044 634 546 586 680 570 678 -2338 -526 6828 -1813 683 1229 36 102 21
1534196042.8093095 633 545 583 680 569 678 -3950 -924 8526 -2268 365 1651 41 102 22
1534196042.8750622 631 544 584 679 568 679 -3012 -1104 6290 246 1855 358 39 105 20
1534196042.937546 631 543 584 679 567 678 -3490 -584 8228 -419 -1795 -1470 41 102 20
1534196043.015682 630 543 583 679 567 678 -2324 -976 7200 721 2201 -2382 42 104 21
1534196043.0915866 631 544 586 680 567 678 -2950 -656 8046 808 -9216 -3624 44 100 24
1534196043.156362 633 545 582 680 569 679 -1400 -352 8822 7038 3271 -5956 44 98 24
1534196043.2271922 635 546 587 680 569 679 -4546 -1826 3896 29 -3893 65 43 95 30
1534196043.2993226 635 546 582 680 570 678 -1858 -278 9644 -1085 -3562 991 44 91 30
1534196043.3602648 635 547 582 680 570 678 -1560 -558 7546 1600 691 -43 45 91 31
1534196043.422751 635 547 582 680 570 678 -2470 -678 7532 -2 -1270 465 42 91 32
1534196043.4852362 635 547 582 680 570 679 -1894 -504 8022 163 660 120 43 90 31
1534196043.563349 635 547 583 680 571 679 -2112 -520 7554 -193 1049 -34 42 92 34
1534196043.6258283 635 547 582 681 571 679 -2278 -866 7896 -325 347 181 44 93 31
1534196043.6883144 635 547 583 680 571 679 -2086 -680 7670 -98 515 485 42 93 31
1534196043.7669806 635 547 582 680 570 679 -2052 -726 7722 -463 817 126 43 91 28
1534196043.8477645 635 547 583 680 571 678 -2348 -700 7854 -119 378 -112 44 90 31
1534196043.9145875 635 547 582 681 571 679 -2342 -912 7634 -27 367 185 44 92 31
1534196043.9754322 634 547 583 680 571 679 -2392 -778 7794 175 217 222 42 93 30
1534196044.0322716 635 547 583 680 571 679 -2266 -702 7674 236 523 89 43 93 29
1534196044.0990953 635 547 582 680 571 679 -2332 -724 7746 211 395 202 44 90 29
1534196044.16392 635 547 583 681 571 679 -2240 -792 7646 77 603 199 43 92 30
1534196044.2297473 635 548 582 681 571 679 -2394 -762 7684 -25 585 -11 45 94 28
1534196044.2945738 635 547 583 681 571 679 -2466 -800 7774 -60 543 10 43 93 30
1534196044.3613925 635 548 582 681 571 679 -2514 -854 7694 -146 694 312 43 94 27
