1535509900.0202162 725 648 661 723 717 716 4980 -2836 5512 122 165 -34 137 115 5
1535509900.0843406 721 645 657 720 715 713 4892 -2926 5566 299 107 114 33 30 3
1535509900.14984 720 644 655 718 713 711 4994 -2790 5498 301 152 131 32 28 2
1535509900.2143106 718 643 654 718 712 710 4928 -2826 5584 129 38 -82 33 29 4
1535509900.2776494 718 642 654 718 711 709 4940 -2954 5578 298 193 87 34 31 3
1535509900.3405306 718 642 653 718 711 709 4994 -2850 5540 256 76 70 34 29 2
1535509900.4051085 718 642 653 717 710 707 5008 -2838 5506 301 135 -53 34 30 3
1535509900.4704485 718 641 652 717 710 708 4884 -2894 5510 369 422 399 32 27 4
1535509900.5348766 717 641 651 717 710 707 4874 -2840 5622 83 -79 -130 31 31 4
1535509900.599929 717 640 651 717 709 706 5088 -2892 5382 117 13 -26 34 28 0
1535509900.752882 717 640 651 717 708 706 4876 -2852 5584 367 301 80 31 28 4
1535509900.8560753 717 639 651 717 708 705 4892 -2850 5618 55 24 -214 32 29 2
1535509900.903342 717 639 650 716 708 706 4998 -2870 5416 64 -47 -95 33 28 3
1535509900.934904 717 638 650 716 707 704 4926 -2850 5552 388 252 86 34 28 3
1535509900.9682012 716 638 649 716 707 704 4962 -2846 5496 222 114 63 31 30 4
1535509901.0039215 716 637 649 716 706 703 4948 -2878 5494 191 161 80 33 31 0
1535509901.045775 715 637 649 716 706 703 4920 -2850 5616 365 203 82 32 29 2
1535509901.111359 715 636 649 716 705 703 4948 -2840 5576 150 91 -131 35 28 2
1535509901.173163 715 636 648 716 705 703 4974 -2870 5530 174 68 4 33 28 4
1535509901.2377646 715 636 648 715 705 702 4942 -2824 5594 279 221 50 33 31 4
1535509901.4107478 715 635 647 715 705 702 4946 -2844 5478 175 117 20 33 28 3
1535509901.4430852 714 635 647 715 704 702 4910 -2854 5576 148 103 -198 34 30 2
1535509901.4771178 714 635 647 715 704 701 4984 -2888 5496 395 265 207 35 29 2
1535509901.5184367 714 634 647 715 704 701 4926 -2830 5574 239 137 -9 34 29 3
1535509901.5597777 715 634 647 715 703 700 4894 -2866 5570 203 161 57 33 29 3
1535509901.6240265 714 634 647 715 703 700 4974 -2796 5442 207 147 61 32 28 2
1535509901.687967 713 633 646 715 703 700 4916 -2880 5570 322 266 80 33 27 3
1535509901.7505043 714 633 646 715 703 700 4922 -2766 5552 153 74 36 35 30 2
1535509901.8148608 714 633 646 715 703 699 4936 -2872 5570 173 49 -68 32 30 5
1535509901.8791032 714 632 646 715 702 699 4944 -2856 5606 383 226 64 32 29 2
1535509902.1396167 713 632 646 715 702 698 4920 -2864 5590 238 25 -11 32 28 2
1535509902.177608 713 632 645 714 702 699 4982 -2832 5538 210 62 -49 31 29 2
1535509902.210244 712 631 645 714 702 699 4910 -2904 5604 156 121 7 33 29 4
1535509902.245392 712 631 645 714 702 698 4964 -2790 5584 209 147 -20 34 30 2
1535509902.2811348 713 631 645 714 702 698 4942 -2868 5478 264 161 10 34 29 3
1535509902.3189487 712 631 645 714 701 698 4910 -2822 5516 141 38 10 33 30 2
1535509902.3582098 712 631 645 714 702 697 4922 -2912 5528 274 179 46 34 30 3
1535509902.3968887 711 630 645 714 701 698 4904 -2804 5566 293 188 127 36 30 3
1535509902.4538386 711 630 644 714 701 697 4886 -2840 5560 257 240 -62 33 29 1
1535509902.5173404 711 630 644 714 701 697 4952 -2824 5540 185 86 72 33 29 3
1535509902.6656594 711 630 644 714 701 696 4926 -2806 5602 230 136 -54 32 28 3
1535509902.6950178 711 629 644 714 701 696 4906 -2908 5558 246 214 67 34 30 3
1535509902.729792 711 629 644 714 701 697 4916 -2804 5560 222 39 32 31 31 2
1535509902.7775836 710 629 644 714 701 695 4920 -2914 5564 255 198 -94 33 28 2
1535509902.839328 710 629 644 714 701 696 4922 -2854 5592 159 150 181 36 29 4
1535509902.9029732 710 628 643 713 701 696 4954 -2780 5578 254 186 -8 34 29 2
1535509902.9656174 710 628 643 714 700 696 4880 -2886 5618 182 82 29 34 29 4
1535509903.0299187 710 628 643 714 701 695 4952 -2798 5556 147 69 -29 32 31 3
1535509903.0934515 710 628 643 713 700 694 4896 -2890 5570 154 112 -3 34 28 4
1535509903.1586163 710 628 643 713 700 695 4986 -2754 5546 305 222 180 33 28 2
1535509903.388827 710 627 643 713 700 694 4874 -2852 5580 212 127 -115 33 29 3
1535509903.4228663 710 627 643 713 700 695 4932 -2884 5642 214 90 59 31 30 2
1535509903.455078 709 627 643 713 700 693 4920 -2802 5600 209 62 5 33 28 1
1535509903.4923584 708 627 643 713 700 693 4920 -2830 5528 255 122 24 32 30 3
1535509903.5376678 709 627 643 713 700 694 4944 -2842 5568 203 83 21 33 29 3
1535509903.5844188 709 627 642 713 700 693 4920 -2832 5556 219 55 -64 32 29 3
1535509903.6281605 709 627 642 713 700 693 4904 -2886 5574 240 127 36 32 29 4
1535509903.67597 708 627 643 713 700 692 4980 -2832 5572 169 88 39 32 29 1
1535509903.7305086 708 627 642 713 700 692 4940 -2874 5540 298 127 47 32 29 4
1535509903.794704 708 626 642 713 700 692 4906 -2862 5538 252 104 27 33 29 1
1535509904.0269442 708 626 642 713 700 693 4930 -2874 5556 254 169 49 31 30 3
1535509904.0619059 708 626 642 713 699 692 4990 -2838 5558 239 113 114 34 29 2
1535509904.098781 707 626 642 713 700 692 4870 -2880 5602 256 189 -45 34 30 2
1535509904.1347399 708 626 642 713 699 692 4950 -2856 5556 193 130 133 34 29 4
1535509904.1736388 707 626 642 713 700 692 4924 -2812 5566 199 118 -19 31 30 4
1535509904.215677 707 626 642 713 699 692 4902 -2918 5566 212 137 -42 32 28 4
1535509904.26203 707 625 642 713 699 691 4942 -2860 5538 279 91 118 33 29 2
1535509904.3111608 707 625 642 713 699 692 4890 -2814 5572 361 262 61 35 29 3
1535509904.3760097 707 625 642 713 699 691 4894 -2872 5552 133 108 -23 35 28 2
1535509904.439632 707 625 642 713 699 691 4932 -2808 5574 255 219 59 33 29 2
1535509904.6590748 707 625 641 713 699 690 4902 -2888 5578 213 143 6 34 30 4
1535509904.6976364 707 625 641 713 699 690 4884 -2860 5598 175 13 -35 33 29 4
1535509904.7324498 707 625 641 712 699 691 4928 -2850 5594 330 157 105 34 32 0
1535509904.7752726 707 625 641 713 699 690 4944 -2836 5524 195 127 86 33 29 3
1535509904.8238394 706 625 641 713 699 690 4914 -2832 5630 245 171 -54 32 28 2
1535509904.8737967 707 625 641 712 699 690 4900 -2828 5570 205 140 -3 34 29 2
1535509904.9203422 706 625 641 713 699 690 4876 -2872 5570 198 128 -10 34 28 4
1535509904.9700441 706 625 641 712 699 690 4998 -2806 5516 274 90 147 32 30 3
1535509905.0182905 706 625 641 713 699 689 4908 -2840 5602 215 127 -35 33 30 2
1535509905.0796356 707 624 641 712 699 690 4924 -2876 5528 174 59 3 33 29 3
1535509905.2903519 706 625 641 713 699 689 4934 -2848 5530 196 175 123 35 28 4
1535509905.320764 706 625 641 712 699 690 4910 -2778 5586 167 35 17 33 29 2
1535509905.353691 705 625 641 712 699 690 4900 -2928 5522 224 193 -64 32 29 -1
1535509905.3954577 706 625 641 712 698 690 4904 -2910 5582 185 104 133 33 31 2
1535509905.441161 706 624 641 712 699 690 4896 -2814 5600 228 146 3 31 30 2
1535509905.4886007 706 624 641 712 699 689 4892 -2866 5578 184 117 74 32 28 2
1535509905.5352318 707 624 641 712 698 690 4876 -2850 5592 262 117 -129 33 29 3
1535509905.5945618 706 625 641 712 699 689 4904 -2926 5548 107 14 36 33 30 2
1535509905.6585164 706 625 641 712 698 688 4966 -2780 5600 181 92 -42 32 31 3
1535509905.7224007 706 624 641 712 699 689 4860 -2908 5578 267 130 -7 33 30 2
1535509905.9167895 706 624 640 712 698 689 4956 -2848 5534 132 46 31 33 31 4
1535509905.9506135 706 625 641 712 699 689 4942 -2888 5598 203 105 -17 33 30 4
1535509905.9982853 706 624 640 712 698 689 4886 -2900 5556 181 140 39 31 28 2
1535509906.0415413 706 625 640 712 698 688 4956 -2804 5560 201 121 12 32 27 3
1535509906.0856652 705 624 640 712 698 689 4932 -2844 5530 302 168 105 32 28 2
1535509906.1354618 706 624 640 712 698 688 4934 -2848 5586 197 130 8 31 30 4
1535509906.1831255 706 625 640 712 698 689 4938 -2908 5576 199 44 -30 33 29 2
1535509906.2341878 706 624 640 712 698 688 4918 -2878 5530 306 215 142 32 29 3
1535509906.29974 706 624 640 712 698 688 4896 -2800 5616 272 180 -18 32 29 3
1535509906.351713 706 624 640 712 698 688 4902 -2834 5542 155 78 4 34 29 2
1535509906.6020856 706 624 640 712 699 688 4952 -2818 5610 262 210 10 31 30 4
1535509906.6333652 707 624 640 712 698 688 4912 -2914 5550 222 218 110 33 27 1
1535509906.6673825 706 624 640 712 698 688 4886 -2866 5582 198 149 22 34 31 2
1535509906.7178473 706 624 640 712 698 688 4886 -2798 5608 129 -49 -101 30 29 1
1535509906.7771027 706 624 640 712 699 688 4950 -2896 5548 328 178 10 33 29 4
1535509906.8192687 705 624 640 712 698 688 4934 -2902 5594 216 124 90 33 30 2
1535509906.8689659 706 624 640 712 698 687 4932 -2830 5578 192 35 6 32 30 2
1535509906.917439 706 624 640 712 698 687 4922 -2860 5532 260 204 -46 34 29 1
1535509906.9684567 705 624 640 712 698 687 4928 -2826 5588 164 59 13 33 32 3
1535509907.0174692 706 624 640 712 698 687 4918 -2878 5558 239 203 55 32 29 4
1535509907.218224 705 624 640 712 698 687 4918 -2852 5572 218 139 -42 32 28 2
1535509907.2670145 706 624 640 712 698 687 4934 -2932 5532 195 101 28 33 28 3
1535509907.3041298 706 624 640 712 698 687 4902 -2802 5608 239 169 92 32 26 1
1535509907.3506494 706 624 640 712 698 687 4918 -2864 5556 199 63 -80 33 29 1
1535509907.3969963 706 624 640 712 698 686 4906 -2856 5590 294 126 52 32 28 2
1535509907.4339223 706 624 640 712 698 687 4882 -2842 5580 210 112 22 34 28 4
1535509907.4939446 706 624 640 712 698 687 4950 -2880 5562 236 152 53 33 29 2
1535509907.5398715 706 624 640 712 698 687 4884 -2862 5570 216 121 -22 33 30 4
1535509907.5870492 706 624 640 712 698 687 4922 -2888 5600 284 145 63 35 29 3
1535509907.634646 706 624 640 712 698 687 4916 -2830 5550 220 72 21 33 29 2
1535509907.888766 706 624 640 712 698 686 4914 -2870 5612 256 250 103 33 29 1
1535509907.9172764 705 624 640 712 698 687 4918 -2890 5556 239 122 61 33 31 3
1535509907.9515774 705 624 640 712 698 687 4936 -2830 5532 239 178 16 33 29 2
1535509908.0050588 706 624 640 712 698 687 4924 -2828 5556 232 108 -96 35 27 3
1535509908.0511603 706 624 640 712 698 687 4888 -2870 5586 311 197 106 32 28 2
1535509908.0959427 705 624 640 712 698 687 4882 -2806 5598 191 93 26 33 28 2
1535509908.1345994 706 624 640 712 698 687 4958 -2860 5512 165 80 -67 33 30 2
1535509908.1897824 706 624 640 712 698 687 4912 -2846 5612 278 146 53 33 30 4
1535509908.2353764 706 624 640 712 698 687 4892 -2848 5566 180 212 42 34 29 5
1535509908.2901597 706 624 640 712 698 686 4922 -2814 5560 201 113 34 33 31 3
1535509908.5000234 705 624 640 712 698 687 4894 -2804 5598 242 152 24 32 29 2
1535509908.5400624 706 624 640 712 697 687 4920 -2842 5514 284 253 -20 31 28 3
1535509908.583902 705 624 640 712 698 687 4882 -2876 5626 210 125 -45 33 29 3
1535509908.634195 706 624 640 712 698 687 4870 -2844 5616 298 94 139 32 29 1
1535509908.6846259 705 624 640 712 698 686 4930 -2792 5538 149 -15 -223 32 30 3
1535509908.7336109 706 624 640 712 698 687 4990 -2846 5584 251 144 65 33 28 2
1535509908.7840278 706 624 640 712 698 686 4882 -2852 5660 212 123 -19 34 29 3
1535509908.8199215 706 624 640 712 698 687 4934 -2842 5514 171 88 23 33 28 2
1535509908.8701282 706 624 640 712 698 687 4920 -2792 5612 75 52 42 31 30 3
1535509908.9170413 706 624 640 712 698 686 4914 -2884 5500 278 234 4 33 28 1
1535509909.1739635 706 624 640 712 698 687 4894 -2800 5554 267 159 85 32 28 2
1535509909.2174523 705 624 640 712 698 687 4908 -2850 5546 218 159 -53 34 30 4
1535509909.2505074 706 624 640 712 697 687 4910 -2842 5508 127 74 90 31 29 0
1535509909.3082142 706 624 640 712 697 687 4886 -2804 5604 287 204 6 31 29 3
1535509909.3506227 706 624 640 712 698 687 4902 -2916 5568 135 7 145 34 29 4
1535509909.4002538 706 625 640 712 698 686 4900 -2882 5560 205 116 426 34 32 2
1535509909.4339397 705 624 640 712 698 687 5034 -2778 5554 -54 282 1328 32 28 3
1535509909.5007458 705 624 640 712 698 686 4620 -3246 5318 -169 1180 1803 32 29 2
1535509909.5515592 705 624 640 712 698 686 4826 -3550 6050 -4119 -692 2753 31 29 1
1535509909.6011324 706 624 640 711 698 687 4492 -2834 4944 -2008 -3129 227 35 31 4
1535509909.8672328 707 624 640 712 697 687 4482 -3694 5870 1027 -5943 690 35 28 0
1535509909.901388 706 624 640 712 697 687 5292 -4502 4072 7 -6028 11634 33 22 1
1535509909.9363446 706 624 640 712 697 687 5210 -3062 3088 1238 1686 5667 35 21 2
1535509909.98852 705 624 640 712 698 687 7232 -4268 7046 11733 -10261 7985 35 21 1
1535509910.0365107 706 624 640 712 697 687 3942 -4502 4898 14854 -10460 17333 32 23 5
1535509910.0890555 705 624 640 712 697 686 5010 -3698 4934 10915 -6732 4856 27 20 6
1535509910.1354547 706 624 640 712 698 686 3800 -2042 5598 13929 -4401 9656 24 18 12
1535509910.1961846 705 624 640 712 697 687 3900 -3738 4740 8506 -19135 10740 18 18 12
1535509910.2519329 706 624 640 712 698 687 4858 -3280 5306 8544 -5979 12539 16 11 13
1535509910.3055613 707 624 640 712 698 686 4730 -3190 5022 4951 -7107 10306 12 7 13
1535509910.5673764 706 624 640 712 697 687 4462 -4154 3986 -1813 -13096 9377 10 2 15
1535509910.6008477 706 624 640 712 697 687 5852 -4868 4706 -2848 -18260 -798 13 -7 12
1535509910.6530764 706 624 640 712 697 686 5700 -4208 1986 -16261 -14833 -5896 13 -11 1
1535509910.7091625 706 625 640 712 698 687 6028 -4312 -1214 2796 -5315 1761 15 -16 -9
1535509910.7506514 705 624 640 712 697 686 7018 -4716 -92 2895 -838 3935 20 -20 -16
1535509910.8015378 706 624 640 712 697 686 6326 -4890 642 5432 -746 422 21 -18 -18
1535509910.8521612 706 624 640 712 697 687 5894 -4514 174 5336 -2701 -769 20 -20 -17
1535509910.90743 705 624 640 712 697 686 6422 -5488 1416 1495 -1532 1603 19 -18 -18
1535509910.9508767 706 625 640 712 697 687 5936 -5526 550 6117 1092 -1030 19 -19 -21
1535509911.0138314 706 624 640 712 697 687 7412 -4336 820 1329 1356 5922 17 -20 -21
1535509911.292869 705 624 640 712 697 687 6404 -5580 1652 1211 563 -186 17 -18 -18
1535509911.3352811 706 624 640 712 697 687 5422 -5730 1150 -735 2529 -3989 19 -19 -17
1535509911.3700202 707 624 640 712 697 686 6852 -5700 1712 -2970 -2316 765 19 -18 -20
1535509911.4187362 706 624 640 711 697 686 5058 -3834 -994 -847 -5215 -12403 19 -19 -18
1535509911.4674702 706 624 640 712 698 687 7220 -4216 1388 8807 12513 2036 15 -18 -20
1535509911.5396194 706 624 640 712 697 687 6406 -4586 3060 -2871 14500 -1267 11 -18 -18
1535509911.58569 706 625 640 712 697 686 5374 -3968 3868 -777 10755 7988 10 -17 -11
1535509911.6527362 706 624 640 712 697 687 8962 -5368 2774 2792 -1505 15747 14 -11 -5
1535509911.7085345 705 625 640 712 697 686 5008 -7558 3026 1220 2335 12515 17 -7 -3
1535509911.7603307 705 624 640 712 697 687 4114 -6332 3134 1528 -41 2761 23 -6 -8
1535509912.1322668 705 624 640 712 697 687 4032 -5722 3608 5322 -2464 1580 26 -4 -7
1535509912.173959 706 624 640 712 697 687 4730 -5638 3830 1971 604 4462 22 -5 -4
1535509912.215702 705 624 640 712 697 686 3340 -6848 3512 -4552 3294 1922 22 -6 -7
1535509912.2568572 706 625 640 712 697 687 3442 -5722 3080 -2762 1840 1631 25 -6 -6
1535509912.2832994 706 624 640 712 697 687 3536 -6420 3944 -315 4241 5003 25 -5 -6
1535509912.336582 705 624 640 712 697 686 1800 -6898 4192 3544 -8434 61 28 -3 -7
1535509912.3868937 706 625 640 711 697 686 3386 -6182 3204 1960 4460 808 26 -2 -7
1535509912.4342234 706 624 640 712 697 686 2892 -6118 4642 -2 1479 -999 27 -2 -9
1535509912.5006957 705 625 640 712 697 687 3430 -5798 3358 -721 403 -483 24 -3 -7
1535509912.5501187 705 624 640 712 697 686 2960 -6306 3714 -651 1175 1337 24 -1 -8
1535509912.845072 706 625 640 712 697 687 3052 -6340 3760 589 102 409 24 -3 -7
1535509912.8794596 706 624 640 712 697 686 2892 -6524 3634 117 120 -779 26 -5 -6
1535509912.9189785 705 624 640 712 697 686 3200 -6132 3732 747 -112 30 26 -3 -7
1535509912.959297 705 624 640 711 697 686 2998 -5932 3330 1472 317 -155 25 -4 -6
1535509913.007079 705 625 640 712 697 686 2898 -6314 3876 -119 1046 26 27 -2 -7
1535509913.051342 706 625 640 712 697 687 3300 -6280 3674 893 1015 757 24 -1 -8
1535509913.098384 706 624 640 712 697 687 3082 -6412 3830 -108 33 570 23 -4 -6
1535509913.147411 706 624 640 712 698 686 2984 -6156 3626 694 853 1082 23 -4 -5
1535509913.193209 705 624 640 712 697 687 2774 -6556 4092 -236 733 -667 24 -4 -6
1535509913.2333257 705 624 640 712 698 686 3078 -5794 3610 2171 -151 1283 25 -2 -6
1535509913.4516656 705 624 640 712 697 686 3108 -6138 4250 -653 528 -34 27 -3 -7
1535509913.4932096 705 625 640 712 697 686 2728 -6276 3892 904 38 -830 24 -4 -5
1535509913.53388 705 624 640 712 697 687 2988 -6098 3962 -468 302 -504 23 -3 -6
1535509913.575259 705 625 640 712 697 686 3058 -6054 3908 755 145 -433 26 -4 -6
1535509913.6158514 705 624 640 712 697 686 2978 -6232 4282 -354 396 235 23 0 -5
1535509913.6552525 706 625 640 712 697 686 3076 -6050 3830 -415 404 -100 23 -2 -6
1535509913.6845388 706 625 640 712 697 686 3032 -6288 3928 303 113 27 24 -3 -6
1535509913.7467077 705 624 640 712 697 686 3064 -6226 3882 131 308 -233 25 -2 -6
1535509913.7907946 706 624 640 712 697 686 3064 -6134 3876 390 53 -8 22 -4 -7
1535509913.8341951 705 625 640 712 697 686 3036 -6290 4150 -879 330 70 24 -3 -7
1535509914.103232 705 624 640 712 697 686 3032 -6186 3738 691 166 11 25 -2 -6
1535509914.1345654 706 625 640 712 697 686 3062 -6174 3956 -182 325 -275 24 -3 -8
1535509914.1741445 705 625 640 712 697 687 3036 -6366 4106 44 412 80 24 -3 -8
1535509914.2194097 706 624 640 712 697 686 3126 -6034 3922 604 155 149 25 -4 -8
1535509914.266237 706 625 640 712 697 686 3052 -6168 3838 -114 278 -341 25 -1 -7
1535509914.3126493 706 624 640 712 697 687 3128 -6258 4150 448 195 150 25 -3 -9
1535509914.352081 706 625 640 712 697 686 2996 -6244 3998 154 237 -203 24 -2 -5
1535509914.40069 706 625 640 712 697 686 2998 -6292 4098 125 234 86 23 -3 -5
1535509914.4521997 706 625 640 712 697 687 3114 -6160 4054 498 178 259 22 -3 -6
1535509914.5094793 705 624 640 712 697 685 3014 -6346 4102 -79 249 -11 21 -2 -7
1535509914.7165866 706 625 640 712 697 686 3000 -6260 3994 -182 466 160 23 -1 -7
1535509914.7513256 706 625 640 712 697 687 3200 -5946 3874 376 175 -310 24 -4 -6
1535509914.8000994 706 624 640 712 697 686 3056 -6244 4004 334 101 226 23 -2 -6
1535509914.8338795 706 625 640 712 697 687 2982 -6192 3984 368 155 -56 24 -2 -5
1535509914.8994908 706 625 640 712 697 686 3114 -6148 3946 603 -35 29 23 -1 -5
1535509914.9322827 706 625 640 712 697 686 2936 -6316 4036 -584 246 -264 24 -2 -6
1535509914.9670794 706 625 640 712 696 687 3072 -6108 3914 409 -15 156 22 -3 -7
1535509915.002065 705 625 640 711 697 686 2944 -6198 3888 144 89 -439 24 -1 -6
1535509915.0394926 705 625 640 712 697 686 3130 -6124 3948 231 244 88 24 -2 -6
1535509915.0729008 706 625 640 712 697 686 3022 -6312 4228 176 182 70 24 -2 -7
1535509915.2509463 705 625 640 712 696 686 3056 -6212 4008 80 152 152 21 -4 -5
1535509915.2829585 706 625 640 712 696 686 3044 -6198 3976 172 278 262 23 -2 -5
1535509915.3094842 706 625 640 712 697 686 3042 -6268 4048 58 429 339 21 -3 -5
1535509915.3404644 706 625 640 712 697 686 3006 -6246 4046 393 133 -253 22 -2 -5
1535509915.387114 706 624 640 712 697 687 2950 -6188 3948 60 116 -330 24 -2 -3
1535509915.4516015 706 625 640 711 696 685 3194 -6232 4080 15 216 14 24 -3 -5
1535509915.5194917 706 625 640 712 696 686 2940 -6284 3884 -305 382 -697 24 -2 -7
1535509915.587729 706 624 640 712 696 686 3162 -6022 3786 -314 302 -463 23 -2 -5
1535509915.6546 706 624 640 711 697 686 3210 -6132 4008 -442 544 -229 22 -2 -6
1535509915.7225978 706 625 640 712 697 685 3098 -6296 4098 333 -132 -127 24 -2 -6
1535509915.9995978 705 624 640 712 697 686 3084 -6038 3802 -45 136 81 23 0 -6
1535509916.0385408 706 625 640 711 696 686 3196 -6258 3998 70 488 75 25 -4 -8
1535509916.0795212 706 625 640 711 696 687 3146 -6112 3794 -436 277 -716 24 -3 -4
1535509916.1236682 706 625 640 712 697 686 3142 -6268 3752 65 266 124 24 -1 -5
1535509916.1685977 706 624 640 712 697 686 3200 -6104 3716 93 229 238 24 -1 -8
1535509916.210562 706 625 640 712 696 686 3118 -6296 3744 -31 101 86 25 -1 -5
1535509916.2527535 706 625 640 711 696 686 3046 -6304 3728 -284 143 -225 26 0 -4
1535509916.3016057 706 625 640 712 696 687 3282 -6226 3770 -330 262 154 24 1 -7
1535509916.3507607 706 625 640 712 697 686 3058 -6340 3764 -189 270 -26 24 -1 -6
1535509916.3997416 706 625 641 712 697 686 2912 -6384 3828 -284 -2543 305 24 -2 -5
1535509916.7024913 706 625 640 711 696 686 3196 -6290 3478 106 203 -292 25 0 -6
1535509916.7365115 706 625 640 712 697 686 3190 -6304 3364 88 -1117 -477 25 -2 -7
1535509916.777123 706 625 640 712 696 686 3202 -6156 4124 -3071 -5202 -5505 24 1 -6
1535509916.8159761 706 625 640 711 696 686 3672 -6330 3046 -4876 -3200 -4215 25 -4 -9
1535509916.848325 706 625 640 711 697 686 4452 -6216 2178 862 107 -1172 23 -4 -10
1535509916.8820956 705 624 640 711 696 686 4274 -5822 2712 -102 -380 -935 23 -6 -12
1535509916.911374 706 624 640 712 696 686 4228 -6094 2708 501 65 -557 23 -5 -12
1535509916.9444382 705 625 640 711 696 686 4262 -6108 2866 137 117 -424 25 -5 -10
1535509917.0029545 705 624 640 711 697 685 4312 -6122 3122 -90 110 -88 24 -8 -12
1535509917.072812 706 625 640 711 697 687 4370 -5840 2508 -190 -256 -227 22 -7 -11
1535509917.2603798 706 625 640 711 696 686 4452 -6218 3140 -1677 351 32 23 -7 -9
1535509917.2934437 706 625 640 711 697 686 4590 -5862 2194 -238 560 -806 25 -5 -10
1535509917.326418 706 624 640 711 696 687 4498 -6078 3032 -1873 -702 -1677 25 -6 -11
1535509917.3700356 706 625 640 711 697 686 4502 -6028 2446 -266 -587 -689 23 -7 -11
1535509917.4186413 706 624 640 711 696 686 4642 -5954 2412 1686 515 609 24 -7 -11
1535509917.4887035 706 625 640 711 696 687 4642 -6300 3014 1783 463 1338 25 -6 -10
1535509917.558817 707 625 640 711 697 686 4440 -5938 2402 -189 364 -229 22 -6 -11
1535509917.6258316 706 625 640 711 697 687 4460 -6020 2720 679 593 802 24 -7 -12
1535509917.6923206 706 625 640 711 697 686 4420 -6058 2708 439 436 107 22 -4 -11
1535509917.7596445 706 625 640 712 697 686 4300 -5976 2774 812 628 175 24 -8 -10
1535509918.0261042 706 625 640 712 697 686 4448 -5954 3160 942 1404 -227 24 -5 -12
1535509918.0603962 706 624 640 712 696 686 4530 -5896 2984 453 172 -61 23 -6 -11
1535509918.0944023 706 625 640 711 697 686 4292 -6054 2820 -141 402 422 23 -5 -9
1535509918.1277318 706 625 640 711 697 686 4196 -6000 2966 -110 567 927 23 -6 -9
1535509918.1603358 706 625 640 711 697 686 4318 -5938 3002 -100 544 11 22 -6 -9
1535509918.2006195 706 625 640 711 697 686 4310 -6066 2924 -252 264 70 22 -5 -10
1535509918.2527325 706 625 641 711 696 686 4352 -6142 2920 -178 644 105 24 -6 -10
1535509918.3037262 706 625 640 711 697 686 4280 -5974 2904 187 250 -125 24 -6 -10
1535509918.3646185 706 625 640 711 697 686 4332 -6062 3054 -58 306 383 23 -7 -8
1535509918.4345527 706 625 641 711 697 686 4458 -5998 2858 -173 -305 231 21 -5 -9
1535509918.704015 706 625 640 711 697 686 4170 -6134 2846 -129 199 163 23 -5 -8
1535509918.7394223 706 625 640 711 697 686 4238 -6236 2896 8 -33 -4 25 -5 -9
1535509918.7754307 706 625 640 711 697 687 4312 -5962 2706 220 151 -125 22 -5 -9
1535509918.8114805 706 624 640 711 696 686 4394 -6186 2986 286 146 93 23 -7 -10
1535509918.8575885 706 625 640 712 696 686 4274 -6076 2824 358 67 4 23 -5 -8
1535509918.90544 705 625 640 711 696 686 4330 -6036 2878 -214 173 125 24 -4 -9
1535509918.9536445 705 625 641 712 696 686 4388 -6150 2812 613 94 177 25 -4 -12
1535509918.9984562 705 625 640 711 696 685 4266 -6048 2776 -75 108 -26 23 -7 -10
1535509919.0433226 706 625 641 712 697 685 4332 -6086 2862 238 253 211 24 -7 -7
1535509919.0947747 706 625 640 711 696 686 4334 -5960 2802 65 223 -116 24 -6 -8
1535509919.3624232 706 625 640 711 696 685 4260 -6086 2786 221 80 56 24 -5 -9
1535509919.3993967 706 625 640 711 696 685 4310 -6120 2816 18 155 2 24 -5 -10
1535509919.4399881 706 625 640 711 696 685 4372 -5942 2708 324 92 -121 24 -6 -10
1535509919.4793081 705 625 640 711 696 686 4298 -6054 2886 181 80 9 23 -7 -12
1535509919.5173087 706 625 640 711 696 685 4290 -6068 2740 32 86 104 23 -4 -10
1535509919.558523 706 625 640 711 696 686 4264 -6068 2776 145 232 -98 24 -6 -7
1535509919.6055734 706 625 640 711 696 686 4314 -6068 2714 -65 142 25 24 -5 -9
1535509919.6504648 707 626 640 711 696 686 4362 -6116 2830 245 77 85 22 -5 -9
1535509919.6954775 706 624 640 711 696 686 4334 -6056 2698 293 162 -77 24 -6 -9
1535509919.7447362 706 625 641 712 696 686 4310 -6056 2738 23 201 64 24 -4 -11
1535509920.0133169 706 625 640 711 696 686 4274 -6098 2752 168 87 -12 24 -5 -10
1535509920.0523438 706 625 640 711 697 686 4384 -6056 2740 294 173 106 23 -8 -10
1535509920.0942984 706 625 640 711 697 687 4322 -5886 2604 518 -29 -65 25 -6 -9
1535509920.1302614 706 625 641 711 697 686 4234 -6244 2982 453 -133 56 22 -6 -9
1535509920.1697035 706 625 640 711 696 685 4316 -6108 2866 867 249 712 24 -6 -10
1535509920.2094085 705 625 640 711 696 685 4278 -5846 3006 781 1098 1108 21 -8 -11
1535509920.2587378 705 625 640 711 696 686 3898 -5510 2732 62 -200 1300 22 -5 -11
1535509920.3106964 706 625 640 711 696 686 3770 -5860 1750 2070 -1261 -351 25 -5 -10
1535509920.3666098 705 625 640 711 697 686 3462 -6260 2416 1963 -146 -1404 24 -6 -12
1535509920.4268868 706 625 641 711 697 686 4296 -6688 2556 -3453 -1177 -2901 21 -7 -10
1535509920.7082608 706 626 641 712 697 686 3358 -6720 3144 3138 -1121 -1639 24 -5 -11
1535509920.7485032 706 626 641 712 697 686 5266 -6164 2792 3367 2011 1558 21 -5 -11
1535509920.7872407 706 626 640 712 696 686 2808 -7584 4402 -4397 -140 -3821 20 -5 -10
1535509920.8294766 706 626 640 712 697 686 5134 -4426 2258 2468 -97 1576 24 -4 -10
1535509920.8652277 706 625 640 712 696 687 4286 -6090 3656 -190 993 3967 21 -7 -9
1535509920.9043002 706 625 640 712 697 687 3416 -6706 2672 -1862 504 105 20 -4 -10
1535509920.952032 705 626 640 711 696 685 3970 -6424 2774 -109 638 -241 25 -4 -9
1535509921.0006733 706 625 639 711 696 686 4242 -5986 2958 265 90 -1093 23 -5 -9
1535509921.0484657 705 625 640 711 696 686 4148 -6178 3094 115 256 188 23 -6 -8
1535509921.116544 705 626 640 712 697 686 4014 -6302 2784 283 222 -235 26 -4 -11
1535509921.39726 705 625 640 711 696 686 4014 -6218 3028 -208 262 -189 24 -3 -8
1535509921.438178 706 625 640 711 696 686 4198 -6126 2876 137 163 114 24 -4 -7
1535509921.4711938 706 625 640 711 697 686 4108 -6164 2818 364 181 30 23 -6 -8
1535509921.5061836 706 626 640 711 696 686 4018 -6226 2936 -81 127 4 24 -4 -7
1535509921.553612 706 625 640 711 696 685 4066 -6202 2834 584 163 -39 23 -5 -9
1535509921.605618 706 625 640 711 697 685 4140 -6164 2898 -137 108 -233 23 -3 -9
1535509921.6503057 705 625 640 711 697 686 4072 -6258 2960 422 147 -2 24 -5 -10
1535509921.6966045 705 625 640 711 696 685 4082 -6168 2772 354 78 9 25 -5 -9
1535509921.7443538 706 625 640 711 696 685 4148 -6174 3114 9 334 148 24 -5 -9
1535509921.7942946 706 626 640 711 696 685 4144 -6178 2920 26 137 -13 23 -5 -9
1535509922.0591805 706 626 640 711 696 686 4036 -6116 2814 720 -105 -82 23 -4 -11
1535509922.098898 706 625 640 711 696 686 4328 -6270 2816 783 257 -697 23 -4 -9
1535509922.1396327 706 625 640 711 696 687 3888 -6476 3588 3105 -41 1079 25 -3 -11
1535509922.1831987 706 626 640 711 696 686 3420 -7500 2796 -898 -1314 -740 24 -4 -11
1535509922.2304842 706 625 640 711 696 686 4062 -6658 3382 2741 -516 -627 23 -3 -10
1535509922.2793436 706 625 640 712 696 686 3904 -6556 2872 -993 82 -1408 20 -3 -12
1535509922.3330503 706 625 639 711 696 686 3920 -6534 2328 -3184 437 -1214 20 -3 -11
1535509922.3833802 706 626 640 711 696 686 4526 -6158 2528 456 1314 3476 26 -3 -12
1535509922.4325244 706 625 639 711 696 686 2998 -8292 2886 -1587 1100 -1532 25 -4 -12
1535509922.4808075 706 625 639 711 697 686 5250 -4360 1432 2253 165 1977 26 -2 -9
1535509922.7601435 706 625 639 711 696 685 3678 -6570 3398 708 -336 2352 27 -3 -10
1535509922.80321 706 626 639 711 696 686 3034 -7220 2334 -1930 1683 -1222 28 -2 -10
1535509922.851466 706 625 639 711 696 686 4098 -5812 2248 1304 -429 205 28 -3 -12
1535509922.90131 706 625 639 711 696 685 3752 -6424 2842 101 526 -870 27 -2 -7
1535509922.9471533 706 626 639 711 696 686 3872 -6458 2704 639 -104 426 25 -3 -11
1535509922.995327 706 625 639 711 696 687 3798 -6364 2662 490 233 -317 28 -5 -10
1535509923.0463932 707 626 639 711 696 686 4004 -6306 2620 968 -188 317 26 -2 -7
1535509923.0965555 705 626 639 711 696 685 3784 -6352 2726 -255 449 -28 26 -3 -10
1535509923.1454551 706 625 639 711 697 685 3824 -6422 2678 393 224 -512 25 -6 -11
1535509923.1925473 706 625 639 711 696 686 3914 -6266 2720 299 256 -329 27 -3 -10
1535509923.4540524 706 626 639 711 696 687 3908 -6382 2598 166 187 -60 28 -3 -9
1535509923.4911163 706 625 639 711 696 686 3910 -6324 2722 207 182 -146 26 -3 -7
1535509923.5270352 706 625 639 711 696 686 3878 -6446 2736 240 102 -34 27 -3 -12
1535509923.57026 707 625 639 711 696 686 3926 -6426 2708 590 116 27 25 -3 -8
1535509923.619322 707 625 639 711 696 686 3788 -6298 2678 -145 197 -12 24 -4 -11
1535509923.6640353 707 625 639 711 696 686 3842 -6498 2782 133 220 -85 27 -3 -9
1535509923.7123427 706 626 639 711 696 686 3922 -6430 2774 198 277 -147 27 -3 -8
1535509923.7582932 706 626 639 711 696 687 3998 -6378 2802 44 206 147 27 -1 -9
1535509923.8082907 706 625 639 711 696 686 3884 -6406 2752 570 151 -12 26 -3 -9
1535509923.8582823 707 626 640 711 697 686 3866 -6342 2812 48 285 325 24 -5 -12
1535509924.129049 707 625 639 711 696 685 3866 -6366 2670 159 97 -147 26 -4 -8
1535509924.1649725 707 625 639 711 696 686 3908 -6408 2812 387 162 58 26 -2 -8
1535509924.204029 706 625 639 711 696 686 3850 -6302 2582 130 229 136 26 -4 -9
1535509924.2440956 706 625 639 711 696 686 3766 -6452 2698 244 94 -293 28 -4 -10
1535509924.293334 706 625 639 711 695 685 3876 -6368 2800 229 112 -56 27 -4 -9
1535509924.3451827 706 626 639 711 696 686 3506 -6516 2464 561 1308 -359 25 -5 -10
1535509924.3954563 706 626 639 711 696 686 3300 -4720 2318 676 1464 2434 26 -5 -9
1535509924.4452472 706 625 639 711 696 685 3170 -6402 2438 2437 -727 1056 26 -3 -7
1535509924.4951677 707 625 639 711 696 685 3710 -7030 4550 3459 167 -990 27 -1 -7
1535509924.5463428 706 626 639 711 696 685 4680 -5056 1958 2715 -628 2206 27 -2 -8
1535509924.8241203 706 625 639 711 696 685 3542 -6816 3446 -497 726 -889 26 -3 -8
1535509924.8658748 706 626 639 711 696 686 4144 -6584 1562 -3869 -256 -5071 22 0 -9
1535509924.9080424 706 625 639 711 696 686 4392 -5588 2788 -4506 476 3347 26 -4 -10
1535509924.9509656 706 626 640 711 696 685 3230 -7388 1672 857 -317 -6862 25 -4 -12
1535509924.9984436 706 626 640 711 696 686 5856 -5130 2992 3868 454 4937 24 -3 -9
1535509925.0462096 706 626 640 711 695 686 3846 -6470 3230 -657 609 2860 26 -4 -8
1535509925.0981846 706 626 640 711 696 685 3202 -7128 2158 -873 751 807 27 -3 -11
1535509925.1450565 706 626 640 711 696 685 3838 -6300 2500 416 546 240 28 -2 -9
1535509925.1922305 706 626 640 711 696 685 3998 -6240 2680 974 178 -931 27 -3 -10
1535509925.2401657 706 626 640 711 696 686 3734 -6470 2628 336 86 -134 26 -4 -10
1535509925.4788399 706 625 639 711 696 686 3922 -6426 2678 66 499 3 27 -3 -9
1535509925.5153887 706 626 640 711 696 685 3778 -6384 2624 695 108 -284 27 -1 -9
1535509925.556226 706 626 640 711 696 687 3868 -6432 2892 607 358 422 26 -2 -10
1535509925.605385 706 626 640 711 696 686 3750 -6384 2716 369 126 -264 29 -1 -13
1535509925.6521392 706 626 640 711 696 687 3862 -6432 2874 -9 243 -16 26 -3 -8
1535509925.6971931 706 626 640 711 696 686 3896 -6352 2774 183 200 -105 27 -2 -8
1535509925.7441564 706 626 640 711 696 686 3836 -6432 2760 57 259 39 26 -2 -9
1535509925.7953658 706 626 640 711 696 686 3908 -6420 2774 422 254 -175 26 -3 -8
1535509925.8444154 707 626 640 711 696 686 3988 -6382 2914 111 246 163 28 -5 -8
1535509925.8922522 707 626 640 711 696 686 3762 -6412 2776 243 240 145 27 -3 -8
1535509926.1567767 707 626 640 711 696 686 3844 -6382 2764 59 105 -191 27 -2 -8
1535509926.197323 707 626 640 711 696 685 3926 -6408 2878 261 289 265 26 -1 -8
1535509926.2339294 707 626 640 711 696 686 3896 -6378 2640 178 59 140 26 -3 -11
1535509926.271858 706 626 640 711 696 686 3756 -6382 2766 247 151 -47 29 -3 -9
1535509926.3111005 706 626 640 711 696 686 3772 -6420 2704 56 237 -74 28 -1 -9
1535509926.3592396 706 626 640 711 696 686 3832 -6302 2698 29 230 152 27 -1 -9
1535509926.4039767 706 626 639 711 696 686 3706 -6478 2698 107 72 -83 26 -4 -9
1535509926.45221 706 626 640 711 696 686 3828 -6438 2692 243 138 -147 27 -3 -10
1535509926.5020688 707 626 640 711 696 686 4630 -5552 2394 121 1183 2413 27 -2 -8
1535509926.5599294 706 626 640 711 696 686 3252 -6464 2444 338 7 2181 27 -3 -8
1535509926.8238766 706 626 639 711 696 686 3658 -6202 2362 492 1780 1536 27 -4 -8
1535509926.8641207 706 626 639 711 696 686 3248 -7556 3570 2693 -1142 -1165 27 0 -9
1535509926.9089763 706 625 639 711 695 686 3876 -6012 2716 258 -1279 -3488 27 -3 -9
1535509926.957096 705 625 639 711 696 685 3928 -6510 2386 -4256 191 -1064 28 -3 -8
1535509927.0049927 706 626 639 711 696 685 4042 -6432 2766 644 2877 3558 27 -3 -11
1535509927.0609198 706 626 639 711 696 686 2994 -7210 2770 -3439 -414 -3571 28 -1 -10
1535509927.1110568 706 626 640 711 696 685 4658 -5496 2200 1085 1906 1175 28 -1 -10
1535509927.1599069 706 626 639 711 696 686 3788 -6248 3008 -1176 451 -235 27 -6 -9
1535509927.2090359 706 626 640 711 696 685 3610 -6738 2338 -367 621 1640 27 -4 -10
1535509927.2570107 705 626 640 711 696 685 3616 -6598 2500 748 76 94 27 -3 -9
1535509927.5197742 706 626 640 711 695 686 3916 -6482 2810 313 94 7 28 -2 -9
1535509927.557062 706 626 639 711 696 686 3726 -6456 2550 532 95 35 25 -3 -8
1535509927.5931458 706 626 640 711 696 686 3718 -6558 2600 216 337 -191 26 -3 -11
1535509927.6349094 706 626 640 711 695 685 3814 -6460 2634 292 351 -539 27 -1 -6
1535509927.679921 706 625 640 711 696 686 3864 -6380 2568 188 85 -35 27 -1 -9
1535509927.7269928 706 626 640 711 696 686 3752 -6482 2584 217 59 8 28 -2 -10
1535509927.7750516 706 626 639 711 695 685 3790 -6448 2588 118 174 -102 29 -2 -9
1535509927.8250766 706 626 640 711 696 686 3796 -6460 2620 436 112 -155 27 -2 -9
1535509927.8729587 706 626 640 711 696 686 3804 -6436 2582 299 236 55 25 -2 -9
1535509927.9193954 706 625 640 711 695 686 3844 -6408 2600 78 89 135 28 -2 -9
1535509928.1478195 707 626 640 711 695 686 3710 -6566 2736 281 217 51 28 -1 -8
1535509928.1868804 706 626 640 711 695 686 3846 -6404 2600 328 151 -68 25 -2 -7
1535509928.2319126 706 626 640 711 696 686 3766 -6436 2750 46 181 -65 26 -4 -9
1535509928.2821286 706 626 640 711 696 686 3882 -6426 2666 104 190 168 28 -2 -7
1535509928.3339622 706 626 640 711 696 686 3834 -6536 2616 195 189 -29 27 -1 -10
1535509928.3788574 706 626 640 711 696 686 3846 -6460 2690 167 93 6 28 -2 -9
1535509928.4250495 706 626 640 711 696 686 3742 -6526 2650 203 179 63 27 -2 -9
1535509928.4739296 706 626 640 711 695 686 3786 -6474 2614 155 132 -47 30 -1 -8
1535509928.520975 706 626 640 711 696 686 3820 -6486 2630 119 148 -78 27 -2 -8
1535509928.5768604 706 626 640 711 696 686 3788 -6506 2700 211 165 59 28 -1 -9
1535509928.8356187 706 626 640 711 696 686 3798 -6486 2594 -122 145 233 28 -2 -8
1535509928.8759527 706 626 640 711 696 686 3852 -6404 2622 450 -377 -135 27 -2 -11
1535509928.917779 706 626 640 711 695 686 3642 -5974 2482 -860 1011 1458 26 -2 -8
1535509928.959739 705 626 640 711 695 686 3438 -6840 2126 -438 -1029 2457 29 -1 -10
1535509929.0018747 706 626 640 711 696 686 5106 -5282 1812 676 662 2717 29 -1 -9
1535509929.0519412 706 626 639 711 696 685 3238 -6364 3112 1081 271 -214 29 -2 -10
1535509929.100824 706 626 640 711 696 686 4382 -5114 2308 -1904 757 1332 27 -1 -8
1535509929.149937 706 626 640 711 696 686 3844 -6702 2580 -336 1954 959 26 -2 -9
1535509929.1995485 707 626 640 711 696 686 3506 -6756 2996 -1192 -830 2383 26 -2 -7
1535509929.2539275 707 626 640 711 695 686 2096 -6266 2584 -2759 -3167 -6829 29 -2 -11
1535509929.515667 706 626 640 711 696 686 4956 -5696 3256 1425 422 2181 28 -1 -9
1535509929.5536456 706 626 640 711 695 686 3388 -6810 2696 -940 491 1591 27 -3 -10
1535509929.5949066 707 626 640 711 695 686 3448 -6876 2268 182 624 195 28 -2 -8
1535509929.6398456 707 626 640 711 696 686 3690 -6516 2630 811 19 -294 28 -1 -11
1535509929.6868384 707 626 640 711 696 686 3696 -6658 2864 1269 -34 1355 29 0 -10
1535509929.7348638 707 626 640 711 695 685 3646 -6432 2600 198 187 154 28 -2 -11
1535509929.7828236 707 626 640 711 696 686 3458 -6700 2564 40 181 -519 29 -2 -10
1535509929.830815 707 626 639 711 695 686 3636 -6522 2714 155 366 -169 29 -3 -8
1535509929.8767867 706 626 640 711 696 685 3650 -6568 2670 128 211 -295 28 0 -9
1535509929.9207058 707 626 640 711 696 686 3646 -6574 2562 805 170 44 28 -3 -9
1535509930.1595082 706 626 640 711 695 686 3662 -6570 2688 534 76 -361 29 -1 -8
1535509930.199937 706 626 640 711 696 685 3750 -6408 2800 52 130 34 28 -2 -8
1535509930.2377608 706 626 640 711 695 686 3590 -6632 2706 230 107 -193 28 -2 -8
1535509930.2765899 706 626 639 711 696 686 3644 -6404 2604 34 84 176 27 -2 -7
1535509930.3166745 707 626 640 711 695 685 3590 -6548 2750 -213 312 118 28 -2 -9
1535509930.3536718 707 626 640 711 695 686 3692 -6448 2774 72 197 -182 28 -3 -9
1535509930.3988087 706 626 640 711 696 685 3670 -6544 2648 255 67 23 30 -1 -10
1535509930.4402492 707 626 640 711 695 686 3596 -6550 2732 5 139 60 27 -2 -9
1535509930.4888563 707 626 640 711 696 686 3624 -6574 2654 408 153 -255 28 -1 -11
1535509930.5378544 707 626 640 711 695 686 3664 -6534 2708 285 188 158 29 -4 -10
1535509930.810579 706 626 640 711 695 686 3608 -6540 2686 111 216 -164 30 -3 -9
1535509930.8486981 707 626 640 711 696 686 3570 -6642 2684 163 379 -355 27 -2 -10
1535509930.8844695 707 626 640 711 696 686 3702 -6518 2726 317 137 -18 28 0 -9
1535509930.922506 707 626 640 711 695 686 3648 -6556 2728 178 172 -177 26 -1 -9
1535509930.9646032 706 626 640 711 696 685 3776 -6638 3058 168 -631 1052 27 -3 -10
1535509931.009688 707 626 640 711 695 686 3390 -6476 1964 1654 1268 1310 29 -3 -8
1535509931.058983 707 626 640 711 695 685 3572 -5388 2146 2378 323 1368 27 -2 -9
1535509931.1107492 707 626 639 710 695 686 3576 -6736 1800 116 -302 -342 27 -2 -10
1535509931.1616764 706 626 640 711 695 686 3722 -6588 2370 1711 -1042 -1129 27 -5 -11
1535509931.209546 707 626 640 711 696 686 4206 -6054 3024 457 -518 -1617 24 -2 -9
1535509931.491483 707 626 639 711 695 686 3938 -6762 3682 -2345 1571 725 28 0 -9
1535509931.535525 707 626 639 711 696 686 2178 -8070 2096 361 -2045 -3926 29 -1 -11
1535509931.5774517 706 626 640 711 695 686 4858 -5668 3314 4227 1813 3920 27 -4 -9
1535509931.6255715 706 626 640 711 696 685 3592 -6272 3078 -2233 -4 807 27 -3 -12
1535509931.66854 706 626 640 711 695 686 3132 -7192 2354 -763 748 1581 29 -1 -12
1535509931.7146053 706 626 640 711 696 686 3672 -6490 2586 257 -26 -125 30 -1 -11
1535509931.7638035 706 626 640 711 696 685 3672 -6464 2820 25 252 127 29 -2 -12
1535509931.805944 706 626 640 711 695 686 3470 -6694 2470 -11 -67 46 28 0 -10
1535509931.8557642 706 626 640 711 695 686 3556 -6626 2730 111 293 -286 27 -2 -10
1535509931.906759 705 626 640 711 696 686 3594 -6590 2674 211 246 -197 29 -2 -13
1535509932.1655211 706 626 640 711 696 686 3628 -6588 2518 89 127 -139 30 -1 -10
1535509932.20678 706 626 640 711 696 687 3600 -6690 2530 540 218 -208 28 0 -10
1535509932.2424145 706 627 640 711 695 685 3566 -6510 2580 90 88 90 31 -1 -14
1535509932.2795942 706 626 640 711 695 686 3558 -6632 2546 384 200 -61 30 -2 -11
1535509932.3276415 706 626 640 711 695 687 3588 -6540 2720 178 67 313 29 -3 -11
1535509932.376726 706 626 640 711 696 686 3384 -6690 2658 236 212 -1 30 -2 -12
1535509932.4217968 706 626 640 711 695 686 3696 -6554 2660 245 217 -238 29 -2 -12
1535509932.4697037 706 626 640 711 696 685 3622 -6602 2678 286 170 -3 27 -1 -12
1535509932.5177522 706 626 640 711 695 686 3590 -6650 2616 193 127 -73 29 -2 -10
1535509932.5685847 706 626 640 711 696 687 3588 -6602 2608 141 123 71 28 -2 -11
1535509932.8304145 706 626 640 711 696 686 3596 -6574 2630 361 45 -30 28 -2 -9
1535509932.8694518 706 626 640 711 695 686 3542 -6604 2666 173 152 -153 31 -2 -11
1535509932.9125268 707 626 640 711 696 686 3598 -6578 2668 237 113 -131 28 -1 -12
1535509932.95765 706 626 640 711 696 685 3550 -6648 2630 298 235 37 30 -4 -12
1535509933.001497 707 626 640 711 695 686 3570 -6578 2566 216 144 -70 28 -1 -9
1535509933.0435677 707 626 640 711 695 686 3546 -6556 2616 71 126 -19 30 -1 -9
1535509933.090244 706 626 640 711 695 686 3562 -6580 2640 208 91 20 29 -3 -10
1535509933.1355336 707 626 640 711 695 686 3582 -6624 2600 174 152 -41 29 0 -8
1535509933.1768324 706 626 640 711 695 686 3626 -6576 2684 165 168 56 29 -1 -11
1535509933.2214353 706 626 640 711 696 686 3536 -6634 2568 180 97 57 30 -3 -9
1535509933.4347694 707 626 640 711 695 686 3562 -6580 2812 30 227 157 29 -3 -9
1535509933.4714324 707 626 640 711 695 686 3398 -7170 2534 834 -749 333 29 -2 -11
1535509933.5134935 706 626 640 711 695 685 3470 -6588 2566 1122 192 1562 29 -1 -11
1535509933.5637603 706 626 640 711 695 686 3894 -6278 2942 1058 844 2958 31 -1 -9
1535509933.6138823 707 626 640 711 696 685 4164 -6016 1594 805 281 -424 29 -1 -9
1535509933.6645582 707 626 640 711 695 686 3964 -6518 2230 1538 -173 1344 26 -1 -9
1535509933.7108886 705 625 640 711 695 686 3880 -6886 3250 3467 -546 -1637 25 -4 -10
1535509933.7635467 706 626 640 711 696 685 3986 -6778 3270 -3422 186 -2980 26 -1 -10
1535509933.8195534 706 626 640 711 695 686 3466 -6944 2520 -2670 1708 681 29 -3 -10
1535509933.888506 706 626 640 711 695 686 4116 -5718 2340 1863 -585 -789 27 0 -9
1535509934.1076326 706 626 640 711 695 685 4238 -6240 2698 2 610 2631 28 -4 -10
1535509934.1393273 706 626 640 711 695 686 3288 -6986 2490 -330 472 1159 28 -3 -11
1535509934.1824458 706 626 640 711 695 686 3706 -6582 2488 584 195 -529 28 -2 -12
1535509934.2276337 706 626 640 711 695 685 3964 -6432 2666 567 195 123 28 -2 -10
1535509934.2716343 706 626 640 711 695 685 3630 -6570 2582 309 366 273 29 0 -10
1535509934.3206093 706 626 640 711 696 686 3660 -6542 2508 161 86 1 27 -3 -11
1535509934.3684204 706 626 640 711 695 686 3652 -6578 2580 155 165 -219 30 -2 -9
1535509934.4214036 706 626 640 711 696 685 3736 -6528 2550 291 55 -41 28 -1 -11
1535509934.4855978 706 626 640 711 695 686 3724 -6508 2594 306 169 58 28 -4 -9
1535509934.561354 706 626 640 711 695 686 3650 -6518 2496 231 109 -90 32 -2 -11
1535509934.7973747 707 626 640 711 696 686 3694 -6556 2656 177 158 -140 28 -3 -10
1535509934.8425984 706 626 640 711 696 685 3738 -6586 2564 96 245 154 29 -2 -12
1535509934.8886204 706 626 640 711 696 686 3764 -6516 2614 469 107 -114 30 -2 -10
1535509934.93154 706 626 640 711 696 686 3678 -6556 2610 73 101 -84 27 -1 -8
1535509934.9804254 706 626 640 711 695 686 3772 -6502 2592 103 344 -83 29 -3 -11
1535509935.030463 707 626 640 711 695 686 3752 -6510 2594 151 260 -155 29 -3 -9
1535509935.0790687 707 626 640 711 696 685 3722 -6526 2572 196 161 -116 26 -4 -8
1535509935.1274831 707 626 640 711 696 686 3718 -6518 2486 247 126 -36 27 -3 -9
1535509935.1794596 707 626 640 711 695 686 3756 -6554 2568 227 172 -119 29 -3 -11
1535509935.229536 707 626 640 711 696 685 3698 -6528 2560 165 139 -24 28 -2 -11
1535509935.5012221 706 626 640 711 695 685 3730 -6536 2522 181 162 -89 29 -3 -9
1535509935.5382068 707 626 640 711 696 686 3768 -6514 2540 87 109 21 29 0 -12
1535509935.5752146 707 626 640 711 695 686 3730 -6536 2584 128 170 -88 27 -2 -10
1535509935.6216452 706 626 640 711 695 686 3722 -6628 2580 33 185 -11 29 -2 -10
1535509935.6705701 707 626 640 711 696 686 3728 -6380 2558 -355 390 684 28 -4 -8
1535509935.7172928 706 627 640 711 696 686 3212 -6506 2596 3334 -1527 871 28 -3 -8
1535509935.760247 706 626 640 711 695 685 4138 -5806 2284 -1757 836 691 28 -3 -11
1535509935.8045948 707 626 640 711 696 685 3328 -7246 1792 4137 -2312 -5789 28 -2 -12
1535509935.8556485 706 626 640 711 695 686 4518 -6856 2384 5130 -1325 -612 27 -3 -11
1535509935.9064076 706 626 640 711 696 685 3382 -6900 3648 -317 -265 -1704 26 -2 -10
1535509936.175385 707 626 640 711 696 685 4954 -6288 2250 2264 1365 1690 27 -2 -9
1535509936.2171862 706 626 640 711 695 685 2730 -6958 2964 -6202 -775 -6159 27 -4 -7
1535509936.2583964 706 626 640 711 695 686 5712 -5792 2594 4005 -118 2979 25 -7 -10
1535509936.3066275 706 627 640 711 695 686 4064 -6252 2704 -209 -249 1469 28 -2 -12
1535509936.3583267 707 626 640 711 695 686 3870 -6712 2102 -1098 1516 900 26 -5 -9
1535509936.4082556 706 626 640 711 696 686 4196 -6310 2504 289 760 811 27 -4 -11
1535509936.4534662 706 626 640 711 695 686 3974 -6320 2238 623 376 -337 27 -5 -8
1535509936.501356 706 626 640 711 695 686 4132 -6436 2620 292 844 344 28 -4 -9
1535509936.5492814 706 626 640 711 695 686 4000 -6316 2460 336 316 -53 27 -2 -11
1535509936.5945437 706 626 640 711 695 686 4094 -6484 2542 136 340 294 28 -2 -9
1535509936.8360837 707 626 640 711 696 686 4070 -6390 2578 598 221 379 30 -4 -9
1535509936.8692122 706 626 640 711 696 685 3924 -6422 2428 239 287 61 26 -3 -8
1535509936.9074764 706 626 640 711 695 686 3892 -6444 2578 157 354 78 29 -3 -9
1535509936.955364 706 626 640 711 695 686 4012 -6368 2570 189 243 -18 25 -2 -10
1535509937.0034854 706 626 640 711 695 686 3948 -6468 2522 142 353 65 29 -4 -8
1535509937.0545583 706 626 640 711 695 686 3876 -6496 2552 -62 342 116 25 -3 -9
1535509937.1022067 706 626 640 711 696 686 3990 -6418 2498 356 192 166 29 -3 -10
1535509937.147416 706 626 640 711 696 685 3960 -6422 2560 262 201 104 30 -4 -9
1535509937.1922076 706 626 640 711 695 686 3892 -6402 2570 44 193 -27 27 -5 -9
1535509937.2461667 706 626 640 711 695 686 3898 -6468 2444 151 147 -48 27 -4 -9
1535509937.4640326 706 626 640 711 696 686 4008 -6516 2730 282 267 236 27 -3 -10
1535509937.5072474 706 626 640 711 695 686 3924 -6370 2406 -338 83 361 28 -3 -10
1535509937.55651 706 627 640 711 695 686 3806 -6656 2528 -556 -291 -393 29 -2 -8
1535509937.6075485 706 626 640 711 695 685 3788 -6618 2316 -832 306 -420 28 -5 -11
1535509937.6585672 706 626 640 711 695 686 4016 -6476 2508 -412 -266 -671 28 -3 -11
1535509937.7055793 706 626 640 711 695 686 4036 -6394 2206 -211 457 144 33 -3 -8
1535509937.7573621 706 627 640 711 695 686 3976 -6590 2466 -965 -379 -490 28 -3 -10
1535509937.8094895 706 627 640 711 695 686 3904 -6166 2182 -1350 137 -1334 28 -3 -10
1535509937.870319 706 626 640 711 695 686 3548 -6768 1654 -2220 -993 -2720 32 -4 -10
1535509937.9407158 706 626 640 711 695 685 3910 -6412 1732 -1032 771 661 29 -5 -12
1535509938.1828885 706 626 640 711 695 686 4294 -5666 1406 3430 -846 -624 29 -3 -14
1535509938.2220137 706 626 640 711 695 686 3628 -6922 2674 -1353 455 -1561 28 -5 -12
1535509938.2586021 706 625 640 711 695 686 4140 -5898 1850 828 722 1076 28 -2 -11
1535509938.2990694 706 625 640 711 695 686 5034 -7506 2944 931 1965 2806 28 -3 -11
1535509938.3466206 706 626 640 711 695 686 3728 -7174 1816 -1418 2308 -2474 28 -2 -10
1535509938.3977103 706 626 640 711 695 686 4340 -4424 552 4457 -1615 -4506 27 -4 -10
1535509938.447284 707 626 640 711 695 686 4632 -6210 3076 313 454 1683 28 -6 -9
1535509938.4961896 707 626 640 711 695 686 4108 -6454 1714 -944 426 339 29 -2 -11
1535509938.5635064 706 626 640 711 695 685 4032 -6570 1830 644 363 -6 27 -5 -10
1535509938.6350803 706 626 640 711 695 685 4316 -6212 2402 347 349 -717 27 -3 -9
1535509938.9070015 706 626 640 711 695 685 4502 -6226 2346 537 124 225 28 -2 -10
1535509938.9480941 707 626 640 711 695 686 4194 -6330 2186 509 152 284 27 -4 -7
1535509938.9922829 706 626 641 711 695 685 4344 -6302 2328 117 371 245 27 -4 -10
1535509939.040482 706 626 640 711 695 686 4298 -6332 2342 -3 207 110 28 -3 -8
1535509939.0905385 707 626 640 711 695 686 4214 -6444 2354 687 -40 -243 27 -1 -8
1535509939.1404881 706 626 640 711 695 686 4230 -6300 2264 366 103 203 29 -4 -7
1535509939.1850972 707 626 641 711 695 686 4282 -6344 2422 534 231 -136 29 -2 -7
1535509939.2294753 707 626 640 711 695 686 4282 -6278 2322 317 79 49 28 -5 -8
1535509939.277269 706 626 640 711 695 686 4188 -6438 2220 362 126 -46 29 -2 -8
1535509939.326249 706 626 640 711 695 686 4350 -6236 2372 335 171 54 27 -3 -8
1535509939.5750532 706 626 640 711 695 686 4236 -6354 2294 194 184 83 26 -3 -10
1535509939.6149461 706 626 640 710 696 686 4260 -6354 2228 136 80 97 27 -3 -8
1535509939.6561708 706 626 640 711 695 686 4166 -6402 2292 145 148 -83 29 -4 -7
1535509939.6979892 706 626 640 711 695 686 4266 -6234 2224 244 81 -47 25 -4 -9
1535509939.7370322 706 627 640 711 695 686 4220 -6338 2278 132 58 109 27 -3 -7
1535509939.785181 707 626 640 711 695 686 4248 -6274 2252 245 135 -102 28 -1 -9
1535509939.8290737 707 626 640 711 695 685 4270 -6336 2314 155 178 36 26 -6 -8
1535509939.8732533 707 626 640 711 695 686 4204 -6382 2284 232 192 -46 26 -2 -8
1535509939.9190278 707 626 641 711 695 686 4276 -6356 2338 373 153 123 29 -4 -10
1535509939.9648743 706 626 640 710 695 685 4932 -5744 2282 -840 1964 4069 29 -2 -8
1535509940.2038667 706 627 640 711 695 686 3578 -7330 2460 3711 -1935 -815 27 -5 -10
1535509940.2408812 706 626 640 711 695 685 4620 -5626 2798 2190 1165 1916 28 -4 -6
1535509940.2883794 706 626 640 711 695 686 3852 -6184 3016 6886 -2043 -3474 25 -4 -8
1535509940.3432252 706 626 640 711 695 685 4260 -7326 3876 -1136 -1445 -1611 21 -4 -7
1535509940.3952246 706 626 640 711 696 685 4496 -6216 2488 1321 -436 -1650 24 -4 -8
1535509940.443511 706 626 640 711 695 685 4598 -6036 3190 -295 605 2187 21 -2 -10
1535509940.4931078 706 626 640 711 695 685 3468 -7062 3860 -1538 -38 1491 24 -4 -8
1535509940.548175 706 626 640 711 695 686 4612 -4678 1778 -2984 -1465 -3374 27 -5 -10
1535509940.5974624 707 627 640 711 695 686 4560 -5706 3300 -1048 1067 3317 25 -4 -8
1535509940.6569762 707 626 640 711 695 686 3654 -6710 2048 -1472 174 3694 29 -2 -12
1535509940.9453714 706 626 640 711 695 686 3590 -6972 2100 1432 121 377 28 -2 -11
1535509940.9828498 706 627 640 711 695 686 4056 -6300 2506 416 392 -714 28 -4 -12
1535509941.0168731 706 626 640 711 695 685 4126 -6450 2524 171 646 -85 27 -4 -9
1535509941.0651445 706 626 641 711 695 686 3868 -6336 2568 414 230 -138 28 -3 -10
1535509941.1161852 706 626 640 711 695 685 3930 -6330 2506 623 577 -488 28 -4 -10
1535509941.1652915 706 626 640 711 695 686 4052 -6226 2610 277 177 -395 27 -1 -11
1535509941.2077382 706 626 640 711 695 685 3932 -6414 2526 252 93 156 26 -2 -11
1535509941.2519836 706 626 641 711 695 686 3940 -6482 2434 351 181 -149 27 -3 -8
1535509941.2989528 706 626 640 711 695 685 4008 -6290 2628 158 205 -46 27 -4 -8
1535509941.342292 706 626 640 710 695 686 3996 -6340 2520 171 150 74 28 -3 -11
1535509941.6446962 706 626 640 711 695 686 4010 -6372 2584 146 111 60 28 -4 -8
1535509941.6769605 707 627 640 711 695 686 3968 -6460 2722 52 224 76 27 -4 -9
1535509941.7107906 707 626 640 711 695 686 3942 -6354 2490 124 83 167 27 -4 -10
1535509941.7488012 706 626 641 711 695 686 3974 -6460 2628 234 188 14 27 -3 -9
1535509941.7939851 706 626 640 710 695 686 3976 -6382 2610 163 100 13 27 -2 -7
1535509941.841229 706 626 640 711 695 686 3968 -6410 2468 179 152 -39 26 -2 -9
1535509941.888053 707 626 640 711 695 686 4000 -6366 2542 345 140 -36 28 -3 -9
1535509941.9333646 707 626 641 711 695 686 3960 -6414 2468 76 126 97 26 -2 -11
1535509941.981883 706 626 640 711 695 686 3932 -6432 2460 393 132 -118 25 -3 -7
1535509942.036971 706 626 640 711 695 686 4022 -6324 2488 150 241 -84 28 -3 -9
1535509942.2958043 707 626 641 711 695 686 3962 -6444 2612 204 152 44 28 -3 -7
1535509942.331794 707 626 640 711 695 686 3982 -6436 2452 211 76 -90 27 -1 -9
1535509942.3679423 706 626 640 711 695 686 3958 -6380 2644 259 135 -23 27 -4 -10
1535509942.4099607 707 626 640 711 695 685 4014 -6392 2584 -36 70 61 28 -4 -7
1535509942.4540675 706 626 640 711 695 685 3802 -6532 2550 129 116 7 26 -2 -10
1535509942.5039864 707 626 640 711 695 686 4076 -6364 2610 223 157 -98 28 -2 -9
1535509942.550905 706 626 641 711 695 686 4060 -6356 2598 199 29 21 25 -4 -10
1535509942.592815 706 626 640 711 695 686 3926 -6512 2604 239 38 54 31 -4 -10
1535509942.6399794 706 627 640 711 695 686 4020 -6350 2590 436 129 -35 28 -3 -9
1535509942.686301 706 626 640 711 695 685 3994 -6324 2538 313 155 14 25 -3 -10
1535509942.9323387 706 626 640 710 695 686 4006 -6414 2618 310 127 67 27 -1 -9
1535509942.9628267 706 626 640 710 695 686 3974 -6432 2520 333 157 -34 28 -3 -8
1535509942.9939451 706 626 640 710 695 686 4032 -6374 2546 276 107 -97 26 -5 -11
1535509943.0278356 706 626 640 710 695 685 3980 -6420 2796 294 199 142 24 -3 -10
1535509943.0594902 706 626 640 711 695 686 4046 -6320 2588 134 130 20 27 -4 -9
1535509943.0903313 707 626 640 711 695 686 4012 -6350 2716 91 142 272 26 -6 -8
1535509943.1239524 706 626 640 710 695 686 3956 -6502 2416 8 199 225 27 -3 -11
1535509943.1606753 706 626 640 711 695 686 3826 -6500 2602 158 196 -62 27 -4 -8
1535509943.2253444 706 626 640 710 695 686 4020 -6366 2566 -125 227 34 26 -3 -11
1535509943.2798376 706 627 641 711 695 686 3988 -6524 2664 24 66 85 29 -4 -9
1535509943.4611015 706 626 640 711 695 685 3822 -6546 2462 486 125 87 27 -5 -9
1535509943.4969778 706 626 640 710 695 686 3938 -6360 2512 413 162 -287 28 -4 -9
1535509943.5328355 706 627 640 711 695 686 4072 -6328 2548 780 145 -269 28 -4 -6
1535509943.567954 706 626 640 710 695 686 4132 -6256 2708 744 102 422 26 -3 -11
1535509943.6232815 706 626 640 711 695 685 3938 -6522 2532 123 83 236 27 -2 -9
1535509943.6901124 706 626 640 710 695 686 3770 -6592 2456 327 219 -234 29 -3 -7
1535509943.756708 706 626 640 710 695 686 4046 -6204 2712 387 200 -353 26 -3 -8
1535509943.8229303 706 626 640 711 695 686 4112 -6312 2640 163 -13 316 27 -2 -8
1535509943.889189 706 626 640 711 695 686 3842 -6488 2604 156 49 106 26 -3 -11
1535509943.9559155 706 626 640 710 695 686 3884 -6406 2468 279 191 -110 28 -4 -8
1535509944.0942888 706 626 640 711 695 685 4176 -6334 2698 32 -93 156 25 -4 -10
1535509944.1988318 706 626 641 710 695 686 3734 -6582 2544 179 -77 191 28 -4 -10
1535509944.2352517 706 626 640 710 695 685 3802 -6524 2474 116 134 -268 26 -2 -9
1535509944.2672281 706 626 640 710 695 686 4148 -6186 2638 454 256 -285 27 -5 -7
1535509944.3017826 706 627 640 710 695 685 3990 -6408 2622 31 71 275 29 -1 -11
1535509944.3525445 706 626 640 711 695 686 3940 -6452 2580 230 43 224 27 -6 -9
1535509944.4191186 706 626 640 710 695 686 3950 -6412 2684 105 188 132 26 -3 -9
1535509944.486197 706 626 640 711 695 686 3948 -6446 2528 -121 242 -32 28 -3 -8
1535509944.5522788 706 627 640 710 695 686 3930 -6496 2530 -16 186 -73 26 -5 -10
1535509944.6213152 707 627 640 710 695 686 3856 -6522 2402 -51 141 -66 27 -1 -12
1535509944.8393357 707 627 640 711 695 685 3952 -6306 2606 141 291 -151 28 -3 -7
1535509944.8734176 706 626 640 710 694 685 4274 -6138 2672 459 252 438 29 -5 -7
1535509944.9181075 706 626 640 711 695 685 3808 -6500 2558 -142 327 684 29 -4 -9
1535509944.9697955 706 627 640 710 695 686 3800 -6642 2186 -341 82 -24 27 -2 -10
1535509945.0184805 706 627 641 710 695 686 3842 -6576 2416 169 132 -492 28 -1 -9
1535509945.0709062 706 626 640 710 695 685 4092 -6284 2466 193 150 -223 28 -4 -9
1535509945.113186 706 626 640 711 695 686 4094 -6342 2624 430 -190 -34 29 -4 -8
1535509945.1593008 706 627 640 711 695 686 3756 -6576 2662 676 30 141 26 -1 -10
1535509945.2231152 706 627 641 710 695 685 4074 -6280 2580 857 101 -197 28 -3 -10
1535509945.2881196 706 627 640 711 695 685 3842 -6500 2404 379 89 -28 27 -4 -8
1535509945.4283211 706 627 640 711 695 686 3986 -6446 2642 280 161 -217 28 -4 -11
