1534194829.7906601 685 586 623 737 633 740 -7264 -1892 -3446 103 772 403 -28 550 -130
1534194829.860471 683 585 623 734 632 735 -7274 -1742 -3038 -65 942 956 -6 138 -35
1534194829.9173915 682 584 622 733 632 733 -7288 -2150 -3192 715 1314 1491 -8 138 -37
1534194830.0073986 683 585 623 732 632 733 -6620 -1976 -5038 -3037 4326 -982 -8 137 -39
1534194830.0778532 683 585 623 733 632 732 -7364 -1704 -3108 248 1095 172 -9 139 -39
1534194830.1368115 684 585 623 733 633 732 -7320 -1692 -3694 1338 -320 1474 -7 137 -39
1534194830.215164 684 586 623 733 633 732 -7150 -1516 -3528 196 -221 1235 -11 137 -41
1534194830.2930253 685 586 624 733 633 732 -7432 -1532 -3664 -98 -54 1599 -10 137 -41
1534194830.3716996 685 586 624 734 634 731 -7210 -1888 -3784 -606 2298 1252 -14 137 -41
1534194830.4336417 685 586 624 733 634 732 -7076 -744 -3826 32 408 1351 -13 137 -40
1534194830.553057 686 587 624 734 634 731 -7050 -1038 -3780 -91 1932 549 -15 136 -42
1534194830.625464 685 587 624 734 634 732 -7368 -1412 -3830 488 237 307 -19 135 -46
1534194830.6834974 685 587 624 734 634 732 -7212 -1124 -3758 -103 83 503 -16 136 -42
1534194830.7616038 686 587 624 734 634 732 -7270 -1166 -3832 381 157 223 -18 135 -43
1534194830.7928493 686 588 624 734 634 731 -7220 -1138 -3798 116 160 538 -17 136 -43
1534194830.870221 686 588 624 735 634 732 -7228 -1004 -3882 216 125 336 -18 137 -43
1534194830.9379742 686 588 624 734 634 732 -7194 -1078 -3864 271 97 106 -19 136 -43
1534194831.0004618 686 588 624 735 634 732 -7222 -1086 -3792 158 265 196 -18 135 -43
1534194831.0697463 686 588 625 735 634 732 -7220 -1040 -3794 -6 366 318 -18 136 -47
1534194831.1478574 686 588 625 734 634 732 -7176 -1048 -3936 105 194 -71 -19 135 -44
1534194831.210339 686 588 625 735 634 732 -7198 -1060 -3852 134 162 139 -19 136 -44
1534194831.2884793 686 588 624 735 634 732 -7264 -894 -3998 494 9 -221 -20 137 -45
1534194831.3646572 686 588 625 735 634 731 -7202 -1032 -3872 370 266 -33 -19 135 -45
1534194831.4342284 686 588 625 735 634 732 -7168 -1046 -3890 17 303 196 -18 135 -45
1534194831.4967134 686 588 624 734 634 732 -7206 -1002 -3806 165 11 228 -19 135 -43
1534194831.5692272 686 588 624 735 634 731 -7248 -918 -4042 423 -16 -249 -19 136 -45
1534194831.6317153 686 588 625 735 634 732 -7258 -1084 -3914 218 345 85 -18 134 -45
1534194831.7098181 687 588 625 735 634 732 -7164 -1048 -3826 205 184 303 -17 135 -45
1534194831.7879264 686 588 624 735 634 732 -7240 -1000 -3842 212 -92 -90 -18 136 -45
1534194831.8588312 686 588 625 735 634 732 -7184 -1008 -3872 129 229 -7 -19 135 -44
1534194831.9181097 686 588 625 735 634 732 -7212 -1104 -3760 69 -53 9 -18 135 -44
1534194831.9962764 686 588 625 735 634 731 -6714 -1342 -3484 -342 270 -122 -19 134 -42
1534194832.0687926 686 588 625 734 634 732 -7156 -1596 -4044 29 8 557 -18 135 -43
1534194832.1405814 686 588 625 734 634 732 -6790 -1436 -3322 347 512 -415 -17 136 -44
1534194832.2018328 686 588 625 735 634 731 -7916 -258 -4806 3883 -1049 -1749 -18 137 -45
1534194832.2799914 686 588 624 734 633 730 -7976 -426 -2738 6232 -3132 -499 -18 135 -45
1534194832.3656466 685 588 623 734 634 730 -7508 -1178 -2764 5167 -3390 1652 -18 134 -42
1534194832.4343083 685 587 622 733 634 729 -6842 -700 -854 3547 -3486 -808 -16 137 -43
1534194832.5124218 684 587 622 733 634 728 -6014 -1992 -18 -2564 -1498 2300 -13 134 -40
1534194832.5899487 685 588 622 733 633 729 -8188 -1134 -5058 -1115 3871 -4709 -12 135 -42
1534194832.6663053 686 588 624 734 634 730 -7964 -4216 -5358 -2121 -1995 2354 -11 137 -45
1534194832.7287908 686 588 624 734 634 731 -5768 834 -656 -24 1839 2131 -7 135 -44
1534194832.8071122 686 588 625 735 634 731 -7412 -1378 -5612 416 4297 -8536 -14 133 -38
1534194832.882419 686 588 624 735 634 732 -7140 -3264 -3080 535 -1588 784 -9 137 -46
1534194832.9491925 686 588 625 734 634 731 -7064 -1990 -3706 40 420 2104 -6 138 -44
1534194833.0114677 687 588 625 735 634 731 -7068 -1416 -3546 111 -12 673 -7 138 -45
1534194833.0942395 687 588 625 734 634 731 -7250 -2044 -3758 225 117 -451 -9 135 -43
1534194833.151293 686 588 625 735 633 731 -7116 -1958 -3416 -119 105 503 -10 136 -45
1534194833.2293124 686 588 625 735 634 731 -7218 -1958 -3598 -140 -443 756 -9 136 -42
1534194833.3073509 687 588 624 735 634 731 -7022 -1702 -3590 -181 644 434 -10 136 -46
1534194833.3822215 686 588 625 735 634 731 -7248 -1828 -3494 133 38 441 -9 135 -43
1534194833.4359171 686 588 624 734 634 731 -7126 -1716 -3668 264 185 97 -12 135 -44
1534194833.5140266 687 588 624 734 634 730 -7204 -1722 -3468 47 259 249 -11 136 -44
1534194833.5913959 687 588 625 735 634 731 -7144 -1742 -3580 -168 247 364 -9 134 -43
1534194833.653334 687 588 625 735 634 732 -7276 -1608 -3600 60 610 311 -10 135 -41
1534194833.731442 686 588 625 735 634 731 -7248 -1580 -3898 90 108 165 -11 135 -43
1534194833.7939274 686 588 625 735 634 731 -7148 -1706 -3544 197 173 273 -10 134 -43
1534194833.8742647 686 588 625 735 634 731 -7160 -1642 -3662 159 148 154 -11 136 -44
1534194833.934704 687 588 625 735 634 731 -7196 -1630 -3702 260 169 8 -13 134 -41
1534194834.012809 686 588 624 734 634 730 -7230 -1744 -3568 -26 388 361 -13 135 -44
1534194834.0858147 686 588 624 735 634 731 -7222 -1514 -3842 52 493 359 -11 136 -43
1534194834.1525736 686 588 625 734 634 731 -6968 -2050 -3342 -2434 2215 832 -11 137 -43
1534194834.2306814 686 588 625 734 634 731 -6862 -1750 -4432 3387 -466 -1125 -12 135 -46
1534194834.3090398 686 588 624 734 633 730 -7064 -770 -6000 2277 3204 -6705 -13 134 -48
1534194834.3838348 685 587 624 734 634 730 -5612 -1924 -6040 5281 2071 -4482 -9 136 -48
1534194834.4504359 685 587 622 733 633 729 -6050 -2436 -3982 4789 -314 -1968 -6 136 -56
1534194834.5323832 685 587 622 733 634 729 -5450 -2916 -4560 3450 1862 -1737 -4 132 -56
1534194834.6058414 685 587 622 732 633 730 -7670 -1168 -5066 2152 5934 -3524 -1 131 -61
1534194834.6694338 686 587 623 733 634 730 -6596 -3456 -5100 -11833 2674 6427 -5 132 -63
1534194834.7475445 686 587 623 734 633 730 -6536 -2276 -5434 -2840 -6414 7380 -3 132 -64
1534194834.825647 686 588 624 734 633 730 -5754 938 -3432 434 -3676 3546 -11 134 -59
1534194834.9043374 686 587 624 734 634 730 -6958 -196 -4462 2901 2245 -2562 -21 133 -50
1534194834.9672687 686 587 624 734 634 730 -6898 -1892 -4518 472 -106 -487 -21 134 -53
1534194835.0498624 686 588 625 734 633 731 -6872 -804 -4558 819 -441 1128 -17 135 -53
1534194835.121202 686 588 625 734 633 730 -7026 -776 -4052 273 -270 125 -19 133 -53
1534194835.1861038 686 588 625 734 634 730 -7034 -1326 -4188 923 -4 -921 -20 134 -53
1534194835.2617745 686 587 625 734 634 731 -6938 -1236 -4228 44 323 369 -18 134 -52
1534194835.3240056 686 588 624 734 633 731 -6974 -768 -4312 310 -439 -540 -19 132 -53
1534194835.4037101 686 587 624 734 633 730 -7030 -1432 -4112 590 237 -537 -18 135 -52
1534194835.466318 686 587 625 735 633 731 -6906 -1230 -4292 331 108 166 -19 135 -51
1534194835.557252 686 587 625 734 633 731 -7012 -1128 -4148 103 164 -110 -16 134 -52
1534194835.6181173 686 587 625 734 633 731 -7006 -1386 -4108 371 -115 -18 -17 135 -50
1534194835.680601 686 587 625 734 634 730 -6918 -1106 -4338 448 2 -61 -16 133 -50
1534194835.758929 686 587 625 734 633 730 -6986 -1172 -4214 333 277 -133 -19 135 -52
1534194835.8385243 686 587 625 734 633 731 -6996 -1718 -4032 859 1085 -1040 -19 134 -50
1534194835.9021776 686 587 624 734 633 731 -6976 -1404 -4152 1447 -1258 16 -15 135 -52
1534194835.9802868 686 587 624 734 634 730 -6562 -2244 -4114 1359 781 248 -18 135 -52
1534194836.0577574 686 587 624 734 633 730 -7230 -1130 -4564 3154 -4007 320 -16 135 -54
1534194836.1303964 685 587 624 734 633 730 -7646 -2594 -2256 11 -955 3326 -17 133 -55
1534194836.2002318 685 587 623 733 633 730 -7170 -2154 -3410 -2184 -805 5181 -17 133 -51
1534194836.2783394 684 587 623 733 633 729 -4898 -2722 -1306 -2943 -4546 6972 -18 134 -52
1534194836.3588583 684 587 622 732 633 728 -5728 -2750 -1592 -3948 -5290 8555 -16 133 -51
1534194836.433635 684 587 622 732 633 729 -5620 -3596 -4342 -1702 -2947 1765 -14 134 -53
1534194836.4961543 685 586 623 733 633 730 -7836 -594 -5346 13 4481 -5431 -17 132 -53
1534194836.569902 686 587 623 734 633 730 -8282 -3152 -5634 -4411 -883 -166 -18 132 -57
1534194836.6540544 686 587 624 734 633 731 -5938 -222 -2336 -335 -840 1447 -12 133 -56
1534194836.7167141 686 587 625 734 634 731 -6912 -2026 -4888 1127 943 -2563 -15 135 -51
1534194836.7946465 686 587 624 734 633 729 -6908 -2204 -3910 1304 -827 46 -13 135 -53
1534194836.8768132 686 587 625 734 633 730 -6948 -1836 -4008 353 -440 1363 -10 134 -53
1534194836.9341218 686 587 625 734 634 730 -6890 -1664 -4032 301 250 -613 -12 135 -52
1534194837.012227 686 587 624 734 633 730 -6988 -1814 -4246 244 -153 -99 -12 138 -51
1534194837.0953481 686 587 625 734 633 730 -6752 -1708 -4164 -123 -322 -412 -12 136 -51
1534194837.1675901 686 587 625 734 633 730 -6986 -2006 -3902 -113 -362 -498 -10 136 -52
1534194837.2300391 686 587 624 734 633 731 -6958 -1710 -4222 394 144 104 -11 137 -51
1534194837.308303 686 587 624 734 633 731 -6836 -1940 -3886 59 254 164 -11 137 -50
1534194837.3808112 686 587 625 734 633 730 -6922 -1854 -4030 45 388 370 -11 135 -50
1534194837.4499762 686 587 624 734 633 730 -6826 -1832 -4044 110 -21 -104 -12 135 -52
1534194837.5124636 686 587 624 734 633 730 -7028 -1906 -4058 86 253 -59 -11 135 -52
1534194837.5938268 686 587 624 734 634 731 -6908 -1774 -4058 238 72 101 -11 136 -51
1534194837.6524894 686 587 624 734 633 731 -6908 -1928 -4068 102 311 8 -11 134 -51
1534194837.7305968 686 587 624 734 633 730 -6954 -1808 -4062 -93 123 178 -10 136 -50
1534194837.7930813 686 587 625 734 633 730 -6942 -1824 -4100 36 205 41 -12 135 -51
1534194837.8743618 686 587 624 734 633 729 -6906 -1824 -4076 -78 242 341 -10 136 -51
1534194837.9489536 686 587 624 734 633 731 -6928 -1602 -4068 -276 -112 -188 -11 133 -50
1534194838.0114408 686 587 624 734 633 730 -6912 -1954 -3972 340 -29 -34 -11 135 -53
1534194838.0851123 686 587 624 734 633 731 -6894 -1690 -4108 226 52 106 -11 135 -50
1534194838.1531532 686 587 624 734 633 730 -6946 -1742 -4062 184 60 22 -12 134 -50
1534194838.2156308 686 587 624 734 633 731 -6962 -1804 -4086 229 85 125 -11 136 -52
1534194838.2937381 686 587 624 734 633 731 -6878 -1804 -3994 217 162 78 -12 134 -53
1534194838.3697364 686 587 624 734 633 730 -7014 -1688 -4104 157 77 186 -11 136 -50
1534194838.4363427 685 587 624 734 633 730 -6968 -1820 -3976 147 330 52 -11 133 -51
1534194838.4988623 686 587 624 734 633 730 -6908 -1772 -4020 25 167 265 -11 135 -53
1534194838.5807 686 587 625 734 633 730 -6922 -1718 -4126 -65 132 208 -9 134 -50
1534194838.6358345 686 587 624 734 633 729 -6964 -1742 -4016 88 347 -70 -13 135 -51
1534194838.713942 685 587 625 734 633 730 -6916 -1808 -3938 -88 157 319 -10 136 -51
1534194838.7920475 686 587 624 734 633 730 -7146 -1448 -4268 -466 450 341 -12 137 -52
1534194838.854532 686 587 624 734 633 730 -7138 -1980 -4454 -90 3048 -2071 -13 135 -50
1534194838.9355705 686 587 623 734 633 730 -6462 -2190 -5964 444 -2424 85 -12 133 -51
1534194839.0136752 685 587 624 734 633 729 -6828 -1376 -4414 941 -3338 376 -12 135 -56
1534194839.0849402 685 587 623 733 633 729 -6788 -2552 -4782 5049 75 -3758 -13 134 -52
1534194839.1663423 685 586 622 733 633 728 -6860 -2076 -4328 427 3440 -3008 -12 132 -53
1534194839.2323756 684 586 621 732 632 728 -6066 -2152 -4318 6141 -5484 -1033 -9 135 -57
1534194839.3107305 684 586 621 732 633 727 -7178 -2202 -5632 3942 -1709 -5392 -7 133 -56
1534194839.3856952 684 586 621 732 633 727 -7220 -394 -5122 4260 -117 -2157 -5 132 -57
1534194839.4496274 685 586 621 732 633 728 -6562 -2366 -3736 -1431 4423 474 -8 134 -58
1534194839.5327392 685 586 623 733 633 729 -7816 -2564 -5888 -5212 -35 2274 -7 134 -56
1534194839.6027446 685 586 623 734 632 730 -6558 -868 -1548 1504 -8689 5493 -7 133 -59
1534194839.669665 685 587 624 733 633 730 -6682 -1220 -3884 3999 4085 -7520 -16 135 -50
1534194839.7477727 685 586 623 734 632 730 -7326 -2932 -4956 -1047 -672 307 -10 136 -49
1534194839.8288758 685 587 624 734 633 730 -6730 -1874 -3594 1405 -815 2238 -5 135 -52
1534194839.9024305 686 586 624 734 633 730 -6994 -1478 -4132 186 615 187 -9 135 -51
1534194839.9649162 686 587 623 734 633 729 -6834 -1844 -4048 202 14 -346 -9 135 -50
1534194840.040844 686 586 624 734 633 730 -7068 -1936 -3946 161 234 477 -10 135 -50
1534194840.108559 686 587 624 734 633 730 -6904 -1602 -3938 110 3 67 -11 135 -50
1534194840.1688545 686 587 624 734 633 730 -6942 -1856 -4086 161 253 -63 -9 134 -50
1534194840.2469642 685 587 624 734 633 730 -6940 -1886 -3992 141 197 90 -11 135 -51
1534194840.309448 685 587 624 733 633 730 -6936 -1760 -4048 41 344 81 -10 137 -51
1534194840.3863785 685 587 624 734 633 730 -6980 -1734 -4104 280 162 -107 -12 136 -51
1534194840.450009 685 586 624 734 633 731 -6956 -1768 -4028 175 509 48 -12 136 -51
1534194840.5308795 686 586 623 733 633 729 -6932 -1820 -4000 234 23 125 -10 134 -51
1534194840.6035788 685 586 624 733 633 729 -6970 -1820 -4006 309 64 2 -13 134 -54
1534194840.6694534 685 586 624 734 633 729 -6930 -1818 -3986 230 218 153 -10 136 -51
1534194840.7320595 685 586 624 734 633 730 -6976 -1800 -3964 55 50 58 -9 135 -51
1534194840.7945433 685 587 624 734 633 730 -6886 -1786 -4078 241 195 -1 -11 133 -52
1534194840.8768773 685 587 624 734 633 730 -6960 -1832 -4002 58 231 142 -8 136 -53
1534194840.934188 685 587 623 733 632 731 -6948 -1782 -4078 95 238 147 -10 136 -52
1534194841.012295 686 587 624 734 633 730 -6934 -1786 -4134 177 137 183 -11 136 -50
1534194841.088043 685 586 624 734 633 730 -6978 -1778 -3982 317 296 84 -13 135 -52
1534194841.152651 685 587 624 734 633 729 -6892 -1722 -4104 385 670 673 -11 134 -51
1534194841.2307594 685 587 624 734 633 730 -6922 -1642 -4134 393 178 451 -11 135 -51
1534194841.2932448 685 586 624 734 632 730 -6904 -1720 -4070 69 290 194 -12 135 -52
1534194841.369385 685 587 624 734 632 730 -6938 -1704 -4140 -2 319 616 -12 135 -53
1534194841.431872 686 586 624 734 632 730 -6988 -2390 -4200 -1090 2329 287 -10 136 -52
1534194841.5099778 685 586 623 734 632 730 -6822 -1674 -4126 -908 319 1723 -12 136 -54
1534194841.5930858 685 586 623 733 633 730 -7058 -1116 -4400 1880 -731 2399 -12 134 -52
1534194841.6678476 684 586 623 733 632 728 -6450 -850 -2914 -1168 3227 -3107 -14 133 -55
1534194841.7303286 684 586 621 732 632 728 -7034 -1758 -3784 3193 1347 -3253 -15 132 -55
1534194841.8084373 683 585 620 731 632 726 -6970 -1960 -4348 -1427 5108 -590 -14 133 -54
1534194841.886297 684 585 619 731 632 727 -7796 -2226 -4962 -342 167 1407 -12 132 -55
1534194841.9644072 683 585 619 731 632 727 -7588 -2622 -5062 -1681 3773 5264 -13 133 -54
1534194842.0475378 684 585 619 732 632 727 -6854 -1126 -4572 6558 -7681 -10809 -16 133 -58
1534194842.1223068 685 586 621 732 632 728 -7862 -5010 -3504 -3455 -3463 3354 -12 135 -56
1534194842.184847 685 586 623 733 632 729 -6272 608 -1714 1286 -539 4332 -6 137 -45
1534194842.2629552 685 586 623 733 632 729 -7024 -724 -5244 3505 2234 -4454 -17 135 -44
1534194842.3401725 685 586 623 733 632 729 -7168 -2360 -3008 -907 -632 37 -16 134 -47
1534194842.4028108 685 586 623 734 633 730 -7546 -2206 -3978 2051 -305 1138 -12 135 -46
1534194842.4809172 685 586 623 733 633 729 -7114 -1028 -3522 105 -1170 3172 -12 135 -46
1534194842.5608244 685 586 623 733 632 730 -7196 -1350 -3314 515 573 -309 -18 135 -44
1534194842.6321251 685 586 623 734 633 729 -7262 -1604 -3644 609 87 -195 -15 136 -43
1534194842.7016041 685 586 623 733 632 729 -7292 -1528 -3506 330 398 472 -18 134 -44
1534194842.7640893 685 586 623 733 632 729 -7220 -1382 -3630 74 326 -164 -16 135 -43
1534194842.8421943 685 586 623 734 633 730 -7292 -1544 -3588 225 244 -155 -17 134 -45
1534194842.9018483 685 586 623 734 632 730 -7220 -1476 -3654 68 356 -27 -17 133 -46
1534194842.9799814 685 586 623 733 632 730 -7224 -1520 -3644 292 181 -33 -16 136 -45
1534194843.0528767 685 586 624 734 632 730 -7244 -1530 -3554 308 313 -372 -15 134 -45
1534194843.1310475 685 586 623 733 632 730 -7212 -1512 -3754 351 34 -86 -13 136 -48
1534194843.1986248 685 586 623 733 633 730 -7204 -1622 -3522 215 517 -34 -15 135 -48
1534194843.2611094 685 586 624 733 632 730 -7198 -1484 -3708 332 4 -112 -15 135 -47
1534194843.3427215 685 586 623 734 633 730 -7224 -1596 -3552 168 371 -4 -15 135 -47
1534194843.4023793 685 586 624 733 633 731 -7172 -1512 -3746 198 268 107 -14 136 -46
1534194843.4814446 685 586 623 734 632 730 -7190 -1502 -3636 290 329 -5 -17 135 -47
1534194843.5571158 685 586 624 733 632 730 -7138 -1544 -3544 -148 1116 249 -17 133 -48
1534194843.62891 685 586 624 734 633 730 -7162 -1660 -3836 110 403 172 -15 136 -48
1534194843.6848416 685 586 623 733 632 730 -7188 -1568 -3664 931 20 582 -15 138 -46
1534194843.762902 685 586 624 733 632 729 -7076 -1364 -3868 181 298 330 -17 134 -47
1534194843.8417926 685 586 624 734 632 729 -7252 -1564 -3694 -620 626 387 -17 136 -48
1534194843.9113746 685 586 623 734 632 729 -6666 -1130 -3582 201 2822 -1545 -18 132 -46
1534194843.989485 685 586 623 733 632 729 -6608 -742 -1850 -2029 1118 -795 -17 133 -49
1534194844.0532517 685 586 623 733 632 729 -7256 -930 -3400 -744 363 -6 -17 132 -48
1534194844.1311758 684 586 622 732 632 728 -7104 -626 -4716 7 983 -1068 -19 132 -52
1534194844.198761 684 586 621 732 632 728 -6742 460 -5316 1588 2710 -2695 -16 133 -55
1534194844.2768645 684 585 620 732 632 727 -7838 -1814 -7726 4998 -4386 -3169 -15 134 -56
1534194844.3548615 684 585 620 731 632 727 -6914 1172 -5114 3128 -746 -2330 -12 131 -61
1534194844.4161687 684 585 620 731 632 726 -7016 1054 -5360 4714 4665 -4792 -12 130 -58
1534194844.4943354 684 585 620 731 632 727 -8126 -1520 -4626 -2481 2498 5620 -16 133 -57
1534194844.5694165 685 585 621 732 632 728 -7516 -292 -5858 5181 -1183 -8641 -16 133 -59
1534194844.6522899 685 586 622 733 632 729 -5644 -2326 -4000 -8514 -6637 12554 -14 131 -60
1534194844.730597 685 586 623 733 632 729 -6284 796 -2952 3361 1060 -4142 -14 133 -55
1534194844.7928817 685 586 623 733 632 728 -6944 -2700 -5964 2717 -27 -5362 -17 133 -51
1534194844.8805375 685 586 623 733 632 729 -6954 -2368 -3800 1842 -3803 807 -11 136 -53
1534194844.9485755 685 586 623 733 632 729 -6820 -1332 -3908 -9 681 1039 -8 135 -53
1534194845.0110602 685 586 623 733 631 729 -7000 -1764 -4036 437 419 -582 -10 134 -51
1534194845.094451 685 586 623 733 632 729 -6950 -2050 -4160 702 -385 -55 -12 136 -50
1534194845.1520834 685 586 623 733 632 729 -6950 -1656 -3846 303 243 471 -10 135 -51
1534194845.230221 685 586 623 733 632 730 -6914 -1824 -4182 442 177 -117 -9 135 -52
1534194845.2926776 685 586 623 733 632 729 -6928 -1658 -4140 395 24 -35 -11 134 -51
1534194845.3789287 685 586 624 733 632 728 -6952 -1788 -4002 225 126 134 -11 137 -50
1534194845.4490135 685 586 623 733 632 729 -7038 -1832 -4096 210 278 13 -10 134 -53
1534194845.5114963 685 586 623 733 632 729 -6886 -1766 -3986 310 -16 -286 -10 133 -52
1534194845.5854235 685 586 623 733 632 729 -6944 -1768 -4094 218 181 78 -11 134 -51
1534194845.6685817 685 586 623 733 632 729 -6942 -1760 -4022 179 184 137 -11 134 -53
1534194845.7165608 685 586 623 733 632 729 -6918 -1866 -3988 33 149 108 -8 134 -52
1534194845.7946699 685 586 623 733 632 729 -6958 -1742 -4024 94 221 62 -10 137 -50
1534194845.8705523 685 586 623 733 632 729 -6890 -1838 -4026 162 216 67 -11 134 -52
1534194845.9328697 685 586 623 733 632 729 -6930 -1738 -4090 230 119 78 -10 136 -52
1534194846.0109766 685 586 623 733 632 729 -6978 -1752 -3994 286 146 -4 -12 137 -54
1534194846.06915 685 586 623 733 632 728 -6964 -1796 -4102 337 35 11 -12 135 -52
1534194846.147337 685 586 623 733 632 729 -6922 -1746 -4022 340 256 31 -11 136 -51
1534194846.2097433 685 586 623 733 631 729 -6936 -1756 -3936 367 124 67 -10 134 -50
1534194846.2878525 685 586 623 733 632 729 -6930 -1860 -4096 287 255 138 -12 135 -49
1534194846.374423 685 586 624 733 632 729 -6952 -1810 -3974 152 178 58 -9 135 -50
1534194846.4178321 685 586 623 733 632 728 -6918 -1804 -4026 159 115 116 -9 136 -52
1534194846.4962547 685 586 624 733 632 729 -6976 -1830 -4004 -463 235 293 -11 134 -51
1534194846.574775 685 586 623 733 632 729 -6972 -1576 -4204 211 168 116 -11 136 -51
1534194846.6368544 685 586 623 733 632 729 -6566 -1362 -3244 -18 1096 -1341 -10 135 -52
1534194846.7150192 685 586 623 733 632 730 -6872 -1290 -3932 2342 -2376 -1381 -10 134 -52
1534194846.7930694 685 585 623 733 632 728 -7028 -920 -3142 -1220 -5044 -1625 -9 136 -51
1534194846.876234 684 586 621 732 631 728 -6954 -3054 -2312 -5966 2177 3807 -10 136 -46
1534194846.9495237 683 585 620 731 632 727 -6516 -230 -4820 -4348 -1444 1949 -12 134 -49
1534194847.0120091 683 585 620 731 631 726 -6450 -2034 -3086 -1179 2126 127 -14 135 -51
1534194847.1047037 683 585 618 730 631 726 -5934 -3566 -4030 -4396 -3423 4910 -13 135 -47
1534194847.1679537 683 584 619 731 631 726 -7460 54 -5998 5714 -2210 -1992 -11 134 -51
1534194847.2460606 684 585 620 731 631 727 -8146 -652 -5562 1195 -1059 -858 -15 133 -53
1534194847.3257632 684 585 621 732 631 728 -6656 -1882 -3174 -9451 -7710 9439 -13 133 -49
1534194847.4007099 685 586 623 733 632 728 -6248 -16 -2136 -1128 1784 -4419 -17 134 -42
1534194847.4631948 685 586 622 733 632 729 -7694 -2850 -4380 2374 2234 -2331 -19 133 -38
1534194847.5464542 685 586 623 733 632 729 -7220 -1100 -3234 927 3 722 -13 136 -42
1534194847.6193337 685 586 623 733 632 729 -7202 -900 -3920 1463 987 -1569 -13 137 -42
1534194847.6849933 685 586 623 733 632 729 -7204 -1712 -3680 420 -198 -232 -12 133 -43
1534194847.7633529 684 586 623 733 632 729 -7214 -1638 -3614 1328 1103 857 -9 137 -42
1534194847.8384213 684 586 623 733 631 729 -7218 -1466 -3890 697 -169 285 -12 135 -43
1534194847.9021142 684 585 623 733 632 729 -7120 -1426 -3656 659 344 -479 -11 133 -41
1534194847.9645922 685 586 623 733 632 729 -7256 -1612 -3780 292 212 16 -13 136 -44
1534194848.0507777 685 586 623 733 632 729 -7178 -1440 -3736 208 363 -79 -11 133 -44
1534194848.1222777 685 586 623 733 632 729 -7214 -1458 -3796 268 324 102 -10 134 -44
1534194848.184771 685 586 623 734 632 729 -7144 -1588 -3662 315 222 98 -12 136 -44
1534194848.2628777 685 586 623 733 632 728 -7106 -1542 -3776 399 352 249 -11 135 -43
1534194848.3340771 685 586 623 733 632 729 -7238 -1596 -3714 640 667 823 -11 134 -42
1534194848.4017484 684 586 623 733 632 729 -7182 -1358 -3832 436 376 128 -12 136 -45
1534194848.4642067 684 586 623 733 632 729 -7212 -1428 -3788 2 1125 -154 -14 134 -44
1534194848.552708 685 586 623 733 632 729 -7192 -1704 -3906 665 628 662 -13 133 -44
1534194848.619407 685 586 623 733 631 729 -6936 -1548 -3920 710 859 730 -11 133 -45
1534194848.6819 685 586 623 733 632 729 -7232 -1546 -3744 1017 1170 1644 -13 134 -47
1534194848.760222 685 586 623 733 632 729 -7284 -1240 -3944 -131 2421 1324 -15 135 -46
1534194848.8381283 685 585 623 733 632 728 -6902 -1474 -4152 810 87 535 -16 133 -49
1534194848.902752 684 586 623 733 632 729 -6754 -1026 -3930 -711 1694 -69 -17 133 -50
1534194848.980857 685 586 623 733 632 729 -7042 -1406 -4298 918 615 734 -16 134 -53
1534194849.0525968 684 586 623 733 632 729 -6946 -1068 -4284 409 311 -14 -18 133 -53
1534194849.1233974 685 586 623 733 632 729 -6990 -1218 -4246 116 499 6 -17 133 -51
1534194849.183319 685 586 623 733 632 729 -6938 -1388 -4228 179 295 578 -18 134 -54
1534194849.261426 685 585 623 733 631 729 -6182 -1524 -2982 -1498 527 1171 -19 132 -52
1534194849.34202 685 586 623 733 632 728 -7716 -1226 -4930 510 540 -1437 -17 132 -52
1534194849.4163618 685 586 623 733 631 728 -5730 -1010 -3212 -4245 -2248 -832 -18 132 -55
1534194849.479979 684 585 623 733 632 728 -6762 -778 -3812 693 3693 -2449 -17 134 -56
1534194849.5673594 684 585 622 733 632 729 -6660 -1172 -3850 -4764 6433 4475 -18 132 -51
1534194849.6438754 683 585 622 732 632 728 -5020 -2464 -3824 -2273 -4477 3488 -18 131 -57
1534194849.7172568 684 585 621 732 631 727 -5454 -1662 -4652 4923 -3541 -2204 -14 131 -62
1534194849.7953608 684 585 621 731 631 726 -6416 1556 -5394 7509 -4286 -5167 -16 130 -61
1534194849.8688922 684 585 621 731 631 727 -7386 610 -5356 9219 -767 -4515 -17 130 -61
1534194849.934253 684 585 621 731 631 726 -7182 -1394 -5134 2373 1010 1112 -16 130 -62
1534194850.012285 685 585 622 732 631 728 -6986 -3920 -4080 -8416 -5145 7820 -16 129 -61
1534194850.094206 684 585 622 732 632 728 -5952 1584 -1518 2142 1530 -1839 -14 132 -57
1534194850.1677127 684 586 623 733 632 728 -7256 -2172 -5774 2921 1064 -4061 -25 132 -50
1534194850.234941 685 585 623 733 632 728 -6790 -1514 -3852 573 -2082 582 -18 130 -53
1534194850.31313 684 586 623 732 631 729 -7066 -1264 -4258 1509 662 664 -18 134 -51
1534194850.386509 685 586 622 732 631 729 -6978 -1152 -4038 -183 139 -379 -18 135 -53
1534194850.4491382 685 586 623 733 632 729 -6960 -1396 -4498 651 123 -191 -17 132 -50
1534194850.5316253 684 585 623 733 632 729 -6900 -1222 -4050 249 -41 483 -16 133 -52
1534194850.6045487 685 585 623 733 632 729 -7054 -1468 -4156 -232 871 464 -17 133 -52
1534194850.6682656 685 585 623 733 632 729 -7074 -1250 -4068 106 -20 435 -18 133 -53
1534194850.730752 685 586 623 733 632 728 -7008 -1312 -4078 69 492 332 -18 131 -53
1534194850.8090038 685 585 623 733 631 729 -7008 -1328 -4270 290 102 -135 -16 133 -54
1534194850.8892097 685 586 623 732 632 729 -6984 -1372 -4166 482 -53 -36 -16 132 -51
1534194850.9501343 684 585 623 733 632 729 -7026 -1288 -4004 84 322 437 -17 134 -54
1534194851.0298774 685 586 623 732 631 729 -6960 -1346 -4264 314 76 -82 -17 131 -54
1534194851.1010964 685 585 623 733 632 728 -6988 -1280 -4082 220 238 188 -16 133 -53
1534194851.1695309 685 585 623 733 631 729 -7006 -1272 -4172 136 80 85 -18 134 -51
1534194851.232017 684 586 623 733 632 729 -6996 -1334 -4180 211 227 55 -19 132 -52
1534194851.2945035 685 585 623 733 632 729 -7014 -1292 -4190 210 60 26 -19 131 -52
1534194851.3726113 684 585 623 733 632 728 -7072 -1272 -4144 306 95 -84 -19 132 -53
1534194851.4507163 684 585 623 733 632 728 -6982 -1268 -4114 275 140 190 -18 132 -54
1534194851.5132022 684 586 623 733 631 728 -7024 -1294 -4140 223 117 14 -17 133 -52
1534194851.5910406 684 585 623 733 632 729 -7068 -1270 -4164 179 234 -1 -20 131 -55
1534194851.6529586 684 585 623 733 632 729 -6976 -1350 -4020 87 -32 409 -22 133 -53
1534194851.731067 684 585 623 733 631 729 -7014 -1322 -4212 321 315 -58 -17 133 -52
1534194851.7935538 684 585 623 732 631 729 -6970 -1288 -4080 95 228 259 -18 133 -52
1534194851.8735368 684 585 623 733 631 728 -7086 -1500 -4096 359 296 317 -19 133 -52
1534194851.938801 684 585 623 733 631 729 -6924 82 -4222 1626 -581 -1117 -20 131 -54
1534194852.0195165 684 585 623 733 631 729 -6876 -1678 -3854 -448 -201 521 -18 134 -55
1534194852.097219 684 585 623 733 632 728 -6824 -1436 -3342 -1819 -1314 1895 -20 131 -53
1534194852.1688013 684 585 622 732 631 728 -7364 -1322 -4440 -440 -1957 1487 -19 131 -55
1534194852.2312887 684 585 622 732 632 728 -7872 -716 -3794 -756 4858 -1065 -20 133 -52
1534194852.309394 683 585 621 732 631 727 -7180 -1148 -3958 -140 7329 -3256 -22 131 -48
1534194852.3932874 682 584 621 731 631 727 -6864 48 -4638 2025 7004 -2226 -21 132 -54
1534194852.4502497 682 584 620 731 630 726 -7526 4 -4806 802 -301 -1219 -16 131 -59
1534194852.5378892 682 584 620 731 630 726 -7342 -1374 -5200 -714 4269 3321 -17 128 -63
1534194852.6133013 682 584 621 731 630 727 -4396 -3660 -1662 -747 -2569 868 -15 129 -64
1534194852.681408 682 584 621 731 630 727 -7116 714 -5416 2508 1363 -2664 -15 129 -63
1534194852.7595148 683 584 621 732 630 727 -6016 -3516 -4862 1309 -6286 1108 -16 130 -65
1534194852.8368256 684 585 622 732 631 728 -5556 -3366 -1710 -5317 -1180 9632 -5 133 -63
1534194852.9020917 684 585 623 732 631 728 -6702 198 -4508 3455 2730 -1637 -15 134 -57
1534194852.9802015 684 585 622 732 631 728 -6786 -2414 -4778 -372 -1453 -2819 -20 133 -59
1534194853.0529711 683 585 623 732 631 728 -6900 -1862 -4064 306 365 829 -15 132 -60
1534194853.1195374 684 585 622 732 631 729 -6774 -1414 -4546 -23 187 745 -13 132 -61
1534194853.1978912 684 585 622 732 631 728 -6840 -1516 -4356 62 443 -138 -14 134 -58
1534194853.2603238 684 585 623 732 631 728 -6742 -1656 -4412 244 43 439 -15 132 -60
1534194853.3404548 684 585 623 732 631 728 -6756 -1494 -4418 93 248 445 -17 131 -58
1534194853.402089 684 585 622 732 631 728 -6762 -1328 -4586 297 81 241 -15 132 -60
1534194853.4801958 684 585 623 732 631 728 -6790 -1496 -4374 -1 356 154 -15 134 -61
1534194853.5485053 684 585 622 732 631 728 -6770 -1442 -4556 71 161 9 -16 132 -59
1534194853.6193895 684 585 623 732 631 727 -6692 -1406 -4576 396 -48 -56 -15 132 -58
1534194853.6818926 684 585 623 732 631 728 -6766 -1494 -4480 253 202 108 -17 132 -58
1534194853.7601218 684 585 622 732 631 728 -6780 -1482 -4402 199 93 104 -17 134 -61
1534194853.8309963 684 585 622 732 631 729 -6738 -1568 -4486 277 26 47 -16 131 -59
1534194853.898211 684 585 623 732 631 728 -6780 -1512 -4368 -117 -106 -99 -18 133 -59
1534194853.9609005 684 585 623 733 631 728 -6756 -1522 -4402 299 227 -95 -14 133 -57
1534194854.0470362 684 585 623 732 631 729 -6830 -1456 -4452 318 -51 -63 -15 134 -58
1534194854.1165538 684 585 622 732 631 728 -6766 -1454 -4390 285 191 12 -14 134 -57
1534194854.1834445 684 585 623 732 631 728 -6774 -1486 -4508 251 77 60 -16 131 -60
1534194854.246128 684 585 623 732 631 728 -6786 -1474 -4488 268 97 -24 -16 133 -57
1534194854.3254662 684 585 623 733 631 729 -6752 -1534 -4370 237 136 80 -17 133 -58
1534194854.3852925 684 585 622 732 631 728 -6782 -1434 -4456 305 70 -76 -15 134 -57
1534194854.463397 684 585 623 732 631 728 -6806 -1362 -4466 322 137 132 -17 133 -59
1534194854.5384874 684 585 622 733 631 728 -6820 -1536 -4414 278 105 158 -16 131 -59
1534194854.6091447 684 585 622 732 631 728 -6772 -1442 -4418 297 133 35 -16 131 -58
1534194854.6704843 684 585 623 732 631 728 -6770 -1444 -4452 176 183 79 -19 133 -59
1534194854.74859 684 585 623 732 631 728 -6794 -1464 -4476 129 184 34 -16 134 -58
1534194854.8111262 684 585 622 732 631 729 -6726 -1406 -4496 139 129 66 -15 133 -59
1534194854.8892329 684 585 623 732 631 729 -6826 -1454 -4430 111 178 96 -16 134 -59
1534194854.9518785 684 585 623 732 631 728 -6810 -1518 -4470 -82 -44 -64 -16 134 -58
1534194855.0335174 683 585 623 732 631 728 -6932 -1506 -4506 -58 -405 441 -17 131 -58
1534194855.1072996 684 585 623 733 631 728 -5172 -1938 -2956 -602 909 -1453 -16 132 -57
1534194855.1828184 684 585 622 733 631 728 -6694 -2582 -3850 1870 -2879 3713 -17 132 -59
1534194855.2450538 684 585 622 732 631 728 -7606 -1412 -1478 -2273 -1438 1263 -18 132 -59
1534194855.3231604 683 585 621 731 630 726 -7148 -1380 -4676 -1048 -303 -1195 -19 131 -55
1534194855.4030147 683 584 620 731 631 726 -6698 -2182 -2806 -496 3203 2753 -16 133 -56
1534194855.481121 683 584 619 730 631 726 -7440 -256 -5974 -82 -4035 -610 -19 131 -61
1534194855.5529585 683 584 619 730 630 726 -6136 -738 -8956 3783 -709 69 -19 129 -63
1534194855.619589 683 584 620 730 631 726 -7306 -1550 -5008 3811 -75 -1907 -19 129 -67
1534194855.6978335 684 585 621 731 631 726 -6610 -2114 -5432 -1642 2796 675 -19 130 -67
1534194855.7758017 684 585 622 732 631 728 -5510 192 -2808 -2337 -1568 5092 -19 129 -67
1534194855.8506885 684 585 622 732 631 727 -6490 182 -6062 5574 2592 -5725 -22 131 -66
1534194855.9193025 684 585 622 732 631 728 -6826 -1694 -5278 -702 -2706 -2276 -23 128 -65
1534194855.9974086 684 585 622 732 631 728 -6600 -1794 -4166 152 429 397 -19 130 -66
1534194856.0691414 684 585 623 732 631 728 -6772 -1142 -5012 367 665 563 -19 130 -62
1534194856.1419082 683 585 622 732 631 728 -6486 -1380 -4618 320 12 -307 -18 129 -63
1534194856.2012231 684 585 622 732 631 728 -6764 -1456 -4960 416 -17 -330 -19 130 -65
1534194856.279328 684 585 622 732 631 727 -6242 -1348 -4736 499 -29 871 -18 131 -65
1534194856.3575852 684 585 622 732 631 728 -6642 -1238 -4980 265 401 -497 -19 132 -65
1534194856.418178 684 585 622 732 631 727 -6602 -1368 -4788 129 255 117 -18 131 -67
1534194856.5124874 684 585 622 732 631 728 -6490 -1180 -4894 184 136 40 -18 130 -64
1534194856.5685155 684 585 622 732 631 727 -6702 -1484 -4906 256 188 55 -19 132 -64
1534194856.639904 684 585 622 732 631 727 -6460 -1254 -4746 251 270 206 -19 130 -65
1534194856.7011437 684 585 622 732 631 728 -6564 -1264 -4850 249 60 89 -20 131 -65
1534194856.7792509 684 585 622 732 631 727 -6544 -1372 -4866 311 287 95 -20 132 -65
1534194856.849874 684 585 623 732 631 728 -6542 -1316 -4858 272 138 19 -18 131 -64
1534194856.9171543 684 585 622 732 631 728 -6486 -1348 -4744 231 92 -19 -20 131 -64
1534194856.9796412 684 585 622 732 631 728 -6564 -1330 -4842 215 149 -94 -20 129 -63
1534194857.0620737 684 585 622 732 631 728 -6568 -1274 -4792 106 208 117 -17 131 -64
1534194857.1322434 684 585 622 732 631 728 -6574 -1292 -4882 83 304 153 -20 129 -64
1534194857.1988323 684 585 623 732 631 728 -6506 -1302 -4840 190 149 -117 -17 130 -64
1534194857.2613075 684 585 623 732 631 728 -6504 -1318 -4854 94 111 166 -19 131 -65
1534194857.3451223 684 585 622 732 631 728 -6558 -1306 -4922 169 200 73 -19 130 -66
1534194857.4015431 684 585 622 732 631 728 -6524 -1298 -4886 276 78 -29 -20 132 -64
1534194857.4796505 684 585 622 732 631 728 -6504 -1376 -4880 225 197 110 -18 132 -66
1534194857.5587971 684 585 622 732 631 728 -6594 -1222 -4828 328 115 -159 -19 130 -67
1534194857.6312172 684 585 623 732 631 728 -6510 -1368 -4756 216 -14 -103 -18 128 -65
1534194857.699297 684 585 622 732 631 727 -6494 -1358 -4924 268 102 129 -20 129 -64
1534194857.7695599 684 584 622 732 631 728 -6488 -1376 -4798 247 190 -161 -18 129 -65
1534194857.8445966 684 585 623 732 631 728 -6476 -1260 -4830 75 146 -31 -18 131 -64
1534194857.920394 684 585 622 732 631 728 -6594 -1404 -4982 298 158 86 -19 131 -63
1534194857.971274 684 585 622 732 631 727 -6526 -1396 -4716 232 157 122 -18 129 -66
1534194858.0531397 684 585 622 732 631 728 -6496 -1384 -4856 192 208 482 -19 131 -64
1534194858.128393 684 585 622 733 631 728 -6562 -1234 -4990 404 392 398 -17 131 -67
1534194858.1850061 684 585 622 732 631 728 -6420 -1372 -4772 240 48 26 -19 131 -66
1534194858.2545068 684 585 622 732 631 727 -6612 -1214 -4858 271 171 187 -19 131 -64
1534194858.331541 683 585 622 732 631 728 -6510 -1332 -4906 374 -68 -191 -19 129 -65
1534194858.401801 684 585 622 732 631 728 -6540 -1262 -4898 413 72 -280 -19 130 -66
1534194858.4799042 684 585 622 732 631 728 -6656 -1448 -4732 394 133 -244 -21 129 -65
1534194858.544579 684 585 623 732 631 728 -6500 -1318 -4834 215 -120 83 -18 130 -65
1534194858.6362758 684 585 622 732 631 728 -6520 -1354 -4902 169 141 50 -20 131 -63
1534194858.6831388 684 585 622 732 631 728 -6420 -1298 -4826 12 153 64 -18 130 -65
1534194858.761255 684 585 622 732 630 728 -6438 -1268 -4832 -40 286 -241 -19 129 -64
