1534184585.4360495 643 563 603 685 589 686 -1362 -7746 -1556 -38 198 261 96 90 -3
1534184585.502503 643 563 603 685 589 686 -1490 -7778 -1494 90 97 -118 96 94 -5
1534184585.5649571 642 563 603 685 588 687 -1286 -7738 -1652 232 132 -61 97 93 -1
1534184585.6407194 643 562 603 685 588 686 -1420 -7740 -1474 160 285 -297 96 92 -3
1534184585.702916 643 562 603 686 588 686 -1364 -7786 -1508 328 165 -98 97 93 -3
1534184585.7654011 643 563 603 685 588 686 -1388 -7710 -1634 324 255 -275 96 93 -4
1534184585.8435082 643 562 603 685 588 687 -1158 -7740 -1552 386 300 -388 97 91 -2
1534184585.9124951 643 562 603 686 589 687 -1316 -7794 -1448 415 38 96 96 92 -5
1534184585.9708924 643 562 603 685 589 687 -1332 -7744 -1432 156 234 79 97 92 -4
1534184586.0490003 643 562 603 686 588 687 -1370 -7686 -1504 374 242 -63 99 93 -3
1534184586.1505718 643 563 603 685 588 687 -1202 -7752 -1592 195 192 378 96 92 -3
1534184586.2018647 643 562 603 685 589 686 -1356 -7698 -1500 628 43 -134 98 94 -3
1534184586.2912407 643 562 603 685 589 686 -1412 -7748 -1426 554 -211 190 97 94 -3
1534184586.35434 643 563 603 685 589 686 -1356 -7886 -1268 507 66 -78 97 94 -3
1534184586.3855836 643 562 603 685 588 687 -1420 -7688 -1534 185 58 427 96 94 -2
1534184586.4550686 643 563 603 685 588 687 -1388 -7802 -1260 38 204 141 97 92 -1
1534184586.518667 643 562 603 685 588 686 -1224 -7726 -1604 17 188 181 97 94 -2
1534184586.5811534 643 562 603 685 588 687 -1376 -7756 -1390 -3 -43 324 97 93 -2
1534184586.6562233 643 562 602 685 588 686 -1454 -7708 -1498 31 108 131 97 95 -1
1534184586.719427 643 562 603 685 589 687 -1370 -7674 -1628 -25 66 173 95 92 -3
1534184586.791761 643 562 603 685 588 686 -1512 -7714 -1544 253 75 20 94 93 -3
1534184586.853454 643 562 603 685 588 686 -1426 -7702 -1624 607 278 -293 95 93 -1
1534184586.9206388 643 562 603 685 589 687 -1364 -7788 -1262 252 337 -59 95 94 -3
1534184586.9932623 643 562 603 685 588 687 -1238 -7660 -1610 222 -2 208 97 93 -3
1534184587.0511856 643 562 603 685 589 687 -1426 -7708 -1498 238 90 -246 96 93 -3
1534184587.1295273 643 563 603 686 589 686 -1488 -7820 -1170 -118 152 -4 96 93 -2
1534184587.1871455 643 563 603 686 589 686 -1214 -7748 -1670 -220 278 359 96 93 -4
1534184587.2652545 643 563 603 685 588 687 -1352 -7754 -1690 141 67 379 97 92 -2
1534184587.3277407 643 562 603 685 588 687 -1544 -7744 -1524 237 -167 241 97 94 -3
1534184587.404395 643 562 603 685 589 687 -1620 -7764 -1418 126 299 -639 95 93 -2
1534184587.4717093 643 562 603 685 588 686 -1050 -7616 -1080 -216 404 -613 96 93 -3
1534184587.5341911 643 562 603 685 589 687 -1098 -7926 -1854 -1358 -232 1374 97 91 -2
1534184587.6187725 643 562 603 685 588 687 -1496 -7792 -1514 -1853 1849 1658 97 92 -5
1534184587.6865191 643 562 603 685 588 686 -1708 -7606 -2334 -2287 2721 4616 97 95 -8
1534184587.764625 643 562 603 685 589 686 -2786 -7080 -2192 -1315 3939 3413 97 96 -11
1534184587.8272057 643 562 603 685 588 687 -2286 -7632 -2464 -1745 3244 859 94 103 -15
1534184587.910888 643 562 603 685 588 686 -682 -8882 -3140 -1640 4075 4212 92 104 -19
1534184587.9701524 643 562 603 685 588 686 -3510 -6572 -2516 -947 1211 7624 93 103 -22
1534184588.048064 643 562 602 685 589 686 -3240 -7020 -3074 -888 215 1870 90 112 -26
1534184588.1276655 643 562 602 686 588 687 -3044 -6830 -2710 -480 -536 -193 84 114 -27
1534184588.2019403 643 562 603 686 588 686 -2774 -6978 -3076 -515 -1509 -1594 87 116 -28
1534184588.2644255 643 562 602 686 588 686 -2666 -7082 -2758 41 -1285 -2328 85 114 -27
1534184588.3426237 643 562 602 685 588 687 -2528 -6988 -2864 -144 -643 -1389 87 112 -27
1534184588.4203079 643 563 603 685 588 686 -2416 -7094 -2774 609 31 -2955 89 112 -25
1534184588.4879775 643 563 602 685 589 687 -2226 -7252 -2394 1245 104 -1309 89 109 -25
1534184588.5660973 643 563 603 685 589 687 -2322 -7486 -2742 246 141 -92 90 109 -24
1534184588.6386623 643 563 602 685 588 686 -2246 -7330 -2590 312 217 -231 91 107 -24
1534184588.702588 643 563 602 684 588 686 -2246 -7350 -2788 146 -25 434 90 108 -25
1534184588.7652824 643 563 602 685 588 686 -2202 -7264 -2588 72 126 -218 92 110 -24
1534184588.8431785 643 562 603 685 589 686 -2300 -7254 -2578 141 -203 139 90 108 -24
1534184588.9212866 643 562 602 685 589 687 -2142 -7314 -2710 305 25 -54 92 108 -24
1534184588.9869404 643 563 602 685 588 687 -2270 -7318 -2648 183 51 193 91 108 -23
1534184589.049427 642 563 602 684 588 687 -2266 -7260 -2706 27 -123 273 91 109 -23
1534184589.1271656 643 562 602 685 588 686 -2324 -7308 -2584 184 40 35 89 107 -23
1534184589.1870105 643 563 603 685 588 687 -2372 -7270 -2552 65 3 61 92 109 -21
1534184589.2494957 643 563 602 684 588 686 -1754 -7206 -2594 92 1452 -903 92 107 -23
1534184589.327601 643 563 603 685 589 687 -1994 -7104 -3074 1136 3300 1311 93 108 -23
1534184589.4110272 643 563 603 684 589 687 -918 -5970 -2124 1148 -1799 7799 90 107 -26
1534184589.471195 644 564 603 685 588 687 -3022 -6702 -4320 13 -2770 2084 90 111 -26
1534184589.549303 644 565 603 684 588 688 -3502 -6724 -2446 -193 966 85 85 116 -25
1534184589.6360407 646 566 603 685 589 688 -1602 -7346 -2112 -4068 -942 -1395 85 115 -26
1534184589.6888185 646 566 603 685 589 689 -3250 -6928 -2420 3839 1928 -1532 83 116 -27
1534184589.766926 646 565 603 685 588 688 -3194 -7076 -2824 -650 288 -353 85 116 -27
1534184589.8452187 644 564 603 685 588 687 -2858 -7350 -3618 101 -1723 -5263 84 115 -26
1534184589.9216986 644 564 602 685 589 686 -3548 -6748 -2686 2073 -552 -6776 88 111 -25
1534184589.9907148 644 564 603 685 588 686 -1764 -6976 -1648 -746 -797 -3010 89 109 -21
1534184590.0690382 644 564 603 685 588 686 -1302 -7472 -1624 -198 -684 -1591 93 105 -21
1534184590.1453366 644 563 603 685 589 686 -1490 -7622 -2432 -397 188 1629 97 102 -19
1534184590.2148383 644 563 603 685 589 686 -2088 -7306 -2680 -353 -143 950 96 103 -21
1534184590.2779136 644 563 602 685 588 686 -1776 -7436 -2676 248 -86 -358 93 104 -23
1534184590.3670745 644 563 602 685 588 686 -1642 -7484 -2418 73 -244 -223 93 104 -22
1534184590.4215572 644 563 603 685 589 686 -1884 -7444 -2498 301 268 -339 94 103 -22
1534184590.4873497 644 563 603 685 589 687 -1548 -7572 -2528 -275 -191 -3 95 101 -18
1534184590.565456 644 563 603 685 589 686 -1650 -7426 -2608 -399 -385 1066 93 102 -22
1534184590.6463544 644 563 603 685 589 686 -2022 -7274 -2716 -245 -97 651 96 103 -21
1534184590.7178752 644 563 603 685 589 686 -1986 -7324 -2716 539 367 -359 94 103 -21
1534184590.7801409 644 563 602 685 588 686 -1740 -7416 -2558 734 712 -788 93 104 -23
1534184590.8582113 644 563 602 684 588 687 -1642 -7414 -2526 195 101 51 93 102 -23
1534184590.920549 644 563 603 684 589 686 -1830 -7454 -2456 67 60 167 97 103 -21
1534184590.986393 644 563 603 685 588 686 -1866 -7310 -2556 281 75 -135 94 103 -21
1534184591.0645006 644 563 603 685 588 686 -1720 -7462 -2494 445 169 -204 95 102 -19
1534184591.1368153 644 563 603 685 588 687 -1766 -7424 -2564 71 258 164 94 101 -21
1534184591.2012403 644 563 602 684 589 686 -1722 -7424 -2666 215 65 111 95 104 -21
1534184591.2637258 644 563 603 685 588 686 -1680 -7432 -2652 152 143 100 94 102 -21
1534184591.3418324 644 563 603 684 588 686 -1782 -7442 -2610 51 125 219 94 103 -21
1534184591.4141364 644 563 603 685 589 687 -1906 -7398 -2474 246 62 76 97 102 -22
1534184591.4709618 644 563 603 685 589 687 -1750 -7432 -2612 186 209 152 95 104 -21
1534184591.5491033 644 563 603 684 588 686 -1708 -7448 -2528 -110 -24 344 93 105 -22
1534184591.6115546 644 563 602 684 588 686 -1800 -7386 -2534 74 -126 314 94 102 -22
1534184591.6868052 644 563 602 684 588 687 -1776 -7444 -2686 33 -252 402 94 103 -22
1534184591.764665 644 563 602 684 588 686 -1900 -7424 -2638 -306 -104 769 92 104 -22
1534184591.8273122 644 563 602 684 588 686 -3084 -6370 -2676 537 1667 -2708 92 102 -24
1534184591.9131908 644 563 603 684 588 686 -1906 -7424 -3064 -406 387 -470 93 103 -21
1534184591.986754 644 563 602 685 588 686 -1724 -7032 -3236 1792 -2944 1405 94 103 -23
1534184592.0492408 644 564 603 684 588 687 -1148 -7758 -2488 1364 1158 1582 94 103 -23
1534184592.1330113 645 564 603 684 588 687 -1520 -7314 -1958 -779 208 2433 94 103 -20
1534184592.2022622 645 565 603 685 588 687 -1916 -6940 -2978 -290 1271 277 93 105 -20
1534184592.2647493 645 565 603 685 588 688 -1074 -7366 -3232 -228 -166 415 92 104 -23
1534184592.3430583 646 565 603 685 588 688 -1074 -7384 -2066 1185 -399 1753 92 106 -25
1534184592.4230137 647 566 603 684 589 687 -2550 -7266 -3480 909 516 -280 92 107 -23
1534184592.4864583 646 565 603 685 588 688 -2538 -7556 -3056 4891 1228 -1289 91 105 -24
1534184592.564656 645 564 603 685 589 687 -1382 -8038 -2140 2353 -5517 5704 92 108 -22
1534184592.645639 645 564 603 685 589 686 -2990 -6152 -1328 -515 1211 -4605 91 108 -16
1534184592.7175019 644 564 602 685 588 687 -1872 -7446 -2334 -302 -1026 -588 92 107 -15
1534184592.779988 644 564 603 685 588 687 -1898 -7624 -2062 489 622 -3136 91 104 -15
1534184592.8580947 645 564 603 684 588 686 -1606 -7620 -2070 142 -260 -121 93 104 -16
1534184592.9365895 645 564 603 684 589 686 -1816 -7438 -2234 -300 -127 893 94 102 -16
1534184593.0015907 645 564 602 684 588 687 -1938 -7498 -2356 -305 203 536 95 101 -15
1534184593.079677 645 564 602 685 588 686 -1992 -7398 -2436 -214 363 433 95 103 -16
1534184593.1505647 645 564 602 685 588 686 -2102 -7342 -2424 316 662 -665 92 103 -19
1534184593.220378 644 564 602 684 588 687 -1726 -7524 -2328 355 56 -366 95 103 -18
1534184593.288255 645 564 602 684 588 686 -1660 -7514 -2348 -277 89 170 96 102 -16
1534184593.3508828 645 563 602 685 588 686 -1870 -7404 -2432 -441 239 414 94 101 -18
1534184593.4336228 644 563 602 684 589 686 -2006 -7350 -2388 576 251 -691 95 101 -18
1534184593.5043082 645 564 602 684 588 686 -1652 -7516 -2392 337 199 -275 95 104 -18
1534184593.566795 645 563 602 684 588 686 -1768 -7500 -2414 4 120 403 95 102 -17
1534184593.6433053 644 563 603 684 588 686 -1922 -7436 -2402 147 239 -130 97 105 -18
1534184593.704316 644 563 602 684 588 686 -1754 -7490 -2400 160 164 81 94 102 -18
1534184593.7824223 644 563 603 685 588 686 -1810 -7448 -2440 -91 267 210 95 103 -21
1534184593.8449094 645 563 602 684 588 686 -1894 -7370 -2470 -153 173 191 94 104 -21
1534184593.936718 644 563 602 684 588 686 -1856 -7384 -2442 349 -51 -94 94 103 -19
1534184593.9878697 644 563 602 685 588 687 -1848 -7484 -2448 89 73 -39 92 104 -20
1534184594.0505514 645 563 603 684 588 686 -1856 -7430 -2456 43 294 226 93 102 -20
1534184594.1298034 644 563 602 685 588 686 -1762 -7434 -2536 66 273 154 96 102 -19
1534184594.2023551 644 563 602 685 588 686 -1814 -7456 -2500 -134 -399 713 96 105 -20
1534184594.2648382 644 563 602 684 588 686 -2048 -7372 -2590 -84 -213 540 92 103 -19
1534184594.3429468 644 563 602 684 588 686 -2078 -7416 -2536 195 307 88 94 104 -20
1534184594.4148154 644 563 602 684 588 686 -1868 -7382 -2622 279 387 -182 94 104 -18
1534184594.4856799 644 563 603 684 588 687 -1844 -7440 -2544 120 177 230 93 104 -20
1534184594.5505621 644 563 602 684 588 686 -1038 -8312 -2656 371 77 -1016 95 104 -20
1534184594.63053 644 563 602 684 588 686 -1450 -7540 -2222 95 221 610 95 102 -21
1534184594.6887486 644 563 602 684 588 686 -2112 -7396 -2756 -560 397 1253 93 105 -19
1534184594.7668543 644 563 602 684 588 687 -2314 -6936 -2830 -598 -460 -1312 94 105 -19
1534184594.844962 644 564 602 684 588 686 -2334 -7018 -3292 -1941 -533 -961 94 106 -22
1534184594.9200802 645 564 603 685 588 687 -1920 -7524 -2740 -1145 1079 2531 95 103 -23
1534184594.9864082 646 565 603 685 588 688 -2486 -7618 -3740 -1268 681 -2551 93 105 -24
1534184595.0645113 647 566 603 685 588 687 -3064 -7602 -3256 -478 170 -423 92 106 -23
1534184595.1384764 647 566 603 686 588 688 -3306 -6704 -2840 -45 279 -515 92 109 -26
1534184595.2012079 647 566 603 685 588 688 -2980 -7266 -2992 -2209 28 3105 92 108 -27
1534184595.2793128 647 566 603 685 589 688 -1512 -6708 -2952 91 -454 2186 90 109 -26
1534184595.3417993 647 565 603 684 589 687 -2882 -6458 -2938 -197 415 1991 90 110 -27
1534184595.4271357 646 564 603 685 588 687 -2388 -7130 -2928 134 2158 -2234 87 111 -29
1534184595.486285 645 564 602 685 589 687 -2086 -6630 -2166 522 -356 -1205 91 109 -29
1534184595.5642998 645 564 603 685 589 687 -2412 -7012 -3250 737 -943 -371 91 112 -29
1534184595.6453285 645 564 603 685 589 686 -2510 -7126 -3104 401 -381 -418 88 108 -27
1534184595.7178512 645 564 603 684 589 687 -2352 -7160 -2880 376 -435 -683 92 107 -27
1534184595.7803338 645 564 603 685 588 686 -2276 -7052 -3006 132 224 -484 92 108 -26
1534184595.85844 645 563 603 684 588 687 -2240 -7084 -2990 93 -155 309 91 109 -24
1534184595.9204495 645 563 602 685 588 687 -2382 -7122 -3020 282 193 -269 92 107 -25
1534184595.98775 645 563 602 685 588 687 -2166 -7172 -3070 398 -13 -708 90 108 -26
1534184596.0814776 645 564 602 684 588 686 -2126 -7208 -3000 462 -199 -110 91 107 -25
1534184596.1464362 645 563 603 684 589 686 -2184 -7166 -3124 -720 -802 720 90 106 -24
1534184596.20176 645 563 602 685 588 687 -2566 -7026 -3046 84 -569 405 93 107 -24
1534184596.2798674 645 564 603 685 588 686 -2406 -7056 -3090 442 234 -620 93 108 -25
1534184596.3423538 645 563 602 684 589 686 -2202 -7134 -3028 76 201 -43 91 108 -27
1534184596.4204617 645 563 602 684 588 686 -2332 -7140 -3042 -100 -143 -139 91 108 -27
1534184596.48762 645 564 603 685 588 686 -2410 -7066 -3120 144 185 86 93 108 -25
1534184596.565728 645 563 602 685 588 686 -2304 -7072 -3162 405 -51 -280 93 108 -26
1534184596.6417801 645 563 602 684 588 687 -2256 -7148 -3010 325 292 -255 94 108 -26
1534184596.7022877 645 563 602 684 588 686 -2362 -7162 -3042 289 292 -11 92 107 -28
1534184596.7803895 645 563 602 684 588 687 -2292 -7060 -3170 230 182 -132 94 106 -25
1534184596.842876 644 563 602 684 588 686 -2224 -7128 -3022 356 233 -200 94 108 -26
1534184596.9221742 645 563 602 685 588 686 -2248 -7156 -3028 96 195 52 91 107 -24
1534184596.9867518 645 563 603 684 588 687 -2298 -7110 -3038 96 346 53 93 105 -25
1534184597.04936 644 563 603 684 588 687 -2242 -7112 -3130 227 153 -121 93 106 -25
1534184597.1273446 645 563 602 684 588 686 -2170 -7134 -3186 269 203 -79 93 106 -26
1534184597.1898298 645 563 602 684 589 687 -2264 -7096 -3206 446 342 -46 93 105 -26
1534184597.2681344 645 563 602 685 588 686 -2168 -7156 -3094 392 190 0 92 106 -23
1534184597.3304508 645 563 603 684 588 686 -2402 -6606 -2934 509 781 -1739 93 105 -26
1534184597.4040258 644 563 603 684 588 686 -1626 -7354 -3188 341 57 36 93 106 -26
1534184597.4861827 645 563 603 684 588 686 -2950 -6768 -2684 570 -3976 -1774 93 104 -27
1534184597.548669 645 564 603 684 588 687 -2980 -7796 -2392 -2240 -827 3149 91 106 -25
1534184597.6311762 646 565 603 685 588 687 -3428 -6974 -3142 -364 1059 961 93 108 -24
1534184597.7025428 647 566 603 685 589 688 -2382 -7156 -3420 490 657 1421 89 109 -25
1534184597.7650297 647 566 603 685 588 688 -1790 -7468 -2952 568 228 1652 90 108 -26
1534184597.8431363 647 566 603 684 589 688 -2670 -6630 -2490 2393 1645 -213 88 107 -26
1534184597.9182098 648 566 603 685 589 688 -2622 -6822 -3172 717 89 1114 89 109 -26
1534184597.9865897 648 566 603 685 588 687 -3266 -6792 -3208 696 -497 860 88 110 -28
1534184598.0490746 647 565 602 685 588 688 -2708 -7134 -3716 -52 -2763 -1172 88 113 -26
1534184598.1359363 645 564 602 685 589 686 -1914 -7520 -1784 898 259 -1302 87 110 -24
1534184598.2021978 646 564 603 684 588 687 -2744 -5924 -2742 1803 1053 -4034 89 110 -22
1534184598.2803073 645 564 602 685 588 687 -2624 -7016 -3194 135 -331 -2449 91 109 -23
1534184598.3427906 646 564 603 684 588 687 -1492 -7566 -2618 1347 699 -2083 93 104 -22
1534184598.4281154 646 564 602 684 588 686 -1804 -7400 -2678 164 -738 536 95 104 -20
1534184598.486708 646 564 602 684 588 686 -2382 -7128 -2978 -104 -279 505 94 102 -19
1534184598.5650113 646 564 602 684 589 686 -2288 -7222 -2790 186 257 -452 95 104 -21
1534184598.6426964 645 564 602 684 588 686 -1908 -7284 -2654 655 581 -722 93 105 -21
1534184598.7026484 646 564 602 685 588 686 -1982 -7332 -2726 188 520 367 97 103 -22
1534184598.7806776 645 564 602 684 588 687 -2118 -7208 -2848 11 213 19 95 104 -22
1534184598.8431644 646 564 603 684 588 687 -2012 -7286 -2798 -100 208 -132 94 103 -21
1534184598.9209862 645 563 602 684 588 686 -1960 -7242 -2768 173 90 859 96 103 -23
1534184598.9865613 645 564 602 684 588 686 -2198 -7238 -2874 148 132 187 94 106 -21
1534184599.049108 645 563 602 684 588 687 -2110 -7246 -2984 409 176 -225 94 104 -22
1534184599.1319373 645 564 603 684 589 686 -1980 -7274 -2796 334 208 4 95 104 -23
1534184599.2021613 645 564 603 684 589 686 -2054 -7266 -2884 181 175 194 94 103 -21
1534184599.270737 645 564 602 684 588 686 -2146 -7200 -2884 263 187 -47 96 103 -20
1534184599.3332217 645 563 602 684 588 686 -2040 -7338 -2712 213 157 84 96 102 -23
1534184599.4102504 645 563 602 684 588 686 -2118 -7188 -2840 209 316 84 95 103 -20
1534184599.470092 645 563 602 684 588 686 -2034 -7262 -2834 451 217 53 98 106 -21
1534184599.5481985 645 564 602 685 588 686 -2030 -7264 -2792 177 198 -26 94 103 -23
1534184599.6263037 645 563 602 685 588 686 -2068 -7284 -2892 92 183 213 93 104 -19
1534184599.6877632 645 564 602 684 588 686 -2006 -7254 -2998 306 145 23 93 103 -22
1534184599.7502635 645 563 602 684 588 686 -2030 -7278 -2826 243 202 -9 95 104 -23
1534184599.8127408 645 563 602 684 588 686 -2116 -7294 -2882 272 221 131 94 105 -20
1534184599.8975873 645 563 602 684 588 686 -2026 -7282 -2812 345 487 473 96 103 -21
1534184599.9682825 645 563 602 684 589 686 -2204 -7298 -2810 158 259 456 94 102 -21
1534184600.033325 645 564 602 684 588 686 -2222 -7216 -2860 149 41 489 91 105 -22
1534184600.0958097 645 563 602 684 588 686 -1836 -7118 -2964 197 326 -565 95 107 -22
1534184600.1699274 645 563 602 684 588 686 -2056 -8264 -3002 2127 4225 -2032 95 106 -21
1534184600.247826 645 564 602 684 588 686 -2712 -6584 -2806 -474 2340 -2232 91 104 -23
1534184600.3259258 646 564 602 684 588 687 -2534 -7930 -2950 -3153 -908 2538 96 104 -22
1534184600.4048789 647 565 603 685 589 687 -2120 -7740 -2506 -1824 418 1131 92 106 -26
1534184600.477782 647 566 602 685 588 687 -2192 -6416 -2072 1159 1126 3528 93 109 -29
1534184600.5347853 647 566 603 685 589 688 -2116 -7572 -3558 1063 223 385 91 108 -28
1534184600.612894 647 566 603 685 589 687 -2466 -6782 -3240 1959 -257 1194 94 108 -28
1534184600.6881912 646 565 603 685 589 687 -2450 -7526 -3282 1462 1564 -2104 90 109 -28
1534184600.7663596 645 564 602 685 589 686 -916 -7640 -2312 -2286 -1888 4116 91 107 -26
1534184600.8287852 645 564 603 685 588 687 -2300 -6480 -2344 206 495 -1056 93 109 -27
1534184600.915215 645 564 603 684 588 686 -1698 -7430 -3464 81 -314 -167 91 110 -27
1534184600.9865475 646 564 603 684 588 686 -2348 -7124 -3206 -505 -405 -1293 92 106 -27
1534184601.064654 645 564 603 684 588 686 -2158 -7142 -2938 -134 -727 308 91 109 -28
1534184601.134382 645 564 602 684 588 687 -2240 -7172 -2936 -426 -152 2366 93 108 -29
1534184601.2024517 645 564 603 684 588 686 -2442 -7012 -3044 173 277 -162 91 107 -29
1534184601.264936 645 564 602 684 588 686 -2296 -7126 -3122 568 56 -197 92 110 -28
1534184601.34306 646 564 603 684 588 687 -2134 -7172 -3096 333 298 -466 93 109 -30
1534184601.4039843 646 564 602 684 588 686 -2280 -7136 -3096 96 25 157 93 109 -29
1534184601.4858897 646 564 603 685 588 687 -2378 -7088 -3104 272 -280 13 92 107 -26
1534184601.5505037 645 563 602 684 588 686 -2172 -7156 -3120 319 112 -212 94 107 -27
1534184601.6131914 645 564 602 684 588 686 -2150 -7118 -3006 242 114 -520 92 110 -25
1534184601.6867592 645 563 602 684 588 686 -2212 -7148 -2960 106 138 119 92 107 -27
1534184601.7648654 645 564 602 685 588 686 -2218 -7048 -3084 261 446 -40 92 109 -26
1534184601.8273528 645 564 602 684 588 686 -2148 -7178 -2950 70 218 -86 94 109 -27
1534184601.9053338 645 563 602 684 588 686 -2300 -7116 -3042 237 63 96 92 108 -25
1534184601.973936 645 564 602 684 588 686 -2200 -7086 -3098 76 152 77 93 109 -29
1534184602.0347211 645 563 602 684 588 686 -2194 -7134 -3076 118 72 280 93 107 -26
1534184602.0972087 645 564 602 684 588 686 -2172 -7084 -3238 142 -9 277 92 108 -28
1534184602.1712418 645 563 602 684 588 686 -2348 -7138 -3108 104 31 271 93 107 -28
1534184602.249514 645 564 603 684 588 686 -2266 -7132 -3082 200 295 107 91 109 -28
1534184602.3120005 645 563 602 684 588 686 -2298 -6978 -3200 131 -9 124 92 109 -28
1534184602.3906608 645 563 602 684 588 686 -2376 -7104 -3160 346 251 -17 91 108 -28
1534184602.464415 645 564 602 684 588 685 -2138 -7162 -3038 215 194 -34 92 108 -27
1534184602.5186794 645 563 602 684 588 686 -2304 -7118 -3092 182 29 108 91 108 -28
1534184602.5967884 645 563 602 684 588 687 -2272 -7052 -3216 162 136 61 92 109 -26
1534184602.669158 645 563 602 684 589 686 -2034 -7142 -3092 -8 -167 422 92 108 -27
1534184602.7342126 645 563 602 684 588 686 -2584 -6614 -3732 463 -1354 -2722 93 110 -26
1534184602.8123178 645 563 602 684 588 686 -1924 -7352 -3132 1650 -1003 1315 91 107 -28
1534184602.8917818 645 564 602 684 588 686 -1948 -7116 -2010 1808 1159 -122 93 108 -24
1534184602.963373 646 564 602 684 588 687 -1760 -8012 -1828 293 2367 1123 90 108 -24
1534184603.03328 647 565 603 684 588 688 -938 -7440 -2274 2133 -1057 2698 92 108 -25
1534184603.111574 647 566 603 685 588 688 -2258 -7348 -3144 2454 2715 -1623 91 108 -24
1534184603.1854124 648 566 603 685 589 688 -1902 -6736 -3046 2101 1758 -5137 90 109 -24
1534184603.247899 649 566 603 685 589 688 -2586 -7070 -2990 -611 -2847 155 94 107 -24
1534184603.326005 648 566 603 685 589 688 -2674 -7186 -2408 -55 -1870 6317 96 103 -22
1534184603.4053273 646 565 603 685 589 688 -1900 -7740 -2510 3266 2524 -140 91 106 -22
1534184603.469515 646 564 602 684 588 687 -1352 -7546 -2446 -412 847 89 90 111 -24
1534184603.5478106 646 564 602 685 589 686 -2562 -6556 -2000 -1889 -1980 -171 91 108 -23
1534184603.610198 646 564 602 684 588 687 -2720 -7140 -3340 -233 -178 -779 94 108 -22
1534184603.6877983 646 564 602 684 588 686 -2018 -7416 -2922 58 205 -922 91 108 -25
1534184603.7660604 646 564 602 684 588 687 -2058 -7304 -2796 -76 -296 656 93 109 -23
1534184603.8286104 646 564 603 684 588 686 -2356 -7174 -2752 -308 -249 974 92 108 -23
1534184603.9038997 646 564 602 684 588 687 -2498 -7134 -2874 7 -47 486 92 108 -22
1534184603.9766383 645 564 603 684 588 686 -2482 -7110 -2836 162 13 -115 92 108 -25
1534184604.0339127 646 564 602 684 588 686 -2272 -7180 -2752 263 150 -252 92 111 -27
1534184604.1120172 646 564 602 684 588 686 -2344 -7184 -2872 45 3 130 92 108 -23
1534184604.1834579 646 564 603 685 588 687 -2418 -7226 -2784 333 267 11 94 109 -22
1534184604.2499712 645 564 602 684 588 687 -2254 -7202 -2924 388 146 -346 95 110 -26
1534184604.3126504 646 564 602 684 588 686 -2276 -7214 -2808 166 223 93 91 108 -25
1534184604.3944643 646 563 602 684 588 686 -2268 -7156 -3014 321 238 -75 93 110 -26
1534184604.466368 645 563 602 684 588 686 -2390 -7224 -2774 333 259 -280 90 110 -25
1534184604.5342875 646 563 602 684 588 686 -2340 -7240 -2840 162 198 77 91 109 -25
1534184604.6123955 646 563 602 684 588 686 -2360 -7188 -2766 214 163 -3 91 109 -24
1534184604.6704032 645 563 602 684 588 686 -2238 -7182 -2868 202 273 -63 91 109 -22
1534184604.733102 645 563 602 684 588 686 -2322 -7190 -2832 266 201 -47 92 108 -23
1534184604.8111784 646 563 602 684 588 686 -2252 -7236 -2790 156 92 45 93 109 -25
1534184604.8823602 645 564 602 684 588 686 -2280 -7154 -2930 220 245 116 93 110 -26
1534184604.9537394 645 563 602 685 588 687 -2268 -7208 -2882 286 411 -215 92 110 -25
1534184605.0162282 645 563 602 684 588 686 -2268 -7158 -2850 267 46 31 93 109 -23
1534184605.078913 645 564 602 684 588 686 -2218 -7196 -2896 -14 201 279 93 107 -24
1534184605.1569386 645 563 602 684 588 686 -2366 -7124 -2850 173 50 73 92 107 -25
1534184605.219302 645 563 602 684 588 686 -2334 -7168 -2824 395 7 25 93 108 -25
1534184605.2974102 645 563 603 684 588 687 -2240 -7290 -2798 203 467 -3 93 109 -25
1534184605.3599155 645 564 602 684 588 686 -2278 -7158 -2860 177 198 45 91 110 -25
1534184605.4207742 645 563 602 685 588 686 -2370 -7096 -2936 178 44 13 93 110 -24
1534184605.5019147 645 563 603 684 588 686 -2188 -7212 -2834 126 178 22 93 108 -25
1534184605.564444 645 564 602 684 588 686 -2372 -7168 -2934 306 259 42 93 107 -26
1534184605.6442647 645 563 602 684 588 686 -1688 -7662 -3074 -748 -715 568 92 109 -26
1534184605.7026901 645 563 602 684 588 686 -1618 -7730 -3274 -16 1675 -404 94 107 -26
1534184605.7806578 645 563 603 684 588 686 -2102 -7270 -3028 1271 1409 1315 93 107 -26
1534184605.858744 645 564 602 684 588 687 -2672 -7098 -2794 378 1536 -635 91 108 -28
1534184605.9368215 646 564 602 684 588 687 -1840 -6816 -3424 -1432 975 -1271 92 110 -29
1534184606.018614 646 564 602 684 588 687 -2266 -6706 -3042 2205 845 3452 94 108 -31
1534184606.0810955 646 565 602 684 588 687 -2442 -6656 -3298 -1027 -1369 109 89 109 -30
1534184606.1572573 647 565 603 685 589 687 -2414 -6442 -2954 -2277 -239 1863 89 113 -30
1534184606.2184443 647 566 603 685 588 687 -2340 -6794 -3346 -565 462 1554 88 113 -32
1534184606.2990456 647 566 602 685 588 688 -2468 -6972 -3996 1533 -213 294 89 114 -35
1534184606.372791 647 565 602 685 588 687 -3078 -7026 -3826 2065 -87 205 88 110 -35
1534184606.4481182 647 565 602 684 588 687 -2828 -6986 -2944 3111 -882 -3187 87 115 -32
1534184606.5176752 646 564 603 684 588 687 -2174 -7430 -2248 1729 -1567 -2481 87 112 -32
1534184606.5957534 645 564 602 684 588 686 -2716 -6528 -2828 1974 -42 1629 90 112 -26
1534184606.667181 646 564 602 685 588 687 -2632 -7096 -3330 109 900 -1907 91 111 -24
1534184606.733782 646 564 602 685 588 687 -2188 -7184 -2774 140 255 -1344 91 112 -26
1534184606.7962677 645 564 602 684 588 686 -2202 -7236 -2912 -147 -38 484 92 109 -24
1534184606.8760092 646 564 602 684 588 686 -2426 -7114 -3040 167 7 326 91 107 -26
1534184606.950576 646 564 602 684 588 686 -2364 -7218 -2862 244 185 -436 91 108 -26
1534184607.0188336 645 564 602 684 588 686 -2208 -7220 -2780 126 80 171 90 109 -25
1534184607.081317 646 564 602 684 588 686 -2380 -7094 -2974 129 -154 188 94 109 -23
1534184607.1601427 645 564 602 684 588 686 -2336 -7178 -2966 179 162 73 90 110 -25
1534184607.218435 645 563 602 684 588 686 -2320 -7162 -2942 304 135 -1 92 108 -26
1534184607.2965376 645 563 602 684 588 686 -2330 -7126 -2908 64 202 184 90 110 -26
1534184607.3660486 646 563 602 684 588 686 -2336 -7186 -2962 66 367 17 91 108 -25
1534184607.4402022 646 564 602 684 588 686 -2354 -7126 -2866 114 -74 197 92 109 -27
1534184607.4882717 645 564 602 684 588 685 -2276 -7150 -2968 45 3 219 92 108 -26
1534184607.566379 645 563 602 684 588 686 -2444 -7140 -2894 163 281 -75 90 110 -25
1534184607.643044 645 563 602 684 588 686 -2260 -7132 -2886 145 133 51 92 108 -26
1534184607.7019513 645 563 602 684 588 686 -2452 -7174 -2774 280 -22 -236 92 108 -26
1534184607.779834 645 563 602 684 588 686 -2296 -7122 -2966 116 213 143 92 108 -27
1534184607.84232 645 564 602 684 588 686 -2360 -7136 -3018 249 219 41 92 107 -26
1534184607.9210215 645 563 602 684 588 686 -2442 -7126 -2980 132 234 78 91 107 -26
1534184607.986724 645 563 602 684 588 686 -2300 -7168 -2942 237 27 30 91 110 -28
1534184608.0492456 645 563 602 684 588 686 -2344 -7182 -3036 269 134 3 92 110 -26
1534184608.1343603 645 563 602 684 588 686 -2348 -7180 -3008 233 71 77 92 111 -24
1534184608.187308 645 563 603 684 588 686 -2338 -7140 -2972 159 84 57 91 110 -27
1534184608.2498176 646 563 602 684 588 686 -2346 -7132 -2998 205 115 91 92 110 -25
1534184608.3279011 645 563 602 684 588 686 -2340 -7144 -2964 205 111 113 90 108 -26
1534184608.4037359 645 563 602 684 588 686 -2356 -7142 -2956 196 147 13 91 108 -24
1534184608.47359 645 563 602 684 588 686 -2324 -7102 -3006 285 11 -128 90 110 -28
1534184608.5343976 645 563 602 684 588 686 -2440 -7164 -2992 93 111 206 92 108 -26
1534184608.5968838 644 563 602 683 588 686 -2336 -7160 -3078 277 214 46 92 109 -27
1534184608.6703484 645 563 602 684 588 686 -2382 -7126 -3034 210 293 28 92 110 -26
1534184608.7484558 645 563 602 684 588 686 -2404 -7098 -2892 87 272 115 90 109 -25
1534184608.8109398 645 563 602 684 588 686 -2200 -7186 -3284 -328 931 522 91 110 -27
1534184608.892269 645 563 602 684 588 687 -2328 -7166 -3088 114 -22 1546 93 111 -26
1534184608.9630785 645 563 602 684 588 686 -2992 -6870 -3386 901 918 -173 91 112 -28
1534184609.032939 645 563 602 684 588 686 -2336 -7106 -2872 325 -34 209 89 110 -29
1534184609.095652 645 563 602 685 588 686 -2328 -7158 -3262 78 -868 -397 89 111 -29
1534184609.1708944 645 563 602 684 588 686 -3012 -6982 -3066 358 -293 -208 93 112 -27
1534184609.2490044 645 563 602 685 588 686 -2894 -7672 -3056 -190 -1447 -209 90 111 -27
1534184609.312395 645 564 602 684 588 687 -2470 -7050 -3920 1333 -103 1168 91 112 -26
1534184609.397952 646 564 602 684 588 686 -3116 -6678 -2968 355 -990 1787 89 113 -25
1534184609.4709632 646 565 602 684 588 687 -2736 -5708 -2316 -1946 3488 -5523 90 114 -26
1534184609.5334487 647 565 602 684 588 687 -2362 -7440 -3768 -1290 -978 2759 91 111 -26
1534184609.6228578 647 566 603 684 589 687 -3936 -6162 -4022 -7843 -5585 6867 92 112 -31
1534184609.6864684 647 566 603 686 589 688 -2050 -5944 -1636 2606 1154 697 85 117 -33
1534184609.7645764 648 566 603 685 588 688 -3348 -7150 -3320 3554 5086 -5461 85 119 -29
1534184609.8270617 647 566 603 685 588 688 -2918 -7008 -3154 481 -514 2379 86 116 -31
1534184609.9148521 647 565 603 684 588 687 -612 -7508 -5886 2144 2204 -5901 87 117 -33
1534184609.9866035 646 564 602 684 588 687 -1996 -7192 -2642 266 -1206 52 88 112 -35
1534184610.0502203 646 564 602 685 588 687 -2138 -6856 -2750 1135 -292 -2892 91 111 -29
1534184610.1300187 646 564 603 685 588 687 -2292 -7158 -3000 293 -214 -56 93 109 -28
1534184610.2033021 646 564 602 684 588 687 -1994 -7346 -3236 -108 -351 392 93 107 -30
1534184610.2657847 646 564 602 684 588 687 -2670 -7026 -3156 -48 507 652 91 106 -28
1534184610.3282886 646 564 602 684 588 686 -2036 -7056 -3086 287 189 14 95 110 -30
1534184610.4109948 646 563 602 684 588 687 -2286 -7096 -3118 220 16 -7 93 110 -29
1534184610.470606 645 564 602 684 588 686 -2374 -7046 -3132 223 150 -143 94 110 -28
1534184610.5487168 645 563 602 685 588 686 -2312 -7104 -2900 405 326 -380 92 109 -31
1534184610.6258364 646 564 602 684 588 686 -2172 -7242 -3142 -211 -327 68 94 110 -30
1534184610.6867437 646 563 602 684 588 686 -2214 -7168 -3244 341 136 -61 92 108 -30
1534184610.7648501 645 564 602 685 588 686 -2252 -7100 -3122 299 162 -36 93 108 -30
1534184610.8275354 645 563 602 684 588 687 -2188 -7158 -3116 381 101 -181 91 109 -29
1534184610.9055908 645 563 602 684 588 686 -2184 -7126 -2984 200 181 48 92 108 -28
1534184610.978394 645 563 602 684 588 686 -2174 -7144 -3040 82 159 65 91 109 -30
1534184611.0343366 645 563 602 684 588 686 -2236 -7140 -3052 285 91 -80 94 109 -28
1534184611.112437 645 563 602 684 588 687 -2220 -7072 -3208 243 227 -44 94 108 -29
1534184611.1812277 645 563 602 684 588 686 -2156 -7228 -3044 76 -9 230 93 108 -30
1534184611.249725 645 563 602 684 588 686 -2220 -7068 -3178 267 107 127 93 109 -28
1534184611.3129733 645 563 602 684 588 685 -2230 -7114 -3130 433 334 -446 95 107 -28
1534184611.3915677 645 563 602 684 588 686 -2250 -7090 -3064 254 120 -9 92 108 -28
1534184611.462417 645 563 602 684 588 685 -2162 -7170 -3028 378 110 168 92 107 -28
1534184611.517663 645 563 602 684 588 687 -2186 -7144 -3084 149 129 -56 91 109 -29
1534184611.5957696 645 563 602 684 588 687 -2228 -7186 -3164 311 300 -128 93 107 -28
1534184611.6705396 645 563 602 684 588 686 -2120 -7104 -3108 190 205 117 94 109 -29
1534184611.733034 645 563 602 684 588 686 -2178 -7176 -2988 192 167 54 94 109 -28
1534184611.811334 645 563 602 684 588 686 -2086 -7142 -3110 209 129 149 91 109 -28
1534184611.8816388 645 563 602 684 588 686 -2202 -7158 -3190 278 23 -33 92 109 -30
1534184611.9524496 645 563 602 684 588 685 -2276 -7136 -3056 168 167 -16 93 107 -28
1534184612.0186803 645 563 602 684 588 686 -2032 -8006 -3944 788 -752 -861 92 108 -29
1534184612.0967863 644 563 602 683 588 686 -2364 -6662 -2782 -470 -2008 2048 93 109 -28
1534184612.170124 645 563 602 684 588 686 -2756 -7138 -2804 -205 768 460 94 107 -27
1534184612.2340395 645 564 602 684 588 686 -2356 -6620 -2490 244 513 381 94 110 -26
1534184612.3130827 646 564 602 684 588 686 -1390 -6872 -2668 -89 2759 -890 94 111 -28
1534184612.3877487 646 565 603 684 588 687 -1844 -8504 -4466 686 1363 -3227 91 108 -29
1534184612.4612641 647 565 603 685 588 688 -1940 -7324 -3910 -1755 -1433 2291 95 109 -31
1534184612.5333643 647 566 603 685 588 688 -1914 -6428 -3074 -1368 -901 2081 96 108 -32
1534184612.59585 647 566 603 685 588 688 -2340 -7046 -3042 50 1283 -705 92 111 -30
1534184612.679104 647 565 602 685 588 688 -2360 -7164 -3972 892 -175 1461 90 112 -32
1534184612.7506428 646 564 602 684 588 687 -2486 -7880 -4304 3228 -113 1848 92 111 -33
1534184612.8131282 646 564 602 684 588 686 -2754 -6648 -2654 370 -1241 1871 91 112 -28
1534184612.900891 646 564 602 684 588 686 -2654 -6234 -2264 -336 -1135 -2785 92 112 -28
1534184612.9707453 646 564 602 685 588 686 -1936 -7442 -2770 -57 406 -3680 91 109 -26
1534184613.0332325 646 564 602 684 588 686 -1248 -7910 -3134 -130 240 -124 94 107 -24
1534184613.1204932 645 564 602 684 588 686 -1798 -7124 -2902 82 374 825 95 107 -29
1534184613.1874952 646 564 602 684 588 686 -2118 -6936 -2810 -773 -25 1176 93 105 -26
1534184613.2499783 646 563 602 684 588 686 -2098 -7018 -3282 -496 458 243 95 108 -27
1534184613.328669 645 564 602 684 588 686 -2366 -7224 -3534 -253 -196 682 92 106 -30
1534184613.401202 645 563 602 684 588 686 -2358 -7060 -3386 321 -6 -215 92 109 -30
1534184613.4705417 645 563 602 685 588 686 -2070 -7082 -3248 258 454 -501 94 109 -30
1534184613.5330493 645 563 602 684 588 686 -2088 -7106 -3174 66 105 465 92 107 -29
1534184613.611133 645 563 602 684 588 685 -2212 -7104 -3304 296 360 -87 93 107 -29
1534184613.669552 645 563 602 683 588 686 -2194 -7024 -3236 239 367 -95 94 108 -29
1534184613.747727 645 563 602 684 588 686 -2038 -7146 -3168 122 273 24 94 108 -31
1534184613.8101435 645 563 602 684 588 686 -2030 -7182 -3192 22 143 40 92 107 -32
1534184613.8895721 645 563 602 684 588 686 -2184 -7106 -3322 220 149 -46 94 107 -29
1534184613.9586382 645 563 602 684 588 686 -2096 -7060 -3132 61 123 192 95 109 -30
1534184614.0191414 645 563 602 684 588 686 -2040 -7200 -3266 224 88 95 97 108 -31
1534184614.0969944 645 563 602 684 588 686 -2214 -6980 -3202 302 290 -43 94 107 -30
1534184614.1645246 645 563 602 683 588 686 -2168 -7138 -3218 366 65 97 93 108 -30
1534184614.2187781 645 563 602 684 588 686 -2024 -7082 -3240 212 140 9 93 107 -31
1534184614.2975354 645 563 602 684 588 686 -2136 -7054 -3320 199 229 -228 92 107 -29
1534184614.3723552 645 563 602 684 588 686 -2178 -7034 -3222 295 159 0 92 106 -29
1534184614.4416125 645 563 603 683 588 686 -1992 -7110 -3246 407 252 49 93 107 -30
1534184614.5030842 645 563 602 684 588 686 -2078 -7086 -3228 225 154 52 93 107 -30
1534184614.5811834 645 563 602 683 588 686 -2150 -7084 -3246 177 280 -125 91 108 -33
1534184614.652155 645 563 602 684 588 686 -2012 -7084 -3234 144 385 -72 95 106 -32
1534184614.7195182 645 563 602 684 588 686 -2000 -7118 -3372 251 124 41 94 108 -31
1534184614.781842 645 563 602 684 588 686 -2188 -7054 -3198 454 240 -38 95 109 -29
1534184614.860169 645 563 602 684 588 685 -1950 -7132 -3138 144 619 40 95 108 -32
1534184614.919264 644 563 602 684 588 686 -1968 -7154 -3200 -35 39 307 94 106 -29
1534184614.9879158 644 563 602 684 588 686 -2126 -7166 -3360 -40 90 101 94 109 -31
1534184615.0660264 644 563 602 684 588 685 -2096 -7110 -3454 -14 256 -83 93 106 -31
1534184615.139133 645 563 602 684 588 686 -2014 -7122 -3184 59 322 -221 97 106 -30
1534184615.2037117 645 563 602 684 588 686 -1992 -7106 -3344 -68 44 246 95 109 -31
1534184615.266197 645 563 602 684 588 685 -2068 -7036 -3468 248 64 91 94 108 -30
1534184615.3445737 644 563 602 684 588 686 -2118 -7050 -3324 199 69 73 96 108 -32
1534184615.4039202 645 563 602 683 588 686 -1996 -7096 -3304 125 -17 246 95 108 -32
1534184615.4704845 645 563 602 684 588 685 -1990 -7224 -3184 120 110 132 95 106 -33
1534184615.5485895 645 563 602 684 588 686 -2200 -7066 -3340 48 364 -137 94 110 -32
1534184615.626299 644 563 602 684 588 686 -1942 -6996 -3372 428 692 -330 92 109 -32
1534184615.6850824 645 563 602 683 588 686 -2014 -7098 -3330 480 -786 -856 95 107 -31
1534184615.763187 645 563 602 683 588 686 -2518 -6974 -3420 -14 -2123 1728 94 109 -32
1534184615.8414629 645 564 602 683 588 686 -1624 -6334 -3412 -1355 827 568 94 109 -31
1534184615.935087 645 564 602 684 588 686 -2064 -7580 -3474 -895 1672 -1463 95 109 -31
1534184615.9859114 646 565 602 684 588 687 -2452 -6910 -3098 -288 315 700 92 106 -31
1534184616.048434 646 565 602 684 588 687 -2968 -6994 -3418 874 782 -455 92 110 -32
1534184616.132764 646 566 602 684 588 688 -1918 -7358 -3820 -633 233 2033 90 111 -32
1534184616.201968 647 565 602 684 588 688 -2446 -6668 -3476 -597 -650 2303 91 110 -32
1534184616.2646213 647 566 603 684 588 688 -2468 -6610 -3136 -15 -290 343 89 112 -33
1534184616.342563 647 566 602 684 588 688 -2424 -7020 -3742 -13 -124 431 91 111 -34
1534184616.4173446 647 565 602 684 588 688 -2710 -6480 -3020 932 96 49 88 112 -32
1534184616.4879475 647 565 602 684 588 687 -3102 -7782 -4018 2280 1863 -1605 90 113 -35
1534184616.5506234 646 564 602 684 588 687 -2360 -7266 -2974 2174 260 1033 92 113 -32
1534184616.642651 646 564 602 684 588 687 -2730 -5720 -2294 -800 500 -1602 91 112 -31
1534184616.7033596 645 564 602 685 588 686 -676 -7160 -4452 1001 825 -3104 90 112 -31
1534184616.7659183 646 564 602 684 588 687 -2016 -7202 -3208 68 909 -770 92 108 -32
1534184616.8439665 645 564 602 684 588 686 -2426 -6864 -3480 291 165 -430 92 108 -33
1534184616.9220777 646 563 602 684 588 686 -1992 -7110 -3310 494 324 -396 93 108 -33
1534184616.9875324 646 564 602 684 588 686 -2022 -7034 -3478 165 -14 143 92 107 -34
1534184617.0502017 645 563 602 684 588 686 -2164 -7054 -3376 198 93 88 95 107 -34
1534184617.130871 645 563 602 684 588 686 -2204 -7014 -3336 291 172 -121 95 108 -31
1534184617.1866257 645 563 602 684 588 686 -1992 -7086 -3184 111 83 -108 92 109 -33
1534184617.2647314 645 563 602 684 588 686 -2098 -7000 -3426 68 249 158 94 110 -33
1534184617.3428383 645 563 602 684 588 687 -2118 -7032 -3384 324 29 -188 94 109 -30
1534184617.4119582 645 563 601 684 588 686 -2006 -7086 -3444 350 198 -263 95 108 -33
1534184617.4704902 645 563 602 684 588 686 -2196 -7016 -3468 588 -24 -400 94 107 -34
1534184617.548597 645 564 602 684 588 686 -1836 -7256 -3188 281 83 -335 96 107 -30
1534184617.6264095 645 563 602 684 588 686 -2254 -7076 -3412 -188 -431 534 93 106 -31
1534184617.6850197 645 563 602 684 588 686 -2300 -7054 -3480 18 117 95 96 105 -33
1534184617.7631452 645 563 602 684 588 686 -2072 -7064 -3358 325 324 -622 95 106 -31
1534184617.8256104 645 563 601 684 588 686 -1902 -7220 -3226 53 4 16 93 108 -31
1534184617.9011645 645 563 602 684 588 686 -1996 -7010 -3512 -49 -52 293 94 107 -33
1534184617.9699745 645 563 602 684 588 687 -2108 -7034 -3294 223 -9 -54 95 108 -30
1534184618.0336123 645 563 602 684 588 686 -2054 -7084 -3354 362 90 -72 94 108 -33
1534184618.096098 645 563 601 684 588 686 -2084 -7094 -3416 364 39 -49 98 108 -32
1534184618.1783314 645 563 602 684 588 686 -1984 -7122 -3316 461 202 156 94 107 -32
1534184618.2346063 645 563 601 684 588 686 -1994 -7086 -3376 491 204 124 94 109 -30
1534184618.312733 645 563 602 683 588 686 -2132 -7066 -3322 643 25 127 94 109 -32
1534184618.3896024 645 563 602 684 588 686 -2086 -7142 -3196 665 220 -261 94 108 -31
1534184618.458546 644 563 602 684 588 686 -1998 -7122 -3146 108 14 -61 93 108 -31
1534184618.5282369 645 563 602 683 588 686 -2222 -7150 -3340 -22 152 314 96 106 -30
1534184618.5988343 645 563 601 683 588 686 -1948 -7106 -3336 353 281 -87 93 106 -30
1534184618.6696086 645 563 602 684 588 686 -1914 -7122 -3220 108 103 352 93 106 -30
1534184618.7480764 645 563 602 684 588 687 -2002 -7056 -3318 157 241 112 95 109 -30
1534184618.802349 644 563 602 684 588 685 -2100 -7024 -3378 380 162 -245 95 107 -31
1534184618.8804991 645 563 602 684 588 686 -1986 -7130 -3196 305 158 -367 97 106 -33
1534184618.9509864 645 563 602 684 588 686 -2030 -7152 -3292 20 244 357 93 107 -33
1534184619.0215962 645 563 602 684 588 686 -2108 -7076 -3600 -288 271 682 95 106 -31
1534184619.091003 644 563 601 684 588 686 -1872 -6974 -3500 187 749 -491 94 108 -33
1534184619.1538672 644 563 602 683 588 686 -2034 -7054 -3280 592 108 -82 93 108 -33
1534184619.2333965 644 563 602 684 588 686 -2218 -7078 -3330 635 273 -103 94 106 -33
1534184619.3017936 645 563 602 684 588 686 -2030 -7372 -3104 216 129 -331 95 106 -31
1534184619.377426 645 563 602 684 588 686 -1778 -7210 -3280 -334 -29 742 96 106 -32
1534184619.4519098 645 563 602 684 588 686 -2036 -7036 -3404 -126 -54 391 95 108 -31
1534184619.5187144 645 563 602 683 588 686 -1986 -7030 -3460 230 -333 23 96 107 -30
1534184619.5827231 645 563 602 684 588 686 -2090 -7124 -3294 -39 -279 255 92 107 -31
1534184619.6598554 645 563 602 683 588 686 -2154 -7084 -3280 -106 81 139 95 106 -32
