1533767068.3180788 720 691 697 705 737 685 7442 3134 -1288 347 288 -176 -64 6 -44
1533767068.3762398 721 691 696 705 737 684 7288 3348 -1362 379 -9 -126 -67 7 -46
1533767068.452869 721 691 697 705 737 685 7526 2988 -1284 131 232 332 -65 10 -45
1533767068.5206976 720 691 696 705 737 684 7458 3124 -1336 262 273 142 -67 9 -45
1533767068.5722163 722 691 699 707 740 684 7338 3348 -1300 242 -135 21 -66 7 -43
1533767068.650326 720 690 699 706 739 682 7362 3136 -1514 10 -72 144 -66 9 -46
1533767068.7189333 716 687 698 704 739 678 7436 3080 -1344 124 137 57 -64 7 -46
1533767068.7856362 714 685 695 702 736 677 7380 3152 -1452 197 73 -290 -66 6 -46
1533767068.8397012 715 686 695 702 736 679 7300 3300 -1450 127 21 -91 -64 5 -46
1533767068.9190462 717 687 696 703 736 681 7418 3102 -1456 199 30 -108 -65 7 -45
1533767069.0131016 717 687 696 704 736 681 7404 3134 -1308 199 -210 -210 -65 7 -45
1533767069.0839126 717 687 696 704 736 680 7338 3256 -1416 281 168 -117 -65 8 -45
1533767069.1876354 717 687 696 703 736 680 7406 3200 -1258 296 395 163 -66 9 -46
1533767069.2434857 716 686 696 703 736 680 7402 3120 -1418 296 198 216 -65 8 -45
1533767069.3383574 716 686 696 703 736 679 7374 3240 -1422 219 301 18 -66 6 -47
1533767069.3934853 724 695 698 707 737 689 7408 3132 -1348 164 8 122 -66 8 -45
1533767069.4234056 726 696 700 709 741 690 7416 3102 -1264 238 266 27 -66 7 -46
1533767069.4556658 726 696 701 710 742 690 7458 3096 -1454 208 -28 93 -64 6 -46
1533767069.518152 726 696 701 710 742 690 7366 3178 -1378 192 96 -123 -65 7 -45
1533767069.588959 726 695 700 710 742 690 7380 3174 -1410 240 -53 -281 -65 7 -45
1533767069.667066 724 695 700 707 741 687 7408 3224 -1492 158 68 -90 -65 8 -47
1533767069.7139776 725 695 700 708 741 689 7418 3172 -1462 243 -162 129 -65 6 -46
1533767069.7764227 725 696 697 707 738 689 7408 3232 -1386 47 106 -176 -64 7 -46
1533767069.8558924 726 697 701 710 743 690 7348 3206 -1422 285 234 175 -65 7 -45
1533767069.9252021 726 696 701 710 742 690 7418 3144 -1458 281 239 -105 -64 8 -43
1533767069.9853573 727 697 701 710 743 691 7372 3280 -1424 316 -189 -201 -63 7 -47
1533767070.063411 727 696 701 710 742 690 7536 2956 -1244 243 -169 -705 -64 6 -47
1533767070.119576 726 696 701 710 742 690 7306 3284 -1606 304 -365 -574 -63 8 -45
1533767070.1994503 726 696 700 710 742 690 7284 3320 -1622 271 181 268 -68 10 -47
1533767070.2557096 726 695 701 710 743 689 7382 3256 -1418 205 421 81 -67 8 -46
1533767070.3513727 725 695 701 710 742 689 7308 3260 -1450 198 380 35 -67 9 -49
1533767070.3921406 725 694 701 710 743 689 7388 3236 -1420 183 367 261 -65 8 -47
1533767070.4553127 725 694 700 710 742 689 7126 3238 -1446 539 789 828 -67 7 -48
1533767070.5347211 720 690 699 708 741 681 7176 3060 -1374 412 380 748 -65 10 -45
1533767070.5874047 720 689 699 708 741 683 7516 3086 -1450 903 1589 761 -66 8 -48
1533767070.6655116 724 693 700 710 742 688 7446 2788 -1482 551 1312 530 -65 7 -46
1533767070.7280176 726 695 700 711 743 690 7370 2980 -1258 316 543 393 -63 6 -45
1533767070.8044727 722 691 700 709 742 685 7606 2842 -1284 457 452 183 -65 8 -46
1533767070.8711216 722 691 700 709 742 686 7530 2962 -1148 491 1076 698 -63 6 -44
1533767070.9434922 722 690 700 709 742 685 7140 3330 -1536 1131 1830 1661 -64 8 -45
1533767071.0213113 722 691 700 709 741 684 7372 3074 -996 597 1701 1004 -64 7 -43
1533767071.0801544 722 691 700 709 741 686 7358 3060 -1256 967 2446 2540 -64 6 -45
1533767071.144389 721 691 700 708 741 685 7702 2656 -726 38 596 693 -61 7 -42
1533767071.2037053 723 692 701 709 742 686 7982 2180 -684 803 1046 973 -62 3 -44
1533767071.266192 723 693 700 709 742 687 7638 2668 -752 492 570 416 -63 4 -43
1533767071.3389344 724 694 700 709 742 687 7846 2424 -772 -87 -38 38 -61 3 -44
1533767071.410641 725 694 701 709 742 688 7780 2516 -730 302 1122 1354 -61 5 -43
1533767071.4795573 724 693 700 709 742 688 7626 2520 -690 392 1324 1610 -63 5 -42
1533767071.5463786 724 693 700 708 742 687 7392 2478 -798 -564 572 751 -58 5 -42
1533767071.6052673 725 695 700 709 742 689 7782 2284 -794 -533 352 307 -59 4 -42
1533767071.6787245 726 696 701 709 742 690 7638 2126 -646 -495 -8 122 -57 3 -42
1533767071.7499764 726 696 701 710 742 689 7734 2058 -516 -1378 -613 -684 -59 2 -40
1533767071.815058 726 695 701 710 742 690 7888 2144 -468 -359 213 34 -55 3 -40
1533767071.870323 726 695 701 710 742 690 7884 2116 -466 -265 201 442 -57 4 -39
1533767071.938728 726 696 700 710 742 690 7834 2184 -406 -191 32 184 -56 2 -39
1533767072.0146892 726 696 701 710 742 690 7900 1998 -508 -13 -55 -68 -55 4 -39
1533767072.0785658 726 696 701 710 742 690 7908 2008 -412 248 99 63 -56 3 -38
1533767072.1368995 726 696 701 710 742 690 7862 2148 -630 334 366 153 -56 3 -36
1533767072.1993334 726 696 700 710 742 690 7868 2068 -404 141 94 -32 -57 4 -40
1533767072.261835 726 696 701 710 742 690 7886 2104 -480 219 176 14 -53 1 -39
1533767072.369986 726 696 701 710 742 690 7894 2034 -364 162 134 157 -57 3 -36
1533767072.4152 726 696 700 710 742 690 7854 2042 -420 204 362 232 -55 4 -37
1533767072.469855 726 695 700 710 742 690 7876 2094 -326 190 299 78 -55 3 -39
1533767072.521555 725 696 701 710 742 690 7918 2008 -380 183 265 3 -55 3 -37
1533767072.591407 726 695 700 710 741 690 7928 2012 -396 93 91 191 -57 0 -37
1533767072.653936 726 696 701 710 742 690 7912 2068 -412 258 376 227 -54 2 -37
1533767072.7320027 725 695 700 709 742 689 7966 1880 -294 -37 445 -91 -55 -1 -39
1533767072.7995818 724 695 700 708 741 688 8108 1976 -344 204 -174 356 -56 5 -39
1533767072.8538132 724 695 700 708 741 688 7706 2080 -314 -29 -218 -116 -55 3 -37
1533767072.93528 724 695 700 708 741 688 7892 2004 -360 361 -225 53 -55 2 -39
1533767073.0114057 720 694 699 703 740 680 7774 2236 -368 120 36 443 -55 3 -40
1533767073.0662625 717 694 699 698 741 676 7684 2028 -300 -52 -112 -329 -55 0 -37
1533767073.1193056 708 691 696 688 739 662 7874 1824 -444 -95 216 -207 -55 2 -39
1533767073.1975036 695 690 694 675 732 654 8156 2090 -622 -25 180 670 -53 2 -38
1533767073.2509484 695 691 693 674 735 651 8100 1768 -474 -57 390 212 -54 0 -37
1533767073.3311083 635 680 685 625 703 633 7960 1988 -282 546 510 637 -53 1 -37
1533767073.3930056 637 684 685 623 704 630 7998 2016 -438 -8 311 1035 -54 1 -34
1533767073.455643 638 686 685 623 706 630 8030 1728 -488 246 -202 830 -55 1 -36
1533767073.5232046 637 687 685 622 708 627 8086 1546 -310 -80 -447 581 -51 0 -38
1533767073.5887094 642 691 685 622 714 630 8060 1488 -598 65 -302 -141 -50 0 -36
1533767073.666815 645 697 686 623 718 632 8016 1788 -598 -142 121 -121 -52 0 -36
1533767073.7293327 644 697 686 623 718 631 8130 1864 -538 1 911 52 -50 0 -37
1533767073.7980251 637 690 685 620 713 627 7782 2012 -314 312 -504 -496 -50 -1 -36
1533767073.8683488 697 698 694 677 749 647 7472 1684 -40 -1291 1502 -3248 -49 -1 -37
1533767073.9387872 697 696 694 678 748 647 8076 1850 -214 123 -2149 -461 -53 1 -36
1533767074.0053487 695 694 694 677 746 646 7830 2082 -854 445 -356 -80 -52 1 -37
1533767074.0761843 692 692 693 677 744 644 7924 1870 -594 -239 -724 -218 -54 -1 -37
1533767074.1374452 693 692 694 677 744 646 7908 1970 -624 597 366 -366 -52 1 -40
1533767074.1998847 690 690 693 676 743 643 7914 2070 -662 195 83 56 -52 0 -37
1533767074.2700396 687 687 693 676 741 645 7884 1904 -618 58 346 29 -52 1 -36
1533767074.3572698 689 688 693 675 741 640 7960 1898 -440 186 -57 -111 -52 0 -39
1533767074.3930612 691 691 693 676 741 648 7832 2030 -604 -96 369 134 -52 1 -38
1533767074.455338 685 685 693 673 739 640 7940 1900 -522 198 210 14 -53 -1 -38
1533767074.523982 684 685 693 673 739 641 7812 2090 -486 148 416 178 -54 -1 -37
1533767074.5887027 686 687 693 675 739 643 7966 1888 -522 -29 20 -15 -52 1 -37
1533767074.6668093 685 686 693 674 739 641 7922 1958 -534 103 177 118 -53 -3 -39
1533767074.7295318 685 686 693 674 739 641 7966 1854 -514 107 68 -17 -54 -1 -38
1533767074.8015637 684 686 693 674 738 642 7870 1946 -492 92 -113 -164 -53 1 -37
1533767074.855495 684 686 693 674 738 642 7830 1984 -544 -21 -30 -170 -52 0 -38
1533767074.9339643 685 687 693 675 738 643 7918 1896 -534 13 72 -191 -50 0 -38
1533767075.0213532 685 687 693 675 738 643 7874 2048 -404 242 -9 -248 -54 0 -38
1533767075.0650568 685 686 693 674 737 642 7966 1790 -522 105 276 44 -53 1 -36
1533767075.120981 685 687 694 674 737 643 7878 2040 -592 194 -70 -238 -52 -2 -39
1533767075.1834664 686 688 693 675 737 644 7874 2004 -444 81 110 -2 -51 0 -38
1533767075.261573 687 689 693 675 738 646 7910 1980 -574 101 127 151 -51 0 -37
1533767075.3290715 686 689 694 675 737 645 7828 2052 -420 196 226 98 -52 -1 -37
1533767075.3918948 687 689 694 676 738 646 7900 1922 -614 217 380 81 -52 0 -38
1533767075.4546397 686 689 694 676 737 646 7786 2132 -574 129 209 135 -51 -1 -39
1533767075.5277383 687 689 694 676 738 646 7904 1858 -450 -165 222 349 -54 1 -37
1533767075.5875726 687 689 694 676 737 646 7886 1964 -552 194 401 217 -51 1 -36
1533767075.681267 687 689 694 676 738 646 7786 2188 -586 -779 359 828 -51 0 -38
1533767075.728139 687 689 693 676 737 646 8156 1596 -174 -547 -1064 -685 -51 0 -36
1533767075.7974887 686 689 693 676 738 646 7910 1780 -486 196 293 347 -49 -1 -37
1533767075.8532426 686 689 693 676 737 646 7926 1826 -422 354 684 221 -50 -2 -37
1533767075.9318383 686 689 694 676 736 646 7904 1852 -500 141 546 438 -53 -1 -36
1533767075.9850085 686 688 694 676 736 646 8242 1378 -6 659 1083 883 -48 0 -36
1533767076.0628593 685 689 693 675 736 646 7950 1684 -246 387 368 546 -50 0 -34
1533767076.1203964 684 688 693 674 735 645 8040 1630 -320 173 -387 -619 -50 1 -34
1533767076.1984909 681 687 693 671 733 644 7960 1682 -348 146 212 456 -49 -1 -34
1533767076.2607186 681 688 693 672 733 644 7974 1610 -310 -12 523 453 -48 -1 -36
1533767076.3542717 683 688 693 673 734 645 8000 1552 -234 428 299 19 -49 0 -35
1533767076.3991146 684 688 694 674 734 646 7960 1598 -242 239 377 169 -47 0 -33
1533767076.455108 685 688 694 674 735 646 8010 1598 -308 535 371 154 -47 -1 -35
1533767076.5305285 686 688 694 675 736 646 8032 1512 -10 989 1155 210 -48 -3 -34
1533767076.580438 686 689 694 676 735 647 7962 1628 4 104 94 -10 -48 -2 -34
1533767076.658544 686 689 694 676 735 647 8006 1498 -124 17 144 150 -47 -2 -34
1533767076.7210317 685 688 694 675 736 647 7966 1530 -146 2 325 214 -49 1 -34
1533767076.7888942 686 689 693 676 735 647 8058 1438 -116 125 106 63 -50 -4 -33
1533767076.8546083 686 689 694 675 735 647 8024 1546 -108 364 388 194 -49 0 -33
1533767076.920337 686 688 694 676 735 646 7958 1502 -138 250 13 227 -47 0 -32
1533767076.985503 684 686 694 674 735 643 8162 1464 -222 334 190 303 -48 0 -33
1533767077.049407 681 686 693 672 734 643 8062 1512 -18 145 296 31 -46 1 -35
1533767077.1053815 686 687 693 675 737 644 7966 1420 -114 119 73 427 -48 0 -32
1533767077.1748374 684 689 693 670 736 644 8072 1596 -96 857 104 674 -49 -1 -33
1533767077.2374148 679 685 691 666 737 637 8072 1350 -122 85 -356 1179 -48 0 -32
1533767077.31625 619 673 683 613 703 615 8068 1370 -160 82 -505 1184 -46 -2 -35
1533767077.3759947 624 680 685 616 707 621 8082 1074 -242 -392 -385 471 -44 -1 -33
1533767077.4552078 627 682 684 617 710 622 8042 1170 -188 -433 -652 -186 -46 -3 -34
1533767077.5178623 629 685 685 618 713 623 8110 1296 -208 -638 -224 -356 -44 -2 -34
1533767077.588897 639 694 687 622 715 634 8088 1338 -476 -126 234 -275 -45 -3 -35
1533767077.6670034 632 688 686 619 709 630 8184 696 -468 -615 -159 -1551 -45 -4 -34
1533767077.7297175 695 696 694 675 745 649 7868 2020 952 829 1491 43 -44 -3 -33
1533767077.801018 695 693 693 676 745 647 8026 1624 -212 -33 -1237 -692 -45 -2 -32
1533767077.8694377 695 692 694 676 743 647 8082 1214 -128 -273 -985 -311 -47 -2 -33
1533767077.9383368 695 692 694 676 743 647 8064 1484 -244 655 184 -161 -45 -3 -32
1533767078.00602 697 694 694 677 742 650 8024 1572 -314 141 -206 39 -46 -2 -35
1533767078.0708447 695 691 694 676 741 646 8000 1440 -460 235 74 -3 -46 -2 -32
1533767078.1358104 694 690 694 676 740 646 8024 1516 -114 265 133 47 -47 -1 -34
1533767078.1982954 695 691 694 676 741 648 7950 1504 -396 -30 -122 -109 -45 -2 -33
1533767078.2607813 694 690 694 676 740 647 7958 1554 -302 344 120 -162 -46 -3 -33
1533767078.3622177 694 690 694 676 739 647 8016 1422 -386 180 367 209 -47 -5 -34
1533767078.4105215 694 689 694 675 739 647 7950 1644 -332 221 118 61 -46 -3 -34
1533767078.4709702 691 686 693 674 738 642 8026 1452 -268 83 108 -33 -46 -2 -35
1533767078.5389745 693 688 693 675 739 645 7990 1538 -402 155 285 51 -47 -3 -34
1533767078.5916991 692 688 693 675 739 645 8000 1580 -350 78 -26 -183 -47 -1 -34
1533767078.6696374 692 687 693 675 737 643 7972 1476 -258 -31 83 -18 -47 -4 -35
1533767078.7323468 692 687 694 674 738 644 7994 1538 -388 200 173 210 -47 -3 -32
1533767078.8074834 692 687 693 674 737 644 7992 1444 -226 135 177 -106 -46 -4 -35
1533767078.8694944 691 687 693 674 737 644 8020 1482 -396 227 73 -50 -45 0 -32
1533767078.9380572 691 687 694 674 737 643 8016 1536 -288 119 -134 -42 -44 -2 -34
1533767079.019778 691 686 693 674 737 644 8034 1486 -324 108 -51 -240 -47 -2 -36
1533767079.0712495 691 686 693 674 737 643 8032 1506 -386 182 117 -249 -46 -1 -36
1533767079.1336133 691 686 693 674 737 644 7990 1550 -426 236 46 111 -47 -4 -32
1533767079.1961217 691 687 693 674 737 644 7982 1572 -262 190 230 86 -50 -3 -35
1533767079.2671914 692 687 693 674 737 644 8064 1376 -380 268 -152 -287 -47 0 -34
1533767079.3387868 693 688 693 675 737 646 7974 1620 -396 155 187 -250 -47 -2 -34
1533767079.4106066 693 689 693 675 737 646 8004 1592 -322 135 33 -47 -45 -2 -36
1533767079.4710395 693 688 694 675 738 646 8000 1494 -384 100 220 158 -47 -3 -33
1533767079.5440586 693 688 693 675 737 646 8026 1574 -396 204 264 26 -44 -1 -34
1533767079.597446 693 688 693 675 737 646 8048 1444 -220 172 116 246 -46 -4 -35
1533767079.6755538 693 688 694 675 737 646 7918 1634 -326 381 359 -78 -47 -3 -35
1533767079.7380407 694 688 694 675 737 646 8008 1526 -310 134 60 -13 -45 -3 -33
1533767079.8094258 694 688 694 676 737 646 7988 1522 -260 53 -82 21 -46 -3 -34
1533767079.8694303 694 688 694 676 737 646 7970 1544 -390 243 174 -153 -46 -3 -33
1533767079.941578 694 688 694 676 737 646 7888 1676 -432 159 47 8 -46 -3 -35
1533767080.0073981 694 688 694 676 737 646 8012 1462 -264 179 250 55 -48 -4 -35
1533767080.0743318 694 688 694 676 737 646 8008 1584 -502 260 250 -49 -46 -2 -35
1533767080.1360517 694 688 694 676 737 646 7972 1574 -270 203 171 44 -48 -4 -35
1533767080.1985354 694 688 693 676 737 646 8028 1486 -368 166 184 132 -47 -4 -35
1533767080.2612846 695 688 694 676 737 646 7982 1510 -322 272 225 54 -48 -2 -34
1533767080.339127 694 688 694 676 737 646 7978 1516 -332 198 152 -23 -45 0 -34
1533767080.39217 694 688 694 676 737 646 8006 1518 -388 14 175 214 -46 -3 -34
1533767080.4699972 694 688 694 676 737 646 7964 1602 -210 444 334 308 -45 -2 -34
1533767080.539059 695 689 694 676 737 646 8046 1448 -364 464 385 134 -44 -3 -33
1533767080.603419 695 689 694 676 737 647 8044 1578 -346 359 471 126 -46 -2 -34
1533767080.665963 695 690 694 676 738 647 8078 1548 -244 165 112 254 -47 -2 -33
1533767080.7292166 697 692 694 676 740 649 7876 1644 -246 505 -70 1297 -46 -2 -35
1533767080.8073208 698 693 693 675 741 650 7754 1406 -214 451 -331 940 -46 -5 -34
1533767080.8721445 695 695 693 671 740 649 8068 1174 -210 11 -187 124 -44 -4 -35
1533767080.9446428 696 699 693 670 743 650 7974 1252 -220 -302 207 -48 -45 -2 -32
1533767081.0217466 643 693 687 623 712 635 8078 1396 -508 461 565 401 -44 -3 -35
1533767081.072786 645 697 687 624 716 636 8072 1140 -278 201 233 385 -43 -2 -34
1533767081.1354425 646 698 687 623 718 636 8040 1262 -286 357 213 6 -44 -2 -35
1533767081.1977437 646 698 687 623 718 636 8228 1304 -364 81 -26 -490 -42 -3 -33
1533767081.280694 642 695 686 622 714 633 8442 1390 -410 1087 1042 -218 -45 -3 -34
1533767081.3385577 697 700 693 672 746 650 8008 2054 764 139 2059 -735 -44 -5 -35
1533767081.4150956 698 698 693 672 745 648 7998 1644 -314 133 -424 47 -47 0 -33
1533767081.4701161 699 697 693 674 745 648 7996 1406 -222 -316 -499 -1 -47 -2 -33
1533767081.5518067 699 696 694 676 746 648 8014 1490 -260 121 -374 -284 -44 -2 -34
1533767081.6189506 699 695 694 676 746 648 8014 1324 -366 82 -108 107 -46 -3 -32
1533767081.6968 699 695 694 676 745 649 7998 1614 -286 349 169 -13 -46 -3 -35
1533767081.743664 699 695 694 676 745 649 7984 1390 -236 -143 -242 95 -48 -2 -34
1533767081.8202674 699 694 694 676 744 648 8022 1362 -210 151 34 -70 -45 -3 -36
1533767081.8864048 698 694 694 676 743 648 8006 1486 -302 606 -56 60 -47 -2 -35
1533767081.9386933 699 694 694 676 743 648 8006 1450 -292 15 63 107 -46 -2 -35
1533767082.0186532 698 693 694 676 743 648 7992 1408 -372 137 -107 -71 -47 -3 -36
1533767082.0864732 698 693 694 676 742 648 8018 1432 -408 -92 82 -130 -45 -4 -33
1533767082.1511374 698 693 694 676 742 648 8018 1470 -358 246 -77 -21 -44 -4 -34
1533767082.2135127 697 693 694 676 741 648 7960 1434 -396 105 79 -25 -46 -3 -34
1533767082.2879844 697 692 694 676 741 648 8024 1436 -378 462 127 -389 -43 -5 -34
1533767082.3760061 697 691 693 676 741 647 8030 1486 -354 117 176 -14 -47 -5 -37
1533767082.4239533 696 692 694 675 741 647 8016 1454 -400 224 105 -94 -47 -4 -33
1533767082.4861796 696 691 693 675 740 647 7990 1476 -458 99 160 -69 -46 -2 -33
1533767082.553857 696 692 694 675 740 648 8006 1544 -388 295 134 43 -46 -2 -33
1533767082.6188898 723 698 698 707 746 689 8038 1412 -428 209 262 -22 -45 -4 -34
1533767082.6813748 725 699 698 709 746 692 8014 1452 -438 207 159 62 -45 -2 -34
1533767082.7438586 725 699 698 709 746 692 7974 1508 -428 216 77 -47 -45 -4 -34
1533767082.8193455 726 699 698 711 747 694 7978 1544 -334 150 136 -16 -45 -2 -36
1533767082.8838773 726 699 698 711 746 695 8046 1370 -452 192 146 76 -46 -5 -35
1533767082.938471 727 699 699 712 746 696 7960 1548 -376 296 106 -123 -45 -1 -35
1533767083.0350685 726 699 698 711 745 695 7954 1540 -410 20 138 -61 -44 -4 -37
1533767083.072358 726 698 698 711 745 695 7960 1542 -370 194 159 75 -45 -4 -34
1533767083.150509 726 699 698 711 746 695 8040 1450 -346 88 28 -95 -47 -4 -35
1533767083.213159 726 698 698 711 745 695 8062 1410 -362 53 69 2 -46 -2 -34
1533767083.2664216 725 698 698 710 745 694 8022 1512 -426 166 217 40 -45 -2 -35
1533767083.3393002 725 698 698 710 745 693 8012 1436 -322 235 74 -53 -46 -3 -34
1533767083.4122713 725 698 698 710 745 693 7984 1524 -378 221 189 -47 -47 -3 -34
1533767083.4707685 725 698 698 709 745 693 7984 1482 -338 214 240 27 -45 -2 -34
1533767083.5461187 725 698 698 711 745 694 8014 1468 -322 169 270 164 -45 -4 -34
1533767083.60189 725 698 698 710 745 694 8084 1434 -374 257 360 508 -47 -3 -34
1533767083.6954286 725 698 698 710 745 693 8036 1420 -390 298 549 225 -46 -3 -36
1533767083.7422917 725 697 697 710 744 694 8312 1192 -246 217 -489 893 -43 -2 -34
1533767083.8145647 725 698 697 709 743 693 7980 1304 -392 349 283 299 -44 -3 -34
1533767083.8709147 724 697 696 708 744 692 7926 1352 -344 508 563 180 -43 -3 -36
1533767083.938655 724 697 697 708 746 692 7974 1504 -274 679 248 1192 -45 -4 -34
1533767084.016378 724 699 697 705 747 689 7790 1270 -306 475 166 971 -45 -4 -33
1533767084.0706515 717 700 697 707 750 694 8218 1256 -234 392 250 687 -45 -3 -32
1533767084.148572 722 704 697 699 749 689 8022 1070 -350 -280 392 -284 -44 -4 -33
1533767084.211054 722 708 697 700 750 701 8026 1406 -284 272 414 346 -43 -4 -33
1533767084.28716 722 711 698 706 755 701 8044 1122 -306 341 239 544 -45 -4 -32
1533767084.3824134 730 712 698 705 757 699 8122 1024 -172 -57 227 -204 -41 -4 -32
1533767084.4289112 743 715 706 722 763 713 8400 1194 -524 -105 -72 -411 -42 -3 -31
1533767084.4851253 735 708 698 712 756 702 7804 1170 -364 -3724 -414 -3573 -42 -5 -33
1533767084.5659292 732 703 695 711 749 701 8316 1320 160 1532 -1783 472 -43 -3 -32
1533767084.635192 732 703 692 710 744 706 7972 1558 -706 669 -548 -262 -44 -3 -34
1533767084.697911 734 702 699 718 754 707 7982 1486 -548 -231 -387 -77 -42 -3 -34
1533767084.7604227 732 701 699 716 752 703 7982 1294 -434 96 -8 -62 -45 -4 -33
1533767084.8371682 732 701 699 715 752 703 8056 1360 -444 192 -58 -424 -44 -2 -35
1533767084.9044375 734 702 699 717 751 705 7948 1568 -590 317 292 213 -44 -5 -35
1533767084.9694045 729 699 697 712 748 698 8112 1112 -382 137 -93 195 -44 -5 -34
1533767085.0585299 728 699 697 711 746 697 8006 1462 -558 209 18 -104 -46 -2 -32
1533767085.1040337 730 700 698 714 748 701 8004 1468 -330 230 57 181 -44 -3 -33
1533767085.166521 728 698 698 713 748 698 8006 1354 -548 33 -137 67 -45 -4 -35
1533767085.2364533 730 699 699 715 749 701 8044 1346 -490 110 -11 -173 -44 -4 -35
1533767085.3035114 727 698 698 713 748 698 8090 1300 -444 4 17 -221 -43 -4 -35
1533767085.3619287 730 698 699 716 748 702 8000 1464 -544 109 -101 7 -42 -5 -34
1533767085.4362328 728 697 698 714 747 700 8056 1366 -472 168 210 128 -43 -3 -34
1533767085.50127 729 697 699 714 747 701 8058 1360 -524 144 -102 -211 -44 -5 -34
1533767085.555198 727 697 699 713 747 699 7960 1420 -500 218 44 48 -43 -4 -35
1533767085.6333058 728 697 699 714 746 700 7978 1440 -420 240 158 2 -45 -5 -34
1533767085.727032 727 697 697 713 745 699 8058 1366 -518 240 91 81 -44 -6 -34
1533767085.7582757 726 697 698 712 745 698 8062 1350 -472 223 -2 43 -42 -4 -34
1533767085.8215222 727 697 697 713 744 699 7974 1378 -552 211 77 -136 -45 -5 -34
1533767085.8974812 727 696 697 712 744 699 8010 1446 -560 277 220 89 -44 -4 -34
1533767085.9540577 727 696 697 713 744 699 8012 1350 -396 196 57 -125 -43 -5 -35
1533767086.0321474 728 697 697 714 744 700 8042 1340 -504 116 103 -35 -45 -5 -36
1533767086.0881367 728 697 697 713 744 700 7972 1464 -560 277 32 38 -45 -3 -35
1533767086.1507914 727 696 697 713 744 700 8026 1424 -528 202 150 -263 -43 -4 -35
1533767086.2289875 727 696 697 712 744 699 7976 1500 -656 208 112 -49 -42 -4 -34
1533767086.2983131 726 696 697 712 744 698 7948 1396 -524 239 50 -91 -43 -4 -35
1533767086.3768036 726 696 697 712 744 697 8018 1444 -584 180 120 -120 -45 -5 -33
1533767086.4350252 725 696 697 711 743 696 7920 1514 -458 290 186 -178 -45 -6 -37
1533767086.4858737 724 695 696 709 743 694 7978 1560 -684 651 496 70 -44 -3 -35
1533767086.568014 725 696 696 710 744 694 7990 1390 -572 238 -68 -50 -44 -3 -35
1533767086.635985 724 695 696 710 743 695 7980 1490 -534 202 184 -174 -45 -4 -34
1533767086.6984792 725 696 696 711 743 696 7982 1450 -528 237 153 14 -44 -4 -36
1533767086.7612078 725 695 696 710 743 694 8024 1446 -548 198 -2 30 -45 -6 -36
1533767086.8321042 725 696 697 711 743 695 7936 1458 -580 155 49 -49 -44 -3 -34
1533767086.885275 726 696 697 711 743 695 7980 1462 -566 164 181 -51 -46 -6 -34
1533767086.954293 726 696 697 711 743 695 8030 1452 -538 146 174 -77 -46 -4 -36
1533767087.050286 726 696 697 711 743 695 7972 1516 -582 103 72 -116 -44 -5 -35
1533767087.0882933 725 696 696 710 743 694 8040 1452 -494 107 92 94 -45 -5 -35
1533767087.1508358 724 695 697 710 743 694 8006 1488 -532 200 241 -28 -44 -5 -34
1533767087.229121 725 695 696 710 742 694 7974 1506 -568 163 232 117 -46 -5 -36
1533767087.2987278 725 696 696 710 743 694 8034 1468 -464 45 46 -176 -45 -4 -34
1533767087.3620973 724 695 696 709 743 693 7966 1548 -482 282 359 56 -43 -5 -37
1533767087.431517 722 694 694 706 740 691 7976 1460 -492 254 272 187 -43 -2 -36
1533767087.4860337 719 693 687 700 730 689 7976 1510 -524 186 445 95 -44 -1 -34
1533767087.5642095 719 692 685 698 727 690 7996 1490 -484 208 523 74 -47 -5 -35
1533767087.6206512 716 690 684 695 725 686 8146 1408 -228 449 -496 405 -47 -3 -34
1533767087.698758 723 697 691 702 736 692 7882 1586 -662 594 657 402 -46 -4 -33
1533767087.761243 730 699 695 711 742 701 7710 1620 -298 902 794 773 -45 -2 -35
1533767087.8312716 721 699 697 700 747 684 8150 1080 -470 85 -41 417 -44 -3 -34
1533767087.8865588 706 697 694 680 745 658 7868 1216 -462 100 72 -306 -44 -4 -34
1533767087.955532 707 700 694 679 748 658 7940 1430 -404 -47 -32 -418 -43 -4 -35
1533767088.032746 697 701 693 668 744 655 8036 1384 -388 39 503 323 -44 -5 -35
1533767088.0889935 644 693 686 622 713 639 8082 1202 -380 -229 64 34 -44 -3 -34
1533767088.151479 643 695 686 622 713 639 8108 1278 -498 -76 -189 41 -43 -4 -33
1533767088.2298396 705 703 694 678 751 656 8590 1010 -506 -460 -906 -1190 -44 -5 -35
1533767088.3029394 704 679 692 677 745 657 7744 1832 968 1284 140 48 -44 -4 -34
1533767088.377666 735 704 696 714 747 706 7828 1888 -820 187 -759 -426 -44 -4 -31
1533767088.4386353 736 704 698 717 750 710 8010 1442 -696 -549 -977 -482 -46 -8 -37
1533767088.5017107 737 704 699 718 750 709 7986 1354 -596 -128 19 -89 -44 -5 -34
1533767088.5713775 734 703 699 718 750 710 8004 1388 -582 186 -20 -149 -43 -3 -35
1533767088.6341302 736 704 700 720 751 711 7950 1630 -662 122 -34 -153 -45 -4 -36
1533767088.6963491 737 703 700 720 750 712 8014 1398 -484 10 10 -73 -45 -5 -34
1533767088.7775981 735 703 700 718 750 709 7968 1462 -696 235 220 13 -45 -6 -35
1533767088.8389838 736 702 699 718 748 710 7962 1466 -572 250 157 -22 -45 -7 -36
1533767088.9100196 734 702 699 717 748 708 7952 1548 -614 171 111 -5 -46 -3 -35
1533767088.969569 735 701 699 717 748 708 8018 1452 -590 178 88 -14 -46 -5 -36
1533767089.0702267 738 702 699 722 749 713 7974 1512 -684 229 211 106 -45 -4 -34
1533767089.1029701 740 703 700 724 749 717 8046 1414 -612 295 26 -152 -44 -4 -37
1533767089.165691 741 703 700 727 749 719 8008 1504 -668 185 110 122 -43 -5 -34
1533767089.2437398 741 703 700 726 749 719 8006 1506 -612 190 -22 -68 -45 -5 -34
1533767089.3114252 742 703 700 727 749 720 7994 1386 -580 181 70 -106 -45 -6 -33
1533767089.3766892 741 703 700 726 749 718 7990 1536 -642 294 80 40 -42 -5 -34
1533767089.4383905 738 702 700 722 748 714 8034 1448 -628 117 79 7 -43 -6 -35
1533767089.5018148 735 702 699 719 748 710 7976 1502 -660 289 55 -145 -44 -4 -36
1533767089.5739942 734 701 699 718 747 708 7980 1442 -634 178 34 -113 -45 -4 -35
1533767089.6358812 735 702 699 719 747 710 7978 1466 -686 189 -87 -221 -46 -4 -37
1533767089.7139854 735 702 699 719 747 710 7960 1530 -682 460 -12 -455 -47 -5 -36
1533767089.7764711 736 701 699 720 747 710 7968 1570 -772 -173 -274 -542 -45 -2 -35
1533767089.8491437 736 702 700 721 748 711 7814 1762 -914 300 -391 -542 -46 -4 -35
1533767089.9169297 735 701 697 719 744 710 8012 1578 -692 9 -863 -914 -46 -3 -37
1533767089.9859855 730 698 685 708 728 708 7846 1714 -758 422 -375 -864 -48 -4 -38
1533767090.0549512 731 698 689 711 733 708 7800 1916 -952 268 -110 -477 -47 -4 -38
1533767090.1184936 730 697 689 712 735 708 7920 1820 -884 231 -52 -44 -49 -5 -39
1533767090.1807292 734 699 697 719 745 709 7894 1678 -988 61 -19 -24 -48 -6 -37
1533767090.2432163 735 701 697 720 745 711 7906 1820 -846 523 451 159 -47 -3 -40
1533767090.322211 733 698 697 719 745 709 7846 1848 -1064 333 125 93 -47 -7 -38
1533767090.3916936 736 702 696 719 744 712 8004 1750 -804 93 420 251 -48 -5 -37
1533767090.4537106 737 702 697 720 744 713 7856 1892 -958 600 258 148 -47 -4 -37
1533767090.523187 737 703 697 719 744 713 8048 1366 -742 -510 237 195 -47 -4 -38
1533767090.589161 737 703 697 720 744 713 7986 1640 -732 626 524 89 -47 -3 -38
1533767090.6517138 737 703 697 720 745 713 8018 1500 -770 36 344 6 -48 -2 -38
1533767090.7141325 738 704 699 722 748 714 7982 1428 -692 362 745 332 -49 -5 -39
1533767090.776872 739 704 701 723 749 713 7850 1744 -678 603 387 -218 -46 -2 -37
1533767090.8540318 739 704 701 723 749 713 7988 1724 -764 277 -101 -470 -46 -2 -36
1533767090.9235017 738 703 700 722 749 712 7872 1702 -992 271 532 177 -48 -4 -38
1533767090.9869468 735 702 695 717 742 711 7914 1782 -888 174 494 309 -48 1 -38
1533767091.0715835 736 703 696 718 743 711 7930 1696 -698 191 235 28 -47 -1 -37
1533767091.1186776 736 703 696 718 743 712 7988 1648 -728 99 259 114 -48 -2 -36
1533767091.180934 737 703 696 719 744 712 7970 1736 -694 110 310 160 -46 -1 -37
1533767091.2523584 737 703 694 717 741 712 7892 1514 -616 267 519 299 -47 0 -36
1533767091.3184297 735 702 692 715 738 711 7950 1624 -630 152 116 8 -45 0 -36
1533767091.3759534 735 702 692 715 738 711 8006 1578 -682 112 133 44 -45 -1 -37
1533767091.4512885 735 702 692 715 739 711 7950 1640 -560 189 -14 -80 -47 3 -35
1533767091.5177472 734 702 692 713 737 709 7896 1610 -668 76 -107 -143 -45 0 -37
1533767091.5856268 734 702 692 713 737 709 7972 1668 -756 -64 -65 -275 -47 1 -35
1533767091.6419032 734 702 691 713 737 709 8030 1562 -528 308 -165 -544 -46 -2 -36
1533767091.735632 733 701 689 711 734 708 7920 1692 -684 867 -171 -690 -46 0 -34
1533767091.791673 732 701 689 710 734 707 7842 1714 -742 459 -333 -428 -47 -1 -39
1533767091.8516326 732 702 696 712 743 702 7940 1846 -642 209 -97 -185 -48 1 -37
1533767091.9247983 734 702 695 715 743 707 7866 1844 -852 296 -71 66 -49 -1 -35
1533767091.9860282 734 703 695 715 742 708 7766 1794 -726 597 172 -31 -49 -1 -38
1533767092.0594938 724 700 692 702 739 692 7892 1714 -880 221 -224 -293 -48 0 -36
1533767092.1197963 713 697 689 698 736 687 7892 1698 -702 526 327 367 -47 -1 -38
1533767092.1825361 735 703 693 715 741 709 7918 1876 -724 92 1103 706 -49 -1 -38
1533767092.244764 735 703 693 714 741 709 7956 1666 -740 193 90 -133 -48 0 -37
1533767092.3261654 733 702 693 712 740 706 7996 1592 -858 80 135 -130 -47 0 -40
1533767092.4113119 735 703 693 714 741 709 7910 1678 -684 287 385 155 -48 -2 -39
1533767092.4542077 736 703 693 715 741 710 7896 1756 -802 141 -271 -444 -49 0 -38
1533767092.525204 736 704 693 716 741 711 7950 1768 -874 174 21 24 -49 -3 -38
1533767092.5900314 738 704 694 718 742 713 7938 1730 -788 281 40 138 -47 0 -37
1533767092.6587665 737 704 693 717 741 713 7956 1650 -844 262 358 -140 -48 -2 -36
1533767092.7261949 737 704 693 717 741 713 7896 1930 -888 279 945 105 -46 -1 -38
1533767092.7925196 735 703 693 714 741 710 7934 1692 -454 303 633 387 -49 -1 -39
1533767092.8532443 736 704 693 715 741 711 7974 1480 -574 87 -184 -71 -49 -1 -36
1533767092.9278846 737 704 697 719 747 712 7996 1698 -690 124 -53 -252 -49 -1 -36
1533767092.9851308 736 704 697 718 747 709 7926 1716 -680 165 380 199 -47 1 -37
1533767093.0741947 736 704 698 718 748 708 7974 1626 -738 23 228 162 -47 -2 -38
1533767093.1210601 737 704 698 719 749 711 7942 1754 -622 126 174 -44 -47 -1 -39
1533767093.1928809 737 705 698 720 748 711 7884 1776 -630 189 405 -40 -48 1 -37
1533767093.2575824 737 704 699 720 748 711 7984 1556 -698 331 430 50 -47 -2 -37
1533767093.3245153 738 705 698 720 748 711 7976 1554 -450 488 270 -82 -48 0 -36
1533767093.3933969 736 705 698 719 748 710 7968 1526 -726 50 -436 -478 -49 -1 -36
1533767093.4556603 737 704 699 720 748 710 8042 1878 -870 -63 -21 -245 -49 -1 -37
1533767093.52826 738 704 698 720 748 711 7802 2000 -790 525 732 301 -49 -1 -37
1533767093.5878825 737 704 698 720 748 710 7970 1554 -854 353 691 350 -48 0 -38
1533767093.6503627 737 704 698 720 748 710 7932 1838 -336 774 285 52 -48 0 -37
1533767093.7377377 738 704 699 720 748 710 8004 1582 -474 527 51 150 -49 2 -35
1533767093.7886012 737 704 697 718 746 710 7880 1562 -626 451 -93 78 -49 0 -37
1533767093.8529067 737 705 696 717 745 709 7988 1570 -612 274 -135 -99 -47 0 -38
1533767093.9156413 738 705 697 719 747 710 8054 1574 -562 235 156 103 -49 0 -38
1533767093.9778752 738 704 696 718 745 711 7906 1774 -862 301 178 206 -48 0 -37
1533767094.0389338 737 704 695 717 743 710 7906 1578 -640 26 40 -63 -49 0 -38
1533767094.118305 736 704 694 716 741 710 7986 1572 -594 122 85 -278 -48 0 -37
