1533767126.5728915 721 692 687 708 735 697 -1204 8006 -1542 160 153 186 -76 95 -29
1533767126.6512659 721 692 687 708 735 697 -1050 8064 -1512 105 -16 223 -78 96 -26
1533767126.7176585 721 692 687 708 736 697 -742 8156 -1402 200 46 -259 -77 94 -29
1533767126.7927618 721 692 688 708 736 697 -1042 8080 -1396 329 109 -495 -77 94 -27
1533767126.8522797 721 692 687 708 735 697 -1342 8006 -1554 390 -244 -463 -77 92 -29
1533767126.9303896 720 692 687 708 735 697 -1224 8000 -1614 339 -92 0 -78 95 -29
1533767126.9847596 720 691 687 707 735 697 -1136 8034 -1462 184 117 91 -77 93 -28
1533767127.055667 720 691 687 708 735 697 -1096 8058 -1440 272 308 -94 -78 95 -29
1533767127.133773 721 692 687 708 735 697 -1230 8020 -1476 176 161 21 -77 95 -31
1533767127.1962583 721 693 687 708 736 697 -1112 8006 -1568 326 157 198 -78 95 -28
1533767127.30122 722 693 687 709 736 697 -1044 8084 -1498 271 119 -230 -78 95 -29
1533767127.4105093 722 693 688 709 736 698 -1184 7966 -1578 419 196 -265 -78 96 -29
1533767127.4573734 722 693 688 709 736 698 -1354 7944 -1624 170 79 195 -76 95 -28
1533767127.5011687 722 693 688 709 737 698 -1066 8028 -1496 366 68 88 -79 94 -31
1533767127.5500386 721 692 688 709 736 698 -1114 8014 -1526 214 167 169 -77 95 -28
1533767127.6175587 722 692 687 709 736 698 -1160 8092 -1542 189 338 289 -77 92 -32
1533767127.6801002 721 692 687 708 736 698 -1110 8062 -1482 195 147 -144 -78 95 -30
1533767127.7586226 720 692 687 707 735 696 -1200 8010 -1612 299 97 -145 -79 92 -31
1533767127.8274407 721 692 688 708 736 697 -1094 8056 -1572 142 167 148 -79 94 -30
1533767127.8855808 721 692 687 707 736 696 -1154 8022 -1514 262 198 100 -79 93 -31
1533767127.9634416 721 692 687 708 735 697 -1144 7970 -1552 242 155 234 -78 96 -29
1533767128.0350006 721 692 687 708 735 697 -1040 8008 -1530 291 181 422 -78 94 -30
1533767128.1021094 721 691 688 708 736 697 -1020 8020 -1562 88 448 497 -77 94 -32
1533767128.166357 721 692 688 708 735 697 -990 8016 -1620 299 392 846 -78 94 -32
1533767128.2286103 721 692 688 708 736 697 -890 8068 -1640 189 181 378 -78 93 -31
1533767128.3048587 721 692 688 708 736 697 -832 8024 -1532 261 22 27 -78 93 -28
1533767128.36193 721 693 688 708 737 697 -898 8028 -1548 146 173 162 -78 93 -30
1533767128.4400368 721 693 688 708 736 696 -986 8066 -1580 80 203 208 -79 92 -30
1533767128.5093153 721 692 688 708 736 696 -886 8068 -1538 -121 461 817 -78 92 -31
1533767128.5710135 721 692 687 708 736 696 -692 8118 -1654 -180 -82 785 -77 92 -32
1533767128.6490922 721 692 688 708 736 696 -746 8030 -1468 317 297 959 -80 90 -29
1533767128.7115712 721 692 688 708 736 696 -700 8064 -1534 -35 1127 1125 -76 89 -29
1533767128.7847533 721 692 688 708 736 696 -556 8072 -1478 182 470 879 -76 88 -28
1533767128.8542988 720 691 687 708 735 696 -488 8066 -1468 -267 1751 2732 -79 87 -27
1533767128.9170237 720 691 688 708 736 696 -418 7976 -1428 -642 4494 5775 -79 88 -29
1533767128.9975793 721 691 688 708 735 696 -172 8026 -1358 -86 1774 4247 -79 82 -28
1533767129.0653963 721 691 688 708 735 696 368 8352 -1240 -1181 -191 3 -79 80 -28
1533767129.1196399 719 691 687 707 734 696 350 8036 -1216 458 301 2489 -79 79 -28
1533767129.2009408 718 690 687 706 732 694 278 7858 -1482 -276 -2429 1994 -78 81 -24
1533767129.2767193 718 691 687 705 732 694 822 7878 -1096 -487 -2420 1975 -76 78 -27
1533767129.368473 719 691 689 708 736 694 764 7942 -1318 -346 -1816 1705 -77 74 -28
1533767129.4183946 719 691 691 709 738 694 1146 8106 -1090 -74 1541 1294 -77 71 -28
1533767129.4854198 718 689 691 708 737 693 1068 8088 -1186 -311 654 -150 -77 67 -28
1533767129.5545058 720 690 691 710 737 696 1068 8112 -1190 659 -781 -398 -76 69 -25
1533767129.6286206 720 690 691 711 737 697 942 7884 -1214 126 -2051 -352 -77 68 -26
1533767129.6870334 721 691 691 711 737 697 1360 8130 -1282 1004 -546 -411 -76 69 -28
1533767129.767392 721 691 691 711 737 698 958 8004 -1198 560 -207 -66 -74 67 -26
1533767129.8353918 721 691 691 711 737 698 984 8004 -1400 888 59 -333 -77 67 -29
1533767129.9007835 721 691 691 712 737 698 1054 8094 -1446 25 -35 688 -77 67 -29
1533767129.963328 721 691 691 712 737 698 1056 8028 -1334 136 214 177 -78 67 -29
1533767130.0553572 722 692 691 712 737 698 1030 8086 -1312 155 89 170 -76 66 -29
1533767130.1028614 722 691 691 711 737 698 982 8044 -1248 99 622 820 -77 67 -26
1533767130.1670802 722 693 691 712 738 699 1200 8060 -1402 276 -98 68 -76 67 -29
1533767130.2338321 722 692 691 712 738 698 1068 8056 -1366 230 396 317 -76 67 -28
1533767130.3026989 723 693 692 713 738 699 1110 8030 -1384 40 5 200 -76 65 -28
1533767130.362443 722 692 691 712 737 699 1242 8048 -1306 262 199 130 -79 66 -27
1533767130.4249623 721 691 691 712 736 699 1138 8050 -1344 169 424 307 -78 65 -30
1533767130.5056973 722 692 691 712 738 699 1232 8024 -1358 165 206 42 -77 65 -27
1533767130.5712984 723 693 691 712 738 699 1186 8028 -1332 153 190 137 -77 66 -28
1533767130.6279023 723 694 691 712 738 699 1188 8056 -1286 164 419 192 -76 64 -27
1533767130.7060099 723 692 691 712 737 698 1190 8018 -1252 135 81 43 -79 66 -28
1533767130.7684944 722 692 691 712 737 698 1156 8014 -1346 198 116 61 -76 67 -28
1533767130.8386226 722 692 690 711 737 699 1252 8008 -1330 203 242 30 -75 64 -27
1533767130.9013598 722 694 690 708 738 694 1188 7994 -1328 328 450 85 -74 67 -27
1533767130.963595 708 689 688 693 733 674 1280 7908 -1374 -28 6 -133 -77 67 -28
1533767131.0460303 706 688 687 692 732 673 1212 8144 -1154 27 -173 -229 -77 65 -28
1533767131.1033635 737 694 693 730 738 723 1062 8044 -1438 574 -881 -33 -77 64 -29
1533767131.1814687 701 686 685 687 728 669 1304 8000 -1418 460 428 410 -77 65 -28
1533767131.2496214 727 690 687 718 730 709 1254 8004 -1410 382 -229 -494 -78 67 -27
1533767131.3209496 721 687 685 715 726 707 1184 8062 -1340 140 7 -444 -77 65 -28
1533767131.3945756 728 688 684 723 723 718 1174 8042 -1374 629 603 521 -77 65 -27
1533767131.457283 722 680 681 718 715 714 1386 8088 -1194 724 -313 -699 -76 65 -27
1533767131.5289445 722 661 681 719 710 713 1150 7990 -1550 640 -239 -309 -76 63 -28
1533767131.5855212 721 673 679 723 706 718 1194 8036 -1544 -268 -35 -199 -75 63 -29
1533767131.6638134 725 674 680 727 706 724 1128 8052 -1556 282 -336 -184 -78 65 -28
1533767131.7263796 732 669 682 731 712 730 960 8222 -1724 97 286 587 -77 63 -28
1533767131.8090944 715 679 677 683 706 685 1256 7750 -1340 -323 -4771 -1361 -76 65 -30
1533767131.8705 677 673 678 663 713 637 860 8108 -1350 626 602 165 -74 63 -29
1533767131.9332414 716 684 686 708 724 688 846 8078 -1530 211 160 122 -78 63 -29
1533767132.0111182 679 677 680 665 720 636 932 8004 -1460 427 -40 -318 -79 64 -30
1533767132.085993 679 677 681 665 721 635 804 8038 -1564 204 431 478 -77 64 -31
1533767132.1330724 680 677 681 665 720 636 988 8034 -1430 102 324 46 -76 64 -30
1533767132.1953344 680 678 681 665 722 635 912 8068 -1452 265 -7 -224 -76 64 -31
1533767132.2778795 682 680 682 665 724 636 916 8038 -1468 128 -18 103 -76 63 -30
1533767132.3368714 683 681 682 666 725 636 950 8062 -1432 164 54 -46 -78 63 -30
1533767132.4082468 682 680 682 665 724 636 968 8002 -1448 140 198 151 -77 64 -31
1533767132.4706726 681 679 681 665 723 635 888 8004 -1446 194 56 20 -77 64 -29
1533767132.538149 682 680 682 665 724 636 920 8046 -1482 192 169 136 -77 62 -31
1533767132.6006348 683 681 682 665 725 636 936 7982 -1480 186 35 -101 -78 61 -30
1533767132.6631212 682 680 682 665 725 636 950 8034 -1420 203 9 -99 -76 63 -30
1533767132.7419157 682 679 682 665 724 635 930 8062 -1412 160 73 -22 -78 62 -30
1533767132.8063076 680 678 682 664 723 635 924 8050 -1456 198 90 -37 -77 63 -30
1533767132.8695965 680 677 681 664 722 635 1022 8058 -1476 230 110 144 -77 63 -29
1533767132.932325 679 676 681 664 721 635 1022 8084 -1426 188 148 87 -77 63 -30
1533767133.0078566 680 677 681 664 722 636 908 8030 -1452 296 78 -70 -76 59 -30
1533767133.0717056 680 676 681 664 721 635 952 8042 -1488 88 126 22 -78 63 -30
1533767133.1341562 681 678 682 664 723 636 896 8064 -1462 226 241 115 -78 63 -29
1533767133.1966934 681 679 681 664 723 635 930 8008 -1532 246 83 -7 -75 62 -28
1533767133.2707424 678 677 681 663 721 635 1054 8076 -1440 238 40 59 -77 63 -30
1533767133.3369296 678 677 681 663 720 635 950 8038 -1486 248 57 -116 -77 63 -29
1533767133.40995 679 677 681 663 721 635 984 8020 -1476 221 102 35 -78 63 -31
1533767133.456859 678 676 681 662 720 635 936 8058 -1498 196 160 29 -77 61 -30
1533767133.5349367 679 677 681 663 721 635 930 8036 -1470 209 97 71 -78 63 -32
1533767133.5974243 678 676 681 663 720 635 956 8052 -1504 193 85 -29 -78 62 -32
1533767133.6599743 679 676 681 663 721 635 924 8010 -1492 175 142 30 -77 63 -28
1533767133.7223747 679 676 681 663 720 635 990 8032 -1460 168 80 -20 -78 62 -30
1533767133.7971933 679 676 680 662 720 635 898 8012 -1526 244 91 15 -77 63 -30
1533767133.8528504 679 677 681 663 720 635 940 8030 -1490 134 122 13 -77 60 -30
1533767133.9151871 678 676 680 662 719 635 932 8046 -1464 221 119 2 -77 62 -30
1533767133.995404 679 676 679 662 718 635 928 8040 -1560 197 358 156 -78 63 -30
1533767134.0852654 678 676 679 661 718 635 982 8034 -1460 203 180 -28 -78 62 -29
1533767134.132315 679 676 679 661 718 635 944 8002 -1424 208 197 -61 -78 62 -30
1533767134.182364 679 676 679 662 718 635 994 8078 -1466 207 -65 152 -78 61 -30
1533767134.2626054 679 677 680 662 719 635 998 8028 -1390 181 69 -16 -76 62 -29
1533767134.3274326 679 676 680 662 719 635 946 8066 -1440 260 98 80 -78 62 -30
1533767134.3930135 679 677 680 662 719 635 962 8036 -1452 187 211 9 -77 61 -30
1533767134.4556947 678 677 681 662 719 635 966 7990 -1524 243 40 71 -77 63 -31
1533767134.5248384 679 676 680 662 719 635 1000 8072 -1490 164 153 64 -78 60 -32
1533767134.5857568 679 677 680 662 719 635 966 8054 -1454 196 401 134 -78 63 -30
1533767134.6482463 679 677 680 662 719 635 1072 8086 -1458 134 231 168 -75 61 -28
1533767134.7263489 678 676 680 661 719 635 1020 8014 -1466 237 136 -4 -77 61 -29
1533767134.788188 678 676 680 662 719 635 1032 8152 -1370 366 -90 -328 -77 61 -29
1533767134.8561506 678 676 680 662 718 635 996 8032 -1514 218 105 -97 -80 62 -30
1533767134.918729 724 687 688 718 727 709 988 8108 -1552 551 840 62 -78 62 -29
1533767134.997111 722 686 686 715 725 706 1010 8162 -1444 813 560 -29 -78 63 -29
1533767135.0659258 730 688 685 724 724 719 1188 8112 -1376 613 -58 -592 -78 63 -31
1533767135.1345003 736 689 687 732 726 729 1032 7898 -1870 100 -475 -298 -78 63 -30
1533767135.196985 728 688 681 719 719 715 898 8106 -1418 -81 -106 -112 -77 63 -31
1533767135.2724755 733 689 687 730 725 725 930 8050 -1494 149 39 -243 -79 62 -30
1533767135.339935 727 686 685 723 721 715 928 8052 -1462 289 152 -11 -79 62 -31
1533767135.4088955 724 683 684 722 719 713 1012 7944 -1628 -96 112 18 -78 63 -30
1533767135.4713829 720 683 683 717 718 708 826 8072 -1546 -125 -148 -113 -78 62 -31
1533767135.5383856 732 687 686 729 722 722 1374 8070 -1660 -126 -578 216 -79 63 -31
1533767135.6008701 700 679 680 687 716 665 272 7908 -1570 -67 584 441 -78 63 -31
1533767135.678978 678 673 676 663 713 636 956 8066 -1586 205 187 206 -76 60 -30
1533767135.7425828 679 676 677 663 715 636 1108 7996 -1480 218 84 -56 -77 61 -31
1533767135.8130658 680 678 677 663 717 635 936 8038 -1586 225 49 17 -78 64 -30
1533767135.8682425 680 677 677 662 716 635 968 8052 -1496 257 203 -60 -78 61 -30
1533767135.9307084 679 677 677 662 716 634 1008 8066 -1620 252 76 9 -77 61 -32
1533767136.0111403 679 676 677 662 716 634 964 8000 -1480 174 136 -3 -77 60 -30
1533767136.1011963 679 677 677 662 717 634 992 8012 -1510 219 222 9 -77 63 -29
1533767136.132438 680 678 678 662 718 635 966 8062 -1522 250 170 -48 -77 60 -32
1533767136.1949248 680 678 678 662 717 635 986 8000 -1500 220 186 21 -76 61 -30
1533767136.274455 680 677 678 662 717 635 1018 8030 -1490 202 129 9 -77 63 -30
1533767136.3383286 680 678 678 662 717 635 966 8016 -1498 187 77 -26 -78 61 -30
1533767136.3951695 679 677 678 661 717 635 966 8024 -1506 176 120 -8 -78 62 -29
1533767136.4730134 679 677 677 661 717 634 976 8018 -1534 217 103 -43 -78 61 -30
1533767136.5401933 679 677 678 661 717 634 996 8016 -1534 204 157 16 -75 62 -32
1533767136.603718 680 678 678 662 718 635 918 8022 -1540 183 122 -24 -78 64 -31
1533767136.6659698 680 678 677 661 718 635 972 8046 -1490 200 142 -59 -75 61 -32
1533767136.7440517 680 678 677 661 717 634 1038 8046 -1556 213 91 -72 -78 63 -30
1533767136.8056684 680 677 677 661 718 635 946 8014 -1524 173 86 47 -79 63 -29
1533767136.870124 679 677 677 661 717 634 1016 8050 -1488 150 164 32 -78 61 -30
1533767136.9325252 680 677 677 661 717 634 960 8028 -1478 214 132 -41 -78 61 -30
1533767137.0060892 679 677 678 661 717 635 998 7994 -1568 251 68 -73 -76 61 -31
1533767137.072051 680 677 677 661 717 634 982 8012 -1580 171 92 -18 -77 63 -29
1533767137.1347945 678 676 677 660 716 634 1030 8038 -1484 222 93 -16 -78 63 -30
1533767137.1970296 679 677 677 660 716 635 998 8052 -1530 253 59 -82 -78 62 -29
1533767137.2704756 681 679 677 661 718 635 998 8022 -1490 172 156 12 -77 62 -29
1533767137.3375204 682 680 677 661 718 635 1030 8044 -1598 220 35 -34 -78 63 -29
1533767137.4111798 680 679 677 660 717 635 970 8028 -1514 190 122 -6 -76 60 -30
1533767137.4580445 681 679 677 660 718 635 972 8028 -1500 205 89 -22 -79 62 -31
1533767137.5370944 680 679 677 660 717 635 1016 8018 -1532 133 142 21 -77 62 -31
1533767137.6034315 680 678 677 660 718 635 1024 8006 -1576 232 104 32 -77 62 -31
1533767137.6659174 679 677 677 660 717 634 966 8008 -1506 195 123 -48 -78 62 -29
1533767137.7285173 679 677 677 660 717 634 1002 8032 -1506 137 188 92 -77 62 -30
1533767137.8058023 680 678 677 661 717 635 1000 7996 -1558 247 163 -48 -77 61 -31
1533767137.8679743 681 679 677 661 718 635 1010 8046 -1526 88 134 79 -78 61 -31
1533767137.9304597 682 680 678 661 719 635 998 8020 -1556 209 125 -43 -77 62 -30
1533767137.9929473 681 679 678 661 719 635 964 8010 -1520 144 155 38 -79 61 -30
1533767138.0861628 681 679 678 661 719 635 1032 8050 -1500 196 121 -54 -77 61 -31
1533767138.1330266 681 679 678 661 719 635 986 8036 -1570 120 108 22 -78 62 -30
1533767138.1955118 681 679 678 662 719 635 1016 7996 -1476 129 140 -370 -78 60 -30
1533767138.272925 681 678 678 661 718 635 910 8044 -1522 235 58 87 -77 58 -29
1533767138.3368034 681 678 678 661 718 635 1018 8052 -1460 188 124 89 -77 62 -30
1533767138.3966138 681 678 678 661 719 635 942 8064 -1500 209 144 57 -78 62 -31
1533767138.474737 680 678 678 661 719 635 1082 8006 -1470 138 135 131 -79 62 -30
1533767138.5390515 680 678 678 661 718 635 956 8034 -1500 268 119 5 -79 61 -31
1533767138.6033492 680 678 679 661 718 635 994 8034 -1510 187 165 33 -78 61 -28
1533767138.6658368 680 678 678 661 718 635 980 8048 -1536 239 149 32 -78 61 -29
1533767138.7444067 679 677 678 661 719 635 1006 8044 -1532 154 143 82 -78 59 -31
1533767138.805256 680 677 678 661 719 635 930 8016 -1512 174 182 119 -76 61 -29
1533767138.8695073 679 677 678 661 718 635 1090 8004 -1494 169 191 -12 -76 62 -32
1533767138.931993 679 677 679 661 718 635 980 8030 -1490 213 20 -65 -74 61 -30
1533767138.9944794 679 677 679 661 718 635 1010 8018 -1512 227 56 46 -76 60 -31
1533767139.0709028 680 676 679 661 717 635 990 8028 -1528 177 96 38 -77 61 -31
1533767139.134748 680 677 679 661 718 635 1040 8066 -1484 204 166 9 -76 62 -30
1533767139.196987 680 678 679 662 719 635 992 8018 -1536 216 164 53 -77 62 -30
1533767139.2705548 680 677 679 662 718 635 1040 8028 -1508 167 251 -60 -76 62 -29
1533767139.3373766 679 677 679 661 718 635 974 8010 -1634 173 361 115 -78 59 -32
1533767139.4132032 679 676 678 661 717 634 1110 8048 -1550 281 431 -82 -79 61 -29
1533767139.4602308 678 675 678 661 716 634 890 7984 -1592 512 835 11 -79 63 -30
1533767139.5389993 723 687 686 715 727 704 898 8072 -1446 654 821 304 -77 59 -29
1533767139.6032403 725 687 686 720 725 711 890 8002 -1600 316 577 127 -78 62 -31
1533767139.6657155 733 688 687 729 724 722 1002 8010 -1636 253 242 91 -77 62 -32
1533767139.7282305 730 684 686 729 720 722 986 7898 -1532 162 695 333 -78 61 -30
1533767139.8073912 728 681 685 728 715 723 1164 8026 -1500 -11 396 54 -79 61 -33
1533767139.8697014 726 682 685 726 717 719 1036 8108 -1644 -252 314 340 -77 61 -28
1533767139.932076 716 682 676 715 719 700 1322 8054 -1274 -348 -944 188 -78 62 -29
1533767140.0149355 677 672 677 664 711 637 538 8076 -1148 407 -794 -679 -75 62 -31
1533767140.102572 677 673 678 663 712 636 796 8054 -1544 119 -48 214 -77 61 -30
1533767140.1495104 677 673 679 663 714 635 1150 8042 -1388 234 122 -43 -75 61 -31
1533767140.2119222 678 674 679 664 716 635 934 8006 -1576 246 182 81 -79 61 -31
1533767140.2844608 679 675 679 664 716 635 1036 8060 -1458 313 258 -73 -77 62 -30
1533767140.3380687 680 676 679 664 717 635 960 7984 -1582 254 187 117 -79 61 -30
1533767140.4149883 679 676 679 664 717 635 1028 8042 -1484 282 219 123 -77 62 -30
1533767140.477476 680 677 679 664 718 636 1012 8022 -1564 217 89 -44 -77 61 -29
1533767140.55164 682 678 680 664 720 636 998 8006 -1500 198 139 7 -76 62 -31
1533767140.6189156 681 678 679 664 719 636 1044 8054 -1506 181 96 -23 -78 63 -30
1533767140.6815429 682 679 679 664 719 636 1004 8054 -1492 233 -18 -94 -78 62 -29
1533767140.7652287 680 677 679 663 718 636 924 8042 -1530 172 58 50 -77 60 -30
1533767140.8190856 680 677 679 664 718 636 1062 8040 -1466 206 299 46 -79 60 -30
1533767140.8843834 682 678 680 664 719 638 906 8026 -1528 312 96 -94 -78 63 -29
1533767140.9466684 680 677 680 664 719 636 1040 8006 -1524 147 277 76 -78 62 -30
1533767141.017984 681 677 679 664 719 636 1038 8032 -1490 239 49 13 -78 62 -30
1533767141.0719686 681 677 680 664 719 636 948 8024 -1556 110 264 143 -77 61 -30
1533767141.1500764 681 677 680 664 718 636 1044 8042 -1524 272 97 -141 -74 61 -31
1533767141.2128236 680 676 680 663 718 636 970 7988 -1568 184 102 -27 -78 60 -31
1533767141.2886002 681 677 680 664 719 636 1012 8018 -1486 153 119 -43 -76 61 -31
1533767141.3523648 681 678 680 664 720 636 964 8076 -1532 229 38 -109 -76 59 -31
1533767141.431194 681 677 680 664 720 636 1020 8028 -1596 180 170 50 -76 61 -30
1533767141.4780593 681 678 680 664 719 636 1010 8024 -1512 158 226 60 -77 62 -30
1533767141.556654 681 678 680 664 719 636 1036 7994 -1520 184 94 -48 -78 62 -29
1533767141.6183057 680 677 680 663 719 636 1002 8058 -1538 240 34 -75 -76 60 -33
1533767141.6809125 681 677 680 664 719 636 1004 7986 -1492 124 132 -19 -77 62 -28
1533767141.7443676 682 678 680 664 720 636 974 8034 -1570 261 41 -20 -76 61 -31
1533767141.821224 682 678 680 664 720 636 970 7982 -1484 144 209 45 -78 60 -32
1533767141.8837428 682 678 680 664 720 636 970 8052 -1502 219 88 -53 -76 61 -30
1533767141.9464035 682 677 680 664 721 636 1060 8042 -1532 213 155 -58 -76 61 -30
1533767142.0233953 681 677 680 664 720 636 954 8016 -1542 202 125 13 -78 60 -30
1533767142.1194284 681 677 680 664 719 636 1080 8026 -1514 269 101 -62 -76 61 -30
1533767142.1506755 681 677 680 664 720 637 954 8048 -1516 208 153 51 -77 62 -31
1533767142.2134094 681 677 680 664 719 636 1030 8052 -1516 204 169 -8 -76 63 -30
1533767142.291143 680 676 680 663 718 636 902 8044 -1506 144 116 28 -79 61 -30
1533767142.3604004 681 677 680 664 719 636 1110 8000 -1502 258 339 -216 -78 62 -31
1533767142.4173038 684 680 681 665 721 639 896 8012 -1490 205 80 24 -77 61 -31
1533767142.4796677 683 679 681 665 720 638 1048 8026 -1526 193 172 81 -80 58 -33
1533767142.5567513 682 679 681 664 720 638 962 8022 -1548 238 -6 13 -76 61 -31
1533767142.6186934 681 677 681 664 719 636 1026 7982 -1548 149 62 97 -77 59 -32
1533767142.6814473 681 677 680 663 719 636 1028 8026 -1476 192 46 41 -77 59 -31
1533767142.768259 681 676 681 664 719 636 1028 7982 -1562 237 122 71 -79 59 -31
1533767142.8243616 681 677 680 664 719 636 1018 8030 -1566 252 178 -80 -77 60 -31
1533767142.8852391 681 678 680 664 720 637 1040 7972 -1534 122 198 71 -78 60 -32
1533767142.9477255 681 677 680 663 720 637 1058 8050 -1506 252 104 -2 -76 61 -32
1533767143.0248578 682 678 680 664 720 636 1012 8036 -1518 219 64 -88 -76 62 -30
1533767143.087471 682 678 681 664 720 638 1400 8330 -1532 535 661 50 -78 62 -30
1533767143.149958 681 678 680 663 719 636 878 8006 -1656 131 675 398 -75 61 -30
1533767143.2283182 680 676 679 663 718 636 1108 7924 -1550 -116 596 193 -77 61 -31
1533767143.2964394 679 676 679 663 717 635 948 7972 -1534 469 836 110 -78 60 -30
1533767143.3603551 706 684 684 696 724 677 1098 8010 -1424 277 843 83 -78 61 -28
1533767143.4331799 724 687 687 720 725 708 1182 8070 -1560 775 488 372 -77 61 -27
1533767143.495666 736 689 688 734 726 727 1260 8022 -1532 -255 -32 -109 -76 60 -31
1533767143.566917 734 688 688 733 724 727 1076 8086 -1466 14 53 -54 -78 61 -30
1533767143.618877 738 689 689 736 725 731 1186 7988 -1432 466 237 63 -78 60 -29
1533767143.6972504 737 688 688 736 724 731 988 7966 -1500 210 244 58 -78 60 -29
1533767143.767236 731 686 687 729 722 722 1202 8044 -1538 166 208 197 -78 61 -31
1533767143.835254 730 686 687 728 722 720 1148 8120 -1460 328 99 105 -75 60 -29
1533767143.8999307 712 682 684 707 717 699 1320 7946 -1728 -167 -343 604 -76 58 -31
1533767143.9624152 680 675 676 664 710 639 808 8120 -1170 765 8 -231 -79 60 -30
1533767144.037906 678 674 676 662 710 637 852 7878 -1738 512 666 -44 -76 62 -30
1533767144.1114295 679 675 676 662 712 637 1268 8036 -1474 326 188 -9 -77 60 -32
1533767144.158293 680 676 676 662 713 637 968 7956 -1636 155 39 -17 -76 61 -30
1533767144.2364001 679 677 676 662 713 636 1096 8030 -1560 75 46 -38 -78 61 -33
1533767144.2881503 679 676 676 660 712 636 1096 7972 -1610 64 -9 12 -77 59 -31
1533767144.370542 680 677 676 662 714 636 1088 7988 -1578 133 -34 -44 -77 59 -30
1533767144.4344118 682 678 677 662 715 637 1086 8016 -1524 145 108 -18 -78 60 -31
1533767144.503875 681 678 677 662 715 636 1120 7990 -1498 187 134 5 -78 62 -29
1533767144.5693948 682 678 678 663 716 637 1068 8024 -1540 196 25 5 -77 62 -31
1533767144.6319306 682 679 678 663 717 637 1074 8022 -1456 174 115 7 -79 60 -31
1533767144.6945748 681 678 678 663 716 637 1148 8000 -1578 219 153 -1 -77 61 -30
1533767144.7808836 682 678 678 663 717 637 1110 7992 -1482 187 -118 -71 -77 58 -31
1533767144.8378158 681 678 678 663 717 637 1120 8014 -1572 234 93 -30 -76 61 -30
1533767144.9003026 682 678 679 664 718 637 1044 8046 -1552 208 24 -39 -78 60 -31
1533767144.9628773 683 680 679 664 718 637 1048 8002 -1502 134 46 -71 -78 61 -32
1533767145.0408924 682 679 679 663 718 637 1086 8038 -1660 257 45 -104 -76 62 -30
1533767145.1034074 682 679 679 663 718 637 1040 8006 -1468 99 112 36 -77 59 -30
1533767145.1660752 682 679 679 664 718 637 1084 7996 -1584 79 44 121 -78 60 -30
1533767145.228381 682 678 679 664 718 637 970 8032 -1566 241 83 -78 -77 63 -31
1533767145.305351 682 677 679 663 717 637 1116 8028 -1528 172 139 17 -78 61 -30
1533767145.3608844 681 678 679 663 718 637 1078 8000 -1512 200 26 -36 -78 60 -30
1533767145.4503694 683 679 679 664 718 637 1038 8024 -1544 171 155 -51 -78 60 -31
1533767145.5060103 684 680 680 664 720 638 1062 8018 -1572 143 63 74 -76 59 -33
1533767145.5708213 683 679 680 664 719 637 1006 7942 -1536 157 213 54 -77 61 -31
1533767145.6333034 682 679 679 664 719 637 990 8010 -1520 227 88 33 -78 61 -31
1533767145.6957896 683 679 680 664 719 637 1076 7984 -1562 153 98 41 -77 59 -31
1533767145.7711751 683 680 680 664 720 638 1056 8050 -1604 258 -54 -8 -78 59 -33
1533767145.8370223 683 679 679 664 719 637 1056 8006 -1502 173 179 134 -77 60 -31
1533767145.8994694 684 680 680 664 720 638 1014 7958 -1600 126 389 334 -79 58 -32
1533767145.961952 684 680 681 665 720 638 1210 8028 -1618 310 176 108 -79 60 -31
1533767146.0412068 683 680 680 664 720 638 1046 8054 -1584 250 82 31 -76 59 -31
1533767146.1181548 683 679 681 664 719 638 1126 7928 -1502 123 114 -40 -77 60 -32
1533767146.1676147 685 681 681 665 721 639 1026 7978 -1582 222 224 98 -77 60 -29
1533767146.2300894 685 682 680 665 720 639 1180 8034 -1478 154 211 -41 -78 58 -32
1533767146.3107738 684 681 681 665 720 639 1036 8004 -1664 189 83 20 -78 59 -31
1533767146.376859 683 680 681 665 720 639 1122 8020 -1548 192 123 8 -77 60 -32
1533767146.4357884 685 681 681 666 722 640 1042 7992 -1582 166 174 17 -78 60 -31
1533767146.5110855 684 680 681 666 721 639 1072 8006 -1524 188 125 24 -79 60 -31
1533767146.5771387 684 680 681 666 721 639 1024 7986 -1516 200 64 -2 -78 61 -31
1533767146.642905 683 679 681 665 720 638 1104 8014 -1576 181 130 -20 -78 60 -31
1533767146.7053897 683 679 681 665 720 638 1066 7998 -1542 256 110 -14 -76 61 -31
1533767146.804547 683 679 682 665 720 638 1074 8042 -1576 192 168 -32 -77 60 -31
1533767146.8377974 683 679 682 665 721 638 1014 7996 -1574 180 151 -4 -77 59 -30
1533767146.9002857 683 679 682 665 721 638 1062 8038 -1510 56 197 39 -76 60 -32
1533767146.9783907 683 679 681 665 721 638 1256 7720 -1532 134 324 108 -78 61 -33
1533767147.0508869 682 678 681 665 720 638 1202 7990 -1458 -81 608 493 -79 58 -30
1533767147.1079779 682 678 681 665 719 637 1372 8108 -1452 117 604 251 -78 60 -29
1533767147.186059 682 678 680 665 718 636 1208 8022 -1472 995 604 46 -76 58 -30
1533767147.2545674 730 690 688 723 729 711 1180 8076 -1520 1095 758 816 -77 59 -31
1533767147.3210123 726 687 687 710 724 707 1454 7940 -1544 -536 195 92 -77 60 -31
1533767147.3895195 736 689 689 732 726 724 1264 8062 -1506 70 473 240 -78 58 -33
1533767147.4676263 738 690 689 737 726 732 1262 7904 -1546 91 388 238 -76 62 -31
1533767147.52387 739 689 689 738 725 734 1360 7868 -1574 215 20 -30 -77 61 -31
1533767147.5861788 740 687 686 740 723 737 1416 8012 -1532 9 -169 -319 -77 60 -30
1533767147.648642 740 688 689 741 723 738 1234 8014 -1474 168 -125 -246 -76 58 -29
1533767147.7292898 742 689 690 742 724 738 1168 8042 -1530 60 98 -165 -77 59 -30
1533767147.7979894 742 690 690 742 725 739 1246 8072 -1564 139 221 537 -76 60 -30
1533767147.869476 682 675 679 670 713 645 1694 7876 -1206 -694 -1430 -1209 -76 59 -30
1533767147.9319613 684 678 679 668 716 641 1064 8026 -1580 1154 -666 -1553 -76 59 -29
1533767148.0133133 684 679 679 667 717 640 1304 8080 -1412 306 -44 -2460 -75 61 -31
1533767148.0709805 684 679 679 667 718 640 1002 8114 -1600 593 596 -2573 -79 60 -31
1533767148.1490874 683 678 679 666 717 639 600 8040 -1554 225 354 -2690 -77 65 -32
1533767148.2115724 683 678 679 666 718 639 236 7928 -1556 78 -247 -3572 -79 68 -32
1533767148.2875757 684 679 683 669 723 639 -76 8038 -1580 400 186 -1724 -80 70 -33
1533767148.3609712 685 679 684 670 725 640 -58 8074 -1626 207 -760 -1649 -80 73 -31
1533767148.4220948 685 679 683 669 724 639 -112 7970 -1574 52 -88 -1549 -78 74 -32
1533767148.4999456 686 680 683 669 724 639 -126 8088 -1480 364 -19 -1562 -81 77 -31
1533767148.571025 686 680 685 670 726 640 -252 8066 -1626 645 1173 -1040 -79 77 -30
1533767148.6335104 685 679 685 670 725 640 -550 8014 -1730 541 915 -1295 -78 80 -29
1533767148.7118175 688 682 685 671 728 640 -588 8054 -1702 309 1114 -740 -78 81 -28
1533767148.7814462 687 681 685 671 727 640 -728 7978 -1748 366 727 -520 -78 85 -35
1533767148.854005 688 683 685 671 728 640 -854 7954 -1918 364 565 179 -77 84 -31
1533767148.9164891 687 681 685 670 727 640 -648 8066 -1790 316 69 1064 -78 83 -32
1533767148.9789748 689 684 685 671 728 643 -374 8038 -1616 -136 40 814 -78 84 -32
1533767149.0537162 686 681 685 670 727 639 -346 8046 -1696 263 301 739 -77 82 -31
1533767149.1166239 687 682 685 671 728 640 -264 8066 -1780 123 240 628 -79 83 -33
1533767149.1820939 688 683 686 671 729 642 -230 8108 -1646 39 282 362 -76 80 -32
1533767149.2405877 686 681 685 670 727 640 -248 8044 -1706 98 201 227 -78 81 -32
1533767149.3232834 689 683 685 671 728 642 -250 8008 -1704 205 106 165 -78 82 -31
1533767149.3917387 685 680 685 670 726 639 -146 8100 -1652 195 115 184 -77 80 -33
1533767149.4542289 685 679 685 669 726 640 -234 8042 -1714 198 239 76 -76 79 -30
1533767149.5396354 685 679 685 669 725 640 -184 8088 -1698 275 219 94 -77 80 -31
1533767149.5860126 685 679 685 669 725 639 -184 8034 -1744 173 111 227 -77 78 -33
1533767149.6484997 685 678 685 669 725 639 -120 8042 -1690 198 182 29 -76 79 -30
1533767149.7268598 684 678 685 669 724 639 -154 8074 -1650 192 127 32 -77 80 -32
1533767149.797244 684 678 685 669 725 639 -238 8042 -1676 241 202 -174 -75 78 -30
1533767149.8540065 684 677 685 669 724 639 -242 8064 -1740 192 -100 -145 -78 79 -31
1533767149.932113 684 678 685 669 725 639 -704 8334 -1738 -65 -1349 1437 -77 81 -30
1533767149.9945993 684 678 685 669 724 639 910 8256 -2056 1690 421 -5465 -77 77 -31
1533767150.0714545 684 677 685 669 723 639 -992 7908 -1606 228 -5550 -7046 -77 78 -33
1533767150.1495624 683 677 685 668 722 639 -1062 7902 -1862 2475 -3081 -5550 -79 87 -33
1533767150.227669 683 676 685 668 722 639 -1752 7704 -1980 1194 -4339 -2689 -80 91 -35
1533767150.3013597 683 677 684 668 723 639 -1850 7882 -1564 192 -72 -1372 -80 93 -38
1533767150.3615134 683 677 685 669 722 639 -2104 7726 -1908 1599 315 -1095 -82 92 -37
1533767150.4400675 684 677 685 669 723 639 -2118 7596 -2216 456 967 381 -81 92 -36
1533767150.5131745 683 677 685 668 722 639 -1790 7844 -1970 -511 354 1460 -80 93 -38
1533767150.5709095 683 677 684 668 722 639 -1830 7802 -1940 486 182 -190 -81 93 -35
1533767150.6533573 683 677 685 668 722 639 -1884 7760 -2180 469 339 -272 -78 90 -38
1533767150.7172205 683 677 685 668 722 639 -1982 7672 -1990 189 424 303 -82 93 -37
1533767150.7922642 683 677 685 669 722 639 -1876 7814 -2118 320 183 263 -82 92 -37
1533767150.8610806 683 677 685 668 722 639 -1632 7788 -2022 60 543 287 -82 90 -39
1533767150.9337358 683 677 685 668 722 639 -1734 7764 -2010 231 457 -121 -81 91 -36
1533767151.0004156 683 677 685 669 722 639 -1822 7768 -2066 -172 343 357 -82 95 -36
1533767151.0553694 683 678 685 668 722 639 -1770 7776 -2000 56 496 203 -81 92 -38
1533767151.1395726 683 678 685 668 722 639 -1902 7804 -2138 -530 531 1956 -81 94 -39
1533767151.2018545 684 679 685 669 722 641 -1526 7872 -1992 66 79 282 -79 91 -36
1533767151.2762115 684 679 686 669 723 641 -1342 7872 -1918 137 252 312 -81 91 -36
1533767151.3326921 683 677 685 668 723 639 -1452 8004 -1930 502 -165 -846 -82 91 -37
1533767151.407375 683 677 685 669 723 639 -1858 7750 -2130 318 47 7 -78 93 -37
1533767151.4701126 683 678 685 669 723 639 -1856 7834 -2086 -123 181 665 -80 94 -37
1533767151.5539339 685 678 685 669 723 641 -1448 7884 -1952 -31 451 966 -80 91 -36
1533767151.6419582 684 677 685 669 723 639 -1140 7928 -1932 -274 666 794 -81 90 -35
