1534185586.6628313 622 542 580 665 567 663 -7622 3400 136 103 174 144 -75 75 -18
1534185586.7294693 622 542 580 665 567 663 -7644 3378 206 194 112 164 -72 72 -17
1534185586.7919543 622 542 580 665 567 662 -7624 3336 270 207 -53 55 -73 74 -16
1534185586.8544855 621 542 580 665 567 663 -7592 3420 166 274 27 41 -73 73 -16
1534185586.9281988 621 542 580 665 567 662 -7642 3440 288 150 272 486 -74 73 -18
1534185586.9936996 622 542 580 665 567 663 -7594 3416 216 265 27 -373 -76 75 -15
1534185587.0622842 621 542 580 665 567 662 -7710 3280 264 178 260 -160 -75 72 -17
1534185587.124768 621 542 580 665 567 663 -7640 3498 242 473 -243 -4 -74 73 -16
1534185587.1962833 621 542 580 665 567 662 -7582 3322 220 350 -62 -255 -73 73 -16
1534185587.2587683 621 542 580 665 567 663 -7714 3398 228 138 542 375 -76 72 -17
1534185587.3524945 622 542 580 665 567 663 -7694 3402 234 194 31 143 -74 71 -17
1534185587.4289246 621 542 580 665 567 663 -7624 3326 234 149 -5 159 -74 72 -15
1534185587.4849823 622 542 580 665 567 662 -7614 3548 60 190 231 -24 -76 74 -17
1534185587.5314996 621 542 580 665 567 662 -7692 3290 390 209 473 238 -72 71 -16
1534185587.5960865 621 542 580 665 567 663 -7568 3470 76 237 -359 249 -74 71 -17
1534185587.6651077 622 542 580 665 567 663 -7672 3416 216 283 670 -85 -75 72 -16
1534185587.7288933 622 542 580 665 567 663 -7668 3442 196 297 -30 98 -75 75 -16
1534185587.7882912 621 542 580 665 567 663 -7664 3506 208 156 415 191 -75 72 -15
1534185587.8646219 622 543 580 665 567 662 -7602 3444 198 345 -140 16 -75 74 -17
1534185587.9303117 622 543 580 665 567 662 -7570 3480 190 169 341 39 -75 74 -16
1534185587.9952083 622 543 580 665 567 662 -7578 3448 326 292 -324 -29 -75 71 -15
1534185588.0555894 622 542 580 665 567 662 -7576 3486 36 142 314 -18 -74 72 -17
1534185588.1304162 622 543 580 665 567 663 -7558 3416 330 221 79 -124 -75 71 -15
1534185588.1977792 622 542 580 665 567 662 -7548 3480 16 144 287 140 -74 72 -16
1534185588.2623837 622 543 580 665 567 662 -7578 3378 278 219 -78 49 -76 75 -16
1534185588.324869 622 542 580 665 568 663 -7474 3516 224 277 -414 147 -74 73 -16
1534185588.3985183 622 542 580 665 567 662 -7594 3426 100 -30 201 179 -73 72 -16
1534185588.4631324 621 542 580 665 567 663 -7650 3418 168 160 847 774 -75 74 -16
1534185588.5312023 622 542 580 665 567 662 -7590 3628 396 96 -25 809 -75 71 -16
1534185588.5931287 621 542 580 665 567 662 -7526 3540 126 304 6 267 -77 69 -16
1534185588.6724162 622 542 580 665 567 663 -7584 3658 194 201 531 1040 -76 71 -15
1534185588.727943 622 542 580 665 567 663 -7550 3814 258 343 -250 7 -74 73 -15
1534185588.7904286 622 543 580 665 567 662 -7500 3512 302 424 -297 -304 -76 71 -15
1534185588.8529134 621 542 580 665 567 663 -7460 3680 186 325 345 837 -75 68 -16
1534185588.9329236 621 543 580 665 567 662 -7504 3752 276 265 12 217 -76 71 -16
1534185588.9942265 622 542 580 665 567 662 -7506 3706 218 232 -175 188 -77 69 -18
1534185589.063715 621 542 580 665 567 662 -7492 3678 232 270 377 356 -77 68 -14
1534185589.1335092 621 543 580 665 567 663 -7392 3800 48 387 151 495 -77 69 -15
1534185589.196035 622 543 580 665 567 662 -7444 3854 258 349 139 -460 -75 66 -16
1534185589.258775 622 542 580 665 567 663 -7434 3600 254 443 -323 420 -75 68 -16
1534185589.3366237 621 542 580 665 567 662 -7454 3678 1290 440 767 1271 -76 69 -17
1534185589.4120166 622 542 580 665 567 663 -6856 3572 -564 3432 10693 5449 -77 65 -15
1534185589.479282 622 542 580 665 568 662 -6112 4912 -2682 -1335 -11447 379 -78 65 -18
1534185589.5457842 622 542 581 666 569 662 -7680 4998 626 -591 8963 8768 -76 61 -20
1534185589.6237037 623 542 581 667 569 662 -4970 4352 -1382 1420 -3213 -3920 -76 57 -14
1534185589.696604 624 542 581 669 570 662 -7624 5230 -852 -1670 4574 7483 -78 57 -19
1534185589.7748766 624 543 581 668 571 661 -5692 2370 572 -875 -4881 -9043 -75 53 -15
1534185589.8371968 625 543 580 669 571 662 -6288 7664 -3932 639 3737 1660 -76 62 -20
1534185589.92168 622 543 581 667 569 662 -7886 3000 -1282 5631 -2780 -15461 -75 55 -18
1534185589.9941306 622 543 580 665 568 663 -5816 2126 698 8064 -23163 -1625 -74 66 -23
1534185590.0634766 622 544 580 665 568 663 -6510 5662 1204 -3947 3814 2323 -77 65 -21
1534185590.1259637 622 543 581 665 568 662 -7388 3448 240 733 -580 -3656 -82 61 -22
1534185590.1976762 622 543 581 665 568 662 -7388 3948 296 388 690 1661 -79 63 -20
1534185590.2601619 622 543 581 665 568 663 -7184 4246 14 -13 432 -127 -78 65 -19
1534185590.3382673 622 543 580 665 568 663 -7240 3810 186 -301 45 -1901 -77 65 -22
1534185590.4106264 622 543 581 665 568 663 -7362 3694 200 -306 1220 144 -78 65 -21
1534185590.4795282 622 543 581 665 568 663 -7536 4504 -162 672 -1168 -54 -79 67 -22
1534185590.5525205 621 543 581 665 568 662 -7436 4178 140 -296 1025 -1070 -79 65 -19
1534185590.609817 622 543 581 665 568 663 -7574 3692 4 1036 -340 -3041 -76 65 -19
1534185590.6899643 622 543 581 665 568 663 -7460 3400 304 47 -552 -842 -74 67 -20
1534185590.7440689 621 543 581 665 567 663 -7494 3636 52 -833 591 -897 -77 70 -20
1534185590.822176 622 543 581 665 568 663 -7548 3474 334 37 -717 266 -76 69 -16
1534185590.884746 622 543 581 665 568 663 -7504 3598 12 133 174 -1100 -74 73 -20
1534185590.9638276 622 543 581 665 568 663 -7836 3736 562 -1055 -619 -256 -75 71 -19
1534185591.0315454 621 543 581 665 568 662 -7270 3108 532 276 251 245 -75 72 -19
1534185591.0939436 621 542 581 665 568 662 -7406 3852 -142 -1458 -4589 -485 -72 71 -19
1534185591.1640909 621 542 581 665 568 662 -7592 3728 1384 -1407 1018 1990 -72 69 -15
1534185591.2421947 622 542 581 665 568 661 -7172 2602 946 2426 268 -1635 -73 70 -15
1534185591.3203022 622 542 581 667 569 661 -7470 3304 1010 -1146 -1501 1535 -72 68 -15
1534185591.3930254 623 543 581 668 571 661 -7938 4114 -10 -182 -1451 -1854 -72 70 -15
1534185591.4615955 624 542 582 668 571 660 -8506 2066 1270 -1998 3054 459 -72 69 -13
1534185591.5345726 625 542 581 669 572 660 -7258 4636 -842 957 -2806 3974 -68 69 -14
1534185591.5941124 623 543 581 668 571 661 -7764 4492 998 -1947 115 -9387 -71 68 -12
1534185591.6789734 622 543 581 665 568 662 -10670 1576 -766 10028 8060 4353 -69 69 -12
1534185591.741461 622 543 581 665 568 663 -6888 6444 1434 -5528 5510 2950 -71 72 -19
1534185591.8196852 622 543 581 665 568 662 -7680 1644 852 1436 -245 -8070 -77 67 -18
1534185591.8908257 622 543 581 665 568 663 -7702 2608 -66 12 -153 5958 -70 74 -16
1534185591.9617407 622 543 581 665 568 663 -7208 3930 598 1251 -679 1815 -72 74 -16
1534185592.0304248 622 543 581 665 568 663 -7706 3386 440 -525 387 1681 -72 70 -16
1534185592.0936415 622 543 581 666 568 664 -7428 3754 702 296 388 206 -73 68 -17
1534185592.1765754 622 543 581 666 568 663 -7572 3352 482 834 14 -451 -73 69 -16
1534185592.2279239 622 543 581 665 568 663 -7490 3666 518 379 -261 1285 -75 68 -19
1534185592.2904086 622 543 581 665 568 663 -7580 3602 352 278 672 368 -73 70 -16
1534185592.3685145 622 543 581 665 568 664 -7404 3708 662 551 -275 807 -75 68 -17
1534185592.4371288 622 543 581 665 568 664 -7516 3766 392 492 629 -544 -75 67 -16
1534185592.4940493 622 543 581 665 568 664 -7468 3576 408 425 -517 371 -75 69 -16
1534185592.5626292 622 543 581 665 567 663 -6854 3196 10 -70 -265 -42 -76 68 -16
1534185592.6250951 622 543 581 666 568 663 -7346 3744 444 776 303 212 -74 68 -17
1534185592.69561 622 543 581 665 567 663 -7912 4352 522 105 -2035 760 -75 65 -16
1534185592.7737188 621 542 581 665 568 662 -7430 3992 226 1426 1342 -1862 -76 64 -17
1534185592.8362038 622 542 581 666 568 662 -7648 3812 450 607 -550 1774 -74 68 -16
1534185592.9184175 622 542 582 666 568 661 -7314 3548 702 -660 -561 3203 -74 67 -15
1534185592.979067 623 542 582 668 569 661 -7410 4254 710 950 -918 -3754 -75 63 -13
1534185593.046645 624 543 582 669 570 662 -8194 2660 406 -1105 1118 4369 -75 63 -15
1534185593.1321464 624 543 582 670 571 662 -6824 5552 986 -1078 -2720 -779 -74 65 -13
1534185593.1952033 625 543 582 670 571 662 -8304 2716 764 97 2409 -866 -75 60 -12
1534185593.2731407 625 543 582 670 571 661 -7010 5338 454 -1662 -1820 -3318 -74 61 -11
1534185593.3356369 623 543 582 667 570 662 -8838 3926 894 2948 5337 -11295 -72 63 -11
1534185593.4189448 623 543 581 665 568 663 -7074 678 1648 4049 -19413 3779 -69 70 -14
1534185593.477439 622 543 581 665 568 663 -7120 4552 470 -695 1788 -2853 -75 72 -16
1534185593.5638385 623 543 581 665 568 663 -7874 2492 852 614 198 653 -72 70 -17
1534185593.6279058 623 543 581 665 568 663 -7540 3794 424 1503 -1058 2588 -72 72 -18
1534185593.6951697 622 543 581 665 568 663 -7482 3864 844 444 -659 850 -73 69 -16
1534185593.7576525 622 543 581 665 568 663 -7414 3594 802 123 -7 120 -74 67 -18
1534185593.820326 622 543 581 665 568 663 -7442 3612 806 535 -168 -69 -75 67 -18
1534185593.8975415 622 543 581 665 568 663 -7478 3496 762 315 393 743 -75 65 -17
1534185593.9622638 622 543 581 665 568 663 -7378 3850 708 829 52 341 -75 67 -18
1534185594.0281804 622 543 581 665 568 663 -7438 3762 710 4 337 271 -75 67 -17
1534185594.0936987 623 543 581 665 568 663 -7370 3674 832 389 -106 234 -76 69 -17
1534185594.1662881 622 543 581 665 568 663 -7412 3752 802 322 124 212 -75 67 -20
1534185594.2429175 622 543 581 665 567 663 -7490 3666 746 742 -268 190 -75 65 -17
1534185594.2897816 622 543 581 665 568 663 -7388 3942 596 85 -238 -54 -76 64 -19
1534185594.3678901 622 543 581 665 568 663 -7398 3360 234 -403 585 1199 -75 65 -19
1534185594.4389882 622 543 582 665 568 662 -6912 3572 860 -1225 -1198 100 -75 66 -19
1534185594.5103052 623 542 582 666 568 662 -7178 3962 944 -1237 1224 3202 -75 63 -16
1534185594.5798666 623 542 582 668 570 661 -7230 3788 1348 926 2561 1253 -74 62 -13
1534185594.6485827 624 542 582 668 570 661 -7166 3594 664 75 1179 -1655 -77 60 -16
1534185594.713408 625 543 582 669 572 661 -6930 4448 642 -603 -2524 6615 -75 62 -12
1534185594.7915154 625 543 582 669 571 662 -7746 4130 1134 -564 2304 -4499 -75 57 -12
1534185594.8539991 623 542 582 667 570 661 -8680 3406 192 984 87 -10509 -75 60 -11
1534185594.9377742 622 543 581 665 568 663 -1704 -8 -108 5781 -12933 5295 -72 69 -15
1534185594.9952106 623 543 581 666 568 663 -6542 5850 636 -308 -524 -492 -73 67 -17
1534185595.062963 622 543 581 666 568 663 -7420 3630 1578 -700 4105 -4379 -80 61 -17
1534185595.1472154 623 543 581 665 568 663 -7600 3306 746 -485 -971 -3292 -76 64 -18
1534185595.212151 622 543 581 666 568 663 -7688 3254 654 -1165 1182 -3297 -75 70 -20
1534185595.2902505 623 543 581 666 568 664 -7686 3054 1360 -3081 -1102 -4138 -76 73 -18
1534185595.3527355 623 543 581 666 568 664 -7514 2296 960 -1898 -668 -5067 -72 73 -15
1534185595.4360833 623 543 581 666 568 664 -7786 2362 1278 121 -294 -451 -69 78 -13
1534185595.4953723 623 543 581 666 568 664 -7940 2866 694 -1 2996 869 -68 77 -12
1534185595.5622945 623 543 581 666 568 664 -7784 2318 1056 -726 -1326 -641 -68 78 -13
1534185595.6445003 623 543 582 666 568 664 -7796 2836 738 331 45 -430 -69 78 -15
1534185595.6962466 623 543 581 666 568 664 -7990 2402 1082 260 781 819 -68 78 -13
1534185595.7743514 623 543 581 666 567 664 -7624 2346 1154 358 -622 875 -66 81 -14
1534185595.8368385 623 543 581 666 568 664 -7800 2856 868 1014 1193 845 -68 80 -13
1534185595.9167945 623 543 581 666 568 664 -7364 2620 982 -657 -74 863 -70 76 -13
1534185595.979172 623 543 582 666 568 664 -8004 3002 1166 10 -2155 373 -70 77 -16
1534185596.056909 623 542 582 666 568 664 -7450 3020 664 -244 -589 1774 -69 75 -12
1534185596.1265595 623 542 582 666 568 663 -7210 2880 1366 -1552 704 1368 -69 75 -11
1534185596.1964421 623 542 581 667 569 663 -8622 2870 1744 -449 7621 6111 -67 71 -8
1534185596.2591846 625 542 582 668 569 663 -6910 3890 -382 158 2948 2846 -70 69 -6
1534185596.337034 625 543 582 669 570 663 -7200 1622 2674 -2782 367 6371 -70 70 -8
1534185596.408164 625 543 582 670 571 664 -6856 4376 1314 1570 10532 6272 -69 67 -5
1534185596.4786513 626 543 582 669 571 662 -8152 2746 296 -2341 -9300 -1851 -72 64 -8
1534185596.5467412 624 542 582 668 570 662 -8604 4424 1754 2455 -3750 -5736 -72 63 -10
1534185596.6270585 623 543 581 667 568 664 -482 4690 -1132 8602 -8004 -13801 -70 61 -7
1534185596.6962726 623 543 581 666 568 664 -7408 4462 408 -4969 6567 -6691 -71 72 -12
1534185596.7590144 623 543 581 666 568 664 -8426 1238 1408 -298 3123 -4660 -70 75 -9
1534185596.8369982 624 543 582 666 568 665 -8010 1662 1028 -121 -4209 853 -62 83 -11
1534185596.9136784 623 543 581 666 568 664 -7808 2326 1542 1812 -2199 -1416 -64 84 -8
1534185596.9780002 623 543 582 666 568 665 -7944 2136 1274 689 3365 377 -67 81 -7
1534185597.0467544 623 543 581 666 568 665 -7854 2062 1122 196 -1160 460 -64 82 -10
1534185597.10924 623 543 581 666 568 664 -7984 2028 1062 886 1376 1414 -61 84 -9
1534185597.1798177 623 543 581 666 568 665 -7924 2678 1298 112 143 -282 -65 82 -10
1534185597.257925 623 543 581 666 568 664 -7728 1828 930 564 -1020 -432 -64 81 -11
1534185597.3204098 623 543 582 666 568 664 -7912 2178 1234 1392 2170 1940 -63 81 -11
1534185597.4008672 623 543 582 666 567 664 -7838 2512 914 -530 318 872 -65 81 -12
1534185597.4637911 623 543 581 666 568 664 -7912 2138 1026 362 37 673 -66 81 -12
1534185597.5298996 623 543 582 666 568 664 -7744 2648 902 756 -640 -35 -66 81 -11
1534185597.5923862 623 543 582 666 568 664 -8190 2536 916 -27 855 2050 -67 80 -11
1534185597.6750793 623 543 581 666 568 665 -7944 2578 1114 552 -1281 -841 -65 79 -11
1534185597.7440107 623 543 582 666 568 664 -8120 2314 1716 -1332 -6450 387 -66 79 -12
1534185597.8064988 623 542 581 666 567 664 -7372 2132 1192 -1728 2039 4667 -67 77 -9
1534185597.884658 622 542 582 666 568 663 -7646 2638 1722 -2321 -9863 -959 -67 78 -9
1534185597.961215 623 542 582 667 569 661 -7870 2318 2370 1849 8913 3689 -66 73 -2
1534185598.029875 625 542 582 669 570 663 -6854 3288 554 3360 9508 4939 -65 70 -2
1534185598.0951128 625 542 582 669 571 663 -7542 3860 154 -3455 1941 4137 -69 71 -8
1534185598.173486 626 543 582 669 571 662 -7436 3304 1204 -1308 -7261 -1469 -69 69 -8
1534185598.227797 626 543 582 669 571 662 -7778 4284 890 830 3159 8735 -68 66 -6
1534185598.3059042 625 542 582 668 570 662 -8374 5952 1510 2945 1952 -4203 -70 61 -5
1534185598.3840091 624 543 581 667 568 664 -9612 -282 -486 2197 4483 -3495 -70 59 -9
1534185598.4474363 624 543 582 666 568 664 -9276 6240 4854 -772 -1245 -404 -74 72 -12
1534185598.5290456 623 543 582 666 568 665 -6052 2576 754 -894 -2985 -13947 -72 62 -8
1534185598.5942886 623 543 581 666 568 665 -8068 1374 1076 -722 3238 -6622 -69 74 -11
1534185598.6682258 623 543 581 666 568 665 -7882 1070 974 241 -678 306 -65 81 -9
1534185598.728011 623 543 581 667 568 665 -8190 2690 1394 80 -322 2514 -63 84 -9
1534185598.806119 623 543 582 666 568 665 -7986 2364 1530 -319 1196 -772 -65 82 -10
1534185598.868605 623 543 582 666 568 665 -7982 1864 1054 419 -1745 -1388 -65 84 -11
1534185598.9472 624 543 581 666 568 664 -8086 2288 1192 63 1980 1855 -63 84 -9
1534185599.0153368 623 543 582 667 568 665 -8076 2376 1364 346 -360 93 -64 84 -9
1534185599.0783017 623 543 582 666 568 664 -8186 2116 1302 586 1854 787 -63 81 -10
1534185599.153837 623 543 581 666 568 665 -7728 2204 1198 603 -1903 -374 -64 81 -9
1534185599.210264 623 543 582 667 568 665 -8086 2408 1008 845 2871 194 -64 82 -9
1534185599.2883708 623 543 582 666 568 664 -8000 2090 1084 420 -588 998 -64 82 -11
1534185599.3508568 623 543 582 666 568 664 -7952 2870 1286 -1529 960 -2494 -65 83 -11
1534185599.4338734 623 542 581 666 568 664 -7848 2320 -162 1002 880 1068 -64 83 -11
1534185599.5056393 623 542 581 666 568 664 -7476 2372 1268 -1847 4080 4440 -65 84 -13
1534185599.5772903 624 542 582 668 569 663 -8216 2578 -436 -1568 5268 6839 -64 81 -11
1534185599.6496408 625 542 582 669 570 663 -7524 2822 308 1164 -3727 -620 -67 79 -11
1534185599.7120326 626 542 582 669 571 663 -7028 2788 1492 -1463 1038 -1273 -67 77 -9
1534185599.79014 626 543 582 670 571 663 -8444 2026 542 -757 485 14967 -68 75 -7
1534185599.8526242 626 542 582 670 571 663 -7040 5840 282 2633 1823 3984 -69 70 -5
1534185599.929028 626 542 581 669 571 663 -7548 1894 62 -957 4685 4455 -73 62 -11
1534185599.9940927 624 542 582 668 570 663 -8058 5802 -14 1601 -8746 2769 -71 63 -12
1534185600.0621133 624 543 581 667 569 665 -186 3720 -2270 1521 -8785 -15175 -73 57 -11
1534185600.1416554 624 543 581 667 568 665 -7314 3210 330 -4023 496 1269 -75 65 -16
1534185600.2127702 624 543 581 667 568 665 -7148 4208 1070 4368 1228 -5130 -74 68 -13
1534185600.2909038 623 543 582 667 568 665 -7026 3240 -346 -1721 -2492 -1917 -74 69 -14
1534185600.3531928 623 543 581 667 568 664 -8042 2866 1630 515 575 1924 -73 71 -13
1534185600.429552 624 543 582 667 568 665 -7484 4146 28 511 2922 -1181 -71 71 -14
1534185600.4941618 624 543 581 666 568 665 -8042 2880 1048 280 -3639 -2026 -73 72 -13
1534185600.5626976 623 543 581 666 568 664 -7330 3196 610 -283 1951 1399 -70 74 -13
1534185600.6408026 623 543 582 667 568 665 -7854 3470 750 146 -197 -926 -71 73 -13
1534185600.7127342 623 543 582 667 568 664 -7066 2720 496 -1857 -2768 -1395 -70 73 -10
1534185600.7751987 624 543 581 666 568 664 -8184 3068 1118 832 1101 -681 -73 72 -12
1534185600.853305 623 543 582 666 568 665 -7298 2668 668 -30 354 1152 -69 75 -11
1534185600.9196615 624 543 582 666 568 665 -7982 3176 744 1005 440 14 -71 74 -14
1534185600.9803195 624 543 582 666 568 665 -7574 3114 1054 1592 1159 -503 -72 74 -12
1534185601.0623422 624 543 582 667 568 665 -7488 3786 542 -2058 3794 -1808 -70 74 -13
1534185601.1339986 624 542 582 667 568 663 -8370 3176 648 -974 3629 2657 -70 73 -15
1534185601.1970532 624 542 582 667 569 663 -9296 4436 534 -3383 -2030 2739 -71 72 -14
1534185601.2751591 625 542 582 668 569 662 -7158 3534 540 3949 -459 -3028 -69 67 -10
1534185601.3376586 625 542 582 669 571 662 -6900 2622 -174 -431 1113 -3071 -70 70 -8
1534185601.4182837 625 542 581 669 571 662 -7504 2906 940 -1264 2957 -775 -72 70 -9
1534185601.4776716 625 542 581 669 571 662 -7440 3534 284 -30 -644 3473 -67 72 -8
1534185601.5589602 626 542 582 669 571 662 -7400 3856 248 -1262 -2470 5048 -69 71 -10
1534185601.627346 625 542 581 668 570 662 -7424 5926 218 2540 -737 -4293 -69 66 -7
1534185601.6952882 623 542 581 666 569 663 -8322 1394 668 -144 -5728 -3676 -71 64 -9
1534185601.7575912 623 543 582 666 568 663 -6982 3062 1608 3017 -5408 2097 -69 69 -9
1534185601.8357089 624 543 582 666 568 664 -7534 4402 1134 -520 1765 646 -70 67 -9
1534185601.9109473 623 543 582 666 568 665 -7724 3010 1214 438 -305 -360 -72 69 -9
1534185601.9940333 623 543 581 666 568 664 -7536 3508 1306 1853 -2232 1226 -72 70 -8
1534185602.0461316 623 543 581 666 568 664 -7354 3922 1370 477 701 -298 -70 66 -9
1534185602.1087759 623 543 581 666 568 664 -7464 3280 1384 790 392 14 -72 65 -9
1534185602.1814034 623 543 582 666 568 664 -7468 3528 1226 1463 1408 -543 -72 65 -10
1534185602.2440283 623 543 582 666 568 665 -7574 3586 1070 -1068 599 555 -72 67 -12
1534185602.321998 624 543 582 666 568 665 -7448 3314 1138 1059 -936 -650 -73 68 -13
1534185602.3985007 624 543 582 666 568 664 -7656 3440 1028 1020 2671 538 -71 67 -11
1534185602.4630933 624 543 581 667 568 664 -7334 3598 850 484 -99 1271 -72 68 -10
1534185602.5359535 624 543 581 666 568 664 -7670 3644 756 859 1736 -471 -73 66 -14
1534185602.5933356 623 543 582 666 568 665 -7524 3636 662 -572 -936 834 -72 67 -13
1534185602.6788142 624 543 582 666 568 665 -7398 3484 1516 772 1333 32 -72 67 -13
1534185602.7413 623 543 582 667 568 664 -7502 2720 1606 -1786 -3206 1579 -73 69 -12
1534185602.803786 623 543 581 667 568 664 -7002 3770 1380 -950 307 5891 -72 65 -11
1534185602.8832078 624 542 582 668 569 663 -7400 4868 972 518 6423 2728 -72 62 -8
1534185602.9471426 624 542 582 668 570 663 -7090 4016 566 1595 2779 -1208 -73 58 -10
1534185603.0259666 625 543 582 669 570 663 -7260 4514 32 -222 -4139 -905 -73 60 -10
1534185603.0959089 625 543 582 669 571 662 -7112 5654 814 2176 2998 1869 -74 59 -11
1534185603.1655307 626 543 582 669 571 663 -7812 2506 82 -760 9935 3075 -73 56 -11
1534185603.2271 626 543 582 669 571 664 -7120 4562 -404 621 1009 2328 -74 61 -10
1534185603.305207 625 543 582 668 570 664 -7370 5464 -10 618 -7373 -4954 -74 58 -12
1534185603.3833184 624 543 581 667 569 665 -9988 3714 -194 4773 6639 -240 -74 56 -15
1534185603.4497082 624 543 582 667 568 664 -8032 4702 2744 -2806 197 -1100 -77 59 -18
1534185603.5226614 624 543 582 667 568 665 -6536 3450 -380 1730 -224 -6783 -75 61 -17
1534185603.5938816 624 543 582 667 568 665 -7806 3324 384 -781 2091 -1010 -76 69 -15
1534185603.6644173 624 543 582 667 568 665 -7676 3310 680 -839 -2096 -85 -73 70 -17
1534185603.727493 624 543 582 667 568 664 -7570 3432 542 934 1230 -873 -72 72 -13
1534185603.7899783 624 543 582 667 568 665 -7622 3130 484 309 -725 -1295 -72 71 -14
1534185603.8680842 624 543 582 666 568 665 -7602 3116 614 815 -232 92 -74 73 -15
1534185603.9377613 624 543 582 667 568 665 -7946 3258 510 -25 572 718 -70 72 -13
1534185603.992965 624 543 582 666 568 665 -7558 3344 720 463 -1237 68 -73 73 -14
1534185604.0626159 624 543 582 666 568 665 -7660 3262 626 549 1525 -276 -72 73 -13
1534185604.1446507 624 543 582 667 568 665 -7888 2826 504 324 -1097 2661 -72 72 -15
1534185604.2121818 623 543 582 667 568 665 -7172 5444 856 1304 -708 -2450 -74 71 -13
1534185604.2744787 624 542 582 667 568 664 -8686 3608 -86 -180 1495 5817 -75 69 -15
1534185604.3527658 624 542 582 667 568 665 -6538 4750 1106 -2098 932 4039 -74 66 -14
1534185604.426868 625 542 582 668 569 664 -8316 3930 158 2290 1613 4902 -76 63 -15
1534185604.493054 625 543 582 669 570 664 -7232 6694 -304 -90 -4650 -3632 -74 58 -11
1534185604.5633726 626 543 582 669 571 663 -7902 3272 1434 1994 435 3572 -77 57 -14
1534185604.6413074 626 543 582 670 571 664 -8230 4704 -188 576 11405 3927 -74 58 -13
1534185604.7108366 626 543 582 670 571 665 -6276 5250 -1298 -824 6465 5875 -75 57 -14
1534185604.773321 626 543 583 669 571 664 -7028 4762 28 131 434 2123 -77 55 -16
1534185604.8514278 625 542 582 668 570 664 -8330 5270 -702 2134 -6443 -13141 -75 52 -15
1534185604.929134 625 543 582 667 569 665 -4870 2566 1338 2717 -18279 -8411 -76 57 -16
1534185605.0039582 624 543 582 666 568 665 -6152 4744 -1800 2169 3716 -11898 -76 66 -17
1534185605.0626283 624 543 582 667 568 665 -7800 1592 502 -3703 3141 -351 -74 70 -19
1534185605.1473184 625 543 582 666 568 665 -8216 3904 -642 3948 2438 -1635 -69 75 -19
1534185605.2108285 625 543 582 667 568 664 -8208 3102 1380 -1431 -3622 1107 -69 76 -21
1534185605.2887547 625 543 582 667 568 665 -7710 3062 -58 5330 2585 -4024 -68 75 -18
1534185605.3512058 624 543 581 667 568 664 -8134 2240 66 1986 3282 -1801 -68 77 -17
1534185605.431847 624 543 581 667 568 665 -8072 2612 -70 6314 301 -519 -70 81 -23
1534185605.5143328 624 543 582 666 568 665 -7848 3138 -710 623 3620 -3175 -67 83 -26
1534185605.5611353 625 543 582 667 568 664 -8050 1672 -654 -652 1394 -3505 -67 85 -32
1534185605.646386 624 543 581 667 568 664 -8312 1692 -442 -551 -452 -1892 -65 89 -33
1534185605.7191901 624 543 582 666 568 664 -8306 1792 -750 -1800 5437 -482 -66 92 -31
1534185605.7853563 624 543 582 667 568 664 -7734 1624 -1240 -1568 1701 512 -63 93 -34
1534185605.8610237 625 543 582 667 568 665 -8536 2116 -1034 -314 1273 -2147 -63 95 -33
1534185605.9367268 624 543 581 667 568 665 -7870 1536 -1130 934 2686 -4788 -63 95 -33
1534185606.0093462 624 543 581 667 568 665 -8164 564 -1584 -281 2380 -3783 -62 96 -36
1534185606.0834842 624 543 582 667 568 665 -8178 1160 -1644 -1198 3421 2727 -55 100 -37
