1533766959.990464 709 700 694 682 764 656 -5622 -1438 6022 22 112 -28 40 105 14
1533766960.055874 709 700 695 682 764 656 -5548 -1530 5940 26 158 -190 40 108 15
1533766960.1266553 709 700 694 682 763 656 -5616 -1422 5936 397 136 163 41 106 17
1533766960.1892397 708 700 694 682 764 656 -5626 -1470 5942 275 167 -12 40 106 17
1533766960.2517235 708 700 694 682 764 656 -5590 -1310 5876 256 176 94 41 106 18
1533766960.3304174 708 700 694 682 763 656 -5606 -1560 5954 203 137 -61 43 108 17
1533766960.3995755 708 700 694 682 763 656 -5558 -1356 5934 242 183 -144 40 108 18
1533766960.4684634 708 700 694 682 763 656 -5634 -1450 5938 185 113 -228 40 107 18
1533766960.5352428 708 700 694 682 764 656 -5632 -1340 5960 363 201 -132 40 105 18
1533766960.5977705 708 700 694 682 764 656 -5572 -1468 5940 67 90 -187 38 104 18
1533766960.7042375 709 701 695 683 764 657 -5600 -1502 5930 73 154 -73 40 106 18
1533766960.8135862 708 700 695 682 764 656 -5536 -1478 5900 267 102 160 39 106 16
1533766960.8814924 710 702 694 683 764 658 -5674 -1424 5940 241 105 32 40 108 14
1533766960.9069731 710 702 695 683 764 658 -5614 -1448 5970 86 153 226 40 105 19
1533766960.949213 709 700 695 682 764 657 -5566 -1432 5916 199 154 -50 41 106 18
1533766961.009939 709 701 694 682 764 657 -5586 -1382 5894 134 146 -14 40 107 15
1533766961.0725265 709 701 694 682 764 657 -5582 -1506 5894 301 92 -1 39 106 17
1533766961.1436665 709 701 694 682 764 656 -5542 -1424 5922 181 157 108 41 107 16
1533766961.2055793 710 702 694 683 764 658 -5710 -1374 5920 181 73 37 40 106 17
1533766961.2786646 709 701 694 683 764 657 -5618 -1400 5964 146 154 -36 39 109 18
1533766961.3618705 710 701 694 683 764 657 -5556 -1496 5854 291 46 33 41 107 17
1533766961.4070582 710 702 695 683 764 658 -5696 -1464 5956 218 40 -1 39 107 16
1533766961.4785326 710 702 694 683 764 658 -5578 -1398 5922 253 129 118 40 106 18
1533766961.5460713 710 701 694 683 764 658 -5508 -1510 5846 721 180 315 39 105 16
1533766961.6030939 709 701 694 682 764 657 -5600 -1460 5974 1429 203 551 42 106 16
1533766961.6730947 710 702 694 683 764 658 -5692 -1340 5858 2932 -395 1572 39 106 18
1533766961.7512023 709 701 694 682 764 656 -5370 -958 5858 6410 -3243 5587 36 107 20
1533766961.8136888 711 703 695 683 764 659 -5050 -434 6560 1514 206 199 33 104 20
1533766961.8941011 711 703 695 683 764 659 -5530 -530 6068 826 -471 521 27 104 19
1533766961.9625409 711 703 695 683 764 659 -5360 -398 6204 872 438 -230 28 101 21
1533766962.0446272 711 703 695 683 764 659 -5564 -426 6280 581 188 324 27 101 18
1533766962.0965703 711 703 695 683 764 659 -5438 -354 6236 -2 339 -439 26 104 18
1533766962.1564875 711 703 695 683 764 659 -5552 -460 6164 584 -210 192 24 103 20
1533766962.2190256 711 703 695 684 764 660 -5436 -342 6232 324 343 -202 28 103 21
1533766962.2970994 711 703 695 683 764 660 -5624 -410 6258 176 7 -341 26 104 19
1533766962.365671 711 703 695 684 764 659 -5504 -332 6190 334 135 120 24 103 20
1533766962.422342 711 703 695 684 764 659 -5440 -394 6170 314 23 58 23 102 18
1533766962.4891639 711 703 695 684 764 659 -5480 -366 6272 87 232 -296 28 102 19
1533766962.55165 711 703 695 683 764 659 -5504 -326 6254 384 -35 101 24 105 19
1533766962.6307223 710 702 695 683 764 659 -5546 -370 6222 199 292 42 25 103 20
1533766962.703348 712 703 695 683 765 659 -5466 -394 6156 138 263 -384 25 103 21
1533766962.7658343 710 702 694 683 764 658 -5458 -398 6184 281 537 -393 25 106 20
1533766962.8285813 709 701 694 682 764 656 -5512 -322 6226 273 63 60 26 104 18
1533766962.8994763 709 701 694 682 764 656 -5510 -354 6210 243 139 241 26 102 21
1533766962.9668393 710 702 694 683 764 658 -5492 -392 6154 183 261 -389 25 105 21
1533766963.0254278 711 703 694 683 765 658 -5192 -326 6032 392 -80 680 26 102 20
1533766963.1005318 711 703 695 683 765 659 -5620 -340 6262 478 823 118 27 102 21
1533766963.1600971 709 702 694 682 765 657 -5446 -344 6172 260 658 -619 23 103 19
1533766963.2347527 712 704 695 683 765 659 -5750 -318 6250 377 398 -10 23 104 18
1533766963.2972398 706 704 694 679 762 658 -5470 -332 6092 -281 299 -1513 24 104 19
1533766963.3896523 707 705 694 679 763 658 -5532 -416 6206 -46 -293 -1338 24 106 21
1533766963.4366117 705 708 694 633 726 645 -5604 -540 6122 666 1216 323 24 105 18
1533766963.5044408 651 699 688 631 721 643 -5290 -446 6022 805 837 334 25 105 20
1533766963.5666683 654 704 688 632 725 644 -5698 -390 6042 705 287 418 22 105 20
1533766963.6464453 676 709 691 651 745 649 -5366 -472 5762 314 -481 480 23 104 21
1533766963.7033324 692 717 693 663 760 654 -5516 -258 6076 1086 1464 572 19 104 16
1533766963.7814393 703 723 695 668 767 656 -5726 -244 5992 213 417 -64 22 103 20
1533766963.843923 704 724 695 669 769 657 -5780 -318 6052 267 212 -390 21 104 19
1533766963.9181056 702 723 694 667 767 656 -5916 -366 6222 906 243 730 20 106 17
1533766963.9894025 707 722 696 680 775 660 -5410 -208 6020 150 -1350 -1888 18 105 18
1533766964.0711145 727 720 698 691 785 663 -5160 -452 5976 180 -543 -142 20 103 19
1533766964.1229222 725 717 697 690 782 663 -5954 -166 6280 82 577 59 20 106 19
1533766964.1885133 723 714 696 690 780 662 -5418 -398 5916 -51 59 -109 19 102 18
1533766964.251211 721 713 697 689 779 661 -5814 -170 6144 349 262 271 20 105 20
1533766964.313484 721 711 696 688 777 661 -5568 -346 6142 -108 240 264 19 104 18
1533766964.3924577 719 711 696 688 776 660 -5546 -296 6024 262 76 -113 21 105 20
1533766964.459673 718 708 696 688 775 660 -5656 -252 6094 250 157 168 19 104 19
1533766964.5220952 715 706 695 687 773 660 -5630 -272 6078 163 247 159 19 104 19
1533766964.584751 714 705 695 686 771 659 -5574 -274 6102 80 96 -88 21 104 20
1533766964.6566017 715 706 696 686 771 660 -5692 -228 6038 178 191 -171 20 105 19
1533766964.7348409 714 705 695 686 771 660 -5582 -282 6046 67 215 262 22 105 18
1533766964.7815711 714 705 695 686 770 660 -5622 -292 6144 243 85 170 20 105 19
1533766964.8589919 714 705 695 686 770 660 -5654 -242 6110 191 128 -13 21 106 19
1533766964.9259267 714 704 695 685 770 660 -5630 -290 6032 60 247 -156 20 105 19
1533766964.9932234 714 705 695 686 770 660 -5620 -300 6024 253 260 182 21 107 19
1533766965.056973 714 704 695 685 770 660 -5532 -272 6014 314 104 132 19 104 19
1533766965.1274135 713 704 695 685 769 660 -5708 -178 6066 246 76 -116 19 104 18
1533766965.187847 714 705 695 686 769 661 -5734 -324 6090 223 248 -101 23 106 17
1533766965.2503843 714 705 695 685 769 661 -5604 -330 6176 393 173 55 20 105 21
1533766965.3128176 714 705 695 686 769 661 -5518 -202 6012 342 22 -2 20 106 21
1533766965.4047146 714 705 695 686 768 661 -5772 -288 6076 442 123 -173 20 105 18
1533766965.459306 715 706 695 686 768 662 -5618 -140 6110 310 85 40 18 104 19
1533766965.520374 714 705 695 685 767 661 -5732 -252 6134 190 41 -31 21 107 18
1533766965.5828586 714 705 695 685 768 662 -5630 -226 6024 259 144 70 20 107 18
1533766965.6548684 713 705 695 685 767 661 -5592 -350 6062 517 -20 227 21 104 17
1533766965.7173526 713 705 695 685 767 661 -5580 -34 6050 213 -82 -86 18 103 18
1533766965.7798364 713 705 695 684 767 661 -5676 -286 6094 239 239 113 18 105 19
1533766965.8583202 713 705 695 685 767 662 -5560 -124 6158 261 74 -126 20 104 19
1533766965.922907 715 705 695 685 767 662 -5654 -138 6082 374 407 73 16 103 19
1533766965.9926438 714 705 695 685 767 661 -5604 -226 6056 352 343 339 18 104 22
1533766966.0748553 715 706 695 686 768 662 -5656 -168 6016 255 5 -224 19 105 20
1533766966.122827 715 706 695 686 768 662 -5494 -172 6026 444 63 -53 18 107 20
1533766966.1860237 716 707 695 686 769 662 -5774 -220 6112 529 159 -276 18 102 19
1533766966.2486343 716 708 695 686 770 662 -5446 -164 5892 502 1 5 17 105 19
1533766966.3109925 713 709 695 684 768 662 -5598 -218 5970 708 202 301 17 103 19
1533766966.3872995 646 700 688 631 721 645 -5456 -90 6072 612 384 653 16 104 21
1533766966.4377086 651 702 688 632 724 646 -5740 16 6254 539 275 -67 17 104 19
1533766966.505603 655 704 688 633 727 647 -5812 -18 6148 808 227 20 15 104 20
1533766966.5680728 657 706 689 634 730 647 -5776 96 6118 881 299 487 17 103 18
1533766966.6482947 671 710 690 646 742 651 -5536 122 6086 385 20 -156 17 103 19
1533766966.719686 680 716 692 650 748 653 -5388 12 5764 757 112 884 13 102 19
1533766966.7667718 682 719 692 652 752 654 -5748 258 6228 427 60 -77 12 103 18
1533766966.829036 683 720 693 653 753 654 -5774 30 6100 206 0 -255 12 103 20
1533766966.905894 670 717 691 641 742 650 -5732 160 6222 -334 -255 -1297 14 104 19
1533766966.9801526 724 725 697 692 788 666 -5812 120 6182 -131 241 -560 13 103 19
1533766967.0389616 728 721 697 693 787 666 -5334 -20 5538 461 -2651 -235 14 103 16
1533766967.1014454 726 719 697 692 784 665 -5804 170 6236 455 807 944 14 101 19
1533766967.1728287 725 718 697 691 782 665 -5378 -140 6068 -3 10 179 14 101 19
1533766967.2355611 717 713 696 689 780 661 -5804 72 6164 27 357 113 14 102 19
1533766967.2977984 716 712 697 689 779 661 -5422 -132 6076 63 173 17 16 104 19
1533766967.3925676 716 712 696 688 778 661 -5702 18 6092 69 138 14 15 103 19
1533766967.4391856 717 712 696 688 777 662 -5546 -86 6110 -243 217 166 17 103 21
1533766967.5041788 717 710 696 687 776 661 -5764 -76 6140 194 157 61 17 104 18
1533766967.568726 716 709 696 687 776 660 -5474 -26 6062 240 124 112 13 103 19
1533766967.6335943 717 710 696 687 775 661 -5814 -22 6164 76 104 -8 15 104 20
1533766967.6875556 718 710 696 688 775 661 -5518 -88 6116 -44 276 -40 16 105 19
1533766967.7655268 717 709 696 687 774 659 -5644 -110 6182 111 190 -113 16 104 19
1533766967.8281462 716 707 695 687 774 659 -5552 -56 6044 236 157 206 15 105 18
1533766967.9017227 715 706 695 686 773 659 -5686 -120 6104 179 199 -276 15 104 20
1533766967.9682117 715 707 695 686 773 660 -5586 -72 6054 162 173 121 16 104 21
1533766968.0484445 714 706 695 686 772 659 -5552 -164 6110 238 -20 -45 16 104 19
1533766968.1000226 714 705 695 686 773 660 -5704 -86 6190 172 232 72 15 104 20
1533766968.1571555 715 706 695 686 772 660 -5546 -114 6018 150 42 -70 16 103 18
1533766968.219751 711 703 695 684 770 658 -5654 -142 6112 101 180 -61 17 104 19
1533766968.2913027 713 704 695 685 770 660 -5602 -162 6014 193 122 -99 15 104 21
1533766968.3673687 711 703 695 684 769 658 -5556 -138 6078 298 96 -126 17 106 20
1533766968.4216855 711 703 695 684 769 658 -5604 -90 6032 215 97 -10 18 104 20
1533766968.4895022 711 703 695 684 769 658 -5656 -90 6102 341 195 196 16 104 20
1533766968.5519884 712 704 695 685 769 660 -5554 -160 6020 260 140 124 16 104 18
1533766968.638025 713 705 695 685 769 661 -5604 -144 6090 190 105 -35 16 104 18
1533766968.7029235 711 702 694 684 769 658 -5644 -98 6072 222 77 102 15 102 19
1533766968.7497878 714 705 695 685 769 661 -5642 -98 6120 326 187 14 14 102 18
1533766968.8278942 711 703 695 684 769 658 -5558 -46 6132 267 103 -244 14 103 20
1533766968.895473 714 705 695 685 769 659 -5682 -202 6108 90 54 -111 15 101 19
1533766968.959254 712 703 695 684 769 658 -5502 -22 6080 202 37 67 16 106 20
1533766969.0253122 714 705 695 686 769 661 -5752 -114 6068 150 119 -35 14 102 19
1533766969.083127 713 704 695 685 769 659 -5788 -106 6204 268 270 163 16 102 20
1533766969.1604493 713 704 695 685 769 659 -5588 -84 6106 255 126 -130 14 103 18
1533766969.227378 715 706 695 686 770 661 -5462 -170 6022 103 200 -448 14 102 19
1533766969.2876625 708 703 694 680 766 657 -5984 -116 6268 418 409 -346 15 105 20
1533766969.3777964 640 697 688 631 720 644 -5456 -182 5910 724 119 137 17 105 18
1533766969.4237914 644 697 687 630 721 642 -5526 -102 5986 633 375 -489 16 104 21
1533766969.4982657 647 699 687 630 724 643 -5520 -128 6388 489 151 188 16 106 19
1533766969.5534773 648 702 688 632 727 643 -5694 -46 6136 508 18 281 14 105 19
1533766969.6301348 653 703 689 633 730 644 -5792 -66 6182 546 475 -264 13 102 19
1533766969.6888666 662 712 690 637 736 648 -5886 58 6006 333 -493 33 13 104 18
1533766969.751543 665 714 690 638 739 649 -5324 -44 6116 -157 -594 -844 13 103 18
1533766969.8295515 666 715 690 639 740 650 -5698 -40 6274 516 710 440 13 102 20
1533766969.8955374 666 716 690 639 741 650 -5826 26 6210 444 448 660 13 102 21
1533766969.9656396 663 713 690 637 738 649 -5714 -48 6242 -236 -692 -1180 13 101 19
1533766970.041655 715 719 697 686 782 663 -5218 -8 5924 -368 -483 793 12 103 20
1533766970.0885193 722 717 697 690 783 664 -5580 -152 6150 -100 658 316 14 101 19
1533766970.1556442 720 716 696 688 779 664 -5656 -152 6208 195 165 -97 15 103 18
1533766970.2337584 721 715 697 689 780 664 -5550 -112 6114 215 280 129 15 104 19
1533766970.2962341 719 712 696 689 779 662 -5526 -146 6126 98 268 57 14 100 19
1533766970.3661375 720 712 696 689 778 662 -5654 -168 6134 150 228 -51 16 102 19
1533766970.4207609 721 713 696 690 778 664 -5658 -124 6134 203 89 8 15 103 19
1533766970.488448 719 710 696 689 777 662 -5544 -130 6170 41 229 -108 14 102 20
1533766970.5509317 719 711 696 688 776 662 -5542 -158 6038 346 102 21 16 104 18
1533766970.6327364 719 711 696 689 776 663 -5626 -84 6114 1 135 -164 15 103 20
1533766970.703664 717 709 695 688 775 661 -5622 -128 6182 -111 94 -215 17 105 20
1533766970.7505283 717 708 695 687 775 661 -5550 -286 6104 -28 97 -81 16 101 21
1533766970.8286347 719 709 696 688 775 663 -5592 -166 6044 540 157 -29 13 102 20
1533766970.8973148 718 709 696 688 774 662 -5664 -66 6246 -285 170 -99 17 102 20
1533766970.9651642 716 707 695 687 773 661 -5596 -310 5996 173 258 -193 15 103 20
1533766971.0320725 716 707 695 687 773 661 -5536 -218 6078 108 132 -81 17 103 20
1533766971.0860085 715 707 695 687 772 661 -5686 -220 6126 95 195 -165 16 102 17
1533766971.1649413 715 706 695 686 772 661 -5524 -330 6188 69 250 -90 17 102 19
1533766971.2200801 715 706 695 686 772 661 -5644 -308 6100 258 136 -144 16 101 19
1533766971.297941 715 706 695 686 771 661 -5540 -190 6088 304 102 155 17 104 19
1533766971.381549 715 706 695 686 771 661 -5610 -224 6096 124 136 -22 16 102 20
1533766971.4228199 715 706 695 686 771 661 -5610 -192 6134 60 175 -74 17 103 20
1533766971.4997056 714 706 695 686 771 660 -5544 -272 6116 184 129 14 17 103 19
1533766971.5538845 713 705 695 685 771 659 -5540 -204 6090 413 87 227 18 103 21
1533766971.6306205 713 704 695 685 770 659 -5688 -198 6140 138 61 33 15 105 20
1533766971.6879063 712 704 695 685 769 659 -5560 -198 6104 218 165 -37 18 105 17
1533766971.7503893 713 705 695 685 770 659 -5524 -234 6104 135 147 171 16 102 20
1533766971.8284955 713 704 695 685 770 659 -5556 -230 6112 340 103 80 17 105 19
1533766971.8962762 713 704 695 685 770 659 -5628 -180 6054 236 56 -56 17 103 21
1533766971.9638138 713 705 695 685 769 659 -5626 -254 6160 210 130 -30 17 104 19
1533766972.0383682 713 704 695 685 770 659 -5544 -226 6074 243 -5 -11 18 103 19
1533766972.0854354 713 704 695 684 769 659 -5618 -184 6144 149 99 -210 15 102 22
1533766972.1569552 713 704 695 685 769 659 -5624 -202 6068 179 162 -33 16 103 21
1533766972.21944 713 705 695 685 770 660 -5238 -160 6122 183 722 -51 16 101 20
1533766972.2975485 713 705 695 685 770 659 -5568 -240 6110 130 248 -18 16 104 18
1533766972.362998 714 706 695 686 771 660 -5690 -216 6096 240 167 80 14 101 21
1533766972.4206028 714 706 695 685 770 660 -5580 -212 6090 222 213 -193 17 102 19
1533766972.488383 706 705 694 678 764 658 -5592 -182 6026 83 9 -181 18 104 21
1533766972.5510232 708 708 694 679 766 659 -5876 -344 6216 869 92 245 16 101 18
1533766972.6301208 654 699 688 632 724 644 -5376 -260 5854 1016 241 216 17 104 21
1533766972.7037723 655 702 688 633 727 645 -5840 -24 6216 738 670 -290 16 102 20
1533766972.7506907 658 705 689 634 730 646 -5284 -288 5722 439 -183 376 15 105 18
1533766972.8287754 663 709 689 636 735 648 -6028 -96 6360 137 282 -676 12 102 19
1533766972.898381 665 712 690 637 738 649 -5548 -266 5954 366 99 221 13 103 19
1533766972.9649205 666 714 690 638 740 648 -5554 -152 6064 411 189 23 12 103 19
1533766973.0307438 668 716 691 639 741 650 -5698 -144 6004 503 310 719 15 103 20
1533766973.0987628 667 715 690 638 741 648 -6020 -136 6358 342 -72 297 14 103 18
1533766973.1568882 664 711 689 637 738 647 -5646 -136 6118 208 -303 -1369 14 102 17
1533766973.2193747 719 718 696 686 781 663 -5182 6 5906 -14 498 -371 11 104 19
1533766973.2977462 722 717 696 689 781 665 -5776 -222 6110 353 565 486 11 102 17
1533766973.3829594 720 714 696 688 780 664 -5616 -134 6054 -84 274 150 14 104 21
1533766973.4224932 721 715 696 688 778 665 -5668 -144 6016 74 82 -176 12 104 19
1533766973.4994369 722 713 697 689 779 663 -5650 -22 6168 -37 483 496 12 104 19
1533766973.5524452 720 712 696 689 777 663 -5686 -268 5978 -153 3 -312 12 104 19
1533766973.631928 722 712 696 689 777 664 -5730 -42 6138 43 110 -71 13 105 19
1533766973.6861062 721 711 696 689 776 664 -5608 -254 6004 54 132 -18 15 104 19
1533766973.7488244 719 710 696 688 776 662 -5650 -128 6136 8 77 28 13 104 19
1533766973.8266978 719 710 696 688 775 663 -5666 -280 5992 101 167 -101 16 102 22
1533766973.8951247 719 710 696 688 775 663 -5634 -198 6036 64 163 -177 15 105 18
1533766973.963112 719 710 696 689 774 664 -5662 -214 6046 140 66 -101 15 105 20
1533766974.0395944 718 708 696 688 774 662 -5632 -212 6046 127 127 -34 14 106 19
1533766974.0976865 718 709 696 688 773 662 -5662 -138 6122 270 172 -309 16 104 19
1533766974.1603205 719 709 696 688 773 664 -5636 -274 6004 580 257 238 14 104 19
1533766974.2227347 719 709 696 688 774 664 -5650 -108 6082 92 47 -183 15 105 22
1533766974.2853088 719 709 696 688 774 663 -5714 -278 5986 212 133 166 16 105 19
1533766974.3624954 719 708 696 688 773 663 -5676 -38 6108 80 76 -101 15 104 18
1533766974.4234564 718 708 696 688 773 663 -5692 -358 6000 -2 273 -10 15 103 20
1533766974.4895666 718 708 696 687 773 662 -5584 -190 6040 241 9 -111 16 106 22
1533766974.5520523 718 707 695 687 772 662 -5744 -188 6006 319 56 61 15 103 20
1533766974.626257 718 708 696 688 772 663 -5622 -160 6064 264 255 65 15 105 21
1533766974.7043874 718 708 696 688 772 663 -5658 -276 6068 88 93 -231 15 105 20
1533766974.7512524 717 708 696 687 772 663 -5634 -204 6030 244 74 -94 15 104 20
1533766974.8107252 717 707 696 687 772 663 -5742 -140 6016 298 76 119 14 104 20
1533766974.8886604 717 707 696 687 772 663 -5570 -190 6062 222 28 51 16 105 19
1533766974.955033 716 707 696 687 771 662 -5672 -164 6006 252 103 -5 16 105 20
1533766975.0214286 716 706 695 687 771 661 -5654 -190 6098 260 133 52 14 105 19
1533766975.0863519 716 706 695 686 771 661 -5642 -198 5970 -65 3 -85 14 103 18
1533766975.1402571 717 707 695 687 771 663 -5646 -196 6084 214 168 -24 15 102 18
1533766975.218365 716 706 695 687 771 663 -5694 -220 6060 146 -199 -327 14 104 20
1533766975.2809966 711 706 694 680 764 659 -5808 -370 6142 537 379 105 16 103 19
1533766975.3606994 704 706 694 676 762 659 -5500 -104 6010 300 62 -702 16 105 20
1533766975.4241383 652 697 688 631 722 644 -5636 -336 6144 305 243 -869 14 102 21
1533766975.4901853 653 700 688 632 725 644 -5822 -234 6254 629 227 32 14 103 20
1533766975.5538733 656 703 689 633 728 646 -5818 -146 6068 507 175 545 13 104 20
1533766975.6252258 658 706 688 634 730 647 -5704 -148 6060 383 -230 121 12 104 20
1533766975.687516 660 707 689 635 734 647 -5546 -132 6026 338 352 -40 12 103 22
1533766975.7499816 662 710 689 636 736 648 -5662 -108 6066 317 486 152 13 104 17
1533766975.8124614 665 712 689 638 739 648 -5732 -226 6136 580 615 533 13 104 20
1533766975.8932729 668 715 690 639 742 650 -5748 -48 5986 211 -112 197 12 104 18
1533766975.9589217 670 717 690 640 744 650 -5668 -50 6094 14 248 -220 10 105 20
1533766976.0252836 670 717 690 640 744 650 -5906 -188 6220 -50 597 50 12 105 19
1533766976.0827835 666 715 690 639 742 649 -5716 -48 6064 -798 -813 -1624 10 105 21
1533766976.155599 662 709 689 636 737 648 -4498 -458 5706 -461 -436 -1059 13 104 18
1533766976.233705 715 717 696 684 780 663 -6046 -42 6274 -172 642 167 15 104 18
1533766976.2961905 719 716 696 687 780 664 -5430 -544 5902 -338 181 151 16 106 18
1533766976.3618362 720 714 696 688 780 664 -5750 -354 6116 129 190 -249 13 103 22
1533766976.4383054 719 713 696 688 778 664 -5654 -288 6044 -295 109 -322 15 106 19
1533766976.5039284 718 712 696 687 776 663 -5650 -466 6066 -208 247 -185 15 106 21
1533766976.5666814 716 711 695 685 774 663 -5618 -404 6102 -384 335 -149 16 105 20
1533766976.6486375 714 710 696 684 772 662 -5724 -496 6018 -528 -190 -1059 17 104 20
1533766976.7207499 714 709 695 683 772 662 -5838 -548 6048 -418 -912 -2814 17 103 22
1533766976.783235 714 709 695 685 772 662 -5352 -780 6100 -1250 -1007 -3740 20 104 19
1533766976.8613412 714 709 695 685 773 662 -5232 -1060 6400 -454 -306 -2250 22 102 19
1533766976.9238808 714 708 696 685 772 662 -5234 -802 6286 -663 -1331 -1048 22 100 19
1533766977.0088549 714 708 695 685 771 662 -5044 -1120 6496 -916 -638 -784 23 101 19
1533766977.0709577 715 707 695 685 771 662 -5086 -1390 6188 -1120 -806 969 27 97 19
1533766977.1397238 714 707 695 685 770 662 -5598 -1612 6240 1793 3636 3303 28 100 19
1533766977.2180977 714 706 695 685 770 662 -5316 -1994 6346 -875 -1534 138 31 96 16
1533766977.2820811 714 706 695 685 770 662 -4880 -1486 6250 706 386 722 29 95 15
1533766977.3546731 714 706 695 685 770 661 -5114 -1088 6630 114 49 -228 32 93 15
1533766977.4374952 714 705 695 685 770 661 -5092 -1208 6414 9 314 382 29 95 16
1533766977.489339 714 705 695 685 770 661 -5038 -1190 6440 -139 -60 509 29 96 16
1533766977.5518224 714 705 695 685 770 661 -5184 -1314 6258 -248 193 197 30 94 15
1533766977.6222436 713 705 695 685 769 661 -5122 -1342 6320 352 115 203 32 94 17
1533766977.6867492 714 704 695 685 770 661 -5170 -1302 6384 271 108 156 32 96 15
1533766977.7494884 713 704 695 685 769 661 -5120 -1162 6330 451 34 -11 32 92 17
1533766977.8119602 711 701 695 685 767 660 -5084 -1148 6326 581 143 63 30 97 16
1533766977.88887 710 700 695 684 767 659 -5198 -1260 6462 58 200 -111 30 95 17
1533766977.955429 710 701 695 684 767 659 -5146 -1296 6484 -55 156 170 31 93 15
1533766978.0243726 711 701 695 684 767 660 -5134 -1238 6302 167 125 -434 31 93 14
1533766978.1062365 711 701 695 685 767 660 -5164 -1308 6438 -120 169 -359 31 94 16
1533766978.1559432 710 700 695 684 766 659 -5436 -814 7032 -4041 503 -902 31 93 14
1533766978.218428 710 701 695 685 767 660 -4992 -1524 6188 -3071 244 -1692 31 94 15
1533766978.296534 710 701 695 684 766 660 -5064 -1940 6232 -1358 427 -39 36 95 14
1533766978.360522 710 701 695 684 766 660 -5132 -2004 6136 -1087 -502 -2632 36 94 15
1533766978.4392574 709 700 694 684 765 659 -4864 -2128 6218 603 307 -216 41 94 14
1533766978.5051231 709 700 694 683 765 659 -5152 -1950 6414 790 30 -205 40 93 10
1533766978.567751 709 701 695 683 765 660 -4970 -1908 6302 320 219 -74 40 95 13
1533766978.6434734 710 701 695 684 766 660 -4998 -2032 6238 404 61 -207 39 94 15
1533766978.7059598 709 701 695 684 765 660 -4988 -2052 6320 386 156 360 37 92 13
1533766978.790299 710 701 695 684 765 661 -5308 -1984 6134 497 113 215 38 92 14
1533766978.8454564 709 700 695 683 765 660 -5060 -1896 6402 229 196 268 38 93 11
1533766978.9111636 709 700 695 683 765 660 -4878 -1962 6358 -2 14 -129 39 92 13
1533766978.9780185 709 701 695 684 765 660 -4970 -1828 6280 111 293 -71 37 95 14
1533766979.0392056 709 701 695 684 765 660 -5032 -1970 6248 239 61 -69 39 92 14
1533766979.1112833 709 700 695 683 764 660 -5012 -2080 6304 487 108 146 39 93 15
1533766979.1725118 710 700 695 684 765 660 -4856 -1820 6388 276 218 -98 38 92 16
1533766979.23702 709 700 695 684 765 660 -5016 -1898 6256 275 194 -325 38 92 15
1533766979.299504 708 700 695 683 764 660 -4980 -1904 6400 419 82 -327 39 94 13
1533766979.3790786 709 701 695 684 764 660 -5110 -1960 6300 352 65 -47 36 92 14
1533766979.4539213 709 700 695 684 764 661 -4958 -2058 6256 274 67 6 39 93 14
1533766979.5007832 710 700 695 684 765 661 -4938 -1906 6324 -165 134 -196 38 92 14
1533766979.5788915 710 700 695 684 764 660 -4816 -1870 6380 -272 106 61 37 93 13
1533766979.6451375 710 701 695 684 765 661 -4970 -2016 6310 145 71 452 40 95 14
