1534195901.9139109 639 549 583 685 576 684 -3902 600 -7466 292 119 -7 -41 48 -120
1534195901.9817674 639 549 583 685 576 685 -3858 620 -7458 217 98 -31 -37 46 -121
1534195902.0526145 639 549 583 685 577 684 -3914 596 -7366 203 153 -11 -41 46 -120
1534195902.11052 639 549 582 685 576 684 -3912 588 -7416 241 143 23 -39 47 -120
1534195902.1886258 640 549 583 685 576 684 -3890 602 -7432 286 68 -38 -41 48 -122
1534195902.25111 639 549 583 685 576 684 -3894 610 -7458 270 122 57 -39 48 -123
1534195902.324918 639 549 583 685 576 684 -3848 602 -7400 333 84 -18 -39 48 -123
1534195902.3823354 639 549 583 685 576 684 -3904 634 -7490 267 110 -60 -40 47 -123
1534195902.4604912 639 549 583 685 576 685 -3860 590 -7404 318 139 -21 -38 45 -122
1534195902.5229275 639 549 583 685 576 685 -3896 604 -7426 138 148 65 -38 48 -123
1534195902.6322768 639 549 583 685 576 685 -3906 598 -7386 170 128 25 -38 47 -121
1534195902.6791444 639 549 583 685 576 685 -3906 622 -7496 245 142 33 -39 47 -121
1534195902.7572494 639 549 583 685 576 684 -3864 584 -7424 272 152 47 -40 47 -121
1534195902.8050222 639 549 583 685 576 685 -3890 598 -7470 168 166 43 -40 48 -118
1534195902.8611732 639 549 583 685 576 685 -3884 602 -7478 175 144 -26 -39 46 -123
1534195902.9392815 639 549 583 685 576 685 -3884 556 -7396 187 105 68 -41 48 -121
1534195903.0017676 639 549 583 685 576 684 -3914 586 -7466 159 163 132 -39 48 -124
1534195903.077599 639 548 583 685 576 685 -3904 664 -7440 271 80 -29 -39 47 -122
1534195903.1400847 639 549 583 685 576 685 -3880 594 -7434 252 161 33 -40 46 -122
1534195903.202571 639 549 583 685 576 684 -3924 648 -7422 189 -4 10 -39 48 -121
1534195903.28808 639 548 583 685 576 685 -3856 602 -7426 250 155 84 -39 49 -121
1534195903.3479185 639 549 583 685 576 685 -3924 678 -7522 243 95 63 -40 46 -119
1534195903.417186 639 548 583 685 576 684 -3934 646 -7466 245 155 -38 -39 47 -122
1534195903.479664 639 549 583 685 576 685 -3896 680 -7426 184 222 70 -39 46 -122
1534195903.5541303 639 549 583 685 576 684 -3882 652 -7436 204 222 12 -41 46 -120
1534195903.610494 639 548 583 685 576 684 -3912 624 -7438 203 187 -11 -39 48 -121
1534195903.6886535 639 548 583 685 576 685 -3902 650 -7458 239 143 34 -38 47 -122
1534195903.756768 639 548 583 685 576 685 -3900 618 -7462 232 118 57 -38 46 -122
1534195903.8271222 639 548 582 685 576 685 -3858 636 -7392 229 139 53 -37 46 -121
1534195903.8934355 639 548 583 685 576 685 -3884 658 -7428 198 136 132 -40 45 -122
1534195903.9559195 639 548 583 685 576 684 -3870 708 -7466 145 198 9 -39 48 -120
1534195904.0340083 639 548 583 685 576 684 -3864 568 -7514 127 214 -138 -41 47 -120
1534195904.0935693 639 548 583 685 576 685 -3928 706 -7514 155 -7 24 -39 48 -120
1534195904.1560094 639 549 583 685 577 684 -3884 590 -7400 234 -40 80 -40 46 -121
1534195904.2341173 639 548 583 685 576 684 -3926 634 -7492 596 -173 173 -40 46 -121
1534195904.309498 639 548 583 685 576 684 -3910 596 -7450 490 -201 302 -41 47 -121
1534195904.3784842 639 548 583 685 576 684 -3960 500 -7356 766 -263 596 -38 49 -122
1534195904.4409697 639 548 583 685 576 684 -3916 852 -7194 533 245 679 -40 46 -121
1534195904.5190716 639 548 583 685 576 685 -3820 848 -7592 169 436 -268 -40 47 -122
1534195904.5816145 639 548 583 685 576 684 -4030 538 -7494 143 -183 -205 -39 47 -121
1534195904.6596653 639 548 583 685 576 685 -3890 612 -7086 245 129 118 -37 46 -122
1534195904.7221503 639 548 582 685 576 684 -3976 688 -7496 244 376 -122 -42 47 -121
1534195904.794723 639 548 583 685 576 685 -3970 622 -7514 200 3 14 -38 46 -121
1534195904.860867 639 548 583 685 576 684 -3918 706 -7342 184 126 21 -37 47 -123
1534195904.9234788 639 549 583 685 576 684 -4046 610 -7596 312 117 -160 -40 45 -123
1534195905.0014596 639 549 583 685 576 685 -3962 632 -7418 283 -92 10 -38 47 -121
1534195905.0615957 639 549 583 685 576 684 -3938 654 -7296 382 91 -90 -38 47 -122
1534195905.124081 639 549 583 685 576 684 -3992 626 -7496 517 44 -113 -41 48 -122
1534195905.2021923 639 548 582 685 576 685 -4008 628 -7400 785 -266 -265 -37 49 -123
1534195905.281287 639 549 583 685 576 684 -4036 480 -7312 749 -210 -350 -40 46 -123
1534195905.362203 639 549 583 685 576 684 -4016 484 -7344 144 178 213 -36 48 -123
1534195905.4101744 639 549 583 685 576 685 -3996 554 -7376 363 109 -179 -39 46 -123
1534195905.4882896 639 548 583 685 576 684 -4050 388 -7374 99 182 138 -37 49 -123
1534195905.5510306 639 549 583 685 576 684 -3970 622 -7414 62 241 152 -38 47 -121
1534195905.613254 639 548 583 685 576 684 -4010 460 -7340 171 185 4 -39 48 -121
1534195905.6913776 639 549 583 685 576 684 -4000 530 -7456 140 133 71 -40 46 -124
1534195905.7455232 639 549 582 685 576 684 -3988 526 -7380 292 82 -57 -39 49 -121
1534195905.8269968 639 548 582 685 576 684 -4028 484 -7454 259 91 47 -36 47 -121
1534195905.8951838 639 548 583 685 576 684 -3944 522 -7336 520 60 -192 -39 48 -122
1534195905.9619963 639 548 582 685 576 684 -4032 466 -7342 154 76 188 -38 47 -124
1534195906.0400467 639 548 583 685 576 684 -3896 442 -7240 4 321 8 -37 48 -122
1534195906.110858 639 548 583 685 576 684 -4036 476 -7340 7 420 538 -37 49 -123
1534195906.1618288 639 548 582 685 576 684 -3918 336 -7444 -1103 -1255 1809 -40 48 -122
1534195906.244215 639 548 582 684 576 684 -4202 1556 -7630 1955 -225 -2011 -39 49 -121
1534195906.318922 638 548 582 684 576 684 -3420 298 -7220 2670 2833 -5588 -36 49 -123
1534195906.3914216 638 548 582 684 576 683 -4542 -384 -8062 5443 -4236 407 -31 54 -126
1534195906.4608548 637 548 582 683 575 682 -4264 -98 -7110 4904 -4418 3326 -29 57 -128
1534195906.5363648 637 548 582 683 575 682 -4006 -592 -6498 397 -470 862 -27 59 -128
1534195906.5949607 636 547 582 683 575 682 -4720 -508 -6806 1947 -123 -174 -25 58 -127
1534195906.6730657 636 547 582 682 575 682 -4180 208 -6290 -2421 2122 406 -28 56 -127
1534195906.743402 637 547 582 683 575 682 -4008 -314 -6676 -2980 1570 1263 -27 55 -128
1534195906.83033 638 547 581 683 575 682 -4512 -222 -7192 1310 2204 -569 -29 53 -127
1534195906.8917441 638 548 582 683 575 683 -4898 -654 -7962 1196 -1332 164 -27 54 -125
1534195906.969852 639 548 582 683 575 683 -4298 -716 -6736 -217 -1527 894 -27 54 -126
1534195907.0468292 639 548 583 684 576 683 -4524 80 -6890 1075 -400 -16 -27 58 -126
1534195907.1102712 639 548 583 684 576 684 -5090 -214 -6694 -339 1638 195 -27 56 -127
1534195907.1883707 639 548 583 685 576 684 -4632 116 -6872 -331 1081 -33 -27 54 -127
1534195907.250857 639 548 583 685 576 684 -4502 -416 -7240 219 230 -396 -29 55 -126
1534195907.3315206 639 548 583 685 576 684 -4420 -320 -7012 -296 362 232 -29 57 -127
1534195907.3920872 639 548 583 685 576 684 -4500 -266 -7128 -372 385 -1 -30 54 -124
1534195907.4701955 639 548 583 685 576 684 -4376 -252 -7182 30 30 -156 -28 56 -127
1534195907.540794 639 548 583 685 576 684 -4390 -204 -7150 81 68 -113 -31 54 -127
1534195907.5944993 639 548 583 685 576 684 -4436 -226 -7108 164 18 3 -30 54 -125
1534195907.6726055 639 548 583 685 576 684 -4456 -244 -7124 321 120 2 -30 57 -125
1534195907.735229 639 548 583 684 576 684 -4384 -200 -7190 77 146 197 -27 54 -124
1534195907.8151755 639 548 583 685 576 684 -4366 -188 -7138 295 -52 -98 -29 56 -127
1534195907.8770194 639 548 583 685 576 684 -4424 -196 -7098 212 56 36 -30 53 -126
1534195907.9395053 639 548 583 685 576 684 -4402 -208 -7076 180 37 21 -31 54 -126
1534195908.0199816 639 548 583 685 576 684 -4410 -254 -7088 217 113 33 -31 55 -125
1534195908.0767608 639 548 583 685 576 683 -4436 -152 -7174 267 78 55 -31 56 -124
1534195908.1548681 639 548 583 685 576 684 -4456 -188 -7098 110 181 146 -31 54 -124
1534195908.2173712 639 548 583 685 576 684 -4390 -128 -7146 247 150 -11 -31 56 -125
1534195908.295461 639 548 583 685 576 684 -4436 -212 -7138 114 124 162 -33 57 -127
1534195908.3611715 639 548 583 685 576 684 -4404 -170 -7042 191 112 9 -31 53 -126
1534195908.4237885 640 548 583 685 576 685 -4388 -128 -7186 189 116 5 -31 54 -124
1534195908.5017054 639 548 583 685 576 684 -4416 -198 -7138 131 245 79 -32 54 -125
1534195908.5724628 639 548 583 685 576 684 -4410 -172 -7108 77 285 75 -31 55 -128
1534195908.641938 639 548 583 685 576 683 -4388 -116 -7270 -329 541 183 -31 53 -124
1534195908.7044194 639 548 583 685 576 684 -4290 -78 -7324 -214 219 170 -30 54 -123
1534195908.7842572 639 548 583 685 576 684 -4526 -96 -6920 -202 90 222 -32 53 -125
1534195908.862154 639 548 583 685 576 684 -4436 -58 -7100 114 240 -22 -32 55 -125
1534195908.9090185 640 548 583 685 576 684 -4450 -128 -7220 8 152 191 -32 56 -125
1534195908.9871306 639 548 583 685 576 684 -4408 -42 -7120 98 170 161 -31 55 -127
1534195909.0455909 639 548 583 685 576 684 -4432 -16 -7258 88 199 153 -31 53 -123
1534195909.1236963 639 548 583 685 576 684 -4422 -38 -7078 241 118 -13 -32 55 -125
1534195909.1864443 639 548 583 685 576 684 -4402 -44 -7180 146 180 162 -32 55 -126
1534195909.248675 639 548 583 685 576 684 -4362 8 -7170 150 136 115 -30 55 -125
1534195909.3299084 639 548 583 685 576 684 -4430 -16 -7178 230 116 81 -32 55 -126
1534195909.3924685 639 548 583 685 576 684 -4400 24 -7214 133 205 197 -32 55 -126
1534195909.455372 639 548 583 685 576 684 -4404 -86 -7164 -35 291 294 -33 54 -124
1534195909.5453317 639 548 583 685 576 684 -4358 106 -7156 132 176 168 -31 54 -124
1534195909.5930312 639 548 583 685 576 684 -4434 8 -7222 292 176 19 -32 55 -125
1534195909.6555169 639 548 583 684 576 684 -4426 -44 -7110 353 0 1 -33 53 -126
1534195909.7336242 639 548 583 685 576 684 -4356 20 -7160 514 -18 36 -33 55 -126
1534195909.8012054 639 548 583 685 576 684 -4392 30 -7188 435 -24 35 -31 54 -126
1534195909.8622065 639 548 583 685 576 684 -4396 -10 -6996 528 136 -337 -31 54 -124
1534195909.9403734 639 548 583 685 576 684 -4444 -162 -7108 507 -346 115 -32 54 -124
1534195910.012444 639 548 583 684 576 683 -4106 14 -7038 -582 349 -418 -31 54 -125
1534195910.0764818 639 548 583 684 576 684 -4658 380 -7510 925 -83 46 -33 51 -123
1534195910.1543977 639 548 582 684 576 683 -3882 -142 -6842 -2333 1254 1477 -33 54 -124
1534195910.2168186 638 548 582 684 576 683 -4518 -250 -7732 5022 -2877 -534 -30 55 -127
1534195910.3042867 637 548 582 683 576 683 -4292 -256 -6296 1054 -1139 1341 -27 55 -126
1534195910.3625567 637 547 582 682 576 682 -4584 -366 -7100 1054 228 -222 -26 59 -126
1534195910.4406667 637 547 582 682 576 682 -3946 -482 -6380 -653 2293 -509 -26 56 -127
1534195910.5203743 637 547 582 682 576 682 -5066 -50 -8268 2831 391 -2159 -26 53 -128
1534195910.5872662 637 547 581 682 576 682 -4056 -690 -6626 -1025 -16 4277 -25 54 -127
1534195910.6653745 638 547 582 683 576 682 -4596 158 -7938 1977 600 -1928 -25 52 -126
1534195910.7278588 639 547 583 683 576 683 -4448 -1226 -6672 1335 -1735 -431 -25 55 -126
1534195910.8150423 639 548 583 683 576 682 -4670 -496 -7244 -813 1334 521 -22 55 -127
1534195910.8776243 639 548 583 684 576 684 -4126 -386 -6830 -2577 2341 -566 -25 52 -128
1534195910.9713483 639 548 583 684 576 684 -3470 284 -7818 -1641 342 2006 -27 50 -127
1534195911.0335934 639 548 583 684 576 684 -4022 328 -7494 -264 37 -1495 -30 50 -124
1534195911.094106 639 548 583 685 576 684 -4340 -618 -7298 104 -11 -1001 -29 51 -126
1534195911.1723182 639 548 583 684 576 684 -4186 -318 -7266 362 -210 475 -28 51 -127
1534195911.2346969 639 548 583 685 576 683 -4210 -50 -7226 185 31 -27 -27 52 -126
1534195911.3146186 639 548 583 684 576 683 -4186 -262 -7280 242 210 -19 -29 52 -126
1534195911.3764248 639 548 583 684 576 684 -4258 -144 -7284 246 89 69 -31 52 -126
1534195911.4387352 640 548 583 685 576 683 -4238 -238 -7248 189 22 59 -29 52 -127
1534195911.5187693 640 548 583 685 576 684 -4238 -164 -7208 191 43 128 -28 52 -126
1534195911.5786896 640 548 583 685 576 684 -4228 -242 -7186 115 24 25 -30 54 -125
1534195911.6567962 640 548 583 684 576 684 -4214 -222 -7228 287 90 97 -28 53 -125
1534195911.7192807 639 548 583 685 576 684 -4242 -246 -7252 156 165 128 -30 51 -126
1534195911.7967305 639 548 583 684 576 684 -4216 -162 -7238 100 185 -18 -29 51 -128
1534195911.861717 640 548 583 685 576 684 -4234 -226 -7194 213 179 95 -29 52 -126
1534195911.9242847 639 548 583 684 576 684 -4248 -160 -7298 309 51 35 -27 52 -125
1534195912.0038335 640 548 583 685 576 684 -4212 -172 -7246 228 119 -43 -29 52 -125
1534195912.0604599 640 548 583 685 576 684 -4262 -186 -7284 302 59 -30 -29 53 -123
1534195912.1385717 640 548 583 684 576 684 -4238 -186 -7218 193 95 -23 -28 51 -125
1534195912.2011275 640 548 583 685 576 684 -4174 -216 -7178 57 218 143 -29 52 -127
1534195912.2807436 640 548 583 685 576 684 -4274 -186 -7314 102 67 -47 -28 50 -125
1534195912.3468997 640 548 583 685 576 684 -4204 -244 -7204 299 115 29 -28 53 -124
1534195912.4093847 639 548 583 685 576 684 -4242 -128 -7232 281 187 -32 -31 52 -126
1534195912.487491 639 548 583 685 576 684 -4222 -290 -7276 207 223 19 -29 53 -128
1534195912.5499763 639 548 583 684 576 684 -4250 -196 -7208 254 143 93 -28 51 -128
1534195912.612463 640 548 583 685 576 683 -4200 -262 -7140 285 359 36 -29 51 -126
1534195912.6905706 639 548 583 684 576 683 -4240 -226 -7204 246 596 897 -29 51 -126
1534195912.7530582 639 548 583 685 576 684 -4176 -132 -7250 437 401 409 -26 51 -125
1534195912.8382459 639 548 583 685 576 684 -4254 -182 -7400 330 159 424 -30 48 -126
1534195912.8935618 640 548 583 685 576 684 -4116 -130 -7292 503 160 360 -29 49 -126
1534195912.9718063 639 548 583 685 576 684 -4320 -200 -7264 575 -67 -130 -31 49 -127
1534195913.0567906 639 548 583 685 576 684 -3854 236 -7346 1824 -795 -287 -30 52 -126
1534195913.1101935 639 548 583 684 576 684 -4310 -754 -7056 1255 72 74 -26 51 -125
1534195913.188223 639 548 582 684 576 683 -4038 -122 -6920 -417 266 1854 -26 52 -125
1534195913.2671232 639 548 582 684 577 683 -4680 -540 -7398 -781 -2571 -387 -28 53 -126
1534195913.3411276 639 548 582 684 577 683 -4612 -356 -6934 1582 183 -1099 -25 52 -126
1534195913.4089403 639 548 582 684 576 684 -4462 -344 -7132 1217 1258 -2650 -25 53 -128
1534195913.4876628 638 547 582 683 577 683 -4692 -882 -6962 2055 -641 -479 -23 53 -126
1534195913.5615273 638 547 582 683 576 682 -4492 -668 -7120 1147 -209 1010 -21 55 -127
1534195913.6240125 639 547 581 683 576 682 -4394 -694 -7190 858 -405 530 -21 52 -124
1534195913.7021198 639 547 582 683 576 682 -4688 -760 -7042 1040 269 224 -22 53 -129
1534195913.780304 639 548 582 683 576 682 -4994 -546 -8304 2090 -1465 -2050 -17 55 -125
1534195913.854107 639 548 582 684 576 682 -4544 -1668 -6304 -1473 -374 499 -17 58 -125
1534195913.9247465 639 548 583 684 577 683 -3100 690 -8010 1425 -129 2089 -24 53 -126
1534195913.9872313 639 548 582 684 576 683 -3968 404 -7352 -645 703 -2090 -25 53 -128
1534195914.0626762 640 548 583 684 576 684 -4584 -984 -6940 -593 299 -2175 -26 54 -127
1534195914.140785 639 548 583 684 576 684 -4506 -550 -7096 -426 456 431 -25 55 -127
1534195914.2032716 640 548 582 684 576 684 -4400 -414 -7106 220 311 218 -26 54 -129
1534195914.2834935 640 548 583 684 576 684 -4382 -456 -7064 374 163 197 -24 51 -126
1534195914.3447652 639 548 583 685 576 684 -4380 -476 -7130 -106 374 107 -26 53 -126
1534195914.4231374 640 548 583 684 576 684 -4454 -466 -7196 165 217 17 -27 54 -124
1534195914.485357 640 548 583 684 576 683 -4396 -440 -7090 251 23 -51 -24 52 -128
1534195914.5626147 639 548 583 684 576 684 -4442 -464 -7158 148 234 133 -25 52 -125
1534195914.6258204 639 548 582 684 576 684 -4370 -384 -7160 378 -107 -58 -26 56 -127
1534195914.6883178 640 548 583 685 576 683 -4420 -494 -7088 38 185 35 -24 52 -126
1534195914.772416 640 548 583 685 576 684 -4368 -466 -7174 163 100 96 -25 53 -127
1534195914.839675 639 548 583 684 576 684 -4398 -440 -7112 222 34 81 -24 53 -129
1534195914.8942778 639 548 583 684 576 684 -4352 -380 -7144 156 105 40 -24 54 -125
1534195914.9723816 639 548 583 684 576 683 -4458 -438 -7114 311 7 -78 -27 53 -126
1534195915.047317 639 548 582 685 576 684 -4384 -508 -7174 106 -72 151 -25 54 -126
1534195915.109119 639 548 583 684 576 684 -4406 -338 -7066 47 142 44 -29 52 -127
1534195915.1872268 639 548 583 684 576 683 -4478 -440 -7136 101 175 38 -26 54 -127
1534195915.252163 639 548 583 685 576 684 -4402 -318 -7042 353 228 -114 -25 54 -127
1534195915.3264627 639 548 583 684 576 684 -4384 -430 -7200 107 275 -122 -26 55 -126
1534195915.3923025 639 548 583 684 576 683 -4524 -422 -6976 265 385 -207 -26 54 -124
1534195915.4547868 639 548 583 685 576 684 -4470 -588 -7296 164 294 46 -23 53 -127
1534195915.5329335 639 548 583 685 576 683 -4340 -326 -7086 242 77 297 -27 54 -127
1534195915.5953805 639 548 583 685 576 684 -4426 -472 -7212 313 126 78 -26 54 -125
1534195915.6734877 639 548 583 684 576 684 -4350 -328 -7182 282 6 124 -26 54 -126
1534195915.7362285 639 548 582 685 576 684 -4418 -424 -7088 209 54 12 -28 53 -125
1534195915.8122923 639 548 583 684 576 684 -4436 -414 -7042 284 127 -11 -24 55 -126
1534195915.8776555 639 548 583 685 576 684 -4454 -344 -7170 255 71 -75 -25 54 -124
1534195915.940142 639 548 583 684 576 683 -4414 -570 -7194 -9 134 147 -25 54 -127
1534195916.0232825 639 548 583 685 576 684 -4362 -436 -6618 -105 1208 -883 -25 54 -128
1534195916.0792947 639 548 582 684 576 684 -4192 -682 -7582 921 -75 956 -24 52 -126
1534195916.157402 639 548 581 684 576 683 -4160 -238 -6812 266 209 526 -25 52 -125
1534195916.2355094 639 548 582 683 576 683 -4244 -360 -7426 840 1709 -1886 -21 52 -126
1534195916.3108673 638 547 582 683 576 683 -4066 -786 -7400 2799 -679 -969 -19 53 -127
1534195916.3785286 637 547 581 682 576 682 -4664 -824 -7464 4015 -1500 -1445 -18 55 -127
1534195916.456896 637 547 581 682 576 682 -4604 -1066 -6756 447 273 -1090 -16 56 -128
1534195916.5341945 637 547 580 681 576 681 -4436 -1366 -7584 2033 -844 -184 -15 54 -129
1534195916.593535 638 547 581 682 576 682 -4030 -812 -7058 827 -624 1179 -14 55 -128
1534195916.671634 639 547 581 682 576 681 -5398 -1014 -8020 5884 -3309 -3972 -11 58 -127
1534195916.7497418 639 547 582 683 576 682 -4438 -2878 -5572 1172 -1940 1686 -7 63 -127
1534195916.8285882 639 548 582 684 576 683 -2996 -164 -7870 312 -546 5636 -12 60 -129
1534195916.893981 640 548 583 684 576 683 -4402 -664 -7052 -925 159 -3508 -13 60 -129
1534195916.9721427 640 548 583 684 576 683 -4632 -1942 -6684 -865 -267 -539 -15 62 -126
1534195917.0502372 639 548 583 684 576 683 -4580 -1182 -6830 -326 188 1080 -13 60 -129
1534195917.1092646 640 548 583 684 576 684 -4686 -1288 -6718 -338 126 253 -15 58 -130
1534195917.1873713 640 548 583 684 576 684 -4708 -1212 -6784 -469 318 688 -16 61 -127
1534195917.2654805 640 548 583 684 576 684 -4596 -974 -6888 -507 210 630 -18 59 -126
1534195917.3539724 640 548 583 684 576 684 -4726 -1008 -7018 -192 118 290 -17 57 -128
1534195917.3933346 640 548 582 684 576 684 -4558 -976 -6782 -292 6 266 -18 59 -127
1534195917.471442 640 548 583 684 576 684 -4728 -928 -6846 -32 -110 22 -18 59 -127
1534195917.5441895 639 548 583 684 576 684 -4756 -996 -6892 20 6 -78 -19 60 -125
1534195917.6082194 639 548 583 684 576 684 -4722 -932 -6718 68 -14 176 -19 59 -129
1534195917.670706 639 548 583 684 576 684 -4698 -846 -6790 257 69 19 -19 60 -128
1534195917.748815 640 548 583 684 576 683 -4794 -994 -6844 121 127 83 -21 59 -129
1534195917.8203824 640 547 583 685 576 684 -4694 -882 -6886 179 88 195 -19 60 -128
1534195917.8761191 640 548 583 685 576 684 -4714 -922 -6822 128 89 24 -19 57 -127
1534195917.9542234 640 548 583 684 576 684 -4762 -934 -6720 127 159 121 -19 60 -127
1534195918.0167062 639 548 583 684 576 684 -4742 -848 -6860 108 247 194 -17 59 -129
1534195918.0948148 639 548 583 684 576 684 -4764 -888 -6908 258 25 1 -19 58 -130
1534195918.1573002 639 548 583 684 576 684 -4776 -872 -6912 155 171 64 -19 59 -125
1534195918.219784 639 548 583 684 576 683 -4722 -820 -6790 125 163 41 -20 58 -126
1534195918.30207 640 548 583 684 576 683 -4732 -866 -6902 3 433 101 -20 59 -129
1534195918.361231 640 548 583 685 576 684 -4714 -768 -6866 -85 118 13 -20 60 -126
1534195918.4393363 640 548 583 685 576 683 -4754 -754 -6860 -345 748 20 -20 61 -126
1534195918.5134664 640 548 583 684 576 683 -4596 -712 -6896 -472 678 -307 -22 58 -127
1534195918.5761106 640 548 583 684 576 683 -4692 -812 -7034 -377 500 -235 -22 60 -127
1534195918.6541765 639 548 583 684 576 684 -4846 -780 -6894 -433 163 -430 -24 58 -127
1534195918.716662 640 548 583 684 576 684 -4630 -596 -6962 -284 130 370 -23 56 -127
1534195918.7984374 639 548 583 684 576 684 -4574 -582 -7112 157 36 -98 -23 59 -126
1534195918.8623838 639 548 583 684 576 684 -4590 -600 -6880 269 -229 482 -24 57 -127
1534195918.924871 639 548 583 684 576 684 -4624 -614 -7050 111 49 62 -27 57 -126
1534195919.003049 639 548 583 685 576 684 -4390 -120 -7302 472 -112 -75 -26 59 -126
1534195919.0780232 639 548 583 684 576 684 -4596 -574 -7168 318 242 60 -25 58 -124
1534195919.1407604 639 548 582 684 576 684 -4368 -68 -7366 562 -255 21 -24 58 -126
1534195919.218869 639 548 582 684 576 684 -4794 -476 -7228 -1977 877 1007 -25 57 -125
1534195919.292449 639 548 583 684 575 684 -4478 -196 -7114 -442 364 2065 -28 57 -124
1534195919.3616571 639 547 582 684 576 683 -4362 34 -6782 1107 -721 -434 -26 56 -123
1534195919.424145 639 547 582 683 576 682 -4862 -746 -7312 418 -803 -447 -28 56 -127
1534195919.5100765 638 547 582 683 575 683 -4568 -134 -6112 2520 -595 -1257 -25 59 -127
1534195919.577797 638 547 581 682 575 683 -4634 -748 -7304 679 1047 -1744 -23 57 -126
1534195919.656064 638 547 581 682 575 681 -4216 -972 -6218 -964 1946 1950 -21 57 -128
1534195919.7183933 638 547 580 681 575 682 -4290 -650 -7216 751 -884 1187 -22 54 -126
1534195919.8015342 638 547 581 681 575 682 -4764 -138 -7242 1894 -385 418 -22 56 -126
1534195919.8619266 639 547 581 682 575 682 -4316 -856 -6732 1543 -865 -141 -19 55 -127
1534195919.9400864 639 547 582 682 575 682 -5426 -1152 -7912 489 1069 -568 -19 60 -125
1534195920.0232005 640 547 582 683 576 683 -3872 -310 -6344 2580 -6501 3516 -22 57 -129
1534195920.09304 639 547 582 684 576 683 -4976 -230 -6104 -459 1738 -5687 -22 57 -126
1534195920.170954 640 547 582 684 576 683 -4906 -1968 -7414 -802 123 -819 -21 60 -129
1534195920.2334669 639 547 583 684 576 683 -4782 -660 -6790 -472 -297 1348 -20 60 -126
1534195920.3158433 640 548 583 684 576 684 -4622 -826 -6976 265 -235 -327 -20 58 -126
1534195920.3765476 640 548 583 684 576 684 -4710 -906 -6754 -142 451 472 -23 59 -127
1534195920.454657 640 548 583 684 576 684 -4810 -642 -7072 35 418 346 -21 60 -128
1534195920.5276058 639 548 583 684 576 684 -4600 -700 -6788 -121 765 521 -24 58 -127
1534195920.592938 640 547 582 684 576 684 -4662 -564 -7034 -196 363 400 -23 59 -126
1534195920.6710448 640 548 582 684 576 684 -4616 -622 -6952 -334 614 212 -25 59 -126
1534195920.7335317 640 548 583 684 576 684 -4658 -588 -6894 -340 515 230 -25 58 -126
1534195920.8105834 639 548 582 684 576 684 -4546 -516 -6972 24 585 171 -24 57 -125
1534195920.876215 639 548 582 684 576 684 -4574 -536 -7076 11 440 133 -24 59 -127
1534195920.9386988 640 548 583 684 576 684 -4536 -436 -7066 12 354 35 -25 56 -126
1534195921.016806 640 548 583 684 576 684 -4550 -526 -7082 236 -59 -79 -27 57 -128
1534195921.0785377 640 548 583 684 576 684 -4588 -464 -7004 354 -51 68 -26 55 -126
1534195921.1410227 640 548 583 684 576 684 -4540 -520 -7014 383 10 41 -24 56 -127
1534195921.2191288 639 547 583 684 576 684 -4560 -480 -6968 199 54 122 -26 59 -127
1534195921.2931721 639 547 583 684 576 684 -4554 -486 -6980 267 208 11 -25 57 -126
1534195921.3613162 639 547 582 684 576 683 -4568 -486 -7084 205 351 167 -25 57 -126
1534195921.4237993 639 548 583 684 576 684 -4500 -532 -6978 0 415 -72 -25 56 -126
1534195921.501907 639 548 583 684 576 683 -4518 -560 -7000 -252 701 220 -25 57 -125
1534195921.5773833 640 547 582 684 576 684 -4228 -476 -7176 87 1625 -143 -24 55 -127
1534195921.639867 640 547 582 684 576 683 -4436 -494 -7184 14 89 105 -27 55 -126
1534195921.7023704 639 547 582 685 576 683 -4480 -432 -7068 303 95 -343 -25 55 -127
1534195921.78309 639 547 583 684 576 683 -4452 -552 -7142 433 -153 -9 -27 56 -124
1534195921.845383 639 547 583 684 576 684 -4420 -446 -7118 123 -94 -58 -26 55 -125
1534195921.9078686 640 547 583 684 576 684 -4438 -504 -7066 265 -94 7 -24 57 -126
1534195921.986173 639 548 583 684 575 683 -4488 -534 -6860 691 -1084 -498 -25 55 -125
1534195922.0619204 639 548 582 684 575 684 -4626 -408 -6932 99 71 -121 -25 58 -126
1534195922.1246264 639 547 582 684 576 684 -4550 -642 -7176 -614 -850 1065 -26 58 -126
1534195922.202513 639 548 582 684 576 684 -4218 -332 -7066 -2175 -2586 363 -27 60 -124
1534195922.2858863 639 548 582 683 576 683 -4902 -22 -6888 -6481 -817 2528 -31 59 -124
1534195922.359689 638 547 582 683 576 683 -5304 -126 -7148 5061 -1022 -2223 -31 61 -122
1534195922.424675 638 547 581 682 576 682 -5236 572 -5910 1987 -298 26 -31 62 -124
1534195922.5025249 637 546 581 682 576 682 -5130 -578 -6714 533 1263 -2870 -27 62 -124
1534195922.5618796 637 546 580 681 576 681 -4558 -540 -6542 -3578 472 4492 -29 63 -125
1534195922.6399882 638 546 579 681 576 681 -5352 204 -7070 138 -716 -141 -28 61 -122
1534195922.7180936 638 546 580 681 576 681 -4962 -100 -7360 3827 -980 517 -29 59 -124
1534195922.7944329 639 547 581 682 575 681 -6594 -58 -8030 6093 -1508 -6310 -28 64 -124
1534195922.8605554 639 547 581 683 575 682 -4804 -2058 -5258 -3146 1033 2774 -22 65 -126
1534195922.938597 639 547 582 684 576 683 -5130 766 -6276 126 555 714 -29 64 -125
1534195923.0010839 639 547 582 683 575 683 -5048 -676 -6374 -1205 25 -4606 -25 63 -125
1534195923.0787237 639 547 582 683 576 683 -5210 -1054 -6832 86 -35 413 -27 66 -125
1534195923.1412098 640 547 582 684 575 683 -4906 -230 -6670 742 -104 184 -26 63 -127
1534195923.2195802 640 547 583 684 576 683 -5054 -536 -6652 469 100 -90 -26 64 -123
1534195923.2935927 640 547 582 684 575 683 -5054 -428 -6700 422 -1 341 -26 68 -125
1534195923.3615644 640 547 582 684 575 683 -5016 -468 -6588 173 61 334 -25 63 -123
1534195923.4240494 640 547 582 683 575 683 -4964 -462 -6702 784 438 237 -27 65 -124
1534195923.502816 640 547 582 684 575 683 -4988 -364 -6826 199 212 151 -27 64 -124
1534195923.5614054 640 547 583 684 576 683 -5076 -452 -6626 63 27 64 -25 63 -123
1534195923.6395113 640 547 583 684 576 683 -4992 -410 -6762 -6 176 235 -26 64 -124
1534195923.7019975 639 547 583 684 575 683 -5000 -400 -6644 52 30 213 -26 66 -125
1534195923.776703 640 547 582 684 575 683 -5068 -392 -6620 171 189 261 -27 64 -124
1534195923.8452246 640 547 582 684 575 683 -5000 -378 -6670 28 225 446 -27 62 -126
1534195923.9077115 639 547 582 684 575 683 -5038 -328 -6648 110 403 438 -28 64 -124
1534195923.9858165 640 547 582 684 575 683 -4964 -194 -6834 168 165 68 -28 64 -123
1534195924.0555916 640 547 582 684 575 684 -5010 -362 -6644 232 128 16 -29 65 -122
1534195924.1090815 640 547 583 684 576 683 -4946 -248 -6786 98 379 364 -29 63 -124
1534195924.1871893 640 547 582 684 575 683 -5008 -218 -6760 208 269 -13 -26 65 -125
1534195924.2634618 640 548 582 684 575 683 -4988 -366 -6704 83 414 175 -28 63 -125
1534195924.3334067 639 547 582 684 576 683 -4944 -192 -6824 191 205 -80 -30 60 -123
1534195924.391617 640 547 582 684 575 683 -5018 -482 -6768 554 270 110 -29 63 -123
1534195924.4697216 640 547 582 684 576 684 -4930 -264 -6684 185 358 410 -28 61 -125
1534195924.5431783 640 547 582 684 575 683 -4998 -296 -6842 270 263 43 -28 63 -125
1534195924.608621 640 547 582 684 575 683 -4880 -302 -6736 99 239 91 -28 60 -122
1534195924.671106 640 547 582 684 575 683 -4956 -326 -6796 36 311 -54 -27 62 -124
1534195924.7492115 639 547 582 684 575 683 -4914 -286 -6832 -80 326 -46 -29 62 -125
1534195924.8211038 640 547 582 684 575 683 -4934 -274 -6810 12 212 -152 -28 60 -125
1534195924.8780172 639 547 583 684 576 683 -4898 -280 -6816 80 50 -99 -28 62 -124
1534195924.9561234 640 547 582 684 575 683 -4608 -478 -6172 -874 652 -623 -28 61 -126
1534195925.032797 640 547 582 684 575 683 -4932 -200 -6812 -268 528 455 -29 61 -123
1534195925.0932462 639 548 582 684 575 683 -4450 -88 -6870 -2105 -283 -40 -28 62 -123
1534195925.1713524 639 547 582 684 576 683 -5470 206 -7064 2247 907 -319 -30 62 -122
1534195925.2494578 639 547 582 683 576 683 -5254 -346 -6114 2061 -702 -1953 -26 63 -124
1534195925.3249292 638 547 581 682 576 682 -4930 -508 -6836 2753 1873 -4561 -25 64 -124
1534195925.3923607 638 547 581 682 576 681 -4878 -1006 -6752 803 469 1746 -21 64 -125
1534195925.4548476 638 547 581 682 576 680 -5452 -794 -6884 2062 216 -921 -21 64 -124
1534195925.5408263 638 546 581 682 576 681 -4754 -794 -6922 84 1155 1677 -21 65 -125
1534195925.608798 639 547 580 682 576 681 -4804 -682 -6986 3220 -336 -488 -19 61 -126
1534195925.686904 640 547 581 683 575 682 -5954 -2284 -7952 2006 -2837 913 -15 64 -126
1534195925.7494643 639 547 582 683 575 683 -4552 -1332 -5646 -694 866 5070 -20 63 -124
1534195925.8478575 640 547 582 684 575 683 -4640 946 -6426 -731 1401 419 -22 65 -127
1534195925.9088407 640 547 582 684 576 683 -5098 -1346 -6710 -1630 1004 -3132 -22 63 -127
1534195925.9714792 640 547 582 684 575 683 -5154 -1122 -6384 -118 164 787 -22 64 -126
1534195926.0525193 640 547 582 684 575 683 -4972 -552 -6790 -352 313 100 -21 63 -126
1534195926.109408 640 547 582 684 576 683 -5010 -782 -6702 -518 261 -97 -23 61 -126
1534195926.1875162 640 547 582 684 575 683 -5022 -696 -6678 9 200 431 -24 61 -125
1534195926.250092 640 547 582 684 575 683 -4964 -630 -6718 -109 408 452 -23 65 -127
1534195926.333638 640 547 582 684 575 683 -4986 -494 -6794 -19 150 176 -23 63 -124
1534195926.3921943 640 547 582 684 575 683 -4954 -530 -6592 -65 103 35 -23 62 -126
1534195926.470354 640 547 583 684 576 683 -5016 -602 -6570 -140 492 384 -24 62 -126
1534195926.5464902 640 547 582 684 576 683 -4978 -448 -6750 -57 358 306 -23 61 -125
1534195926.6099718 640 547 582 684 575 683 -4966 -506 -6756 -48 281 222 -26 61 -124
1534195926.672607 640 547 582 684 576 683 -4966 -440 -6686 -50 375 279 -25 62 -124
1534195926.7505636 640 547 582 684 575 683 -4922 -362 -6764 -34 385 161 -24 61 -124
1534195926.8237002 640 547 583 684 576 683 -4986 -432 -6754 48 217 234 -25 61 -125
1534195926.8920243 640 547 582 684 576 683 -4918 -350 -6770 49 209 221 -25 60 -126
1534195926.954511 639 547 582 684 575 683 -4836 -326 -6858 119 165 58 -26 60 -124
1534195927.0298908 640 547 582 684 575 683 -4926 -424 -6718 310 144 1 -28 61 -124
1534195927.0926158 640 547 582 684 575 683 -4922 -344 -6796 289 100 139 -26 60 -126
1534195927.1552517 640 547 582 684 575 683 -4934 -340 -6764 94 221 -37 -26 58 -124
1534195927.233204 640 547 582 684 576 683 -4854 -362 -6684 -114 319 158 -26 61 -126
1534195927.3119876 640 547 582 684 575 683 -4862 -320 -6684 -118 621 253 -29 60 -125
1534195927.376691 640 547 582 684 575 683 -4884 -284 -6900 27 598 335 -27 60 -125
1534195927.4392104 640 547 582 684 576 683 -4756 -146 -6782 94 374 -108 -27 60 -124
1534195927.5225718 640 547 582 684 575 683 -4742 -298 -6746 -180 705 -43 -27 60 -127
1534195927.593074 640 547 582 684 576 683 -4666 -326 -6954 -432 688 -451 -28 57 -124
1534195927.655331 639 547 582 684 575 683 -4842 -158 -7010 145 162 -404 -27 60 -123
1534195927.7336013 639 547 582 684 576 684 -4784 -286 -6948 202 -87 -721 -26 58 -126
1534195927.8088477 640 547 583 684 576 683 -4784 -338 -6968 -14 -149 -647 -29 61 -125
1534195927.8776891 640 547 582 684 576 684 -4676 -288 -6756 33 -619 -1553 -29 59 -126
1534195927.9557962 639 547 582 684 576 683 -4648 -604 -6438 -465 -284 201 -28 63 -123
1534195928.0241468 640 547 582 684 576 683 -4976 -392 -6716 415 554 556 -27 61 -123
1534195928.092471 640 547 582 683 576 683 -4822 -264 -6828 -524 1250 368 -27 60 -125
1534195928.1550782 639 547 582 683 576 683 -4712 -344 -7156 917 353 -247 -27 57 -123
1534195928.2332196 638 547 582 683 576 682 -4468 -398 -6732 679 -1350 4753 -28 61 -123
1534195928.3123753 638 547 581 682 575 682 -4964 104 -6808 930 1151 -408 -27 57 -125
1534195928.3763087 638 546 581 682 575 681 -4558 -170 -6772 -227 1008 1035 -26 57 -126
1534195928.4542518 638 546 580 682 575 681 -5194 -356 -7142 582 696 -297 -26 58 -123
1534195928.5275369 638 546 581 681 575 680 -5118 644 -7278 1246 -239 216 -26 60 -126
1534195928.5944026 638 546 580 681 575 680 -4802 -614 -7002 740 138 350 -25 56 -124
1534195928.6568894 638 546 580 681 575 681 -4628 -308 -6938 251 335 665 -25 57 -126
1534195928.734996 639 546 580 682 575 681 -4812 -96 -7034 891 709 -640 -23 57 -124
1534195928.8119142 639 546 581 682 575 680 -4964 -160 -7266 1199 499 -1541 -23 57 -125
1534195928.8775086 639 547 581 682 575 682 -4652 -2130 -7634 1011 -1146 -180 -22 57 -126
1534195928.9556463 640 547 582 684 576 683 -4712 1256 -7194 -2974 -2619 11289 -28 55 -123
1534195929.038333 640 547 582 683 575 683 -4340 1350 -6806 -1141 1866 -3188 -31 56 -125
1534195929.1078894 640 547 582 684 575 682 -4936 -1260 -7224 -454 367 -3930 -26 56 -125
1534195929.1860342 640 547 582 683 575 683 -4890 -616 -6758 -162 281 1414 -28 59 -124
1534195929.248307 641 547 582 684 575 683 -4496 72 -7006 -5 125 304 -27 56 -124
1534195929.3252475 640 547 582 684 576 683 -4734 -374 -6918 109 -250 -220 -28 55 -124
1534195929.3916268 640 547 582 684 575 683 -4698 -300 -6778 -51 347 560 -29 57 -124
1534195929.4541109 640 547 582 684 575 683 -4658 -16 -7090 -41 94 -14 -28 58 -124
1534195929.532389 640 547 582 684 575 683 -4638 -262 -6970 170 128 74 -29 59 -122
1534195929.5940719 640 547 582 684 575 683 -4724 -130 -7004 253 170 170 -29 56 -123
1534195929.6565092 640 547 582 684 575 683 -4654 -126 -6892 335 -23 -7 -29 59 -121
1534195929.7346144 640 547 582 684 576 683 -4666 -212 -6974 63 187 84 -31 58 -124
1534195929.8078477 640 547 582 684 575 683 -4640 -116 -6986 300 3 187 -30 58 -124
1534195929.8773293 640 547 582 684 575 683 -4692 -134 -6920 206 262 246 -31 57 -124
1534195929.9398165 640 547 582 684 575 683 -4568 -68 -6992 225 153 30 -31 57 -124
1534195930.0153997 640 547 582 684 575 682 -4708 -170 -7002 172 175 39 -30 57 -123
1534195930.076139 640 547 582 684 575 683 -4702 -66 -7018 208 170 -24 -31 57 -124
1534195930.1542473 640 547 582 684 575 683 -4708 -226 -6942 192 117 -93 -30 58 -123
1534195930.2191947 640 547 582 684 576 683 -4660 -78 -7018 145 143 83 -29 55 -122
1534195930.2920454 640 547 582 684 575 683 -4668 -180 -7034 94 77 -345 -28 60 -123
1534195930.3619957 640 547 582 684 575 683 -4644 -118 -6894 206 204 -66 -28 58 -124
1534195930.424698 640 547 582 684 575 683 -4752 -158 -6996 355 261 -8 -29 59 -125
1534195930.5025887 640 547 582 684 575 683 -4610 -452 -7154 -633 -447 354 -31 58 -124
1534195930.5610328 640 547 583 684 575 683 -4584 -56 -6738 -263 -267 156 -30 57 -121
1534195930.6393232 640 547 582 684 575 683 -4794 -118 -6918 -289 392 55 -30 60 -122
1534195930.7171702 640 547 582 684 575 683 -4750 28 -7044 -653 -394 -1439 -29 58 -123
1534195930.794072 640 547 582 684 575 683 -4636 -206 -7026 1384 -1844 -537 -31 60 -123
1534195930.8619816 640 547 582 684 575 683 -4714 -464 -6698 1206 -1975 558 -29 62 -124
1534195930.9246888 639 547 582 683 576 682 -4798 182 -6400 1749 -1916 944 -30 62 -125
1534195931.0025747 640 547 582 684 576 683 -5130 -348 -6716 721 566 -484 -29 65 -121
1534195931.0769553 640 547 582 683 576 681 -5496 -528 -6746 502 1839 223 -27 64 -124
1534195931.1395845 639 547 582 683 576 682 -4846 -122 -6746 663 1739 389 -27 62 -125
1534195931.217743 639 547 582 683 576 682 -4764 -452 -6984 746 2358 -800 -28 57 -125
1534195931.293571 639 547 581 683 575 682 -4766 -356 -6860 2320 230 533 -23 60 -124
1534195931.3607724 639 547 581 682 575 682 -4716 -1142 -6558 1353 1503 611 -25 60 -126
1534195931.4388769 639 546 581 682 575 682 -4532 -614 -6582 1265 767 428 -21 57 -126
1534195931.5146842 639 546 581 682 575 681 -4268 -494 -6854 937 1485 -1353 -20 59 -126
1534195931.5772898 639 546 580 681 574 681 -4442 -574 -6990 1130 577 -1030 -18 56 -127
1534195931.6553953 639 546 580 682 575 680 -4704 -1018 -7274 152 111 714 -18 55 -128
1534195931.7178817 640 546 581 682 574 681 -4740 -638 -7542 2209 -105 -2897 -18 57 -126
1534195931.805443 640 547 581 682 575 682 -4986 -3148 -6780 -192 -3307 927 -16 61 -127
1534195931.8762538 640 547 582 683 575 682 -2130 238 -8410 2375 -6338 6307 -20 60 -126
1534195931.938771 640 547 582 683 575 682 -4812 -234 -6492 -73 -171 -903 -20 63 -127
1534195932.0258727 640 547 582 684 575 683 -5178 -1172 -7014 -569 -498 -1112 -19 62 -126
1534195932.0928369 640 547 582 683 575 683 -4988 -900 -6454 -648 -281 404 -21 66 -127
1534195932.1551394 640 547 582 684 575 683 -5102 -692 -6668 -346 198 389 -22 66 -126
1534195932.233216 640 547 582 684 575 683 -5112 -714 -6702 -357 157 163 -22 65 -126
1534195932.3132915 640 547 582 684 575 683 -5112 -662 -6620 -479 -233 444 -20 64 -126
1534195932.3762295 640 547 582 683 575 683 -5050 -608 -6600 -166 48 362 -24 63 -124
1534195932.4387937 640 547 582 684 575 682 -5076 -582 -6646 -56 44 170 -25 64 -124
1534195932.5169666 640 547 582 684 575 682 -5088 -582 -6652 101 134 201 -24 63 -127
1534195932.5791993 641 547 582 684 575 683 -5060 -536 -6598 44 238 273 -22 63 -126
1534195932.6573026 640 547 582 683 575 683 -5106 -484 -6664 163 -18 74 -25 64 -123
1534195932.719868 640 547 582 683 575 683 -5090 -520 -6710 -24 320 171 -26 63 -125
1534195932.8014197 640 547 582 683 575 683 -5060 -460 -6750 196 113 123 -26 65 -126
1534195932.8606453 640 547 582 684 575 683 -5114 -482 -6590 64 110 97 -26 63 -126
1534195932.9387536 640 547 582 684 575 683 -5072 -402 -6692 201 206 -18 -27 63 -129
1534195933.001381 640 547 582 684 576 683 -5132 -586 -6494 35 199 90 -26 63 -128
1534195933.0775542 640 547 582 684 576 682 -5018 -382 -6708 165 187 160 -25 66 -124
1534195933.140044 640 547 582 684 575 683 -5102 -514 -6698 165 176 136 -25 64 -126
1534195933.2025251 640 547 582 683 575 683 -5088 -468 -6598 190 154 -5 -26 64 -124
1534195933.286422 640 547 582 684 575 683 -5066 -482 -6658 146 182 11 -26 64 -124
1534195933.344891 640 547 582 684 575 683 -5064 -386 -6598 -88 534 -11 -26 64 -125
1534195933.423026 640 547 582 684 575 683 -4910 -396 -6494 -1375 1638 -458 -26 62 -126
1534195933.501107 640 547 582 684 575 682 -4874 -330 -7316 -1601 3006 -1697 -26 60 -124
1534195933.5820868 640 547 582 684 575 683 -4916 -588 -7108 -1133 1518 -1328 -28 59 -125
1534195933.6419895 640 547 582 684 575 683 -4730 -382 -7132 -666 769 295 -27 58 -124
1534195933.720098 640 547 582 683 575 683 -4620 -236 -6952 -1057 783 31 -27 60 -123
1534195933.7969058 640 547 582 683 575 682 -4658 -300 -7084 -533 226 -326 -29 57 -122
1534195933.8621647 640 547 582 683 575 683 -4464 -6 -7026 742 -334 -503 -28 60 -126
1534195933.92465 640 547 582 684 575 683 -4914 -332 -6914 332 625 -1021 -30 61 -123
1534195934.0108569 640 547 582 683 575 683 -4254 96 -6602 -543 1023 -139 -29 61 -123
1534195934.0776784 640 547 582 683 575 682 -4250 -166 -7360 1178 126 -548 -28 58 -124
1534195934.1400928 639 547 582 682 576 682 -4940 -836 -7692 714 679 -301 -27 59 -123
1534195934.2180772 639 547 581 683 575 682 -4046 -86 -6236 808 975 823 -26 58 -125
1534195934.2972696 639 546 581 682 575 681 -4680 -652 -7394 2383 1199 -700 -26 56 -127
1534195934.3609416 639 546 580 681 575 681 -4462 -376 -7276 1246 1334 559 -24 56 -126
1534195934.4390469 638 546 580 681 575 681 -3962 -532 -8288 2817 146 -988 -23 54 -127
1534195934.5017061 639 546 581 681 575 681 -4444 -638 -7098 1012 334 172 -22 54 -125
1534195934.5772784 639 546 580 681 574 681 -4266 -554 -7582 1887 894 -1682 -22 55 -125
1534195934.655387 639 546 580 681 575 681 -4072 -648 -6980 1902 443 -1734 -20 53 -127
1534195934.7336617 640 546 581 682 574 681 -5168 -1676 -8682 1875 -3010 -960 -18 53 -125
1534195934.8090477 640 547 581 683 575 682 -4096 -1320 -6090 -41 -2289 3063 -19 59 -126
1534195934.876119 640 547 582 683 575 683 -4568 -486 -6664 1104 -2253 1298 -18 60 -126
1534195934.954228 640 547 582 683 575 683 -4624 -632 -7030 59 -717 -455 -21 63 -126
1534195935.027527 640 547 582 684 576 682 -5008 -1194 -6572 153 -1214 24 -18 62 -127
1534195935.0937576 640 547 582 683 575 683 -4998 -962 -6620 360 -614 687 -19 62 -127
1534195935.1562445 640 547 582 683 575 682 -5102 -936 -6526 74 -584 802 -20 65 -126
1534195935.2343512 640 547 582 683 575 683 -4928 -820 -6470 441 -59 215 -20 65 -127
1534195935.306675 640 547 582 684 575 683 -5086 -804 -6672 189 3 218 -20 66 -127
1534195935.361638 640 547 582 684 575 684 -5054 -882 -6618 44 200 104 -21 65 -126
1534195935.4397442 641 547 582 683 575 683 -5116 -890 -6480 -194 387 311 -22 65 -127
1534195935.5169446 640 547 582 683 575 683 -5046 -740 -6642 247 183 335 -21 65 -125
1534195935.577747 641 547 582 683 575 683 -5094 -804 -6564 116 524 349 -22 64 -127
1534195935.655854 640 547 582 683 575 683 -5062 -734 -6702 216 338 552 -21 62 -125
1534195935.718341 640 547 582 684 575 683 -5048 -622 -6546 -14 530 750 -21 61 -127
1534195935.8088498 640 547 582 683 575 683 -4996 -572 -6818 55 324 330 -23 61 -125
1534195935.8659377 640 547 582 684 575 683 -5014 -728 -6640 107 250 248 -22 62 -128
1534195935.9219012 640 547 582 683 575 683 -4980 -622 -6626 55 500 558 -22 63 -126
1534195936.0072181 640 547 582 684 575 683 -5000 -474 -6800 -140 404 360 -25 60 -125
1534195936.0770316 640 547 582 683 575 683 -4996 -552 -6686 149 216 125 -23 61 -128
1534195936.1412866 640 547 582 683 575 683 -4984 -608 -6726 -130 478 422 -27 60 -126
1534195936.2110069 640 547 582 683 575 683 -4942 -578 -6674 -179 458 599 -26 62 -127
1534195936.290247 640 547 582 684 575 683 -4940 -346 -6784 206 236 273 -26 62 -124
1534195936.3614402 640 547 582 684 576 684 -4954 -508 -6760 -218 426 333 -24 60 -126
