1534181305.0813735 688 604 648 731 641 727 -5242 1824 6054 138 1 142 -41 110 -18
1534181305.1512437 688 604 648 731 641 726 -5148 1916 6080 186 151 -36 -45 111 -17
1534181305.2184498 687 604 648 731 641 726 -5130 1830 6230 90 695 -56 -44 111 -15
1534181305.2873077 687 604 648 731 641 726 -5384 1938 6018 25 1147 72 -43 110 -18
1534181305.349678 687 604 648 731 641 726 -5426 1760 5958 -557 1700 135 -43 111 -15
1534181305.4317613 687 604 648 731 641 726 -5486 1742 6336 -3022 7642 1299 -42 110 -18
1534181305.5030508 687 604 648 731 641 726 -5440 1890 5472 747 1082 -349 -43 111 -19
1534181305.5748663 687 604 648 731 641 726 -6128 1500 5504 -3532 4062 980 -43 112 -20
1534181305.64728 687 604 649 731 641 726 -6084 1466 5152 -924 1279 -113 -45 112 -23
1534181305.720885 687 604 648 731 641 726 -6364 1526 5420 -2816 3543 2505 -45 113 -23
1534181305.9098456 687 604 648 731 641 726 -6084 1444 5084 -1501 1540 1056 -48 114 -24
1534181305.9612663 687 604 648 731 641 726 -6600 1574 5406 -27 570 603 -45 113 -25
1534181306.06325 687 604 648 731 641 726 -5828 1466 5192 -988 230 -247 -47 114 -26
1534181306.1446464 687 604 649 731 641 726 -6508 1328 5172 -143 -185 -641 -49 113 -26
1534181306.232676 687 604 649 731 641 726 -6826 1240 4982 -192 2670 62 -47 114 -24
1534181306.3343053 688 604 648 731 641 726 -6646 1410 4564 -594 1150 -590 -47 115 -27
1534181306.39791 688 604 648 731 641 726 -6794 774 4954 1593 900 -638 -43 115 -26
1534181306.4373798 688 603 649 731 641 727 -6188 214 4694 -5292 1088 -1476 -46 116 -28
1534181306.502653 687 604 648 731 641 727 -6890 1208 3760 1515 64 832 -43 118 -26
1534181306.5661573 688 604 648 731 641 726 -6176 1484 4428 -5656 -329 1749 -46 119 -28
1534181306.6045868 688 604 648 731 641 726 -6998 1010 5682 1378 -6379 -3665 -47 116 -27
1534181306.64079 688 604 648 731 641 726 -6538 112 5730 2536 3227 3504 -47 116 -25
1534181306.680886 688 604 648 731 641 728 -6336 756 5244 3540 530 365 -46 115 -21
1534181306.7355828 688 604 648 731 641 728 -6338 1022 4938 3762 -4809 -1234 -46 116 -21
1534181306.872423 688 604 648 731 641 728 -6236 1062 5374 711 -3951 -1194 -47 118 -23
1534181307.0043392 688 604 649 731 641 726 -6688 878 6340 7 1474 -336 -48 115 -19
1534181307.0865371 688 604 649 731 641 726 -5568 1122 5138 322 -3980 1184 -44 116 -20
1534181307.1344686 688 604 648 731 641 727 -5932 970 5006 -2739 1723 -279 -48 115 -19
1534181307.1688647 689 604 648 731 642 727 -6114 764 5610 -109 598 -140 -46 116 -19
1534181307.217563 689 604 649 731 642 726 -5800 998 5560 1618 968 441 -44 115 -17
1534181307.2736764 688 604 648 731 641 727 -6284 778 5120 -1885 167 -2331 -45 116 -16
1534181307.4432094 689 604 648 731 641 726 -5952 688 5910 -1188 494 714 -43 118 -20
1534181307.5318172 688 604 649 731 641 727 -5994 672 5518 -1333 861 -763 -43 115 -20
1534181307.5921645 688 604 649 731 641 727 -6302 512 5448 -1145 1422 15 -43 115 -17
1534181307.6306987 688 604 649 731 641 727 -6244 716 5262 -573 115 -657 -43 117 -18
1534181307.666167 688 604 649 731 641 727 -6492 186 5446 -1519 -170 62 -41 116 -16
1534181307.7036958 688 604 649 731 641 727 -6100 514 5492 172 1009 429 -40 117 -17
1534181307.7407877 688 604 649 731 642 727 -6074 416 5438 -579 913 -564 -42 119 -18
1534181307.7866402 688 604 649 731 641 728 -5966 282 5012 -2345 2927 -1270 -41 121 -18
1534181307.8591423 688 604 649 731 641 727 -6628 -62 4900 -228 -815 -2789 -39 120 -19
1534181307.9423401 688 604 649 731 641 727 -6468 -140 5002 -2055 1444 -2470 -37 121 -20
1534181308.0052443 688 604 649 731 641 727 -6408 -974 5126 776 -2850 -622 -33 123 -19
1534181308.0781767 688 604 649 731 641 727 -5778 -226 5344 -2295 2921 -611 -35 120 -20
1534181308.1501937 688 604 649 731 641 727 -6640 -1346 5184 1901 4283 249 -36 121 -18
1534181308.2243552 689 604 649 731 641 726 -6882 -780 4702 -515 -3759 2782 -33 123 -21
1534181308.29358 689 604 649 731 641 726 -6738 398 4822 -381 775 4353 -34 122 -24
1534181308.3670473 688 604 649 731 641 726 -6272 294 5428 -2275 1925 2944 -41 119 -22
1534181308.4387155 689 604 649 731 641 727 -6850 -248 4542 1165 -336 573 -44 117 -21
1534181308.5093458 688 604 649 731 641 727 -6380 102 5344 -638 1186 -209 -44 115 -22
1534181308.579572 688 604 649 731 641 727 -6788 156 4640 -62 1355 496 -43 116 -21
1534181308.7020385 688 604 649 731 642 727 -6686 -606 4486 3052 -3923 -2603 -44 116 -23
1534181308.7576892 688 604 649 731 641 727 -6082 96 5270 467 -2189 1464 -43 116 -23
1534181308.8070748 688 604 649 731 641 727 -5942 688 5826 357 205 200 -45 115 -18
1534181308.86127 688 604 649 731 641 727 -6102 224 5676 -39 -1161 692 -44 115 -19
1534181308.9355218 688 605 649 731 641 727 -6618 -372 4768 -317 -1124 -1202 -43 116 -17
1534181309.0073931 689 604 649 731 641 727 -6916 -1146 4346 624 3871 486 -42 114 -20
1534181309.077595 688 604 649 731 641 727 -6314 678 4948 1818 -4601 -93 -43 116 -20
1534181309.1497905 688 605 649 731 641 726 -6572 308 4744 1369 2650 -2369 -46 114 -23
1534181309.2219741 688 604 649 731 641 726 -6762 -662 4598 658 3014 -1052 -44 115 -23
1534181309.291946 689 604 649 731 641 727 -6578 606 5176 112 302 1142 -42 118 -23
1534181309.4080353 688 604 649 731 641 727 -6442 -228 5084 2726 -730 -2496 -42 120 -22
1534181309.4909892 688 604 649 731 641 727 -6366 -18 5184 -825 1108 98 -41 119 -23
1534181309.5381684 688 604 649 731 641 727 -6684 58 4732 65 399 473 -40 119 -23
1534181309.5712671 688 605 649 731 641 727 -6528 0 5034 686 -248 -263 -39 117 -21
1534181309.6359937 689 605 649 731 641 727 -6510 38 5036 289 165 -165 -42 117 -23
1534181309.7038682 688 604 649 731 641 727 -6616 -42 4902 127 278 -68 -41 116 -23
1534181309.7710855 688 604 649 731 641 727 -6460 48 5000 210 -138 81 -42 122 -25
1534181309.8376675 688 604 649 731 641 727 -6436 58 4990 175 376 -4 -38 117 -24
1534181309.9066207 689 604 649 731 641 726 -6236 126 4954 299 -14 -298 -41 120 -25
1534181309.9789984 688 604 649 731 641 726 -6386 240 4758 730 -2950 -2266 -40 121 -25
1534181310.0551066 687 604 648 731 641 725 -6052 -300 5402 889 607 1159 -39 119 -25
1534181310.1334922 687 604 649 730 641 725 -6496 338 4912 2581 -1419 540 -38 118 -22
1534181310.1949196 687 605 649 730 642 726 -6836 1536 4156 -3571 -4745 -1415 -40 118 -24
1534181310.2655687 687 605 649 731 642 726 -6638 160 4818 -299 -3859 62 -42 116 -24
1534181310.3375623 688 605 649 731 642 726 -6444 1622 5256 2365 -2231 674 -42 117 -21
1534181310.408573 687 605 649 731 642 727 -6636 768 5072 -608 468 -126 -46 115 -20
1534181310.477291 687 605 649 731 642 726 -6748 452 4920 557 3715 341 -45 117 -23
1534181310.5532537 688 605 650 731 642 726 -5830 -426 5994 -2861 -8363 -5969 -46 116 -24
1534181310.6266553 688 604 649 731 641 726 -5898 -1314 5916 4607 10252 9464 -41 116 -21
1534181310.6990876 688 605 649 731 641 726 -7000 304 4174 226 -1089 -1894 -41 118 -25
1534181310.8074872 688 605 649 731 641 727 -6138 -144 5708 -1066 530 177 -44 117 -24
1534181310.8772707 688 605 649 731 642 727 -6658 -158 4588 243 352 -350 -41 117 -24
1534181310.928016 688 605 649 731 642 726 -6516 92 5040 504 399 -358 -42 118 -23
1534181310.9738595 689 605 649 731 642 726 -6580 -180 4980 83 -6 35 -42 119 -24
1534181311.0409036 688 605 649 731 642 727 -6580 -66 4900 417 4 -492 -41 118 -24
1534181311.1133294 688 605 649 731 642 726 -6514 -2 5004 -496 1020 511 -41 118 -23
1534181311.181621 689 605 649 731 642 727 -6642 -124 4866 -52 311 293 -40 119 -24
1534181311.2490304 689 605 649 731 642 726 -6544 -64 4914 429 233 -220 -41 119 -24
1534181311.320004 689 605 649 731 641 727 -6528 -116 4912 213 161 62 -40 119 -24
1534181311.3860004 689 605 649 731 642 727 -6544 -114 4890 215 15 223 -40 118 -24
1534181311.5343637 688 605 649 731 642 726 -6516 -86 4958 293 425 2 -38 119 -25
1534181311.635908 688 605 649 731 642 727 -6524 -100 4930 55 345 132 -40 119 -24
1534181311.7149358 688 605 649 731 642 727 -6558 -120 4854 323 218 -146 -40 120 -23
1534181311.754849 688 605 649 731 642 727 -6508 -124 4994 330 138 76 -41 120 -25
1534181311.7929814 688 605 649 731 641 726 -6554 -142 4864 215 -49 44 -41 118 -25
1534181311.8370545 688 605 649 731 642 726 -6606 -108 4834 473 34 -190 -41 119 -24
1534181311.8820028 688 604 649 731 641 727 -6516 -66 5008 398 17 -70 -40 119 -23
1534181311.929137 688 605 649 731 641 727 -6614 -82 4840 191 77 160 -38 119 -25
1534181311.9999738 688 605 649 731 642 727 -6628 -122 4878 396 154 -117 -40 120 -24
1534181312.0729995 689 605 649 731 642 726 -6592 -136 4944 413 -57 -255 -42 121 -24
1534181312.201771 688 605 649 731 642 726 -6588 -54 4962 436 342 -75 -41 119 -24
1534181312.2821755 688 605 649 731 641 727 -6434 -88 4850 907 171 -155 -41 120 -26
1534181312.3454084 688 605 649 731 642 727 -6424 -76 5036 652 244 -9 -39 120 -25
1534181312.379756 688 605 649 731 642 727 -6284 -26 5106 49 -24 258 -40 120 -26
1534181312.4107895 688 604 649 731 642 727 -6028 -18 5320 492 -713 -2383 -41 120 -24
1534181312.4840806 688 604 648 731 642 727 -6648 212 3876 -1276 -118 107 -38 120 -26
1534181312.5551593 688 605 648 731 642 726 -6524 10 4898 1070 -1360 -921 -40 120 -23
1534181312.6279433 688 604 648 731 642 727 -6222 -492 4756 514 -1328 -569 -40 120 -24
1534181312.6988554 688 605 648 731 642 728 -6562 616 4700 -425 -1025 298 -41 119 -23
1534181312.7710822 688 605 648 731 642 728 -6168 418 5294 3531 -1101 -436 -39 120 -21
1534181312.9283037 688 605 648 731 642 727 -6220 104 5222 6 -1960 -3158 -41 120 -22
1534181313.0827572 688 604 649 731 642 727 -6626 -272 5778 -118 -4371 283 -40 120 -23
1534181313.15287 688 605 649 731 642 726 -5830 -20 5524 -1301 3709 734 -41 120 -19
1534181313.1907663 688 605 649 731 642 727 -6666 -64 5034 502 3448 -1024 -39 121 -18
1534181313.228159 689 605 648 731 642 727 -6550 -326 4764 -655 -813 -400 -38 121 -20
1534181313.2627351 689 605 648 731 642 728 -6732 -446 4702 1046 1118 798 -36 123 -20
1534181313.3063319 688 605 649 731 642 728 -5990 268 5002 1852 -2208 -3352 -36 123 -23
1534181313.3630702 688 604 648 731 642 727 -6402 -658 5156 -1126 1078 -39 -37 122 -21
1534181313.4190192 688 605 649 731 642 727 -6576 -702 4746 1579 -1006 252 -33 122 -21
1534181313.487548 688 605 649 731 642 727 -6578 -710 5034 819 151 362 -35 124 -21
1534181313.6268165 688 605 649 731 641 727 -6434 272 4862 341 2540 -1101 -37 121 -24
1534181313.7037687 688 605 649 731 642 726 -6612 -488 4800 435 196 299 -38 121 -23
1534181313.7837756 687 605 649 731 642 727 -6570 -566 4802 1174 -2065 -1125 -35 122 -25
1534181313.821691 688 605 649 731 641 726 -6714 -616 4588 -678 38 -439 -36 120 -22
1534181313.8632054 688 605 649 731 641 727 -6264 -464 5164 113 92 -576 -35 123 -24
1534181313.9192412 688 604 649 731 642 727 -6676 -776 5150 2256 726 -1400 -35 123 -22
1534181313.986035 688 605 649 731 642 727 -6430 -324 4640 -227 746 -179 -33 123 -24
1534181314.0551934 689 605 649 731 642 727 -6478 -772 4988 -54 -309 -209 -36 124 -25
1534181314.1250906 689 605 649 731 642 727 -6196 -614 4690 -278 836 339 -31 123 -25
1534181314.1977036 688 605 649 731 641 727 -6434 -524 4852 -24 -2075 -1702 -34 124 -22
1534181314.3341346 688 605 649 731 642 726 -6412 -944 5672 -80 2215 2215 -33 124 -21
1534181314.4238613 688 604 649 731 642 727 -6618 -1064 5064 5119 2101 4627 -33 123 -22
1534181314.5037215 688 605 649 731 642 727 -6640 -490 5048 964 546 1948 -32 121 -25
1534181314.5407276 689 605 650 731 643 726 -6726 -298 4628 1574 -587 927 -38 121 -29
1534181314.5810342 688 606 650 730 643 726 -6904 200 4236 3176 -2706 2197 -38 119 -28
1534181314.6316745 688 606 650 731 644 726 -7464 -248 3572 -3319 -1549 -1424 -40 120 -29
1534181314.7038205 688 607 650 731 643 726 -6134 -410 5590 1629 2675 1358 -39 120 -28
1534181314.7766516 688 606 650 731 643 726 -6946 -534 4120 -742 -72 -2668 -40 118 -27
1534181314.84982 688 605 650 731 642 726 -6342 -658 5928 -2033 -13 -1038 -39 123 -28
1534181314.9227085 688 605 649 731 642 727 -7134 636 3128 1257 -1019 -735 -38 121 -28
1534181315.0973306 689 605 649 731 642 727 -6298 -948 5360 -1907 -1611 -1859 -40 123 -29
1534181315.178875 689 605 649 731 642 727 -6638 -456 4978 -106 906 617 -34 124 -24
1534181315.2426457 689 605 649 731 642 727 -6740 -792 4598 -104 -45 -506 -35 125 -25
1534181315.2791798 689 605 650 731 642 727 -6596 -464 4838 251 312 345 -35 123 -23
1534181315.316651 688 605 649 731 642 727 -6604 -592 4708 44 348 215 -34 122 -26
1534181315.3607748 688 605 649 731 642 727 -6686 -644 4618 151 174 47 -35 124 -25
1534181315.415704 688 605 649 731 642 727 -6698 -622 4782 -290 -513 -715 -36 123 -25
1534181315.4883196 689 605 650 731 642 726 -6620 -636 4714 348 -233 -246 -34 124 -25
1534181315.5614722 688 605 649 731 642 727 -6650 -732 4644 300 -245 -242 -32 124 -27
1534181315.6278222 688 605 649 731 642 727 -6504 -642 4804 17 233 96 -33 124 -25
1534181315.7647982 688 605 649 731 642 726 -6690 -780 4680 205 120 -103 -34 123 -25
1534181315.880584 688 605 649 731 642 727 -6586 -698 4676 242 -151 7 -33 122 -26
1534181315.9525847 688 605 649 731 641 727 -6622 -716 4752 169 439 132 -36 123 -27
1534181315.9995978 689 605 649 731 642 727 -6646 -774 4734 119 -38 -12 -35 123 -27
1534181316.0405364 688 605 649 731 642 727 -6636 -704 4664 233 299 -40 -32 123 -24
1534181316.0825415 688 605 649 731 642 727 -6646 -750 4810 297 -231 -94 -33 122 -23
1534181316.1281333 688 605 650 731 642 727 -6674 -692 4678 432 172 -183 -33 123 -23
1534181316.1803782 688 605 649 731 642 727 -6640 -774 4742 254 21 -30 -35 123 -26
1534181316.248788 688 605 649 731 642 726 -6662 -736 4656 221 14 -29 -35 125 -26
1534181316.319388 688 605 649 731 642 727 -6594 -674 4780 338 134 -60 -34 123 -25
1534181316.453878 688 605 649 731 642 727 -6612 -812 4712 195 338 29 -34 121 -24
1534181316.5945652 688 605 649 731 642 727 -6644 -834 4694 131 83 33 -34 125 -25
1534181316.6686597 688 605 649 731 642 727 -6554 -766 4874 182 241 12 -33 124 -25
1534181316.7221422 688 605 649 731 642 727 -6634 -788 4688 176 164 31 -34 123 -25
1534181316.7560673 689 605 649 731 642 726 -6618 -828 4752 283 -6 87 -33 124 -24
1534181316.7905598 688 605 649 731 642 727 -6588 -794 4774 211 125 -63 -34 122 -25
1534181316.8277655 688 605 649 731 642 727 -6604 -732 4692 225 210 102 -35 121 -23
1534181316.8645694 688 605 649 731 642 727 -6654 -760 4762 400 328 63 -34 124 -25
1534181316.933572 688 605 649 731 642 727 -6634 -808 4720 507 -191 -264 -32 123 -24
1534181317.0036216 689 605 649 731 642 727 -6560 -762 4742 442 122 -344 -32 125 -25
1534181317.1655493 688 605 649 731 642 727 -6606 -840 4834 791 -642 -278 -33 121 -24
1534181317.2345612 688 605 649 731 642 727 -6494 -768 4944 125 236 -95 -33 123 -25
1534181317.3129833 689 605 649 731 641 727 -6522 -720 4836 382 61 -132 -33 124 -22
1534181317.3556032 688 605 649 731 642 727 -6592 -834 4848 538 -209 -233 -33 122 -25
1534181317.39464 688 605 649 731 642 727 -6422 -800 4968 271 146 -133 -30 125 -24
1534181317.4509134 688 605 649 731 642 727 -6490 -740 4886 111 418 98 -30 124 -22
1534181317.5088255 688 605 649 731 642 727 -6584 -882 4792 -38 447 66 -31 125 -23
1534181317.562731 688 605 649 731 642 727 -6556 -782 4860 100 111 7 -30 122 -24
1534181317.6291864 688 605 649 731 641 727 -6548 -844 4834 248 -16 -129 -32 124 -24
1534181317.7006612 688 605 649 731 642 727 -6520 -778 4854 318 -58 -149 -31 125 -23
1534181317.8175108 688 605 649 731 642 727 -6576 -788 4888 406 70 27 -30 125 -25
1534181317.8954585 688 605 649 731 641 727 -6506 -840 4954 137 277 -2 -30 124 -23
1534181317.9594693 688 604 649 731 642 726 -6496 -798 4880 17 -179 348 -33 124 -24
1534181317.9995136 687 605 649 731 642 727 -6492 -848 4900 285 57 -13 -30 124 -24
1534181318.0394194 688 605 649 731 642 726 -6512 -848 4852 379 639 471 -33 125 -22
1534181318.11168 687 605 649 730 641 726 -6560 -898 4822 196 -663 -162 -29 123 -24
1534181318.1845922 687 605 649 731 641 726 -6636 -862 4764 1171 -2099 -738 -32 123 -23
1534181318.255674 688 605 649 731 642 726 -6506 -556 5120 3806 -709 897 -32 124 -23
1534181318.3292155 688 605 650 730 642 726 -6818 114 4584 -2001 -777 -534 -34 122 -24
1534181318.401603 688 606 650 731 643 726 -6736 -416 4650 -2787 1080 -322 -35 123 -26
1534181318.5723217 689 606 650 731 643 727 -7048 -368 4054 4681 -2801 -100 -36 122 -27
1534181318.6535366 689 606 650 731 644 728 -7428 456 3606 4807 -4294 20 -36 122 -27
1534181318.7194722 689 607 651 731 644 727 -6414 546 5376 -806 116 228 -36 120 -27
1534181318.7596853 689 607 650 731 643 727 -6012 -736 5608 1061 -1138 825 -39 120 -28
1534181318.8014061 688 607 651 731 643 727 -7060 -148 4126 -2906 700 -2551 -37 119 -24
1534181318.8457046 689 606 650 731 642 727 -5472 -444 6314 -2914 5956 -483 -36 122 -26
1534181318.9068882 688 606 649 731 642 727 -6514 594 3478 1471 -1464 -629 -36 121 -21
1534181318.978791 689 606 649 731 642 726 -6362 -936 4958 -1333 -1518 -236 -35 120 -27
1534181319.0472503 688 606 649 731 642 726 -6168 -564 5352 -205 56 -6 -34 123 -25
1534181319.1165001 688 605 649 731 642 727 -6714 -708 4648 279 103 150 -36 122 -23
1534181319.1950197 688 605 649 731 642 727 -6462 -712 4956 152 119 -36 -35 123 -26
1534181319.252644 689 605 649 731 642 727 -6502 -660 4878 -26 406 4 -35 124 -24
1534181319.3214955 689 606 650 731 642 727 -6596 -690 4832 176 207 -42 -34 123 -24
1534181319.3920026 688 605 649 731 642 727 -6456 -796 4868 136 -138 -51 -35 121 -23
1534181319.4608395 689 605 650 731 642 727 -6584 -692 4904 82 275 -47 -35 121 -23
1534181319.5289674 689 605 649 731 641 727 -6492 -808 4832 93 243 -85 -34 122 -24
1534181319.5982943 689 605 649 731 642 727 -6564 -756 4828 220 146 -73 -33 123 -20
1534181319.6629083 688 605 649 731 642 727 -6512 -798 4884 113 231 49 -35 123 -25
1534181319.7364764 688 605 649 731 642 727 -6514 -700 4840 393 -266 -147 -35 125 -23
1534181319.805395 688 606 649 731 642 727 -6502 -866 4848 93 628 288 -33 124 -24
1534181319.908383 688 605 649 731 641 727 -6574 -788 4800 272 -158 -219 -33 120 -22
1534181320.006487 689 606 650 731 642 727 -6544 -750 4808 303 53 -110 -35 119 -24
1534181320.1023965 688 605 649 731 642 727 -6512 -786 4880 222 299 37 -34 121 -22
1534181320.1523042 688 605 649 731 642 727 -6568 -760 4822 307 -127 -93 -36 123 -21
1534181320.1902778 689 605 650 731 642 726 -6480 -792 4848 310 441 128 -32 123 -22
1534181320.226567 688 605 649 731 641 727 -6536 -770 4874 202 11 -72 -35 124 -22
1534181320.2893534 689 605 649 731 642 727 -6528 -788 4730 178 330 140 -33 124 -22
1534181320.3594735 688 605 649 731 642 727 -6558 -728 4822 154 405 151 -35 123 -23
1534181320.4273965 689 606 649 731 642 727 -6592 -812 4750 230 133 82 -33 123 -20
1534181320.4939756 688 605 649 731 642 727 -6538 -762 4828 120 186 6 -33 122 -23
1534181320.6803043 688 605 649 731 642 727 -6596 -826 4798 250 233 141 -34 123 -23
1534181320.7545917 688 605 649 731 642 727 -6514 -808 4866 179 102 -30 -34 124 -24
1534181320.8182712 689 605 649 731 642 727 -6600 -758 4664 280 111 40 -32 121 -25
1534181320.8572443 689 605 649 731 641 727 -6508 -874 4880 151 117 69 -35 124 -25
1534181320.8972323 688 606 649 731 642 727 -6566 -756 4804 145 358 125 -35 121 -23
1534181320.9524667 689 606 649 731 642 727 -6540 -790 4874 220 134 88 -33 124 -24
1534181321.007461 688 605 649 731 642 727 -6572 -766 4806 233 218 107 -33 125 -23
1534181321.05867 688 605 649 731 641 727 -6534 -784 4834 186 167 3 -33 123 -24
1534181321.1085238 688 605 649 731 642 727 -6600 -778 4758 166 227 72 -33 122 -23
1534181321.1805668 688 605 649 731 642 726 -6518 -826 4898 215 137 68 -33 123 -24
1534181321.3243146 688 605 649 731 642 726 -6606 -756 4766 229 232 63 -33 122 -23
1534181321.4023883 688 605 649 731 642 727 -6546 -790 4812 331 70 -16 -32 124 -23
1534181321.4843643 688 605 649 731 642 727 -6568 -764 4790 172 302 108 -34 121 -23
1534181321.5202727 689 605 649 730 642 727 -6590 -848 4802 227 350 26 -34 123 -22
1534181321.5541828 688 605 649 731 642 726 -6578 -792 4810 247 53 -48 -34 125 -22
1534181321.5945733 688 606 649 731 642 726 -6568 -684 4792 236 269 31 -33 122 -22
1534181321.6577723 688 605 649 731 642 726 -6632 -780 4776 319 330 104 -34 123 -24
1534181321.7249994 688 605 649 731 642 727 -6588 -798 4818 207 33 -86 -36 123 -25
1534181321.7956238 688 605 649 731 642 726 -6622 -734 4732 328 140 -105 -35 125 -26
1534181321.8653622 688 605 649 731 642 727 -6662 -814 4790 362 92 -128 -33 124 -26
1534181322.0164304 688 605 649 731 642 727 -6576 -768 4736 294 64 -3 -32 122 -24
1534181322.1161623 688 605 649 731 642 727 -6574 -794 4842 248 157 46 -34 126 -24
1534181322.1732652 688 605 649 731 642 727 -6550 -736 4700 260 164 -1 -33 122 -24
1534181322.217321 688 605 649 731 641 727 -6600 -800 4738 94 590 277 -36 123 -27
1534181322.2571867 689 605 649 731 641 727 -6656 -766 4738 151 456 84 -34 123 -24
1534181322.2931368 688 605 649 731 642 727 -6602 -710 4736 150 -311 656 -35 122 -25
1534181322.3484774 687 605 649 731 642 726 -6744 -1030 3482 1116 -2755 -2160 -32 125 -24
1534181322.419354 688 605 649 731 642 726 -6806 -180 4668 533 2328 866 -32 123 -24
1534181322.4915514 688 605 650 731 642 726 -6870 -478 4178 2128 338 1296 -35 123 -25
1534181322.5654569 688 606 650 731 643 727 -6578 -232 4738 -136 -2478 -193 -36 121 -27
1534181322.6884215 689 606 650 731 643 726 -6384 -142 5112 1143 -173 445 -38 121 -28
1534181322.7742457 688 607 651 731 643 727 -6556 176 4896 -104 1009 -479 -39 121 -28
1534181322.8402195 688 607 650 731 642 727 -6698 -192 4912 -302 163 -1813 -39 120 -31
1534181322.8821442 689 606 650 731 642 726 -7246 104 4218 1391 -10289 -5622 -39 118 -28
1534181322.9262004 688 606 649 731 641 727 -5102 -1044 3494 3065 8239 4495 -38 120 -28
1534181323.0004005 689 606 649 731 641 727 -6696 308 3596 -2523 -2499 -3419 -33 123 -23
1534181323.0722759 688 606 649 731 642 727 -6068 -812 5124 -1435 -507 38 -34 121 -27
1534181323.141337 688 606 649 731 642 727 -6402 -578 5296 126 1599 725 -33 122 -25
1534181323.214721 688 605 649 730 642 727 -6632 -730 4718 -290 -160 -258 -33 122 -22
1534181323.2841063 688 605 649 731 642 727 -6504 -690 4794 -16 109 110 -34 123 -23
1534181323.4257016 688 605 649 730 641 727 -6476 -700 4946 68 189 -62 -32 122 -24
1534181323.5240645 688 605 649 731 641 727 -6558 -664 4842 170 478 36 -35 124 -24
1534181323.5898104 688 605 649 731 642 727 -6530 -872 4884 51 123 -75 -32 122 -25
1534181323.6360538 688 605 649 731 641 727 -6518 -604 4800 210 -49 -63 -34 125 -25
1534181323.6722443 688 605 649 731 641 727 -6560 -774 4792 213 307 166 -33 123 -25
1534181323.7111616 688 605 649 731 641 727 -6518 -806 4902 136 3 -173 -33 124 -24
1534181323.7607493 688 605 649 731 641 726 -6536 -684 4854 156 94 66 -33 122 -24
1534181323.8313746 688 605 649 731 641 726 -6486 -800 4886 211 150 -16 -33 126 -25
1534181323.8973222 688 605 649 731 641 727 -6544 -780 4890 7 182 78 -33 123 -22
1534181323.966571 688 605 649 730 642 726 -6564 -732 4786 228 242 64 -33 124 -25
1534181324.1220212 688 605 649 731 641 727 -6524 -806 4844 224 183 70 -35 124 -23
1534181324.1810436 688 605 649 731 641 726 -6550 -740 4906 233 57 -55 -33 121 -24
1534181324.2325544 688 605 649 731 642 727 -6538 -768 4818 269 168 79 -34 124 -25
1534181324.2714977 688 605 649 731 642 727 -6512 -800 4910 166 121 0 -33 123 -24
1534181324.3060436 688 605 649 731 641 726 -6512 -760 4838 200 22 61 -34 124 -24
1534181324.3703208 688 605 649 731 641 727 -6524 -800 4824 226 256 50 -32 124 -22
1534181324.439484 688 605 649 731 641 726 -6522 -710 4880 171 12 -13 -33 124 -23
1534181324.5062928 688 605 649 731 642 727 -6552 -736 4806 230 254 94 -34 125 -23
1534181324.5772896 689 605 649 731 642 727 -6520 -736 4878 239 218 -38 -31 125 -24
1534181324.64401 689 605 649 731 642 727 -6532 -794 4870 200 48 107 -33 122 -24
1534181324.726048 688 605 649 731 641 727 -6516 -760 4784 245 168 11 -32 123 -23
1534181324.7999966 688 605 649 731 642 726 -6524 -792 4828 154 116 114 -33 123 -24
1534181324.8569992 689 606 649 731 641 727 -6530 -724 4872 280 180 -1 -32 124 -25
1534181324.9161057 689 605 649 731 641 727 -6490 -790 4934 166 76 50 -33 122 -23
1534181324.984267 688 605 649 731 641 726 -6542 -800 4726 242 173 23 -33 123 -25
1534181325.0533402 689 606 649 731 641 727 -6492 -740 4878 210 192 75 -32 124 -23
1534181325.1210985 688 605 649 731 641 727 -6574 -748 4788 191 119 66 -33 124 -23
1534181325.1891863 689 605 649 731 642 727 -6502 -798 4826 341 167 13 -29 124 -24
1534181325.2552774 688 606 649 731 642 727 -6546 -768 4834 158 233 54 -35 124 -24
1534181325.326104 689 606 649 730 641 727 -6580 -752 4858 263 266 35 -33 123 -23
1534181325.522216 688 605 649 731 642 727 -6536 -852 4848 233 125 110 -33 123 -25
1534181325.6029627 689 605 649 731 641 727 -6528 -772 4882 169 149 -4 -33 123 -23
1534181325.6659718 688 605 649 731 642 728 -6554 -764 4752 197 209 20 -33 125 -24
1534181325.701938 688 605 649 731 642 726 -6540 -784 4854 176 137 90 -32 124 -25
1534181325.739072 688 605 649 731 641 726 -6522 -818 4818 114 131 50 -33 124 -25
1534181325.7891006 688 605 649 731 641 726 -6610 -734 4800 204 291 87 -33 123 -22
1534181325.839651 688 605 649 731 641 726 -6556 -808 4940 391 278 88 -32 124 -22
1534181325.88822 688 605 649 731 642 727 -6524 -784 4818 251 188 -107 -32 123 -24
1534181325.9413867 688 605 649 731 642 727 -6560 -732 4792 257 222 8 -32 124 -25
1534181326.009043 688 605 649 731 642 726 -6604 -806 4820 147 595 170 -33 124 -27
1534181326.1014545 689 605 649 731 641 727 -6604 -684 4666 -133 963 529 -33 125 -24
1534181326.163054 688 605 649 731 641 727 -6684 -762 4532 252 -10 -51 -33 125 -24
1534181326.2149706 688 605 649 731 641 727 -6564 -748 4774 337 68 -80 -34 121 -25
1534181326.2859414 687 605 649 730 642 725 -6804 -764 4556 359 -770 -2 -34 125 -25
1534181326.3601718 688 605 649 730 641 726 -6558 -1080 4858 -4205 2288 1807 -31 125 -23
1534181326.4335506 687 605 649 731 642 726 -6908 -736 4060 -393 1165 -1030 -32 123 -25
1534181326.5072012 688 606 650 730 642 726 -6986 -342 3952 2502 -2708 -741 -36 122 -28
1534181326.5799623 688 606 650 731 643 726 -6726 -170 4582 2958 -2172 -846 -37 121 -28
1534181326.6532469 688 606 650 731 643 727 -6722 -142 4848 -342 -1625 -1758 -36 122 -30
1534181326.7261376 689 607 650 731 643 727 -6562 -596 4796 -117 563 410 -36 122 -27
1534181326.8489013 688 607 650 731 643 727 -6834 -112 4346 728 1048 -1527 -35 123 -27
1534181326.9328537 688 607 650 731 642 726 -7286 -976 5586 5088 -16387 -2818 -39 122 -30
1534181326.9991412 688 605 649 730 641 727 -5658 84 5426 -665 6107 -293 -34 121 -26
1534181327.0439844 688 606 649 730 642 727 -7946 -428 2634 -1214 1443 -105 -34 124 -28
1534181327.089078 688 606 649 730 641 726 -6760 -900 4754 273 -3739 -1794 -36 125 -31
1534181327.1581032 688 606 649 730 642 726 -6178 -556 5390 652 803 -37 -35 122 -27
1534181327.2271302 688 605 649 730 642 727 -7022 -814 4072 -220 588 5 -33 122 -25
1534181327.2969432 688 605 649 730 641 726 -6732 -792 4644 319 -281 -17 -31 124 -27
1534181327.3660865 687 605 650 731 642 726 -6614 -642 4770 137 179 -18 -33 122 -28
1534181327.4340286 688 606 649 730 641 727 -6776 -864 4496 17 577 101 -34 123 -28
1534181327.6130466 688 605 649 731 641 727 -6788 -766 4512 92 152 218 -33 125 -27
1534181327.730109 688 605 649 730 641 727 -6774 -690 4574 130 -55 -27 -32 124 -27
1534181327.8499196 688 605 649 730 641 727 -6652 -704 4574 142 397 50 -33 123 -27
1534181327.899884 688 606 649 731 641 727 -6806 -792 4424 268 192 58 -33 123 -27
1534181327.9378526 688 605 649 731 642 727 -6682 -742 4632 160 -41 -76 -35 122 -29
1534181327.9869816 688 606 649 731 641 727 -6834 -802 4466 125 382 172 -34 122 -25
1534181328.0330336 688 606 649 730 642 727 -6744 -734 4580 58 -45 71 -34 124 -26
1534181328.0805197 688 606 649 730 641 727 -6798 -782 4514 6 457 160 -35 123 -28
1534181328.1240907 688 605 649 730 641 727 -6780 -722 4522 183 -313 10 -33 124 -27
1534181328.1717956 688 605 649 730 642 727 -6740 -724 4512 143 316 166 -34 123 -27
1534181328.2687628 688 605 649 730 641 726 -6742 -820 4554 212 205 13 -32 124 -25
1534181328.3478262 688 605 649 731 641 727 -6782 -736 4494 239 17 -44 -32 124 -27
1534181328.4227753 688 605 649 731 642 727 -6690 -812 4628 159 249 149 -32 125 -29
1534181328.4609249 688 605 649 731 641 727 -6730 -756 4492 219 81 1 -34 123 -29
1534181328.4987686 688 605 649 731 641 727 -6750 -758 4496 222 -15 17 -34 125 -28
1534181328.53873 688 605 649 730 641 727 -6766 -772 4552 129 304 94 -35 122 -28
1534181328.5908167 687 605 649 731 642 727 -6712 -794 4508 200 27 9 -33 123 -26
1534181328.659136 688 605 649 731 641 727 -6756 -786 4582 248 269 76 -33 123 -27
1534181328.7269988 688 605 649 731 641 727 -6740 -782 4486 275 91 17 -33 123 -25
1534181328.7949994 688 605 649 731 642 726 -6804 -800 4490 293 191 -17 -33 122 -29
1534181329.0078785 688 605 649 731 641 727 -6716 -792 4556 195 6 45 -33 124 -26
1534181329.1088614 688 605 649 731 642 727 -6744 -770 4552 257 244 87 -34 123 -28
1534181329.1578038 688 606 649 731 642 726 -6776 -808 4548 332 -96 -56 -33 124 -26
1534181329.1926732 688 605 649 731 641 727 -6742 -742 4500 157 164 60 -32 123 -26
1534181329.2338266 688 605 649 730 642 726 -6746 -776 4544 180 317 114 -35 123 -26
1534181329.276028 688 605 649 731 641 727 -6752 -858 4550 168 147 121 -32 124 -28
1534181329.3147562 688 605 649 731 641 727 -6774 -754 4500 157 242 100 -34 125 -27
1534181329.3497658 688 605 649 731 641 727 -6770 -764 4492 246 220 124 -34 122 -25
1534181329.409876 688 605 649 731 641 727 -6780 -804 4476 209 206 0 -36 122 -30
1534181329.4809234 688 605 649 730 641 727 -6740 -686 4554 333 135 -157 -34 123 -27
1534181329.5988119 688 605 650 731 642 727 -6844 -790 4414 363 387 6 -34 122 -28
1534181329.7049124 688 605 649 731 641 726 -6770 -818 4558 184 161 126 -34 123 -29
1534181329.7996247 688 605 649 731 641 727 -6756 -778 4580 94 206 123 -34 123 -28
1534181329.8708408 688 605 649 731 641 727 -6784 -748 4452 173 195 -35 -33 123 -27
1534181329.9132442 689 605 649 731 641 727 -6806 -746 4512 163 92 62 -33 125 -27
1534181329.9517412 688 605 649 730 641 726 -6842 -822 4498 286 69 -9 -33 125 -26
1534181329.9979274 688 605 649 731 641 727 -6804 -728 4474 230 106 134 -32 124 -26
1534181330.0459247 688 605 649 731 641 727 -6818 -838 4546 160 142 36 -35 123 -28
1534181330.0959077 688 605 649 730 641 727 -6824 -734 4408 361 -76 -122 -34 125 -26
1534181330.1647148 687 605 649 730 642 726 -6714 -832 4522 165 342 179 -32 125 -28
1534181330.2868207 688 605 649 731 641 727 -6800 -780 4464 104 211 79 -32 124 -27
1534181330.3806894 688 605 649 730 641 726 -6748 -746 4460 205 163 57 -32 125 -28
1534181330.4588127 688 605 649 730 642 726 -6584 -582 4272 492 -1212 -135 -34 126 -29
1534181330.5035458 687 605 649 730 641 727 -6620 -790 4934 -321 -103 104 -33 124 -28
1534181330.544098 687 605 649 730 642 726 -6622 -1060 4972 -2933 1022 904 -34 124 -27
1534181330.5886512 688 605 649 730 642 726 -6856 -424 4272 3003 -118 1810 -30 125 -25
1534181330.6635556 688 606 650 731 643 727 -6880 -688 4058 -1794 330 -1072 -33 124 -26
1534181330.7359438 688 606 650 731 643 727 -6944 -614 4202 -2854 51 -1162 -36 123 -30
1534181330.807814 688 607 651 731 643 726 -6756 -912 4082 2887 -3180 415 -33 122 -29
1534181330.8788514 689 607 651 731 643 727 -7344 516 3396 1954 -5727 -892 -34 123 -28
1534181331.0937746 689 607 651 731 643 726 -6402 -352 5064 2254 -2306 -472 -40 121 -29
1534181331.1626267 688 607 650 731 643 727 -5526 -1116 6196 -45 4479 -245 -38 119 -29
1534181331.2056499 689 606 650 731 642 726 -6966 20 4580 -2861 -6080 -904 -37 121 -26
1534181331.248959 688 606 650 731 641 727 -6816 -384 5350 -992 10711 2963 -36 121 -23
1534181331.290679 689 606 650 731 641 726 -7054 458 2656 -30 -1214 -3675 -39 120 -27
1534181331.3336413 688 605 649 731 641 727 -6542 -1140 5520 434 -2599 -1368 -39 123 -29
1534181331.3868177 688 606 649 731 642 727 -6640 -692 4690 189 1067 -45 -35 123 -27
1534181331.4591792 688 606 649 731 641 727 -6778 -742 4428 205 -557 -111 -34 123 -26
1534181331.530214 688 606 649 730 641 726 -6636 -762 4790 -122 758 198 -34 124 -27
1534181331.598659 688 605 649 731 641 727 -6766 -758 4556 -41 577 108 -35 122 -25
1534181331.7147255 688 606 649 730 641 727 -6788 -692 4512 254 139 11 -34 124 -26
1534181331.85169 688 606 649 731 641 726 -6732 -870 4606 102 466 143 -36 122 -26
1534181331.9255333 688 605 649 731 641 727 -6748 -650 4456 406 -278 -348 -35 123 -28
1534181331.96884 688 606 649 731 641 727 -6760 -778 4544 116 699 261 -34 123 -25
1534181332.0085604 688 605 649 730 641 727 -6780 -828 4440 60 191 -29 -33 123 -26
1534181332.0465012 688 605 649 731 641 727 -6778 -722 4536 8 210 114 -36 123 -29
1534181332.086933 688 605 649 731 641 727 -6830 -820 4526 211 196 28 -34 124 -26
1534181332.1486728 688 605 649 731 641 727 -6774 -770 4524 316 131 -24 -35 122 -25
1534181332.217798 689 605 649 731 641 727 -6754 -756 4466 252 327 112 -35 123 -25
1534181332.284608 688 605 649 731 641 727 -6788 -864 4522 216 51 5 -34 124 -23
1534181332.4127717 689 605 650 731 641 727 -6806 -676 4526 209 157 72 -37 125 -25
1534181332.5522714 688 605 649 731 641 727 -6788 -796 4576 286 96 111 -36 122 -27
1534181332.636635 688 605 649 731 641 726 -6748 -790 4582 202 213 18 -35 123 -27
1534181332.7172124 688 605 649 731 641 727 -6782 -770 4460 234 169 137 -33 123 -26
1534181332.7651126 688 606 649 730 641 727 -6740 -800 4486 244 53 -46 -34 123 -28
1534181332.8028822 688 606 649 731 641 726 -6794 -754 4462 204 165 146 -34 124 -28
1534181332.8354692 688 606 649 731 641 727 -6782 -798 4530 251 266 27 -34 125 -26
1534181332.8712714 688 605 649 731 641 727 -6808 -762 4460 181 115 69 -36 124 -26
1534181332.9106205 688 605 649 731 641 727 -6800 -806 4426 257 127 63 -34 123 -27
1534181332.9668083 689 605 649 731 641 726 -6760 -756 4460 250 200 1 -35 124 -27
1534181333.06848 688 605 649 731 641 726 -6802 -780 4502 245 89 54 -36 124 -27
1534181333.151491 689 605 649 731 641 726 -6772 -788 4604 219 147 102 -34 123 -25
1534181333.2107186 688 605 649 731 641 727 -6832 -760 4438 201 185 64 -34 123 -28
1534181333.249731 688 605 649 731 641 727 -6726 -810 4560 176 85 32 -35 122 -26
1534181333.3054197 688 605 649 731 641 726 -6786 -732 4496 168 147 127 -34 124 -26
1534181333.3737507 688 605 649 730 641 727 -6788 -842 4506 248 321 108 -35 121 -26
1534181333.444048 688 605 649 730 641 727 -6818 -740 4494 181 127 42 -36 123 -27
1534181333.5119295 688 605 649 731 641 727 -6782 -776 4516 220 287 43 -35 123 -28
1534181333.579512 688 605 649 730 641 727 -6792 -784 4528 99 119 125 -31 126 -27
1534181333.6487515 688 605 649 731 641 727 -6756 -754 4470 266 112 17 -35 123 -28
1534181333.834481 688 605 649 730 641 726 -6786 -774 4548 244 212 91 -34 123 -30
1534181333.9123812 688 605 649 731 641 726 -6782 -716 4488 96 347 202 -36 123 -29
1534181333.9744565 688 605 649 731 641 727 -6788 -766 4468 227 172 33 -35 122 -25
1534181334.018561 688 605 649 730 641 726 -6842 -786 4428 231 110 34 -34 123 -26
1534181334.0554142 689 605 649 730 641 727 -6768 -774 4480 246 53 -46 -34 124 -27
1534181334.096579 688 605 649 731 641 726 -6816 -734 4486 162 142 115 -34 121 -26
1534181334.1416683 688 605 649 731 641 727 -6834 -766 4396 177 223 149 -35 124 -25
1534181334.1955469 688 605 649 731 641 727 -6772 -786 4534 236 120 -22 -34 124 -29
1534181334.2636456 687 605 649 731 641 727 -6824 -730 4370 246 118 77 -34 123 -28
1534181334.3335438 688 605 649 731 641 726 -6780 -814 4458 306 211 -17 -36 123 -26
1534181334.4698231 688 605 649 730 641 727 -6806 -726 4522 102 631 -35 -34 124 -26
1534181334.6144269 688 605 649 731 641 727 -6820 -836 4320 269 220 86 -35 124 -28
1534181334.6723742 688 605 649 731 641 727 -6774 -778 4498 237 221 6 -36 122 -27
1534181334.7123108 688 605 649 731 641 727 -6832 -778 4456 149 161 26 -37 123 -27
1534181334.7525542 688 605 649 731 641 728 -6826 -736 4452 294 186 -140 -33 124 -28
1534181334.8059578 688 605 649 731 641 727 -6820 -778 4462 340 302 16 -35 124 -26
1534181334.8544323 688 605 649 731 641 727 -6828 -834 4440 194 227 128 -34 125 -28
1534181334.9047954 688 605 649 731 641 727 -6814 -752 4412 372 222 -19 -36 123 -26
1534181334.9631155 688 605 649 731 641 727 -6888 -788 4374 118 196 124 -34 122 -29
1534181335.0201268 688 605 649 730 641 726 -6866 -786 4212 330 -121 80 -33 124 -27
1534181335.157239 687 605 649 730 641 727 -6636 -710 4308 170 -266 412 -35 124 -28
1534181335.2268405 687 605 649 730 641 726 -6548 -722 3926 1294 -1888 1285 -35 122 -26
1534181335.3106163 688 605 649 730 642 727 -6910 -428 4228 3207 -1028 1127 -36 124 -27
1534181335.346304 687 606 649 730 642 726 -6604 -908 4898 -728 -839 -1009 -37 121 -28
1534181335.3803766 688 606 650 731 643 727 -6586 -526 5182 308 1910 775 -40 122 -27
1534181335.4517777 689 607 650 731 643 727 -6464 -172 5144 -382 3121 1143 -39 120 -27
1534181335.5257492 689 607 650 731 643 727 -6984 -146 4120 570 -3088 -1270 -38 118 -29
1534181335.5964956 688 607 650 731 643 727 -6460 74 5014 584 -581 -1401 -40 119 -30
1534181335.6676564 689 607 650 731 642 727 -6270 194 5818 117 -4751 -1213 -40 120 -30
1534181335.7452416 688 606 650 731 641 726 -6584 -1190 6116 -1138 6883 76 -38 120 -24
1534181335.9033868 688 606 649 730 641 726 -7694 -6 2474 -2041 3019 -586 -38 122 -29
1534181335.991285 688 605 649 730 641 726 -6966 -984 4458 -83 -3247 -1777 -38 123 -32
1534181336.047531 688 605 649 730 641 726 -6536 -452 4936 128 130 -107 -35 124 -30
1534181336.088264 688 605 650 730 641 726 -6904 -828 4312 -262 269 -94 -35 122 -27
1534181336.124293 687 605 649 730 641 727 -6790 -580 4608 358 -396 -451 -35 123 -28
1534181336.1645153 688 605 649 730 641 726 -6802 -740 4538 36 670 -57 -35 124 -28
1534181336.2365665 688 605 649 730 641 726 -6890 -672 4412 213 -195 -207 -37 124 -27
1534181336.3054347 687 606 649 730 641 726 -6764 -670 4568 115 664 270 -34 124 -27
1534181336.3753598 688 606 649 730 641 726 -6836 -786 4376 -145 293 124 -35 122 -29
1534181336.4464064 688 606 649 730 641 726 -6858 -724 4416 -285 243 393 -34 125 -31
1534181336.5992734 688 606 649 730 641 726 -6768 -582 4476 73 404 -89 -36 125 -26
1534181336.677391 688 605 649 730 641 727 -6868 -772 4330 340 477 -110 -37 125 -27
1534181336.7443287 688 605 649 730 641 726 -6926 -728 4342 244 76 84 -34 125 -28
1534181336.792423 688 605 649 730 641 726 -6830 -842 4518 150 215 276 -36 121 -27
1534181336.83121 688 605 649 730 641 726 -6866 -708 4384 259 -119 -198 -35 123 -29
1534181336.8682911 688 606 649 730 641 727 -6818 -716 4396 172 269 102 -35 122 -28
1534181336.927212 688 605 649 730 641 727 -6852 -850 4494 24 212 20 -36 122 -28
1534181336.9943385 688 605 649 730 641 726 -6954 -668 4396 258 32 35 -33 125 -29
1534181337.0621784 688 605 649 730 641 726 -6840 -758 4504 197 207 37 -33 122 -28
1534181337.1302094 688 605 649 730 641 726 -6918 -760 4370 235 121 70 -34 123 -28
1534181337.252307 687 605 649 730 641 726 -6832 -824 4490 281 -3 -75 -35 123 -28
1534181337.3342907 687 605 649 730 641 726 -6882 -684 4264 272 149 52 -34 125 -28
1534181337.3813674 688 605 649 730 641 727 -6836 -782 4484 269 224 76 -34 123 -30
1534181337.4152389 687 605 649 730 641 726 -6840 -744 4484 292 295 86 -35 123 -28
1534181337.4694679 688 605 649 730 641 726 -6870 -722 4436 223 78 79 -35 124 -27
1534181337.538553 688 605 649 730 641 726 -6844 -742 4452 192 115 -58 -35 124 -29
1534181337.6072478 687 605 649 730 641 726 -6876 -706 4392 242 121 68 -35 123 -28
1534181337.6758685 687 605 649 730 641 727 -6854 -844 4356 157 229 94 -34 124 -29
1534181337.7452614 688 605 649 730 641 726 -6834 -702 4430 311 125 -49 -37 123 -28
1534181337.8113766 687 605 649 730 641 726 -6884 -808 4398 140 212 99 -36 125 -30
1534181337.958311 687 605 649 730 641 726 -6900 -768 4348 169 117 89 -35 124 -28
1534181338.0521746 688 605 649 731 641 727 -6880 -646 4430 209 68 189 -36 122 -29
1534181338.1211987 688 605 649 730 641 727 -6828 -770 4450 264 434 -18 -35 126 -28
1534181338.1623194 687 605 649 730 641 726 -6896 -664 4242 201 199 -57 -35 122 -27
1534181338.2002192 687 605 649 730 641 726 -6922 -812 4370 195 357 84 -35 124 -27
1534181338.2485251 687 605 649 730 642 726 -6888 -724 4336 320 -14 -60 -34 123 -28
1534181338.297397 688 605 649 730 641 727 -6854 -724 4408 232 471 188 -36 124 -28
1534181338.3623538 687 605 649 730 641 726 -7002 -746 4240 266 488 -142 -33 122 -29
1534181338.4303946 687 605 649 730 641 726 -6970 -818 4246 280 243 73 -35 124 -30
1534181338.500405 688 605 649 731 641 726 -6908 -772 4410 145 -207 -74 -34 124 -29
1534181338.5941775 688 605 649 730 641 726 -6916 -670 4268 190 447 227 -35 123 -30
1534181338.6501226 688 605 649 730 641 726 -6930 -776 4356 159 6 -7 -36 123 -28
1534181338.7031453 688 605 649 730 641 726 -6910 -760 4308 61 103 -55 -34 124 -28
1534181338.7730765 688 605 649 730 641 726 -6910 -694 4278 283 128 44 -34 125 -28
1534181338.8414323 688 605 649 730 641 727 -6908 -854 4308 276 437 65 -34 122 -29
1534181338.9112637 688 605 649 730 641 726 -6912 -634 4332 305 -145 -79 -33 124 -28
1534181338.9802303 688 605 649 731 641 726 -6930 -732 4292 398 317 93 -35 126 -29
1534181339.0475574 687 605 649 730 641 727 -6966 -800 4234 399 76 -53 -35 123 -29
1534181339.1143646 688 605 649 730 641 727 -6930 -674 4364 177 185 89 -37 124 -31
1534181339.1851566 688 605 649 730 641 726 -6916 -758 4296 265 246 240 -37 126 -29
1534181339.356071 687 605 649 731 641 727 -6942 -714 4316 89 78 81 -34 124 -31
1534181339.4410775 688 605 649 731 641 726 -6944 -750 4288 200 122 16 -35 123 -29
1534181339.5313385 688 605 649 730 641 726 -6946 -776 4288 199 169 27 -35 123 -29
1534181339.5732112 688 605 649 730 641 727 -6944 -740 4284 247 39 -124 -35 123 -30
1534181339.613069 688 605 649 730 641 726 -6896 -694 4296 185 146 147 -34 122 -30
1534181339.6520593 688 605 649 730 641 727 -6954 -750 4278 213 307 72 -35 123 -32
1534181339.6901596 688 605 649 729 641 726 -6900 -732 4276 247 159 66 -36 125 -30
1534181339.7310889 688 605 649 730 641 726 -6968 -784 4286 80 -136 -385 -35 123 -28
1534181339.8007567 688 605 649 730 641 726 -6868 -828 4368 -22 -84 333 -34 125 -28
1534181339.8731892 688 605 649 730 641 726 -6812 -694 4512 -1791 676 431 -33 126 -30
1534181340.0857968 688 605 649 730 641 726 -7144 -1172 4460 2002 -348 455 -35 124 -29
1534181340.1599972 688 606 650 730 642 726 -7170 -268 4134 2118 629 1853 -33 122 -30
1534181340.212053 688 606 650 730 642 726 -6700 -564 5102 2525 -2015 2234 -37 122 -28
1534181340.2520955 688 606 650 731 642 727 -6616 -472 5050 2231 3625 1948 -36 122 -27
1534181340.2919629 688 607 650 731 643 726 -6872 -666 4226 -3029 2826 16 -40 120 -30
1534181340.3443108 688 607 650 731 643 727 -6936 -180 4470 -262 4339 1057 -38 122 -29
1534181340.3981245 688 607 650 731 642 727 -7480 -504 2968 3958 -6398 -837 -38 120 -33
1534181340.4531484 688 606 650 731 642 727 -6318 -564 5584 -1183 -1138 -3335 -40 121 -33
1534181340.5272489 688 606 649 731 641 727 -4382 -1716 5172 3954 11614 6605 -36 122 -28
1534181340.6000063 688 606 649 730 641 726 -7284 -182 3350 -3 -2804 -1585 -36 123 -31
1534181340.7303402 688 606 649 730 641 727 -6304 -840 5456 -480 80 28 -34 124 -31
1534181340.8509524 688 606 649 730 641 727 -6994 -582 3978 653 574 -91 -35 124 -28
1534181340.9209683 688 605 649 730 641 727 -6846 -724 4406 185 -1059 -183 -35 123 -31
1534181340.9651525 688 605 649 730 641 726 -6708 -640 4656 -8 153 206 -36 122 -28
1534181341.0019774 688 605 649 730 641 726 -6904 -618 4386 -39 571 102 -35 124 -29
1534181341.0419252 688 605 649 730 641 727 -6812 -712 4486 289 94 -127 -34 124 -29
1534181341.0852454 688 605 649 730 641 727 -6870 -632 4440 280 258 -31 -35 125 -30
1534181341.1542022 687 605 649 730 641 726 -6856 -770 4500 107 101 -85 -35 123 -28
1534181341.223088 687 605 649 730 641 726 -6834 -660 4358 189 99 -61 -35 125 -28
1534181341.2926252 688 605 649 730 641 727 -6850 -674 4488 194 175 -33 -36 125 -28
1534181341.4350853 688 605 649 730 641 727 -6878 -720 4482 68 45 -77 -34 124 -29
1534181341.551009 687 605 649 730 641 727 -6818 -722 4412 155 367 121 -34 124 -29
1534181341.6099722 687 606 649 730 641 727 -6784 -750 4442 191 6 -7 -34 123 -30
1534181341.6449256 687 605 649 730 641 726 -6852 -646 4424 163 67 49 -35 122 -28
1534181341.683161 687 605 649 730 641 726 -6784 -806 4458 260 237 73 -33 125 -27
1534181341.7313578 687 605 649 730 641 726 -6784 -692 4484 79 49 -17 -34 124 -29
1534181341.7847104 688 605 649 730 641 727 -6848 -738 4446 234 325 135 -35 126 -26
1534181341.837185 687 606 649 730 641 726 -6810 -740 4568 110 -11 -38 -37 124 -28
1534181341.9021425 688 605 649 730 641 726 -6878 -694 4426 199 154 103 -34 125 -30
1534181341.972403 687 605 649 730 641 727 -6822 -778 4558 113 217 99 -34 124 -28
1534181342.0869095 687 605 649 730 641 726 -6904 -674 4390 267 215 56 -35 122 -29
1534181342.1457481 687 605 649 730 641 726 -6820 -628 4426 160 382 148 -35 123 -28
1534181342.188881 688 605 649 730 641 726 -6876 -670 4334 471 -1 144 -36 125 -28
1534181342.244558 688 605 649 730 641 726 -6814 -854 4506 293 423 14 -35 125 -28
1534181342.3140717 688 605 649 730 641 726 -6886 -754 4442 96 -360 -105 -35 126 -27
1534181342.3830454 688 605 649 730 641 727 -6802 -638 4414 90 230 112 -33 124 -28
1534181342.4520693 687 605 649 730 641 726 -6810 -708 4450 215 363 170 -33 125 -30
1534181342.5215404 687 605 649 730 641 727 -6842 -770 4436 144 -55 -28 -36 123 -29
1534181342.5889783 687 605 649 730 641 727 -6818 -708 4450 217 147 39 -36 123 -28
1534181342.6600058 688 605 649 730 641 726 -6826 -704 4418 252 226 140 -34 124 -27
1534181342.8780274 688 605 649 730 641 726 -6830 -766 4406 106 87 -27 -35 124 -29
1534181342.9869964 688 605 649 730 641 725 -6830 -610 4390 190 164 45 -33 124 -27
1534181343.047829 687 605 649 730 641 727 -6820 -778 4532 195 293 84 -35 122 -28
1534181343.0838103 688 605 649 730 641 726 -6884 -672 4366 246 -58 -44 -36 124 -28
1534181343.1208477 687 605 649 730 641 726 -6826 -760 4492 216 463 122 -36 125 -26
1534181343.157836 687 605 649 730 641 726 -6874 -718 4292 253 -118 -124 -35 126 -29
1534181343.194001 688 605 649 730 641 727 -6790 -722 4480 196 353 74 -33 124 -28
1534181343.241095 687 605 649 730 641 726 -6902 -754 4280 211 168 72 -35 123 -29
1534181343.2962403 687 605 649 730 641 727 -6766 -674 4566 241 140 28 -37 124 -27
1534181343.344558 688 606 649 730 641 726 -6880 -726 4342 136 41 100 -34 123 -29
1534181343.5030944 688 605 649 730 641 726 -6820 -732 4496 180 194 16 -33 125 -28
1534181343.5858235 688 605 649 730 641 726 -6834 -678 4376 223 92 34 -35 124 -28
1534181343.6448667 688 605 649 730 641 726 -6846 -740 4432 265 190 125 -34 124 -29
1534181343.67787 688 605 649 730 641 727 -6824 -668 4436 186 98 -6 -34 125 -28
1534181343.7148242 688 605 649 730 641 727 -6840 -748 4418 222 224 118 -35 126 -29
1534181343.7640572 688 605 649 730 641 727 -6878 -704 4396 259 -60 -86 -33 122 -29
1534181343.8241098 688 605 649 730 641 727 -6838 -674 4406 157 261 146 -36 123 -28
1534181343.8900454 688 605 649 730 641 726 -6780 -702 4430 258 74 11 -34 125 -28
1534181343.9570582 688 605 649 730 641 726 -6844 -736 4348 226 148 27 -34 124 -28
1534181344.031295 687 605 649 730 641 726 -6796 -690 4494 136 166 113 -34 124 -28
1534181344.175805 688 605 649 730 641 726 -6862 -702 4394 244 275 -7 -35 125 -26
1534181344.248765 688 605 649 730 641 726 -6866 -672 4390 170 6 86 -34 124 -29
1534181344.312815 688 605 649 730 641 727 -6888 -748 4330 54 258 250 -33 124 -29
1534181344.3509474 688 605 649 730 641 726 -6826 -614 4526 470 -157 -51 -33 125 -28
1534181344.389725 688 605 649 730 641 726 -6880 -806 4350 485 679 -24 -36 123 -30
1534181344.4379685 688 605 649 730 641 727 -6832 -748 4356 54 -483 -272 -33 124 -28
1534181344.5081887 687 605 649 730 641 726 -6832 -578 4404 254 531 148 -36 122 -28
1534181344.5772727 688 605 649 730 641 727 -6860 -794 4396 235 274 174 -36 125 -29
1534181344.643222 687 605 649 730 641 727 -6800 -720 4480 -26 73 51 -35 124 -29
1534181344.7130427 687 605 649 730 641 727 -6812 -712 4396 257 338 -6 -34 124 -27
1534181344.8839881 687 605 649 730 641 726 -6496 -1186 5312 627 -1966 491 -34 125 -28
1534181345.0127475 687 605 649 730 641 726 -6564 -544 4900 3366 1898 2094 -33 123 -26
1534181345.0789878 687 606 649 730 642 727 -7054 -232 4386 -2347 1563 1650 -35 123 -26
1534181345.1167684 688 606 650 730 643 726 -7804 -398 2488 1688 -5797 764 -35 122 -29
1534181345.1566563 689 607 651 730 643 726 -7600 488 2902 5889 -8220 1124 -36 123 -31
1534181345.1949685 688 607 650 730 642 727 -7400 -52 4040 3722 -6116 669 -39 121 -30
1534181345.2500465 688 607 650 730 642 726 -6786 346 4770 1745 2127 18 -39 120 -28
1534181345.310386 688 607 650 730 641 726 -7038 -694 4628 2380 -3518 -2178 -42 119 -29
1534181345.360788 688 606 649 730 641 726 -6722 -56 6386 -575 10096 -54 -37 120 -31
1534181345.435772 688 606 649 730 641 726 -7362 210 2652 -2631 -1418 -4003 -40 121 -34
1534181345.6237686 688 606 649 730 641 726 -6738 -712 4902 -1577 -1445 -463 -38 123 -34
1534181345.8377588 687 605 649 730 641 726 -6624 -524 4842 -876 382 485 -34 125 -31
1534181345.9418678 688 605 649 730 641 726 -6980 -402 4222 -427 574 -102 -36 122 -30
1534181346.036692 687 605 649 730 641 726 -6798 -678 4628 344 -84 -439 -36 124 -32
1534181346.07359 688 605 649 730 641 726 -6922 -532 4330 111 471 41 -35 122 -32
1534181346.1129525 687 605 649 730 641 726 -6894 -644 4406 103 80 153 -35 122 -32
1534181346.1576946 688 605 649 730 641 726 -6830 -568 4554 -61 -16 -60 -33 124 -34
1534181346.2076128 688 605 649 730 641 727 -6866 -496 4380 231 311 -17 -35 121 -32
1534181346.2595863 687 605 649 730 641 726 -6820 -728 4478 16 206 -147 -35 124 -30
1534181346.311902 687 605 649 730 641 726 -6862 -614 4384 181 59 5 -33 125 -29
1534181346.433666 687 605 649 730 641 726 -6876 -602 4446 176 165 114 -36 125 -31
1534181346.5001354 688 605 649 730 641 726 -6814 -566 4488 74 67 28 -34 125 -30
1534181346.5586865 687 605 649 730 641 726 -6888 -588 4414 172 171 32 -33 124 -29
1534181346.5929434 687 605 648 730 641 726 -6840 -696 4444 159 210 25 -34 123 -31
1534181346.6286178 687 606 649 730 641 727 -6810 -620 4456 221 -12 -20 -34 125 -32
1534181346.6696486 688 605 649 730 641 726 -6872 -622 4414 123 223 82 -33 126 -30
1534181346.7243178 688 605 649 730 641 726 -6804 -652 4514 217 171 21 -36 125 -30
1534181346.7788713 687 605 649 730 641 726 -6862 -580 4362 232 33 -5 -35 124 -29
1534181346.8350399 687 605 649 730 641 726 -6840 -634 4484 139 289 64 -38 123 -31
1534181346.8889227 687 605 649 730 641 727 -6850 -634 4424 229 73 51 -35 125 -30
1534181347.079604 688 605 649 730 641 726 -6830 -646 4474 109 171 9 -37 123 -30
1534181347.1495583 688 605 649 730 641 726 -6836 -580 4444 185 163 -8 -36 124 -31
1534181347.2082417 687 605 649 730 641 726 -6842 -664 4446 211 124 30 -36 125 -31
1534181347.2468307 687 605 649 730 641 726 -6848 -644 4462 167 141 -7 -33 124 -31
1534181347.2835987 688 605 649 730 641 726 -6886 -626 4452 244 182 8 -36 124 -28
1534181347.322674 688 605 649 730 641 725 -6888 -732 4424 94 161 63 -33 126 -31
1534181347.3768983 688 605 649 730 641 726 -6804 -606 4446 229 81 10 -34 123 -31
1534181347.4307008 688 605 649 730 641 726 -6846 -636 4430 200 148 45 -34 127 -29
1534181347.481111 688 605 649 730 641 726 -6864 -644 4468 146 110 52 -35 123 -31
1534181347.5307229 688 605 648 730 641 726 -6846 -658 4430 190 156 87 -34 124 -30
1534181347.6095653 688 605 649 730 641 726 -6848 -710 4458 57 245 169 -34 125 -32
1534181347.688661 688 605 649 730 641 727 -6874 -650 4448 177 204 26 -35 125 -30
1534181347.7569392 687 605 649 730 641 726 -6832 -642 4420 177 -39 28 -33 124 -30
1534181347.796624 687 605 648 730 641 725 -6850 -654 4416 248 384 47 -35 124 -31
1534181347.8344872 688 605 649 730 641 727 -6888 -654 4444 286 127 19 -33 125 -30
1534181347.8942103 687 605 649 730 641 726 -6814 -662 4434 242 111 7 -34 124 -29
1534181347.9637444 688 605 649 730 641 726 -6838 -664 4404 292 117 -33 -34 123 -30
1534181348.0315564 687 605 649 730 641 727 -6822 -676 4484 178 99 47 -34 126 -29
1534181348.0987618 688 605 649 730 641 725 -6842 -658 4434 135 190 80 -35 122 -28
1534181348.1657991 687 605 649 730 641 726 -6872 -710 4400 78 208 150 -35 124 -30
1534181348.3106477 687 605 649 730 641 726 -6862 -698 4450 129 185 118 -33 127 -30
1534181348.4506934 688 605 649 730 641 726 -6864 -632 4364 257 98 -12 -35 124 -29
1534181348.5715215 687 605 649 730 641 726 -6858 -578 4382 343 189 4 -33 125 -29
1534181348.6315033 687 605 649 730 641 726 -6894 -696 4422 341 118 -40 -36 125 -30
1534181348.6671307 688 605 649 730 641 727 -6914 -706 4326 87 175 116 -34 124 -30
1534181348.7028556 688 605 649 730 641 726 -6786 -620 4502 51 -60 43 -35 122 -29
1534181348.7445226 688 605 649 730 641 726 -6876 -572 4398 253 247 100 -34 124 -30
1534181348.7897685 688 605 649 730 641 726 -6854 -762 4424 352 306 59 -35 124 -29
1534181348.8335316 687 605 649 730 641 726 -6858 -642 4478 353 -85 -195 -34 124 -30
1534181348.8755634 688 605 649 730 641 726 -6872 -598 4366 272 157 22 -35 123 -30
1534181348.9737978 688 605 649 730 641 726 -6858 -714 4462 310 340 63 -35 122 -29
1534181349.0514894 688 605 649 730 641 726 -6850 -662 4400 269 138 78 -34 124 -30
1534181349.1185546 687 605 649 730 641 727 -6868 -652 4396 50 -83 -22 -34 125 -30
1534181349.167463 687 605 648 730 641 727 -6830 -638 4380 123 160 21 -33 122 -30
1534181349.2025516 688 605 649 730 641 727 -6768 -686 4416 336 147 13 -37 125 -30
1534181349.2587593 688 605 649 730 641 726 -6778 -618 4360 33 110 260 -34 124 -30
1534181349.3308482 688 605 649 730 641 726 -6568 -842 4632 1458 -759 993 -33 124 -31
1534181349.400943 688 605 649 730 641 726 -6578 -594 5090 21 1603 2725 -33 123 -30
1534181349.4717975 688 605 649 730 641 725 -6850 -1034 4324 1041 517 1240 -37 124 -29
1534181349.5484538 688 606 649 730 642 726 -6412 -1354 5058 777 -1933 -706 -35 125 -30
1534181349.660462 688 606 650 730 643 727 -6556 -928 5062 2322 -2059 1158 -35 123 -29
1534181349.7325497 688 607 650 730 643 727 -6238 -206 5138 585 465 1065 -38 121 -26
1534181349.8067524 689 607 651 731 643 726 -6838 -482 4298 -2114 -234 -676 -37 120 -27
1534181349.8423445 689 607 651 731 643 727 -6716 -472 4598 -2215 91 367 -37 122 -29
1534181349.905756 689 606 650 731 642 726 -6384 -552 5936 -594 3137 -1193 -35 121 -30
1534181349.975617 688 606 649 730 641 726 -6178 162 2578 55 8687 2288 -38 122 -26
1534181350.051078 687 606 649 730 641 726 -7282 -144 4438 -1868 -7463 -4273 -37 122 -30
1534181350.1236923 688 606 649 730 641 726 -5910 -594 5516 -1017 -12 1251 -35 123 -28
1534181350.1926732 688 606 649 730 641 726 -6594 -558 4892 -89 1871 370 -35 122 -25
1534181350.2656865 688 606 649 730 641 726 -6732 -888 4834 -283 -166 -722 -37 120 -24
1534181350.4148479 688 606 650 730 641 727 -6808 -444 4422 297 69 -614 -34 123 -25
1534181350.557444 688 606 649 730 641 727 -6450 -710 5034 276 -32 -263 -35 125 -24
1534181350.6275027 687 605 649 730 641 726 -6764 -708 4580 -138 -175 207 -34 123 -25
1534181350.6783414 688 605 649 730 641 726 -6656 -898 4788 692 -242 -267 -34 122 -25
1534181350.7163215 688 606 649 730 641 727 -6582 -706 4752 194 -122 4 -34 121 -24
1534181350.757654 688 606 649 730 641 726 -6472 -608 4932 20 96 -14 -35 122 -26
1534181350.8085716 688 605 649 730 641 727 -6650 -698 4768 334 353 19 -33 123 -24
1534181350.857417 688 605 649 730 641 726 -6542 -748 4854 256 -169 -34 -34 122 -24
1534181350.9027147 688 605 650 730 641 726 -6582 -636 4700 280 93 -15 -36 122 -24
1534181350.956641 688 605 649 731 641 727 -6528 -710 4840 201 198 46 -35 121 -23
1534181351.0947573 688 606 649 730 641 727 -6586 -608 4766 176 118 15 -34 123 -24
1534181351.166377 687 606 649 730 641 726 -6576 -780 4810 242 93 43 -35 123 -24
1534181351.2346573 688 605 649 730 641 726 -6584 -624 4702 181 50 -28 -33 123 -26
1534181351.2798195 688 605 648 731 641 727 -6552 -618 4858 141 292 173 -34 123 -24
1534181351.314392 688 605 649 730 641 727 -6642 -688 4808 132 139 28 -34 123 -24
1534181351.3668041 688 605 649 730 641 727 -6538 -736 4836 254 326 109 -35 123 -23
1534181351.4335494 688 606 649 730 641 727 -6632 -710 4752 212 156 32 -36 121 -26
1534181351.50144 688 605 649 730 641 727 -6560 -714 4792 204 134 116 -33 123 -24
1534181351.5718613 688 606 649 731 641 727 -6604 -734 4828 245 46 -81 -37 121 -26
1534181351.6392453 688 606 649 730 641 726 -6618 -658 4748 164 204 65 -36 122 -24
1534181351.7343795 688 605 649 730 641 726 -6594 -710 4786 34 35 75 -34 123 -25
1534181351.8283346 687 605 649 730 641 727 -6580 -666 4816 165 568 100 -35 122 -22
1534181351.8902817 688 606 649 730 641 727 -6666 -752 4742 164 268 -50 -36 122 -25
1534181351.9263446 688 606 649 730 641 727 -6648 -690 4760 189 -53 44 -35 122 -24
1534181351.981081 688 605 649 730 641 727 -6566 -740 4742 285 108 42 -35 122 -27
1534181352.0493238 688 605 649 731 641 726 -6612 -670 4874 179 -15 -28 -35 122 -24
1534181352.1194258 688 605 649 730 641 727 -6602 -750 4758 391 280 -91 -33 123 -24
1534181352.1852925 688 605 649 730 641 727 -6622 -758 4746 247 197 66 -34 123 -23
1534181352.2548523 688 606 649 730 641 726 -6606 -668 4734 262 18 102 -32 123 -25
1534181352.324455 688 605 649 730 641 727 -6494 -706 4882 283 -21 -56 -33 122 -25
1534181352.438268 688 605 649 730 641 727 -6620 -694 4740 452 275 -86 -33 122 -24
1534181352.52129 687 605 649 730 641 727 -6708 -804 4608 289 1 145 -34 123 -22
1534181352.5742295 688 605 649 730 641 727 -6506 -650 4850 -55 116 303 -36 123 -24
1534181352.6112442 688 606 649 730 641 727 -6588 -670 4838 257 288 -18 -36 122 -27
1534181352.6663945 688 605 649 730 641 727 -6572 -770 4764 223 322 38 -37 122 -23
1534181352.7353888 689 605 649 731 641 727 -6578 -500 4650 224 294 478 -34 122 -25
1534181352.8024495 688 606 649 730 641 727 -6500 -648 4854 -27 21 781 -34 123 -23
1534181352.8724914 688 605 649 730 641 726 -6666 -568 4704 -38 226 284 -37 123 -24
1534181352.9414074 688 605 649 730 641 727 -6528 -622 4842 269 134 -29 -36 123 -26
1534181353.010516 688 605 649 730 641 727 -6658 -732 4674 -70 195 134 -35 123 -26
1534181353.1828246 688 605 649 730 641 727 -6676 -618 4754 244 128 20 -34 124 -26
1534181353.2371242 688 605 649 730 641 726 -6594 -692 4752 379 198 11 -35 123 -24
