1534196297.6045556 625 536 572 670 561 672 -7206 4358 -248 126 201 -613 -22 121 -89
1534196297.6826625 625 536 572 670 561 673 -7194 4414 -140 432 239 -101 -24 120 -89
1534196297.7571404 624 536 572 669 561 673 -7134 4274 -224 312 -17 85 -24 122 -88
1534196297.821137 625 536 572 669 561 673 -7190 4330 -220 523 488 -99 -24 119 -90
1534196297.8836217 625 536 572 670 561 673 -7210 4332 -320 635 794 -128 -22 118 -89
1534196297.961729 625 536 572 670 561 672 -7208 4268 -362 499 610 -94 -21 117 -90
1534196298.03505 625 536 571 670 561 673 -7194 4278 -430 307 361 -40 -22 119 -91
1534196298.0906556 625 536 571 670 561 673 -7192 4284 -298 239 222 0 -22 118 -90
1534196298.1687613 625 536 571 670 561 673 -7072 4116 -430 -1065 -1515 459 -23 118 -91
1534196298.2465947 624 536 572 670 561 673 -7274 4560 -160 -307 -61 -35 -23 119 -88
1534196298.4016 625 536 571 669 561 673 -7078 4252 -268 379 229 79 -23 120 -88
1534196298.4417548 625 536 571 670 561 673 -7226 4346 -220 202 302 -85 -26 118 -88
1534196298.5232594 625 536 572 669 561 673 -7190 4296 -244 486 386 14 -24 118 -90
1534196298.6120229 624 536 571 669 561 672 -7196 4322 -226 444 586 -74 -24 118 -89
1534196298.6798415 625 536 572 669 561 673 -7142 4256 -304 230 149 -109 -23 123 -89
1534196298.7307086 624 536 572 669 561 673 -7244 4332 -142 -19 133 118 -22 119 -89
1534196298.7825658 625 536 571 670 561 673 -7172 4276 -278 403 410 6 -21 121 -89
1534196298.844402 625 536 571 669 561 673 -7162 4198 -348 284 289 -179 -23 119 -90
1534196298.8803046 624 536 572 669 561 673 -7270 4322 -290 240 422 7 -24 119 -88
1534196298.931169 625 536 571 669 561 672 -7108 4232 -372 246 25 -1 -22 120 -90
1534196299.0009832 624 536 571 669 561 672 -7278 4336 -194 370 404 -193 -22 118 -90
1534196299.0747952 625 536 572 669 561 672 -7218 4222 -414 361 323 -54 -24 118 -91
1534196299.1685352 625 536 571 670 561 673 -7252 4282 -314 339 197 -23 -23 120 -91
1534196299.257298 624 536 571 669 561 673 -7234 4222 -334 661 713 -90 -22 118 -91
1534196299.2991881 624 536 571 669 561 673 -7144 4148 -466 338 275 96 -24 119 -93
1534196299.3460603 624 536 571 669 561 673 -7262 4326 -376 241 258 -45 -21 120 -91
1534196299.414881 624 536 571 669 561 673 -7202 4260 -432 497 351 -11 -21 119 -92
1534196299.4830906 625 536 571 669 561 673 -7262 4278 -414 214 350 41 -20 118 -91
1534196299.5412295 625 536 571 669 561 672 -7200 4226 -486 569 430 -45 -22 119 -92
1534196299.6211407 625 536 571 670 561 673 -7190 4214 -532 373 276 -85 -20 118 -94
1534196299.6890593 625 536 571 669 561 673 -7256 4250 -458 241 95 65 -22 117 -91
1534196299.7560363 625 536 571 669 561 672 -7204 4160 -488 203 148 13 -24 118 -92
1534196299.8090057 625 536 571 670 561 673 -7250 4258 -430 256 189 6 -20 117 -93
1534196299.887112 625 536 571 670 561 672 -7244 4212 -506 230 165 -32 -22 118 -89
1534196299.9495971 624 536 571 669 561 673 -7260 4200 -398 380 227 4 -21 117 -91
1534196300.0301306 624 536 571 669 561 673 -7236 4232 -514 208 214 -11 -22 117 -93
1534196300.090988 624 536 571 669 561 672 -7282 4226 -540 242 186 57 -22 118 -92
1534196300.1534734 624 536 571 670 561 673 -7222 4240 -432 140 145 50 -21 118 -93
1534196300.219807 624 536 571 669 561 673 -7250 4240 -558 333 343 17 -19 119 -93
1534196300.297914 625 536 571 669 561 673 -7230 4214 -530 169 112 32 -20 117 -92
1534196300.3858378 625 536 571 669 561 673 -7216 4224 -486 135 -213 111 -22 117 -92
1534196300.4536564 625 536 571 669 561 672 -7252 4210 -482 129 -21 138 -23 120 -92
1534196300.5078802 625 536 571 669 561 673 -7198 4240 -470 171 29 -32 -23 119 -92
1534196300.5786648 625 536 571 669 561 672 -7190 4230 -400 -54 -516 315 -21 117 -90
1534196300.6426547 624 536 571 669 561 672 -7194 4250 -366 -704 -1229 769 -22 121 -88
1534196300.710416 624 536 571 669 561 673 -7190 4406 -164 -1308 -3081 2075 -24 120 -87
1534196300.788522 625 536 571 669 561 672 -7060 4550 72 -394 -1818 1590 -26 118 -88
1534196300.8648052 625 536 571 669 561 673 -6986 4552 146 -4 -858 744 -26 120 -86
1534196300.92364 625 536 571 669 561 673 -7002 4732 324 143 -41 584 -29 119 -82
1534196301.004347 625 536 571 669 561 673 -6914 4672 366 209 -1104 1084 -28 118 -82
1534196301.066067 625 536 571 669 561 673 -6996 4756 332 621 -499 679 -30 120 -83
1534196301.1409028 625 536 571 669 561 672 -6856 4636 302 687 209 -34 -30 118 -83
1534196301.2044709 625 536 571 669 561 673 -6978 4776 278 236 -181 405 -31 119 -82
1534196301.2671533 625 536 571 669 561 672 -6802 4726 390 -71 -634 695 -30 120 -83
1534196301.3478038 625 536 571 669 561 672 -6848 4848 520 48 -757 561 -31 119 -84
1534196301.4078164 624 536 571 669 561 672 -6860 4814 470 352 -554 520 -31 120 -80
1534196301.4859462 625 536 571 669 561 672 -6702 4618 264 -579 -1913 1092 -32 119 -80
1534196301.5594356 624 536 571 669 561 673 -6624 4938 682 -1673 -1127 -71 -34 119 -78
1534196301.6342738 625 536 571 669 561 672 -6960 5042 1128 -2171 -2435 807 -32 121 -77
1534196301.7062595 625 536 571 669 561 673 -6532 4974 1290 -1090 -488 -733 -33 120 -76
1534196301.7687447 625 536 571 669 561 672 -6596 5076 788 402 -311 -1086 -33 122 -72
1534196301.8511941 624 536 571 669 562 672 -7228 4914 1224 5671 5816 1534 -35 119 -78
1534196301.908611 625 536 571 670 563 672 -4988 4124 284 3759 -1458 2554 -34 118 -83
1534196301.986873 625 536 571 670 563 670 -7190 5864 1116 -1754 -1452 39 -33 121 -78
1534196302.0667138 625 536 572 671 564 670 -6272 4230 470 -337 157 -442 -36 116 -80
1534196302.1268342 625 537 572 671 564 670 -7070 5642 1728 1243 -17 -361 -32 118 -76
1534196302.2049413 626 537 572 671 565 670 -5318 3996 -534 1674 1580 -3384 -33 120 -76
1534196302.283076 626 537 571 670 564 670 -8122 8668 3390 -3216 -4052 -1682 -31 124 -70
1534196302.3593636 627 538 571 669 564 670 -6032 4184 1250 9109 -1706 3057 -32 122 -71
1534196302.4241338 627 538 570 669 563 670 -6124 3816 -412 -5102 1085 -4091 -34 120 -69
1534196302.5076277 627 537 570 669 563 671 -7934 6036 2634 -1323 2428 440 -31 122 -72
1534196302.578838 626 538 571 669 563 671 -5934 4416 1080 1645 1377 -250 -31 124 -73
1534196302.6414337 627 537 570 669 563 671 -6820 4816 496 726 981 -1021 -28 120 -73
1534196302.7039168 627 537 570 669 563 671 -7074 4824 954 354 866 -225 -29 121 -74
1534196302.7820234 627 537 571 670 563 672 -6830 4790 806 1170 1791 -703 -28 123 -76
1534196302.8556414 627 537 571 669 562 672 -6906 4594 530 113 81 215 -28 121 -78
1534196302.9247918 627 537 571 669 563 672 -6848 4770 540 428 828 -225 -29 120 -76
1534196302.9870565 627 537 571 669 562 672 -6876 4754 598 -87 56 197 -28 119 -77
1534196303.0590086 626 537 570 669 562 671 -6920 4778 620 289 308 -41 -27 120 -77
1534196303.1214938 626 537 571 669 562 672 -6884 4744 652 352 361 -32 -29 121 -77
1534196303.1839795 627 537 570 669 562 672 -6894 4722 628 130 173 3 -25 121 -78
1534196303.2464664 626 537 570 669 562 672 -6876 4756 654 303 244 77 -27 120 -79
1534196303.3245735 626 537 570 669 562 672 -6832 4776 722 266 57 96 -27 120 -80
1534196303.3870595 626 537 570 669 562 671 -6866 4658 656 448 220 4 -25 123 -78
1534196303.4497113 626 537 570 669 562 671 -6894 4764 612 108 140 36 -27 120 -78
1534196303.52579 627 537 570 669 562 672 -6840 4714 620 392 102 86 -27 119 -81
1534196303.5968256 626 537 570 669 562 672 -6878 4716 598 302 287 -126 -30 121 -80
1534196303.656523 626 537 570 669 562 671 -6874 4702 562 466 279 9 -28 120 -79
1534196303.7190063 626 537 570 669 562 671 -6948 4712 524 62 276 1 -29 122 -78
1534196303.7814932 626 537 571 669 562 671 -6910 4760 642 276 259 47 -27 121 -78
1534196303.8754814 626 537 570 669 562 671 -6860 4740 576 148 29 119 -27 122 -77
1534196303.9223459 626 537 570 669 562 672 -6924 4762 544 327 10 109 -27 121 -79
1534196303.9848628 626 537 570 669 562 671 -6870 4752 570 223 9 148 -30 119 -78
1534196304.058189 626 537 570 669 562 671 -6844 4718 616 131 -81 230 -27 120 -77
1534196304.1312692 626 537 570 669 562 671 -6886 4802 610 244 -26 159 -28 118 -79
1534196304.1895058 626 537 570 669 562 672 -6788 4660 688 -188 -642 449 -29 121 -78
1534196304.2678163 626 536 570 669 562 671 -6750 4872 716 -44 -857 442 -29 119 -77
1534196304.3404555 626 536 570 669 562 671 -6738 4698 750 -158 -951 690 -27 120 -74
1534196304.4077518 626 536 570 669 562 671 -6444 4516 702 -111 -191 -462 -28 120 -75
1534196304.4854336 626 536 570 669 562 671 -7290 4896 1098 -1558 -1848 842 -30 121 -74
1534196304.5579846 626 536 570 669 562 671 -6946 6038 1806 1428 -3007 592 -31 121 -69
1534196304.6354942 626 537 570 669 563 671 -6434 3782 584 -698 -1554 -1842 -29 122 -69
1534196304.6933668 625 536 570 670 563 670 -6830 5604 1658 -2328 -817 1185 -30 124 -67
1534196304.778415 625 537 570 670 563 670 -6394 4642 1774 -1781 -4122 -732 -30 122 -65
1534196304.8492253 626 537 570 670 564 670 -5700 3718 986 -84 -519 -1381 -30 121 -63
1534196304.9240408 626 537 570 670 564 670 -7296 4498 1968 -1127 -2077 -914 -27 124 -58
1534196304.995269 627 537 570 669 563 670 -6426 5784 3132 5319 -98 3833 -31 123 -61
1534196305.0592573 627 537 571 669 563 671 -5266 2530 808 2868 305 -297 -30 124 -63
1534196305.1370094 627 537 571 669 563 671 -7614 5318 1882 -3513 784 -941 -30 124 -63
1534196305.208835 627 537 570 669 563 671 -6524 4950 2252 1287 1306 617 -32 122 -63
1534196305.2733386 627 537 570 669 562 671 -6404 4492 1292 918 1444 -126 -29 123 -65
1534196305.350996 627 537 570 669 562 671 -6660 4846 1524 482 1017 -568 -29 123 -66
1534196305.422291 627 537 570 669 562 671 -6744 4676 1424 712 1017 -153 -26 121 -67
1534196305.4917693 627 537 570 669 562 672 -6754 4796 1366 455 801 -76 -29 122 -68
1534196305.5584123 626 537 570 669 562 671 -6742 4820 1352 564 839 -52 -30 122 -70
1534196305.625536 627 537 570 669 562 672 -6720 4694 1290 504 355 -94 -28 121 -70
1534196305.688021 627 537 570 669 562 671 -6872 4794 1234 484 484 -124 -27 122 -68
1534196305.7661276 627 537 570 669 562 671 -6746 4758 1220 416 373 -64 -28 122 -70
1534196305.8390882 626 537 570 669 562 671 -6812 4680 1134 473 416 -111 -28 122 -71
1534196305.907562 627 537 570 669 562 671 -6766 4738 1240 345 395 -138 -28 120 -70
1534196305.970048 627 536 570 669 562 672 -6818 4678 1064 291 267 -56 -29 123 -70
1534196306.048856 626 537 570 669 562 671 -6846 4760 1162 335 222 -182 -28 122 -72
1534196306.106853 626 537 570 669 562 671 -6810 4666 1176 327 370 -227 -27 122 -71
1534196306.1849558 626 536 570 669 562 671 -6878 4682 1098 319 281 -39 -26 122 -72
1534196306.2474396 627 537 570 669 562 672 -6866 4708 1122 374 286 -163 -26 123 -73
1534196306.3255465 627 536 570 669 562 671 -6858 4650 1052 330 343 -69 -26 122 -71
1534196306.3926394 626 537 570 669 562 671 -6872 4692 1040 415 316 -45 -25 120 -71
1534196306.455166 626 537 570 669 562 671 -6878 4608 974 294 184 18 -27 121 -73
1534196306.525554 626 536 570 669 562 671 -6870 4702 1064 124 205 121 -27 124 -69
1534196306.6000345 626 537 570 669 562 671 -6866 4682 986 337 276 29 -26 122 -73
1534196306.6737041 627 537 570 669 562 671 -6866 4712 1080 149 22 85 -27 120 -73
1534196306.7205727 627 537 570 669 562 671 -6834 4672 1090 269 150 86 -26 122 -73
1534196306.798677 626 536 570 669 562 671 -6856 4680 1044 5 -177 234 -27 120 -71
1534196306.8611627 626 536 570 669 562 671 -6868 4744 1054 21 -160 487 -28 122 -73
1534196306.9415123 627 536 570 669 562 671 -6796 4734 1144 425 430 -150 -28 121 -71
1534196307.0101366 626 537 570 669 562 671 -6824 4636 964 346 -17 189 -27 121 -72
1534196307.0745866 626 537 570 669 562 671 -6884 4708 1066 59 94 36 -27 123 -71
1534196307.1405618 626 536 570 669 562 671 -6888 4700 1040 161 -12 98 -30 123 -71
1534196307.20305 626 536 570 669 562 671 -6808 4754 1132 114 -42 151 -28 122 -71
1534196307.2811558 626 536 570 669 562 671 -6832 4724 1214 195 -323 -7 -28 122 -72
1534196307.364894 626 536 570 669 562 671 -6822 4756 1124 571 -678 157 -26 122 -71
1534196307.422848 626 536 570 669 562 671 -6754 4720 1152 249 -969 383 -27 123 -70
1534196307.4855132 627 537 570 669 562 671 -6802 4588 1090 -273 -674 284 -29 122 -69
1534196307.5591776 626 536 570 669 562 671 -6602 5022 1602 -49 -643 -246 -27 122 -68
1534196307.636646 625 536 570 669 562 671 -7494 4886 1174 -892 -867 740 -29 122 -67
1534196307.7053223 626 536 570 669 562 671 -5366 4300 1294 2067 -2761 -945 -30 122 -68
1534196307.7834291 626 536 570 669 563 670 -6992 5496 1868 -1127 -2837 2871 -29 123 -68
1534196307.8570082 626 536 570 670 563 670 -4982 3806 1546 -86 2155 -3120 -30 122 -63
1534196307.9217253 626 537 570 670 564 670 -7604 5342 1916 -1307 267 -837 -28 122 -61
1534196308.0014224 626 537 571 671 564 670 -5604 4088 1674 3984 2576 -803 -27 124 -63
1534196308.0899236 627 537 571 671 564 670 -6836 4848 1128 241 -2237 -351 -25 122 -65
1534196308.1417193 627 537 570 670 564 670 -7226 4698 3012 -2497 -5415 5461 -28 123 -58
1534196308.21983 627 537 570 669 563 670 -5952 6066 2954 3776 -140 105 -32 123 -59
1534196308.282311 627 538 570 669 563 671 -5812 3254 130 1386 2138 -2537 -28 121 -61
1534196308.3622906 627 537 570 669 563 671 -7314 5464 2598 -4432 920 386 -28 123 -61
1534196308.422784 627 537 570 669 562 671 -5974 5030 2384 1240 2102 139 -31 124 -60
1534196308.5054195 627 537 570 669 562 671 -6600 4630 1530 361 1141 -794 -27 121 -62
1534196308.5766675 627 537 570 669 562 671 -6784 4862 1708 185 1273 -458 -28 122 -63
1534196308.6406062 626 537 570 669 562 671 -6588 4736 1604 418 918 -205 -28 123 -62
1534196308.702989 627 537 570 669 562 671 -6826 4790 1574 236 562 -192 -25 120 -64
1534196308.781095 627 537 570 669 562 670 -6704 4780 1546 108 498 259 -26 123 -65
1534196308.8547778 627 537 570 669 562 671 -6666 4804 1634 307 436 -65 -27 123 -66
1534196308.923284 627 537 570 669 562 671 -6702 4716 1444 392 279 14 -29 121 -67
1534196308.9857697 627 537 570 669 562 671 -6702 4790 1490 177 177 81 -28 124 -66
1534196309.0500638 627 537 570 669 562 671 -6722 4772 1562 497 542 -188 -26 123 -67
1534196309.125936 626 537 570 669 562 670 -6688 4720 1384 314 187 -101 -27 121 -68
1534196309.188425 626 537 570 669 562 671 -6818 4696 1372 314 524 -205 -28 122 -65
1534196309.2665274 626 537 570 669 562 671 -6702 4760 1480 378 388 -166 -27 122 -68
1534196309.3411026 627 537 570 669 562 671 -6824 4718 1328 200 141 -69 -27 121 -68
1534196309.4082577 627 536 570 669 562 671 -6772 4726 1436 210 235 76 -25 123 -66
1534196309.4706142 627 537 570 669 562 671 -6768 4692 1374 240 -9 83 -26 122 -66
1534196309.5428212 627 537 570 669 562 671 -6772 4780 1396 376 482 -116 -26 121 -67
1534196309.6146483 626 537 570 669 562 671 -6764 4690 1326 290 119 72 -26 122 -68
1534196309.6723516 626 536 570 669 562 671 -6786 4726 1464 272 188 30 -25 123 -70
1534196309.7504585 626 536 570 669 562 671 -6760 4656 1304 335 284 -49 -28 121 -66
1534196309.8131406 626 537 570 669 562 671 -6772 4696 1342 335 295 -45 -25 121 -70
1534196309.8754294 627 536 570 669 562 671 -6804 4688 1332 200 133 -7 -24 123 -68
1534196309.9563458 626 537 570 669 562 671 -6760 4712 1356 302 152 34 -25 122 -70
1534196310.0246284 627 537 570 669 562 671 -6784 4662 1350 100 25 57 -25 123 -68
1534196310.0941625 626 536 570 669 562 671 -6818 4722 1330 190 114 117 -26 124 -67
1534196310.1555583 626 536 570 669 562 671 -6794 4700 1304 240 125 31 -25 120 -67
1534196310.2180436 626 536 569 669 562 671 -6768 4706 1344 147 9 123 -25 122 -68
1534196310.2961524 626 536 570 669 562 671 -6754 4740 1346 181 -65 177 -26 123 -68
1534196310.3674476 626 536 570 669 562 671 -6786 4722 1342 129 -270 248 -28 123 -69
1534196310.4384453 626 536 570 669 562 671 -6806 4718 1420 -117 -412 315 -25 124 -66
1534196310.5086117 627 537 570 669 562 671 -6552 4580 1396 -74 -159 210 -27 120 -66
1534196310.5798638 626 537 570 669 562 671 -6700 4620 1668 -945 -941 33 -28 122 -67
1534196310.6409907 626 536 570 669 562 671 -6818 4684 1710 -704 -1740 97 -26 123 -63
1534196310.719272 626 536 570 669 562 670 -7464 4958 1866 1186 -4832 1972 -28 123 -60
1534196310.7816477 626 536 570 669 562 671 -5762 3644 990 -621 -3535 700 -29 122 -59
1534196310.8761268 626 536 570 670 563 670 -5954 5392 2922 -1331 1340 -3186 -27 123 -60
1534196310.9386146 626 537 570 670 564 669 -5952 4324 2408 2855 2031 -795 -27 121 -57
1534196311.0158443 626 537 570 670 564 670 -6768 4268 1494 -3530 -5893 1192 -28 120 -52
1534196311.0871987 627 537 570 669 564 670 -6058 5150 3570 1111 389 1371 -31 120 -49
1534196311.1575348 627 537 570 669 563 670 -5470 5124 3140 5599 1428 -664 -29 121 -53
1534196311.2200208 627 537 570 669 563 670 -5998 3410 416 -505 1946 -1972 -28 122 -56
1534196311.2981257 627 537 570 669 562 670 -6684 5696 3458 -1461 1964 -1738 -27 123 -55
1534196311.3758945 627 537 570 669 562 670 -6940 4522 1828 1000 1659 496 -26 121 -57
1534196311.4383786 627 537 570 669 562 671 -6122 4794 2174 -133 1066 402 -28 123 -58
1534196311.5204177 627 537 570 669 562 671 -6666 4814 2062 620 1145 -411 -27 122 -60
1534196311.5953307 627 537 570 669 562 671 -6664 4740 1886 186 542 402 -25 123 -57
1534196311.6413114 627 537 570 669 562 671 -6456 4732 1992 72 493 80 -27 121 -60
1534196311.7194188 627 537 570 669 562 671 -6594 4846 1996 311 367 178 -26 122 -60
1534196311.7819042 627 537 570 669 562 671 -6524 4780 1950 266 504 65 -28 123 -60
1534196311.8612542 627 537 570 669 562 671 -6522 4806 1888 333 432 11 -27 122 -61
1534196311.9236581 627 537 569 669 562 671 -6654 4768 1900 306 385 -57 -28 121 -61
1534196311.9861374 627 537 570 669 562 670 -6562 4782 1922 237 235 133 -28 122 -60
1534196312.0703216 627 537 569 669 562 671 -6566 4816 1898 445 484 -183 -27 122 -59
1534196312.1263165 627 537 570 669 562 670 -6622 4794 1788 212 345 106 -26 123 -61
1534196312.204428 627 537 570 669 562 671 -6552 4770 1864 161 81 91 -26 122 -59
1534196312.2825305 627 537 569 669 562 670 -6582 4794 1812 251 117 66 -28 123 -61
1534196312.3419416 627 537 570 669 562 671 -6598 4832 1848 306 294 13 -28 121 -60
1534196312.4066792 627 537 569 669 562 670 -6598 4824 1872 121 202 66 -26 124 -61
1534196312.4693289 626 536 569 669 562 671 -6606 4784 1836 473 331 -60 -27 121 -61
1534196312.5432196 627 536 569 669 562 671 -6560 4782 1788 179 219 103 -28 124 -61
1534196312.6088426 626 536 569 669 562 671 -6584 4820 1844 331 295 13 -28 124 -60
1534196312.6714034 626 536 569 669 562 671 -6610 4778 1788 243 7 78 -29 122 -60
1534196312.749599 626 536 570 669 562 671 -6586 4800 1896 260 214 -4 -26 121 -62
1534196312.8201654 626 536 569 669 562 671 -6620 4804 1786 425 362 -92 -27 121 -61
1534196312.8742607 627 536 569 668 562 671 -6608 4796 1836 196 159 -11 -28 122 -61
1534196312.967975 626 537 569 669 562 671 -6566 4808 1796 395 249 -30 -27 121 -61
1534196313.02655 627 537 569 669 562 671 -6584 4804 1810 157 -61 154 -28 120 -61
1534196313.0890346 626 536 569 669 562 671 -6632 4806 1744 280 250 -25 -26 123 -60
1534196313.165772 626 536 569 668 562 671 -6550 4770 1820 64 -105 222 -28 122 -61
1534196313.223102 626 536 569 668 562 671 -6616 4890 1896 346 173 72 -26 121 -61
1534196313.3010776 626 536 569 669 562 670 -6584 4782 1692 -69 -261 230 -27 122 -61
1534196313.3739452 626 536 570 669 562 671 -6510 4758 1880 -53 -498 496 -29 122 -59
1534196313.4375226 627 536 570 668 562 671 -6228 4646 1982 -726 -790 29 -29 124 -60
1534196313.5145204 626 536 569 669 562 671 -7030 4730 1758 -720 779 653 -28 122 -60
1534196313.5867887 626 536 569 668 562 671 -6070 5548 2624 -538 -1574 473 -29 125 -60
1534196313.6570022 626 536 570 669 562 671 -5512 4768 2484 1188 5112 -188 -30 120 -59
1534196313.7194874 626 536 570 670 563 670 -5968 3116 1182 -2140 -4177 1402 -32 121 -53
1534196313.7975957 626 537 570 670 564 670 -6518 4870 2612 3052 2479 -991 -27 120 -53
1534196313.8753138 627 537 570 670 564 669 -5128 3174 1160 -46 -2523 -3985 -29 120 -51
1534196313.9534216 627 537 570 670 564 670 -7272 4606 1808 -1028 -2299 2938 -28 123 -48
1534196314.0268037 627 537 570 669 563 670 -4416 5436 4600 6023 3492 -3202 -32 121 -51
1534196314.0960233 628 537 569 669 563 671 -8004 2840 708 220 -217 -59 -27 122 -53
1534196314.1577175 627 537 569 669 563 670 -6128 4462 2294 -3973 732 681 -27 125 -51
1534196314.2358243 628 537 569 669 563 671 -6376 5258 3304 871 1595 -1062 -25 124 -52
1534196314.2983105 627 537 569 669 563 671 -6628 4542 1944 490 1666 -198 -27 124 -55
1534196314.375931 627 537 569 669 562 670 -6454 4574 2368 493 1025 -361 -24 121 -55
1534196314.4384155 627 537 569 669 562 671 -6860 4640 2190 352 753 127 -25 122 -55
1534196314.5184374 627 537 569 669 562 671 -6546 4620 2068 265 398 72 -26 123 -57
1534196314.5882416 627 537 569 668 562 670 -6648 4588 2038 445 564 -13 -23 122 -58
1534196314.6418664 627 537 569 669 562 671 -6664 4612 2082 161 346 15 -25 123 -58
1534196314.7201111 628 537 569 669 562 671 -6614 4606 2020 276 448 240 -25 122 -56
1534196314.7824552 627 537 569 669 562 671 -6658 4654 1982 332 359 -119 -22 124 -58
1534196314.8635728 627 537 569 669 562 671 -6674 4652 1982 332 374 22 -24 123 -58
1534196314.923284 627 537 569 668 562 671 -6634 4596 1934 328 408 -23 -24 123 -59
1534196315.0029542 627 537 569 669 562 671 -6654 4614 1966 402 243 -138 -23 121 -61
1534196315.0566068 627 537 569 669 562 671 -6694 4708 1988 267 288 24 -26 121 -61
1534196315.1391664 627 537 569 669 562 671 -6660 4564 1904 314 130 63 -24 122 -59
1534196315.2048318 628 537 569 669 562 670 -6730 4656 1984 350 463 -64 -26 122 -60
1534196315.2673166 627 537 569 669 562 671 -6662 4616 1944 581 452 -78 -24 122 -59
1534196315.3445897 627 536 569 668 562 671 -6702 4558 1780 362 91 39 -22 122 -59
1534196315.4068396 627 536 569 669 562 670 -6670 4632 1914 231 86 91 -22 123 -59
1534196315.4693255 627 536 569 669 562 671 -6702 4618 1874 252 -13 166 -24 122 -60
1534196315.5465841 626 536 569 669 562 671 -6696 4612 1912 223 85 36 -27 123 -61
1534196315.6171792 627 536 569 668 562 671 -6718 4604 1886 234 155 115 -23 121 -60
1534196315.6725123 627 536 569 669 562 671 -6826 4720 1742 232 61 69 -26 121 -59
1534196315.7506204 626 536 569 668 562 671 -6706 4630 1894 297 501 120 -23 122 -60
1534196315.819395 626 536 569 668 562 671 -6648 4688 1876 99 32 407 -24 122 -60
1534196315.8743556 626 536 569 669 562 671 -6662 4690 1842 176 57 347 -26 122 -61
1534196315.9525197 626 536 569 669 562 670 -6626 4724 1894 -9 89 335 -26 124 -60
1534196316.024999 626 536 569 669 562 671 -6602 4718 1866 181 215 178 -25 123 -59
1534196316.0900958 627 536 569 669 562 671 -6698 4746 1994 -151 -279 566 -28 123 -60
1534196316.1525779 626 536 569 668 562 670 -6530 4774 1958 -14 -562 649 -24 123 -60
1534196316.230683 626 536 569 669 562 671 -6556 4792 2088 71 60 285 -29 123 -62
1534196316.2931674 626 536 569 668 562 670 -6512 4814 2012 117 -129 187 -28 122 -58
1534196316.3729532 626 536 569 669 562 670 -6512 4738 2010 237 -253 183 -27 123 -59
1534196316.4398549 627 536 569 669 562 670 -6524 4890 2044 198 -17 422 -29 122 -58
1534196316.5159729 626 537 569 668 562 671 -6406 4374 1540 -1373 -2413 1327 -25 121 -59
1534196316.5904093 626 536 569 669 562 670 -6078 4758 2240 -2566 -1602 477 -29 120 -55
1534196316.6579614 626 536 569 669 562 671 -6574 5596 3104 -1323 -1748 22 -31 122 -52
1534196316.72063 625 536 569 669 562 669 -6204 4544 2364 314 -4006 1136 -29 123 -53
1534196316.7985518 625 536 569 669 563 669 -6756 5060 2962 -4661 -1902 -1635 -30 121 -48
1534196316.8763733 626 536 569 670 564 668 -7344 5908 3432 2543 3318 163 -28 123 -52
1534196316.9388592 626 536 569 670 565 668 -6062 3774 2090 312 -2773 -579 -29 118 -51
1534196317.0256753 627 537 569 670 565 667 -7396 5626 3154 2852 -4614 730 -28 119 -48
1534196317.0976343 627 537 569 669 564 668 -5644 6130 3450 8886 5398 482 -29 121 -47
1534196317.1727197 628 537 569 668 563 668 -5286 2506 248 -3991 -6294 4667 -29 120 -52
1534196317.2352033 628 537 569 669 563 670 -6784 5982 3400 -5347 2909 -100 -31 120 -49
1534196317.2976873 627 537 569 669 563 670 -5498 5064 2808 18 1357 265 -33 121 -52
1534196317.383178 627 537 569 668 563 670 -6246 4998 2292 70 1111 -584 -31 122 -52
1534196317.4404533 628 537 569 669 563 670 -6118 5012 2618 287 1249 -509 -32 124 -54
1534196317.5256248 628 537 569 669 562 670 -6252 4944 2338 908 1298 -724 -30 121 -54
1534196317.595646 627 537 569 668 562 670 -6352 4954 2136 445 766 -340 -30 121 -55
1534196317.6582303 627 537 569 668 562 670 -6448 5042 2230 237 170 130 -29 121 -54
1534196317.7207491 627 537 569 668 562 670 -6284 4944 2226 385 352 -14 -29 122 -55
1534196317.7990217 627 537 569 669 562 670 -6312 5020 2230 206 322 -16 -28 121 -54
1534196317.8763988 627 537 569 669 562 670 -6398 4994 2154 535 468 -92 -29 121 -54
1534196317.9390423 627 537 569 669 562 670 -6354 4874 2098 360 271 -70 -28 123 -54
1534196318.0100794 627 537 569 668 562 670 -6360 5004 2184 196 90 130 -31 121 -58
1534196318.0765126 627 536 569 668 562 670 -6400 4920 2082 260 99 22 -30 120 -57
1534196318.1411054 627 537 569 668 562 669 -6346 4976 2188 448 348 -76 -29 121 -56
1534196318.203593 627 537 568 668 562 670 -6414 4976 2130 600 804 -377 -31 124 -58
1534196318.281698 627 536 569 668 562 671 -6426 4904 2052 367 283 -92 -28 121 -56
1534196318.3441987 627 536 569 668 562 670 -6406 4928 2120 331 198 52 -28 121 -59
1534196318.422288 627 536 569 668 562 671 -6426 4958 2048 265 266 -38 -29 122 -59
1534196318.4847746 627 537 569 669 562 671 -6408 4872 1988 197 111 122 -29 123 -56
1534196318.556693 627 537 569 668 562 670 -6400 5020 2138 284 219 -11 -30 120 -60
1534196318.625202 627 536 569 669 562 670 -6390 4894 1978 376 286 -15 -30 124 -59
1534196318.6876884 627 536 569 668 562 670 -6464 4952 2046 281 84 69 -27 122 -58
1534196318.7501738 627 536 569 669 562 671 -6388 4950 2070 412 282 6 -30 122 -59
1534196318.8297226 627 536 569 668 562 670 -6432 4950 2020 425 109 1 -31 123 -58
1534196318.8916812 627 536 569 669 562 670 -6426 4974 1992 218 96 153 -28 123 -59
1534196318.970517 626 536 569 668 562 671 -6090 4530 1880 -420 1671 -1092 -29 124 -56
1534196319.0427415 626 536 569 668 562 670 -6492 5104 2126 -1546 -1818 -172 -28 121 -58
1534196319.1189227 626 536 568 668 562 670 -5584 5976 3234 2811 -611 2977 -30 124 -61
1534196319.1878307 626 536 568 669 563 668 -5878 4006 1742 721 1462 -1782 -32 120 -54
1534196319.2659354 626 536 567 669 564 665 -8216 6398 3428 -2326 -3028 1925 -31 122 -51
1534196319.334986 625 535 567 668 565 664 -5230 3592 1234 108 -70 -990 -32 122 -53
1534196319.4078097 626 536 567 669 565 665 -6920 5050 1430 -1037 -2176 809 -30 120 -51
1534196319.4701557 628 537 567 668 565 667 -6048 5990 3792 2089 -1861 4560 -33 122 -48
1534196319.5411716 628 537 568 668 564 668 -5132 3120 1244 1765 -2090 1490 -33 119 -51
1534196319.624574 628 538 568 668 564 668 -6192 5250 2364 -5360 2229 -3014 -32 121 -50
1534196319.687059 628 537 568 668 563 669 -6278 5932 3912 648 1307 419 -31 121 -49
1534196319.7651641 628 537 568 668 563 669 -5870 4674 1966 467 1270 -376 -30 122 -49
1534196319.8410418 628 537 568 668 563 669 -6262 5136 2764 -17 679 -103 -32 120 -50
1534196319.9078605 628 537 568 668 563 669 -6298 5038 2476 937 1184 -315 -30 120 -53
1534196319.9706335 628 537 568 668 563 669 -6202 4962 2316 429 766 419 -30 120 -54
1534196320.050589 628 537 568 668 563 670 -6076 5000 2428 398 520 -93 -30 121 -54
1534196320.1210663 627 537 568 668 563 670 -6304 5010 2374 502 436 -234 -31 121 -54
1534196320.1903439 627 537 569 668 563 669 -6230 5060 2336 477 286 -129 -32 123 -54
1534196320.2528257 628 537 569 668 563 670 -6256 4984 2228 263 118 -79 -31 121 -55
1534196320.3309543 627 537 568 668 563 670 -6286 5030 2376 548 600 -276 -28 122 -54
1534196320.3910935 627 537 569 668 563 669 -6280 4964 2276 494 379 -76 -30 120 -56
1534196320.469031 628 537 569 669 563 670 -6326 5022 2308 122 246 -19 -30 120 -56
1534196320.525364 628 537 568 668 563 670 -6336 4956 2226 333 258 -38 -29 121 -56
1534196320.6076708 627 537 569 668 563 670 -6310 4968 2228 410 237 -19 -31 121 -53
1534196320.6722586 627 537 568 669 563 670 -6284 5028 2244 250 226 -89 -30 122 -54
1534196320.7349167 627 537 568 668 563 670 -6322 5002 2246 312 243 -31 -30 121 -56
1534196320.8128476 627 537 568 668 563 670 -6328 5000 2204 444 478 -128 -32 120 -57
1534196320.8833458 627 537 569 668 562 669 -6368 4992 2144 435 155 24 -31 121 -57
1534196320.9396136 627 537 568 668 563 669 -6302 4988 2278 118 137 44 -30 123 -56
1534196321.020604 627 537 568 668 563 670 -6438 4992 2108 193 224 118 -28 124 -57
1534196321.0886528 627 537 569 668 562 670 -6254 4944 2176 239 19 90 -27 120 -56
1534196321.1569502 627 537 568 668 563 670 -6346 5030 2212 318 142 -48 -31 122 -55
1534196321.2193959 627 537 568 668 562 670 -6364 4968 2128 308 205 -56 -28 121 -57
1534196321.2818792 627 537 568 668 562 670 -6410 4854 2152 696 719 -199 -31 120 -56
1534196321.3751283 627 537 569 668 563 669 -6312 5026 2222 156 98 105 -32 122 -56
1534196321.4220564 627 537 568 668 563 670 -6400 4960 2204 100 112 140 -30 121 -55
1534196321.5018287 627 537 568 668 563 670 -6442 4998 2170 212 523 64 -27 120 -56
1534196321.571085 627 537 568 668 563 670 -6178 4910 2050 108 311 709 -31 122 -56
1534196321.6279113 627 537 568 668 562 670 -6336 4798 1872 -580 492 216 -30 124 -57
1534196321.706018 627 537 568 668 563 670 -6328 5190 1714 -1035 -1228 427 -30 121 -56
1534196321.784125 627 536 569 669 563 670 -6176 3532 1862 673 2576 -4050 -29 121 -56
1534196321.8562932 626 536 569 669 563 669 -7062 4696 2314 1155 639 523 -30 121 -56
1534196321.9227736 627 537 569 670 564 670 -6408 5024 2376 -1456 -1792 -415 -33 119 -53
1534196322.003026 627 537 569 670 564 670 -6040 5066 2850 -357 385 -1628 -30 122 -54
1534196322.079924 627 537 570 670 565 670 -7094 5036 1722 -1824 -2407 -141 -30 119 -51
1534196322.1410015 628 537 570 670 565 670 -7554 4456 1716 678 -2049 2383 -30 119 -53
1534196322.2192917 628 537 569 669 564 670 -5422 6358 4050 4035 -791 2376 -32 122 -51
1534196322.281594 628 538 569 669 564 670 -4540 5392 1928 2199 7707 -6369 -32 121 -55
1534196322.3584015 628 537 569 669 563 670 -7092 4354 648 -2899 -5 -331 -28 120 -56
1534196322.4365156 627 537 569 669 563 670 -6276 5468 3000 -2264 2337 418 -28 120 -55
1534196322.5098937 628 537 569 669 563 670 -6286 4892 2018 1096 730 -398 -29 122 -57
1534196322.5783057 627 537 569 669 563 670 -6530 4870 1866 -30 472 237 -28 121 -58
1534196322.6406395 627 537 569 669 563 670 -6412 4950 2148 341 95 287 -30 122 -56
1534196322.7033894 627 537 569 668 563 670 -6448 4906 1966 135 295 40 -30 122 -58
1534196322.7812328 627 536 569 669 563 670 -6420 4982 2092 748 630 -174 -28 124 -58
1534196322.8540883 627 537 569 668 563 670 -6432 4854 1834 300 291 -26 -29 121 -58
1534196322.9220397 627 537 569 668 563 671 -6494 4956 1988 351 480 28 -28 123 -59
1534196322.9855776 627 537 569 668 563 671 -6472 4922 1940 625 686 -259 -31 120 -58
1534196323.061606 627 537 569 668 562 670 -6442 4896 1880 235 283 -34 -30 122 -59
1534196323.126295 627 537 569 669 562 671 -6492 4866 1878 401 249 -129 -28 121 -60
1534196323.1887815 627 537 569 668 562 670 -6506 4902 1878 154 125 26 -29 122 -61
1534196323.2669003 626 536 569 669 562 670 -6522 4846 1856 160 68 99 -27 120 -59
1534196323.336763 627 537 569 668 562 670 -6490 4906 1872 319 194 -45 -29 123 -60
1534196323.3913927 627 537 569 668 562 671 -6474 4938 1902 393 159 -60 -28 121 -60
1534196323.4694974 627 537 569 668 562 671 -6578 4880 1900 184 289 48 -29 123 -59
1534196323.531163 627 537 569 668 562 670 -6466 4934 1870 147 109 146 -27 123 -59
1534196323.6076672 626 537 569 668 562 671 -6484 4920 1936 315 84 4 -28 121 -60
1534196323.672955 627 537 569 668 562 670 -6520 4888 1828 214 25 62 -28 122 -61
1534196323.735441 627 537 569 668 562 670 -6486 4934 1988 340 199 -33 -28 121 -60
1534196323.8137202 627 536 569 668 562 670 -6472 4852 1882 271 -122 140 -28 121 -62
1534196323.8762355 627 536 569 668 562 670 -6520 4932 1952 252 -105 164 -30 122 -62
1534196323.9543886 626 536 569 668 562 670 -6716 5006 2008 300 -191 610 -27 122 -60
1534196324.0251534 627 536 569 668 562 670 -6318 4880 1862 327 -164 515 -28 121 -63
1534196324.0966773 627 537 569 668 562 670 -6368 4886 1908 -320 -887 617 -29 119 -60
1534196324.1564348 626 536 569 668 562 670 -6246 5002 2060 -994 -593 -62 -30 121 -58
1534196324.234541 626 536 569 668 562 670 -6902 5880 2672 3767 1279 -1728 -29 123 -57
1534196324.3126478 626 536 569 669 563 669 -6152 4002 1146 3043 -4274 1741 -27 123 -60
1534196324.3865743 626 537 569 670 563 670 -7616 5394 1904 605 -1050 -411 -28 122 -59
1534196324.455205 627 537 569 670 564 670 -5082 4856 2140 126 -1641 -2909 -27 122 -59
1534196324.5254488 627 537 569 670 564 670 -8114 5740 2356 1059 947 -1419 -24 122 -58
1534196324.6068764 627 537 569 669 564 670 -6388 5206 2142 -1213 -4769 7378 -28 121 -54
1534196324.670691 628 537 569 669 563 670 -3828 5076 3510 2740 4 -1552 -29 123 -57
1534196324.733206 627 537 569 669 563 670 -7452 3874 286 685 3351 -3270 -25 122 -59
1534196324.8112843 628 537 569 668 563 670 -6924 4984 1772 -5369 98 1560 -27 122 -57
1534196324.892906 627 537 569 669 563 671 -5646 5638 3226 -1791 829 372 -31 121 -54
1534196324.9555893 627 537 569 668 563 671 -6448 4882 2072 1025 860 -633 -30 121 -58
1534196325.0312672 628 537 569 669 563 671 -6470 4870 2064 40 1100 -37 -30 121 -58
1534196325.1015043 628 537 569 669 563 670 -6330 5050 2186 484 385 -162 -28 122 -56
1534196325.1581628 627 537 569 669 563 670 -6412 4882 1988 615 632 -329 -29 122 -56
1534196325.236314 627 537 569 669 562 670 -6578 4876 2088 141 482 114 -27 124 -58
1534196325.2987566 628 537 569 668 562 670 -6382 4948 2082 162 317 281 -27 123 -57
1534196325.3754315 627 536 569 669 562 671 -6402 4890 2052 270 592 105 -30 121 -61
1534196325.4379199 627 537 569 668 562 670 -6366 4940 2068 398 429 -187 -28 121 -57
1534196325.518966 627 536 569 668 562 670 -6516 4930 1982 207 -111 252 -29 121 -58
1534196325.5906422 627 537 569 669 562 670 -6256 4936 2062 345 137 -52 -28 121 -59
1534196325.6560228 627 537 569 669 562 671 -6548 4914 2038 -54 120 -46 -28 123 -58
1534196325.7187026 627 537 569 669 562 670 -6388 5040 2104 590 195 25 -28 121 -60
1534196325.781184 627 537 569 669 562 670 -6422 4820 1922 228 242 -213 -29 122 -57
1534196325.8633842 627 536 569 669 562 670 -6492 5006 2142 269 -5 114 -29 122 -58
1534196325.922379 626 536 569 669 562 670 -6406 4878 1934 413 245 -20 -30 123 -58
1534196326.0010598 627 536 569 669 562 670 -6470 4962 2000 104 118 -9 -30 123 -57
1534196326.0580177 627 536 569 668 562 670 -6360 4932 2078 310 61 68 -28 120 -55
1534196326.1253061 627 536 569 668 562 671 -6430 4924 1976 171 158 35 -28 120 -59
1534196326.2034159 627 536 569 669 562 670 -6450 4984 2050 378 320 -41 -29 123 -58
1534196326.2658985 627 536 569 669 562 670 -6440 4860 1940 143 60 19 -29 122 -59
1534196326.340278 627 536 569 669 562 670 -6432 4948 2042 370 166 -6 -26 123 -57
1534196326.4081554 627 536 569 668 562 670 -6522 4910 2040 431 471 -153 -28 122 -59
1534196326.470643 627 536 569 669 562 670 -6434 4916 1994 595 313 -22 -26 121 -58
1534196326.542325 627 536 569 668 562 670 -6550 4934 1940 810 913 -342 -26 121 -60
1534196326.6048114 626 536 569 668 562 670 -6522 4812 1788 389 -89 144 -26 121 -60
1534196326.6829526 626 536 569 668 562 670 -6470 4884 1878 177 -182 195 -26 123 -60
1534196326.745411 627 536 569 668 562 670 -6274 4784 1924 357 1875 -18 -29 123 -61
1534196326.833853 627 536 569 668 562 670 -5956 4728 1952 -1252 -1587 1860 -28 120 -60
1534196326.9063866 626 536 569 669 562 669 -6010 6360 2022 5796 3473 1592 -28 121 -60
1534196326.968796 627 536 569 670 563 670 -6430 4360 1306 -641 -2347 1854 -32 116 -63
1534196327.0417025 626 536 569 670 564 670 -7316 6172 2574 -1086 -1522 475 -32 119 -59
1534196327.1241002 625 535 569 670 564 669 -5562 4132 1010 3550 1396 3745 -30 117 -61
1534196327.1865866 625 534 569 670 564 669 -6812 4336 270 569 -4123 589 -30 120 -60
1534196327.2647324 627 536 569 670 564 669 -7656 7714 3852 114 -5239 5297 -34 117 -56
1534196327.3408122 629 537 569 669 564 670 -5074 2242 -500 2744 -5488 6430 -34 119 -61
1534196327.4071298 629 537 569 669 564 670 -6964 6952 2584 -8224 3268 -3504 -33 120 -58
1534196327.4851897 628 537 569 669 564 670 -6126 4978 2246 203 148 1657 -34 121 -57
1534196327.556955 628 537 569 669 564 670 -5756 5200 1486 -2340 1644 -813 -34 118 -57
1534196327.6319325 628 537 569 669 564 670 -5966 5704 2304 -1164 1170 -449 -34 118 -59
1534196327.7119498 628 537 569 669 564 670 -6072 5112 2020 781 2407 -2322 -33 119 -59
1534196327.7744374 628 538 569 669 563 671 -6468 5286 1674 -473 2026 -1114 -32 121 -59
1534196327.8507602 628 537 569 669 563 670 -6352 4894 1758 -535 2821 -2955 -28 121 -63
1534196327.9215372 627 537 569 669 563 670 -6598 4910 1630 -593 2234 -3413 -28 121 -62
1534196327.984153 628 537 569 669 563 671 -6858 4784 1568 -412 1970 -2299 -25 123 -63
1534196328.0683312 627 536 569 669 563 670 -6970 4346 1404 456 404 -1765 -22 124 -66
1534196328.1401403 627 536 569 669 562 670 -7134 4408 1190 -19 -202 -456 -21 124 -67
1534196328.2129462 627 537 569 669 562 671 -6690 4488 1696 -587 -1031 -235 -22 123 -62
1534196328.287746 627 536 569 669 562 671 -7596 4228 1662 -1217 -1062 -588 -20 122 -63
1534196328.3625462 628 536 569 669 562 671 -7960 -164 928 -6341 -3407 -2031 -23 124 -60
1534196328.4513092 627 536 569 669 562 671 -8342 3830 3964 -8348 -6250 -4879 -21 123 -53
1534196328.5231173 627 536 569 669 562 670 -7204 2896 2862 -32768 -401 -7482 -22 127 -43
1534196328.6048985 627 537 569 669 562 671 -6000 2262 3104 -10857 -2231 -12208 -10 130 -35
1534196328.663744 627 537 569 669 562 671 -6142 940 3894 -9045 -4033 -12330 1 136 -32
1534196328.7385418 627 536 569 669 562 671 -5684 -860 4202 -10299 4173 -20253 19 134 -29
1534196328.8123457 627 537 569 669 562 671 -5952 -2570 4236 -2013 3699 -220 28 135 -31
