1534195477.227101 661 567 599 704 600 701 5766 -1730 -5730 696 893 -185 -31 -49 -111
1534195477.3137481 661 568 598 704 600 702 5262 -1776 -5818 705 393 -814 -29 -49 -111
1534195477.3762324 661 567 599 704 600 701 5598 -2014 -5760 6 -424 -185 -29 -49 -112
1534195477.4611557 661 568 598 704 600 701 5144 -1652 -5886 -1448 -1748 1314 -29 -48 -110
1534195477.525399 661 567 599 704 600 700 5744 -1864 -5868 873 896 -533 -31 -47 -112
1534195477.6035054 661 567 598 704 600 701 5404 -1668 -6032 150 614 -834 -31 -49 -112
1534195477.6783876 661 567 598 704 600 701 5752 -1676 -5900 630 -596 -53 -30 -48 -112
1534195477.7454777 661 568 598 704 600 700 5736 -1896 -5758 -443 411 1140 -30 -48 -112
1534195477.8147986 661 567 598 704 600 701 5382 -1656 -5860 443 -93 928 -29 -49 -112
1534195477.8929074 661 567 599 705 600 701 5602 -1910 -5792 768 995 -30 -29 -48 -112
1534195477.9958842 661 567 599 705 600 701 5466 -1976 -5784 338 304 307 -27 -48 -113
1534195478.0583696 661 568 598 704 600 701 4956 -1712 -5772 1251 3966 349 -29 -49 -111
1534195478.1412804 661 567 598 704 600 701 6984 -2342 -5352 1350 775 890 -26 -53 -109
1534195478.1941457 661 567 599 705 600 700 5598 -2026 -5466 -89 -744 -364 -28 -55 -108
1534195478.2480018 661 567 598 704 600 700 5918 -2092 -5494 213 35 158 -26 -53 -107
1534195478.3141956 661 567 598 704 600 701 5632 -1978 -5536 252 151 81 -26 -54 -108
1534195478.394752 661 567 598 704 600 701 5914 -2054 -5580 181 -214 149 -27 -56 -109
1534195478.4691932 661 567 598 704 600 701 5650 -2050 -5514 338 301 -152 -26 -55 -109
1534195478.5294702 661 567 598 704 600 701 5706 -1956 -5542 216 81 -43 -26 -54 -109
1534195478.6088154 661 567 598 704 600 701 5788 -2050 -5586 217 371 38 -27 -52 -109
1534195478.6813333 661 568 598 705 600 701 5680 -1918 -5536 230 146 -248 -27 -54 -110
1534195478.7473307 661 567 598 704 600 701 5752 -2128 -5612 178 176 170 -26 -53 -108
1534195478.8148193 661 568 598 704 600 701 5706 -1990 -5484 264 42 85 -27 -54 -108
1534195478.8921857 661 567 598 704 600 700 5790 -2112 -5584 128 94 -32 -27 -54 -109
1534195478.9491382 661 567 598 704 600 701 5746 -2080 -5552 360 470 -10 -28 -57 -107
1534195479.0272465 662 568 599 704 600 700 5614 -2022 -5496 213 -62 147 -27 -56 -109
1534195479.0897307 661 567 598 704 600 700 5832 -2094 -5562 62 126 -1 -26 -53 -107
1534195479.175601 661 567 598 704 600 701 5676 -2000 -5500 342 413 -152 -28 -54 -109
1534195479.2453783 660 568 598 704 600 701 5698 -1996 -5578 139 216 -221 -27 -56 -108
1534195479.3150163 661 568 598 704 600 701 5792 -2034 -5452 365 188 -109 -27 -55 -108
1534195479.3931222 661 568 599 704 600 701 5654 -2048 -5616 142 274 16 -27 -56 -109
1534195479.4616838 661 567 598 704 600 701 5912 -1872 -5462 419 166 148 -26 -55 -107
1534195479.5290353 661 567 599 704 601 701 5948 -2114 -5388 453 229 649 -28 -56 -109
1534195479.6071422 661 567 599 704 600 701 5760 -1984 -5698 704 -105 -1141 -28 -57 -108
1534195479.6774757 661 567 598 704 600 700 6004 -2020 -5394 75 286 -55 -27 -55 -108
1534195479.7458823 661 567 599 704 600 701 5794 -2028 -5614 496 98 152 -29 -54 -107
1534195479.8149624 661 567 598 704 600 701 5710 -1982 -5504 36 -11 116 -28 -52 -108
1534195479.877449 661 567 599 704 600 701 5862 -2048 -5462 273 152 49 -28 -55 -110
1534195479.9581409 661 567 598 704 600 701 5716 -2014 -5536 188 146 -6 -27 -53 -110
1534195480.0277474 661 568 598 704 600 701 5830 -2036 -5502 118 132 83 -27 -54 -109
1534195480.0902336 661 567 598 704 600 701 5774 -1970 -5476 288 169 34 -26 -54 -109
1534195480.1708636 660 567 598 704 600 701 5798 -1970 -5586 181 162 -140 -27 -54 -108
1534195480.2293983 660 567 599 704 600 700 5760 -2004 -5508 248 184 -83 -29 -55 -108
1534195480.314722 661 567 598 704 600 701 5770 -2022 -5476 230 251 -202 -27 -52 -107
1534195480.3773143 661 567 598 704 600 700 5588 -1760 -5478 603 73 208 -26 -53 -108
1534195480.457164 661 567 598 704 600 701 5878 -1976 -5412 1061 229 957 -29 -54 -109
1534195480.5276601 661 567 598 704 600 701 6316 -2744 -5618 257 130 603 -26 -55 -109
1534195480.590145 661 567 599 704 600 701 5754 -1682 -5710 -720 326 2064 -26 -55 -109
1534195480.6702855 661 568 598 704 600 701 6666 -1378 -5538 477 1454 270 -28 -54 -109
1534195480.747573 662 568 599 704 600 700 5596 -2354 -5754 -4349 -2678 1901 -30 -54 -103
1534195480.830526 662 569 599 704 600 701 4330 -64 -7770 -5981 -1430 -1616 -29 -55 -106
1534195480.9006789 663 569 599 704 600 702 3914 -2966 -6336 2096 1830 -2487 -31 -49 -107
1534195480.9652739 662 569 599 704 600 702 6508 -2532 -6282 -2811 -2472 2090 -26 -51 -109
1534195481.0436246 662 569 599 704 601 701 4380 -1288 -6860 -3726 1624 961 -26 -51 -108
1534195481.1216745 661 568 598 704 600 701 4808 -1876 -5468 4104 1645 -3090 -30 -52 -109
1534195481.2032828 661 568 599 704 600 700 6022 -1658 -5668 1911 2874 -4044 -29 -51 -110
1534195481.2615116 661 568 598 704 600 700 5508 -1068 -5664 4644 -932 474 -30 -54 -107
1534195481.348107 662 568 598 704 600 702 5332 -3144 -6300 1987 -391 66 -29 -51 -108
1534195481.421458 661 568 598 705 600 701 5610 -1714 -5756 -421 386 -567 -25 -50 -111
1534195481.4933982 661 568 598 704 600 701 5236 -2084 -5984 949 199 -363 -27 -51 -110
1534195481.557297 661 568 598 704 600 701 5418 -2046 -5930 224 124 262 -27 -51 -111
1534195481.635406 661 568 599 704 600 701 5384 -1994 -5884 -31 42 132 -25 -50 -109
1534195481.6979158 661 568 598 704 600 701 5534 -1996 -5834 242 336 5 -26 -51 -110
1534195481.7770655 661 568 598 704 600 701 5368 -2072 -5936 236 326 -136 -26 -51 -109
1534195481.8482492 661 568 598 704 600 701 5170 -1908 -5982 -65 126 -84 -26 -51 -110
1534195481.9196086 661 568 598 704 600 701 5554 -2040 -5854 505 213 110 -27 -51 -109
1534195481.9789422 662 568 598 704 600 701 5478 -1952 -5856 391 485 -207 -29 -51 -110
1534195482.0572524 661 568 598 704 600 701 5460 -2020 -5870 306 225 -55 -28 -51 -112
1534195482.1195345 661 568 598 704 600 701 5484 -2000 -5894 398 85 213 -28 -53 -110
1534195482.2045448 661 568 598 704 600 701 5294 -2062 -5890 230 205 -55 -27 -51 -109
1534195482.261552 661 568 598 704 600 701 5550 -2058 -5858 290 98 214 -28 -52 -108
1534195482.3328173 661 568 598 704 600 701 5388 -2038 -5802 390 508 -186 -26 -51 -111
1534195482.4171677 661 568 599 704 600 701 5376 -2108 -5864 182 -116 98 -27 -53 -108
1534195482.4808438 661 568 598 704 600 700 5610 -1996 -5688 198 196 119 -27 -53 -109
1534195482.5589528 661 568 598 704 600 701 5414 -2030 -5848 294 189 87 -26 -51 -110
1534195482.6216164 661 568 598 704 600 701 5544 -1978 -5724 135 6 248 -26 -54 -108
1534195482.6839216 661 568 598 704 600 700 5362 -2056 -5862 250 276 61 -26 -52 -110
1534195482.7622654 661 568 598 704 600 701 5378 -2000 -5790 267 182 -131 -27 -52 -111
1534195482.830745 661 568 598 704 600 701 5508 -2066 -5820 309 336 -24 -28 -52 -108
1534195482.910783 661 568 599 704 600 701 5406 -1998 -5770 215 68 83 -28 -54 -109
1534195482.978078 662 568 598 704 600 700 5566 -2042 -5794 276 145 37 -28 -54 -109
1534195483.0408118 661 568 598 704 600 701 5416 -1442 -5766 554 149 380 -27 -51 -110
1534195483.1186652 661 568 598 704 600 701 5334 -2270 -5342 6446 2680 127 -26 -54 -110
1534195483.2017548 661 568 598 704 600 700 4854 -1602 -5334 -4387 -329 3370 -24 -54 -108
1534195483.2766445 661 568 598 704 600 701 5508 -2680 -5592 -1734 -1493 114 -22 -57 -110
1534195483.3449268 662 569 599 704 601 701 6244 -3418 -6040 2061 -702 569 -23 -54 -108
1534195483.4224522 662 570 599 704 600 701 6010 -3894 -6292 3653 624 559 -22 -55 -108
1534195483.4950023 663 570 599 705 600 701 5310 -2674 -6338 2368 4397 -962 -16 -55 -109
1534195483.55744 663 570 599 705 600 702 5250 -2732 -6278 235 2987 -2163 -19 -52 -109
1534195483.635723 662 570 599 705 600 701 4998 -2640 -5590 -1734 1591 -3347 -20 -54 -109
1534195483.7319925 661 569 599 704 600 701 5938 -2998 -5700 -2293 441 -71 -22 -55 -108
1534195483.794351 662 569 599 704 600 700 5282 -960 -5948 -2026 -5 -6030 -24 -55 -109
1534195483.8625128 662 569 599 704 600 701 5200 -144 -5008 4996 -719 681 -27 -54 -106
1534195483.9407623 662 569 598 704 600 701 6552 -3348 -5658 7618 -834 -436 -30 -51 -107
1534195484.0111504 661 569 598 704 600 701 5104 -2848 -6038 87 -1160 -1047 -24 -54 -111
1534195484.0736783 662 569 598 704 600 701 5492 -1980 -5672 604 871 181 -25 -50 -111
1534195484.1517518 661 569 598 704 600 701 5418 -2540 -5798 114 -422 -3 -25 -49 -112
1534195484.2277603 662 569 599 704 600 701 5502 -2184 -5690 241 595 51 -23 -51 -111
1534195484.298568 661 569 599 704 600 701 5384 -2340 -5742 114 180 239 -24 -50 -111
1534195484.3619914 661 568 599 704 600 701 5744 -2324 -5636 178 152 359 -24 -49 -110
1534195484.448643 661 568 599 704 600 701 5346 -2224 -5766 295 351 166 -22 -51 -111
1534195484.4955058 662 568 599 704 600 701 5578 -2418 -5606 2 -65 521 -23 -50 -111
1534195484.5736122 661 568 599 704 600 701 5512 -2246 -5706 371 238 241 -22 -52 -112
1534195484.6517193 662 569 599 704 600 701 5568 -2332 -5700 143 155 77 -24 -51 -111
1534195484.7227159 661 568 598 704 600 701 5510 -2358 -5726 320 271 101 -23 -53 -112
1534195484.7944663 661 568 599 704 600 701 5468 -2298 -5706 133 178 150 -22 -51 -112
1534195484.8617885 661 568 599 704 600 701 5440 -2382 -5570 188 75 48 -23 -52 -110
1534195484.9243543 661 568 598 704 600 701 5522 -2298 -5728 169 262 110 -21 -50 -110
1534195485.00238 661 568 599 704 600 701 5430 -2296 -5602 245 274 -36 -22 -51 -110
1534195485.0651183 661 568 599 704 600 701 5602 -2304 -5652 339 235 -39 -24 -53 -108
1534195485.158206 661 568 599 705 600 701 5496 -2252 -5616 239 252 18 -21 -50 -108
1534195485.2150283 661 568 598 704 600 701 5534 -2356 -5680 244 138 -281 -24 -52 -110
1534195485.2913404 661 568 599 704 600 701 5614 -2332 -5578 149 195 161 -21 -51 -113
1534195485.3603604 661 568 599 704 600 701 5430 -2310 -5714 224 174 -57 -22 -49 -110
1534195485.433086 661 568 599 704 600 701 5566 -2324 -5624 299 185 -69 -21 -52 -111
1534195485.4956887 661 568 598 704 600 701 5554 -2376 -5626 198 -107 198 -24 -51 -111
1534195485.5736737 661 568 599 704 600 701 4894 -2408 -5272 -302 144 -390 -22 -53 -109
1534195485.6512055 661 568 599 704 600 700 5476 -2198 -5430 887 740 -201 -23 -51 -110
1534195485.7150702 661 568 598 704 600 700 6180 -3002 -5742 786 -586 3106 -23 -53 -110
1534195485.8013666 661 569 598 704 600 701 4380 -2060 -6028 -7277 -3155 4256 -21 -52 -111
1534195485.87688 662 569 598 704 600 700 3678 -1492 -6400 -2918 -2052 2793 -22 -49 -110
1534195485.9470332 662 569 599 704 600 701 5290 -3448 -6482 1804 826 -295 -22 -53 -109
1534195486.0251355 662 570 599 704 600 701 4294 -2302 -6052 -1342 889 -1248 -19 -50 -112
1534195486.0876226 663 570 599 705 600 702 5436 -2834 -6232 -193 -4163 3157 -17 -51 -111
1534195486.1747985 663 570 599 704 600 701 3642 -1618 -6552 179 1209 882 -16 -50 -113
1534195486.2471745 662 570 599 704 600 702 4224 -2670 -6072 -566 899 -932 -16 -48 -117
1534195486.3151872 662 570 599 704 600 702 5104 -3198 -6326 152 1193 -494 -13 -48 -116
1534195486.3950174 662 569 599 704 600 702 5032 -2700 -6458 2327 2924 -1714 -16 -50 -114
1534195486.464208 661 569 599 704 600 700 4836 -3834 -6574 2231 2405 -4927 -17 -51 -112
1534195486.5423152 661 569 599 704 600 701 4900 -974 -5254 -2233 -1810 660 -17 -51 -112
1534195486.6204214 661 569 599 705 600 701 5866 -2274 -5566 4151 -100 31 -23 -53 -111
1534195486.6909182 661 569 599 704 600 701 5038 -3430 -6132 206 240 -537 -20 -52 -112
1534195486.7618544 661 569 598 704 600 700 5488 -2290 -5722 -611 793 -13 -20 -53 -111
1534195486.8309278 661 569 599 704 600 700 5198 -2518 -5742 450 140 -237 -20 -51 -111
1534195486.906762 661 569 598 704 600 700 5332 -2450 -5752 142 365 -339 -18 -53 -112
1534195486.9799623 661 568 599 704 600 700 5490 -2542 -5716 478 257 -498 -19 -51 -111
1534195487.0424578 661 568 598 704 600 700 5144 -2432 -5846 150 329 -146 -22 -52 -112
1534195487.1205518 661 568 598 705 600 701 5408 -2450 -5814 317 131 -75 -19 -52 -111
1534195487.1955204 661 569 599 704 600 701 5330 -2454 -5784 525 723 -551 -18 -51 -111
1534195487.2630386 661 568 599 704 600 701 5202 -2508 -5760 181 142 -255 -19 -51 -112
1534195487.3319998 661 569 598 704 600 700 5574 -2494 -5644 302 1 270 -18 -53 -112
1534195487.3944855 661 568 599 704 600 701 5196 -2436 -5772 357 458 -269 -20 -51 -110
1534195487.4801736 661 569 599 704 600 700 5278 -2456 -5766 189 138 -18 -20 -51 -111
1534195487.5424018 661 568 599 704 600 701 5568 -2570 -5706 365 296 -48 -20 -52 -109
1534195487.6205082 661 569 599 704 600 701 5318 -2426 -5726 292 250 -98 -20 -52 -110
1534195487.69345 661 568 599 704 600 701 5544 -2540 -5750 364 137 24 -22 -53 -110
1534195487.7635748 661 569 599 704 600 701 5334 -2432 -5670 241 129 147 -21 -53 -110
1534195487.831052 661 568 599 704 600 701 5362 -2478 -5642 251 247 -208 -20 -52 -112
1534195487.8938026 661 568 599 704 600 700 5312 -2514 -5738 212 101 32 -21 -54 -112
1534195487.963625 661 568 599 704 600 701 5454 -2486 -5660 116 228 182 -23 -53 -112
1534195488.0417314 661 568 599 704 600 701 5378 -2436 -5718 307 155 -162 -21 -54 -110
1534195488.1200404 661 568 598 704 600 700 5384 -2522 -5714 174 193 30 -22 -52 -110
1534195488.190276 662 569 599 704 600 701 5336 -2510 -5732 251 102 11 -22 -53 -112
1534195488.2480164 661 568 599 704 600 701 5416 -2448 -5654 313 387 -399 -19 -52 -111
1534195488.3303812 661 568 598 704 600 701 5384 -2452 -5772 106 211 -62 -21 -51 -112
1534195488.4077768 661 568 599 704 600 701 4906 -2490 -5542 1640 240 1027 -21 -53 -111
1534195488.48023 660 568 598 704 600 700 4714 -2338 -5408 -1176 150 4724 -19 -52 -110
1534195488.5427144 661 569 598 704 600 700 5302 -3216 -4744 -2147 748 -1008 -17 -52 -112
1534195488.6208212 662 569 599 704 600 702 5290 -1328 -5576 2529 830 -126 -15 -55 -108
1534195488.6980715 661 569 599 704 600 701 5774 -3722 -5940 1465 -1016 1680 -16 -57 -109
1534195488.791938 662 570 599 704 600 702 6696 -4516 -5800 1598 5133 -1808 -12 -56 -110
1534195488.8460748 662 570 599 705 600 702 4062 -4370 -5534 -1866 -1077 -1552 -11 -60 -108
1534195488.9329548 663 570 599 705 600 701 4602 -4080 -5848 -775 131 -1400 -10 -59 -110
1534195488.9951808 662 570 599 704 600 702 5668 -3010 -5690 650 1808 -2039 -12 -60 -108
1534195489.0732887 661 569 599 704 600 702 6010 -4784 -6070 3176 3990 -9808 -13 -58 -109
1534195489.1606934 661 569 598 704 600 701 5948 -1606 -5034 -5980 -2569 -4458 -16 -60 -104
1534195489.2303317 661 569 599 704 600 701 6476 -1196 -4658 3750 -295 4638 -22 -56 -105
1534195489.3090088 661 568 599 704 600 701 5868 -4078 -5658 976 -1049 -281 -21 -57 -107
1534195489.3777654 662 569 599 704 600 700 5772 -2358 -5238 -2405 -149 1458 -20 -57 -110
1534195489.447951 661 569 599 704 600 700 5632 -2300 -5254 416 191 71 -18 -58 -108
1534195489.5260575 661 569 598 704 600 701 5464 -2672 -5528 160 333 -48 -19 -55 -108
1534195489.588544 661 569 599 704 600 701 5614 -2478 -5366 288 569 -351 -20 -57 -108
1534195489.6673741 661 569 598 704 600 700 6010 -2632 -5258 252 94 15 -20 -57 -108
1534195489.7310226 661 569 599 704 600 701 5756 -2502 -5336 292 321 -580 -19 -58 -110
1534195489.8117359 661 568 598 704 600 701 5558 -2488 -5388 226 295 -18 -18 -56 -108
1534195489.8779397 661 568 599 704 600 701 5792 -2610 -5404 216 -93 346 -19 -57 -109
1534195489.9491444 661 569 599 704 600 701 5580 -2590 -5392 167 184 -70 -19 -56 -108
1534195490.0116313 661 569 598 704 600 701 5560 -2534 -5430 205 -88 335 -20 -58 -107
1534195490.0899997 661 569 599 705 600 701 5618 -2606 -5434 275 149 -75 -18 -55 -108
1534195490.1522222 661 569 599 704 600 701 5662 -2564 -5466 358 219 35 -19 -57 -109
1534195490.2303307 661 568 598 704 600 701 5496 -2580 -5458 113 1 6 -20 -56 -109
1534195490.3042173 661 569 599 704 600 701 5676 -2628 -5420 302 -64 185 -19 -56 -108
1534195490.3617878 661 568 599 704 600 701 5646 -2584 -5386 219 175 3 -18 -55 -109
1534195490.4453287 661 569 599 705 600 701 5586 -2602 -5464 191 60 -195 -22 -55 -110
1534195490.510312 662 568 599 704 600 700 5566 -2576 -5450 240 144 101 -17 -56 -108
1534195490.5728471 661 568 599 704 600 701 5470 -2588 -5486 188 -55 354 -18 -57 -107
1534195490.6573834 661 569 599 704 600 700 5634 -2550 -5418 -26 50 293 -19 -57 -111
1534195490.7134795 661 568 599 704 600 701 5562 -2666 -5386 43 -51 673 -18 -57 -110
1534195490.801201 661 568 599 704 600 701 5316 -2052 -5150 198 -418 1112 -19 -55 -111
1534195490.8630018 661 568 598 704 600 701 5608 -3102 -5852 -1408 620 1709 -17 -56 -108
1534195490.948213 662 568 599 704 600 701 5572 -3162 -5724 -3907 -269 357 -17 -55 -108
1534195491.0106997 662 569 599 704 600 701 5118 -1562 -6122 -1501 -1739 931 -19 -57 -109
1534195491.0888095 662 569 599 704 600 700 3524 -2096 -5664 7987 2045 2002 -20 -54 -107
1534195491.1735682 662 570 599 704 600 701 4538 -1570 -5840 3730 1158 -298 -18 -56 -108
1534195491.231364 663 570 599 705 601 701 3996 -2610 -5898 322 65 178 -17 -57 -108
1534195491.3146226 662 570 599 704 600 702 5906 -2076 -4914 -3254 -1981 1523 -13 -57 -107
1534195491.392805 663 570 599 704 600 702 5116 -3104 -5768 -2017 381 440 -15 -59 -109
1534195491.4649868 662 569 599 704 600 702 5178 -2638 -5454 823 466 652 -14 -59 -106
1534195491.5275154 662 569 599 704 600 701 5652 -3880 -5762 -755 1144 -6063 -14 -58 -109
1534195491.6056607 662 569 599 704 600 700 5400 202 -4514 -442 -570 -2069 -20 -58 -105
1534195491.692249 661 569 599 704 600 701 5742 -2950 -5506 6693 637 -35 -27 -58 -105
1534195491.746158 661 569 599 704 600 701 5474 -3138 -5662 -1269 -674 144 -21 -57 -106
1534195491.8321753 661 569 599 704 600 700 5956 -2118 -5158 -1222 357 546 -20 -56 -109
1534195491.8946598 661 569 599 704 600 701 5718 -2144 -5278 419 208 201 -24 -58 -106
1534195491.9640093 661 569 599 704 600 701 5822 -2506 -5524 27 39 -6 -22 -56 -108
1534195492.0420372 661 568 599 704 600 700 5502 -2248 -5460 497 556 -192 -21 -57 -107
1534195492.1044147 661 568 599 704 600 700 5956 -2400 -5280 142 -174 210 -21 -58 -107
1534195492.1894624 662 569 598 704 600 701 5638 -2264 -5428 360 192 307 -21 -59 -107
1534195492.2471423 661 568 599 704 600 701 5664 -2372 -5444 128 -4 381 -21 -57 -106
1534195492.3298984 662 568 599 704 600 700 5766 -2360 -5408 334 217 -3 -23 -60 -106
1534195492.3934774 661 568 598 704 600 701 5614 -2356 -5442 235 287 -273 -21 -57 -107
1534195492.4651008 661 568 599 704 600 701 5754 -2480 -5380 230 54 281 -23 -58 -108
1534195492.5275946 661 568 599 704 600 701 5758 -2322 -5430 207 -34 510 -23 -57 -107
1534195492.6056895 662 568 599 704 600 700 5726 -2342 -5402 300 121 -184 -22 -57 -107
1534195492.6840665 661 568 599 704 600 701 5750 -2388 -5432 294 360 -118 -21 -56 -105
1534195492.7462835 661 568 599 704 600 700 5648 -2390 -5424 361 211 95 -24 -58 -108
1534195492.826851 661 568 599 704 600 701 5632 -2346 -5402 205 84 29 -21 -58 -108
1534195492.8935816 661 568 598 704 600 700 5862 -2414 -5382 280 183 -38 -21 -57 -105
1534195492.9639466 661 568 599 704 600 700 5702 -2388 -5346 233 154 106 -22 -57 -108
1534195493.0418036 661 568 599 704 600 700 5698 -2428 -5382 222 150 -109 -21 -58 -105
1534195493.10429 661 568 599 704 600 700 5768 -2384 -5314 234 180 21 -21 -58 -109
1534195493.183153 660 568 599 704 600 700 5640 -2366 -5382 238 146 -35 -22 -59 -109
1534195493.2463856 661 568 599 704 600 700 5856 -2416 -5372 184 -14 51 -23 -59 -107
1534195493.3142922 661 568 598 704 600 700 5726 -2428 -5410 261 265 170 -22 -56 -107
1534195493.3926084 661 568 599 704 600 701 5628 -2326 -5370 242 293 -212 -21 -56 -106
1534195493.465434 661 568 599 704 600 701 5616 -2494 -5460 -43 421 -758 -24 -57 -105
1534195493.5435414 661 568 598 704 600 701 6254 -3264 -5672 3895 1856 2032 -22 -57 -107
1534195493.6060264 662 568 598 704 600 700 5966 -1006 -5320 -3908 -3532 4076 -19 -58 -105
1534195493.6954348 661 569 599 704 600 701 6616 -2126 -5268 -273 -1619 1552 -18 -59 -106
1534195493.7676468 662 569 599 704 600 701 6170 -2802 -6370 1288 72 -438 -20 -59 -107
1534195493.8306959 662 569 599 704 600 701 6692 -3632 -5606 1290 3004 321 -16 -57 -107
1534195493.9109507 662 569 599 704 600 702 5636 -2812 -5628 -1776 -268 41 -18 -58 -102
1534195493.9813335 662 569 599 704 600 701 5438 -2750 -5792 556 1197 -1205 -18 -59 -104
1534195494.0596974 662 569 599 704 600 700 5516 -2546 -5758 1247 98 427 -20 -59 -105
1534195494.1219242 661 569 599 704 600 701 5952 -2592 -5540 1084 852 -1547 -17 -60 -104
1534195494.1985612 661 569 598 704 600 701 5500 -2038 -5042 -661 1327 -1111 -18 -59 -107
1534195494.2829006 661 568 599 705 600 700 6218 -1914 -4714 4039 500 1879 -21 -60 -105
1534195494.3452177 661 568 598 704 600 701 5470 -3884 -5524 1495 -577 147 -18 -60 -105
1534195494.4287355 661 569 599 705 600 700 5670 -2658 -5184 -1651 -5 565 -17 -59 -106
1534195494.4954264 661 568 599 704 599 701 5814 -2504 -5116 126 191 -95 -16 -59 -104
1534195494.557914 661 568 599 704 600 701 5678 -2790 -5236 221 504 -322 -16 -60 -106
1534195494.6360197 660 568 598 704 600 701 5752 -2700 -5168 24 73 77 -17 -61 -105
1534195494.7113514 661 568 599 704 600 700 5744 -2756 -5212 124 129 149 -19 -62 -106
1534195494.7820919 661 568 599 704 600 701 5868 -2664 -5182 164 86 227 -18 -59 -105
1534195494.84605 661 568 599 704 600 701 5694 -2752 -5114 353 307 -132 -17 -59 -105
1534195494.9231625 661 568 599 704 599 701 5824 -2716 -5120 183 11 -3 -16 -60 -103
1534195494.9797235 661 568 599 704 600 700 5772 -2734 -5258 167 -7 224 -18 -61 -105
1534195495.0576873 661 568 599 704 600 700 5834 -2692 -5168 180 125 139 -18 -61 -106
1534195495.1357727 661 568 599 704 600 700 5776 -2692 -5190 267 266 -56 -15 -60 -102
1534195495.2074914 661 568 599 704 600 700 5696 -2724 -5126 240 200 -144 -18 -60 -103
1534195495.2780967 661 568 599 704 600 700 5860 -2734 -5178 280 40 156 -17 -61 -104
1534195495.3467937 661 568 598 704 600 701 5834 -2718 -5154 247 173 51 -16 -62 -104
1534195495.4177768 661 568 599 704 600 701 5756 -2678 -5142 291 152 54 -17 -61 -104
1534195495.4804196 660 568 599 704 600 700 5858 -2732 -5158 281 228 -107 -17 -64 -105
1534195495.558527 661 568 599 705 600 701 5912 -2790 -5056 371 225 -130 -17 -60 -105
1534195495.6210105 661 568 598 704 600 700 5770 -2708 -5136 233 149 36 -16 -63 -107
1534195495.7029264 661 568 597 704 600 701 5746 -2700 -5144 129 43 238 -19 -61 -104
1534195495.7613535 661 568 599 704 600 701 5792 -2686 -5146 293 285 -165 -15 -61 -104
1534195495.847101 661 568 598 704 600 701 5794 -2660 -5136 243 198 -17 -17 -62 -104
1534195495.9157758 660 568 599 704 600 700 5754 -2686 -5150 202 99 45 -16 -63 -105
1534195495.98056 660 568 598 704 600 701 5784 -2720 -5122 146 245 90 -17 -60 -104
1534195496.043046 661 568 598 704 600 700 5838 -2704 -5114 170 158 -40 -18 -63 -104
1534195496.1211863 661 568 599 704 600 700 5902 -2724 -5102 276 310 -62 -18 -63 -105
1534195496.1982133 661 568 599 704 600 700 5676 -2624 -5146 322 297 -180 -19 -64 -106
1534195496.2737846 661 568 598 704 600 701 5878 -2666 -5040 120 284 -336 -20 -62 -104
1534195496.3460364 660 568 599 704 600 701 4966 -1782 -4962 2814 611 954 -18 -62 -105
1534195496.4219134 660 568 599 704 600 700 4416 -2376 -5364 -6500 -2317 8519 -16 -61 -105
1534195496.4961548 661 568 599 704 600 701 5172 -2226 -5752 1586 -456 -306 -12 -61 -105
1534195496.5586407 661 569 599 704 600 700 6110 -4078 -5440 3778 855 1699 -14 -63 -103
1534195496.6367464 662 569 599 704 600 700 5764 -3172 -5020 1506 -2370 3206 -11 -65 -104
1534195496.719497 662 569 599 704 600 701 5518 -3382 -5132 1816 865 -327 -12 -63 -102
1534195496.7911909 662 570 599 704 600 701 4930 -3312 -5102 967 2061 -1071 -9 -61 -103
1534195496.86266 662 569 599 704 600 701 5470 -3406 -5340 -1333 -440 -489 -11 -63 -103
1534195496.9412973 662 569 599 704 600 701 4452 -2272 -5316 -1840 909 -984 -10 -63 -101
1534195497.0107257 661 569 599 704 600 701 6164 -2288 -5238 1828 1854 769 -12 -62 -102
1534195497.0889273 661 569 599 704 600 701 5932 -3412 -5622 2548 2784 -2258 -14 -64 -101
1534195497.1513183 661 568 599 704 600 700 5596 -3230 -5316 -1434 -487 -3065 -12 -65 -99
1534195497.232098 661 568 598 704 600 701 5464 -1092 -4440 1423 -274 991 -15 -65 -100
1534195497.3136098 661 568 599 704 600 701 5878 -3748 -5336 2352 -457 -531 -15 -63 -102
1534195497.378829 661 568 599 704 600 700 5604 -2810 -5090 -846 397 -10 -14 -64 -102
1534195497.4638047 661 568 599 704 600 700 5686 -2706 -5056 -55 267 -92 -14 -62 -102
1534195497.5262895 660 568 599 704 600 701 5860 -2846 -5088 21 -106 314 -16 -63 -102
1534195497.588774 661 568 599 704 600 701 5842 -2822 -5056 164 -172 213 -14 -63 -103
1534195497.6668806 661 568 599 704 600 700 5610 -2754 -5250 269 226 -147 -14 -63 -102
1534195497.731839 661 568 599 704 600 701 5708 -2846 -5078 185 186 -46 -15 -64 -103
1534195497.814816 661 568 599 704 600 700 5810 -2786 -5132 373 292 -183 -17 -64 -100
1534195497.8773012 661 568 598 704 600 701 5688 -2816 -5118 162 198 -111 -14 -65 -100
1534195497.94886 661 568 599 704 600 701 5824 -2814 -5118 230 94 139 -13 -63 -103
1534195498.0269659 661 568 599 704 600 700 5704 -2784 -5138 197 230 -65 -17 -64 -103
1534195498.0895355 661 568 599 704 600 700 5816 -2800 -5062 161 49 117 -14 -65 -100
1534195498.1728349 661 568 598 704 600 700 5848 -2816 -5144 368 301 -287 -17 -63 -102
1534195498.2306569 661 568 599 704 600 700 5714 -2766 -5080 284 277 -153 -14 -64 -102
1534195498.3160944 661 568 598 704 600 700 5820 -2804 -5078 115 -69 338 -16 -62 -101
1534195498.3794973 661 568 599 704 600 700 5840 -2750 -5094 213 92 175 -16 -63 -104
1534195498.4477088 661 568 599 704 600 700 5778 -2748 -5058 190 327 -294 -15 -64 -101
1534195498.5260725 661 568 599 704 600 700 5854 -2832 -5064 276 157 -2 -15 -65 -102
1534195498.588303 661 568 599 704 600 700 5740 -2784 -5016 262 162 -13 -16 -66 -104
1534195498.671206 660 568 599 704 600 700 5820 -2822 -5086 179 136 -65 -16 -62 -103
1534195498.7311401 661 568 599 704 600 700 5806 -2786 -5062 278 114 129 -17 -63 -101
1534195498.814111 660 568 599 704 600 700 5800 -2800 -5022 179 150 -162 -15 -65 -100
1534195498.8919911 661 568 598 704 600 700 5914 -2806 -5094 360 235 -167 -15 -64 -102
1534195498.9480588 660 568 599 704 600 700 5736 -2760 -5096 250 216 -22 -17 -63 -104
1534195499.0261676 661 568 599 704 600 700 5862 -2760 -5056 12 -107 366 -15 -65 -102
1534195499.088651 661 568 599 704 600 700 5876 -2766 -5066 208 140 151 -17 -64 -100
1534195499.168774 661 568 598 704 600 700 5842 -2762 -5040 257 128 -71 -16 -64 -102
1534195499.2325432 661 568 599 704 600 700 5818 -2812 -5094 244 217 -176 -16 -65 -102
1534195499.3148704 660 568 598 704 600 700 5866 -2786 -5020 290 147 -73 -15 -62 -101
1534195499.3775856 661 568 599 704 600 700 5758 -2828 -5176 228 267 -72 -15 -64 -103
1534195499.4467087 661 568 599 704 600 700 4942 -1834 -4678 1486 -603 1254 -17 -64 -101
1534195499.524815 660 568 598 704 600 700 5406 -2876 -5160 -602 2452 -2007 -14 -64 -103
1534195499.6029294 661 568 599 704 600 700 5966 -1596 -5660 -4422 -89 -3687 -17 -65 -102
1534195499.6857543 661 569 599 704 600 701 6024 -2220 -4486 -656 -2520 3587 -18 -64 -99
1534195499.7463 662 569 599 704 600 700 6286 -3198 -5460 3110 -98 1444 -22 -65 -100
1534195499.829555 662 569 599 704 600 702 6508 -3222 -4902 72 1621 -127 -17 -63 -101
1534195499.892042 662 569 599 705 599 701 6004 -2956 -5068 -1257 -451 -18 -16 -65 -99
1534195499.9805734 662 569 600 704 600 701 6428 -3322 -5434 -2590 -136 -1103 -14 -65 -100
1534195500.0429635 661 569 599 704 600 701 6072 -2190 -5434 -4011 465 -200 -18 -66 -103
1534195500.121326 662 569 599 704 600 700 5862 -1612 -5256 2625 -115 288 -21 -64 -99
1534195500.1987736 661 568 599 704 600 700 5954 -3362 -5262 888 397 -4969 -22 -62 -100
1534195500.273566 661 568 599 704 600 700 4700 -86 -4878 2823 -763 -483 -21 -65 -102
1534195500.344669 661 568 599 704 600 700 5828 -4014 -5752 3994 -67 1148 -24 -60 -102
1534195500.4204607 660 568 599 704 600 700 5504 -2552 -5294 -1738 119 105 -19 -60 -105
1534195500.4814305 661 568 599 704 600 700 6056 -2242 -5148 615 902 -81 -19 -59 -105
1534195500.559538 661 568 599 704 600 701 5652 -2814 -5398 573 187 176 -19 -62 -102
1534195500.622025 660 568 599 704 600 700 5892 -2558 -5202 217 336 68 -16 -60 -102
1534195500.6981144 661 568 599 704 600 700 5688 -2622 -5302 503 468 -367 -18 -62 -105
1534195500.774911 661 568 599 704 600 700 5740 -2662 -5228 460 216 85 -19 -61 -104
1534195500.8463826 661 568 598 704 600 700 5654 -2594 -5344 276 216 -73 -17 -62 -103
1534195500.9189706 660 568 598 704 600 700 5764 -2644 -5144 300 387 -282 -17 -61 -104
1534195500.9805655 661 568 599 704 600 700 5760 -2658 -5182 369 392 -280 -19 -61 -105
1534195501.058674 661 568 599 704 600 700 5674 -2610 -5210 185 130 183 -16 -61 -103
1534195501.1213503 661 568 599 704 600 700 5824 -2626 -5148 207 55 36 -17 -63 -104
1534195501.1985059 660 568 598 704 600 700 5902 -2680 -5146 95 -73 518 -19 -61 -102
1534195501.26099 661 568 599 704 600 700 5858 -2616 -5154 196 -6 269 -18 -62 -104
1534195501.3306077 660 568 598 704 600 700 5768 -2610 -5204 262 299 -161 -17 -61 -103
1534195501.4148176 660 568 598 704 600 700 5888 -2658 -5138 169 36 232 -17 -62 -106
1534195501.4808407 660 568 598 704 600 700 5864 -2608 -5094 334 166 -14 -18 -61 -103
1534195501.543494 661 568 599 704 600 700 5772 -2660 -5176 232 310 -309 -18 -62 -104
1534195501.6214533 661 568 599 704 600 700 5876 -2662 -5206 173 -30 209 -19 -61 -106
1534195501.6979113 661 568 599 704 600 700 5838 -2618 -5140 177 50 208 -17 -63 -104
1534195501.7707539 661 568 598 704 600 700 5726 -2628 -5212 85 206 -73 -20 -60 -105
1534195501.8304167 660 568 599 704 600 700 5740 -2672 -5174 189 96 203 -17 -62 -103
1534195501.9085693 661 568 599 704 599 700 5824 -2590 -5110 223 -31 72 -18 -61 -105
1534195501.9787533 660 568 598 704 600 700 5786 -2726 -5216 92 153 24 -17 -60 -105
1534195502.044513 661 568 599 704 600 700 5978 -2652 -5130 286 221 92 -18 -63 -102
1534195502.1071053 661 568 598 704 600 700 5652 -2678 -5212 270 483 -870 -19 -62 -102
1534195502.1930664 661 568 599 704 600 700 5812 -2448 -5080 274 256 -45 -19 -63 -103
1534195502.2618146 661 568 599 704 600 700 5692 -2952 -5226 1038 456 230 -18 -63 -102
1534195502.3304255 661 568 598 704 600 699 5688 -1970 -4928 -564 -279 3496 -19 -65 -103
1534195502.410084 661 568 599 704 600 700 6318 -2538 -4956 744 746 1141 -18 -63 -104
1534195502.4795978 661 568 599 704 600 700 5690 -2462 -5116 448 1311 -1121 -15 -68 -102
1534195502.5577064 661 569 599 704 600 701 5802 -4308 -6124 2127 -150 1368 -16 -66 -99
1534195502.6201909 662 569 599 704 600 701 6718 -3256 -5546 -747 213 177 -15 -65 -100
1534195502.6968687 662 569 599 704 600 701 5980 -3910 -5522 4455 2268 647 -14 -67 -100
1534195502.7774122 662 569 599 705 600 701 5522 -3482 -5298 -825 833 -474 -11 -67 -99
1534195502.8449364 662 569 599 704 600 701 5486 -2240 -4510 -1881 801 -2414 -12 -65 -99
1534195502.9256654 662 569 599 704 600 701 5800 -2788 -5294 1062 1266 -1460 -14 -67 -97
1534195502.9960415 662 568 599 704 600 700 6522 -2492 -4866 2520 2844 -1539 -17 -67 -97
1534195503.0584798 661 568 599 704 600 699 6124 -3372 -4666 644 405 -3140 -17 -69 -96
1534195503.1443737 661 568 599 704 600 700 4706 -1190 -4456 1711 -1015 19 -19 -67 -96
1534195503.2138283 661 568 599 704 600 700 6472 -3726 -4890 2037 51 2127 -16 -67 -98
1534195503.2874417 660 568 599 704 600 700 6042 -2940 -4770 -1557 51 -85 -15 -68 -98
1534195503.3448045 660 568 599 704 600 699 5998 -2542 -4632 -22 37 146 -15 -69 -98
1534195503.4282696 661 568 599 704 600 700 5920 -3064 -4886 128 298 -91 -16 -68 -100
1534195503.4955451 661 568 599 704 599 700 6082 -2758 -4732 -16 183 14 -15 -69 -99
1534195503.5580316 660 568 598 704 600 699 5956 -2870 -4726 291 366 -420 -15 -70 -99
1534195503.6362708 660 568 599 704 600 700 5904 -2772 -4852 189 311 -345 -16 -69 -100
1534195503.7100508 661 568 599 705 600 700 6000 -2852 -4752 150 100 126 -16 -67 -99
1534195503.7794359 661 568 598 704 599 700 6000 -2808 -4820 299 160 99 -15 -67 -99
1534195503.8462672 660 568 598 704 600 700 5928 -2840 -4874 274 253 -390 -15 -68 -95
1534195503.924181 660 568 599 704 599 700 6032 -2830 -4798 216 80 153 -15 -68 -99
1534195503.9795728 661 568 598 704 600 699 5960 -2828 -4834 59 61 275 -16 -67 -99
1534195504.0422468 661 568 598 704 600 700 5972 -2798 -4828 265 122 39 -16 -66 -99
1534195504.1201644 661 568 599 704 599 699 6088 -2886 -4746 89 28 145 -15 -69 -98
1534195504.193767 661 568 598 704 599 700 5962 -2800 -4838 233 90 229 -16 -71 -99
1534195504.261673 661 568 598 704 600 700 5968 -2820 -4788 123 29 130 -15 -69 -100
1534195504.330393 661 568 599 704 600 700 5990 -2866 -4862 210 194 -43 -17 -69 -100
1534195504.4076638 661 568 599 704 600 700 5862 -2758 -4820 230 136 -153 -15 -69 -100
1534195504.4643593 661 568 598 704 600 700 6100 -2888 -4850 287 94 -114 -16 -69 -100
1534195504.542465 661 568 598 704 600 700 6008 -2850 -4792 142 90 99 -13 -69 -97
1534195504.620571 660 568 598 704 599 699 6000 -2790 -4778 219 170 -108 -14 -66 -99
1534195504.6878574 661 568 599 704 600 700 6012 -2806 -4822 182 257 73 -15 -67 -98
1534195504.7461603 661 568 598 704 600 700 6116 -2822 -4830 229 7 120 -15 -67 -99
1534195504.8149247 660 568 598 704 600 700 5932 -2800 -4752 130 187 5 -14 -69 -99
1534195504.8931112 660 568 599 704 600 700 6024 -2842 -4800 172 69 -96 -15 -67 -97
1534195504.9485254 661 568 598 704 599 700 5994 -2848 -4824 194 204 81 -16 -69 -98
1534195505.0268886 660 568 598 704 600 699 5972 -2784 -4844 94 -105 140 -14 -68 -98
1534195505.1049995 660 568 599 704 600 700 6770 -2262 -4616 -469 -1182 1967 -14 -67 -99
1534195505.1807935 661 568 598 704 599 700 5796 -2352 -5100 1543 565 -4954 -15 -68 -100
1534195505.2464094 661 568 598 704 600 699 6356 -1636 -4370 -2309 -998 632 -15 -66 -100
1534195505.3304558 661 568 599 704 600 700 6668 -3434 -4984 -1271 1411 -883 -18 -66 -101
1534195505.3940904 661 569 599 704 600 700 6262 -3986 -5726 293 -1819 1028 -19 -62 -98
1534195505.4648664 662 569 599 704 600 701 5964 -3482 -5520 3862 1336 2191 -17 -64 -101
1534195505.5429747 662 569 599 704 600 701 5848 -2942 -5608 244 -113 579 -16 -62 -100
1534195505.6210825 662 569 599 704 600 701 6348 -1760 -4714 -1904 960 1206 -18 -65 -100
1534195505.697881 661 569 599 704 600 700 6304 -3506 -5594 1329 1782 -1167 -20 -63 -98
1534195505.772692 662 569 599 704 600 701 5528 -2112 -4740 -1387 756 -678 -19 -66 -97
1534195505.8318698 661 568 599 704 599 700 6192 -2602 -5222 2238 112 1587 -19 -64 -99
1534195505.918272 661 568 599 704 599 700 6314 -3164 -5010 1907 -825 -560 -18 -66 -95
1534195505.9946826 661 568 599 704 599 701 6002 -2392 -4580 -3696 -1737 -688 -17 -66 -99
1534195506.057169 660 568 598 704 600 700 5860 -1948 -4674 2729 -667 1522 -20 -64 -100
1534195506.138334 660 568 598 704 600 700 5768 -3380 -5246 51 -210 -71 -16 -65 -102
1534195506.1980875 661 568 598 704 600 700 5928 -2426 -5010 19 339 188 -17 -64 -101
1534195506.2815988 660 568 598 704 600 700 5818 -2722 -5106 308 174 -100 -16 -64 -103
1534195506.345885 661 568 599 704 599 700 5942 -2638 -4980 175 369 -374 -18 -64 -102
1534195506.4258044 661 568 599 704 600 699 5884 -2708 -5106 393 362 -46 -17 -65 -102
1534195506.496015 661 568 599 704 600 700 5888 -2622 -5046 147 119 -102 -15 -65 -101
1534195506.5585501 661 568 598 704 599 700 5912 -2704 -5044 219 80 -66 -16 -66 -101
1534195506.636776 660 568 599 704 600 700 5774 -2660 -5034 257 200 81 -16 -65 -101
1534195506.6973786 661 568 599 704 600 700 5938 -2644 -5032 226 182 -153 -18 -64 -103
1534195506.790706 660 568 598 704 600 700 5990 -2662 -5046 263 279 -208 -18 -63 -102
1534195506.8461444 660 568 598 704 600 699 5914 -2676 -5046 211 165 -46 -19 -65 -103
1534195506.9236598 661 568 599 704 600 700 5926 -2696 -5056 123 -9 207 -18 -65 -100
1534195506.9796443 661 568 598 704 600 700 5870 -2670 -5032 302 249 75 -19 -64 -100
1534195507.0577495 661 568 598 704 600 700 5896 -2660 -5032 62 115 196 -17 -66 -103
1534195507.120235 661 568 599 704 600 700 5980 -2670 -5056 249 168 -6 -16 -64 -101
1534195507.198294 661 568 599 704 600 700 5930 -2638 -5016 231 64 88 -19 -64 -102
1534195507.273844 661 568 599 704 600 700 5978 -2722 -5020 195 152 99 -16 -66 -100
1534195507.3466501 661 568 598 704 600 700 6110 -2622 -4972 292 -164 253 -18 -64 -100
1534195507.4184682 660 568 598 704 600 700 5874 -2720 -5022 137 -211 602 -17 -65 -101
1534195507.4902794 660 568 599 704 600 700 5762 -2668 -5090 174 25 -115 -17 -64 -101
1534195507.5600886 660 568 599 704 599 700 6012 -2734 -4958 -52 151 -12 -18 -64 -99
1534195507.6258194 661 568 599 704 599 700 5782 -2668 -5090 407 49 169 -15 -63 -103
1534195507.7017064 660 568 598 704 600 700 5910 -2704 -5064 -18 222 123 -17 -65 -102
1534195507.7615967 660 568 599 704 599 700 5870 -2728 -5116 77 74 261 -19 -65 -101
1534195507.8302226 660 568 599 704 599 700 5950 -2570 -5024 79 67 193 -18 -63 -102
1534195507.9109807 660 568 598 704 600 700 5860 -2808 -5052 90 -117 251 -14 -65 -102
1534195507.982288 661 568 598 704 600 700 5914 -2674 -5012 139 135 149 -17 -66 -103
1534195508.0447714 660 568 599 704 599 699 5856 -2630 -5032 145 91 166 -18 -64 -103
1534195508.1228802 660 568 599 704 600 700 5804 -2726 -5116 417 41 -43 -18 -63 -103
1534195508.2049313 660 568 598 704 599 700 5844 -2744 -5160 211 233 33 -17 -63 -102
1534195508.2618768 661 568 598 704 599 700 5850 -2660 -5018 199 192 -9 -17 -64 -101
1534195508.324478 660 568 598 704 600 700 5886 -2716 -5090 218 260 -88 -17 -63 -102
1534195508.4052837 661 568 599 704 599 699 5866 -2608 -5050 485 97 -297 -17 -63 -105
1534195508.4652557 660 568 599 704 599 700 5862 -2710 -5168 423 108 -73 -18 -64 -102
1534195508.5433633 660 568 599 704 600 699 5814 -2624 -5050 120 176 2 -19 -65 -100
1534195508.6058478 660 567 598 704 599 700 5842 -2724 -5150 79 136 193 -17 -62 -102
1534195508.687236 660 567 598 704 600 699 5906 -2622 -5044 152 292 -75 -17 -63 -102
1534195508.744451 661 568 599 704 599 699 5852 -2674 -5058 320 202 -191 -17 -65 -102
