1534180827.5024662 699 614 655 743 652 737 1394 7914 2266 277 213 255 -43 16 47
1534180827.5672562 699 613 655 743 652 736 1408 7950 2186 216 106 55 -43 16 47
1534180827.6313992 699 614 655 743 652 737 1442 7942 2294 311 31 91 -40 18 46
1534180827.6972852 699 614 655 743 652 737 1484 7960 2240 273 267 138 -42 17 49
1534180827.7643895 699 613 655 743 652 736 1414 7888 2374 175 212 140 -42 17 46
1534180827.8293657 699 614 655 743 652 736 1454 7920 2218 92 79 -128 -42 18 46
1534180827.8972175 699 614 655 743 652 738 1480 7926 2144 268 -150 -195 -41 18 47
1534180827.962721 699 614 655 743 652 737 1464 7956 2240 347 -82 -163 -41 17 45
1534180828.0312302 699 614 655 743 652 736 1424 7922 2322 244 54 -148 -42 18 45
1534180828.0943155 699 613 655 743 652 736 1388 7914 2316 195 26 -74 -40 18 47
1534180828.37455 699 614 655 743 652 737 1430 7910 2304 209 -15 18 -44 17 45
1534180828.4159245 699 614 655 743 652 737 1412 7900 2302 115 127 -1 -40 17 48
1534180828.4778 699 614 655 743 652 737 1514 8008 2150 107 100 141 -42 19 47
1534180828.5552738 699 614 655 743 652 737 1458 7900 2348 385 108 -265 -42 18 47
1534180828.638971 699 614 655 743 652 736 1386 7928 2276 244 46 -69 -43 18 45
1534180828.6994853 699 614 655 743 652 737 1378 7946 2320 111 88 113 -42 18 47
1534180828.734089 700 614 655 743 652 737 1462 7946 2228 174 205 -62 -43 19 47
1534180828.8062763 700 614 655 743 652 736 1480 7922 2198 399 132 -124 -42 17 46
1534180828.8471038 700 614 655 743 652 737 1354 7952 2316 400 138 -88 -43 17 45
1534180828.8833995 700 614 655 743 652 737 1354 7928 2284 44 85 240 -44 19 46
1534180828.9164865 700 614 655 743 652 737 1422 7920 2218 224 132 -31 -42 18 47
1534180828.949748 700 613 655 743 652 737 1354 7934 2222 405 -63 -295 -43 18 44
1534180828.983113 700 613 655 743 651 736 1464 7946 2236 220 141 241 -41 18 46
1534180829.0483265 700 613 655 743 652 737 1398 7870 2244 187 149 -96 -42 19 48
1534180829.2000947 699 613 654 743 652 737 1252 7932 2208 381 55 -47 -42 17 47
1534180829.284994 700 614 655 743 652 737 1462 7896 2374 98 47 59 -41 17 46
1534180829.3317428 700 613 655 743 652 736 1390 7956 2244 198 131 -136 -42 20 46
1534180829.3681068 700 614 655 743 652 737 1396 7972 2176 314 123 129 -42 19 47
1534180829.4034328 699 613 655 743 652 737 1370 7842 2274 163 -165 -295 -41 18 46
1534180829.4343524 700 613 655 743 652 737 1218 7924 2338 196 -63 28 -43 16 45
1534180829.4775195 700 614 655 743 652 737 1326 7892 2346 365 -184 -145 -42 19 45
1534180829.5850863 699 614 655 743 652 737 1368 7904 2266 342 -122 -309 -41 18 46
1534180829.6590307 700 613 655 743 652 737 1348 7900 2234 417 182 54 -41 19 44
1534180829.7165663 700 613 655 743 652 736 1356 7892 2226 68 -143 147 -41 18 47
1534180829.7518346 700 613 655 743 652 737 1448 8048 2238 -124 -1795 -1040 -41 16 46
1534180829.8144965 699 614 655 743 652 737 1332 7936 2268 214 -111 -42 -42 15 45
1534180829.8833463 699 614 655 743 652 736 1482 7950 2258 502 2379 2330 -42 17 48
1534180829.949999 700 613 655 743 652 737 1464 7850 2270 88 -483 -525 -41 16 46
1534180830.0181885 700 613 655 743 652 737 1688 7874 1980 -283 -611 765 -42 15 47
1534180830.086196 700 614 655 743 652 737 1708 7862 2158 300 -559 -782 -42 16 47
1534180830.182598 700 614 655 743 652 737 1584 7882 2360 354 -880 -1228 -43 17 45
1534180830.241291 699 614 655 743 652 736 1414 7940 2312 -180 -41 7 -42 16 45
1534180830.2871292 700 613 655 743 652 737 1492 7784 2312 493 373 1103 -42 15 46
1534180830.3522682 700 613 655 743 652 737 1570 7946 2110 96 -43 784 -44 18 47
1534180830.417555 700 613 655 743 652 737 1574 7792 2314 353 -29 -12 -44 16 46
1534180830.4846709 699 613 655 743 652 736 1578 7904 2180 427 236 1295 -42 14 46
1534180830.5503561 700 613 655 743 652 736 1804 7830 2298 292 92 -54 -43 16 46
1534180830.6145968 699 613 655 743 652 737 1586 7900 2220 144 175 80 -45 13 45
1534180830.6811771 699 613 655 743 652 737 1712 7852 2338 -65 177 250 -42 13 44
1534180830.7485323 700 614 655 743 652 736 1650 7858 2186 202 -100 -117 -42 13 46
1534180830.8510175 700 613 655 743 652 737 1690 7880 2284 47 108 160 -40 14 47
1534180830.9179206 700 614 655 743 652 736 1624 7924 2220 274 64 -54 -41 12 46
1534180830.9697845 699 614 655 743 652 737 1698 7900 2282 329 256 -19 -41 14 47
1534180831.0099013 699 613 655 743 652 737 1642 7886 2300 161 163 14 -41 14 44
1534180831.0741487 699 614 655 743 652 737 1626 7894 2234 164 72 93 -41 13 44
1534180831.1383657 699 614 655 743 652 737 1648 7860 2284 197 265 61 -43 14 47
1534180831.2051847 699 614 655 743 652 737 1618 7904 2282 111 103 256 -41 15 48
1534180831.2724538 699 614 655 743 653 737 1604 7858 2272 230 124 -178 -41 14 45
1534180831.3372238 699 613 655 743 652 737 1678 7864 2260 88 -29 97 -42 15 46
1534180831.4023614 699 614 655 743 652 737 1638 7940 2256 256 59 -107 -41 13 45
1534180831.5330727 700 613 655 743 652 736 1642 7896 2214 372 -6 -188 -41 14 47
1534180831.591852 700 613 655 743 652 736 1672 7898 2272 206 62 -20 -41 14 46
1534180831.646518 699 613 655 743 652 737 1612 7916 2142 218 155 112 -42 13 45
1534180831.6782248 699 613 655 743 652 737 1698 7890 2266 306 33 83 -41 15 45
1534180831.725571 699 614 655 743 652 737 1566 7862 2258 96 37 -4 -42 14 47
1534180831.7910125 699 614 655 743 652 737 1678 7892 2240 420 130 -94 -41 18 46
1534180831.8567502 699 614 655 743 652 737 1600 7904 2222 205 23 -75 -41 15 47
1534180831.9217174 699 614 655 743 652 737 1634 7888 2250 182 137 97 -40 15 45
1534180831.9869065 699 613 655 743 652 737 1602 7912 2220 336 180 40 -42 14 45
1534180832.0545 699 614 655 743 652 737 1656 7842 2300 272 -37 -137 -41 13 45
1534180832.2157674 699 614 655 743 652 737 1702 7900 2226 150 90 -40 -43 15 45
1534180832.2724347 700 614 655 743 652 737 1636 7938 2200 391 210 128 -41 14 47
1534180832.31466 700 613 655 743 652 737 1652 7852 2412 288 80 -171 -43 14 47
1534180832.3469772 700 613 655 743 652 738 1660 7958 2194 260 -46 61 -42 13 46
1534180832.3821144 699 614 655 743 652 737 1694 7876 2304 227 16 -237 -43 13 44
1534180832.4458423 699 613 655 743 652 737 1614 7946 2116 193 35 193 -41 14 48
1534180832.5119686 699 614 655 743 652 737 1592 7866 2328 263 242 -56 -42 14 46
1534180832.5771704 699 613 655 743 652 736 1644 7872 2194 198 -21 -5 -42 12 47
1534180832.6414604 699 614 655 743 652 737 1610 7894 2296 247 30 -76 -42 14 45
1534180832.7083197 700 614 655 743 652 737 1652 7890 2174 391 21 115 -41 13 46
1534180832.8337717 700 614 655 743 652 737 1712 7856 2274 208 284 208 -41 15 46
1534180832.991516 700 613 655 743 652 737 1664 7900 2186 88 338 176 -41 16 44
1534180833.03802 699 614 655 743 652 738 1610 7928 2184 249 127 98 -41 13 47
1534180833.0783744 699 614 655 743 652 737 1624 7872 2286 372 -112 -149 -42 14 45
1534180833.1130683 699 613 655 743 652 736 1604 7894 2302 -65 -123 -19 -38 13 46
1534180833.1622171 699 613 655 743 652 736 1716 7952 2040 231 256 51 -43 15 46
1534180833.2158058 700 614 655 743 652 737 1546 7872 2350 324 74 12 -41 14 47
1534180833.26002 699 613 655 743 652 737 1748 7920 2260 175 21 -48 -42 14 45
1534180833.302391 700 613 655 743 652 737 1608 7942 2094 282 -32 75 -42 15 46
1534180833.3624203 700 613 655 743 652 737 1706 7828 2296 304 92 -231 -42 14 45
1534180833.5359693 700 613 655 743 652 737 1558 7956 2150 176 138 -50 -40 14 44
1534180833.6446564 700 614 655 743 652 736 1648 7928 2234 197 156 101 -41 15 46
1534180833.712802 699 614 655 743 652 737 1568 7930 2224 207 168 75 -41 12 45
1534180833.7608 699 613 655 743 652 737 1676 7864 2316 130 199 10 -42 13 46
1534180833.7987063 699 614 655 743 652 737 1734 7826 2420 159 435 -277 -42 13 47
1534180833.8398027 699 614 655 743 652 737 1556 7926 2338 1321 1233 668 -43 14 47
1534180833.8845665 700 613 655 743 652 737 1564 7956 2366 -269 1371 -1717 -41 15 46
1534180833.9278584 699 613 655 743 652 737 1584 8142 2174 -1781 2172 1413 -43 15 45
1534180833.9693215 700 613 655 742 651 737 1556 8164 2860 -4164 2049 116 -40 16 45
1534180834.0378282 699 613 655 742 652 736 2146 7568 2498 1559 1300 -4307 -36 16 47
1534180834.120749 700 613 655 741 652 736 1362 7618 2556 1053 858 -3321 -39 19 49
1534180834.1898813 699 613 655 741 651 736 732 7820 1788 4538 3639 2053 -40 21 46
1534180834.2440557 699 613 655 740 651 736 1616 8054 1946 -324 483 1126 -42 23 46
1534180834.3112679 699 613 655 740 651 736 1544 7864 1804 932 349 4398 -42 25 44
1534180834.3797712 700 613 655 740 651 736 878 8272 2346 -1605 -115 -98 -42 23 44
1534180834.4481144 699 613 655 741 652 736 42 7772 2372 7060 1057 -2257 -41 23 43
1534180834.5180604 700 613 655 742 652 737 1646 8332 1272 1430 -1485 1265 -43 22 42
1534180834.586575 700 613 655 743 652 736 940 7932 3340 -2099 -673 1164 -48 23 43
1534180834.6527567 700 614 655 743 652 737 1020 7920 2474 1042 -20 91 -44 21 46
1534180834.7208903 700 613 655 743 652 737 990 8086 1542 466 -263 -364 -43 21 43
1534180834.8898587 700 614 655 743 652 737 1106 7884 2434 -450 -586 256 -45 22 46
1534180834.9969804 700 614 655 743 652 737 1210 8012 2110 33 -13 -244 -44 22 45
1534180835.0766103 700 614 655 743 652 737 934 8084 1992 420 -158 -262 -44 19 48
1534180835.1286745 700 614 655 743 652 737 1200 7944 2218 -31 -158 191 -42 21 46
1534180835.1615806 700 613 655 743 652 737 1024 8032 2102 125 100 122 -45 20 46
1534180835.2026727 701 614 655 743 652 737 1238 8064 2122 258 -60 -17 -43 20 44
1534180835.249725 700 613 655 743 652 736 1158 8028 2088 587 -47 -332 -44 20 45
1534180835.2989032 700 614 655 743 652 736 1100 8044 2000 -121 -17 590 -43 21 44
1534180835.3503447 701 613 655 743 652 737 1200 7964 2094 240 92 -111 -44 20 43
1534180835.3990993 700 613 655 743 652 736 1060 8078 2056 331 122 15 -43 20 45
1534180835.5375645 700 613 655 743 652 737 1156 7968 2158 40 5 283 -43 20 43
1534180835.622619 700 614 655 743 652 737 1162 7986 2028 108 -3 140 -42 21 46
1534180835.6816711 701 613 656 743 652 737 1216 8006 2162 57 227 284 -44 21 45
1534180835.7168007 700 613 655 743 652 736 1112 8018 2022 249 171 83 -43 18 45
1534180835.7536333 700 614 655 743 652 737 1146 8018 2172 269 -21 -78 -45 20 45
1534180835.7895694 700 613 655 743 652 736 1238 8030 2042 228 79 56 -45 21 47
1534180835.8396778 700 613 655 743 652 737 1118 8002 2138 383 101 -141 -43 18 46
1534180835.90352 700 614 655 743 652 737 1190 7994 2136 146 -43 75 -44 17 47
1534180835.9695182 701 613 655 743 652 737 1150 8036 2074 274 82 -80 -45 20 44
1534180836.035035 700 613 655 743 652 737 1204 7968 2150 78 136 110 -44 21 44
1534180836.1215436 700 614 655 743 652 736 1102 8038 2086 208 109 83 -46 19 47
1534180836.201615 700 614 656 743 652 737 1194 8044 2110 178 148 43 -43 18 46
1534180836.2656953 700 613 656 743 652 737 1198 7982 2086 -8 114 131 -43 18 46
1534180836.3076763 700 613 656 743 652 736 1096 8050 2104 131 36 -65 -44 20 45
1534180836.3595753 700 614 656 743 652 737 1170 8022 2046 266 132 55 -45 20 46
1534180836.4235423 700 614 656 743 652 737 1162 7988 2194 57 81 158 -45 19 46
1534180836.4895303 700 614 656 743 652 737 1140 8036 2104 106 390 106 -43 20 43
1534180836.5539455 700 614 655 743 652 737 1260 8018 2002 18 78 214 -42 20 43
1534180836.618612 700 613 655 743 652 737 1044 8046 2118 308 163 64 -45 22 47
1534180836.6829286 700 613 656 743 652 737 1260 7958 2172 45 142 24 -45 21 44
1534180836.7679553 700 613 656 743 652 737 1186 8036 2026 115 46 -39 -44 19 45
1534180836.8515646 700 613 656 743 652 737 1174 8024 2006 251 48 43 -45 19 46
1534180836.9316254 700 613 655 743 652 737 1154 8012 2136 430 88 -111 -43 20 46
1534180836.9774315 699 614 655 743 652 736 1144 8022 2074 123 -106 19 -43 21 45
1534180837.012476 700 614 655 743 652 737 1142 7994 2054 172 196 151 -42 20 45
1534180837.0747278 700 613 656 743 652 736 1160 8018 2146 266 361 216 -43 18 43
1534180837.1406286 700 613 656 743 652 736 1174 7990 2084 73 122 172 -42 18 46
1534180837.2075095 700 614 656 743 652 736 1096 8042 1980 -104 469 549 -43 18 44
1534180837.2734432 700 613 655 743 652 737 1500 7684 2826 924 592 -583 -45 18 45
1534180837.3447516 700 613 655 743 652 736 1144 7816 1752 -821 1260 -3087 -44 18 44
1534180837.4405274 700 613 655 742 652 736 710 8062 1638 -469 4116 559 -41 21 47
1534180837.5174882 700 613 655 741 652 737 86 7334 3172 -1512 1765 785 -42 24 43
1534180837.5656374 699 613 655 741 651 736 234 6126 2234 -897 1608 475 -40 26 44
1534180837.6146142 699 613 655 740 652 736 1674 7742 3946 322 -374 -2669 -40 25 46
1534180837.6834085 699 613 655 740 652 736 124 7828 1870 -700 -525 -968 -39 23 48
1534180837.7545156 700 613 655 741 651 736 1344 9000 3432 3744 -4247 -7002 -37 24 48
1534180837.8236907 700 613 655 743 652 736 460 6890 1960 -1378 -2681 2058 -38 25 49
1534180837.8928354 700 613 656 742 652 736 1128 7852 3170 3095 184 1747 -42 23 49
1534180837.9586627 700 614 655 743 652 736 364 8320 1854 1845 854 737 -41 20 48
1534180838.0265741 700 613 655 743 652 736 1120 7992 2358 -366 152 797 -43 22 46
1534180838.19249 700 614 655 743 652 736 970 8046 2188 744 731 98 -42 20 44
1534180838.290515 700 614 656 743 652 736 622 8076 2216 217 176 467 -43 18 46
1534180838.3763225 700 613 656 743 652 737 1064 8026 2268 153 43 164 -42 20 44
1534180838.422454 701 613 656 743 652 737 866 7994 2142 435 222 -224 -43 19 45
1534180838.4579797 701 613 656 743 652 736 912 8046 2168 17 68 244 -43 19 45
1534180838.4968674 700 613 656 743 652 737 916 8060 2176 559 233 -62 -43 20 46
1534180838.533001 700 614 656 743 652 736 952 8006 2236 32 95 239 -42 19 47
1534180838.5674906 700 613 655 743 652 737 872 8078 2198 297 105 -111 -42 19 46
1534180838.6054938 701 614 656 743 652 736 880 8036 2180 281 249 185 -42 20 45
1534180838.6717756 700 613 656 743 652 737 920 8012 2248 152 118 124 -42 20 45
1534180838.8556175 700 614 655 743 652 736 842 8018 2126 323 307 190 -44 21 46
1534180838.9814057 700 613 656 743 652 736 878 8004 2264 124 40 28 -43 21 45
1534180839.0532982 701 614 655 743 652 737 908 8078 2058 109 335 340 -42 20 46
1534180839.0949023 701 614 655 743 652 737 912 7984 2200 124 107 190 -43 20 47
1534180839.13441 700 614 655 743 652 737 938 8052 2176 346 102 -55 -45 20 44
1534180839.1693301 700 613 656 743 652 736 820 8036 2188 237 169 83 -44 19 46
1534180839.2012675 700 613 656 743 652 736 956 8004 2150 44 91 136 -46 19 46
1534180839.241454 700 614 656 743 652 737 862 8016 2160 382 193 -40 -47 20 45
1534180839.286648 700 613 656 743 652 737 988 8042 2134 193 54 47 -44 18 46
1534180839.338546 700 614 655 743 652 736 870 8040 2140 349 183 -49 -41 19 46
1534180839.4750292 701 613 656 743 652 736 938 8020 2188 85 0 100 -44 20 44
1534180839.6124654 700 613 656 743 652 737 914 8082 2086 439 166 -27 -45 19 45
1534180839.689336 700 614 655 743 652 736 882 8044 2232 297 -66 -180 -44 23 44
1534180839.736294 700 613 656 742 652 736 888 8044 2106 108 160 157 -43 20 45
1534180839.7692814 700 613 656 743 652 736 902 8014 2144 298 69 -45 -43 19 45
1534180839.8046649 700 613 656 743 652 737 964 7988 2272 -28 273 159 -43 20 46
1534180839.8555698 700 614 656 743 652 736 824 8100 2052 162 73 188 -44 19 45
1534180839.9118497 700 614 656 743 652 737 920 8020 2156 446 -134 -359 -43 19 46
1534180839.9644208 699 613 655 743 652 737 938 8066 2200 109 -103 -6 -44 20 44
1534180840.0063848 700 613 655 742 652 737 848 8088 2004 111 35 96 -43 20 46
1534180840.1464229 700 614 656 743 652 737 912 8046 2246 286 -60 -81 -44 19 45
1534180840.2656624 700 613 656 743 652 737 892 8056 2130 146 -3 -55 -44 20 44
1534180840.321262 700 613 656 742 652 737 968 8042 2248 310 111 58 -44 20 45
1534180840.3682983 700 613 656 743 652 736 902 7984 2220 76 157 106 -44 21 44
1534180840.407231 700 613 656 743 652 736 434 7688 1962 -410 1820 737 -44 18 44
1534180840.4443855 700 613 655 742 652 736 926 7978 1914 -787 1433 406 -45 23 43
1534180840.495765 700 613 655 742 652 736 1214 8866 2076 -3098 763 3639 -46 23 45
1534180840.5525882 700 613 655 741 652 737 1330 8150 3030 59 970 -3623 -39 24 44
1534180840.6069515 700 613 655 740 652 736 -10 8214 3278 892 -419 4339 -38 22 48
1534180840.6533704 700 613 655 740 651 736 1354 7730 2966 -886 108 -2465 -35 23 47
1534180840.7322762 700 613 656 740 651 736 958 8352 2772 1014 -1189 -3599 -38 23 45
1534180840.8095393 700 614 655 742 652 736 -434 8032 1844 440 -3190 -1652 -37 24 47
1534180840.8688202 700 614 656 743 652 736 456 4878 1130 -3230 -1994 627 -39 22 46
1534180840.9031954 700 613 656 743 652 737 928 7784 2596 3022 1372 1369 -41 20 48
1534180840.9681418 700 613 656 743 652 736 748 8138 1904 1178 1076 1088 -40 19 48
1534180841.0337965 701 614 656 743 652 736 1022 7998 2374 244 221 669 -43 18 46
1534180841.0984306 700 613 656 743 652 736 1042 8044 2262 397 799 9 -42 19 48
1534180841.1649764 700 613 655 743 652 736 748 7982 2166 317 168 225 -44 21 46
1534180841.2274687 700 613 655 742 652 736 962 8010 2296 124 228 238 -43 21 47
1534180841.2913108 700 614 656 742 652 736 920 8032 2098 275 143 80 -43 18 45
1534180841.4511817 701 613 656 742 652 737 944 8000 2312 348 159 -7 -45 19 45
1534180841.5324492 700 614 656 743 652 737 866 8064 2164 293 61 131 -43 19 43
1534180841.6062808 701 613 656 742 652 736 1016 8006 2224 339 131 68 -43 19 47
1534180841.6531594 700 614 656 743 652 736 928 8016 2244 178 -42 31 -41 19 46
1534180841.6881409 701 614 656 743 652 736 934 8012 2236 145 151 19 -42 19 45
1534180841.7242708 700 613 656 743 652 737 908 8018 2154 319 131 70 -45 18 47
1534180841.7775228 701 614 656 743 652 737 948 8028 2218 131 80 160 -43 18 47
1534180841.8316822 700 614 656 743 652 736 898 8030 2232 237 272 115 -44 19 48
1534180841.88647 701 613 656 743 652 737 964 8020 2262 404 -108 -216 -42 20 45
1534180841.9403832 701 614 656 743 652 737 816 8038 2184 319 211 14 -41 19 44
1534180842.0855544 700 613 656 743 652 737 1082 7968 2182 241 85 154 -43 20 44
1534180842.208166 700 613 656 743 652 736 910 8036 2214 360 106 -98 -41 19 46
1534180842.298171 700 613 656 743 652 736 1048 8028 2198 226 159 49 -43 19 48
1534180842.3431327 700 614 656 743 652 737 848 7980 2224 177 55 13 -43 21 46
1534180842.383233 701 614 655 743 652 736 980 8002 2202 210 203 103 -43 19 47
1534180842.4241948 700 613 655 743 652 736 902 8056 2168 374 -90 -136 -42 21 44
1534180842.4733837 700 613 656 743 652 736 972 8000 2282 238 148 -50 -42 18 45
1534180842.5242653 700 614 655 743 652 736 846 8032 2178 163 73 111 -42 18 45
1534180842.5722144 700 613 656 743 652 737 966 7962 2242 270 92 -128 -43 20 47
1534180842.6243942 700 613 656 743 652 736 888 8052 2218 222 10 -12 -43 18 46
1534180842.7530527 700 613 656 743 652 736 1010 8004 2260 345 262 -8 -43 18 45
1534180842.8250875 700 614 656 743 652 737 880 8042 2196 191 -105 5 -43 17 47
1534180842.9068234 701 613 656 743 652 737 882 8026 2192 375 291 149 -42 21 47
1534180842.9562776 701 613 655 743 652 736 980 7978 2282 121 157 -26 -43 18 47
1534180842.9962163 700 614 655 742 652 737 878 8062 2144 132 174 42 -42 19 46
1534180843.0351372 700 614 656 743 652 737 944 8062 2210 183 127 52 -44 18 46
1534180843.0717654 700 614 655 743 652 737 834 8028 2162 110 -57 -1 -45 17 45
1534180843.1104789 700 614 656 743 652 736 924 8034 2120 330 -139 -14 -43 20 47
1534180843.161319 701 613 655 743 652 737 944 8006 2212 262 75 51 -42 18 46
1534180843.2260659 700 613 655 743 652 736 890 8026 2180 350 233 -14 -42 20 46
1534180843.3130667 700 613 656 743 652 736 938 8018 2160 154 83 154 -42 17 45
1534180843.402514 700 614 656 743 652 736 1016 8050 2146 433 579 -56 -44 18 45
1534180843.4870744 700 614 655 742 652 737 928 7784 2098 -161 1100 917 -42 20 46
1534180843.5321786 701 613 656 742 652 736 1106 7784 2344 950 1781 -1005 -43 19 47
1534180843.5690572 700 613 655 742 652 736 878 7952 2926 745 2747 3131 -44 19 46
1534180843.6261954 700 613 655 741 652 736 536 7854 2158 268 2645 2273 -41 20 45
1534180843.6982725 700 613 655 740 652 736 1742 7648 1970 -4417 -602 -2477 -40 20 46
1534180843.765301 699 613 656 740 652 736 614 8324 1848 -2266 453 -943 -40 22 45
1534180843.8321133 700 613 655 739 651 736 1568 8470 736 -2664 343 507 -37 21 46
1534180843.9018006 700 613 655 740 651 736 768 7704 2424 -747 -400 -1913 -40 21 46
1534180844.0441582 700 614 656 741 652 735 150 8154 1906 -3512 -1947 -4699 -38 21 46
1534180844.2069864 700 614 656 742 652 736 254 4356 1850 -1224 -2542 72 -37 25 48
1534180844.2699468 700 613 656 743 652 736 1454 7174 2850 4709 964 2812 -41 22 49
1534180844.3230875 700 614 656 742 652 737 302 8402 1344 -125 953 -221 -39 23 47
1534180844.3637936 700 613 656 743 652 736 1120 7884 2688 148 -282 107 -40 25 47
1534180844.4029317 700 614 656 743 652 737 958 8106 1962 631 571 430 -43 22 46
1534180844.4529846 701 613 656 743 652 736 814 8032 2306 386 -195 -405 -42 21 45
1534180844.5021672 701 614 656 742 652 736 854 8054 2136 237 2 34 -41 21 45
1534180844.5502565 701 613 656 743 652 736 864 8006 2294 311 217 -6 -43 23 45
1534180844.6006658 700 614 656 743 652 737 882 8008 2226 301 -165 -195 -44 21 45
1534180844.7059581 700 614 656 743 652 736 778 8054 2120 327 154 97 -43 21 47
1534180844.7769446 701 614 656 743 652 736 956 8028 2248 203 107 84 -42 24 45
1534180844.8405325 701 614 656 743 652 737 708 8084 2130 245 136 40 -42 21 44
1534180844.8765445 701 614 656 743 652 736 962 8010 2276 342 70 -11 -43 21 46
1534180844.9099028 701 614 656 743 652 737 848 8060 2192 285 4 -14 -43 20 46
1534180844.9541914 701 613 656 743 652 737 864 8032 2220 184 219 113 -43 20 46
1534180845.0152845 700 614 656 742 652 737 946 8080 2244 211 113 81 -43 22 45
1534180845.0822148 700 614 656 743 652 736 808 8056 2198 452 100 -119 -42 21 45
1534180845.1449637 700 614 656 743 652 737 944 8040 2254 125 88 28 -43 21 46
1534180845.2091098 700 614 656 743 652 737 776 8058 2138 352 138 27 -42 23 46
1534180845.3622177 700 614 656 743 652 737 968 7954 2316 281 104 -125 -44 20 48
1534180845.441968 700 614 656 743 652 737 736 8128 2146 250 98 216 -44 20 44
1534180845.5032215 701 614 656 742 652 736 884 8036 2230 102 156 26 -43 21 45
1534180845.5418327 700 614 656 743 653 736 872 8032 2124 95 231 224 -43 21 45
1534180845.57294 700 614 656 743 652 737 792 8036 2210 419 201 1 -43 21 48
1534180845.6166618 700 614 656 742 652 737 958 8020 2232 -165 199 286 -42 21 43
1534180845.6600096 700 614 656 743 652 736 800 8028 2116 98 22 -16 -45 20 47
1534180845.7229073 700 613 656 742 652 736 856 8086 2116 309 -116 -55 -44 23 47
1534180845.787247 700 614 656 743 653 736 846 8042 2246 188 221 14 -43 20 45
1534180845.8532393 700 614 656 743 653 737 786 8024 2164 164 127 -122 -43 22 46
1534180846.0519867 700 614 655 742 652 736 922 8040 2184 251 67 138 -43 20 45
1534180846.1711216 700 614 656 743 652 736 754 8048 2128 428 210 115 -42 19 46
1534180846.2528794 701 614 656 743 652 736 918 7982 2266 308 128 -93 -43 21 47
1534180846.2948759 701 614 656 743 652 736 842 8044 2130 74 -108 45 -43 20 46
1534180846.3331969 700 614 656 742 652 736 832 8080 2186 393 174 10 -42 21 45
1534180846.3821213 701 614 656 743 652 737 862 8012 2192 273 83 -23 -43 21 46
1534180846.4270322 701 614 656 742 652 737 820 8022 2218 96 58 133 -43 20 46
1534180846.470976 701 614 656 742 652 736 792 8062 2110 407 239 164 -44 21 47
1534180846.5109491 700 614 655 743 652 737 976 8032 2284 270 -27 -102 -44 20 46
1534180846.5531163 700 613 656 743 652 737 716 8058 2370 530 -110 79 -41 22 48
1534180846.687866 701 614 655 743 652 736 742 7758 1846 -911 1463 1320 -44 21 46
1534180846.767887 700 613 656 742 652 736 1188 8016 2180 -82 76 -916 -43 19 44
1534180846.8419049 700 614 656 742 652 737 734 8140 2034 1224 394 207 -41 21 45
1534180846.8806171 699 613 655 742 652 736 936 8078 2520 529 -175 -1012 -44 21 46
1534180846.919843 700 613 656 742 652 736 1136 8424 2856 1042 266 -962 -42 20 44
1534180846.9598534 700 613 655 741 652 736 1388 8270 1588 -154 599 -934 -41 22 45
1534180847.0149338 700 614 656 740 652 736 1120 7948 1856 -2410 429 -2337 -41 21 46
1534180847.0548863 700 613 656 740 651 736 468 7678 1638 1024 -278 818 -40 23 45
1534180847.110255 700 613 655 739 651 736 1166 8040 1732 1842 -1132 -629 -41 25 46
1534180847.1789002 699 613 656 739 651 736 1012 8172 3408 876 273 -617 -41 22 45
1534180847.3310258 700 613 655 740 651 736 -1276 7634 1702 -4604 1531 -1757 -37 21 46
1534180847.4721398 700 613 655 742 652 736 1228 8328 2824 4205 -3088 -1502 -38 25 44
1534180847.5829563 701 614 656 743 652 736 1130 7622 3394 -167 -259 1981 -38 22 48
1534180847.6248481 701 614 656 742 652 736 788 8550 2136 3255 1278 543 -42 20 48
1534180847.6587803 701 614 656 742 652 736 566 8148 1898 73 -306 421 -40 22 48
1534180847.6930583 701 614 656 742 652 736 1038 7954 2416 -166 351 418 -43 21 46
1534180847.7303877 701 614 656 743 652 736 574 8070 2106 479 -55 -213 -42 22 46
1534180847.7657437 701 613 656 742 652 737 526 8078 2160 321 -36 -43 -42 21 46
1534180847.7978573 700 613 656 743 652 737 808 8034 2200 85 -21 51 -43 21 44
1534180847.8458037 700 614 656 742 652 737 666 8108 2088 347 68 -11 -43 22 45
1534180847.972449 701 614 656 743 652 736 650 8078 2284 154 221 -118 -42 19 45
1534180848.1086764 701 614 656 743 652 736 720 8040 2100 364 -109 4 -44 24 45
1534180848.1857083 701 614 656 743 652 736 638 8080 2242 263 142 13 -44 22 46
1534180848.2368119 701 613 656 743 652 736 778 8034 2114 150 34 145 -45 20 46
1534180848.270733 700 613 656 743 652 736 594 8042 2250 436 241 78 -44 21 45
1534180848.3104496 700 614 656 743 652 736 786 8038 2186 228 -9 -56 -44 23 44
1534180848.362032 700 614 656 743 652 737 668 8096 2114 441 193 123 -43 21 47
1534180848.4182901 701 614 656 743 652 736 746 8026 2180 311 66 -154 -43 20 45
1534180848.4627705 701 613 656 743 652 737 682 8106 2102 206 71 25 -41 21 45
1534180848.511826 700 613 656 743 652 737 694 8046 2214 149 239 230 -44 22 45
1534180848.6657112 701 614 656 743 652 736 738 8102 2192 345 17 -207 -44 23 46
1534180848.74269 700 614 656 743 652 736 696 8066 2128 256 200 36 -45 22 46
1534180848.8000371 700 614 656 743 652 736 598 8076 2188 290 92 18 -44 19 46
1534180848.8347335 700 614 656 743 652 736 762 8070 2174 229 83 -66 -44 20 46
1534180848.8725662 701 614 656 742 652 736 654 8056 2192 424 71 110 -43 22 44
1534180848.9066553 700 614 656 743 652 736 724 8054 2238 106 120 -51 -44 22 45
1534180848.9459429 700 614 656 743 652 737 678 8082 2084 351 66 -98 -43 21 46
1534180849.0020447 700 614 656 743 652 736 576 8056 2224 431 131 42 -44 22 45
1534180849.066252 701 614 656 742 652 736 850 8012 2138 113 128 -59 -45 21 46
1534180849.1287587 701 613 656 743 652 736 590 8120 2144 362 165 93 -45 21 44
1534180849.2707684 701 614 656 742 652 736 744 8034 2318 136 206 88 -43 21 43
1534180849.4398937 700 614 656 743 652 736 648 8104 2108 287 16 22 -43 21 45
1534180849.5589888 701 614 656 743 652 736 774 8042 2184 344 67 26 -43 21 46
1534180849.6287487 701 614 656 742 652 736 724 8092 2132 231 278 70 -43 21 44
1534180849.6648045 700 614 656 743 652 736 646 8032 2230 417 285 56 -46 22 47
1534180849.6999106 701 614 656 743 652 736 662 8070 2254 141 121 269 -44 19 46
1534180849.7479897 700 614 656 743 652 736 692 8050 2202 230 -103 -216 -45 22 46
1534180849.798769 701 614 656 742 652 736 710 8108 1994 292 -60 146 -40 19 44
1534180849.8468108 700 613 656 743 652 737 676 7930 2314 86 178 169 -43 22 46
1534180849.8911598 700 614 656 743 652 737 710 8074 2106 92 79 228 -41 22 45
1534180850.0186186 700 614 656 742 652 736 676 8040 2274 443 -5 -75 -43 21 46
1534180850.0995119 700 614 656 743 652 736 750 8070 2234 211 36 -47 -43 21 47
1534180850.1605887 700 614 656 742 652 736 794 7446 2174 233 153 -37 -44 21 47
1534180850.1945646 700 613 656 742 652 736 752 7864 2406 -420 650 65 -43 20 45
1534180850.2299292 700 614 656 743 652 736 766 8118 1924 -897 690 584 -41 21 46
1534180850.2697387 700 613 655 742 652 736 1000 8220 2612 321 415 -497 -42 20 45
1534180850.3263085 700 613 656 742 652 736 826 8212 2738 -276 89 -1359 -40 21 47
1534180850.3799932 700 613 656 741 652 736 242 8082 2230 -588 628 -950 -40 23 45
1534180850.427717 699 613 655 740 651 736 904 8302 2084 -5037 1338 -897 -42 22 46
1534180850.4788024 700 613 656 740 651 736 870 8076 1646 -1870 726 -1461 -42 21 46
1534180850.6268156 700 613 656 740 651 736 758 7870 1940 1293 -219 2427 -42 24 48
1534180850.7139847 700 613 656 740 651 736 220 8164 2128 2549 -458 848 -40 22 47
1534180850.7765768 700 613 656 741 652 737 972 8464 2120 3874 -1145 -2251 -41 22 46
1534180850.8235502 700 614 656 742 652 736 -688 8212 3570 -8389 -2711 1127 -43 21 44
1534180850.8623717 701 613 656 743 652 736 764 7940 2750 2420 1296 1061 -43 20 46
1534180850.8987646 700 613 656 742 652 736 556 8254 1556 695 521 -666 -42 19 44
1534180850.9407935 701 613 656 742 652 736 648 8070 2394 -178 -27 653 -43 19 47
1534180850.992665 701 613 656 742 652 736 738 8100 2040 582 213 -204 -43 19 46
1534180851.0438213 701 613 656 743 652 736 718 8036 2204 -108 -38 -178 -44 19 45
1534180851.1078503 701 613 656 742 652 737 574 8062 2094 289 909 131 -43 21 46
1534180851.2697203 700 613 656 743 652 737 614 8102 2148 422 41 -522 -43 22 45
1534180851.4098017 700 614 656 742 652 736 624 8076 2174 29 -45 210 -43 20 44
1534180851.4725223 701 614 656 743 652 736 578 8076 2206 236 177 47 -44 19 45
1534180851.5275066 700 613 656 742 652 736 704 8046 2094 75 215 264 -44 20 45
1534180851.5639966 700 613 656 743 652 736 590 8038 2134 350 74 -234 -45 21 43
1534180851.5974967 700 613 656 743 652 736 642 8074 2114 55 206 267 -45 21 46
1534180851.6356726 700 613 656 743 652 736 638 8072 2140 226 93 40 -41 22 46
1534180851.6788635 700 613 656 743 652 736 594 8074 2134 168 177 80 -45 21 48
1534180851.7319603 700 613 656 743 652 736 670 8084 2122 136 164 261 -42 21 46
1534180851.7920067 700 614 656 743 652 736 636 8084 2168 373 31 -101 -43 21 44
1534180851.9796364 700 613 656 743 652 736 702 8060 2170 143 173 195 -43 22 46
1534180852.0635202 701 614 656 743 652 736 622 8060 2182 295 123 -68 -44 21 41
1534180852.1428106 701 613 656 743 652 737 694 8090 2140 291 50 -86 -43 20 46
1534180852.1852868 701 613 656 742 652 736 604 8088 2194 119 190 233 -43 20 45
1534180852.2193587 700 613 656 743 652 736 658 8044 2168 174 152 54 -44 22 47
1534180852.2494922 701 613 656 743 652 736 662 8064 2078 333 84 -162 -45 21 44
1534180852.2864563 701 613 656 743 652 736 602 8068 2216 135 91 94 -43 22 45
1534180852.32143 701 613 656 743 652 736 686 8074 2138 243 196 29 -46 22 45
1534180852.3611228 700 613 656 742 652 736 618 8092 2192 237 59 -42 -44 22 45
1534180852.3987126 700 613 656 743 652 736 662 8100 2128 144 127 57 -43 22 46
1534180852.489452 700 613 656 743 652 736 562 8056 2110 467 57 -179 -43 22 45
1534180852.5641525 700 614 656 743 652 736 686 8076 2168 254 79 -23 -44 20 45
1534180852.63456 700 613 656 743 652 736 606 8092 2136 242 181 68 -44 22 46
1534180852.6745546 701 613 656 743 652 736 588 8090 2050 455 274 311 -44 21 46
1534180852.713465 700 614 656 743 652 736 932 8036 2096 -34 185 94 -45 20 47
1534180852.7808964 700 613 656 742 652 736 548 8028 2350 -152 76 -165 -45 22 46
1534180852.847766 700 613 656 742 652 736 562 8146 1932 -194 -103 248 -43 22 46
1534180852.9139445 700 613 656 742 652 736 618 8070 2218 668 -59 -522 -43 22 46
1534180852.9806244 701 614 656 742 652 737 528 7968 2204 114 -279 -255 -43 20 46
1534180853.046588 701 614 656 742 652 736 674 8070 2186 -112 -54 299 -44 23 45
1534180853.1808593 700 613 656 742 652 736 654 8086 2134 232 -83 -130 -44 23 43
1534180853.2914326 700 613 656 743 652 736 536 8116 2062 313 128 -71 -44 21 46
1534180853.353544 700 613 656 743 652 736 670 7992 2274 136 138 196 -43 21 46
1534180853.415486 700 613 656 743 652 736 604 8098 2122 118 101 55 -44 20 44
1534180853.4494767 700 613 656 743 652 737 634 8064 2188 473 162 -96 -43 17 46
1534180853.4855473 700 614 656 743 652 736 400 7936 2258 124 443 -86 -43 22 44
1534180853.5276725 700 613 656 742 652 736 1200 8482 2132 -441 915 451 -44 22 46
1534180853.5759127 700 614 656 742 652 736 1110 8138 1812 617 289 1819 -42 21 44
1534180853.6379042 701 613 655 742 652 736 954 8190 2020 1699 252 -386 -40 21 46
1534180853.705537 700 613 656 741 652 736 954 7840 2226 710 689 -1472 -43 21 44
1534180853.8365264 700 613 655 741 651 736 868 7924 3370 86 832 -1720 -42 21 46
1534180854.0178065 699 613 655 740 652 736 964 8170 3010 -1052 -664 1732 -40 23 47
1534180854.1104405 700 613 655 740 651 736 822 8416 1268 -1373 234 189 -39 22 46
1534180854.1943157 700 613 655 740 652 736 1254 8144 2182 -2658 541 -2078 -40 21 42
1534180854.2308064 700 613 655 741 651 736 714 8414 3228 1369 -1509 -319 -39 20 43
1534180854.27462 700 613 656 742 652 736 44 8250 900 1403 -1517 -2009 -36 21 44
1534180854.330614 700 614 656 742 652 736 908 7174 3852 1048 -471 491 -42 23 45
1534180854.3833172 700 614 656 742 652 737 234 8322 1666 1571 1297 1079 -42 21 47
1534180854.4363923 700 613 656 742 652 736 482 8162 2254 -25 -755 229 -43 22 46
1534180854.4824636 700 613 656 742 652 736 840 7942 2336 515 269 -30 -41 23 46
1534180854.5651827 700 614 656 742 652 737 356 8134 2046 194 388 378 -44 22 46
1534180854.6463213 700 614 656 743 652 737 798 8144 2310 277 118 381 -43 21 44
1534180854.692209 700 613 656 742 652 736 508 8060 2098 250 7 -150 -42 21 44
1534180854.7242942 700 613 656 743 652 737 600 8064 2232 219 61 34 -43 21 47
1534180854.758765 701 613 656 743 652 736 638 8066 2168 343 61 -52 -44 19 43
1534180854.8005958 700 613 656 743 652 736 570 8060 2254 327 153 -68 -42 21 46
1534180854.8494616 701 613 656 742 652 736 562 8108 2152 63 168 304 -42 21 48
1534180854.9005527 700 613 656 743 652 736 518 8044 2222 170 141 13 -41 22 46
1534180854.9588366 700 614 656 743 652 736 634 8076 2074 180 258 354 -43 20 45
1534180855.0214164 701 614 656 743 652 737 570 8058 2284 262 89 48 -45 20 44
1534180855.172529 700 614 656 742 652 736 620 8082 2168 205 163 104 -43 21 47
1534180855.2902634 701 613 656 742 652 737 680 8048 2154 391 149 70 -43 19 44
1534180855.3402617 701 613 656 743 652 736 628 8054 2246 280 180 -5 -44 21 46
1534180855.3779004 700 614 656 743 652 736 660 8066 2072 237 106 134 -43 20 46
1534180855.4153461 700 613 656 743 652 736 616 8088 2230 372 33 -182 -43 21 46
1534180855.4494228 700 613 656 743 652 736 626 8098 2090 173 290 219 -44 20 47
1534180855.4966025 700 613 656 742 652 736 634 8028 2250 403 80 -119 -43 21 46
1534180855.5416367 700 614 656 743 652 736 648 8108 2098 107 92 164 -43 20 46
1534180855.6028287 701 614 656 743 652 736 546 8062 2184 371 230 -14 -43 22 46
1534180855.6672993 701 613 655 743 652 736 702 8056 2262 228 -98 -184 -44 20 44
1534180855.7692451 701 613 656 742 652 737 518 8118 2078 203 204 155 -42 21 46
1534180855.8252406 700 613 656 742 652 736 658 8024 2288 254 3 -75 -43 20 47
1534180855.8886027 701 613 656 742 652 736 598 8132 2100 203 101 97 -41 19 45
1534180855.9253087 700 614 656 742 652 736 656 8072 2222 329 128 -63 -44 19 45
1534180855.9903605 700 613 656 742 652 736 624 8050 2144 111 282 165 -43 23 46
1534180856.0533407 700 613 656 742 652 736 588 8070 2226 174 144 303 -43 21 47
1534180856.1174097 700 614 656 742 652 736 746 8080 2222 222 259 85 -44 20 44
1534180856.1840389 701 614 656 742 652 736 668 8082 2152 197 315 113 -43 23 45
1534180856.2505238 701 614 656 743 652 737 566 8076 2228 249 229 162 -43 19 47
1534180856.3145454 700 613 656 742 652 736 716 8086 2212 159 -41 -207 -42 20 44
1534180856.4924378 700 614 656 743 652 737 610 8054 2188 94 -53 -45 -42 21 47
1534180856.568323 700 614 656 742 652 737 630 8106 2080 113 -132 -57 -43 20 46
1534180856.6262834 700 614 656 743 652 736 690 8052 2170 325 21 -200 -46 21 45
1534180856.6601686 701 613 656 742 652 737 610 8086 2196 159 190 90 -43 20 44
1534180856.6967716 701 614 656 743 652 736 588 8054 2234 240 281 7 -41 20 46
1534180856.7455392 700 614 656 742 652 736 608 8062 2146 165 165 -65 -43 20 46
1534180856.791184 701 614 656 743 652 736 484 8128 2192 316 145 23 -43 20 46
1534180856.8424811 701 614 656 742 652 736 580 8100 2176 103 21 165 -42 22 47
1534180856.893376 701 614 656 742 652 736 580 8120 2192 308 170 64 -42 20 45
1534180856.9567928 701 614 656 743 652 736 602 8074 2206 261 50 -18 -44 20 46
1534180857.0414178 700 614 656 742 652 736 592 8066 2144 254 97 0 -43 21 46
1534180857.1283603 700 614 656 742 652 736 586 8046 2154 129 159 75 -44 21 46
1534180857.1931584 700 614 656 742 652 736 620 8048 2224 256 33 -56 -43 21 46
1534180857.240121 700 614 656 743 652 736 608 8142 2114 457 176 -6 -43 19 47
1534180857.2752066 701 613 656 742 652 736 640 7976 2252 214 109 -13 -42 20 45
1534180857.340275 700 613 656 742 652 736 500 8092 2092 176 154 190 -41 23 44
1534180857.404743 700 614 655 742 652 736 688 8098 2204 227 88 -49 -43 21 45
1534180857.4701157 700 614 656 742 652 736 588 8048 2164 140 209 139 -43 22 47
1534180857.5356832 700 614 656 742 652 736 596 8094 2158 396 126 -102 -43 20 46
1534180857.6006513 700 613 656 742 652 736 608 8056 2216 215 27 -66 -39 22 47
1534180857.7372305 700 613 656 742 652 736 618 8058 2130 175 139 173 -42 21 47
1534180857.8221443 700 613 656 742 652 736 546 8068 2192 369 186 -129 -44 20 44
1534180857.9032693 700 613 656 742 652 737 682 8062 2290 163 -34 16 -45 21 45
1534180857.951207 700 614 656 742 652 736 516 8128 2142 443 215 -19 -43 20 46
1534180857.9871316 700 614 656 742 652 736 626 8040 2250 250 85 20 -44 18 45
1534180858.0241525 700 613 656 742 652 736 600 8112 2186 97 259 215 -44 20 46
1534180858.063712 700 613 656 742 652 737 608 8044 2160 104 107 94 -42 20 46
1534180858.1143343 700 614 656 743 652 736 616 8084 2170 110 250 122 -45 20 46
1534180858.179283 701 613 656 742 652 736 580 8076 2192 190 195 135 -45 21 46
1534180858.2451494 701 614 656 743 652 737 590 8060 2240 128 179 129 -43 21 46
1534180858.381053 700 614 656 742 652 736 624 8046 2206 45 111 71 -44 19 46
1534180858.493061 700 614 655 742 652 736 566 8118 2098 184 129 39 -42 21 47
1534180858.5581155 701 614 656 742 652 736 572 8052 2268 131 176 228 -43 20 46
1534180858.609131 701 614 655 742 652 736 594 8098 2124 86 158 269 -43 21 46
1534180858.6450605 700 613 656 742 652 736 610 8074 2258 487 146 32 -44 21 45
1534180858.6781635 700 614 656 742 652 736 646 8054 2334 21 22 171 -41 20 44
1534180858.7203045 700 614 656 742 652 736 630 8068 2120 303 221 25 -43 20 46
1534180858.772546 700 614 656 743 652 736 586 8088 2198 320 191 72 -44 20 47
1534180858.8264315 700 613 656 742 652 736 656 8034 2254 62 45 10 -40 21 45
1534180858.8843296 700 614 656 742 652 736 588 8080 2114 417 105 -102 -40 19 45
1534180859.0401108 700 613 656 742 652 736 674 8032 2298 318 80 -108 -42 19 44
1534180859.156758 701 613 656 742 652 737 594 8100 2180 101 122 179 -45 20 46
1534180859.2163355 700 614 656 742 652 736 654 8056 2240 345 176 -73 -42 19 48
1534180859.2600033 700 613 656 742 652 736 598 8022 2206 133 221 230 -44 19 46
1534180859.2950659 700 613 655 743 652 736 638 8040 2296 119 208 156 -42 22 46
1534180859.332994 700 614 656 743 652 736 634 8052 2160 303 140 -17 -43 21 46
1534180859.3692157 700 614 656 742 652 736 666 8042 2258 225 54 39 -43 19 44
1534180859.4050221 700 614 656 742 652 736 640 8042 2210 111 58 13 -43 19 47
1534180859.4596539 700 614 656 742 652 736 608 8076 2158 135 48 15 -44 19 47
1534180859.5241196 700 614 656 742 652 736 628 8058 2212 215 27 -62 -42 22 47
1534180859.6578648 700 614 656 742 652 736 570 8050 2244 318 -13 62 -43 20 46
1534180859.7249584 700 614 656 742 652 736 712 8074 2186 315 235 -50 -44 20 46
1534180859.792991 700 613 656 743 652 736 584 8030 2236 479 318 55 -42 20 46
1534180859.841012 700 614 656 742 652 736 568 8022 2250 191 240 302 -43 19 45
1534180859.8801098 700 613 655 742 652 737 756 8072 2116 246 -4 104 -43 19 48
1534180859.9179556 701 614 656 742 652 736 680 8044 2236 275 125 -116 -44 22 47
1534180859.9764616 701 614 656 742 652 736 562 8070 2106 327 75 53 -45 19 46
1534180860.0406594 700 614 656 742 652 736 716 8018 2324 336 140 -32 -43 20 45
1534180860.1030922 701 614 656 742 652 736 572 8054 2118 194 141 81 -43 20 48
1534180860.1685445 700 614 656 742 652 736 716 8092 2258 329 117 -29 -42 20 45
1534180860.2912226 700 613 656 743 652 736 628 8098 2178 287 28 -49 -42 20 46
1534180860.455089 700 614 656 742 652 736 658 8062 2198 424 193 -54 -44 20 47
1534180860.571127 701 614 656 742 652 736 574 8072 2140 223 283 58 -43 19 46
1534180860.666012 701 614 656 742 652 736 690 8082 2186 294 105 -28 -43 20 45
1534180860.6978905 700 613 656 742 652 737 558 8052 2188 352 182 -7 -42 20 47
1534180860.735003 700 614 656 742 652 736 646 8038 2306 -99 -70 294 -44 20 47
1534180860.7842033 700 614 655 742 652 737 614 8090 2084 255 130 143 -42 20 46
1534180860.8363109 700 613 656 742 652 736 698 8060 2306 197 166 61 -42 22 48
1534180860.8834498 700 614 656 742 652 736 876 7954 2168 499 117 -369 -43 21 45
1534180860.9331646 700 613 656 742 652 737 456 8092 2068 -1232 673 847 -42 21 46
1534180861.0650787 700 613 655 742 652 736 516 7496 2352 -161 1673 -792 -42 18 45
1534180861.1899877 700 613 655 741 652 736 180 7480 2490 -1181 1400 1677 -42 21 44
1534180861.2639031 700 613 655 741 651 736 562 8224 2632 -1864 -34 2800 -40 19 46
1534180861.3039758 699 613 655 740 651 736 1376 8150 1614 -7512 1990 -2632 -39 21 46
1534180861.341934 699 613 655 740 652 736 912 8348 2348 217 1341 -2516 -38 21 48
1534180861.3868349 699 613 655 739 651 736 990 8368 536 1343 266 7104 -35 23 46
1534180861.4396045 699 613 655 739 651 736 354 7854 1288 -179 -980 2446 -41 23 45
1534180861.4919956 699 613 655 739 651 736 1492 8022 2606 2563 -190 -2545 -43 25 44
1534180861.5447807 699 613 655 740 651 736 1250 9986 1800 -366 -2597 -992 -42 25 46
1534180861.5818791 701 613 656 742 652 736 722 7728 4560 -3542 629 3469 -42 24 44
1534180861.6659343 700 614 656 742 652 736 898 8102 2236 3090 1692 337 -43 19 47
1534180861.727855 701 613 655 742 652 736 232 8254 1550 694 168 -576 -43 20 46
1534180861.7848728 701 613 656 742 652 736 860 7878 2684 -23 -102 511 -42 22 45
1534180861.820829 701 613 656 743 652 736 1002 8068 2030 -72 117 309 -42 21 45
1534180861.859062 701 614 656 742 652 736 636 8010 2254 303 -23 -262 -44 23 46
1534180861.9031699 700 614 656 742 652 736 838 8034 2292 335 46 -183 -43 22 46
1534180861.9644375 700 613 656 742 652 736 674 8060 2218 150 136 39 -44 22 44
1534180862.0259547 701 613 656 742 652 736 736 8070 2144 314 55 35 -44 20 46
1534180862.0903387 700 614 656 743 652 736 700 8028 2234 189 166 7 -42 21 45
1534180862.1540432 700 614 656 742 652 736 786 8062 2218 190 136 96 -43 19 45
1534180862.2641242 700 613 656 742 652 736 614 8034 2244 363 -3 -141 -41 23 45
1534180862.4104006 700 613 656 742 652 736 768 8030 2206 50 208 187 -44 20 47
1534180862.4768507 700 614 656 742 652 736 688 8086 2108 222 189 214 -42 21 46
1534180862.523823 700 613 656 742 652 736 732 8014 2318 267 86 -201 -42 21 46
1534180862.557798 700 613 656 743 652 736 728 8090 2046 81 36 223 -42 19 45
1534180862.5898123 701 613 656 742 652 736 714 8014 2268 289 202 21 -43 21 47
1534180862.630052 701 613 656 742 652 736 704 8066 2238 200 160 35 -43 22 45
1534180862.6779096 700 613 656 742 652 736 784 8040 2226 455 34 -114 -43 21 47
1534180862.7330801 701 614 656 742 652 736 586 8040 2190 114 144 161 -43 21 46
1534180862.797319 701 613 656 742 652 736 802 8066 2192 245 69 27 -43 23 48
1534180862.9418926 700 613 656 742 652 736 694 8046 2188 227 116 -19 -42 20 46
1534180863.0778763 701 613 656 742 652 736 702 8044 2230 101 129 139 -42 22 48
1534180863.1771028 700 613 656 742 652 736 714 8070 2136 518 107 -68 -44 22 46
1534180863.2698522 700 614 656 743 652 736 802 8036 2286 112 124 126 -43 23 44
1534180863.3168712 700 613 656 743 652 736 646 8050 2178 218 122 54 -43 20 46
1534180863.3563735 700 614 656 742 652 736 746 8026 2248 422 88 -111 -44 20 47
1534180863.391743 700 614 656 742 652 736 714 8046 2194 45 46 225 -43 22 44
1534180863.423711 701 614 656 742 652 736 672 8076 2224 305 172 13 -45 21 47
1534180863.4665096 701 613 656 742 652 736 814 7958 2322 57 222 97 -44 20 45
1534180863.510916 700 613 656 743 652 736 628 8112 2168 96 84 258 -44 20 46
1534180863.6440988 700 613 656 742 652 736 780 8024 2324 433 89 -247 -43 23 47
1534180863.7210965 700 614 656 743 652 736 748 8050 2100 49 84 280 -42 20 45
1534180863.7812936 700 613 656 742 652 736 690 8030 2276 281 140 -123 -40 20 46
1534180863.8214173 700 613 656 742 652 736 696 8042 2236 139 104 64 -42 20 44
1534180863.858334 701 614 656 742 652 736 678 8042 2216 164 175 273 -43 21 47
1534180863.8948164 700 613 656 743 652 736 822 8020 2256 -41 183 100 -42 21 43
1534180863.9277983 700 614 656 742 652 736 740 8056 2182 326 169 -73 -43 21 46
1534180863.9636886 700 613 656 743 652 736 634 8032 2202 166 -17 -48 -41 22 45
1534180864.0189164 700 613 656 742 652 736 802 8060 2224 140 104 91 -42 20 45
1534180864.084982 701 614 656 742 652 736 630 8070 2242 231 280 202 -42 21 46
1534180864.2348475 700 613 656 742 652 736 804 8034 2240 88 263 172 -43 20 47
1534180864.3750353 701 614 656 742 652 737 680 8058 2158 222 126 231 -42 20 45
1534180864.4805982 700 613 656 742 652 736 782 7956 2272 455 626 220 -45 20 46
1534180864.5357606 701 614 656 742 652 736 668 8030 2288 107 332 125 -42 21 45
1534180864.5706382 701 614 656 742 652 736 820 8012 2242 23 87 426 -42 21 45
1534180864.606502 700 613 656 742 652 736 740 8054 2220 414 167 63 -44 24 46
1534180864.6454382 701 614 656 742 652 736 758 8006 2344 165 -7 -158 -41 23 47
1534180864.6913407 700 614 656 742 652 736 700 8068 2192 -30 -113 72 -42 20 44
1534180864.7479799 701 614 656 742 652 736 706 8070 2172 486 -60 -129 -44 19 45
1534180864.80426 700 613 656 742 652 736 752 8008 2256 239 135 -36 -45 22 45
1534180864.9706492 700 613 656 742 652 736 728 8108 2154 -11 106 301 -41 20 46
1534180865.0406563 700 614 656 742 652 736 784 8024 2244 372 112 2 -44 21 45
1534180865.1036718 700 614 656 742 652 736 820 8020 2164 0 167 337 -41 19 47
1534180865.1417453 700 614 656 742 652 736 732 8044 2176 211 256 233 -40 20 48
1534180865.175637 700 613 656 742 652 736 776 8014 2300 280 9 -82 -43 21 47
1534180865.215928 700 613 656 742 652 736 808 8050 2204 75 219 302 -43 21 46
1534180865.2650466 700 614 656 742 652 736 730 8022 2276 278 132 -89 -43 21 45
1534180865.3148842 700 613 655 742 652 736 766 8058 2216 368 60 -15 -42 20 45
1534180865.3688157 700 613 656 742 652 736 1386 7464 3082 1297 -16 -1233 -43 21 45
1534180865.4177244 700 613 655 742 652 736 660 7966 2364 -293 561 199 -43 20 45
1534180865.6039991 700 613 655 742 652 736 686 8416 2228 -1220 1543 1957 -40 22 48
1534180865.69662 700 613 656 742 651 736 1072 8672 2012 624 1026 4860 -41 20 47
1534180865.7545903 700 614 656 741 651 736 1658 8188 1566 -1959 640 431 -41 23 47
1534180865.792555 700 613 656 740 652 736 1706 8186 2152 -3934 -655 -1107 -42 20 44
1534180865.8360178 699 613 655 740 652 736 890 8090 1598 -808 -2 995 -38 21 46
1534180865.886881 700 613 656 740 651 736 382 8110 2008 75 -951 1570 -39 20 47
1534180865.9380229 700 614 656 740 651 736 322 8414 3050 314 -277 2008 -37 21 44
1534180865.9931986 700 613 655 740 651 736 1502 8234 2854 -35 -1020 992 -37 21 45
1534180866.044804 700 614 655 741 651 736 1188 9818 1562 5794 -1924 -4080 -38 22 47
1534180866.0958874 700 613 656 742 652 736 1008 7854 3770 -578 -116 1049 -40 19 46
1534180866.2095757 700 613 656 742 652 736 1236 8014 2138 1106 1974 872 -42 18 47
1534180866.2914956 701 613 656 742 652 736 286 8200 1920 414 -85 -511 -43 20 46
1534180866.3447645 700 614 656 743 652 736 1010 7956 2422 435 -289 -198 -42 20 45
1534180866.384613 701 614 656 742 652 736 716 8032 2160 -38 234 -19 -42 21 45
1534180866.4196625 700 614 656 742 652 736 684 8058 2224 432 178 192 -43 20 46
1534180866.4669394 700 614 656 742 652 736 890 7958 2336 160 72 -120 -41 21 46
1534180866.5206726 701 613 656 742 652 736 702 8082 2150 218 152 223 -42 20 49
1534180866.5872014 700 613 656 742 652 736 892 7990 2254 322 103 -163 -42 23 46
1534180866.6511242 700 613 656 743 652 736 730 8040 2194 150 85 219 -41 20 47
1534180866.716761 700 613 656 743 652 736 850 8020 2236 222 121 -36 -42 20 43
1534180866.8838563 700 613 656 743 652 736 706 8040 2188 335 164 151 -40 22 45
1534180866.9600518 700 613 656 742 652 736 856 8032 2214 91 167 169 -42 21 45
1534180867.0175803 700 613 656 742 652 736 792 8026 2122 205 210 114 -43 21 46
1534180867.0535364 700 613 656 742 652 736 848 8006 2238 265 111 67 -43 21 46
1534180867.0888412 700 613 656 742 652 736 774 8038 2270 291 69 -101 -44 21 45
1534180867.1230257 700 613 656 743 652 737 854 8002 2238 159 125 36 -43 22 47
1534180867.1667333 701 613 656 743 652 736 738 8066 2212 269 190 156 -42 22 45
1534180867.232743 701 613 656 742 652 736 874 8046 2290 402 121 -173 -42 20 44
1534180867.2969189 701 614 656 743 652 736 820 8062 2204 372 -34 -1 -42 20 46
1534180867.3621194 700 614 656 742 652 736 834 7992 2304 126 146 26 -42 21 46
1534180867.5169845 701 614 656 742 652 736 842 8050 2176 96 102 189 -41 21 46
1534180867.6511085 701 614 656 742 652 737 810 8006 2270 440 148 -83 -42 19 47
1534180867.7074723 700 614 655 742 652 736 824 8066 2226 213 163 129 -42 21 46
1534180867.7595336 701 613 656 742 652 736 770 8026 2292 240 89 97 -42 20 49
1534180867.7975621 700 613 656 742 652 736 854 8006 2248 341 210 -44 -42 21 44
1534180867.8367064 701 613 656 742 652 736 784 8018 2270 293 72 -29 -43 19 46
1534180867.8756483 700 613 656 742 652 736 832 8030 2172 93 86 65 -42 21 45
1534180867.920698 700 613 656 742 652 736 822 7958 2252 232 110 -16 -39 19 44
1534180867.9575434 700 613 655 742 652 736 850 8036 2300 216 125 -2 -42 20 46
1534180867.9994676 701 613 656 742 652 736 788 8032 2256 170 105 55 -42 21 45
1534180868.1375916 700 613 656 742 652 736 762 8006 2146 202 194 146 -45 20 45
1534180868.2157586 700 613 656 742 652 736 810 8046 2258 268 73 -12 -40 20 47
1534180868.2524593 700 614 656 742 652 736 820 8038 2210 330 130 -170 -43 20 47
1534180868.2887669 700 613 656 742 652 736 832 8044 2292 159 112 188 -41 23 46
1534180868.3388948 700 613 656 742 652 736 760 8014 2256 338 199 -23 -42 20 47
1534180868.3918095 700 613 656 742 652 736 836 8028 2202 292 0 -58 -42 21 46
1534180868.4539492 700 613 656 742 652 736 754 8024 2232 302 75 -60 -45 21 46
1534180868.5156596 700 613 656 742 652 736 848 8054 2226 227 57 -24 -41 19 45
1534180868.580571 700 613 656 742 652 736 830 8036 2238 386 280 43 -40 20 46
1534180868.6445115 700 613 656 742 652 736 762 7974 2266 16 146 351 -44 19 46
1534180868.7383757 701 613 656 743 652 736 1480 8258 1906 339 -937 -2380 -43 19 45
1534180868.8084152 700 613 656 742 652 735 1118 8224 1208 -2859 -3000 -3672 -42 21 45
1534180868.865304 699 613 655 742 652 736 240 7788 2652 -236 189 -2721 -42 24 45
1534180868.9213662 699 613 656 742 652 736 408 7938 2100 166 1285 -1359 -44 23 46
1534180868.9883966 700 613 656 742 652 736 164 8040 2486 -397 -1221 153 -41 22 47
1534180869.056866 700 613 656 742 652 735 140 8162 2398 582 2415 2378 -42 24 47
1534180869.1258364 700 613 656 742 652 736 1260 9112 -52 1290 -5581 -2244 -39 23 48
1534180869.1960254 700 613 657 742 652 736 62 7824 2574 1765 -1706 2389 -43 26 46
1534180869.2637165 699 613 656 742 652 736 354 8044 2240 2236 -1868 3463 -40 21 47
1534180869.334719 699 614 656 742 652 736 784 8016 1970 -1287 -4084 1192 -44 19 47
1534180869.4814014 699 613 656 742 652 736 1622 7916 1908 2194 697 869 -43 13 45
1534180869.568324 700 614 656 742 652 737 1772 8264 1352 1212 -3216 -618 -44 13 43
1534180869.6433277 700 614 656 742 652 736 886 7892 1948 339 410 -518 -44 9 44
1534180869.6833746 700 613 656 742 652 736 962 8146 1960 386 -186 -832 -44 11 44
1534180869.7223089 700 614 656 742 652 736 1052 8302 1926 218 -708 817 -44 10 44
1534180869.7728367 700 614 656 742 652 737 996 7728 2040 -550 843 381 -45 11 43
1534180869.828929 700 614 656 742 652 735 1190 7692 1924 610 1072 117 -45 11 43
1534180869.8846161 700 614 656 742 651 736 990 8098 1792 2105 886 206 -44 9 44
1534180869.933567 700 613 656 742 652 736 1298 8424 1986 256 80 -67 -44 11 42
1534180870.001963 700 614 656 741 651 736 988 8144 2924 458 170 -1802 -44 11 43
1534180870.1394775 699 613 655 741 651 736 1432 8196 2146 894 16 -1556 -43 13 42
1534180870.3106039 699 614 656 740 651 735 1172 8394 1150 -2657 1256 1900 -42 12 45
1534180870.4432805 699 613 656 740 651 735 1324 7966 1940 -2666 -998 1016 -44 11 42
1534180870.4952815 699 613 656 739 651 736 1506 8020 1624 -256 273 1934 -42 12 43
1534180870.5313525 699 614 656 739 651 735 868 8096 776 3975 -1328 4498 -42 10 44
1534180870.568272 700 614 656 739 651 735 1244 7354 2034 -592 -225 -2153 -43 9 42
1534180870.6046884 700 613 656 740 651 735 460 8146 1892 -1481 -326 -4020 -43 9 41
1534180870.6433856 700 614 656 742 651 736 840 8486 1794 4758 -3318 -2786 -41 12 44
1534180870.6902888 701 614 656 742 652 736 1292 7816 2654 1831 501 1481 -42 13 45
1534180870.7374716 701 614 656 742 652 736 892 8060 2168 1076 1708 426 -41 12 46
1534180870.8688915 700 614 656 742 652 736 642 8236 1810 633 256 740 -44 11 45
1534180870.9392738 701 614 656 742 652 736 1056 8002 2136 93 278 207 -44 11 46
1534180870.996297 700 614 656 742 652 736 810 8120 2068 147 173 103 -42 12 45
1534180871.0333095 700 614 656 742 652 736 1064 8010 2072 46 569 318 -44 13 44
1534180871.068444 701 614 656 743 652 736 870 8066 2006 290 217 95 -46 12 44
1534180871.119543 700 614 656 742 652 736 1012 8034 2004 193 -1 237 -43 11 45
1534180871.168566 700 614 656 742 652 736 890 8102 2072 416 161 77 -43 14 42
1534180871.2103498 700 614 656 742 652 736 978 8064 1992 112 84 117 -44 12 45
1534180871.2684107 700 614 656 742 652 736 948 8084 2070 356 192 181 -45 13 45
1534180871.333636 700 614 656 742 652 735 968 8098 2010 99 143 -36 -45 10 44
1534180871.4724872 700 614 656 742 652 736 928 8088 1980 268 65 192 -43 13 46
1534180871.530265 700 614 656 743 652 736 974 8038 2138 308 250 -110 -43 12 45
1534180871.5753045 700 614 656 742 652 736 974 8098 1952 108 236 420 -43 13 43
1534180871.6159968 700 614 656 742 652 736 972 8056 2070 294 53 -174 -43 12 43
1534180871.6541996 701 614 656 742 652 736 918 8082 1946 105 33 88 -44 9 44
1534180871.719656 701 614 656 742 652 736 970 8074 2052 180 155 247 -45 11 44
1534180871.7832117 700 614 656 742 651 736 976 8086 2068 214 144 4 -44 12 45
1534180871.8455563 700 614 655 742 651 736 968 8100 1912 263 51 60 -45 11 42
1534180871.909515 701 614 656 742 652 736 958 8050 2020 283 225 27 -44 14 44
1534180871.974347 700 614 656 742 652 736 944 8048 2050 113 123 120 -44 13 42
1534180872.139502 700 614 656 743 652 736 984 8102 2054 210 109 9 -44 12 45
1534180872.2371535 700 614 656 742 651 736 900 8072 1954 183 119 187 -44 12 44
1534180872.2921698 700 614 656 742 652 736 996 8064 2064 153 23 -42 -43 13 44
1534180872.3314033 700 614 656 742 652 736 984 8062 1970 434 227 -10 -43 14 44
1534180872.3682115 701 614 656 742 652 736 916 8048 2030 210 179 50 -45 14 45
1534180872.4164815 701 614 656 742 651 736 936 8094 2002 281 98 -1 -42 13 45
1534180872.4659157 700 614 656 742 652 736 934 8102 1976 213 74 53 -45 11 43
1534180872.5164762 700 614 656 742 652 736 990 8052 2080 105 94 115 -45 12 44
1534180872.5663745 700 614 655 742 652 736 912 8096 2036 383 250 121 -44 12 43
1534180872.617654 700 614 656 742 652 736 1098 7990 1996 73 43 -49 -44 12 43
1534180872.7401578 700 614 656 743 652 736 914 8052 2044 209 133 26 -43 13 43
1534180872.8081865 700 614 656 742 652 736 950 8050 2036 262 17 -44 -44 14 44
1534180872.883135 700 614 656 742 652 736 1070 8060 2014 169 181 -17 -46 13 45
1534180872.9181285 700 614 656 742 652 736 770 8092 1974 136 192 89 -46 11 43
1534180872.9564376 700 614 656 743 652 736 1064 8118 2006 208 -2 134 -44 13 44
1534180873.010343 700 614 656 742 652 736 958 8064 1946 284 397 123 -43 11 44
1534180873.064497 700 614 656 742 652 736 1022 8046 2034 97 155 63 -42 11 43
1534180873.1308513 701 614 656 742 652 736 958 8072 2020 185 204 66 -44 12 44
1534180873.194095 700 614 656 742 652 736 1008 8098 1984 128 242 113 -41 14 43
1534180873.2621517 700 614 656 742 652 736 1300 7944 2252 -360 662 2316 -43 13 44
1534180873.3801966 700 614 656 742 652 736 1376 7322 2292 -238 -2117 10746 -44 12 46
1534180873.4655032 700 614 656 742 652 736 2536 7298 2450 -2444 -6273 11027 -42 7 44
1534180873.5352068 700 614 656 742 652 736 3856 7410 1896 -1974 -4981 12611 -36 -1 42
1534180873.5751088 700 614 656 742 651 737 4020 7036 2162 -144 -12156 15717 -28 -12 44
1534180873.619224 700 613 656 742 652 737 6234 4824 874 1633 322 30660 -17 -27 37
1534180873.692179 700 613 656 742 651 738 8278 4400 1700 -5560 -5295 10918 -4 -36 32
1534180873.76445 700 614 656 742 652 736 7654 3342 1248 -2558 -1695 14651 11 -37 32
1534180873.8361926 699 614 656 742 652 737 8242 1780 1432 -7789 6753 14158 23 -40 26
1534180873.9104714 699 614 656 742 651 737 8364 1054 1634 -2084 -10078 14364 35 -35 26
1534180873.981596 700 614 656 742 651 738 8260 -1284 1034 2912 6246 4845 46 -36 20
1534180874.0801284 699 613 656 742 651 738 7082 -150 1022 -3340 1742 9692 51 -32 20
1534180874.1771133 700 614 656 742 651 738 12230 -1508 2634 -4366 -2781 20880 55 -29 19
1534180874.2550209 700 614 656 742 651 738 6992 -3248 992 7149 -3421 4578 65 -19 19
1534180874.2950222 700 614 656 742 652 737 7504 -2818 1042 4522 -4185 3039 67 -20 16
1534180874.3402398 700 614 656 742 652 737 8230 -2960 1698 -14287 -32768 -3125 69 -18 15
1534180874.417601 700 614 656 743 651 738 1646 -4964 -7388 -22434 -17221 -13105 73 -29 4
1534180874.4861934 700 614 656 742 651 737 6386 1158 -5396 -71 786 4245 71 -41 -34
1534180874.5581052 700 614 656 742 651 738 6968 -2424 -3680 6022 5129 3231 67 -46 -47
1534180874.6342483 699 614 656 742 652 737 6770 -1858 -4272 -3388 -3601 -2655 69 -45 -41
1534180874.702449 700 614 656 742 651 737 6394 -1046 -4894 676 518 291 71 -42 -41
1534180874.8451898 699 614 656 742 651 737 6788 -1838 -4286 222 36 -91 69 -43 -42
1534180874.9559739 700 614 656 742 651 738 6572 -1494 -4574 -275 -357 -214 70 -45 -45
1534180875.0170374 700 614 656 742 651 737 6670 -1562 -4558 245 121 59 68 -46 -44
1534180875.0509999 699 613 656 742 651 737 6562 -1506 -4596 70 -7 -34 68 -44 -43
1534180875.0946016 700 614 656 742 651 737 6710 -1660 -4382 -823 -1007 -773 68 -45 -43
1534180875.1359847 699 614 656 742 651 738 6454 -1658 -4846 -2366 -3155 39 68 -47 -43
1534180875.1960473 700 614 656 742 651 738 6342 -1022 -5120 -566 -946 -766 66 -46 -48
1534180875.2645185 700 614 656 742 651 737 6390 -1200 -4990 517 271 99 64 -44 -52
1534180875.3364496 700 614 656 742 651 738 6464 -1248 -4924 -138 -154 -49 67 -46 -50
1534180875.4069438 700 614 656 742 651 738 6400 -1126 -5016 -158 -257 -110 67 -44 -51
