1533766696.5904548 734 695 700 725 748 724 -2848 -5028 5850 13 126 -139 22 98 20
1533766696.6572301 734 695 700 725 749 724 -2662 -5172 5968 257 140 -55 23 98 23
1533766696.7221594 734 695 700 725 749 724 -2800 -5024 5868 400 140 171 20 97 21
1533766696.784701 734 695 701 725 749 724 -2806 -5034 5886 489 114 -311 23 98 24
1533766696.84713 734 696 700 725 749 724 -2904 -4974 5802 147 119 -196 24 100 22
1533766696.9254234 734 696 700 725 749 724 -2808 -5074 5940 338 -18 -260 22 98 22
1533766696.98791 734 695 700 725 749 724 -2756 -5028 5826 8 124 -333 24 97 23
1533766697.0636177 733 695 700 725 748 724 -2644 -5106 5874 334 265 -639 23 98 23
1533766697.1221583 734 695 700 725 749 724 -2666 -5134 5824 101 335 -952 22 99 21
1533766697.1923318 734 695 700 725 748 724 -2808 -4900 5988 443 288 -301 23 97 21
1533766697.2860594 734 696 700 726 748 724 -2526 -4820 5874 -50 30 -56 21 100 22
1533766697.4133496 734 695 701 725 749 724 -2406 -5380 5730 138 45 -216 24 100 21
1533766697.4643526 733 695 700 724 749 722 -2674 -5172 5726 249 387 235 24 99 22
1533766697.495596 733 695 700 725 748 723 -2626 -5008 5988 478 272 353 22 100 20
1533766697.5268402 733 696 700 725 749 723 -2666 -5060 5932 240 94 57 22 101 21
1533766697.601538 734 695 700 725 749 724 -2658 -5058 5778 237 63 232 22 97 21
1533766697.6554906 734 696 700 726 749 725 -2676 -5102 5882 460 78 242 22 98 23
1533766697.7335978 734 695 700 726 749 725 -2668 -5026 5894 161 121 65 22 98 20
1533766697.796083 734 696 700 726 749 725 -2586 -5072 5804 245 116 58 23 99 20
1533766697.8585696 734 696 700 726 749 725 -2578 -5158 5892 214 192 -42 23 100 22
1533766697.9426677 735 696 700 726 749 725 -2656 -5066 5924 188 178 -31 22 99 22
1533766697.9895341 735 696 701 726 749 725 -2732 -5058 5900 152 57 17 22 98 23
1533766698.0650303 735 696 700 726 749 725 -2614 -5114 5904 120 101 6 22 98 20
1533766698.123533 735 696 700 726 749 725 -2614 -5112 5914 134 154 -2 23 98 22
1533766698.1922069 735 696 700 726 749 725 -2650 -5084 5880 80 93 -56 21 96 22
1533766698.254693 735 696 700 726 749 725 -2504 -5150 5834 160 183 -13 24 100 21
1533766698.3174403 735 696 700 726 749 725 -2540 -5158 5800 147 217 170 23 97 21
1533766698.3983235 735 696 700 726 749 725 -2602 -5140 5894 116 181 133 24 99 21
1533766698.459277 735 696 701 726 749 725 -2678 -5114 5816 166 161 -59 21 98 18
1533766698.5215404 735 696 701 726 749 725 -2720 -5104 5800 131 87 28 23 97 22
1533766698.6078022 735 695 700 726 749 725 -2570 -5144 5840 242 9 93 22 99 22
1533766698.6546667 734 696 700 726 749 725 -2590 -5230 5822 173 169 190 23 98 22
1533766698.7173615 734 696 701 726 749 725 -2590 -5188 5866 249 198 139 22 99 23
1533766698.779637 734 695 701 726 749 725 -2598 -5134 5840 188 83 -30 22 98 22
1533766698.8577435 734 696 700 726 749 725 -2592 -5138 5884 168 44 -272 22 98 21
1533766698.9297433 735 696 701 726 749 725 -2596 -5156 5882 123 135 -124 23 98 22
1533766698.9889755 735 696 700 726 748 725 -2492 -5262 5826 267 208 -68 22 99 22
1533766699.0639136 735 696 701 726 749 725 -2622 -5228 5810 260 226 -62 23 98 22
1533766699.1233287 735 696 701 727 749 726 -2698 -5062 5902 13 208 29 24 100 24
1533766699.1925383 735 696 700 726 749 726 -2626 -5216 5872 161 -47 55 23 97 21
1533766699.266501 735 696 701 727 749 726 -2602 -5236 5822 195 179 -124 25 98 22
1533766699.3289857 735 696 700 726 750 726 -2612 -5134 5852 559 152 335 25 99 23
1533766699.3895159 734 696 700 725 749 723 -2672 -5126 5906 130 208 -169 23 96 21
1533766699.4596462 733 696 700 724 749 722 -2664 -5122 5908 12 178 -299 20 99 22
1533766699.5301242 734 696 701 725 750 724 -2684 -5158 5840 181 63 61 22 99 20
1533766699.592434 734 696 700 725 749 723 -2652 -5088 5912 241 200 23 22 98 20
1533766699.6641984 734 696 700 724 749 723 -2750 -5016 5936 244 -75 107 22 98 21
1533766699.7303689 734 696 701 725 749 724 -2598 -5182 5934 58 -146 268 22 99 21
1533766699.7967236 722 693 698 709 746 703 -2644 -5188 5774 258 161 91 22 97 22
1533766699.8586526 732 696 700 723 749 720 -2694 -5114 5800 408 222 330 24 100 22
1533766699.942463 735 696 700 725 749 723 -2714 -5076 5936 107 328 275 23 98 22
1533766699.9979713 734 695 701 726 750 723 -2676 -5030 5946 135 92 43 22 100 22
1533766700.0641122 734 696 700 726 750 724 -2696 -5166 5878 76 -20 -163 23 96 21
1533766700.1269867 734 695 701 727 750 724 -2796 -5066 5926 67 88 6 21 99 22
1533766700.1917307 735 695 700 727 750 725 -2782 -5088 5892 133 76 117 23 98 21
1533766700.254217 732 692 700 726 749 722 -2684 -5122 5900 103 62 26 25 98 24
1533766700.3169618 735 696 700 727 750 725 -2620 -5190 5864 150 147 -16 25 96 21
1533766700.392701 736 696 701 728 750 727 -2656 -5200 5820 216 227 -47 22 99 20
1533766700.4571853 737 697 701 728 750 728 -2606 -5162 5844 86 253 -456 22 100 22
1533766700.5234206 738 697 701 729 750 728 -2606 -5102 5912 213 226 -225 23 99 21
1533766700.6080675 738 696 701 730 751 728 -2680 -5118 5946 192 154 -261 24 97 21
1533766700.6583202 738 697 701 730 751 730 -2660 -5076 5830 206 106 -126 22 97 19
1533766700.7208054 739 696 701 730 751 730 -2572 -5160 5798 142 272 5 20 98 20
1533766700.783292 739 697 701 730 750 731 -2644 -5094 5880 219 134 30 23 98 24
1533766700.8613987 741 698 701 731 751 733 -2674 -5136 5936 291 32 -142 21 99 23
1533766700.9238837 741 698 702 732 751 733 -2690 -5106 5878 186 134 1 24 100 20
1533766700.9863684 740 698 701 731 751 733 -2668 -5164 5926 101 222 -86 24 98 20
1533766701.0632658 740 699 701 732 751 732 -2724 -5104 5866 144 214 -19 23 99 22
1533766701.1236532 740 699 701 732 751 733 -2664 -5078 5892 291 199 21 22 101 21
1533766701.1926901 741 699 701 732 751 733 -2692 -5092 5868 246 85 -83 23 99 23
1533766701.2773857 741 699 701 732 751 733 -2702 -5122 5822 157 78 -22 23 97 20
1533766701.3199508 741 699 701 732 751 733 -2678 -5154 5838 296 104 154 23 99 21
1533766701.3963013 741 699 702 732 751 734 -2760 -5090 5828 162 153 -90 24 99 24
1533766701.4577382 742 699 701 732 752 734 -2714 -5128 5848 319 141 40 23 98 23
1533766701.5240605 742 700 701 733 751 734 -2648 -5104 5900 269 160 -99 22 100 21
1533766701.592863 742 699 702 733 751 734 -2694 -5120 5830 68 209 -127 23 98 23
1533766701.6638978 742 699 702 733 751 734 -2554 -4932 5814 377 218 207 23 98 22
1533766701.7222145 740 700 701 729 752 731 -2708 -5090 5870 195 146 150 23 98 24
1533766701.7847023 741 702 702 730 753 731 -2758 -5344 5734 509 164 261 23 100 24
1533766701.8629274 744 703 702 731 753 734 -2734 -5152 5870 617 360 -452 22 98 21
1533766701.9418724 748 702 703 742 754 746 -2660 -5206 6016 844 -21 -355 20 98 20
1533766701.9889097 750 705 703 741 754 744 -2552 -5074 5986 286 746 30 22 98 22
1533766702.0701015 744 704 702 735 753 737 -2532 -4802 5824 -484 889 571 21 101 22
1533766702.1386204 739 700 701 733 749 738 -2884 -5104 5682 87 -75 -424 21 103 22
1533766702.2071774 741 707 702 737 753 741 -2734 -4654 5786 540 347 -2197 22 103 21
1533766702.2694042 736 705 701 728 748 730 -2728 -5244 5976 1249 27 -1464 21 101 23
1533766702.3475106 742 705 702 740 747 747 -2664 -5368 6016 -505 465 -537 18 100 21
1533766702.4189205 745 710 702 741 750 748 -2796 -5106 5782 -363 545 -197 21 101 21
1533766702.48766 747 714 702 741 751 749 -2756 -5170 5792 232 -139 -1322 22 102 21
1533766702.5600605 741 710 702 738 747 747 -2496 -5430 5806 474 -27 -44 20 103 23
1533766702.635602 738 711 701 733 747 738 -2630 -5498 6210 -522 660 37 21 101 20
1533766702.6913335 739 713 701 728 750 737 -2696 -4912 5680 -1224 754 -333 22 102 24
1533766702.7539933 739 710 701 730 749 733 -2556 -4904 6376 732 -97 427 22 101 22
1533766702.8319252 725 706 699 715 746 715 -2520 -5084 5508 -55 -183 632 21 101 22
1533766702.9039562 725 707 699 713 748 712 -2524 -5210 5888 -165 477 -74 21 102 20
1533766702.9703379 692 695 693 676 736 665 -2650 -5260 5900 251 -11 4 21 102 21
1533766703.0396562 691 695 693 675 736 663 -2628 -5238 5738 -337 416 270 20 102 22
1533766703.092816 693 696 694 676 740 661 -2612 -5294 5796 -46 212 -50 21 101 21
1533766703.1736581 694 698 694 676 739 664 -2692 -5244 5686 -32 272 3 24 101 23
1533766703.2401066 695 698 694 677 740 664 -2606 -5204 5862 19 130 176 22 102 19
1533766703.302593 692 695 693 675 738 663 -2570 -5244 5806 155 140 193 22 103 21
1533766703.3614333 693 695 693 676 739 663 -2646 -5238 5768 6 142 168 23 101 22
1533766703.4433014 695 697 694 677 740 664 -2698 -5200 5808 149 212 198 22 102 21
1533766703.5059857 696 697 694 676 740 664 -2662 -5192 5756 275 136 24 23 104 22
1533766703.5773954 698 699 695 677 742 665 -2588 -5166 5856 179 261 77 25 103 21
1533766703.6433578 697 699 695 677 742 664 -2568 -5190 5786 24 88 130 23 102 22
1533766703.706593 698 699 694 678 743 665 -2654 -5236 5786 131 113 32 23 102 21
1533766703.7690783 697 698 695 677 742 664 -2620 -5262 5832 142 261 86 24 103 20
1533766703.8315659 699 699 695 678 743 665 -2634 -5222 5850 340 61 32 23 101 23
1533766703.9114223 697 698 694 677 742 664 -2642 -5240 5764 286 84 -140 21 104 21
1533766703.988485 698 698 694 677 742 665 -2618 -5162 5818 140 145 63 23 102 21
1533766704.043428 699 699 695 678 744 664 -2660 -5192 5768 30 200 148 22 102 21
1533766704.1077652 697 697 694 677 742 664 -2656 -5278 5822 284 102 94 23 101 22
1533766704.1807826 698 697 694 677 742 664 -2652 -5230 5834 193 191 216 24 102 21
1533766704.2400012 697 697 694 677 742 664 -2636 -5160 5756 100 232 -105 23 103 22
1533766704.3024879 698 697 694 677 742 664 -2660 -5228 5738 200 105 -69 25 102 21
1533766704.3764567 697 696 694 677 742 663 -2646 -5220 5858 16 30 -100 24 104 23
1533766704.443098 697 696 694 677 742 664 -2718 -5272 5734 186 -14 304 23 102 23
1533766704.508361 700 699 694 678 744 665 -2704 -5174 5734 258 39 189 22 102 22
1533766704.5869358 699 698 694 678 744 664 -2642 -5190 5804 420 195 10 24 103 23
1533766704.6650841 698 698 695 677 743 664 -2708 -5110 5754 278 206 28 23 102 23
1533766704.70803 698 697 694 677 742 664 -2694 -5176 5838 375 28 263 23 104 20
1533766704.7861202 697 697 694 677 743 663 -2712 -5168 5782 206 126 202 24 101 23
1533766704.8485353 697 697 694 677 742 663 -2734 -5168 5752 217 251 151 24 103 21
1533766704.9248855 697 697 694 677 743 663 -2690 -5150 5782 328 104 119 22 102 23
1533766704.9902732 697 697 694 677 742 663 -2678 -5162 5768 160 112 278 24 103 21
1533766705.0606453 696 697 694 676 742 662 -2734 -5166 5780 163 184 -7 23 103 23
1533766705.1240175 695 695 694 676 742 661 -2766 -5192 5764 198 5 -125 23 103 23
1533766705.1922734 694 693 694 675 742 659 -2838 -5174 5848 185 174 4 24 104 21
1533766705.254853 695 695 693 676 741 662 -2824 -5126 5818 133 216 146 24 102 21
1533766705.3381567 693 692 693 675 740 661 -2744 -5210 5792 238 215 142 24 103 21
1533766705.3971612 692 691 693 675 741 659 -2738 -5144 5724 167 257 -96 23 102 21
1533766705.4577503 694 693 693 675 741 660 -2736 -5072 5662 -4 318 -88 23 103 21
1533766705.524576 695 694 694 676 741 661 -2788 -5060 5728 19 416 30 21 103 21
1533766705.592424 694 694 693 676 740 661 -2758 -5124 5772 46 592 260 24 104 21
1533766705.6658175 693 693 693 675 740 659 -2848 -5318 5802 517 373 167 23 103 21
1533766705.7230728 735 703 700 730 751 732 -2910 -5338 5880 221 949 -464 24 104 22
1533766705.8013072 746 705 702 743 755 747 -2702 -5230 5772 349 738 17 22 106 22
1533766705.8638694 744 705 702 743 751 749 -2736 -5092 5770 -89 751 -776 22 103 22
1533766705.9415731 747 709 702 744 752 751 -2898 -4906 5642 -210 633 -923 22 106 21
1533766706.0258667 747 712 703 745 753 752 -2770 -5432 5742 -335 1096 -282 25 106 18
1533766706.0825498 743 712 701 740 750 745 -3046 -5248 5544 -912 888 -151 26 107 20
1533766706.1535852 739 714 701 735 750 739 -2918 -5228 5670 -639 1673 -542 24 111 22
1533766706.208454 744 716 702 742 752 746 -2880 -5520 5438 163 432 -88 26 109 20
1533766706.286624 739 710 701 739 747 744 -3006 -5302 5470 655 -435 -705 26 110 20
1533766706.35986 743 716 703 742 750 748 -2932 -5396 5558 413 83 -197 23 111 19
1533766706.4262452 740 714 706 739 749 743 -3052 -5552 5452 574 67 60 25 111 21
1533766706.4894493 735 714 701 731 750 735 -2754 -5186 5692 -909 944 1280 24 111 19
1533766706.568432 729 709 699 719 746 723 -2518 -4810 5980 2245 -2637 2788 24 112 19
1533766706.6426735 726 709 699 712 746 706 -3132 -4904 5492 -1161 -208 -1176 22 110 21
1533766706.722879 715 704 698 707 744 702 -2976 -5382 5542 -301 -295 -125 24 108 21
1533766706.7695677 694 701 694 676 738 664 -2794 -5360 5622 -60 461 69 22 108 21
1533766706.832058 696 702 694 676 740 663 -3034 -5120 5684 20 -110 52 24 106 20
1533766706.9158015 691 698 693 674 737 661 -2836 -5228 5626 205 352 323 25 107 22
1533766706.9730334 693 700 693 674 739 662 -2922 -5328 5588 112 104 -257 25 106 21
1533766707.0539806 693 700 693 675 739 661 -2916 -5166 5650 228 165 -175 24 106 21
1533766707.1225276 693 699 693 675 739 661 -2952 -5220 5630 164 -38 -418 25 106 21
1533766707.1900666 694 700 693 675 740 662 -2976 -5202 5540 111 386 37 25 106 20
1533766707.2525504 693 699 693 675 740 662 -2938 -5222 5634 204 73 158 25 106 20
1533766707.3151307 692 698 693 674 739 660 -2958 -5196 5616 175 166 151 24 107 21
1533766707.4063778 691 697 693 674 739 659 -3002 -5172 5676 250 -7 -103 23 107 20
1533766707.4594023 693 698 693 675 741 660 -2992 -5266 5572 311 252 361 22 108 21
1533766707.525797 695 699 693 675 741 661 -2922 -5200 5666 137 251 -40 25 105 23
1533766707.5965328 694 699 693 675 742 660 -2918 -5210 5702 181 75 -60 24 106 21
1533766707.663626 692 697 693 674 741 659 -2936 -5206 5656 291 11 136 26 107 22
1533766707.7238264 692 697 693 674 740 658 -2998 -5202 5692 213 199 285 24 107 20
1533766707.7861447 693 697 693 675 740 662 -2896 -5220 5584 131 195 55 24 106 22
1533766707.8645048 694 697 693 674 740 662 -2854 -5244 5640 146 183 -6 25 106 21
1533766707.9325228 694 697 693 675 740 662 -2976 -5158 5642 177 163 44 27 106 23
1533766707.9899404 694 697 693 675 741 662 -2966 -5196 5670 206 36 -28 22 108 21
1533766708.083391 694 698 694 675 741 662 -2932 -5238 5564 258 133 -38 23 108 22
1533766708.1231124 693 696 693 674 740 660 -2970 -5186 5674 141 222 -120 23 107 21
1533766708.192843 693 697 693 675 740 661 -2916 -5190 5668 124 142 -110 23 107 23
1533766708.2709486 694 697 693 675 740 661 -2866 -5230 5698 184 166 -78 23 106 21
1533766708.3334353 694 697 693 675 740 662 -2966 -5170 5728 231 155 -190 24 108 20
1533766708.408544 691 694 693 674 740 659 -2988 -5168 5630 282 49 27 25 108 22
1533766708.475311 692 695 693 674 740 660 -2916 -5244 5596 284 183 76 21 107 20
1533766708.5434039 694 696 693 675 740 661 -2996 -5268 5618 124 171 -126 25 107 21
1533766708.6073236 693 696 693 675 740 661 -2936 -5258 5634 160 164 100 24 108 21
1533766708.675308 693 695 693 675 740 660 -2976 -5282 5632 260 28 86 24 108 20
1533766708.7534158 694 696 693 675 741 661 -2986 -5186 5644 233 215 -12 23 106 22
1533766708.8159366 695 698 694 676 742 662 -3000 -5158 5642 252 226 -26 24 107 21
1533766708.8783863 695 696 693 676 742 661 -2878 -5224 5746 135 43 -110 24 109 22
1533766708.9529982 696 698 693 676 742 662 -2862 -5318 5606 127 260 -138 24 105 21
1533766709.0197606 695 697 694 675 742 661 -2846 -5232 5624 187 225 62 24 107 21
1533766709.0752225 693 696 693 675 740 661 -2938 -5204 5636 112 113 -181 24 106 22
1533766709.1574667 693 696 693 675 741 660 -2878 -5242 5720 87 251 -112 24 107 23
1533766709.2227192 693 696 693 675 740 661 -2908 -5220 5670 186 269 41 24 108 19
1533766709.2906134 695 697 694 675 741 662 -2900 -5238 5630 207 126 30 24 108 21
1533766709.359447 694 696 693 675 741 661 -2864 -5246 5652 148 222 221 25 108 20
1533766709.4419944 695 697 693 675 741 660 -2950 -5182 5658 325 128 138 27 108 22
1533766709.49759 695 696 693 676 741 662 -2938 -5138 5670 217 130 181 24 108 19
1533766709.56486 694 695 693 675 741 661 -2900 -5282 5650 -240 672 652 24 107 22
1533766709.6322734 693 695 693 675 740 661 -2940 -5170 5500 661 -34 504 22 107 23
1533766709.6910515 695 697 694 676 742 662 -2980 -5202 5698 309 222 1206 26 107 21
1533766709.7690933 697 698 693 676 743 662 -3124 -4884 5596 372 153 186 22 106 21
1533766709.8315778 694 697 693 675 741 661 -3194 -5074 5774 171 478 -515 23 107 22
1533766709.9105377 707 698 695 693 743 684 -3150 -5240 5702 -401 1747 -1055 24 108 20
1533766709.9716747 743 710 701 737 753 740 -3104 -5138 5550 -385 803 187 24 108 23
1533766710.042547 743 709 701 738 751 742 -3470 -5200 5490 -33 770 670 23 110 20
1533766710.1297157 743 713 702 737 751 742 -3446 -5288 5430 581 725 433 24 110 20
1533766710.1752768 750 718 703 745 753 751 -3396 -4972 5624 993 868 84 23 110 21
1533766710.2377622 748 716 702 745 752 751 -3502 -5144 5212 249 386 603 23 115 21
1533766710.3159099 747 717 702 744 751 750 -3444 -5272 5532 81 -199 -961 25 113 21
1533766710.3927486 746 717 702 742 750 749 -3360 -5466 5626 1347 -940 -2143 24 112 19
1533766710.458332 741 715 701 727 748 728 -3370 -4840 5310 459 -1562 346 23 113 21
1533766710.5339782 731 712 700 721 747 715 -2716 -4898 5752 -268 -466 -103 24 112 21
1533766710.5926044 731 711 699 720 748 718 -3298 -5356 5478 -510 -62 -1244 25 109 19
1533766710.6740193 715 710 697 698 747 691 -2932 -5106 5592 221 307 146 23 110 21
1533766710.7390647 720 708 697 705 746 699 -3052 -5214 5578 60 225 176 24 109 21
1533766710.8172545 720 707 697 706 746 701 -2998 -5240 5664 373 -19 97 23 108 20
1533766710.8640335 712 705 697 695 745 687 -3070 -5218 5518 70 157 -199 23 108 21
1533766710.9440396 707 703 695 691 743 681 -2948 -5218 5604 191 195 161 24 109 21
1533766711.010537 692 698 692 674 738 662 -3044 -5208 5616 170 9 134 23 107 19
1533766711.075405 692 699 692 674 739 660 -2882 -5314 5618 357 157 155 25 108 20
1533766711.1466742 693 699 693 674 740 660 -2872 -5230 5558 259 146 215 24 108 22
1533766711.2061532 694 700 693 674 741 660 -3052 -5170 5616 268 -11 -231 23 109 19
1533766711.279775 693 699 693 674 739 660 -2846 -5338 5618 159 4 -115 27 110 21
1533766711.350992 693 699 693 674 740 660 -2986 -5326 5604 270 94 -152 24 109 22
1533766711.4164212 694 699 693 675 741 660 -3046 -5220 5594 242 170 7 25 108 22
1533766711.4975514 694 699 693 674 740 660 -2938 -5218 5624 155 186 -148 25 108 21
1533766711.5538738 694 699 692 674 740 659 -2992 -5212 5520 152 56 -294 24 107 21
1533766711.6068377 695 700 693 675 742 660 -2826 -5326 5670 267 222 96 24 107 21
1533766711.6749592 695 700 693 675 742 660 -2974 -5244 5638 287 132 157 23 107 20
1533766711.7530677 693 698 693 674 740 660 -3030 -5102 5548 186 31 -85 25 110 21
1533766711.8157518 694 699 693 675 741 660 -2928 -5270 5526 220 158 82 23 107 20
1533766711.8938313 694 699 693 674 740 660 -2878 -5322 5606 -200 -506 -903 23 107 22
1533766711.9572616 694 698 693 675 740 660 -2858 -5362 5562 55 -18 -52 25 108 23
1533766712.0300062 695 699 693 675 741 660 -2760 -5366 5646 286 -56 -225 26 107 20
1533766712.0914178 695 699 693 675 741 660 -2810 -5358 5562 180 -15 -87 25 107 19
1533766712.191866 695 698 693 675 741 661 -2702 -5446 5642 196 -180 -493 25 107 22
1533766712.2232976 695 698 693 675 741 660 -2758 -5320 5576 248 320 173 26 107 20
1533766712.3012803 695 698 693 675 741 660 -2926 -5220 5616 275 96 -4 23 108 20
1533766712.3620253 695 698 693 675 741 660 -2760 -5306 5680 209 105 61 26 106 22
1533766712.4246993 695 698 693 675 741 660 -2810 -5316 5510 199 195 14 25 106 22
1533766712.5028079 696 698 693 675 742 660 -2816 -5254 5636 117 161 9 24 106 22
1533766712.5695133 696 698 693 675 741 660 -2760 -5316 5668 174 178 31 25 106 21
1533766712.6380265 696 699 693 675 742 660 -2690 -5354 5642 176 49 -153 22 106 22
1533766712.7052464 695 699 693 676 742 662 -2802 -5286 5678 343 170 189 23 107 23
1533766712.767772 694 696 692 674 741 658 -2818 -5326 5688 264 36 -25 24 107 22
1533766712.845838 696 699 693 676 742 661 -2770 -5250 5584 -146 120 132 26 106 21
1533766712.9103 696 698 693 675 742 660 -2832 -5252 5656 274 174 148 26 108 21
1533766712.9727085 696 698 693 675 742 660 -2914 -5334 5608 333 155 40 26 105 20
1533766713.0423796 696 698 693 675 743 660 -2804 -5308 5582 54 298 -185 25 107 21
1533766713.1074965 696 699 693 676 742 660 -2872 -5188 5670 206 156 97 27 106 20
1533766713.1800177 697 699 693 676 742 661 -2752 -5354 5656 352 74 210 26 105 20
1533766713.2394414 697 699 694 675 743 660 -2762 -5294 5644 246 120 100 25 108 21
1533766713.3145616 697 698 693 676 742 660 -2872 -5258 5562 157 222 65 22 106 23
1533766713.3764474 697 699 694 676 743 660 -2808 -5254 5698 236 190 200 24 106 22
1533766713.4490256 697 699 693 676 743 661 -2898 -5254 5682 240 59 86 24 107 20
1533766713.53028 696 698 693 675 742 660 -2848 -5256 5634 208 206 97 25 106 20
1533766713.5825703 696 698 693 675 741 660 -2846 -5194 5700 219 171 47 25 106 24
1533766713.651245 696 698 693 675 742 660 -2896 -5288 5588 247 -77 130 25 106 20
1533766713.7071 697 698 693 676 742 660 -2968 -5180 5628 422 17 273 25 108 22
1533766713.7849715 696 698 693 675 742 660 -2878 -5294 5672 -40 271 336 23 108 20
1533766713.8476653 697 699 693 675 742 660 -2892 -5210 5528 -133 -830 3250 24 107 19
1533766713.9261014 696 698 693 675 741 660 -3120 -5062 5672 239 261 1433 23 108 22
1533766713.9905896 692 695 692 673 738 659 -3258 -5216 5814 -384 286 373 23 107 22
1533766714.064951 695 700 693 674 739 660 -3092 -5022 5650 -787 728 271 22 107 21
1533766714.133099 733 711 699 718 747 720 -3506 -5546 5420 317 -40 808 23 106 19
1533766714.2052176 743 709 701 737 751 740 -3236 -4908 5626 455 290 302 25 108 21
1533766714.2545972 743 716 701 735 752 738 -3386 -5072 5494 -45 572 402 25 107 19
1533766714.336737 747 719 702 739 753 743 -3186 -5114 5510 438 612 935 27 109 21
1533766714.4064639 750 720 702 743 753 748 -3312 -5022 5548 667 129 -436 25 108 21
1533766714.4723597 745 716 701 741 751 744 -3268 -5070 5510 528 63 -397 26 109 19
1533766714.5437615 744 721 701 734 751 741 -3298 -5006 5666 645 496 -342 26 109 20
1533766714.607825 735 714 700 726 749 727 -3452 -5358 5658 1270 -224 -1169 23 108 23
1533766714.6756158 734 716 701 726 748 728 -3120 -4510 5514 -353 142 1793 22 110 21
1533766714.7537227 727 711 698 714 747 718 -3072 -4796 5774 -696 -322 159 25 111 17
1533766714.8164785 719 712 698 703 746 700 -2844 -5404 5458 -216 -363 -209 22 109 23
1533766714.90999 719 710 697 705 746 701 -3154 -5076 5576 116 402 -552 25 108 20
1533766714.957819 694 703 693 674 739 662 -3160 -5104 5676 317 -3 20 23 107 21
1533766715.0302777 693 701 693 674 738 661 -3002 -5154 5696 -17 -92 -23 23 108 22
1533766715.0927231 695 703 694 674 741 661 -2958 -5144 5674 11 92 82 25 108 20
1533766715.1552653 692 700 693 674 738 660 -3056 -5202 5618 55 349 -389 25 104 20
1533766715.2179594 692 700 693 673 739 660 -3002 -5132 5634 177 159 -410 24 108 22
1533766715.2958019 692 700 692 673 738 660 -2954 -5182 5632 -99 71 -261 26 107 21
1533766715.3607008 693 701 693 674 740 660 -2908 -5218 5684 179 429 12 22 108 22
1533766715.4249158 693 700 693 673 740 660 -3068 -5206 5616 440 25 132 25 108 23
1533766715.5027058 691 698 693 673 738 659 -3062 -5218 5624 153 57 -368 25 108 22
1533766715.5918586 693 699 692 674 739 660 -2996 -5122 5606 46 176 -158 27 106 23
1533766715.6231024 693 699 692 674 739 660 -3118 -5220 5606 408 5 242 25 106 23
1533766715.6913645 696 702 693 675 742 660 -3072 -5208 5682 31 298 9 25 109 22
1533766715.7538521 697 702 693 675 742 661 -2996 -5196 5626 43 165 -71 25 108 20
1533766715.8319592 695 700 693 674 740 660 -3060 -5176 5630 248 304 -15 22 106 21
1533766715.903645 696 701 693 675 742 660 -3022 -5146 5620 179 143 14 25 108 21
1533766715.9596643 696 702 693 675 742 660 -2962 -5160 5674 169 111 24 24 109 20
1533766716.0380776 696 701 693 675 742 660 -3030 -5138 5650 299 131 272 24 107 20
1533766716.0913532 696 701 693 675 742 661 -3052 -5218 5612 236 48 109 21 107 22
1533766716.1779814 698 703 693 675 743 661 -3060 -5172 5552 65 245 -196 24 105 22
1533766716.2388983 697 702 693 675 743 660 -3036 -5158 5624 119 109 -94 24 106 23
1533766716.3013835 698 702 693 675 744 661 -3030 -5232 5600 297 132 162 24 109 21
1533766716.3762677 696 701 693 674 743 661 -3040 -5178 5596 228 114 -68 24 107 21
1533766716.4418404 697 702 693 675 743 661 -3028 -5156 5640 164 156 29 24 107 19
1533766716.513615 697 702 693 675 743 661 -2962 -5246 5640 265 125 121 23 111 20
1533766716.5828278 699 703 693 676 744 661 -3106 -5222 5608 162 205 -110 25 107 21
1533766716.6508825 698 703 693 676 743 661 -3042 -5118 5638 170 71 -120 24 106 20
1533766716.7064 698 703 693 676 745 661 -3034 -5162 5676 287 184 21 24 107 22
1533766716.7845023 699 704 694 676 745 661 -3038 -5124 5534 97 83 -224 27 108 20
1533766716.8471158 698 702 694 675 744 661 -3004 -5140 5704 212 80 -188 26 107 22
1533766716.9423747 697 701 693 675 743 660 -2966 -5258 5630 168 107 -233 24 109 21
1533766716.990682 697 701 693 675 743 661 -3076 -5164 5684 189 104 -260 25 107 23
1533766717.059209 696 700 693 675 743 659 -3022 -5256 5574 123 199 -10 23 110 21
1533766717.122338 697 700 693 675 743 660 -2944 -5202 5634 132 161 -8 25 108 22
1533766717.1928308 696 700 693 675 743 660 -2978 -5224 5632 312 142 339 24 106 21
1533766717.2553174 696 699 693 675 743 660 -3006 -5170 5552 159 129 2 27 108 20
1533766717.3189056 697 700 693 675 742 660 -3030 -5160 5622 56 222 -165 27 109 21
1533766717.3960118 697 701 693 675 743 660 -2964 -5192 5648 287 151 300 26 108 21
1533766717.4567587 698 701 694 676 743 661 -3024 -5188 5628 274 213 -48 24 107 21
1533766717.5351117 698 701 693 675 744 660 -3032 -5162 5634 -32 165 -208 25 107 22
1533766717.6070008 699 702 693 676 744 660 -2960 -5190 5616 156 108 -29 24 108 21
1533766717.6699955 698 701 693 675 744 660 -2920 -5264 5630 359 197 574 26 107 23
1533766717.7380996 697 700 693 676 744 660 -2984 -5192 5638 359 132 289 24 105 22
1533766717.800793 696 699 692 675 743 659 -3078 -5130 5660 4 105 7 24 107 22
1533766717.8630705 696 699 693 675 742 659 -2904 -5210 5622 127 51 183 25 109 18
1533766717.9369295 698 701 693 676 743 662 -3060 -5198 5574 148 160 123 25 107 22
1533766717.9904604 696 699 693 675 742 660 -3224 -5034 5722 316 216 655 26 108 22
1533766718.074574 698 700 693 675 743 660 -3048 -5180 5628 337 -115 721 25 106 22
1533766718.1439428 747 709 701 737 754 737 -2682 -5018 5474 485 -616 365 24 108 20
1533766718.2074785 738 709 700 728 752 726 -3032 -4818 5664 195 -26 296 23 106 21
1533766718.2855844 736 711 700 727 752 728 -3146 -5202 5550 698 170 1344 24 104 20
1533766718.3480723 743 715 701 736 751 738 -3320 -5110 5760 221 430 165 26 106 22
1533766718.4184926 744 713 701 740 750 744 -3166 -4898 5752 771 -196 -137 23 107 22
1533766718.473877 730 712 699 722 747 721 -3042 -5028 5836 15 343 68 23 106 22
1533766718.552901 742 719 701 734 750 736 -3080 -5158 5730 -38 713 485 23 106 22
1533766718.6231074 751 731 778 788 761 790 -3254 -4968 5624 489 -131 -704 23 107 19
1533766718.692511 773 737 803 824 769 839 -3468 -5384 5766 938 -57 -1654 23 107 21
1533766718.755075 734 713 702 726 749 730 -3556 -3922 5000 2086 -1039 130 23 105 21
1533766718.833298 716 712 698 701 747 694 -3474 -5028 5734 -685 -11 -1731 24 105 21
1533766718.909257 696 707 694 675 740 665 -2848 -5248 5598 -165 -259 -2116 23 106 19
1533766718.9882634 693 704 693 673 738 662 -2634 -5300 5624 -114 286 -666 25 106 21
1533766719.0382957 693 703 693 673 738 658 -2872 -5266 5664 326 297 368 25 107 21
1533766719.1078522 695 704 693 674 740 660 -2884 -5276 5702 70 30 -685 25 105 24
1533766719.1807685 695 704 693 674 741 660 -3040 -5204 5652 -7 56 -533 24 105 21
1533766719.2388084 704 714 695 678 748 662 -2868 -5204 5662 550 26 -170 23 104 22
1533766719.3013377 697 706 693 675 742 660 -2802 -5256 5794 570 89 121 24 104 23
1533766719.3772604 695 703 693 674 741 660 -2862 -5122 5726 471 76 -584 25 105 22
1533766719.4516127 694 702 693 674 741 659 -2826 -5234 5714 289 22 -173 25 102 22
1533766719.5208948 698 705 693 675 743 660 -2574 -5172 5702 317 -81 -576 24 106 20
1533766719.5912726 696 703 693 675 741 660 -2814 -5290 5832 79 -572 -680 24 102 21
1533766719.6704545 694 702 693 674 740 659 -2668 -5310 5824 -136 -306 -499 24 104 22
1533766719.7173193 697 704 693 675 742 662 -2518 -5278 5734 54 -642 -717 24 101 23
1533766719.7954328 696 702 693 675 741 660 -2684 -5218 5738 -201 -865 -916 24 100 23
1533766719.8579133 696 702 693 675 742 659 -2148 -5238 5710 -7 -618 -272 24 100 23
1533766719.9399548 699 704 694 676 743 662 -2296 -5580 5578 -356 281 -318 25 99 23
1533766720.0084887 699 704 694 676 744 660 -2492 -5322 5860 102 -56 336 26 100 21
1533766720.074929 696 703 693 675 742 660 -2658 -5278 5742 386 -161 471 22 101 21
1533766720.1437619 698 704 694 676 743 661 -2332 -5414 5636 12 226 204 26 100 19
1533766720.2063372 699 704 694 676 743 662 -2144 -5474 5578 -53 197 499 25 102 21
1533766720.2688274 696 702 693 675 741 660 -2322 -5568 5794 351 432 1970 27 99 20
1533766720.3617132 694 699 693 675 741 660 -2672 -5426 5664 617 835 1298 26 101 22
1533766720.4187644 697 702 693 675 742 661 -2410 -5330 5976 920 542 1325 25 101 20
1533766720.4723337 698 702 693 676 742 662 -2968 -5702 6112 7 586 1352 23 100 21
1533766720.5551534 698 703 693 676 744 661 -3334 -4906 5738 863 458 1343 25 101 21
1533766720.6223307 699 704 693 676 744 661 -3116 -5102 5866 124 603 105 24 102 22
1533766720.6919837 698 702 693 676 742 660 -2824 -5138 5836 139 -34 -312 23 103 22
1533766720.7542236 697 702 693 676 742 661 -3128 -4992 5670 295 201 -199 22 103 22
1533766720.8166933 697 701 693 676 743 660 -3042 -4984 5748 -140 -65 -328 24 103 21
1533766720.9002209 698 703 693 676 743 661 -2884 -5152 5688 324 250 243 22 105 21
1533766720.958021 698 702 693 676 743 660 -2902 -5180 5794 217 364 704 23 104 20
1533766721.0394332 700 704 694 676 746 660 -2986 -5120 5822 242 158 14 24 104 21
1533766721.0905097 699 704 694 677 744 662 -2940 -5078 5790 62 90 -180 24 103 22
1533766721.1688879 699 704 694 677 744 661 -2956 -5098 5718 250 198 40 24 104 21
1533766721.2231004 699 703 693 676 744 660 -3036 -5044 5700 54 -26 33 25 104 21
1533766721.3019965 699 703 694 677 744 661 -3088 -5018 5762 457 68 487 25 104 22
1533766721.3612406 698 702 693 676 743 660 -2932 -5108 5714 -174 192 -209 25 105 21
1533766721.4372952 699 703 693 677 744 661 -2988 -5084 5712 151 76 -3 24 104 21
1533766721.4906206 698 701 693 676 743 660 -2972 -5170 5688 138 131 88 23 103 19
1533766721.5733879 697 702 693 676 743 660 -3024 -5040 5718 136 164 -28 24 104 21
1533766721.6407523 699 703 693 676 744 661 -3062 -5048 5718 65 133 -243 24 105 21
1533766721.738782 700 704 694 677 745 661 -2954 -5126 5774 141 145 2 26 104 21
1533766721.7700193 699 704 693 676 745 661 -3016 -5080 5690 278 171 60 23 104 22
1533766721.8327267 699 703 694 676 744 661 -2990 -5126 5776 80 247 -73 25 104 21
1533766721.908891 699 703 693 676 744 661 -3026 -5054 5720 83 126 -37 24 103 21
1533766721.9730976 700 704 694 677 745 661 -2976 -5170 5722 274 56 2 24 106 22
1533766722.0413783 700 704 694 677 746 661 -3088 -5070 5652 238 237 166 26 105 21
1533766722.1092055 700 704 694 677 746 661 -2882 -5114 5712 126 300 -69 26 104 21
1533766722.1788256 700 704 694 676 745 661 -3034 -5062 5748 222 -36 -156 24 104 21
1533766722.2401083 700 704 694 677 745 661 -3044 -5178 5580 277 147 -93 25 105 22
1533766722.3025928 698 702 693 676 744 660 -3078 -5076 5770 351 228 -166 24 104 23
1533766722.4238303 698 702 693 676 743 661 -3010 -5084 5792 140 86 -248 24 104 22
1533766722.4677138 696 698 693 675 742 660 -2930 -5152 5644 -9 276 -229 24 104 22
1533766722.5173142 696 699 694 675 742 660 -2984 -5130 5636 -102 260 -371 26 104 22
1533766722.590232 697 699 693 676 741 661 -3122 -5060 5710 -331 -60 -112 24 105 19
1533766722.6595905 695 697 693 675 741 659 -2732 -5404 5554 88 109 182 25 103 20
1533766722.723899 694 697 693 674 740 659 -2858 -5188 5612 98 291 98 26 103 20
1533766722.7861297 695 697 693 675 740 659 -3194 -5016 5754 133 -93 286 28 104 22
1533766722.8604207 695 698 693 674 740 660 -2976 -5168 5662 6 -127 499 25 105 23
1533766722.9281588 694 697 693 674 739 659 -2876 -5292 5650 166 -36 202 25 103 20
