1534185704.8708575 621 545 581 664 567 663 4706 -4066 4814 -298 -1055 -33 79 23 20
1534185704.926126 621 546 581 664 567 663 4858 -3944 4746 -1566 1382 -566 77 25 18
1534185705.0042312 621 545 580 664 567 663 4462 -4514 4734 145 -823 1383 79 26 21
1534185705.066718 621 545 580 664 567 663 4720 -4232 4562 191 1095 -526 79 26 18
1534185705.1455903 621 545 580 663 567 663 4126 -4514 4724 -1023 -1193 1872 81 26 19
1534185705.2128878 621 545 580 664 566 663 5142 -4202 4640 1288 -439 -380 79 26 19
1534185705.2755878 621 545 580 664 566 664 4454 -4326 4842 144 1582 489 80 24 19
1534185705.3525386 621 546 580 664 566 663 4702 -4276 4842 1008 151 -403 78 26 18
1534185705.4122353 622 545 580 663 566 664 4656 -4280 4808 367 1281 747 80 26 19
1534185705.5528257 622 545 580 663 566 663 4332 -4278 4980 308 269 204 79 27 18
1534185705.6027193 622 545 581 664 566 663 4634 -4192 4902 411 539 172 79 29 19
1534185705.6467457 622 546 581 663 566 663 4324 -4414 4858 -3 339 434 79 29 19
1534185705.7233226 621 545 580 663 566 664 4600 -4314 4944 119 163 203 79 28 19
1534185705.779053 621 545 581 663 566 663 4300 -4454 4714 -64 -4 334 78 30 20
1534185705.8315616 621 546 580 663 566 663 4526 -4298 4940 178 212 129 78 29 20
1534185705.8853977 622 545 581 663 566 663 4306 -4382 4802 -117 413 864 80 29 19
1534185705.9430428 622 545 580 663 566 663 4300 -4382 4904 259 83 325 77 29 20
1534185705.9984741 621 545 580 663 566 663 4334 -4460 4842 168 178 107 80 30 19
1534185706.0629358 621 545 581 663 567 663 4368 -4444 4870 -11 187 549 80 32 19
1534185706.143818 621 545 581 663 566 663 4274 -4494 4860 139 396 170 78 32 18
1534185706.195634 621 545 581 663 566 663 4234 -4532 4892 167 222 59 79 29 19
1534185706.2647395 621 545 580 663 566 663 4312 -4472 4844 352 56 -111 80 31 16
1534185706.3416681 621 545 581 663 566 663 4336 -4440 4836 323 196 -206 81 32 19
1534185706.4064963 621 545 580 663 566 663 4450 -4442 4958 213 18 148 80 29 20
1534185706.4630094 621 545 580 663 566 663 4262 -4436 4848 421 249 -112 79 30 16
1534185706.541121 621 545 581 663 566 663 4278 -4510 4804 342 186 -214 78 29 18
1534185706.6038036 621 545 580 663 566 663 4358 -4504 4792 380 128 -143 78 30 19
1534185706.6663468 622 545 580 664 566 664 4412 -4342 4828 366 468 35 78 31 19
1534185706.7285748 622 545 581 664 567 663 4204 -4416 4848 445 66 141 80 31 19
1534185706.7910593 622 545 580 664 567 664 4296 -4356 4920 381 386 -112 80 28 19
1534185706.877558 621 545 580 664 567 663 4272 -4502 4974 120 47 400 79 30 19
1534185706.9272416 622 546 580 664 567 664 4434 -4310 4914 122 566 153 79 31 19
1534185706.989725 622 546 581 664 567 664 4140 -4584 4928 99 426 798 78 30 19
1534185707.0678325 621 545 581 664 566 664 4204 -4442 4860 432 516 -241 80 32 20
1534185707.1293933 621 546 580 663 566 664 4202 -4470 4860 -45 273 576 79 31 17
1534185707.1918766 621 545 581 663 566 663 4160 -4534 4970 18 261 65 81 30 20
1534185707.2543633 621 545 580 663 566 663 4226 -4408 4880 185 623 150 78 31 20
1534185707.331911 621 545 581 663 566 663 4280 -4608 4970 -514 989 1067 78 32 17
1534185707.3958762 622 546 580 663 566 663 4140 -4520 4858 -727 2143 1576 79 33 19
1534185707.45841 621 545 580 663 566 663 3064 -4946 4718 888 -1556 -2226 79 35 17
1534185707.536468 621 545 580 663 565 663 4516 -5520 5404 2094 2213 -3153 80 33 15
1534185707.6101544 620 545 580 662 565 663 4282 -4794 5272 -1918 -2619 53 77 35 18
1534185707.6787305 620 546 581 663 565 663 4276 -4998 4926 -1537 454 -7878 78 34 20
1534185707.7412162 620 546 581 662 565 663 4214 -2794 5420 -225 -2559 2706 79 33 14
1534185707.8204608 621 547 582 663 565 664 4340 -7328 3384 3397 2537 -4704 78 32 16
1534185707.8788204 620 547 582 663 566 664 4042 -2542 5978 641 -197 2536 81 31 15
1534185707.950166 621 547 583 663 565 664 4060 -7096 3466 2640 -461 -4512 75 28 19
1534185708.028292 621 547 583 663 565 664 3746 -3248 5530 -3010 761 2580 79 33 16
1534185708.0964346 621 547 582 664 566 664 4436 -5678 5074 119 -786 3510 78 31 16
1534185708.161067 621 546 581 663 565 664 5942 -4056 4956 7015 230 -2899 78 36 15
1534185708.239081 621 545 581 663 566 664 3040 -2196 4178 5920 9369 2268 78 31 19
1534185708.306627 622 545 581 664 566 664 2390 -4068 5162 -297 -12529 -3301 76 37 21
1534185708.3771825 622 546 581 663 565 664 5178 -3778 4942 4232 -762 -4705 74 37 26
1534185708.4445198 622 546 581 663 566 664 4838 -3570 5312 278 -1928 294 73 27 27
1534185708.50698 622 545 581 663 565 664 4822 -3082 5076 -227 -123 -1419 72 27 27
1534185708.5844622 622 545 581 663 565 663 4964 -3894 4870 -493 1219 1782 72 23 27
1534185708.6455321 622 546 581 663 566 664 4544 -3702 5072 696 149 -337 75 24 24
1534185708.708117 622 546 581 664 566 664 5064 -3382 5008 786 -135 -241 73 24 26
1534185708.786304 622 546 581 663 566 663 4708 -3670 5054 -399 1084 767 72 24 25
1534185708.8527508 622 546 580 663 565 664 4708 -3652 5228 16 648 220 75 25 24
1534185708.9280019 622 546 580 663 566 663 4654 -3798 5198 155 556 107 76 24 23
1534185708.9748673 622 546 581 663 566 664 4678 -3644 5150 33 867 1244 74 28 27
1534185709.0374506 622 546 581 664 566 664 4638 -3722 5192 -35 384 301 74 26 27
1534185709.1162562 622 546 581 663 566 663 4564 -3672 5202 -54 382 780 74 29 26
1534185709.1766956 622 546 581 664 566 663 4546 -3970 5200 -30 547 88 77 28 26
1534185709.2391815 622 546 580 663 566 663 4594 -3832 5178 31 486 350 73 28 25
1534185709.3108556 622 545 581 663 566 663 4522 -3928 5204 -654 613 788 73 27 26
1534185709.37869 621 546 580 663 566 663 4518 -3930 5362 118 480 29 74 29 23
1534185709.4445984 622 546 581 663 566 664 4522 -3884 5342 -1078 1772 1318 75 30 25
1534185709.5071688 622 546 580 663 566 664 4582 -3644 4638 -1882 506 594 76 31 24
1534185709.592156 622 546 580 663 565 663 3670 -4088 4438 -1031 1420 -1017 76 33 23
1534185709.6595662 621 546 580 663 565 663 4230 -4288 5226 -1246 1051 -1428 78 33 21
1534185709.7220695 622 546 580 663 565 663 4636 -5370 4566 55 -553 -1467 79 34 22
1534185709.784536 622 546 580 663 565 664 4538 -3308 5664 0 1070 3823 78 32 19
1534185709.8644702 621 546 581 662 565 664 3496 -4666 4744 -6012 -1856 6725 77 31 20
1534185709.921224 621 546 582 663 566 664 3586 -4104 5376 5635 4291 -5193 78 35 16
1534185709.9993322 622 547 582 663 566 665 4754 -5046 5184 -10041 -7256 12527 77 34 18
1534185710.07744 620 547 583 663 565 664 4078 -5134 4432 9712 3313 -9435 77 38 18
1534185710.1399255 621 547 583 663 565 665 3484 -4352 5364 -4990 -3899 12502 78 35 17
1534185710.2211626 621 547 583 663 566 664 4914 -6482 5294 4527 1462 -9234 75 36 16
1534185710.2934093 621 546 581 663 565 664 5956 -3898 5648 1078 9669 -7049 77 38 16
1534185710.3578737 622 545 581 663 565 664 40 -4382 5760 2746 -881 2996 76 35 18
1534185710.426815 622 545 581 663 565 664 4280 -2792 5360 2210 -9548 -8358 76 41 22
1534185710.4891584 622 545 581 663 566 664 4962 -4048 5116 -888 -100 2130 73 32 24
1534185710.5686855 622 545 581 663 566 664 4076 -3986 5384 1590 -3226 -2507 73 28 24
1534185710.6295028 622 545 581 663 566 663 4634 -3202 5000 1200 -2427 154 75 29 25
1534185710.6919987 621 545 581 663 566 664 4764 -3782 5524 1142 -1149 1 73 25 26
1534185710.7700956 622 545 581 663 566 664 4876 -3288 4904 1200 -519 4031 71 24 24
1534185710.8431888 622 546 581 663 565 664 4374 -3544 4902 1733 -300 285 73 25 28
1534185710.911804 622 545 581 663 566 664 5254 -3170 5134 1409 -890 895 71 26 27
1534185710.974289 622 546 581 663 566 664 4760 -3408 4686 1689 -27 2178 73 28 26
1534185711.036985 622 546 581 663 566 664 4676 -3626 5342 397 488 3101 71 25 26
1534185711.1158402 622 545 580 663 566 664 4210 -4120 4974 1659 -83 -1187 70 26 24
1534185711.1783986 622 545 581 664 566 664 4666 -3328 5210 1123 -1327 -2489 71 31 27
1534185711.2408855 622 545 581 663 566 663 4938 -3262 5242 561 61 -950 70 28 28
1534185711.321052 622 546 581 663 566 663 4824 -3588 5022 -270 -194 251 68 26 27
1534185711.3855138 622 545 580 663 566 663 4914 -3352 5086 585 406 87 71 26 29
1534185711.4424815 622 546 580 663 566 664 4920 -3364 5236 -151 1542 1308 70 27 26
1534185711.5205898 622 545 580 663 566 664 5344 -3932 5638 -490 -330 -799 68 27 29
1534185711.594037 621 545 580 663 566 663 4974 -3498 5606 324 1810 -1428 72 27 27
1534185711.6782098 621 545 580 663 566 663 4414 -3128 5278 -1517 331 4091 67 27 28
1534185711.7252986 621 546 580 663 566 663 4960 -3994 5066 -482 1169 -3012 69 26 28
1534185711.78776 622 546 581 663 566 663 4532 -3538 5302 -1254 760 2180 72 30 23
1534185711.8718638 621 546 581 663 566 664 4700 -4776 5456 1919 4244 -1609 70 29 25
1534185711.926135 621 546 581 663 566 664 4224 -3372 5436 1522 -985 1428 71 32 23
1534185712.00424 622 546 582 663 566 664 4134 -3900 5398 -4263 -3338 5474 73 31 25
1534185712.066726 621 547 582 663 566 664 3782 -3194 4908 -941 1437 2937 71 31 21
1534185712.146422 622 547 583 663 566 665 3850 -4280 5122 -844 734 3259 70 31 22
1534185712.2089062 623 548 583 663 566 665 3992 -4106 5288 -61 1555 -391 72 34 23
1534185712.2870145 622 548 583 663 567 665 4254 -4104 5676 -113 -416 -1334 71 36 20
1534185712.3597891 622 547 582 663 566 664 4586 -5038 5380 802 -5651 -3889 70 35 23
1534185712.428073 622 546 581 663 565 664 5800 -3350 5548 3222 11827 5979 72 32 21
1534185712.4905598 622 546 581 663 566 664 3748 -3718 5844 4619 -8996 -12701 70 35 26
1534185712.5686665 622 545 581 663 566 664 5946 -2334 5386 911 -2252 -2378 70 31 28
1534185712.629738 622 546 581 663 566 664 4494 -3572 5038 -1353 1024 2048 69 21 29
1534185712.707844 622 546 581 663 565 664 5020 -3222 5386 -285 452 1714 69 24 28
1534185712.770329 621 546 581 663 566 664 4654 -3480 5270 -536 734 590 68 28 29
1534185712.8409088 622 546 581 663 566 663 4498 -3360 5036 296 96 200 69 27 26
1534185712.8967083 621 545 581 663 565 664 4914 -3422 5274 -244 920 1530 69 27 28
1534185712.9750175 622 546 581 663 566 664 4622 -3634 5380 -414 858 1332 69 27 28
1534185713.0529244 622 546 581 663 566 664 4470 -3480 5314 -260 574 -130 69 29 28
1534185713.1113842 622 546 581 663 566 664 4592 -3868 5258 -52 -45 713 71 28 28
1534185713.1620898 622 546 581 663 566 663 4420 -3520 5408 73 73 -564 70 30 27
1534185713.240245 622 546 581 663 566 664 4538 -3888 5304 35 131 650 71 30 29
1534185713.3038795 622 546 580 663 566 664 4704 -3636 5298 -6 265 326 71 30 27
1534185713.3724349 622 546 581 663 566 664 4300 -3808 5278 -284 71 277 71 30 27
1534185713.4258964 622 545 581 663 566 663 4602 -3740 5258 88 -50 -221 71 30 27
1534185713.5040014 622 546 581 663 566 664 4438 -3886 5276 -370 758 490 70 28 26
1534185713.5666854 622 546 581 663 566 664 4484 -3768 5238 -317 260 252 72 31 27
1534185713.6379666 621 546 581 663 566 664 4436 -3810 5272 -5 1145 942 73 31 26
1534185713.70868 622 546 581 663 566 663 4384 -3980 5260 -533 1908 1936 71 33 24
1534185713.7712693 621 545 580 663 566 664 4064 -3312 5122 1813 1356 -1567 72 32 25
1534185713.845969 622 545 581 663 566 664 4388 -4196 4902 -1549 467 1345 72 32 25
1534185713.9096253 622 546 581 662 566 663 4002 -3340 5580 -1810 554 -1163 72 30 25
1534185713.9722798 621 546 581 663 566 664 4472 -3734 5500 -3010 -444 2531 73 33 24
1534185714.0502532 621 546 581 663 566 664 4668 -5518 5156 3914 604 -1833 73 35 20
1534185714.1234853 621 546 581 663 566 664 4050 -3738 5386 1079 632 2382 75 33 18
1534185714.1762252 622 547 582 663 566 664 4202 -3668 5590 786 466 2076 70 34 20
1534185714.254337 622 547 582 663 566 665 3574 -3676 5414 -1515 -4350 2602 71 34 22
1534185714.3289454 622 547 583 663 566 665 4476 -4734 4712 726 1361 325 71 33 23
1534185714.4115167 622 547 583 664 566 665 4344 -4166 5218 651 1557 3066 73 35 21
1534185714.4583814 622 547 583 664 567 665 3928 -5408 5400 -1960 -871 897 70 33 23
1534185714.5365207 622 546 581 663 566 664 5962 -3814 5236 9836 7321 -10894 72 38 21
1534185714.6092446 623 546 581 663 566 664 1918 -1510 4480 4536 10996 18584 70 33 26
1534185714.6778376 622 546 581 663 566 664 2712 -3858 5084 3111 -10264 -8714 66 40 28
1534185714.7402217 622 546 581 663 566 664 5548 -2820 5810 159 -5597 -6470 68 40 29
1534185714.8200083 622 546 581 663 566 664 4590 -2822 5216 -1486 342 -2001 67 26 30
1534185714.8790445 622 546 581 664 567 664 4738 -3352 5096 -1645 -4717 -5061 67 24 29
1534185714.9571505 622 545 581 664 567 664 5502 -2520 5536 2082 1527 -2153 68 23 29
1534185715.0196362 622 546 581 664 567 664 5396 -2686 4912 -1566 72 2080 66 19 30
1534185715.102411 622 545 581 664 567 663 5124 -3446 5158 -1248 -488 1926 67 20 30
1534185715.1629586 622 545 581 664 566 664 5262 -2844 5146 846 1089 -550 67 20 28
1534185715.2315621 622 545 581 663 566 663 5094 -3180 5028 -130 752 1770 69 21 27
1534185715.294046 621 545 581 664 566 664 5108 -3078 5092 367 530 729 68 23 28
1534185715.3739834 622 545 581 663 566 664 5012 -3258 5402 -914 1136 2564 68 24 27
1534185715.4278584 622 545 581 664 566 663 4870 -3400 5198 49 792 1316 67 26 29
1534185715.5057023 621 545 581 663 566 664 4742 -3640 5366 -380 468 1655 68 24 27
1534185715.5701756 621 545 581 663 566 664 4642 -3508 5316 72 849 814 70 28 27
1534185715.6297545 621 545 581 664 566 664 4694 -3644 5142 41 430 -13 72 30 27
1534185715.692256 621 545 581 663 566 664 4604 -3482 5358 -131 1147 457 72 30 28
1534185715.7703462 622 545 581 663 566 664 5176 -3400 5386 -1932 -2303 555 72 31 29
1534185715.8467119 622 545 580 663 566 664 4970 -4174 5020 -2242 -656 1812 71 28 24
1534185715.9113235 621 545 580 663 566 664 4092 -3724 4530 316 2447 -5327 71 30 23
1534185715.973809 621 546 581 663 566 664 4478 -3554 5266 862 1531 3042 74 29 25
1534185716.0519152 621 546 581 663 566 664 4186 -3794 4800 -4578 -5383 3260 70 27 25
1534185716.124591 621 546 581 663 565 664 4986 -3916 4642 3146 1008 -2879 73 31 22
1534185716.1919947 621 547 582 663 566 664 4826 -3974 4778 1712 2517 1166 73 29 23
1534185716.2543273 622 547 582 663 566 665 5038 -3274 4652 897 2268 1853 72 29 21
1534185716.3168654 622 547 583 663 566 665 4288 -4366 5146 453 -260 3058 71 31 22
1534185716.3979554 621 547 583 663 566 665 4810 -4084 5016 391 1813 1645 71 34 21
1534185716.4600596 622 547 582 663 566 665 4200 -4758 5454 -368 462 1235 70 34 24
1534185716.5225453 622 546 581 663 566 664 5590 -4394 4682 6356 1600 -11805 72 36 21
1534185716.6079507 622 545 581 663 566 664 1450 -3350 6040 2973 9129 10974 71 32 24
1534185716.6773248 622 545 581 663 565 664 4544 -4092 5064 2220 -6611 -7145 71 36 26
1534185716.7398891 622 545 581 663 566 664 5016 -3238 5168 -720 -697 1034 71 33 28
1534185716.8156784 622 545 581 663 566 664 4798 -3692 5250 1079 -264 -196 67 29 28
1534185716.8840733 622 545 581 663 566 664 4716 -3568 5156 -215 543 439 69 28 27
1534185716.942991 622 545 581 663 566 664 4682 -3554 5162 308 819 366 69 30 29
1534185717.005474 622 545 581 663 566 664 4688 -3642 5326 -44 575 356 68 31 28
1534185717.084839 622 545 581 663 566 663 4448 -3606 5170 -117 539 1105 68 29 27
1534185717.146033 622 545 581 663 566 664 4602 -3866 5360 -282 794 843 70 35 27
1534185717.208518 622 545 581 663 566 664 4356 -3860 5326 395 1566 1468 69 34 28
1534185717.2867458 622 545 581 663 566 663 4394 -3830 5250 282 1073 652 70 33 27
1534185717.3512216 622 545 581 663 566 664 4140 -3810 5546 35 777 885 68 35 26
1534185717.4111567 622 545 581 663 566 664 4266 -3964 5364 84 -25 -34 68 36 28
1534185717.4736433 622 545 581 663 566 664 4310 -3782 5380 -48 83 260 69 34 25
1534185717.5361285 622 545 581 663 566 664 4420 -3986 5342 208 411 353 72 37 29
1534185717.6160407 621 545 581 663 566 664 4158 -3768 5422 -98 -307 -1157 71 35 25
1534185717.6774907 621 545 580 663 566 664 4164 -3876 5306 17 303 366 71 34 27
1534185717.739868 622 545 581 663 566 664 4348 -3832 5442 146 513 38 70 37 27
1534185717.8158076 622 545 581 663 566 664 4022 -4112 5260 -904 664 844 72 36 26
1534185717.8783872 622 545 581 663 566 664 4400 -3982 5298 74 885 865 72 37 25
1534185717.943249 621 545 580 663 566 664 5018 -3540 5896 -90 -854 1018 71 38 24
1534185718.0057256 621 545 580 663 566 664 4658 -4812 5778 -5081 728 4187 70 36 27
1534185718.0851088 622 545 581 663 565 664 4180 -4300 5120 -1043 -1395 -5346 72 38 22
1534185718.1466498 621 546 581 663 566 664 4200 -4060 5072 366 857 2150 73 36 22
1534185718.2250102 621 546 581 663 566 664 4370 -4490 4868 -1580 -4063 1402 71 34 22
1534185718.287241 621 546 582 663 566 664 4176 -3652 4734 5057 -305 -8863 73 36 23
1534185718.3657115 621 547 582 663 566 665 4658 -3210 5640 -2036 117 5744 71 32 25
1534185718.42674 622 547 583 663 566 665 5798 -5680 6182 -4232 -4820 4475 68 32 24
1534185718.5048475 622 547 583 664 566 665 4960 -4234 4870 -1127 3763 3664 71 32 23
1534185718.5673342 622 547 583 664 566 665 4332 -4780 4618 3346 3126 674 72 33 23
1534185718.6452353 622 547 583 663 567 665 4250 -4188 5770 -2809 -1475 3917 69 37 20
1534185718.7077224 622 546 582 663 566 664 5138 -5874 4610 7518 2084 -10212 71 36 23
1534185718.785827 622 545 581 663 566 664 2676 -3608 6690 104 5455 4063 71 33 22
1534185718.8553915 622 545 581 663 566 664 3640 -3844 5368 1009 -5591 -716 69 39 25
1534185718.9125795 621 545 581 663 566 664 5472 -3246 5020 381 -1570 -2151 68 36 28
1534185718.990687 622 545 581 663 566 664 4080 -3862 5420 520 407 -1065 70 31 28
1534185719.053172 622 545 581 663 566 664 4812 -3504 5196 1215 -1536 -161 68 30 29
1534185719.1305864 622 545 581 663 566 664 4786 -3300 5272 -488 792 95 68 31 28
1534185719.193365 622 545 581 663 566 663 4438 -3548 5302 590 -1107 -4 68 32 28
1534185719.2558477 622 546 581 663 566 664 4866 -3268 5210 829 387 -1147 68 27 29
1534185719.3334424 622 545 581 663 566 664 4720 -3592 5464 -419 470 1684 66 29 26
1534185719.3949194 622 546 581 663 566 664 4582 -3184 5336 682 352 -379 68 28 28
1534185719.4574065 622 546 581 663 566 664 4862 -3912 5168 -665 392 958 69 29 29
1534185719.5200436 622 546 581 663 566 664 4238 -3590 5432 334 570 508 70 30 27
1534185719.598528 622 545 581 663 566 664 4790 -3696 5280 253 216 84 70 32 27
1534185719.6605244 622 545 581 663 566 664 4414 -3734 5226 -259 38 221 68 31 27
1534185719.7230349 622 546 581 663 566 664 4512 -3604 5284 -25 293 -236 70 32 28
1534185719.7856123 622 546 581 664 566 664 4656 -3706 5218 -159 293 400 67 31 28
1534185719.8802807 622 546 581 663 566 664 4460 -3672 5350 -130 531 793 69 32 28
1534185719.92731 622 546 581 663 566 664 4494 -3740 5380 134 1078 797 69 32 26
1534185719.9898279 622 546 581 663 566 664 4484 -3798 5388 -432 480 822 69 33 26
1534185720.0522826 622 546 581 663 566 664 4316 -3750 5434 -207 649 207 70 33 29
1534185720.1304023 622 545 581 663 566 664 4496 -3930 5400 547 98 88 70 34 26
1534185720.1933608 622 546 581 663 566 664 4608 -3258 4674 -77 -1070 -592 68 35 26
1534185720.2559774 622 545 581 663 566 664 5048 -4396 5562 -1424 1061 2440 71 33 26
1534185720.3382635 622 545 580 663 566 663 3576 -4026 5010 299 626 -1573 69 34 24
1534185720.3960714 622 546 581 663 566 664 4154 -2966 4736 -1524 57 3065 71 36 24
1534185720.4743884 621 546 582 662 566 664 4086 -5008 4992 -2465 2369 5003 69 36 22
1534185720.5366638 622 546 582 663 566 664 3384 -4954 4720 870 835 -4274 70 39 22
1534185720.6148143 622 547 582 663 566 665 3396 -3824 5034 1734 -1611 1525 71 41 19
1534185720.6771276 622 548 583 663 566 665 3558 -4534 4802 1927 -733 -2615 71 40 22
1534185720.7396135 622 548 583 663 566 666 4398 -4016 5016 1372 1417 925 71 39 22
1534185720.8232331 621 548 583 664 566 665 3866 -4156 5178 -809 -2393 -1347 70 36 23
1534185720.893809 621 548 583 664 567 665 4258 -4404 5322 -2150 1501 3672 70 37 23
1534185720.9583716 622 547 582 663 566 665 4052 -4762 5128 3514 -1736 -4784 70 38 21
1534185721.0208938 622 546 582 663 566 664 5392 -3874 5736 3371 5777 -2026 71 38 20
1534185721.1049745 622 546 581 663 566 665 1260 -3980 5302 2825 -1672 118 70 34 24
1534185721.1616006 621 546 581 663 566 664 4826 -3528 5556 3192 -6547 -2890 69 39 27
1534185721.2397072 622 546 581 663 566 664 5294 -3106 5054 814 1176 -2244 69 35 27
1534185721.3113537 621 546 581 664 566 664 4174 -3594 5554 -705 1460 2248 66 31 27
1534185721.3788626 622 546 581 663 566 664 4540 -3672 5468 360 345 27 66 31 28
1534185721.4431024 622 546 581 663 566 664 4424 -3532 5448 412 133 362 67 30 30
1534185721.5055294 622 546 581 663 566 664 4422 -3596 5430 -113 -573 1508 67 32 29
1534185721.5680478 622 546 581 663 566 664 4390 -3720 5256 461 326 -584 67 32 29
1534185721.644738 622 546 581 663 566 664 4434 -3590 5428 166 346 954 69 30 29
1534185721.707348 621 546 581 663 566 664 4404 -3704 5510 -123 989 430 69 33 29
1534185721.7698839 621 546 581 663 566 664 4096 -3814 5518 413 523 -1 69 35 29
1534185721.8470747 622 546 581 663 566 664 4344 -3660 5430 438 246 -466 69 36 27
1534185721.9129891 622 546 581 663 566 664 4212 -3676 5504 -103 874 506 68 34 28
1534185721.9754853 622 546 581 663 566 664 4126 -3942 5570 267 432 422 68 38 28
1534185722.037961 622 546 581 663 566 664 4412 -3580 5538 613 172 -332 69 35 26
1534185722.1118839 622 546 581 663 566 664 4124 -3850 5580 -29 207 99 69 37 29
1534185722.176629 622 546 581 663 566 664 4220 -3630 5492 225 376 103 69 36 27
1534185722.2388623 621 546 581 663 566 664 4092 -3842 5572 -45 44 316 68 35 27
1534185722.3069515 622 546 581 663 566 664 4166 -3620 5574 65 742 214 68 36 28
1534185722.3734133 621 546 581 663 566 664 4118 -3862 5598 290 444 -63 68 36 26
1534185722.4280968 622 546 581 663 566 664 4178 -3794 5536 279 -34 132 70 37 27
1534185722.5062897 621 546 581 663 566 664 4108 -3852 5542 -190 526 293 70 38 30
1534185722.5686889 621 546 581 663 566 664 4140 -3744 5596 331 425 -306 68 37 29
1534185722.640234 622 546 581 663 566 664 4102 -3970 5670 241 1445 940 68 36 26
1534185722.7089086 622 546 581 663 566 664 2640 -4046 5562 -507 -1556 -2270 68 39 27
1534185722.7713947 622 546 581 663 566 664 3964 -3488 5664 -3 1116 -1181 70 38 28
1534185722.848697 621 546 581 663 566 664 4190 -3886 5826 -100 -896 4164 66 37 26
1534185722.9123282 621 546 581 663 565 664 3920 -2792 6336 565 3079 5065 70 40 27
1534185722.9748144 621 546 581 663 566 664 3250 -3788 5618 -4149 1000 465 64 42 27
1534185723.0529227 622 546 582 663 565 664 3182 -3646 5358 -2271 -1323 1582 67 43 28
1534185723.128913 621 546 583 663 565 665 3736 -3600 5606 -1282 -1346 2841 68 44 24
1534185723.1924133 621 547 583 664 565 666 3466 -3816 5534 246 3946 5831 68 45 25
1534185723.2547278 622 547 583 664 566 665 3318 -5416 5982 2564 1764 -6255 65 45 22
1534185723.3373146 622 546 582 663 566 665 3218 -3882 6306 1033 -2183 -920 66 50 25
1534185723.396362 621 546 581 663 565 665 4176 -5352 5776 7654 -4198 -18162 64 46 25
1534185723.474468 622 545 581 663 566 664 2968 -1256 6344 -1657 1239 10540 66 39 30
1534185723.537112 622 545 581 663 565 664 4474 -3648 5416 -2327 -4785 -605 65 37 32
1534185723.6199553 622 545 581 663 566 664 3898 -3194 5688 334 703 -1307 62 37 31
1534185723.6775186 622 545 581 663 566 664 4254 -3698 5796 -149 691 1048 67 36 28
1534185723.7556326 621 545 581 663 566 664 4086 -3188 5884 -244 1957 762 66 38 29
1534185723.823522 622 545 581 663 566 664 3668 -3758 5820 -56 -327 630 66 38 29
1534185723.8919392 622 545 581 663 566 664 4082 -3364 5910 508 778 220 66 40 32
1534185723.9594958 621 545 581 663 566 664 3920 -3606 5906 73 545 1088 66 40 28
1534185724.0063615 622 545 581 663 566 664 3810 -3500 5926 215 383 -98 67 43 29
1534185724.0863392 622 545 581 662 565 664 3814 -3688 5926 191 476 682 66 42 30
1534185724.1453652 622 545 581 663 566 664 3816 -3498 5964 357 494 -140 69 42 29
1534185724.2078512 621 545 581 663 566 664 3728 -3732 5866 231 525 874 66 40 30
1534185724.2859578 621 546 581 663 566 664 3884 -3518 5834 -170 198 -40 66 40 29
1534185724.3544726 621 546 581 663 566 664 3572 -3638 5966 -407 540 197 65 42 28
1534185724.4121757 621 546 581 663 565 663 3762 -3790 5820 253 8 -170 66 42 28
1534185724.4746602 621 545 581 663 566 664 3656 -3766 5896 393 649 -246 66 43 30
1534185724.537204 621 545 581 663 566 665 3772 -3666 5934 194 -10 265 69 44 29
1534185724.624114 622 545 581 663 566 664 3782 -3596 5846 25 186 -518 66 43 29
1534185724.6776762 621 545 581 663 566 664 3718 -3688 5960 -321 -14 -179 66 42 27
1534185724.7399738 622 545 581 663 566 664 3794 -3828 5868 184 310 -421 65 44 29
1534185724.8156006 621 545 580 663 565 664 3904 -3628 5830 155 388 91 67 43 29
1534185724.8900266 622 545 581 662 565 664 3440 -3492 4468 -1545 -1950 -4773 67 40 28
1534185724.9442956 621 545 581 663 566 664 4752 -4184 7008 817 2817 1715 67 42 27
1534185725.022403 621 546 581 663 565 663 3262 -3946 5708 -5023 -1044 6249 67 42 28
1534185725.1000028 622 546 581 663 566 664 3402 -4808 5366 -2543 1785 3825 67 44 24
1534185725.1618094 621 546 582 663 565 665 2630 -3404 5034 4555 3330 -9037 68 48 23
1534185725.2244961 621 547 582 663 565 665 3522 -4290 6264 3047 698 2090 70 43 24
1534185725.311705 621 546 582 663 565 664 2600 -3042 5528 77 -1929 2684 67 47 24
1534185725.377105 622 547 583 664 565 666 3960 -4614 6114 -4250 -2800 6341 68 46 27
1534185725.442122 622 547 583 663 566 665 4004 -3912 5188 -3906 2629 3280 66 48 25
1534185725.5046067 622 547 582 664 566 665 2148 -4774 5422 705 893 734 68 50 21
1534185725.567091 622 547 583 664 566 665 2910 -4286 5492 577 1397 2904 68 50 19
1534185725.646375 622 547 582 663 566 665 3014 -5528 6178 280 -1670 -3234 66 52 19
1534185725.709007 621 546 581 663 565 664 3440 -3878 5514 5603 251 -8318 68 54 20
1534185725.7871308 621 545 581 663 566 664 390 -3912 3908 5832 2072 -5878 68 46 22
1534185725.8614604 621 545 581 663 566 664 3682 -3226 6058 1693 -6040 -1865 67 45 25
1534185725.9276328 622 545 581 663 566 664 4182 -3598 5744 -88 -848 477 67 44 28
1534185725.9901187 622 545 581 664 566 665 3812 -3732 5740 728 -165 -1276 67 41 27
1534185726.0526035 622 546 581 663 566 664 3978 -3660 5726 450 10 -876 66 39 28
1534185726.128831 622 545 581 663 566 664 3982 -3488 5662 50 502 377 66 40 31
1534185726.1925933 621 545 581 664 566 664 3848 -3666 5818 47 361 268 66 40 27
1534185726.255012 621 545 581 664 566 664 3842 -3666 5688 273 472 189 67 40 28
1534185726.322832 621 545 581 663 566 664 3924 -3648 5886 57 816 338 67 39 28
1534185726.3925576 622 545 581 663 566 664 3778 -3692 5836 -260 643 1001 65 40 30
1534185726.4436595 622 545 581 663 566 664 3912 -3608 5830 76 855 862 68 40 29
1534185726.5217633 621 546 581 663 566 664 3554 -3790 5832 -80 568 510 68 41 29
1534185726.5901558 621 545 581 663 566 664 3596 -3848 5858 269 359 -283 67 44 27
1534185726.661559 621 545 581 663 566 664 3638 -3876 5858 -454 343 1239 66 43 29
1534185726.7240438 621 545 581 663 566 664 3582 -3690 5986 55 833 447 67 45 29
1534185726.7865329 621 545 581 663 566 664 3532 -3906 5960 118 -78 117 67 45 27
1534185726.8562193 621 546 581 663 566 664 3606 -3832 5854 218 328 118 65 44 26
1534185726.9230359 621 545 581 663 566 664 3496 -3966 5964 -232 458 408 67 45 30
1534185726.9863002 621 546 581 663 566 664 3496 -3970 5854 449 -7 -437 68 48 27
1534185727.0487869 621 545 581 663 566 664 3524 -3908 5920 -60 416 42 66 45 26
1534185727.112602 622 546 581 663 566 664 3526 -3922 5880 151 -11 71 68 46 27
1534185727.1750882 622 546 581 663 566 664 3406 -3892 5826 47 467 -193 67 45 26
1534185727.2531931 621 546 581 663 566 664 3438 -3454 5522 -171 1598 951 67 46 28
1534185727.3277655 621 545 581 663 566 663 3262 -3044 6030 -2168 -1116 1293 67 46 27
1534185727.3945882 621 546 581 663 565 664 4314 -4862 5162 -1214 -487 -1267 66 47 26
1534185727.4585166 622 546 581 663 566 664 4036 -3860 6198 5106 2431 -8912 69 48 26
1534185727.536623 621 546 582 663 566 665 3658 -2452 6324 -8036 -7896 9082 67 42 28
1534185727.6071737 622 546 582 663 566 665 4034 -4584 4894 629 -2934 -2777 69 41 28
1534185727.660723 621 547 582 664 566 665 3582 -4174 5276 -1462 47 2004 70 38 25
1534185727.7388904 621 547 582 664 566 665 4534 -4420 5318 764 3279 3909 71 38 24
1534185727.8013155 622 547 583 664 566 665 3022 -3978 4972 1755 437 732 69 41 23
1534185727.8778641 622 547 583 664 566 665 4118 -5300 5526 -1953 65 2811 72 45 22
1534185727.939878 622 547 583 664 566 666 3554 -4784 5246 4661 -56 -6448 70 44 19
1534185728.017891 622 546 582 663 566 665 5298 -3886 5762 -1502 720 189 70 41 23
1534185728.0855393 622 546 581 663 566 664 2060 -4866 4408 7716 3621 -7045 69 40 23
1534185728.1451554 622 546 581 663 566 665 2560 -3114 5974 255 -9480 -2724 72 41 24
1534185728.2234042 622 546 581 664 566 664 4144 -3614 5316 -316 -986 -1185 67 45 29
1534185728.2859337 622 546 581 663 566 665 4096 -3928 5694 -732 280 640 69 40 30
1534185728.358991 622 545 581 664 566 664 3910 -3760 5628 652 843 634 67 40 26
1534185728.4259503 621 546 581 664 566 664 3978 -3756 5690 414 1367 1087 68 40 28
1534185728.4883254 622 546 581 664 566 664 3722 -3854 5878 -683 1150 1110 67 41 29
1534185728.5510128 622 546 581 664 566 664 3634 -4042 5682 34 540 930 67 42 27
1534185728.6283374 622 545 581 664 566 664 3646 -3890 5656 104 300 -397 66 43 28
1534185728.6921535 622 546 581 664 566 664 3598 -4010 5704 -256 505 837 67 43 28
1534185728.7547314 622 546 581 663 566 664 3728 -3952 5762 -325 543 575 68 44 27
1534185728.827317 622 546 581 664 566 664 3540 -4092 5726 85 767 876 68 42 28
1534185728.8941405 621 546 581 664 566 664 3498 -4112 5702 356 409 -234 69 45 25
1534185728.9586992 621 545 581 663 566 664 3630 -4108 5744 256 198 754 68 44 27
1534185729.021369 621 545 581 664 566 664 3518 -3996 5842 -328 657 610 68 45 27
1534185729.0945733 621 545 581 664 566 664 3372 -4180 5804 -222 395 333 68 46 26
1534185729.1610432 621 545 581 664 566 664 3660 -3988 5736 -141 563 1334 68 46 27
1534185729.22335 621 545 581 663 566 664 3312 -4394 5698 -41 872 706 69 45 26
1534185729.285833 622 545 581 663 566 664 3356 -4156 5854 43 239 372 69 49 24
1534185729.3745942 621 545 581 663 566 664 3136 -4202 5864 -534 1136 255 70 47 23
1534185729.4279003 622 545 581 663 566 664 3492 -4608 5590 -150 413 1218 69 49 25
1534185729.4903915 621 545 581 663 566 664 3122 -4306 5882 614 378 -301 68 49 23
1534185729.552872 621 545 581 663 566 664 3190 -4308 5694 829 520 896 68 48 24
1534185729.6298048 621 545 581 663 566 664 2974 -4326 5950 -236 147 200 69 48 24
1534185729.692291 621 545 581 663 565 664 3082 -4234 5702 -220 407 457 66 50 25
1534185729.7662835 621 545 581 663 565 664 3020 -4474 5710 -1385 1315 991 66 49 23
1534185729.8338044 621 545 581 663 566 664 2794 -4742 5802 -1135 181 622 69 52 23
1534185729.8944998 621 545 581 663 566 664 2846 -4560 5752 768 522 340 68 52 21
1534185729.9673514 621 545 581 663 566 664 2840 -4508 5582 100 564 1203 67 53 21
1534185730.0372233 621 545 581 663 566 664 2982 -4842 5628 92 379 594 69 53 22
1534185730.0961995 621 545 581 663 566 664 2936 -4704 5756 403 260 377 69 53 21
1534185730.1651764 621 545 580 663 565 664 2718 -4700 5618 790 -44 -107 68 55 22
1534185730.2172818 621 545 581 663 566 664 2848 -4594 5920 850 101 105 68 52 22
1534185730.288711 621 545 581 663 566 664 2896 -4530 5762 275 -206 -9 67 52 22
1534185730.3625016 621 545 581 663 566 664 2908 -4502 5726 354 -8 -226 68 53 22
1534185730.4249892 621 545 581 663 566 664 2890 -4580 5768 -182 53 -20 68 53 24
