1533766825.9499526 671 692 693 675 742 660 1644 2190 7804 192 673 378 -48 133 -19
1533766826.0181527 670 691 693 675 742 660 1688 2412 7688 561 564 417 -48 133 -19
1533766826.0753677 669 691 692 675 742 659 1560 2070 7700 -303 -110 -256 -50 131 -18
1533766826.1532981 671 692 693 676 743 660 1396 2318 7792 259 -162 -306 -50 134 -19
1533766826.215782 670 691 693 676 742 660 1714 2204 7778 -200 -30 -190 -47 133 -20
1533766826.2996895 670 691 693 675 742 660 1648 2232 7754 242 -211 -468 -47 133 -19
1533766826.3619847 670 691 693 675 742 660 1628 2358 7708 -185 -235 -313 -49 131 -20
1533766826.4402523 669 691 693 675 741 659 1886 2206 7720 339 -288 -244 -47 133 -19
1533766826.5027833 669 691 693 675 741 659 1908 2208 7734 -552 162 -426 -50 133 -18
1533766826.5650606 670 691 693 675 742 660 1756 2256 7718 -1 119 -91 -45 133 -17
1533766826.6744106 670 691 693 675 741 660 1736 2132 7770 -413 153 -145 -46 134 -19
1533766826.777902 669 691 693 675 742 660 1792 2058 7842 190 503 -7 -45 134 -14
1533766826.8242075 670 690 692 675 741 660 1578 2024 7882 167 308 84 -48 134 -18
1533766826.8710694 670 691 693 675 742 660 1698 2040 7818 64 196 60 -46 134 -16
1533766826.9023125 669 690 692 675 741 659 1730 2112 7816 295 138 64 -46 135 -16
1533766826.9824693 670 691 693 675 741 660 1694 2064 7828 47 713 189 -44 134 -16
1533766827.0397868 670 691 692 675 741 660 1712 2030 7798 -534 1450 326 -47 133 -18
1533766827.1234472 670 692 693 675 742 660 1516 2084 7870 -1003 3005 758 -46 136 -16
1533766827.1940498 670 692 693 675 742 660 1314 1804 7952 -1365 2737 1311 -45 138 -18
1533766827.2672935 671 692 693 675 743 660 1110 1736 7962 -473 1768 579 -44 137 -18
1533766827.3399305 670 691 693 675 742 660 1008 1766 8028 -1061 3528 1286 -45 139 -19
1533766827.408065 669 690 692 675 742 659 718 1540 8042 -664 2442 896 -46 142 -18
1533766827.4723408 670 691 693 675 742 660 532 1468 8150 -1231 3494 1022 -44 143 -17
1533766827.5348256 670 692 693 675 742 660 208 1288 8184 63 2300 1245 -43 144 -19
1533766827.6129332 670 691 693 675 742 660 110 1228 8172 -728 3856 1892 -42 145 -17
1533766827.675451 669 691 692 675 742 660 -146 1250 8138 -96 1947 903 -43 146 -20
1533766827.7560296 669 691 693 675 742 659 -370 1162 8260 -182 1627 602 -45 146 -20
1533766827.8211613 670 692 693 675 742 660 -460 1298 8086 27 -36 -602 -45 146 -20
1533766827.8836448 670 692 693 675 742 660 -208 1216 8170 -63 -760 -680 -44 148 -19
1533766827.961978 670 691 693 675 742 660 -138 988 8370 -785 1116 1301 -45 148 -18
1533766828.0406947 669 691 692 675 742 659 -274 1164 8116 150 348 -164 -44 148 -18
1533766828.0896697 670 692 693 675 742 660 -260 1312 8102 -8 187 166 -42 149 -18
1533766828.167775 672 691 693 675 741 660 -426 1178 8148 331 -624 -782 -43 148 -19
1533766828.230455 674 692 693 675 742 659 -244 1114 8220 326 -240 -283 -44 148 -18
1533766828.3052425 675 691 693 675 742 659 -224 1186 8122 435 -1208 -703 -46 148 -17
1533766828.377049 676 692 693 675 742 660 -26 1168 8280 315 118 87 -43 148 -20
1533766828.4395328 677 691 692 675 742 660 -158 1124 8170 64 200 177 -43 148 -15
1533766828.5020196 678 691 693 675 742 660 -88 1304 8118 526 -125 142 -43 148 -18
1533766828.5801263 678 691 693 675 742 660 -116 1178 8164 -151 157 -168 -44 148 -19
1533766828.6426117 679 691 693 675 742 660 -124 1198 8206 147 -233 -392 -41 148 -17
1533766828.720718 679 691 693 675 742 659 -204 1114 8216 777 -1108 -556 -44 149 -16
1533766828.7904973 679 690 692 675 742 659 -36 1238 8062 97 -858 -726 -42 149 -19
1533766828.8529837 680 691 693 675 741 660 94 1180 8176 323 -1110 -1008 -41 147 -17
1533766828.931094 680 691 693 675 742 660 54 1356 8018 512 -279 -410 -46 147 -17
1533766828.9935756 681 691 693 675 742 660 390 1090 8328 1 -687 -267 -41 148 -13
1533766829.0549126 681 691 693 675 742 660 332 1254 8188 266 582 93 -44 148 -14
1533766829.1172166 681 691 693 675 741 659 250 1232 8242 8 750 91 -40 148 -18
1533766829.1953354 682 691 693 675 742 660 40 1198 8204 -103 863 85 -41 149 -16
1533766829.2609138 682 691 693 675 742 660 -36 1182 8192 273 632 49 -41 149 -18
1533766829.322163 682 691 693 675 742 660 52 1218 8216 146 62 -264 -40 148 -17
1533766829.393467 682 691 693 675 742 660 24 1216 8230 377 49 -258 -42 149 -17
1533766829.4560013 682 691 692 675 742 660 30 1136 8140 46 145 -290 -42 148 -18
1533766829.5184367 682 691 693 675 742 659 -24 1146 8200 234 36 -363 -40 149 -15
1533766829.581057 683 691 692 675 742 660 -92 1158 8232 64 110 51 -43 150 -16
1533766829.643504 683 691 693 675 742 660 2 1234 8124 389 179 25 -41 148 -17
1533766829.7059107 683 691 693 675 742 660 44 1182 8226 115 -9 -106 -41 149 -15
1533766829.7738442 683 691 693 675 742 660 -8 1236 8160 129 250 -54 -39 151 -15
1533766829.8530693 683 690 692 675 742 659 38 1142 8246 -161 22 -423 -39 148 -16
1533766829.9153235 684 691 692 675 742 660 -86 1128 8220 77 262 93 -39 150 -17
1533766829.9778106 684 691 693 675 742 660 6 1114 8210 79 333 15 -40 148 -17
1533766830.059222 683 691 693 675 742 660 38 1104 8198 33 256 -73 -40 150 -16
1533766830.1060874 684 691 693 675 742 660 -72 1078 8158 -290 162 -207 -39 150 -15
1533766830.16832 683 690 693 674 742 659 -56 1030 8244 210 365 63 -42 151 -15
1533766830.2364016 684 691 693 675 742 660 -34 1148 8148 163 287 36 -38 149 -16
1533766830.305847 684 691 693 675 742 660 -88 1070 8184 184 229 147 -38 150 -16
1533766830.3760004 684 691 693 675 742 660 -96 1070 8172 183 190 -52 -38 148 -16
1533766830.4384878 684 691 692 675 741 660 -74 1068 8188 33 280 100 -42 150 -16
1533766830.5011814 684 690 693 675 741 660 -66 1048 8172 209 112 -17 -39 151 -15
1533766830.5790784 684 691 693 675 741 659 -128 1098 8186 91 124 18 -40 151 -16
1533766830.6417935 684 691 693 675 742 660 -102 1114 8160 229 286 81 -39 150 -16
1533766830.7199314 684 691 693 674 742 659 -144 1022 8212 193 35 -74 -40 151 -16
1533766830.7742856 684 690 692 674 742 659 -32 1014 8284 116 334 92 -37 151 -17
1533766830.837552 684 691 692 675 742 660 -142 1092 8200 127 302 106 -39 152 -15
1533766830.9156585 685 691 692 675 741 660 -68 1094 8160 172 137 -137 -40 151 -17
1533766830.9781425 685 691 693 675 742 660 -96 1050 8190 208 19 -108 -40 153 -15
1533766831.0379 684 690 693 675 742 659 -150 1024 8114 150 248 79 -40 152 -17
1533766831.1160064 684 690 692 674 741 659 -72 1100 8186 209 139 -131 -41 151 -16
1533766831.1836793 685 691 693 675 742 660 -100 1010 8212 43 184 25 -42 153 -14
1533766831.2532225 685 691 692 675 742 660 -142 1000 8172 144 222 -44 -40 151 -16
1533766831.3066015 685 691 692 675 742 660 -208 1052 8196 82 3 -662 -41 150 -16
1533766831.3936124 686 691 693 675 741 660 -204 1022 8158 125 351 108 -38 150 -16
1533766831.440289 685 691 692 675 742 659 -66 1078 8112 78 109 -131 -38 151 -14
1533766831.5185914 686 691 693 675 742 660 -26 970 8310 -81 -521 -424 -40 151 -15
1533766831.5808802 686 691 693 675 742 660 -158 928 8182 -121 6 97 -40 150 -16
1533766831.6435905 686 691 693 675 742 660 -62 962 8254 -114 140 324 -39 153 -17
1533766831.7217062 686 691 693 675 742 660 -88 1008 8180 -68 -590 49 -38 153 -15
1533766831.7856264 681 691 692 675 742 659 -12 934 8164 6 171 298 -39 152 -15
1533766831.8376613 684 691 692 675 742 659 116 864 8384 521 334 1066 -40 150 -15
1533766831.9159167 685 692 692 675 743 660 -90 1072 8002 281 -113 342 -39 150 -14
1533766831.9781923 687 693 692 676 744 661 192 924 8110 151 428 89 -40 151 -13
1533766832.0542533 686 693 691 675 743 660 -126 1004 8274 395 -227 -384 -38 151 -14
1533766832.1167383 685 692 691 674 742 660 246 1008 8224 -1099 -39 -98 -40 150 -13
1533766832.1792247 687 693 690 675 743 660 118 828 8310 196 -103 -619 -39 151 -14
1533766832.261346 686 695 690 674 745 659 94 1022 8154 -183 178 -217 -39 148 -11
1533766832.321566 688 694 689 675 745 659 56 824 8186 252 -635 -244 -37 149 -13
1533766832.3934226 688 694 689 675 745 658 32 826 8146 562 -84 -521 -39 150 -14
1533766832.4560657 688 693 688 675 745 659 284 918 8214 -376 -252 -549 -38 151 -14
1533766832.5183945 687 693 688 675 744 659 112 552 8434 281 298 -73 -37 148 -15
1533766832.5808783 687 692 688 675 744 659 290 964 8072 73 912 -153 -35 150 -11
1533766832.659018 687 692 688 675 744 659 170 596 8462 920 -847 -1640 -36 150 -14
1533766832.7370915 688 692 689 675 744 659 150 982 8302 18 531 145 -35 149 -13
1533766832.7907975 687 692 689 675 743 659 24 892 8320 876 1073 218 -35 150 -14
1533766832.853285 686 691 689 675 743 659 -26 1070 8066 61 422 302 -36 150 -13
1533766832.91577 686 691 689 675 743 659 140 820 8234 168 -344 -177 -37 151 -12
1533766832.9941256 685 691 690 675 743 659 174 902 8106 229 155 -212 -37 152 -13
1533766833.0568168 686 691 690 675 743 659 48 850 8272 171 276 63 -37 150 -13
1533766833.1193042 686 691 690 674 743 659 104 910 8192 201 101 19 -36 150 -11
1533766833.1817913 686 691 690 674 742 659 82 844 8246 83 144 108 -39 152 -13
1533766833.2526183 686 690 690 674 743 658 24 850 8164 196 468 66 -36 155 -14
1533766833.3198602 686 690 690 674 742 658 142 886 8316 109 18 131 -37 151 -12
1533766833.3922143 686 691 690 675 743 659 -12 888 8180 342 149 149 -37 152 -14
1533766833.4393368 686 690 690 674 742 658 60 896 8192 303 111 -150 -36 151 -14
1533766833.5015638 686 691 691 675 743 658 104 902 8210 268 282 86 -37 150 -13
1533766833.564301 686 691 690 674 742 659 10 820 8170 149 -34 7 -37 151 -13
1533766833.642413 686 691 690 675 742 658 102 836 8238 209 207 31 -37 149 -12
1533766833.7048402 686 691 691 675 743 659 48 944 8186 159 232 83 -36 153 -16
1533766833.7719986 686 691 690 675 743 659 112 930 8216 162 23 -103 -38 151 -14
1533766833.8220847 687 690 690 675 742 659 48 912 8156 120 160 20 -35 149 -12
1533766833.9002962 686 691 691 675 742 659 -38 896 8278 38 226 59 -35 151 -14
1533766833.962678 686 691 691 675 742 659 82 870 8206 152 395 187 -37 150 -13
1533766834.0391252 686 690 691 675 742 659 -10 816 8150 -130 485 298 -35 151 -12
1533766834.0922644 687 691 691 675 742 659 12 872 8232 97 419 89 -35 152 -13
1533766834.1547403 686 690 691 675 743 658 -22 916 8192 -28 487 272 -35 152 -12
1533766834.2169962 686 690 691 674 742 658 64 854 8314 92 300 18 -36 152 -15
1533766834.289001 686 690 690 674 742 658 -68 812 8192 38 351 166 -36 150 -13
1533766834.3528068 686 690 691 675 742 658 -88 782 8192 -205 98 -118 -36 150 -14
1533766834.4090445 686 690 691 674 742 658 -4 796 8230 10 280 277 -36 152 -15
1533766834.471484 686 690 691 674 742 658 -60 860 8152 112 321 75 -38 153 -12
1533766834.5494485 686 690 691 674 742 658 -76 886 8208 -92 476 389 -37 152 -14
1533766834.6121402 686 690 691 674 741 658 -98 770 8224 -29 220 130 -36 150 -15
1533766834.6901672 686 690 691 674 742 659 -94 750 8302 131 467 210 -37 152 -13
1533766834.7371173 686 690 691 674 741 658 -166 746 8150 105 176 -86 -36 151 -14
1533766834.807016 686 690 691 674 741 658 -66 776 8220 119 374 291 -34 154 -14
1533766834.8695014 685 690 691 674 741 658 -134 724 8148 131 420 105 -36 151 -14
1533766834.947607 686 690 691 674 741 658 -206 722 8226 117 438 398 -36 155 -14
1533766835.018649 686 690 691 674 742 658 -76 810 8312 -190 543 -120 -36 151 -14
1533766835.070212 686 690 691 674 742 658 -228 680 8198 -4 560 371 -37 154 -14
1533766835.1485739 686 690 691 674 742 658 -258 592 8214 26 945 972 -36 152 -15
1533766835.2109792 687 690 691 674 741 659 -284 738 8240 198 740 326 -36 154 -17
1533766835.283653 686 690 691 674 742 658 -252 664 8210 148 395 60 -35 155 -15
1533766835.353169 686 690 691 674 741 659 -406 720 8220 170 109 -4 -37 152 -13
1533766835.4080088 686 690 691 674 741 658 -310 684 8222 87 87 21 -38 154 -13
1533766835.4705393 686 690 691 674 742 659 -310 636 8274 145 -91 -177 -34 154 -17
1533766835.5329714 687 690 691 674 742 659 -254 636 8232 115 280 96 -36 153 -16
1533766835.6110775 687 690 691 674 742 658 -324 718 8186 117 165 37 -35 151 -16
1533766835.6735628 686 690 691 674 742 659 -200 582 8312 -108 -58 -128 -37 153 -14
1533766835.7360487 686 690 691 674 742 659 -264 594 8208 125 48 128 -35 153 -16
1533766835.8068025 686 690 691 674 742 659 -314 664 8240 70 46 1 -37 154 -15
1533766835.8695564 686 689 691 674 742 658 -252 650 8332 61 315 447 -36 152 -15
1533766835.9317732 686 690 690 674 742 659 -392 640 8198 133 413 161 -35 153 -14
1533766836.0194783 686 690 690 674 742 658 -462 460 8288 415 876 247 -35 156 -16
1533766836.0705743 690 694 690 676 745 659 -482 778 8144 -40 922 672 -35 155 -16
1533766836.1332707 689 693 690 675 744 660 -478 488 8228 -680 607 -184 -34 155 -16
1533766836.2113872 689 693 689 675 745 659 -528 618 8198 357 502 11 -37 152 -15
1533766836.2797883 691 696 689 675 747 660 -530 616 8208 -219 508 32 -35 156 -15
1533766836.3369412 691 696 688 675 747 660 -474 566 8258 -26 414 299 -35 155 -15
1533766836.4077618 692 696 688 676 747 660 -556 462 8288 -336 55 -118 -36 155 -14
1533766836.4704564 691 694 687 675 746 659 -476 490 8226 181 -295 -221 -35 154 -13
1533766836.5483527 691 694 687 676 746 659 -496 460 8340 92 182 -89 -34 157 -15
1533766836.611098 690 693 687 675 746 659 -468 500 8292 197 -62 64 -34 154 -15
1533766836.688974 691 694 687 676 747 659 -476 450 8198 -116 196 132 -35 157 -17
1533766836.7531703 691 694 687 676 746 659 -530 460 8162 337 -105 -378 -35 155 -13
1533766836.8049576 691 693 687 676 746 659 -414 442 8292 197 46 -95 -35 154 -15
1533766836.8828683 690 693 687 675 745 659 -552 282 8086 -541 -514 785 -34 156 -15
1533766836.9453578 689 692 687 675 744 659 -446 698 8314 114 -541 -350 -34 154 -14
1533766837.0259366 689 692 688 675 744 659 -420 310 8296 496 -427 -75 -33 153 -13
1533766837.0853634 688 691 689 675 744 659 -114 490 8240 625 -555 -570 -34 154 -14
1533766837.1512954 688 691 689 675 744 658 -66 470 8302 374 471 23 -34 153 -13
1533766837.2135453 688 691 688 675 743 659 -246 476 8228 261 257 -305 -33 154 -14
1533766837.2947857 688 691 689 675 743 659 -364 428 8294 360 410 -82 -34 153 -12
1533766837.3761334 689 692 689 675 744 659 -270 450 8192 220 0 -202 -33 154 -14
1533766837.423013 690 692 689 675 744 660 -296 504 8224 316 41 9 -36 153 -13
1533766837.4856243 689 692 689 675 744 659 -260 468 8246 329 -68 -332 -34 154 -13
1533766837.5480223 689 692 689 675 744 660 -194 500 8216 279 -77 -1 -35 155 -14
1533766837.6263154 689 692 689 675 744 660 -268 506 8258 417 190 -187 -35 153 -13
1533766837.6885478 688 691 690 675 744 659 -248 552 8214 270 330 -14 -34 152 -16
1533766837.7617285 689 692 689 675 743 659 -206 508 8266 278 95 -164 -34 155 -13
1533766837.8220987 688 691 689 675 743 659 -286 424 8170 103 -102 -235 -33 153 -12
1533766837.8846548 688 692 689 675 744 659 -306 490 8206 232 -89 -38 -36 153 -13
1533766837.9625368 687 691 689 674 743 658 -212 610 8230 269 310 -22 -35 154 -14
1533766838.0386164 687 690 689 675 743 659 -260 480 8252 310 210 -50 -34 154 -14
1533766838.090715 688 691 689 675 743 659 -216 514 8218 189 126 -70 -35 154 -13
1533766838.1531994 688 690 689 675 743 659 -188 506 8200 126 181 -10 -33 152 -13
1533766838.2315323 688 691 689 675 743 659 -296 546 8178 121 215 -14 -32 152 -13
1533766838.2899895 688 691 690 675 743 659 -314 552 8298 59 366 130 -36 155 -13
1533766838.3602986 688 690 690 675 743 659 -194 430 8260 -98 -48 -15 -33 153 -13
1533766838.4227848 688 691 689 675 743 659 -304 520 8230 267 168 -88 -34 153 -14
1533766838.4852695 687 690 690 675 742 658 -262 614 8232 305 33 -208 -37 155 -13
1533766838.5633764 688 691 689 675 743 659 -222 526 8248 284 -5 6 -34 155 -11
1533766838.6258914 688 690 690 675 743 659 -242 472 8276 231 123 22 -34 153 -13
1533766838.7039707 688 691 690 675 743 659 -244 528 8188 23 153 -47 -35 154 -16
1533766838.7629545 688 691 689 675 743 659 -256 544 8230 202 159 -13 -34 155 -14
1533766838.8220088 688 690 690 675 743 659 -272 550 8266 235 149 -20 -35 156 -13
1533766838.8846009 688 691 690 675 743 660 -254 456 8264 227 27 -128 -32 154 -12
1533766838.9625995 688 690 690 675 743 659 -220 534 8230 229 153 -78 -32 152 -13
1533766839.0293725 688 691 690 675 743 659 -248 528 8248 50 80 -59 -34 153 -14
1533766839.086513 688 690 690 675 743 659 -282 508 8282 229 119 1 -35 154 -14
1533766839.1492124 688 690 690 675 743 660 -272 498 8240 184 -27 -51 -33 154 -13
1533766839.2115192 687 690 690 675 743 659 -194 534 8188 174 1 -84 -33 155 -14
1533766839.2893324 688 691 690 675 743 660 -290 480 8244 227 114 -13 -32 153 -15
1533766839.3608701 687 690 690 675 742 659 -198 522 8252 167 37 -115 -34 154 -13
1533766839.4233546 688 690 690 675 742 659 -242 478 8254 193 113 -31 -35 154 -14
1533766839.485839 687 690 690 675 742 659 -198 508 8270 169 -32 20 -33 152 -14
1533766839.5483272 687 690 690 674 742 659 -178 494 8246 158 50 5 -32 154 -11
1533766839.6108587 687 690 690 674 742 659 -214 500 8204 163 266 -48 -35 155 -14
1533766839.688916 687 690 690 674 742 659 -240 488 8302 174 465 138 -32 154 -12
1533766839.7562015 687 690 690 674 742 659 -272 486 8272 -7 348 54 -34 153 -13
1533766839.8227768 687 690 690 674 742 659 -186 414 8290 173 654 323 -35 154 -14
1533766839.8851366 687 689 689 675 742 658 -220 544 8188 -55 263 -13 -33 156 -14
1533766839.9476242 688 690 689 675 742 659 -390 432 8252 16 434 438 -35 155 -11
1533766840.0297642 688 690 689 675 742 659 -232 432 8310 -154 556 575 -34 154 -12
1533766840.0861154 687 690 689 674 742 659 -420 408 8164 -62 -246 -311 -33 154 -14
1533766840.1509998 687 690 689 675 742 658 -328 510 8128 214 657 12 -33 154 -13
1533766840.2135353 688 690 688 675 742 659 -384 420 8120 526 222 -196 -32 155 -12
1533766840.2897334 688 690 688 675 743 659 -416 418 8152 153 -63 -244 -34 153 -13
1533766840.3605416 688 690 687 674 743 659 -378 552 8056 -113 -77 -225 -33 156 -14
1533766840.4230971 689 691 687 675 744 659 -436 158 8256 -11 -613 -686 -32 157 -12
1533766840.4855123 691 693 687 676 746 659 -48 426 8180 66 12 -109 -32 155 -15
1533766840.563619 691 693 686 676 745 659 -188 392 8162 131 -858 -456 -31 158 -12
1533766840.6262155 691 694 686 676 746 659 -272 322 8298 -89 -80 -345 -33 154 -12
1533766840.7042124 691 693 685 676 747 658 -4 368 8304 608 32 -313 -30 153 -9
1533766840.7676964 689 693 684 675 746 659 -160 346 8290 444 -60 -343 -31 153 -12
1533766840.8234332 687 690 683 674 746 654 -148 280 8286 -360 -119 -158 -33 153 -13
1533766840.9015498 688 690 683 674 746 655 -126 334 8288 521 170 -302 -32 154 -12
1533766840.9642117 689 691 683 675 746 657 -14 316 8298 90 518 -71 -31 156 -14
1533766841.03781 689 691 683 675 745 657 -64 434 8440 477 937 -535 -30 152 -13
1533766841.1002965 687 689 685 674 744 656 -460 324 8142 928 -712 -1989 -31 154 -14
1533766841.162782 687 690 685 675 745 656 -300 436 8140 1 -587 384 -30 157 -11
1533766841.225455 687 688 686 674 744 656 66 572 8182 455 -439 34 -30 154 -14
1533766841.3059638 681 689 685 674 743 656 254 488 8248 205 -249 -89 -30 155 -13
1533766841.3766546 676 688 686 674 743 656 68 424 8272 183 473 -65 -32 153 -12
1533766841.4234464 679 688 686 674 743 656 -84 368 8240 55 131 -130 -29 154 -12
1533766841.5017264 676 687 686 674 743 656 -26 446 8180 347 -146 -48 -30 154 -12
1533766841.5641208 673 687 686 674 742 656 14 502 8234 421 127 216 -31 154 -12
1533766841.6264417 676 687 686 674 742 656 10 438 8290 204 61 17 -30 154 -9
1533766841.689183 679 687 686 674 742 656 -6 474 8280 268 308 210 -31 155 -11
1533766841.7610826 679 688 687 674 743 656 -68 528 8234 180 385 39 -30 155 -12
1533766841.8078604 681 688 686 674 743 656 6 438 8230 235 92 57 -33 155 -12
1533766841.8859696 680 689 687 675 744 657 -46 474 8218 109 31 -57 -30 153 -12
1533766841.948577 679 689 687 675 744 657 -42 506 8236 282 257 34 -31 155 -13
1533766842.0258048 677 689 687 675 743 656 8 456 8224 224 -280 -129 -30 154 -13
1533766842.0730977 670 689 687 675 744 656 -22 494 8210 240 384 75 -31 154 -11
1533766842.135724 672 689 687 675 744 656 -36 434 8290 346 110 263 -34 153 -11
1533766842.21369 674 689 687 674 743 657 -4 448 8240 174 22 -159 -32 152 -11
1533766842.2733414 676 689 687 674 743 657 40 514 8242 229 241 70 -31 153 -9
1533766842.3358634 676 688 687 674 743 657 10 500 8214 157 176 -14 -32 154 -12
1533766842.3922584 676 689 687 674 743 657 -80 464 8238 275 62 -39 -32 155 -11
1533766842.4701087 678 690 687 675 744 658 -8 470 8292 247 79 -67 -30 155 -10
1533766842.5327382 679 690 687 675 744 658 -4 518 8236 186 180 2 -33 153 -12
1533766842.5953426 680 690 687 675 744 659 0 492 8266 153 248 45 -31 154 -13
1533766842.673184 681 691 688 675 744 658 -28 444 8216 203 34 -61 -33 153 -13
1533766842.7200494 680 690 687 675 743 658 0 484 8192 135 212 64 -31 154 -11
1533766842.7888021 680 688 687 674 743 657 -56 480 8262 328 103 7 -31 153 -11
1533766842.8370664 680 688 687 674 742 658 -30 462 8268 170 71 7 -33 155 -12
1533766842.9153595 680 689 687 675 743 658 -8 504 8198 237 132 -40 -29 154 -9
1533766842.9778802 681 689 688 675 743 658 -66 560 8226 206 453 165 -30 155 -11
1533766843.0383568 681 689 688 675 743 658 -16 482 8222 194 238 -22 -32 155 -10
1533766843.1008434 681 690 688 675 743 658 -78 466 8188 137 -14 -64 -32 154 -14
1533766843.1667023 682 690 688 675 743 658 -80 514 8226 188 312 70 -32 155 -12
1533766843.2293522 683 691 688 675 744 659 44 480 8260 349 280 57 -30 154 -11
1533766843.3053746 684 691 688 675 744 659 -112 442 8232 113 -72 -56 -31 154 -11
1533766843.3616445 683 690 688 675 743 658 -40 550 8268 323 204 32 -31 155 -12
1533766843.42833 683 690 688 675 744 658 10 496 8272 172 142 -31 -30 154 -10
1533766843.4908164 683 690 688 675 744 658 -46 448 8276 269 112 -37 -31 152 -12
1533766843.5690706 683 690 688 675 744 657 -144 520 8194 241 265 -21 -31 153 -11
1533766843.631498 683 690 688 675 743 658 20 494 8300 178 239 37 -32 155 -11
1533766843.6938927 685 691 688 675 744 659 -50 524 8258 117 117 35 -33 152 -11
1533766843.7671247 684 691 688 675 744 658 -134 464 8218 176 219 -49 -31 155 -12
1533766843.8216932 683 690 688 675 743 658 -46 436 8248 112 159 47 -30 154 -11
1533766843.8997986 682 689 688 674 742 658 -88 512 8244 211 -49 -137 -30 154 -13
1533766843.9622848 682 688 688 675 743 658 42 468 8206 223 92 -21 -33 153 -13
1533766844.0279326 682 688 688 674 743 657 -46 498 8260 127 80 -57 -30 153 -11
1533766844.085283 682 688 688 674 742 657 -60 462 8302 162 86 20 -30 154 -12
1533766844.147509 682 688 688 674 742 657 54 496 8236 151 261 94 -32 154 -10
1533766844.2101235 682 688 688 674 742 657 -64 496 8286 87 306 -62 -30 155 -11
1533766844.2890894 682 688 688 674 742 658 -44 866 8150 -323 -519 -93 -31 155 -12
1533766844.3551717 682 688 687 674 743 657 -30 468 8130 427 972 711 -31 154 -11
1533766844.408767 683 688 687 674 742 658 36 400 8358 -34 698 1 -31 154 -13
1533766844.4710977 683 689 687 674 743 658 -148 570 8204 -40 942 667 -31 155 -13
1533766844.5491636 683 688 686 674 742 658 -304 326 8302 -18 413 239 -33 153 -12
1533766844.6116478 683 688 686 674 743 657 -42 454 8274 203 1156 186 -31 154 -11
1533766844.674134 686 691 685 675 745 658 -186 414 8258 558 -56 -130 -30 155 -12
1533766844.7562256 687 691 685 675 746 658 -120 406 8252 -281 -143 181 -28 155 -12
1533766844.8206675 687 691 684 675 746 658 -330 366 8270 608 86 -348 -33 154 -10
1533766844.8834028 686 691 683 675 745 657 -94 536 8366 -359 23 236 -32 155 -12
1533766844.9456384 687 691 683 675 746 658 -108 360 8406 651 611 -190 -31 156 -13
1533766845.0263486 686 691 683 675 745 658 -146 426 8232 1131 243 -283 -30 155 -12
1533766845.086455 685 690 685 675 744 658 -430 600 8148 610 -706 -856 -32 156 -12
1533766845.1648226 684 691 685 675 745 658 -236 536 8214 -339 -736 346 -31 155 -12
1533766845.2270474 685 690 685 675 744 658 -2 472 8300 271 -788 -517 -32 155 -11
1533766845.306702 682 690 685 675 744 658 -16 528 8290 112 -818 -380 -33 155 -12
1533766845.3609548 683 690 686 675 744 658 12 514 8282 269 -338 -100 -31 155 -11
1533766845.4234433 684 689 686 675 744 657 96 536 8298 -25 -7 202 -33 153 -12
1533766845.485927 683 689 686 675 744 657 22 522 8268 105 179 110 -31 154 -12
1533766845.548411 683 689 686 675 743 657 -8 512 8278 241 -273 -155 -32 153 -13
1533766845.626567 683 688 686 674 742 656 98 492 8196 192 -95 -26 -31 153 -13
1533766845.6890595 683 688 686 674 742 657 140 530 8266 199 32 -76 -31 153 -11
1533766845.756879 683 687 686 674 743 657 60 520 8198 228 247 48 -32 154 -12
1533766845.820103 683 687 686 674 742 657 80 470 8292 277 35 -10 -29 153 -11
1533766845.8834305 682 687 686 674 742 656 84 538 8232 105 63 23 -32 154 -11
1533766845.945757 681 687 686 674 742 655 122 542 8320 363 193 2 -31 152 -9
1533766846.010713 676 680 685 671 741 647 70 516 8296 129 232 -39 -32 154 -10
1533766846.0714152 682 688 686 674 742 659 36 518 8232 125 282 43 -30 153 -9
1533766846.1355083 683 688 686 675 742 658 108 498 8248 232 41 -11 -32 154 -10
1533766846.1979933 684 689 687 675 743 658 90 548 8236 130 219 53 -33 153 -13
1533766846.2654665 684 690 687 675 743 658 96 510 8286 217 271 5 -32 154 -12
1533766846.321708 685 690 687 675 744 658 148 462 8180 86 -24 -51 -32 154 -12
1533766846.3924634 685 690 687 675 744 658 34 486 8218 137 170 15 -33 153 -11
1533766846.4549398 686 690 687 675 744 658 32 546 8264 228 61 -26 -31 155 -10
1533766846.5172904 685 690 687 675 744 658 112 490 8244 168 262 111 -31 153 -13
1533766846.6111298 684 690 687 675 743 658 108 452 8280 237 79 -88 -30 152 -12
1533766846.6422625 684 690 687 675 744 658 72 526 8160 106 34 22 -31 152 -10
1533766846.7047489 685 690 687 675 744 658 80 506 8302 182 293 45 -32 151 -10
1533766846.7813048 685 690 687 675 743 658 172 532 8244 204 181 -7 -34 153 -12
1533766846.837349 685 690 687 675 744 658 28 450 8246 68 55 27 -31 151 -11
1533766846.8997698 685 690 687 675 744 658 70 550 8276 178 195 -28 -32 156 -11
1533766846.962173 686 690 687 675 744 658 52 538 8284 197 214 -37 -33 154 -11
1533766847.0384755 685 690 687 675 744 657 50 426 8286 219 -130 -78 -31 154 -10
1533766847.1009622 685 689 687 674 744 657 50 488 8194 167 157 29 -31 153 -10
1533766847.163448 685 689 687 675 745 657 134 544 8224 267 172 -27 -31 152 -9
1533766847.2416372 686 690 687 675 744 657 102 474 8270 125 156 -1 -29 153 -11
1533766847.2895727 686 690 687 676 745 658 44 530 8242 171 479 109 -32 155 -11
1533766847.360313 686 691 687 675 744 659 70 416 8254 139 108 52 -31 154 -11
1533766847.4227977 686 690 687 676 745 659 50 504 8232 118 326 102 -30 154 -11
1533766847.485329 686 691 687 675 744 659 118 490 8304 139 234 -121 -30 153 -11
1533766847.547844 686 691 687 676 744 659 32 496 8212 219 68 -169 -30 153 -12
1533766847.6103034 685 690 687 675 744 659 64 528 8158 -6 181 -45 -31 153 -12
1533766847.6727388 685 690 687 675 743 659 -110 390 8310 53 -5 -75 -31 155 -11
1533766847.7508447 686 690 687 676 744 659 8 414 8216 121 341 293 -32 154 -8
1533766847.8062115 685 689 687 675 744 658 36 448 8242 215 477 154 -30 153 -10
1533766847.8846285 685 690 687 675 744 659 8 562 8094 -83 6 46 -30 155 -12
1533766847.9314702 686 690 687 675 744 659 110 364 8224 -375 -315 -152 -32 153 -11
1533766848.0109596 685 690 687 675 744 659 148 338 8382 275 60 -246 -31 155 -10
1533766848.075304 686 690 687 675 744 659 66 598 7982 -661 399 290 -32 153 -11
1533766848.1380477 686 690 686 675 743 659 128 360 8270 -37 831 213 -30 153 -12
1533766848.2002747 686 689 686 675 743 658 -176 376 8184 -750 -406 -191 -29 154 -10
1533766848.2786171 678 690 685 675 744 658 62 130 8240 -236 619 346 -30 156 -9
1533766848.337314 683 691 685 676 745 659 -126 278 8294 -11 -172 -450 -30 153 -10
1533766848.4088004 685 693 685 676 747 659 -102 122 8210 640 324 -167 -28 154 -11
1533766848.471158 688 695 684 677 749 660 -128 106 8324 408 -75 -471 -26 155 -11
1533766848.5492618 688 695 683 677 749 659 146 164 8342 153 82 -79 -29 157 -10
1533766848.6118555 689 695 683 677 749 659 -82 98 8234 566 -172 -194 -28 155 -9
1533766848.674493 689 694 682 677 748 659 -6 202 8282 453 -126 22 -29 155 -9
1533766848.7368443 689 694 682 677 748 659 162 284 8370 797 -305 -450 -30 156 -11
1533766848.805496 689 695 682 676 748 659 226 268 8330 543 303 -423 -30 155 -9
1533766848.8690524 689 693 682 676 747 659 -214 98 8744 2140 1301 -210 -29 153 -9
1533766848.9469028 689 693 683 676 747 659 -748 442 7690 -122 -2007 268 -30 155 -9
1533766849.016704 688 692 684 676 746 659 42 138 8390 1103 -1690 609 -29 153 -9
1533766849.0855608 688 692 684 676 746 659 318 536 8124 1486 -2042 275 -30 156 -8
1533766849.1508548 688 691 685 676 746 659 664 542 8266 1827 -2600 -482 -32 151 -11
1533766849.2289627 687 691 685 676 745 659 738 646 8212 1537 -1883 -797 -33 149 -12
1533766849.2981458 687 691 685 676 745 659 1580 1082 8254 2535 -3625 -4687 -32 149 -10
1533766849.3617995 685 690 685 675 744 659 1368 1210 7870 2942 -2967 -3910 -32 146 -10
1533766849.4400368 674 690 685 675 744 658 1126 1428 7864 1793 -1075 -1156 -35 143 -8
1533766849.5023913 677 690 684 675 744 658 924 1544 7832 1416 -788 925 -37 145 -10
1533766849.5804992 671 690 685 675 744 658 1262 1222 8034 423 -638 2491 -38 141 -8
1533766849.6429856 671 691 686 676 746 659 1434 1362 8128 1435 504 2424 -40 140 -10
1533766849.7210884 671 691 685 676 746 659 1660 1618 7986 291 771 1261 -41 138 -8
1533766849.7898684 671 691 686 676 745 659 1596 1524 7812 592 1142 1564 -44 137 -11
1533766849.8534732 670 691 686 676 745 659 1558 1618 7904 30 695 761 -42 136 -10
1533766849.93137 671 692 686 676 746 659 1542 1556 7816 -124 857 856 -43 136 -14
1533766849.9940853 669 691 686 676 744 659 1390 1478 8014 -156 312 169 -43 137 -12
1533766850.0577588 670 691 686 676 744 659 1238 1198 8082 134 314 119 -40 138 -13
1533766850.120063 670 692 686 676 745 659 1164 1346 8072 501 370 794 -41 137 -10
1533766850.1984007 670 691 686 676 745 659 1276 1388 7932 628 -65 883 -41 139 -12
1533766850.2688894 671 692 686 676 745 659 1506 1358 8050 236 -70 643 -44 135 -12
1533766850.3370793 670 691 686 676 745 659 1532 1458 7986 578 390 746 -43 137 -16
1533766850.3920832 670 691 686 676 745 658 1642 1558 8012 388 320 331 -45 135 -14
1533766850.4699526 670 691 686 676 744 659 1614 1484 7932 24 123 -156 -44 137 -16
1533766850.5327094 671 692 686 676 745 659 1486 1478 7948 123 411 -213 -46 134 -17
1533766850.6105459 670 691 686 676 745 659 1426 1532 8072 83 482 -244 -45 136 -16
1533766850.6732848 671 691 686 676 745 659 1382 1410 8020 61 529 57 -43 138 -15
1533766850.7357693 672 691 686 676 745 659 1392 1470 7914 19 567 -270 -43 136 -16
1533766850.804384 674 691 686 676 745 659 1392 1494 8010 -148 332 -214 -42 137 -15
1533766850.8827221 676 691 687 676 745 659 1274 1346 8092 -84 251 -414 -44 136 -17
1533766850.9449768 677 691 687 676 744 659 1146 1324 8036 239 479 -147 -42 138 -15
1533766851.0210297 678 691 687 676 745 659 1074 1426 8010 522 263 152 -43 137 -14
1533766851.0901458 679 693 687 676 746 660 1354 1552 7882 400 -306 -87 -41 138 -14
1533766851.158203 679 693 687 676 747 660 1390 1528 7962 1008 -868 -301 -44 139 -14
1533766851.2206938 679 693 687 676 745 659 1288 1376 8088 861 -710 -164 -43 138 -15
1533766851.3201456 679 693 687 676 746 659 1266 1490 8408 676 202 -533 -44 137 -14
1533766851.3686855 678 692 687 676 745 659 1276 1534 7994 747 507 631 -44 137 -13
1533766851.42373 679 692 687 676 745 659 1390 1872 7774 1093 357 204 -43 136 -12
1533766851.5082927 680 692 686 676 745 659 1554 1744 7852 -363 -15 -207 -45 137 -15
1533766851.5709326 680 692 687 676 746 659 1470 1658 8040 -50 647 -528 -45 137 -16
1533766851.6334403 680 692 687 676 745 659 1300 1674 7930 -150 1002 -400 -43 137 -14
1533766851.7185872 676 692 686 676 745 659 1080 1476 8110 -247 580 -921 -45 137 -17
1533766851.7725055 671 692 687 676 745 659 994 1440 7970 390 -250 -403 -42 140 -16
1533766851.8493812 670 692 687 676 745 659 1156 1524 7956 188 -592 -376 -42 138 -15
1533766851.9272604 670 692 687 676 745 659 1394 1632 8046 239 -83 -262 -43 139 -14
1533766852.007576 670 692 687 675 745 659 1154 1672 8000 122 336 185 -41 140 -13
1533766852.0538495 670 691 687 676 745 659 1356 1520 7938 342 27 177 -42 140 -15
1533766852.116271 669 692 687 676 745 659 1290 1722 7896 63 607 189 -42 140 -12
1533766852.1980398 670 691 687 676 745 659 1252 1584 7954 -168 538 255 -43 140 -14
1533766852.2659366 671 691 687 676 745 659 1136 1610 7996 195 926 154 -39 141 -16
