1533766471.2995927 664 692 692 663 730 668 -4000 7250 406 36 23 -230 -69 99 -19
1533766471.3674116 664 692 692 663 730 668 -4032 7220 550 114 188 -303 -67 99 -18
1533766471.427024 664 692 692 663 730 668 -4018 7174 492 255 39 -170 -67 98 -20
1533766471.4895103 664 692 692 663 731 668 -3896 7266 448 296 -51 -171 -67 97 -19
1533766471.567617 663 692 692 663 730 668 -4110 7130 650 245 -169 -377 -67 100 -20
1533766471.642385 663 692 692 663 731 668 -4074 7184 528 398 -166 -182 -67 98 -17
1533766471.710212 663 692 692 663 731 669 -4072 7162 474 226 -232 -547 -66 98 -18
1533766471.7726989 663 692 692 663 731 669 -4030 7200 508 74 -221 -194 -67 98 -19
1533766471.8469949 663 692 692 663 731 668 -4142 7148 632 116 -48 -460 -66 99 -19
1533766471.9098074 663 692 692 663 730 668 -4300 7054 474 443 -184 -375 -66 98 -19
1533766472.0187721 664 692 693 663 731 668 -4160 7084 568 -24 -70 -184 -65 100 -18
1533766472.1672826 663 692 692 663 731 668 -4162 7072 704 173 473 250 -66 98 -19
1533766472.2297683 663 692 692 663 730 668 -4164 7120 488 71 66 -129 -66 99 -20
1533766472.2610123 666 695 692 664 733 669 -4182 7156 560 267 289 -55 -66 97 -18
1533766472.292253 666 695 692 663 732 669 -4250 7090 508 294 173 195 -68 98 -17
1533766472.3231306 665 694 692 663 732 669 -4116 7118 624 127 157 -42 -66 98 -18
1533766472.3773277 664 693 692 663 731 669 -4246 7058 556 237 227 149 -67 98 -21
1533766472.4398665 664 693 692 663 731 668 -4134 7134 512 150 -62 -282 -65 97 -19
1533766472.5179543 663 693 692 663 731 669 -4164 7174 512 145 74 138 -68 98 -18
1533766472.5887287 664 693 692 662 730 668 -4190 7124 504 208 173 -114 -68 98 -19
1533766472.6750565 663 693 692 662 730 669 -4172 7134 594 326 157 -5 -67 97 -18
1533766472.7219205 663 692 692 663 730 668 -4170 7118 616 236 -69 -131 -66 97 -19
1533766472.7844398 663 692 692 662 730 668 -4188 7142 560 294 190 -16 -67 99 -19
1533766472.85611 663 692 692 662 730 668 -4150 7126 606 159 -63 78 -69 97 -17
1533766472.911065 663 692 692 662 730 668 -4212 7100 496 188 121 -370 -66 98 -18
1533766472.9891734 663 692 692 662 730 668 -4246 7070 604 99 96 -96 -66 97 -18
1533766473.0560756 663 692 692 662 730 668 -4204 7136 502 227 50 -114 -68 99 -18
1533766473.1215954 663 692 692 662 730 668 -4260 6996 450 152 89 -150 -67 97 -20
1533766473.1840808 663 693 692 662 730 668 -4240 7096 510 260 182 -1 -67 98 -19
1533766473.246566 663 692 692 662 730 668 -4200 7058 604 8 101 -70 -66 99 -18
1533766473.335815 663 692 692 662 730 669 -4254 7038 594 208 180 129 -68 99 -18
1533766473.3868477 663 693 692 662 730 669 -4242 7102 514 113 202 80 -67 98 -18
1533766473.4431672 663 692 692 662 730 668 -4226 7070 602 143 186 9 -66 98 -18
1533766473.5056508 663 692 693 662 730 668 -4278 7076 448 172 266 277 -67 97 -17
1533766473.5860672 663 692 692 662 730 668 -4098 7124 592 277 241 189 -64 99 -19
1533766473.6438065 663 692 692 662 730 668 -4088 7160 600 185 188 -188 -68 98 -18
1533766473.706292 663 692 692 662 730 668 -4146 7040 518 271 -7 18 -67 98 -19
1533766473.7844007 662 692 692 662 730 668 -4218 7056 542 210 156 -40 -68 100 -18
1533766473.8468843 663 692 692 662 730 668 -4172 7118 486 215 354 248 -66 98 -18
1533766473.9084918 663 693 692 662 731 668 -4192 7098 480 195 247 18 -67 98 -17
1533766474.01748 663 693 692 662 731 669 -4238 7058 564 302 115 -52 -68 96 -19
1533766474.0534613 663 693 692 662 730 668 -4106 7124 446 179 101 23 -67 97 -17
1533766474.1181242 663 692 692 662 731 668 -4156 7096 482 109 84 -3 -65 99 -17
1533766474.175403 664 693 693 662 731 669 -4182 7128 520 242 337 324 -67 97 -17
1533766474.2390676 664 693 692 662 730 669 -4160 7086 544 246 363 378 -65 97 -20
1533766474.3192043 664 693 692 662 730 668 -4172 7128 536 239 122 87 -69 100 -20
1533766474.3774426 664 693 692 662 731 669 -4080 7172 502 213 218 217 -68 98 -21
1533766474.439929 664 693 692 662 731 668 -4106 7128 502 342 388 539 -67 99 -20
1533766474.5180342 664 693 692 662 731 669 -4050 7202 454 216 -7 -261 -67 98 -20
1533766474.586425 664 693 692 662 731 668 -4018 7096 546 186 61 112 -69 96 -19
1533766474.675398 664 693 693 662 731 669 -4072 7196 442 253 209 28 -67 97 -18
1533766474.7066412 664 693 692 662 731 668 -4176 7126 546 125 -169 -89 -68 98 -19
1533766474.7847798 664 693 692 662 731 669 -4106 7236 468 592 79 1379 -67 99 -20
1533766474.8575506 664 693 692 662 731 669 -3884 7344 356 1254 1332 6165 -66 96 -19
1533766474.925117 664 693 693 662 731 668 -3562 7582 338 1668 -780 4940 -70 92 -21
1533766474.9876027 664 693 692 662 731 669 -3272 7576 320 1230 -2469 4519 -72 90 -21
1533766475.0697618 663 694 693 662 731 668 -2768 7664 346 1097 -3178 3971 -73 81 -22
1533766475.1276624 663 693 693 662 731 668 -2202 8108 558 1086 -3077 2565 -72 77 -23
1533766475.2057686 663 693 693 662 731 669 -2340 8014 204 1374 -1740 2591 -74 70 -23
1533766475.2682538 663 694 693 662 731 668 -2006 8004 328 244 -210 759 -75 67 -23
1533766475.4050016 663 693 692 662 730 668 -2306 7938 374 126 -258 -648 -73 64 -24
1533766475.4266953 663 693 693 662 731 668 -2358 7944 236 70 224 186 -73 65 -24
1533766475.4735606 663 693 692 662 730 668 -2208 7914 336 177 70 311 -73 66 -25
1533766475.5360441 663 693 692 662 730 668 -2274 7934 292 139 -119 -14 -73 66 -23
1533766475.6192482 663 693 692 661 730 668 -2220 7948 372 101 -794 -177 -76 66 -26
1533766475.6744845 662 693 693 661 730 668 -2224 7922 408 193 -487 -111 -74 63 -24
1533766475.7525353 663 693 693 662 730 668 -2304 7914 308 289 -339 -332 -75 64 -25
1533766475.8252468 663 693 693 662 730 668 -2184 7936 406 131 -189 -90 -73 63 -28
1533766475.8932743 663 693 692 662 730 668 -2248 7948 356 279 -125 -13 -72 64 -24
1533766475.9557729 663 693 692 662 730 668 -2202 7938 342 110 -319 -519 -73 61 -27
1533766476.0438993 663 693 693 662 730 668 -2276 7922 436 226 4 258 -74 63 -28
1533766476.0930643 663 693 693 661 729 668 -2204 7924 324 354 3 160 -73 63 -26
1533766476.1446896 663 693 692 661 730 668 -2252 7960 344 250 158 215 -74 63 -27
1533766476.2227902 662 693 692 661 730 668 -2210 7906 466 307 108 26 -74 63 -26
1533766476.2852745 662 692 692 661 729 668 -2202 7934 372 174 43 33 -74 63 -27
1533766476.3576906 662 693 693 661 729 668 -2320 7922 354 296 245 222 -74 64 -27
1533766476.408282 662 693 692 661 729 668 -2246 7968 328 169 60 20 -72 62 -27
1533766476.4864025 662 693 693 661 730 668 -2242 7948 332 252 -22 141 -75 62 -26
1533766476.5488727 662 693 692 661 729 668 -2202 7960 374 311 -50 -87 -74 61 -26
1533766476.6240249 662 692 692 661 729 668 -2172 8010 366 35 -82 -287 -73 63 -27
1533766476.705396 661 693 692 661 729 668 -2200 7942 398 147 74 154 -75 62 -26
1533766476.7522593 662 692 692 661 729 668 -2200 7976 354 142 43 -147 -76 62 -26
1533766476.8147466 662 692 692 661 729 668 -2194 7902 308 189 -17 63 -74 61 -27
1533766476.8912077 662 692 692 661 728 668 -2252 7934 370 276 136 -221 -74 61 -25
1533766476.9582958 661 692 692 661 728 668 -2260 7908 374 242 210 343 -75 61 -26
1533766477.0243282 662 693 693 661 729 668 -2158 7950 408 176 51 -82 -74 64 -27
1533766477.0914493 661 692 692 661 729 668 -2220 7918 440 176 -14 -92 -74 60 -28
1533766477.144525 661 692 692 660 728 668 -2164 7946 434 176 68 19 -74 63 -27
1533766477.2226536 661 692 693 661 729 668 -2178 7960 298 160 -112 -36 -75 62 -27
1533766477.2878103 662 692 692 661 728 668 -2160 7944 374 84 -81 7 -72 59 -28
1533766477.3926737 661 693 692 661 729 668 -2220 7900 454 223 96 -109 -74 62 -28
1533766477.4106948 661 692 692 661 729 668 -2310 7972 392 226 -22 -143 -75 63 -28
1533766477.4888048 661 692 692 661 729 668 -2274 8016 378 120 -76 -46 -74 62 -27
1533766477.5512867 662 692 692 661 728 668 -2142 7920 324 174 -101 -81 -76 61 -27
1533766477.62459 662 692 693 661 729 668 -2196 7888 388 213 93 123 -75 61 -28
1533766477.6759331 662 692 692 661 729 668 -2242 7966 410 132 9 -385 -74 60 -27
1533766477.7540412 661 692 692 661 729 668 -2332 7922 382 311 15 -2 -75 61 -28
1533766477.8165271 662 692 693 661 729 668 -2280 7874 456 153 12 -207 -75 62 -27
1533766477.8869288 662 693 692 661 729 668 -2196 7904 290 114 3 119 -74 60 -26
1533766477.9412026 661 692 693 661 729 668 -2308 7862 414 286 186 50 -74 63 -27
1533766478.0566652 661 692 692 661 729 668 -2340 7886 388 211 254 369 -74 63 -26
1533766478.074608 661 692 692 661 729 668 -2206 8004 452 214 -8 -348 -75 61 -27
1533766478.1446745 661 692 692 661 728 668 -2300 7916 544 182 -41 70 -74 62 -26
1533766478.2071605 661 692 692 661 729 668 -2142 7916 338 84 -9 75 -75 61 -27
1533766478.2696466 662 692 692 661 729 668 -2194 7910 374 70 7 16 -74 62 -26
1533766478.3459141 662 692 692 661 729 668 -2292 7962 438 211 217 54 -72 62 -27
1533766478.4104435 661 692 692 661 729 668 -2264 7972 316 189 203 352 -74 62 -26
1533766478.4729266 662 693 692 661 729 668 -2250 7998 438 464 273 -25 -74 63 -27
1533766478.535412 662 693 693 661 729 668 -2134 7926 330 135 -238 -32 -74 61 -27
1533766478.6158056 662 693 693 661 729 668 -2230 7932 362 194 249 341 -75 60 -27
1533766478.7059803 662 693 693 661 729 668 -2344 7974 420 244 -637 -606 -75 60 -29
1533766478.7527995 662 693 693 661 730 668 -2206 7964 366 293 -493 -45 -73 59 -27
1533766478.8213258 662 693 693 661 730 668 -2358 7882 538 214 -667 -793 -72 60 -29
1533766478.892138 663 694 693 661 730 668 -2240 7868 440 -46 -1062 -918 -75 60 -28
1533766478.9568236 663 694 693 661 730 668 -2402 7902 480 256 271 -169 -75 62 -29
1533766479.025439 663 693 692 661 730 668 -2418 7948 512 -55 173 334 -77 62 -29
1533766479.0939436 663 694 693 661 730 668 -2514 7902 608 126 649 440 -75 58 -27
1533766479.1477108 664 693 692 661 729 668 -2432 7810 556 236 -378 35 -74 61 -29
1533766479.2258663 665 693 692 661 729 667 -2668 7916 666 253 22 312 -73 59 -30
1533766479.278909 668 696 693 662 731 668 -2630 8066 372 463 587 -6 -76 60 -27
1533766479.3927312 665 693 692 660 728 668 -2484 8020 372 -988 -1153 574 -75 60 -29
1533766479.424015 669 696 694 661 731 669 -2308 7874 818 760 4 -1348 -74 60 -29
1533766479.48646 669 696 693 661 731 668 -2660 7850 728 293 -285 -414 -73 62 -29
1533766479.5645645 667 693 693 660 728 668 -2536 7842 354 -60 -629 -377 -75 59 -29
1533766479.627178 668 694 693 660 728 668 -2422 7872 564 279 -104 -456 -74 60 -28
1533766479.7053165 668 694 693 659 728 668 -2554 7908 594 490 240 -229 -74 59 -29
1533766479.7677765 667 693 693 659 727 667 -2650 7886 544 77 -435 291 -72 62 -29
1533766479.8392348 668 693 693 659 727 667 -2348 7616 906 350 214 479 -75 60 -27
1533766479.90506 668 693 693 659 727 667 -2318 7836 440 3 -85 609 -76 61 -29
1533766479.9580078 668 693 693 659 728 667 -2340 7760 460 120 86 571 -76 60 -28
1533766480.0567348 668 692 693 659 727 667 -2456 7832 596 40 -202 -820 -74 59 -28
1533766480.1071978 667 692 693 659 727 667 -2596 7954 554 365 299 -230 -74 60 -29
1533766480.158992 669 693 692 659 727 667 -2538 7852 516 2 -112 -121 -77 60 -27
1533766480.2371006 669 692 693 659 728 667 -2372 7822 580 200 57 -103 -76 60 -28
1533766480.299585 668 692 693 659 727 667 -2444 7840 554 184 133 18 -73 61 -29
1533766480.3731298 668 692 692 659 727 667 -2594 7860 642 144 210 38 -76 59 -29
1533766480.4243329 668 691 692 659 726 666 -2296 7872 664 115 0 27 -75 61 -28
1533766480.5024462 669 692 693 659 727 667 -2428 7798 590 298 261 222 -75 59 -30
1533766480.564925 668 691 692 659 727 667 -2456 7888 488 187 249 207 -75 60 -29
1533766480.6270528 669 692 692 660 728 667 -2448 7848 696 220 257 60 -75 59 -29
1533766480.7207808 669 692 692 660 728 667 -2356 7882 572 300 110 27 -74 60 -28
1533766480.7676446 669 692 692 660 727 667 -2480 7872 442 77 48 239 -75 59 -29
1533766480.833177 669 692 692 659 728 667 -2360 7848 660 101 27 -1 -74 58 -28
1533766480.897999 670 692 693 660 728 667 -2396 7900 518 258 90 63 -76 60 -28
1533766480.9579391 670 692 693 660 728 667 -2464 7878 594 157 38 181 -74 57 -29
1533766481.0274417 670 692 692 660 728 667 -2460 7860 690 189 94 1 -76 58 -29
1533766481.0945423 670 692 693 660 728 667 -2322 7928 474 157 12 -161 -76 58 -29
1533766481.1601205 670 693 692 660 729 667 -2314 7868 560 256 75 -30 -75 59 -29
1533766481.2226074 670 692 692 660 728 667 -2418 7820 656 162 225 332 -75 58 -28
1533766481.2945766 670 692 692 660 728 667 -2440 7892 546 199 114 -25 -72 57 -29
1533766481.3934028 670 692 693 660 729 667 -2380 7854 648 160 68 62 -75 59 -30
1533766481.4108822 670 692 693 660 729 667 -2332 7898 520 256 65 -96 -75 59 -30
1533766481.4889853 671 692 692 660 729 667 -2382 7924 510 281 122 -87 -74 59 -28
1533766481.5514708 671 693 693 661 729 667 -2428 7870 534 228 129 51 -75 59 -29
1533766481.6236787 671 692 693 660 729 667 -2340 7886 600 127 58 44 -74 59 -31
1533766481.6738467 671 692 693 660 729 667 -2352 7898 582 190 94 79 -74 59 -29
1533766481.7519531 670 692 693 660 729 667 -2368 7902 570 211 63 -12 -76 59 -28
1533766481.8195617 670 692 693 660 728 667 -2360 7856 580 221 78 98 -74 58 -29
1533766481.8863816 670 692 693 660 728 667 -2352 7876 742 187 -46 -83 -74 58 -30
1533766481.9403148 671 692 692 660 729 667 -2376 7910 470 234 171 241 -75 60 -26
1533766482.0480042 671 692 693 660 728 667 -2354 7916 484 212 158 30 -75 58 -32
1533766482.0792465 671 692 692 660 729 667 -2358 7862 582 178 179 68 -75 59 -30
1533766482.1518185 671 692 693 661 729 667 -2336 7922 466 172 51 -42 -76 58 -28
1533766482.2077115 672 693 693 660 729 667 -2376 7886 564 239 152 -163 -74 58 -30
1533766482.2702312 672 692 693 661 729 667 -2286 7872 536 239 76 10 -74 58 -29
1533766482.3511174 672 693 693 660 729 667 -2398 7912 592 129 204 -2 -74 59 -27
1533766482.4087334 671 692 693 661 729 667 -2376 7918 568 139 114 -1 -75 59 -29
1533766482.4712691 672 692 693 661 729 667 -2328 7874 600 163 178 81 -75 59 -30
1533766482.5337086 671 692 693 661 728 667 -2282 7880 516 175 222 48 -75 58 -30
1533766482.6154535 671 692 693 660 729 667 -2332 7922 570 311 502 442 -75 59 -28
1533766482.7070704 671 691 692 660 729 667 -2256 7842 514 245 474 142 -78 58 -31
1533766482.738308 672 692 693 661 729 667 -2382 7886 684 320 -55 -287 -74 59 -29
1533766482.816415 671 691 693 660 728 667 -2096 7844 584 717 -231 -938 -74 59 -29
1533766482.886881 671 690 693 660 728 667 -2316 8000 566 500 140 177 -75 57 -28
1533766482.9412005 670 690 692 659 727 667 -2144 7912 494 841 19 -837 -75 57 -28
1533766483.0209134 671 690 692 659 727 666 -2492 7892 462 -257 55 882 -75 59 -29
1533766483.0885184 671 691 693 659 728 666 -2264 7998 570 134 669 808 -75 57 -29
1533766483.144563 672 692 692 660 728 666 -2326 7908 386 -468 -120 -362 -75 57 -29
1533766483.22267 670 692 693 659 727 666 -2356 7882 556 437 365 -190 -75 57 -30
1533766483.2851572 704 696 699 709 736 727 -2730 7810 702 307 504 1101 -73 59 -28
1533766483.3941271 700 697 699 704 735 720 -1938 8100 364 -23 -332 478 -75 56 -28
1533766483.425371 709 698 701 716 738 737 -2452 8022 660 459 770 643 -74 56 -30
1533766483.487855 714 701 702 721 739 746 -2258 7924 526 201 47 -245 -75 57 -29
1533766483.5503407 715 701 701 719 737 744 -2132 7964 492 98 66 20 -74 57 -29
1533766483.626507 671 688 694 666 721 680 -2246 7974 426 96 -314 94 -73 56 -29
1533766483.6890082 664 687 692 656 721 666 -1878 7944 432 -871 -1418 169 -75 57 -29
1533766483.7514682 663 688 691 655 721 665 -2166 7886 892 109 -475 -829 -73 55 -28
1533766483.834014 666 690 692 656 724 665 -2314 7954 750 780 267 -197 -73 54 -29
1533766483.892863 665 689 692 655 722 664 -2152 7934 618 399 123 191 -76 55 -31
1533766483.9709687 667 690 692 656 724 665 -2190 7968 556 35 29 -53 -75 54 -31
1533766484.057695 666 688 692 655 723 664 -2214 7938 664 176 132 58 -75 56 -30
1533766484.0995903 665 688 691 655 723 664 -2238 7900 606 269 146 -114 -75 54 -32
1533766484.1656902 667 689 692 656 724 665 -2192 7934 538 213 225 34 -75 56 -29
1533766484.219672 668 690 692 656 724 665 -2208 7928 602 157 25 -15 -74 56 -30
1533766484.2821217 666 688 691 656 723 664 -2228 7922 514 238 104 6 -73 54 -31
1533766484.3625772 667 689 692 656 723 664 -2234 7914 546 227 128 41 -75 55 -31
1533766484.4250808 666 688 692 656 722 664 -2200 7928 692 140 66 -157 -74 55 -29
1533766484.487568 666 688 692 656 723 664 -2160 7946 512 255 100 -68 -75 55 -29
1533766484.5500526 666 688 692 656 723 664 -2246 7916 552 216 140 53 -76 54 -30
1533766484.6277766 667 688 692 656 723 664 -2362 7950 592 213 215 -133 -77 56 -28
1533766484.721505 667 689 692 656 724 665 -2174 7914 584 181 93 -54 -75 55 -32
1533766484.7612154 668 690 692 656 724 665 -2246 7876 598 131 -99 147 -73 54 -28
1533766484.8307276 668 690 692 656 725 665 -2274 7940 496 262 135 259 -74 55 -30
1533766484.892526 668 690 692 657 724 665 -2280 7920 566 218 242 -200 -73 56 -30
1533766484.955011 668 690 692 657 724 665 -2190 7980 556 125 50 -98 -74 56 -31
1533766485.0322897 668 690 692 656 724 665 -2192 7942 580 116 54 -254 -76 56 -30
1533766485.0986164 668 689 692 656 724 665 -2216 7942 556 171 117 50 -74 54 -29
1533766485.156636 669 690 692 657 725 665 -2276 7926 592 221 172 4 -74 55 -30
1533766485.2191193 670 691 692 657 726 665 -2226 7950 608 141 124 -81 -77 57 -30
1533766485.2931597 671 692 692 658 726 665 -2180 7956 514 215 84 -18 -74 57 -32
1533766485.4091916 671 691 692 658 727 665 -2216 7914 486 171 219 70 -75 56 -30
1533766485.440434 671 691 692 658 727 665 -2328 7876 660 163 215 177 -73 56 -30
1533766485.4872997 671 691 692 658 727 665 -2212 7926 632 210 92 -83 -75 56 -30
1533766485.549786 671 691 692 658 727 665 -2142 7966 498 192 -35 -359 -73 57 -30
1533766485.6272566 672 691 693 659 727 665 -2270 7966 634 239 72 76 -75 54 -30
1533766485.6897452 672 691 693 658 727 666 -2296 7922 568 160 169 32 -75 56 -31
1533766485.7522268 672 691 692 659 727 666 -2172 7954 550 217 56 -71 -74 57 -29
1533766485.8261256 672 691 693 659 728 665 -2192 7932 680 208 57 -89 -75 55 -29
1533766485.8909516 672 691 692 659 727 666 -2226 7926 602 193 110 4 -76 56 -30
1533766485.9578679 672 692 693 659 727 666 -2340 7986 540 328 253 -8 -74 56 -29
1533766486.0465107 672 691 693 659 727 666 -2296 7882 612 270 264 53 -73 55 -31
1533766486.0903976 673 691 692 659 728 665 -2198 7922 642 165 135 -78 -75 55 -29
1533766486.1435695 673 692 692 659 728 666 -2166 7900 474 147 64 14 -76 54 -30
1533766486.2216907 673 692 693 659 728 666 -2376 7918 688 184 155 -17 -75 56 -30
1533766486.2841628 673 692 693 659 728 666 -2250 7860 604 124 194 599 -77 54 -29
1533766486.3556318 673 691 693 659 728 666 -2150 7964 616 274 367 31 -75 56 -29
1533766486.4082508 673 691 692 659 728 666 -2076 7842 520 326 187 -442 -76 52 -30
1533766486.486372 671 691 692 659 726 666 -1792 7978 392 705 18 -1208 -76 55 -30
1533766486.5488243 671 690 692 658 725 665 -2140 7862 544 -380 -531 -290 -76 57 -28
1533766486.6275382 673 691 692 659 727 666 -2336 7992 684 529 319 -162 -76 55 -31
1533766486.721268 671 690 692 658 725 665 -2276 7952 438 321 123 152 -75 56 -31
1533766486.7525105 671 688 692 657 724 665 -2182 7952 534 -173 -120 -368 -74 54 -29
1533766486.8319223 672 689 692 657 725 665 -2274 7942 430 25 24 -80 -74 58 -28
1533766486.8937802 671 688 692 656 723 664 -2194 7952 502 310 309 43 -75 54 -32
1533766486.956267 669 688 692 655 723 664 -2180 7918 488 -20 -77 -370 -75 56 -30
1533766487.031605 671 690 692 656 725 664 -2206 7918 484 182 68 -47 -75 57 -30
1533766487.0989425 671 692 693 657 727 665 -2316 7914 504 272 128 174 -75 59 -29
1533766487.160993 673 695 693 659 730 666 -2188 7942 602 137 -286 -396 -75 54 -31
1533766487.22348 677 697 693 659 732 666 -2366 7938 532 328 -430 -1014 -74 57 -30
1533766487.3015857 674 695 693 658 729 665 -2330 7868 560 -298 -1337 -1346 -75 57 -30
1533766487.4080887 672 696 693 655 727 664 -2466 7856 642 583 1315 670 -76 59 -32
1533766487.4393294 675 698 693 657 730 665 -2482 7732 376 -280 -199 637 -75 57 -31
1533766487.5018573 671 693 692 655 726 664 -2368 7838 684 -6 -181 576 -75 56 -30
1533766487.5816453 669 692 692 654 724 663 -2322 7898 602 278 244 467 -77 56 -32
1533766487.6432717 672 692 692 657 727 664 -2340 7926 614 84 138 362 -75 55 -30
1533766487.7057545 674 694 693 658 728 665 -2284 7904 610 261 124 84 -77 54 -31
1533766487.7682724 673 692 693 657 727 664 -2238 7890 722 145 -13 152 -76 55 -30
1533766487.8478165 672 691 692 657 726 664 -2344 7922 516 310 199 -15 -74 54 -31
1533766487.9084086 677 696 693 659 731 665 -2314 7920 696 178 83 59 -73 54 -28
1533766487.970894 679 698 694 660 732 666 -2270 7914 592 155 62 -33 -76 54 -28
1533766488.069241 677 696 693 659 731 665 -2284 7936 534 149 172 360 -76 55 -30
1533766488.1131246 676 695 693 659 730 666 -2244 7986 660 132 240 210 -74 54 -28
1533766488.1751258 676 695 693 659 730 665 -2262 7930 628 131 115 -29 -75 54 -31
1533766488.2376118 676 694 693 659 730 665 -2276 7916 618 152 176 -94 -73 54 -30
1533766488.300097 676 694 693 659 730 665 -2268 7902 622 156 191 -23 -76 55 -31
1533766488.3768456 676 694 693 659 729 665 -2272 7936 572 168 241 109 -74 54 -30
1533766488.4393852 676 694 693 659 729 666 -2266 7856 620 156 82 -139 -77 56 -31
1533766488.50185 677 695 693 659 730 665 -2228 7918 620 214 124 -223 -75 55 -31
1533766488.583324 677 696 693 660 730 665 -2230 7950 724 117 28 -227 -74 54 -30
1533766488.6442096 677 696 693 660 730 666 -2324 7900 672 140 175 -151 -75 54 -32
1533766488.7379384 678 696 693 660 730 666 -2148 7886 570 147 -113 -368 -75 56 -31
1533766488.7878845 677 695 693 659 730 666 -2366 7836 724 230 325 321 -75 54 -29
1533766488.8553383 676 694 693 659 729 665 -2320 7900 674 251 209 -118 -73 57 -30
1533766488.9099529 676 694 693 659 729 665 -2242 7914 586 119 92 55 -77 56 -29
1533766488.972478 677 695 694 660 730 666 -2264 7936 594 173 49 -13 -76 55 -30
1533766489.05212 677 694 693 659 730 665 -2284 7922 656 277 116 22 -74 56 -31
1533766489.1196935 676 693 693 659 729 665 -2286 7910 554 120 35 -110 -75 56 -31
1533766489.1766725 675 692 692 659 728 665 -2210 7912 680 208 166 -46 -76 54 -31
1533766489.2394755 675 693 693 659 728 665 -2318 7920 632 210 56 14 -77 54 -31
1533766489.3175688 676 693 693 659 728 665 -2230 7904 628 133 53 -33 -74 54 -28
1533766489.4092607 676 694 693 659 729 665 -2226 7908 626 121 146 -233 -74 56 -30
1533766489.4405046 677 694 693 659 729 665 -2318 7894 616 234 194 8 -76 54 -31
1533766489.5186102 676 693 693 659 728 665 -2236 7928 566 187 118 -186 -74 53 -28
1533766489.5864778 676 693 693 659 729 665 -2280 7882 638 110 -18 -304 -74 55 -30
1533766489.6444228 677 694 693 659 729 665 -2264 7866 602 141 269 368 -75 54 -30
1533766489.7069082 676 693 693 659 729 665 -2352 7890 588 197 168 -8 -76 56 -30
1533766489.7850168 676 692 693 659 728 665 -2256 7922 632 179 53 -250 -75 55 -29
1533766489.8537467 676 693 693 659 728 666 -2304 7890 712 184 131 -75 -73 57 -29
1533766489.9096353 676 693 693 660 728 665 -2306 7902 624 259 187 -94 -76 55 -30
1533766489.9876876 677 694 693 660 729 666 -2318 7892 640 190 168 -27 -75 55 -30
1533766490.0747583 678 694 693 660 729 666 -2322 7972 606 172 164 1 -76 56 -29
1533766490.1190155 678 694 693 660 730 666 -2292 7938 652 202 206 22 -76 55 -30
1533766490.1752436 678 694 693 660 730 666 -2308 7912 584 177 139 -67 -75 55 -31
1533766490.237729 678 695 693 660 730 666 -2274 7870 714 203 130 9 -75 57 -31
1533766490.3178568 678 695 693 660 730 666 -2320 7822 650 298 261 272 -76 54 -31
1533766490.3770978 678 695 693 660 730 666 -2364 7870 558 -203 -6 75 -75 56 -31
1533766490.4395847 678 695 693 660 730 666 -2086 7880 638 221 178 -534 -75 56 -31
1533766490.5020683 678 694 693 660 729 666 -2468 7782 590 4 258 -2 -74 54 -30
1533766490.583579 677 694 693 660 728 665 -2490 7890 608 457 582 -125 -72 57 -29
1533766490.6427255 676 692 693 659 727 665 -2528 7846 584 -66 173 508 -76 56 -29
1533766490.7208307 675 691 692 658 725 664 -2428 7892 830 321 727 196 -74 56 -29
1533766490.7833195 672 687 692 657 723 664 -2310 7888 514 -36 -195 306 -74 55 -30
1533766490.8530366 672 688 692 657 723 664 -2278 7900 580 -22 23 -518 -77 56 -32
1533766490.9109285 666 687 692 656 722 663 -2512 7810 672 335 184 -530 -75 55 -30
1533766490.9734159 667 689 692 657 724 664 -2298 7926 588 394 360 157 -74 57 -29
1533766491.0529165 669 693 693 658 727 664 -2266 7954 550 6 -13 -48 -74 56 -30
1533766491.1177979 666 691 692 656 725 664 -2352 7908 664 -5 12 203 -75 56 -31
1533766491.176619 665 691 692 656 725 664 -2378 7902 664 210 -40 48 -75 56 -28
1533766491.244491 666 689 692 656 725 663 -2350 7920 600 537 5 -175 -74 56 -29
1533766491.3069777 671 689 692 661 725 669 -2512 7854 468 69 -727 1306 -73 55 -29
1533766491.4277072 671 689 693 657 726 664 -2172 8056 746 117 157 450 -75 54 -29
1533766491.45895 710 697 699 707 737 724 -2274 7964 728 298 25 -65 -73 54 -30
1533766491.5058157 711 697 699 707 737 725 -2222 7892 496 187 88 139 -76 54 -31
1533766491.5683541 709 698 699 702 737 718 -2274 8016 652 91 -85 151 -74 55 -28
1533766491.6435337 707 696 699 701 736 718 -2204 7910 642 110 68 46 -73 55 -30
1533766491.706021 709 697 699 702 737 718 -2190 7900 688 106 149 -40 -74 54 -30
1533766491.7685063 705 694 698 700 735 715 -2194 7930 672 178 149 -237 -73 54 -28
1533766491.8506877 708 698 699 700 737 714 -2306 7914 632 144 135 -56 -74 53 -29
1533766491.9081852 707 697 699 699 736 713 -2212 7922 604 176 141 -106 -75 54 -28
1533766491.986294 705 696 698 697 735 711 -2302 7934 736 162 184 -222 -75 54 -30
1533766492.058458 703 696 698 695 734 708 -2272 7892 670 167 90 -4 -76 53 -29
1533766492.1194115 704 697 698 696 736 709 -2280 7916 630 205 154 -204 -77 54 -28
1533766492.1743758 700 695 697 692 734 705 -2258 7872 730 78 80 -9 -75 54 -29
1533766492.2368617 705 696 698 697 735 710 -2274 7864 682 236 105 -163 -75 54 -30
1533766492.3188004 705 696 698 697 735 710 -2280 7900 740 346 213 -25 -75 55 -28
1533766492.3769722 703 696 698 695 734 707 -2336 7886 592 123 31 152 -75 55 -29
1533766492.4394622 703 695 698 695 734 709 -2262 7900 750 146 140 -253 -75 55 -31
1533766492.5175653 702 695 698 692 734 704 -2236 7898 676 202 147 111 -76 57 -30
1533766492.586656 701 695 697 692 734 703 -2234 7888 694 190 102 -98 -74 56 -31
1533766492.6432233 698 694 697 689 733 700 -2328 7884 666 224 73 -85 -75 56 -30
1533766492.7369518 699 694 697 689 733 700 -2266 7888 654 222 108 -26 -76 53 -32
1533766492.7838192 700 695 697 690 734 702 -2320 7848 596 202 132 -44 -76 57 -28
1533766492.8538966 701 695 697 691 734 702 -2302 7930 672 142 125 -44 -76 57 -29
1533766492.908421 701 695 697 691 734 702 -2284 7892 644 189 177 -28 -76 56 -31
1533766492.9708498 702 696 698 693 735 704 -2264 7914 532 222 136 4 -73 56 -29
1533766493.0412948 700 696 697 689 734 700 -2282 7932 604 204 62 69 -75 56 -30
1533766493.1166456 700 696 698 688 735 698 -2344 7866 664 67 103 -71 -75 56 -29
1533766493.174589 702 697 697 691 736 701 -2320 7884 732 252 124 -65 -76 55 -29
1533766493.2370179 700 697 697 689 735 699 -2256 7884 564 243 146 -177 -74 53 -32
1533766493.3180633 701 697 697 689 735 699 -2336 7868 612 88 124 -25 -76 55 -30
1533766493.4085984 700 697 697 688 735 698 -2356 7884 668 121 108 183 -75 56 -30
1533766493.4398427 699 697 697 686 735 695 -2298 7910 648 65 104 -3 -73 55 -30
1533766493.5023637 697 695 697 684 733 694 -2298 7862 618 226 140 -86 -75 54 -30
1533766493.5831122 695 693 696 684 732 693 -2314 7916 744 78 129 -17 -76 54 -31
1533766493.6415462 696 694 697 686 733 696 -2342 7882 600 274 319 106 -77 56 -30
1533766493.704077 696 693 696 685 733 695 -2354 7916 720 170 69 -195 -75 54 -31
1533766493.782169 693 694 696 680 732 689 -2264 7870 684 211 97 -49 -77 57 -31
1533766493.8472233 690 692 695 677 731 685 -2390 7888 638 146 22 5 -75 56 -29
1533766493.9090168 691 693 695 678 731 687 -2272 7890 638 269 107 -63 -74 56 -31
1533766493.971503 677 690 693 661 727 667 -2294 7902 646 89 177 -125 -74 56 -30
1533766494.0617344 690 692 695 676 730 685 -2378 7844 686 76 107 49 -75 54 -31
1533766494.1125689 691 692 695 678 731 686 -2362 7924 688 323 165 -25 -75 56 -29
1533766494.1791797 693 693 696 680 732 689 -2326 7866 622 231 149 -88 -75 55 -27
1533766494.2470496 694 693 696 681 732 690 -2358 7886 762 208 135 -56 -74 57 -29
1533766494.3115945 695 694 696 682 732 691 -2342 7912 698 262 168 -145 -75 57 -29
1533766494.3829303 694 693 696 682 732 691 -2368 7956 578 266 220 -141 -75 57 -31
1533766494.4411669 694 693 695 680 732 690 -2362 7726 630 42 40 159 -75 56 -29
1533766494.5035985 691 691 695 679 730 688 -2298 7830 642 232 320 81 -75 56 -30
1533766494.5811834 690 691 695 677 730 686 -2440 8078 676 142 296 308 -74 55 -30
1533766494.6417353 692 693 695 679 731 688 -2326 7838 656 338 408 -341 -75 54 -32
1533766494.7354634 690 692 695 677 730 686 -2386 7784 688 202 -75 -141 -74 56 -30
1533766494.782378 689 692 695 674 730 682 -2310 7922 776 739 285 -384 -75 55 -28
1533766494.8523374 683 689 694 668 727 675 -2342 7932 510 714 84 -975 -76 57 -29
1533766494.9099245 678 690 693 660 727 665 -2414 7870 574 297 36 -409 -73 56 -29
1533766494.972406 706 697 698 694 735 706 -2300 7930 538 -26 72 -213 -76 55 -32
1533766495.0380316 704 694 698 694 734 707 -2518 7908 536 298 112 58 -74 56 -32
1533766495.1205387 707 694 698 697 734 712 -2468 7874 596 194 125 -131 -76 58 -32
1533766495.1744454 710 698 699 700 736 714 -2562 7844 562 126 202 92 -76 58 -31
1533766495.2369702 715 698 700 704 737 720 -2548 7822 640 134 76 88 -75 57 -31
1533766495.3150716 708 697 699 696 735 711 -2446 7876 560 198 149 4 -76 55 -29
1533766495.426511 706 696 698 694 735 708 -2430 7858 682 82 36 49 -76 59 -30
1533766495.4577544 707 695 698 696 734 710 -2476 7866 558 60 -6 -48 -75 56 -31
1533766495.504618 707 693 698 697 733 712 -2602 7900 614 423 13 432 -75 57 -29
1533766495.5671394 709 695 698 699 734 715 -2148 7906 710 82 -242 239 -76 56 -31
1533766495.643 707 693 698 697 733 712 -2302 7786 678 23 -357 -119 -75 56 -30
1533766495.705483 707 693 698 695 733 708 -2338 7724 820 88 -187 -412 -75 56 -30
1533766495.7679694 707 692 698 697 733 712 -2418 7788 552 19 31 -85 -76 55 -30
1533766495.8481023 707 693 698 699 733 714 -2404 7852 614 185 173 -230 -76 56 -28
1533766495.9113276 708 691 698 700 732 715 -2408 7842 640 174 98 94 -76 55 -31
1533766495.973813 699 690 697 689 731 702 -2336 7922 656 140 176 172 -75 55 -30
1533766496.0971165 708 694 698 700 734 714 -2418 7846 740 240 289 -42 -75 56 -29
1533766496.128036 708 694 698 698 733 714 -2338 7878 716 206 154 61 -74 54 -29
1533766496.1726696 705 693 698 695 733 710 -2408 7844 662 127 135 58 -77 54 -30
1533766496.2351558 708 694 698 698 734 711 -2384 7846 838 172 154 -1 -75 54 -29
1533766496.29764 687 690 694 673 729 681 -2304 7860 654 218 144 -67 -74 55 -30
1533766496.3792505 678 689 693 660 726 667 -2402 7876 672 119 92 -159 -74 55 -31
1533766496.4404106 676 688 692 659 725 665 -2358 7916 652 68 40 -347 -76 57 -30
1533766496.502894 709 695 698 700 735 714 -2238 7902 556 -102 -258 -863 -76 55 -31
1533766496.5857227 710 696 698 701 736 714 -2244 7988 652 -2476 547 -3635 -76 57 -30
1533766496.658903 711 697 699 701 737 714 -2758 7716 1000 -6063 -110 -6820 -75 61 -29
1533766496.7571962 711 698 699 700 737 713 -3690 7240 1582 -6675 288 -5515 -73 65 -26
1533766496.7884388 713 700 699 701 739 714 -4252 6342 2620 -779 844 598 -68 72 -20
1533766496.8695176 709 698 698 697 737 710 -3826 7198 1778 1506 -50 207 -64 73 -13
1533766496.9254615 709 697 698 698 737 710 -3616 7258 1688 227 -96 102 -66 74 -15
1533766497.0060272 709 700 699 696 739 708 -3756 7178 2012 311 326 412 -67 72 -16
1533766497.0619497 712 699 699 700 739 712 -3702 7188 1570 1499 545 1594 -65 75 -16
1533766497.1437404 713 700 699 701 739 713 -3340 7304 1864 140 -23 907 -66 73 -17
1533766497.2028356 715 702 700 702 741 714 -3362 7308 1586 1403 508 792 -66 72 -18
1533766497.2677422 712 701 699 699 740 711 -3282 7494 1584 -295 -350 51 -68 71 -18
1533766497.352744 708 698 698 696 738 707 -3418 7344 1808 1146 1046 717 -67 70 -18
1533766497.4550924 706 697 698 694 736 708 -3474 7366 1460 475 -226 -77 -66 70 -18
1533766497.486335 705 696 698 695 736 707 -3090 7588 1402 128 61 268 -67 70 -21
1533766497.5515287 701 695 697 693 735 704 -3258 7334 1772 445 822 625 -68 70 -19
1533766497.6275156 709 697 698 698 738 711 -3428 7426 1450 -114 -318 -400 -67 69 -18
1533766497.6900017 706 696 698 695 736 707 -3144 7510 1670 89 95 131 -67 69 -21
1533766497.7524877 707 696 699 696 736 708 -3324 7358 1576 -11 237 -502 -68 69 -19
1533766497.8334541 709 697 699 699 737 711 -3344 7408 1652 -83 -178 -104 -68 69 -19
1533766497.8936374 707 695 699 698 736 710 -3230 7446 1590 286 457 175 -67 69 -18
1533766497.9561265 706 695 698 695 736 708 -3220 7370 1652 15 221 -53 -67 71 -17
1533766498.0362444 706 696 698 696 736 707 -3318 7430 1640 282 512 36 -68 71 -17
1533766498.1317003 706 696 698 696 736 708 -3390 7420 1624 138 77 -77 -67 70 -18
1533766498.159384 709 696 699 700 737 712 -3428 7362 1652 -104 356 -399 -69 71 -17
1533766498.2374926 710 697 699 700 737 713 -3544 7294 1708 254 -29 138 -68 69 -17
1533766498.2999778 708 696 698 698 736 711 -3316 7348 1702 0 -194 239 -66 70 -14
1533766498.3759546 711 698 699 700 738 712 -3292 7454 1466 168 34 -339 -64 70 -18
1533766498.440817 712 699 699 701 739 714 -3166 7434 1644 172 352 442 -69 70 -19
1533766498.50327 710 699 699 699 739 711 -3410 7334 1762 69 -37 -557 -68 70 -16
1533766498.5815475 710 699 699 699 739 711 -3378 7400 1608 13 -233 -256 -66 70 -17
1533766498.6431267 712 699 699 701 740 713 -3410 7320 1800 116 210 215 -69 71 -20
1533766498.7109764 710 699 699 698 739 709 -3280 7404 1638 59 114 -470 -67 70 -16
1533766498.8105397 709 699 699 698 738 710 -3410 7346 1746 364 -17 522 -66 70 -18
1533766498.855229 711 698 699 699 739 710 -3412 7274 1912 283 -476 428 -65 70 -16
1533766498.9104302 711 699 699 700 739 712 -3334 7280 1726 797 492 -79 -69 68 -15
1533766498.9729152 711 699 699 699 739 711 -3140 7506 1448 45 95 64 -69 68 -19
1533766499.0541668 710 699 699 698 738 709 -3128 7490 1648 489 684 40 -68 70 -17
1533766499.110368 710 700 699 697 739 709 -3434 7300 1730 66 205 67 -69 67 -18
1533766499.1884763 709 699 699 696 739 707 -3598 7236 1824 203 -48 -324 -66 67 -21
1533766499.2509596 705 696 698 693 737 702 -3300 7390 1458 586 112 260 -67 70 -18
1533766499.3276837 682 692 694 664 730 669 -3126 7504 1602 -217 116 152 -69 70 -18
1533766499.3924928 681 692 693 663 730 667 -3356 7370 1746 319 208 -98 -69 70 -19
1533766499.4742172 680 692 693 662 730 667 -3384 7384 1594 320 146 10 -68 68 -18
1533766499.521081 680 691 693 662 730 666 -3284 7386 1648 117 106 124 -70 69 -18
1533766499.5992029 680 692 693 662 730 666 -3246 7404 1632 396 250 127 -67 68 -19
1533766499.6575074 680 692 693 662 730 666 -3182 7440 1596 185 219 0 -69 68 -18
1533766499.7199929 680 692 693 662 730 666 -3394 7384 1792 158 322 -179 -68 68 -17
1533766499.798099 680 691 693 662 729 665 -3352 7354 1672 501 -93 338 -69 68 -19
1533766499.8714206 679 691 693 661 729 665 -3244 7474 1440 123 -30 -219 -70 70 -17
1533766499.9378805 679 690 693 661 729 665 -3180 7394 1758 -3 196 -39 -66 69 -20
1533766499.99484 679 691 693 661 729 665 -3290 7420 1618 334 255 19 -67 67 -17
1533766500.0732527 679 690 693 661 729 665 -3290 7416 1596 417 344 134 -66 70 -17
1533766500.1680498 679 690 693 661 729 665 -3210 7476 1412 32 261 -390 -69 68 -19
1533766500.2114604 678 689 693 661 728 665 -3370 7418 1764 -177 -40 -263 -68 70 -19
1533766500.274 679 690 693 661 728 665 -3586 7234 1904 146 -265 -258 -69 69 -18
1533766500.3506505 679 690 693 661 729 665 -3472 7362 1574 328 -136 352 -68 68 -17
1533766500.4092405 679 690 693 661 729 665 -3134 7398 1724 111 105 284 -68 69 -18
1533766500.48688 679 691 693 661 729 665 -3150 7572 1426 770 899 289 -69 69 -18
