1533770383.2701397 666 636 652 688 678 691 2950 -108 7622 -18 838 121 -33 102 2
1533770383.3328376 666 636 651 689 679 691 2910 22 7744 130 554 -50 -34 102 1
1533770383.40734 666 637 652 688 679 690 3488 -128 7398 -115 -2139 16 -33 102 1
1533770383.469826 658 633 650 680 677 679 2720 -780 7788 -198 350 -42 -33 102 0
1533770383.5481486 655 631 649 677 675 676 3240 -262 7572 1292 618 -139 -31 100 3
1533770383.6106849 652 630 649 675 673 675 3240 70 7454 403 389 -480 -34 100 2
1533770383.6750998 652 631 649 675 674 674 2954 -206 7682 327 1025 106 -33 100 0
1533770383.7375863 651 630 649 673 673 671 2918 -194 7668 496 -179 -166 -33 103 2
1533770383.815718 650 630 649 672 672 672 3164 198 7540 489 -44 -169 -32 102 0
1533770383.8781824 650 630 649 673 673 672 2886 88 7730 22 550 -153 -34 102 -1
1533770383.9719048 651 630 649 673 673 673 3034 -206 7540 205 141 -179 -35 103 1
1533770384.0697162 649 630 649 672 672 671 3074 -74 7546 217 92 -103 -33 103 1
1533770384.1379561 650 630 649 672 672 672 2952 -92 7658 455 -141 252 -34 100 2
1533770384.16987 652 631 649 674 673 674 3330 128 7410 118 819 232 -33 104 0
1533770384.2067728 652 630 649 674 673 675 2802 -108 7738 19 432 298 -36 105 0
1533770384.2715566 653 631 649 676 673 676 3052 -98 7568 15 515 389 -34 103 1
1533770384.3340373 650 630 649 672 672 672 2858 -76 7636 225 631 264 -35 103 1
1533770384.3918383 652 631 649 675 673 675 2970 8 7638 249 280 64 -33 103 -1
1533770384.465798 650 630 649 674 672 673 2856 -90 7686 127 429 -50 -33 104 1
1533770384.5230975 650 630 649 674 672 673 2836 -164 7708 -84 555 80 -34 103 3
1533770384.601107 649 629 649 672 672 671 2828 -100 7648 278 40 67 -36 104 0
1533770384.6595736 651 630 649 674 672 674 2934 -116 7628 101 256 -9 -33 106 1
1533770384.7250237 651 630 649 674 673 674 2752 -228 7714 -498 23 -78 -34 106 3
1533770384.7919831 651 631 649 674 673 674 3114 248 7654 -775 -1257 343 -33 105 1
1533770384.8544707 653 632 649 675 673 676 3060 -6 7798 -1575 -3789 -555 -35 103 2
1533770384.916956 658 634 651 680 676 682 3532 -602 7002 -266 -1004 515 -32 102 3
1533770384.9996743 662 636 651 685 677 688 2524 -1098 7588 605 4282 1315 -30 99 4
1533770385.0541956 663 636 651 688 677 688 3190 -540 7710 1797 2991 695 -30 101 4
1533770385.132303 662 635 651 689 677 687 2832 260 7610 1958 488 -1192 -31 102 3
1533770385.1907482 662 636 651 689 677 688 2806 14 7736 166 798 -8 -31 101 5
1533770385.3037083 662 636 651 689 677 688 2862 -212 7592 325 476 -226 -34 105 2
1533770385.339576 661 635 651 689 677 688 2838 -190 7690 554 118 249 -35 106 4
1533770385.393145 662 636 651 688 677 687 2894 6 7658 283 23 -163 -33 103 1
1533770385.4556348 662 635 651 688 677 688 2858 -256 7702 117 443 109 -33 106 0
1533770385.5181825 662 635 651 689 677 688 2788 -62 7678 293 -18 -87 -33 105 1
1533770385.5806007 662 635 651 689 677 688 2912 -120 7680 58 269 47 -34 105 1
1533770385.653718 662 636 651 689 677 688 2798 -68 7650 191 -29 44 -34 106 2
1533770385.7076693 662 635 651 689 677 688 2850 -180 7662 177 374 105 -35 106 -2
1533770385.770016 662 635 651 689 677 687 2834 -88 7698 245 -36 58 -35 104 3
1533770385.8480382 662 636 651 688 677 688 2818 -208 7720 112 528 85 -33 105 2
1533770385.910523 662 635 651 688 677 688 2812 -138 7674 167 87 -6 -33 105 1
1533770385.9730089 662 636 651 688 677 688 2790 -166 7638 164 354 -53 -32 105 0
1533770386.0414436 661 635 651 689 677 687 2786 -136 7686 231 -87 -17 -32 105 1
1533770386.103993 662 635 651 688 677 688 2766 -172 7668 181 197 46 -32 105 1
1533770386.1743412 662 635 651 689 677 688 2756 -110 7740 218 84 44 -34 106 2
1533770386.2238944 662 635 651 689 677 688 2824 -206 7642 116 243 24 -35 104 1
1533770386.3017886 662 635 651 689 677 688 2750 -128 7696 129 -112 -2 -32 107 1
1533770386.3611593 662 635 651 689 677 688 2774 -178 7722 281 202 -7 -33 107 2
1533770386.4236436 662 635 651 689 677 688 2772 -112 7684 186 162 40 -31 108 4
1533770386.4870648 662 635 651 688 677 688 2750 -120 7738 233 189 -42 -34 105 0
1533770386.5651731 662 635 651 689 677 688 2730 -218 7692 12 1 -36 -34 105 2
1533770386.628447 661 635 651 689 677 688 2834 -166 7664 179 347 -9 -31 105 2
1533770386.6926064 661 635 651 689 677 688 2758 -182 7732 111 -128 -104 -32 108 3
1533770386.7550912 661 635 651 689 677 687 2810 -16 7696 379 155 -190 -35 103 1
1533770386.8175926 661 635 651 689 677 688 2806 -246 7738 280 105 154 -33 108 1
1533770386.880062 661 635 651 689 677 687 2742 -78 7660 555 284 303 -33 104 0
1533770386.9581687 661 635 651 689 677 687 2822 -148 7632 101 468 311 -32 106 0
1533770387.0220957 661 635 651 689 677 688 2846 -110 7668 -5 83 56 -35 104 2
1533770387.0840018 661 635 651 689 677 687 2666 -232 7732 -70 46 -253 -35 104 0
1533770387.154205 661 635 651 689 677 687 2840 -250 7676 -38 83 -249 -35 104 1
1533770387.253955 662 635 651 689 677 687 2738 -96 7770 -120 -71 -103 -34 106 0
1533770387.2851634 660 635 651 688 677 687 2954 -310 7608 90 68 -263 -33 105 1
1533770387.3476584 661 635 651 688 677 687 2748 -164 7656 260 95 -74 -33 105 3
1533770387.41782 661 635 651 688 677 687 2862 -276 7642 185 -96 -280 -32 104 2
1533770387.4749937 662 635 651 688 677 687 2752 -128 7720 232 -67 -277 -34 105 4
1533770387.5375834 661 635 651 688 677 687 2948 -178 7574 206 32 -127 -33 105 2
1533770387.615587 661 635 651 688 677 687 2788 -80 7628 160 165 -56 -34 106 2
1533770387.681452 661 635 651 688 677 686 2824 -224 7644 172 123 11 -33 105 1
1533770387.7383435 661 635 651 688 677 687 2878 -94 7616 206 244 19 -32 105 2
1533770387.8089678 661 635 651 688 677 687 2858 -234 7688 206 54 34 -34 103 2
1533770387.9176285 661 635 651 688 677 686 2842 -150 7668 98 60 -53 -33 106 5
1533770387.9565275 661 635 651 688 677 686 2876 -178 7648 147 72 -125 -32 106 0
1533770388.0033996 661 635 651 688 677 686 2892 -150 7664 264 99 -21 -30 105 1
1533770388.068278 661 635 651 688 677 686 2786 -192 7680 128 211 -9 -32 105 2
1533770388.132058 661 635 651 688 677 686 2864 -154 7692 183 95 4 -34 105 1
1533770388.1968818 661 635 651 688 677 686 2910 -174 7630 197 117 9 -33 104 -1
1533770388.2617092 661 635 651 688 677 686 2814 -196 7686 186 37 -29 -33 105 1
1533770388.326538 660 635 651 688 677 686 2900 -160 7682 187 92 -97 -33 105 2
1533770388.3913975 661 635 651 688 677 686 2860 -130 7646 187 96 -59 -32 105 2
1533770388.4562144 660 635 651 688 677 686 2896 -218 7682 234 107 28 -32 106 3
1533770388.5519352 660 635 651 687 676 685 2824 -100 7744 191 -57 0 -33 104 2
1533770388.5858424 660 635 650 687 676 685 2992 -218 7600 146 248 2 -33 104 0
1533770388.6496718 660 635 651 688 677 685 2818 -124 7712 161 107 -36 -32 103 1
1533770388.7057414 660 634 651 687 676 685 2964 -98 7564 411 88 82 -30 107 1
1533770388.7803285 660 635 650 687 677 685 2812 -246 7710 161 -242 104 -31 106 2
1533770388.8451567 660 635 651 687 677 685 3010 -64 7604 231 317 -30 -32 106 2
1533770388.9099925 660 634 651 687 677 685 2930 -188 7608 254 88 -83 -33 105 1
1533770388.9724753 660 634 651 687 676 685 2918 -132 7614 211 113 58 -34 106 2
1533770389.038136 659 634 651 687 676 685 2982 -120 7562 104 319 -47 -33 107 3
1533770389.1006222 659 634 651 687 676 685 2842 -380 7752 401 -475 -167 -32 105 2
1533770389.182362 660 634 651 687 676 685 3098 188 7454 334 -208 -55 -34 105 3
1533770389.2394907 660 634 651 687 676 684 2844 -328 7716 7 236 -233 -34 105 1
1533770389.3085225 660 634 651 687 677 684 2902 -104 7598 252 -147 -320 -32 105 2
1533770389.3716812 659 634 651 687 676 685 3182 20 7512 122 335 -116 -34 104 -1
1533770389.4341278 659 634 651 687 676 685 2960 -292 7606 90 -181 -128 -33 106 1
1533770389.508937 659 634 651 687 677 685 2632 -148 7850 712 -948 -300 -35 105 1
1533770389.5713882 659 634 651 687 676 684 3442 22 7374 217 -237 93 -31 104 2
1533770389.6338718 660 634 651 687 677 684 3108 -38 7504 62 493 137 -33 101 3
1533770389.696402 659 634 651 687 676 684 2962 -138 7660 158 329 36 -32 104 1
1533770389.7697897 659 634 651 687 677 684 3100 -114 7596 257 -176 -166 -32 103 2
1533770389.8391836 658 634 650 686 676 683 3090 -132 7584 92 224 -71 -33 104 0
1533770389.8860478 658 634 650 686 676 683 3064 -140 7580 212 -43 -78 -32 103 2
1533770389.9641547 658 634 650 685 676 683 3080 -24 7566 206 23 -75 -33 102 1
1533770390.0332806 658 634 651 685 676 682 2438 -162 7832 117 -908 -774 -32 104 1
1533770390.0909226 659 634 650 685 676 681 3708 -68 7140 682 -599 128 -31 104 1
1533770390.153412 658 633 650 685 676 682 3534 134 7238 209 541 90 -32 101 0
1533770390.2275133 657 634 651 685 676 681 3058 -142 7566 28 972 315 -33 101 1
1533770390.2927918 657 633 651 685 676 681 3180 -50 7474 193 535 265 -34 101 1
1533770390.357617 657 633 650 684 676 680 3108 -136 7584 208 295 -4 -32 101 0
1533770390.4230804 655 633 651 683 675 679 3058 -168 7574 89 644 103 -32 102 0
1533770390.5177584 652 631 649 679 674 672 3108 -118 7598 163 332 334 -32 102 1
1533770390.5571706 653 632 649 680 675 674 3050 -12 7614 379 458 74 -30 103 1
1533770390.6182725 653 632 650 680 675 674 3178 -114 7592 430 696 388 -32 104 1
1533770390.6821034 653 632 650 681 675 675 3084 -96 7474 71 951 333 -33 104 2
1533770390.7498338 654 632 650 682 675 677 2712 -172 7752 -45 1113 952 -30 106 2
1533770390.8153617 656 633 650 682 676 678 2810 -212 7672 205 -365 53 -32 104 3
1533770390.8720274 656 633 650 683 676 679 3038 -100 7552 226 660 530 -32 104 2
1533770390.9342697 656 633 650 683 676 679 2892 -194 7644 116 1252 889 -32 104 1
1533770391.0156822 656 633 650 683 676 679 2642 -198 7726 96 1344 1059 -33 106 2
1533770391.067481 656 633 650 684 676 680 2664 -224 7736 298 975 927 -32 106 1
1533770391.1771865 657 633 650 684 676 680 2586 -314 7728 246 1326 896 -31 105 4
1533770391.208431 657 634 650 684 676 679 2526 -264 7788 93 840 488 -31 106 1
1533770391.2749927 657 633 651 684 676 680 2470 -242 7786 -57 577 262 -33 106 2
1533770391.339973 657 633 651 684 676 679 2532 -362 7734 65 781 280 -32 108 3
1533770391.402491 656 633 651 684 676 679 2390 -352 7912 145 391 204 -33 109 0
1533770391.4649775 657 633 650 684 676 679 2352 -354 7850 177 155 -40 -33 109 3
1533770391.540418 656 633 650 684 676 680 2504 -318 7780 120 376 139 -34 110 1
1533770391.6031613 656 633 650 684 676 680 2342 -360 7826 66 715 320 -30 108 1
1533770391.665504 657 633 651 684 675 679 2376 -390 7802 93 401 350 -33 110 1
1533770391.7378025 656 633 651 684 676 679 2128 -596 7972 116 1007 -4 -32 111 2
1533770391.8234682 656 632 650 683 676 678 2258 -440 7856 173 499 234 -34 108 3
1533770391.8565228 654 632 650 682 676 677 2272 -336 7856 121 426 204 -31 113 0
1533770391.9188976 655 632 650 682 675 677 2160 -402 7900 68 596 46 -35 109 2
1533770391.999805 655 632 650 682 675 677 2162 -404 7862 318 663 364 -31 113 2
1533770392.053649 655 632 650 682 675 677 2174 -402 7894 158 309 -9 -32 112 2
1533770392.118976 655 632 650 682 676 677 2188 -388 7860 46 226 83 -32 111 0
1533770392.181302 655 632 650 682 675 677 2126 -436 7928 115 337 -48 -29 110 2
1533770392.2609773 655 632 650 682 676 678 2102 -424 7854 264 202 -50 -32 111 2
1533770392.3272514 654 632 650 683 675 677 2094 -422 7888 225 303 -13 -31 110 1
1533770392.3916867 655 632 650 682 675 677 2226 -452 7870 130 232 102 -32 111 1
1533770392.4705467 654 632 650 682 676 677 2078 -436 7894 194 442 135 -32 112 1
1533770392.508758 655 632 650 682 676 678 2056 -418 7964 245 156 87 -30 112 0
1533770392.5870755 655 632 651 682 675 678 2150 -404 7926 172 589 97 -31 112 4
1533770392.6493511 655 632 650 682 675 677 2042 -452 7926 91 673 173 -32 112 0
1533770392.7197776 655 632 651 682 676 677 2044 -428 7962 255 112 182 -31 113 2
1533770392.7747457 654 632 650 682 676 677 2018 -402 7946 230 458 169 -31 112 -1
1533770392.8423707 654 632 650 682 675 677 1970 -412 7932 261 160 39 -31 112 2
1533770392.904897 654 632 650 682 675 677 2096 -410 7924 133 352 117 -33 114 1
1533770392.9842136 654 632 650 681 675 677 1922 -378 7954 150 297 110 -33 112 1
1533770393.0422277 654 631 650 682 675 676 1920 -496 7888 314 438 34 -34 114 0
1533770393.1203353 654 631 650 682 675 677 1978 -406 7934 217 141 61 -33 112 1
1533770393.167277 654 631 650 682 675 677 1950 -530 7912 198 379 126 -33 113 0
1533770393.2444358 653 631 650 681 675 677 1964 -402 7934 170 159 -1 -34 114 1
1533770393.3101528 653 631 650 681 675 677 1986 -360 7948 88 -59 -47 -33 114 1
1533770393.3712034 653 631 650 681 674 677 1908 -470 7954 293 280 38 -32 113 2
1533770393.433691 653 631 650 681 674 676 1962 -494 7994 14 288 139 -30 113 2
1533770393.506305 653 631 650 681 674 676 1884 -524 7990 249 300 139 -32 114 1
1533770393.5718172 652 630 650 680 674 675 1920 -366 8052 108 118 323 -31 114 0
1533770393.634112 652 630 650 680 673 674 1934 -476 7952 398 112 -27 -31 114 2
1533770393.6951997 641 626 647 669 671 658 1902 -418 7980 351 324 106 -31 115 2
1533770393.7950213 646 628 648 673 673 666 1938 -496 8092 218 -16 127 -33 113 1
1533770393.8377726 628 623 645 659 669 650 1838 -308 7918 318 7 69 -33 113 -1
1533770393.8881624 626 621 643 649 667 633 1934 -426 7928 497 358 -181 -31 112 0
1533770393.96605 596 609 636 610 660 572 1992 -462 7942 477 392 63 -33 113 -1
1533770394.0310614 587 609 634 603 658 571 1786 -316 7906 484 300 84 -33 115 1
1533770394.0890412 598 610 635 613 664 574 1980 -384 8052 436 337 175 -33 114 -2
1533770394.1516461 596 609 634 612 665 573 1844 -368 8058 515 408 35 -33 114 1
1533770394.2287524 586 608 631 601 657 569 1924 -384 8078 164 224 187 -32 116 0
1533770394.2962964 588 609 631 603 659 569 1892 -450 8100 161 45 -118 -33 113 -1
1533770394.35627 603 612 634 614 668 574 1528 -618 8288 -343 -1542 -2040 -32 114 0
1533770394.4499965 604 612 635 614 668 574 2138 -304 7814 -25 -1058 -310 -31 114 -1
1533770394.5033245 604 612 636 614 668 574 2156 -380 7886 -49 73 -198 -33 113 1
1533770394.5565853 603 612 636 613 667 574 2014 -294 7946 188 -7 -52 -33 114 0
1533770394.619231 604 612 636 614 668 574 2078 -412 7928 155 177 26 -32 114 2
1533770394.6972387 603 612 636 613 668 574 2082 -374 7874 226 164 107 -33 112 1
1533770394.7628984 603 612 636 612 667 574 2046 -358 7950 66 32 12 -33 113 2
1533770394.8235838 603 612 636 612 667 574 2060 -396 7916 212 201 -3 -30 112 1
1533770394.8859541 603 612 637 612 667 574 2116 -396 7896 109 91 44 -34 113 2
1533770394.948696 603 611 636 612 667 574 2052 -334 7912 194 178 -3 -32 111 1
1533770395.0212865 676 639 651 688 686 688 2080 -454 7922 151 254 96 -32 111 1
1533770395.1017911 674 639 651 688 686 687 2062 -270 7850 184 104 38 -31 110 0
1533770395.150951 673 638 651 687 685 685 1960 -480 7958 173 415 -25 -31 113 1
1533770395.2132053 669 637 650 683 685 680 2098 -368 7892 179 23 27 -33 113 1
1533770395.2806373 668 636 650 684 684 680 2042 -412 7912 210 219 19 -31 112 0
1533770395.3417737 670 637 651 685 684 682 2028 -344 7902 171 126 62 -32 113 1
1533770395.4080944 671 637 651 686 685 684 2042 -390 7958 235 152 -35 -32 114 1
1533770395.4778733 672 637 651 687 686 685 2014 -450 7912 147 110 -25 -30 113 2
1533770395.5394578 672 638 651 688 685 686 2002 -388 7910 231 149 -3 -30 113 1
1533770395.6087563 672 638 651 688 685 687 2050 -420 7938 146 -34 -36 -30 114 2
1533770395.6756024 673 638 651 689 685 687 2032 -420 7916 255 145 -41 -33 112 1
1533770395.752348 673 638 651 689 686 688 2032 -400 7904 124 123 -14 -32 113 1
1533770395.8070457 673 638 652 689 686 688 2046 -392 7908 237 136 -38 -31 111 2
1533770395.8719192 674 638 651 690 686 688 2080 -416 7936 227 155 -6 -33 112 0
1533770395.9259672 674 638 652 690 686 688 2030 -390 7932 180 -59 -59 -33 113 0
1533770396.0025384 673 638 652 690 686 689 2016 -402 7946 270 277 27 -31 113 1
1533770396.054184 674 638 652 690 686 689 2054 -444 7954 146 89 -26 -31 111 0
1533770396.1185532 673 638 652 690 686 689 2052 -416 7918 222 191 74 -33 113 1
1533770396.1966925 674 639 652 691 686 690 1982 -406 7928 174 162 44 -33 114 0
1533770396.2631218 674 639 652 690 687 690 1988 -410 7904 214 117 -73 -32 115 1
1533770396.3244195 674 638 652 691 686 689 2076 -412 7954 135 190 -29 -30 114 1
1533770396.4337692 674 639 652 691 686 690 2084 -448 7900 205 131 45 -31 111 -1
1533770396.4650106 674 638 652 691 686 690 2012 -416 7918 154 73 3 -31 114 1
1533770396.5233266 675 639 652 691 686 690 2034 -416 7888 218 189 -5 -32 114 2
1533770396.5876908 674 639 652 691 686 690 2046 -442 7892 186 192 19 -34 113 5
1533770396.6501286 675 638 652 691 687 690 2048 -408 7934 197 15 -10 -33 113 2
1533770396.7175155 674 639 652 691 687 690 2022 -438 7944 215 133 44 -31 113 1
1533770396.7735102 675 638 652 691 686 690 1984 -464 7954 235 178 5 -32 113 1
1533770396.8395298 674 639 652 691 686 690 2054 -486 7936 159 130 4 -31 115 2
1533770396.9019802 675 639 652 691 687 690 2044 -420 7938 262 35 0 -30 114 -1
1533770396.9644186 675 639 652 691 686 690 1944 -536 7962 204 186 51 -31 114 1
1533770397.069537 675 638 652 691 687 690 2112 -310 7970 288 -84 15 -30 113 0
1533770397.1007826 674 638 652 691 686 690 1922 -526 7928 157 415 31 -31 113 2
1533770397.163303 675 639 652 691 687 690 2118 -346 7888 114 -21 -34 -32 114 0
1533770397.2341893 675 639 652 692 687 690 2018 -452 7944 250 81 16 -33 112 1
1533770397.2990136 675 639 652 691 687 690 2052 -416 7878 215 163 29 -33 114 0
1533770397.3551204 675 639 652 691 687 690 2042 -458 7900 196 148 -17 -33 114 3
1533770397.4176054 675 638 652 691 687 690 2052 -422 7946 214 113 46 -32 112 1
1533770397.49564 675 638 652 691 686 690 2080 -426 7892 136 142 59 -32 113 1
1533770397.5589657 675 639 653 691 687 690 2016 -472 7920 261 279 111 -31 112 1
1533770397.6214519 675 638 652 691 687 690 2078 -378 7884 171 170 79 -33 114 2
1533770397.699575 675 638 652 691 687 690 1944 -398 7924 225 249 46 -32 114 1
1533770397.756936 675 639 652 691 687 690 2058 -424 7918 248 434 147 -31 113 1
1533770397.8238175 674 638 652 691 686 690 1998 -476 7978 183 452 257 -32 113 1
1533770397.886385 674 638 652 691 686 690 1992 -368 7918 252 314 46 -32 113 1
1533770397.948763 675 639 653 691 687 690 1914 -494 7994 218 173 22 -33 114 1
1533770398.0179346 676 639 653 691 687 691 1980 -418 7986 120 306 63 -32 113 2
1533770398.0721571 676 639 653 692 687 691 1978 -390 7934 255 58 -78 -32 115 1
1533770398.1346452 676 639 652 692 687 691 1800 -344 7922 194 -34 23 -33 115 0
1533770398.2129843 675 639 652 692 687 691 2054 -456 7980 154 229 15 -31 114 3
1533770398.2751825 675 639 652 691 687 691 2016 -396 7954 439 204 33 -33 113 2
1533770398.357455 667 635 650 682 685 676 1988 -442 7900 193 119 161 -31 113 0
1533770398.4088335 604 612 637 616 669 579 1950 -592 7930 451 175 66 -33 112 2
1533770398.4752944 603 612 636 615 667 576 1968 -320 7992 405 450 359 -33 115 2
1533770398.541065 580 606 632 596 653 567 1842 -462 7970 191 432 287 -32 112 0
1533770398.603554 587 608 632 601 659 570 1906 -414 7992 270 120 64 -32 116 3
1533770398.6660373 588 610 631 601 659 569 1958 -426 7998 -57 466 365 -33 115 0
1533770398.7362378 588 610 631 600 660 569 1866 -442 7924 180 258 21 -34 113 1
1533770398.8020616 587 609 630 599 660 569 1966 -390 8002 104 253 20 -32 116 2
1533770398.8554828 587 609 631 599 659 568 2006 -670 7958 278 140 -564 -32 114 1
1533770398.9338143 587 609 631 599 659 569 1602 -126 7732 473 -1692 -1160 -32 114 0
1533770399.0279949 597 611 634 606 665 572 2254 -358 7794 129 -229 -450 -32 113 -1
1533770399.0711477 599 611 634 608 666 572 1974 -432 8000 149 28 -6 -31 114 1
1533770399.1336343 598 611 634 607 665 572 2062 -416 7890 291 63 -36 -33 112 0
1533770399.1963716 598 611 634 606 665 572 2078 -384 7898 133 189 157 -32 114 2
1533770399.26806 598 611 634 606 665 572 2068 -358 7940 135 161 66 -34 116 3
1533770399.3250246 595 610 634 604 663 571 2022 -470 7904 228 296 21 -32 112 0
1533770399.3875115 642 628 644 653 675 645 2116 -442 7872 26 190 77 -30 114 3
1533770399.4502618 644 628 644 655 678 643 2014 -432 7934 212 159 -75 -31 113 0
1533770399.523633 644 628 644 654 678 642 2086 -388 7920 183 237 2 -32 112 -1
1533770399.5861177 646 628 645 655 679 643 2038 -398 7946 254 129 71 -31 113 2
1533770399.6642346 646 628 645 656 679 643 2072 -458 7940 114 263 33 -30 111 0
1533770399.7231119 642 627 644 652 678 638 2060 -356 7920 153 168 -69 -32 111 1
1533770399.7753055 643 627 644 653 678 637 1994 -430 7912 215 128 -13 -35 112 0
1533770399.8408096 643 627 644 653 678 638 1982 -498 7954 151 82 20 -33 113 2
1533770399.9189205 643 627 644 653 678 638 2008 -334 7906 179 228 -40 -32 113 1
1533770399.9838371 643 627 644 653 678 638 1990 -442 7878 191 80 -3 -32 113 2
1533770400.0422826 642 627 644 653 678 638 2042 -432 7920 176 295 19 -31 114 0
1533770400.1047716 642 627 644 652 678 638 2050 -438 7906 202 20 25 -30 114 0
1533770400.1675138 642 627 644 652 677 637 1992 -396 7898 214 171 24 -32 112 1
1533770400.2416403 641 627 644 652 677 637 2098 -434 7886 154 96 33 -33 112 1
1533770400.3238544 640 626 644 649 677 635 1976 -442 7988 189 10 17 -31 113 3
1533770400.3575854 641 626 644 652 677 637 2088 -396 7932 228 221 30 -29 111 2
1533770400.4356918 640 626 644 651 677 636 2006 -438 7940 209 125 -11 -33 115 1
1533770400.5003185 642 627 644 654 678 640 2052 -426 7908 100 184 34 -34 113 2
1533770400.5651748 643 627 645 654 678 640 1984 -440 8002 218 111 36 -33 114 1
1533770400.6237836 642 627 645 653 677 639 2070 -446 7914 187 145 28 -32 114 1
1533770400.6961007 643 627 645 654 678 641 1988 -422 7958 297 -23 -59 -32 112 1
1533770400.7612243 641 627 644 653 677 639 2080 -444 7896 137 282 51 -31 115 1
1533770400.8263125 640 626 644 651 676 638 2008 -464 7892 243 44 -10 -32 113 2
1533770400.891527 640 626 644 652 676 638 2022 -444 7928 154 240 44 -32 113 3
1533770400.9738758 640 626 645 652 677 638 2040 -452 7868 187 88 -91 -30 111 3
1533770401.0217483 641 626 645 653 677 639 2022 -490 7988 144 152 69 -32 113 1
1533770401.076569 641 626 645 653 677 639 2046 -506 7928 168 176 -27 -32 113 2
1533770401.138917 639 624 643 646 675 628 2064 -352 7950 145 -37 66 -31 111 2
1533770401.2176821 634 624 643 647 675 630 1966 -494 7912 287 199 -39 -33 113 2
1533770401.2735593 635 624 643 647 675 630 2090 -412 7896 133 187 -48 -31 114 0
1533770401.3349352 632 623 643 643 675 625 2020 -474 7920 158 295 78 -33 114 3
1533770401.4075513 628 622 642 640 673 621 2030 -416 7938 122 184 80 -31 114 0
1533770401.4798942 633 625 643 646 672 636 1970 -462 7986 321 233 -70 -32 113 1
1533770401.5407465 640 626 644 652 676 638 2100 -462 7916 204 182 22 -32 113 2
1533770401.6203625 640 626 645 653 676 640 2030 -446 7914 139 227 0 -31 114 2
1533770401.6674874 640 627 644 653 676 640 1996 -460 7920 213 14 -73 -32 111 0
1533770401.735172 641 626 645 654 676 640 1998 -384 7972 312 123 31 -33 113 0
1533770401.8040164 641 627 645 654 677 640 2106 -414 7864 149 137 27 -34 114 0
1533770401.8576531 641 627 645 654 677 640 1938 -422 7964 276 113 -7 -32 112 2
1533770401.9203486 642 627 645 654 676 640 2046 -456 7930 140 185 22 -31 112 3
1533770401.997504 641 627 645 654 677 641 2016 -456 7896 142 93 28 -31 112 1
1533770402.057869 642 626 645 654 676 641 2036 -448 7922 179 251 65 -32 115 0
1533770402.120353 641 627 645 655 677 641 1976 -480 7948 253 176 63 -34 113 1
1533770402.1828394 642 627 645 654 676 641 2000 -446 7952 183 236 -9 -32 113 2
1533770402.300757 641 626 645 654 677 641 2046 -468 7888 217 175 47 -31 115 2
1533770402.3306005 641 627 645 654 676 641 2028 -426 7934 333 360 49 -32 114 2
1533770402.3763382 640 626 645 654 677 640 1954 -458 7964 142 84 169 -33 114 2
1533770402.4388237 640 626 644 653 677 640 1994 -406 7920 68 109 221 -31 115 2
1533770402.506672 648 630 646 663 677 658 2070 -450 8016 485 332 129 -32 112 1
1533770402.569414 629 625 642 648 667 643 1988 -370 7888 716 271 -54 -32 114 2
1533770402.647471 612 619 638 627 663 612 1964 -482 7994 415 223 16 -33 113 3
1533770402.7153819 617 620 638 634 668 613 2090 -284 7988 207 554 321 -33 115 2
1533770402.7739804 589 610 631 602 661 569 1928 -374 7900 426 936 492 -33 113 -1
1533770402.8395028 579 608 629 592 655 565 1838 -466 8076 305 229 -67 -34 116 1
1533770402.9176087 591 611 630 602 662 568 1922 -350 7934 231 1 21 -34 114 1
1533770402.9747562 589 611 629 600 661 568 1918 -340 7966 239 91 47 -32 113 1
1533770403.0405807 585 610 629 597 658 566 2060 -466 8042 141 79 -268 -32 113 1
1533770403.1072323 591 611 630 601 662 569 1712 -314 7726 -260 -1187 -1251 -33 114 -1
1533770403.1697195 622 623 638 633 669 617 2154 -378 7902 125 -499 -209 -32 114 0
1533770403.2465703 632 625 640 640 675 622 2046 -356 7932 101 72 -28 -33 114 0
1533770403.3078806 633 625 640 642 676 624 2010 -392 7922 99 30 -52 -32 114 0
1533770403.370425 638 626 641 645 678 626 2072 -456 7892 186 115 43 -34 113 0
1533770403.4328494 638 626 641 646 679 627 2064 -314 7908 220 -105 -8 -32 112 2
1533770403.50662 639 627 642 647 679 628 2026 -424 7990 178 93 -66 -32 112 1
1533770403.5886126 639 627 642 648 679 630 2090 -336 7892 190 103 -17 -31 112 -1
1533770403.6353498 639 627 642 647 678 630 2028 -418 7940 195 162 53 -32 114 1
1533770403.7031715 633 626 642 644 674 630 2080 -444 7954 146 159 17 -32 113 1
1533770403.7681284 637 627 642 647 677 632 2074 -406 7936 237 175 21 -32 112 1
1533770403.8317876 639 628 643 649 678 635 2068 -340 7888 161 173 4 -32 113 1
1533770403.888788 645 630 644 655 679 643 2022 -390 7910 234 270 26 -31 111 1
1533770403.961889 644 630 644 654 679 644 2132 -434 7950 136 242 92 -33 113 2
1533770404.0257814 644 630 644 654 679 642 2016 -394 7926 141 32 48 -32 113 1
1533770404.0857198 647 631 645 659 679 651 2068 -432 7916 227 211 -2 -31 111 3
1533770404.1514895 651 632 646 662 681 653 2060 -368 7934 215 -4 -83 -32 113 1
1533770404.2308302 651 632 646 662 680 653 2016 -442 7988 155 240 10 -31 114 2
1533770404.2748897 652 632 646 662 681 654 2062 -414 7886 188 134 -31 -32 112 1
1533770404.3401437 646 631 645 658 678 652 2008 -442 7920 203 188 7 -30 111 1
1533770404.4095914 650 632 645 660 680 652 2114 -400 7920 180 101 22 -31 114 0
1533770404.4720845 648 631 645 659 680 650 1996 -408 7928 221 81 12 -33 112 1
1533770404.534564 645 630 644 657 679 646 2010 -452 7946 150 271 28 -31 115 2
1533770404.5968115 649 631 645 660 680 652 2036 -446 7908 177 49 23 -31 113 1
1533770404.659407 649 631 645 660 679 652 2014 -370 7904 243 209 18 -32 114 2
1533770404.7367823 650 631 646 661 680 653 2104 -414 7906 226 31 -4 -32 114 2
1533770404.802234 646 631 644 658 678 652 2016 -444 8000 162 278 28 -32 114 3
1533770404.8870015 650 631 646 661 680 653 2022 -422 7902 196 102 -4 -29 113 1
1533770404.9338982 647 631 645 659 679 651 2030 -444 7942 205 172 40 -34 113 2
1533770404.9807296 650 632 645 661 680 652 2094 -414 7866 225 68 25 -31 113 1
1533770405.0544527 650 632 645 662 681 651 2008 -514 8026 154 142 17 -32 114 0
1533770405.1169922 650 631 645 661 681 651 2120 -304 7892 294 107 56 -32 112 2
1533770405.1794267 650 631 646 661 680 651 1958 -448 7980 241 36 24 -31 114 1
1533770405.2554314 649 631 645 660 680 650 2074 -448 7894 179 212 -17 -32 114 2
1533770405.3194468 646 630 645 658 679 648 2048 -440 7884 260 79 13 -32 113 1
1533770405.3763416 647 630 645 658 679 648 2054 -462 7930 190 188 57 -33 113 2
1533770405.438828 647 630 645 659 680 648 2048 -386 7946 233 78 -61 -31 114 1
1533770405.536332 647 630 645 659 679 648 2024 -462 7962 167 352 36 -32 112 1
1533770405.5741143 647 630 645 659 680 648 2122 -408 7910 163 171 -11 -32 112 2
1533770405.6393735 647 630 645 659 679 648 2020 -434 7868 225 91 25 -32 113 2
1533770405.7090757 648 630 645 659 680 649 2058 -440 7854 156 241 13 -32 114 2
1533770405.7725697 647 630 645 659 680 649 2048 -440 7938 231 100 -13 -32 113 1
1533770405.839619 646 630 645 658 679 648 2050 -452 7996 186 230 60 -31 113 1
1533770405.891204 644 630 645 656 678 648 2064 -452 7918 208 237 53 -32 113 2
1533770405.969691 647 630 645 659 679 649 1936 -458 7994 196 75 -49 -31 112 0
1533770406.0345175 635 628 643 649 672 645 2106 -404 7892 107 279 65 -33 113 1
1533770406.1035678 634 628 643 649 671 645 1906 -406 7934 239 -27 -90 -32 114 2
1533770406.1920218 632 627 643 647 670 645 2086 -476 7944 182 224 -55 -30 112 2
1533770406.2311115 630 627 643 645 670 646 1994 -442 7946 218 112 15 -32 114 2
1533770406.2971356 652 632 646 663 682 652 2058 -418 7928 128 284 71 -33 113 3
1533770406.3554862 653 632 646 665 682 653 2008 -478 7950 257 -10 -17 -33 113 1
1533770406.4279063 654 632 646 665 683 653 2054 -440 7904 182 396 96 -30 114 0
1533770406.493978 655 632 646 665 683 654 1914 -444 7830 407 275 -30 -32 115 1
1533770406.556396 654 633 646 665 683 655 2006 -402 7840 190 138 0 -31 114 1
1533770406.618621 654 632 646 665 683 654 2064 -442 7962 118 44 28 -33 112 2
1533770406.6811733 653 632 646 663 682 652 2082 -438 7928 230 476 336 -32 114 3
1533770406.7539842 644 629 644 654 680 638 1898 -438 7846 605 116 -43 -32 112 1
1533770406.8390973 633 626 641 644 674 630 1982 -350 7834 432 284 83 -34 113 0
1533770406.870229 630 625 641 645 674 625 1862 -324 7942 351 253 107 -31 114 0
1533770406.9327111 626 622 638 639 677 609 2042 -402 7890 353 95 2 -31 115 1
1533770407.0135872 606 614 633 614 671 575 1966 -408 7886 209 314 189 -31 116 1
1533770407.0728822 601 613 632 610 668 573 1914 -368 7956 429 106 -93 -31 115 1
1533770407.1353276 603 614 632 611 670 573 2026 -324 8014 221 148 -51 -31 110 2
1533770407.1978126 604 614 632 612 670 573 2072 -464 8068 -132 99 250 -33 113 -1
1533770407.274783 605 614 633 613 670 574 1870 -208 7926 -399 -570 -948 -32 114 1
1533770407.3399596 629 624 638 638 677 613 2048 -508 7998 94 -452 -461 -32 115 2
1533770407.4024065 632 624 639 639 678 614 2164 -410 7874 171 221 159 -32 115 1
1533770407.5235362 633 624 640 641 679 616 2044 -396 7980 198 22 -2 -31 114 1
1533770407.554779 633 624 640 640 678 615 2046 -412 7928 202 103 79 -32 112 0
1533770407.5983365 631 624 640 639 678 615 2080 -416 7866 167 245 6 -30 114 1
1533770407.660822 632 624 640 640 676 618 2082 -396 7930 242 37 68 -31 114 1
1533770407.7367709 629 624 640 639 675 620 1962 -488 7928 146 251 -21 -30 113 1
1533770407.8025682 637 627 642 647 677 631 2146 -362 7860 206 89 -10 -32 116 1
1533770407.8644505 643 629 643 654 679 642 2020 -440 7962 199 102 49 -30 115 1
1533770407.926937 645 629 643 652 679 635 2080 -402 7860 198 48 -16 -30 112 2
1533770407.9978442 643 629 643 654 679 640 2054 -406 7948 196 207 -18 -33 113 2
1533770408.058209 644 630 643 656 680 641 2106 -406 7940 125 205 33 -30 113 1
1533770408.1363187 645 630 644 657 680 643 2032 -402 7984 214 106 58 -32 113 1
1533770408.1831865 645 630 644 657 680 643 2036 -478 7944 152 128 -4 -32 114 1
1533770408.2590523 646 630 644 658 680 643 2080 -418 7916 181 120 -18 -30 113 1
1533770408.3225608 646 630 644 657 680 644 2036 -428 7942 193 118 0 -31 112 0
1533770408.38785 646 630 644 657 680 643 2050 -474 7916 184 164 47 -33 113 1
1533770408.4504504 645 630 644 656 680 643 2096 -422 7914 205 129 9 -32 112 1
1533770408.5130606 645 630 644 657 680 643 2014 -418 7912 262 40 -35 -32 112 0
1533770408.575337 647 631 645 659 680 646 2048 -510 7908 100 228 15 -32 116 3
1533770408.6409612 646 630 645 658 680 645 2080 -372 7920 198 -66 47 -33 115 1
1533770408.7034466 647 630 645 658 680 646 2016 -496 7934 245 90 -45 -33 114 1
1533770408.7983851 642 629 644 656 678 645 2004 -448 7922 98 167 -63 -34 113 0
1533770408.8402627 647 631 645 659 680 648 2060 -440 7898 201 127 -33 -33 112 3
1533770408.9030035 649 631 645 660 680 649 2054 -404 7968 205 51 -47 -29 114 0
1533770408.9652295 649 631 645 660 680 649 2076 -452 7924 151 169 69 -32 113 2
1533770409.0372531 649 631 645 661 681 649 2068 -436 7912 171 191 64 -33 113 3
1533770409.1007943 650 631 645 662 682 650 2050 -430 7914 241 -16 -83 -31 112 2
1533770409.163278 650 631 645 662 681 650 2042 -464 7954 132 228 13 -31 113 1
1533770409.2339697 650 632 645 662 682 651 2082 -380 7890 269 168 -12 -31 114 2
1533770409.2979133 651 632 645 662 681 651 1994 -520 7950 196 236 4 -32 111 1
1533770409.3568418 650 632 645 662 681 651 2094 -446 7916 183 146 71 -30 114 2
1533770409.4350085 651 632 645 662 682 651 2044 -398 7952 187 118 10 -30 113 0
1533770409.4926481 650 632 646 662 681 651 2080 -438 7946 156 107 -5 -33 115 2
1533770409.5565183 651 632 645 663 682 652 1996 -422 7904 252 84 -4 -32 114 0
1533770409.6192427 650 632 645 663 681 652 2062 -442 7902 181 198 22 -30 114 1
1533770409.6814888 649 631 645 662 681 652 2088 -442 7934 207 111 -88 -32 114 2
1533770409.752811 649 631 645 662 680 652 2050 -492 7890 85 120 -38 -32 114 3
1533770409.807974 649 631 646 662 680 652 2110 -316 7866 299 198 57 -31 113 0
1533770409.870461 650 631 645 663 680 652 1988 -558 7896 318 90 -3 -30 112 1
1533770409.9329762 650 632 645 663 681 652 2106 -370 7904 185 261 -14 -34 112 2
1533770410.0126014 650 632 645 663 681 653 2006 -480 7920 118 177 -5 -32 115 3
1533770410.0896719 650 632 646 663 681 652 1986 -396 7920 194 213 22 -32 114 1
1533770410.1367733 650 631 646 663 681 651 2110 -486 7902 175 93 -1 -31 112 -1
1533770410.1991992 650 631 645 663 681 651 2040 -370 7902 230 309 22 -30 114 2
1533770410.2720218 650 632 646 663 681 652 1976 -554 7980 136 72 -16 -32 113 2
1533770410.324739 651 632 646 664 681 653 2046 -336 7930 205 271 69 -34 111 3
1533770410.402845 651 632 646 664 681 654 2024 -496 7942 232 121 118 -31 114 0
1533770410.4683206 652 632 646 665 681 654 1964 -438 7938 167 296 74 -31 112 0
1533770410.524995 652 632 646 665 681 655 1986 -454 7840 240 197 -45 -33 114 3
1533770410.587709 653 632 646 666 682 655 1996 -428 7962 139 -40 -65 -31 116 1
1533770410.665588 653 632 646 666 682 655 1990 -502 7884 197 294 61 -30 114 -2
1533770410.7430227 652 632 646 666 682 655 2046 -506 7816 385 302 134 -30 114 1
1533770410.7978761 652 632 645 665 682 654 1992 -362 7894 480 678 266 -34 115 2
1533770410.8578107 644 630 644 656 680 641 1930 -464 8026 219 339 115 -32 115 2
1533770410.920297 643 629 643 654 679 638 2036 -448 7894 440 530 206 -33 114 0
1533770410.9950025 640 628 642 655 679 633 1882 -396 7906 726 479 32 -30 114 2
1533770411.0584805 588 610 631 602 661 571 1990 -466 7960 262 380 -1 -33 114 1
1533770411.1251972 601 613 632 611 669 573 1902 -404 7992 189 399 301 -34 115 0
1533770411.1890602 601 612 631 610 668 572 1868 -446 7958 88 209 192 -33 114 1
1533770411.2554758 603 612 631 612 669 573 1830 -362 7946 304 20 -50 -35 116 0
1533770411.3216379 603 612 631 613 669 573 1942 -452 7938 253 -76 -96 -33 116 1
1533770411.4247508 603 611 632 613 669 573 1616 -676 8184 -350 -1392 -1590 -33 114 2
1533770411.4649763 602 611 633 611 667 573 2180 -332 7850 85 -476 -171 -32 113 1
1533770411.5279715 602 611 633 611 667 573 2056 -328 7862 162 -180 -202 -31 113 0
1533770411.5890727 644 627 642 656 678 640 2084 -344 7932 228 -259 -164 -32 112 1
1533770411.651821 645 627 642 658 678 644 2012 -436 7936 213 -32 -12 -31 111 1
1533770411.7287152 646 627 642 659 679 645 2090 -302 7880 188 -11 -101 -31 114 0
1533770411.7954884 646 628 643 659 678 646 2080 -416 7854 185 -5 -146 -35 111 0
1533770411.8545682 646 628 643 660 678 647 2152 -366 7860 150 -44 7 -32 112 3
1533770411.9170532 646 627 643 660 678 645 2004 -394 7988 314 -274 -307 -32 112 1
1533770411.9965723 646 628 643 660 678 646 2214 -598 7706 458 -579 -1478 -31 113 2
1533770412.0725348 645 627 643 660 678 646 2262 -224 7968 325 -81 -635 -32 114 1
1533770412.1196606 646 627 643 661 679 647 2154 -294 7926 28 -110 -63 -31 112 0
1533770412.1818857 647 628 643 661 679 648 2314 -334 7762 386 204 -498 -34 114 1
1533770412.2642634 647 628 643 662 678 648 2454 -226 8016 542 572 -1548 -30 113 3
1533770412.325167 647 628 643 662 679 648 2162 -348 7946 530 1448 -1578 -32 115 2
1533770412.3878713 646 627 643 666 679 648 1968 -162 7784 -880 24 -3774 -32 115 1
1533770412.4659762 645 627 643 669 678 649 2228 -594 8108 -1639 3682 1788 -32 116 2
1533770412.5410867 646 627 643 671 678 649 1782 -1204 7566 -9324 116 5483 -29 119 4
1533770412.6036782 646 627 643 670 678 648 1046 -1026 7244 -1478 755 4498 -28 114 6
1533770412.6816788 644 627 643 667 677 645 1534 -1600 7964 3857 5424 2433 -20 112 12
1533770412.8000467 641 626 643 664 677 640 690 -982 7980 4815 5994 2550 -24 116 8
1533770412.8242586 640 625 642 663 677 640 -140 -1094 8130 1516 2522 1995 -26 121 5
1533770412.8867712 641 626 642 664 677 640 494 -1288 8228 -36 993 1040 -28 124 7
1533770412.949228 638 624 642 660 676 635 540 -1294 8114 -396 448 -283 -31 125 5
1533770413.0256352 639 624 642 661 676 635 990 -1018 7782 -425 2743 -790 -30 124 5
1533770413.091498 639 625 642 661 677 636 124 -1290 8030 -1596 1848 -979 -30 125 2
1533770413.1539824 639 625 642 661 677 636 18 -1354 8248 766 1928 1456 -27 129 2
1533770413.2301016 641 625 642 663 677 636 -186 -1274 8282 1137 36 207 -27 128 4
1533770413.2993057 638 624 642 660 677 634 726 -1028 8114 -595 -992 -104 -27 131 2
1533770413.3603132 636 623 642 657 676 630 208 -1580 8038 2333 1002 1374 -28 128 4
1533770413.4540677 631 622 640 651 675 622 -32 -868 8360 -27 -560 -447 -29 129 2
1533770413.5009055 629 621 640 648 674 621 246 -1250 8168 348 78 -90 -31 129 1
1533770413.5633895 628 620 640 647 674 618 298 -1102 8066 622 374 263 -31 126 2
1533770413.6258779 618 617 638 636 671 603 156 -984 8210 1358 723 749 -31 127 1
1533770413.6883602 611 614 636 625 670 590 232 -776 8068 846 981 778 -30 127 1
1533770413.7579277 643 626 643 664 678 640 -114 -970 8126 396 1048 984 -32 127 1
1533770413.82373 626 620 640 645 673 613 -240 -1060 8012 1375 779 599 -32 127 4
1533770413.886218 626 619 640 645 673 614 -156 -780 8250 24 -699 -165 -30 127 0
1533770413.9645681 624 619 639 643 672 613 270 -778 8238 1056 418 -177 -34 128 1
1533770414.0302167 619 619 639 640 671 612 -126 -730 8020 7 229 175 -36 128 0
1533770414.1017218 620 619 639 640 671 606 -66 -828 8146 316 -214 -180 -33 128 2
1533770414.164474 622 619 639 640 672 610 -12 -822 8202 -248 -327 -212 -36 130 2
1533770414.230977 618 617 638 640 672 611 100 -790 8098 281 225 -51 -35 127 -2
1533770414.299981 619 617 638 633 671 601 -82 -832 8210 133 -327 -166 -32 128 -1
1533770414.3560803 618 617 638 635 671 603 6 -864 8128 -245 -271 -40 -33 127 0
1533770414.4369237 621 619 639 639 672 610 256 -1006 8344 -1381 -1501 -1133 -33 126 1
1533770414.5089178 627 621 641 652 675 625 238 -1256 8094 -2367 -3879 -1819 -31 127 1
1533770414.5734406 624 621 640 644 673 615 588 -1180 8230 -483 -3283 -555 -32 125 1
1533770414.6495724 623 618 639 642 673 610 996 -1182 7988 -550 -3326 -584 -29 122 5
1533770414.7066355 620 617 639 637 672 604 946 -1520 8154 80 -430 672 -30 117 5
1533770414.8042638 620 617 638 636 671 600 1114 -1168 7984 664 -74 -172 -29 117 6
1533770414.8387654 612 615 637 628 670 591 1112 -1280 7930 566 -649 -361 -27 117 5
1533770414.9168756 610 614 636 623 669 587 1292 -1132 8070 250 -91 -405 -27 115 5
1533770414.9880755 604 612 635 618 667 580 1186 -1258 8054 189 68 -236 -30 116 5
1533770415.0558774 604 611 635 618 667 579 1146 -1190 8154 11 -514 -113 -30 115 5
1533770415.1228812 604 611 635 617 667 579 1122 -1188 7974 671 447 439 -31 114 6
1533770415.1895795 604 611 635 617 668 578 1120 -1040 8100 183 127 162 -27 114 3
1533770415.2563214 604 611 635 617 667 578 1186 -1194 8060 -38 93 -18 -31 114 7
1533770415.3231792 603 611 635 616 667 578 1164 -1190 8084 406 359 -65 -30 115 4
1533770415.392379 603 611 635 616 667 577 1298 -1012 7996 -132 -87 -129 -30 114 6
1533770415.4704313 603 611 635 615 667 576 1158 -1200 8048 519 848 462 -28 115 4
1533770415.5172966 603 611 635 615 667 576 1118 -1244 8052 -5 268 183 -31 115 5
1533770415.5797822 602 611 635 615 667 576 1172 -1084 8034 546 170 -76 -30 115 5
1533770415.6578887 602 611 635 615 667 576 1050 -1294 8074 -761 1 466 -32 116 5
1533770415.727867 602 611 635 615 667 575 1080 -1236 7796 -30 -219 -388 -29 116 6
1533770415.7968972 602 611 635 614 666 575 1172 -1358 8356 -229 -370 274 -30 117 4
1533770415.8565688 602 610 635 615 667 575 1286 -1136 7918 -132 -199 199 -28 116 5
1533770415.9347067 602 611 635 615 667 575 1272 -1408 7958 -122 -859 -251 -28 114 6
1533770416.0043094 602 610 635 615 666 575 1350 -1396 8118 221 -251 339 -29 114 5
1533770416.0721278 602 610 634 614 667 575 1400 -1240 7982 228 -61 -199 -28 112 7
1533770416.1608932 602 610 635 614 666 575 1458 -1380 7858 41 565 142 -27 112 6
1533770416.2376852 602 610 635 614 666 574 1022 -1324 7998 299 -64 -297 -28 113 7
1533770416.2775826 602 610 635 615 667 575 1362 -1240 7916 -1100 -235 -744 -28 112 6
1533770416.3473916 602 610 635 614 666 575 1444 -1394 7872 -157 -349 -641 -27 113 5
1533770416.4172053 601 610 635 613 665 574 1240 -1500 7970 -382 -935 -770 -28 114 7
1533770416.4900095 597 609 634 610 663 573 1636 -1424 7886 -182 -1841 -1042 -24 114 3
1533770416.5618193 598 609 634 611 664 573 1718 -1390 7662 142 -1348 -1243 -25 112 7
1533770416.6326292 598 609 634 611 664 573 1844 -1440 7930 -405 -1200 -171 -24 112 7
1533770416.7014446 598 609 634 612 664 573 1960 -1664 7904 31 -2625 -902 -28 107 7
1533770416.7722554 599 609 634 612 664 574 2242 -1268 7694 610 -1387 -496 -26 108 6
1533770416.8799682 599 609 635 612 664 574 2458 -1628 7896 145 -1516 397 -27 107 9
