1534184960.8714085 636 557 593 681 581 687 -7758 -710 -2600 197 67 199 -126 486 -156
1534184960.9432154 634 555 592 678 580 683 -7852 -668 -2626 311 -17 -103 -32 121 -39
1534184961.0110335 632 554 591 677 579 681 -7854 -452 -2538 346 -2 53 -32 121 -40
1534184961.0798504 632 553 590 676 579 680 -7774 -790 -2506 129 185 96 -32 120 -39
1534184961.1491077 633 553 590 676 580 680 -7906 -596 -2610 328 80 -148 -33 120 -38
1534184961.2187884 633 554 590 676 580 680 -7812 -758 -2556 191 8 236 -31 121 -38
1534184961.2895622 633 554 590 676 581 680 -7758 -614 -2624 323 222 -193 -31 121 -37
1534184961.3593757 633 554 591 677 581 680 -7864 -664 -2574 250 126 -84 -32 121 -39
1534184961.4183455 634 554 590 677 581 680 -7788 -682 -2596 230 261 60 -31 122 -39
1534184961.4969256 634 554 590 677 581 680 -7784 -700 -2502 173 -32 312 -32 120 -38
1534184961.7000034 634 554 591 677 582 679 -7836 -632 -2554 200 98 -124 -30 120 -40
1534184961.7468672 634 554 591 677 582 680 -7790 -520 -2562 297 80 25 -32 120 -40
1534184961.8171103 634 554 591 677 581 680 -7848 -728 -2552 285 203 33 -32 119 -39
1534184961.8952172 634 554 590 677 582 679 -7876 -682 -2626 245 286 -7 -34 120 -40
1534184961.9837313 634 554 591 677 582 679 -7838 -684 -2486 245 151 -32 -31 120 -39
1534184962.0578542 634 554 591 677 582 679 -7864 -664 -2590 298 27 12 -32 121 -39
1534184962.0890968 634 554 591 677 582 679 -7854 -720 -2542 304 126 -75 -31 120 -40
1534184962.1359608 635 555 590 677 582 680 -7854 -634 -2618 114 122 131 -30 121 -40
1534184962.203121 634 554 591 677 582 679 -7900 -696 -2480 262 79 -34 -30 121 -38
1534184962.2338305 635 554 591 677 582 679 -7862 -730 -2506 244 266 80 -31 122 -38
1534184962.2788823 635 554 591 678 582 679 -7772 -720 -2544 411 125 -159 -31 120 -38
1534184962.3325496 634 554 591 678 582 679 -7876 -658 -2628 227 13 -110 -31 122 -38
1534184962.4037135 635 554 591 677 582 679 -7932 -552 -2646 220 243 45 -31 120 -38
1534184962.4701645 634 554 592 678 582 679 -7794 -686 -2606 263 248 73 -33 121 -40
1534184962.5326502 635 554 591 678 582 679 -7792 -702 -2514 265 -89 69 -33 121 -40
1534184962.5975018 635 554 591 678 582 679 -7876 -740 -2552 -19 56 351 -33 120 -39
1534184962.6680436 635 554 591 677 582 680 -7818 -788 -2470 376 -107 -20 -31 120 -39
1534184962.753376 634 554 592 678 582 679 -7930 -650 -2594 215 230 -121 -32 121 -38
1534184962.8179848 635 554 591 678 582 679 -7900 -778 -2652 354 344 -195 -30 120 -38
1534184962.8805916 635 554 591 678 582 679 -7806 -806 -2436 169 280 212 -32 122 -38
1534184962.958576 634 554 591 678 582 679 -7814 -720 -2452 248 -182 -184 -31 118 -38
1534184963.0366833 634 554 591 677 582 679 -7860 -646 -2556 204 103 78 -32 120 -41
1534184963.099168 635 554 591 678 582 678 -7864 -608 -2578 201 208 111 -29 122 -40
1534184963.1690922 635 554 591 677 582 679 -7916 -644 -2502 138 314 65 -30 120 -38
1534184963.2441404 635 554 591 678 582 679 -7868 -732 -2544 254 187 165 -32 120 -38
1534184963.301663 635 554 590 677 581 679 -7830 -808 -2464 341 43 93 -33 120 -37
1534184963.3833494 634 554 591 677 582 678 -7892 -714 -2516 265 -130 51 -30 122 -39
1534184963.455174 635 554 591 678 582 679 -8050 -906 -2494 460 -1400 20 -30 123 -37
1534184963.5263894 635 555 592 678 582 679 -7834 -808 -2620 -505 -982 327 -33 120 -38
1534184963.5889344 634 554 592 678 582 678 -8276 -294 -2466 1209 1509 -962 -33 121 -38
1534184963.6835837 635 554 592 678 582 678 -7832 -1014 -2538 243 -698 649 -31 121 -38
1534184963.7304475 635 555 593 678 582 679 -7982 -350 -2248 159 281 112 -30 122 -38
1534184963.8026369 635 554 592 678 582 679 -7932 -1008 -2544 275 23 477 -33 121 -36
1534184963.8835912 635 554 592 678 582 678 -7932 -496 -2174 436 -60 -76 -32 120 -36
1534184963.9521933 635 554 592 678 582 679 -7976 -730 -2412 631 211 -29 -30 120 -38
1534184964.0145779 635 554 592 678 582 679 -7876 -752 -2170 348 96 -135 -32 120 -37
1534184964.092685 635 555 592 678 581 679 -8006 -560 -2422 335 -19 -24 -31 123 -36
1534184964.1514132 635 554 592 678 581 679 -7914 -626 -2186 284 103 134 -31 121 -36
1534184964.2295191 635 554 591 678 582 679 -7916 -702 -2262 334 120 34 -33 121 -36
1534184964.3017528 634 554 592 678 581 678 -7898 -688 -2264 360 50 -82 -32 123 -38
1534184964.3800073 635 554 592 678 582 679 -7896 -792 -2258 381 129 113 -33 121 -40
1534184964.433609 635 554 592 678 581 679 -7970 -736 -2240 296 79 -134 -34 120 -34
1534184964.5117214 635 554 592 678 581 679 -7898 -592 -2264 261 52 239 -34 122 -36
1534184964.574202 635 554 592 678 581 679 -7952 -760 -2238 376 -16 -53 -34 120 -37
1534184964.6510777 635 554 592 678 582 679 -7916 -648 -2318 100 73 271 -32 120 -36
1534184964.7150352 635 555 593 678 582 679 -7874 -672 -2184 341 15 78 -34 122 -37
1534184964.7886364 635 554 592 678 582 678 -8012 -694 -2306 254 128 -4 -34 121 -37
1534184964.8580678 635 555 593 678 582 679 -7892 -676 -2136 249 162 254 -33 121 -37
1534184964.9167647 635 554 592 678 582 678 -7924 -698 -2214 307 42 -50 -32 121 -36
1534184964.9948714 635 555 592 678 582 678 -8056 -644 -2220 397 148 84 -34 120 -37
1534184965.0573573 634 554 593 678 581 678 -7888 -690 -2208 341 143 108 -33 120 -36
1534184965.138152 635 554 593 678 582 679 -7946 -688 -2238 297 105 -212 -32 120 -36
1534184965.2080407 635 555 593 678 582 679 -8012 -652 -2276 311 241 -142 -33 121 -37
1534184965.2776005 635 555 592 678 581 679 -7874 -726 -2252 87 51 331 -34 121 -37
1534184965.3330243 635 554 592 679 581 678 -7880 -662 -2136 191 273 51 -32 120 -36
1534184965.4157732 635 554 593 678 581 679 -7992 -972 -2240 374 2 -116 -32 119 -38
1534184965.4813876 635 555 593 677 582 679 -8060 -528 -2206 255 -109 45 -33 119 -37
1534184965.5438735 635 554 592 678 581 679 -7850 -678 -2394 98 263 83 -33 119 -36
1534184965.6247694 635 555 593 678 582 679 -7882 -760 -2140 299 -14 554 -32 121 -37
1534184965.6823921 635 555 593 678 582 679 -7910 -718 -2304 199 -47 71 -33 120 -35
1534184965.7746568 635 555 592 678 581 679 -7976 -714 -2230 344 -355 758 -31 120 -37
1534184965.8332436 634 554 592 678 581 678 -6078 -816 -1814 -690 1434 1108 -32 121 -35
1534184965.9063976 634 554 591 678 581 678 -8002 20 -2424 -63 543 206 -34 119 -36
1534184965.9645834 635 554 591 678 581 678 -8004 -960 -2362 280 -140 -20 -34 118 -35
1534184966.047872 634 553 591 677 581 678 -7814 -278 -2034 -62 498 -134 -36 118 -36
1534184966.1194975 635 553 591 677 581 678 -7902 -1012 -2340 -247 1396 -404 -34 119 -36
1534184966.1939964 634 553 591 678 581 678 -7764 -348 -2334 568 -832 217 -34 119 -36
1534184966.265059 634 553 591 677 581 678 -8116 -592 -2294 -48 -331 391 -32 118 -37
1534184966.3356392 634 553 591 678 581 677 -7902 -658 -2168 -151 88 346 -36 118 -36
1534184966.4070551 634 553 591 677 581 678 -7958 -566 -2318 115 902 -440 -35 119 -37
1534184966.4663718 634 553 592 678 581 679 -8076 -596 -2354 176 49 126 -35 117 -35
1534184966.547613 635 553 591 677 581 678 -8806 -586 -3496 1337 -1727 233 -32 118 -36
1534184966.6223357 635 554 592 678 581 678 -7966 -206 -124 1527 -1673 1699 -32 119 -35
1534184966.6826148 635 554 592 678 581 678 -8020 -544 -1962 -154 2044 -1404 -36 116 -31
1534184966.7680733 635 553 592 677 581 678 -8124 -550 -2234 156 332 -311 -35 119 -34
1534184966.8333466 635 554 592 677 581 678 -8086 -564 -1990 -70 825 -300 -35 118 -35
1534184966.9111202 634 554 592 678 581 679 -8036 -630 -2134 162 213 -172 -32 119 -35
1534184966.9809756 634 553 591 678 581 678 -7960 -770 -1920 214 203 100 -33 118 -35
1534184967.043426 635 553 592 677 581 678 -8028 -602 -2280 -70 320 205 -32 121 -35
1534184967.1204696 634 554 592 678 581 678 -7862 -788 -2136 142 120 62 -31 119 -36
1534184967.184188 635 554 592 678 581 678 -7914 -754 -2054 208 125 346 -33 120 -33
1534184967.2607634 634 554 592 677 581 679 -8020 -642 -2204 195 -29 -67 -32 121 -36
1534184967.3167455 635 553 592 677 581 678 -7974 -586 -2090 316 293 -178 -36 120 -35
1534184967.4026387 634 553 591 678 581 678 -7952 -814 -2196 256 142 -12 -34 119 -35
1534184967.4659083 635 554 592 678 581 678 -7960 -580 -2038 162 140 236 -30 119 -36
1534184967.5283918 635 554 592 678 581 678 -8026 -678 -2184 89 -58 354 -34 119 -34
1534184967.6118538 634 554 591 677 581 678 -7984 -670 -2072 215 202 110 -35 120 -34
1534184967.68208 635 554 591 677 581 678 -7958 -824 -1996 261 152 -118 -34 121 -36
1534184967.7445657 635 553 592 678 581 678 -8030 -648 -2128 197 -50 172 -34 119 -34
1534184967.8173723 634 553 592 678 581 678 -7986 -544 -2060 214 189 139 -34 119 -36
1534184967.8989308 635 554 592 677 581 678 -8042 -718 -2134 309 98 -264 -34 119 -36
1534184967.949237 634 553 592 677 581 679 -7960 -600 -1986 268 -83 -68 -34 121 -35
1534184968.0275276 634 553 591 677 581 678 -8044 -678 -2184 337 288 -121 -33 121 -34
1534184968.103551 634 554 592 678 581 678 -7964 -702 -1994 164 52 160 -34 117 -35
1534184968.167358 635 553 592 678 581 678 -7988 -668 -2194 382 231 -119 -34 119 -35
1534184968.2298443 635 553 591 677 581 678 -7966 -678 -2018 200 241 8 -32 120 -33
1534184968.301854 635 553 592 678 581 678 -8038 -636 -2088 209 73 -4 -31 120 -37
1534184968.3800917 635 553 592 678 581 678 -7984 -634 -2126 215 266 34 -33 118 -33
1534184968.4424474 635 553 592 677 581 677 -8010 -732 -2106 245 86 292 -32 120 -36
1534184968.5049443 635 553 591 677 581 678 -8038 -656 -2074 175 124 -51 -35 119 -36
1534184968.583039 634 553 592 678 581 678 -7968 -668 -2120 261 60 126 -32 119 -35
1534184968.6601498 635 554 592 678 581 678 -7936 -784 -2122 276 329 -213 -32 122 -34
1534184968.715132 634 554 592 678 581 678 -7970 -558 -2094 436 5 -47 -34 120 -36
1534184968.7999117 635 553 592 677 581 678 -8008 -810 -2038 171 313 -104 -33 120 -36
1534184968.8698971 634 554 591 677 581 678 -7994 -540 -2096 339 241 128 -33 121 -34
1534184968.9348633 635 554 592 678 581 678 -7994 -936 -2062 375 90 -171 -33 119 -35
1534184968.9971325 634 554 592 677 581 678 -8068 -534 -2142 116 160 -80 -33 119 -36
1534184969.0752406 635 553 591 677 581 678 -7942 -598 -2136 208 143 309 -34 120 -36
1534184969.1506145 635 554 591 678 581 678 -7962 -712 -2066 138 195 258 -32 120 -38
1534184969.2156289 635 553 592 678 581 678 -7910 -828 -2108 313 -195 208 -31 119 -33
1534184969.2845657 634 553 592 678 581 678 -8076 -812 -2336 581 -1576 1238 -35 122 -35
1534184969.36827 635 553 591 678 580 677 -9162 -814 -2812 -1425 -928 129 -34 119 -34
1534184969.4335256 634 553 591 677 580 678 -7810 -294 -2012 833 209 -811 -34 118 -33
1534184969.4960194 634 553 591 677 580 678 -8028 -426 -2010 403 694 -409 -33 119 -32
1534184969.574114 634 553 591 677 580 677 -8010 -770 -2182 51 1298 -260 -33 119 -32
1534184969.6556258 634 553 590 677 580 678 -7984 -382 -2192 559 -331 -1030 -32 117 -33
1534184969.7154953 634 553 591 677 580 678 -8012 -710 -2060 -681 623 522 -33 120 -36
1534184969.7845063 634 553 591 677 580 678 -8142 -440 -2284 451 300 -561 -34 119 -34
1534184969.8693407 634 553 591 677 580 678 -8188 -624 -2432 360 270 -180 -32 119 -35
1534184969.931704 634 553 591 678 580 678 -8724 -918 -3084 3856 -1577 130 -32 118 -35
1534184970.0098095 635 554 591 678 581 678 -7112 680 -1020 -168 1956 -330 -34 120 -34
1534184970.088092 634 553 592 678 581 678 -8006 -1550 -2566 544 993 -1147 -37 117 -33
1534184970.1599476 635 553 592 677 581 679 -8106 -306 -1770 845 -234 -373 -34 120 -33
1534184970.2301536 634 553 592 678 581 678 -8084 -762 -2224 126 729 -464 -35 120 -33
1534184970.3018982 634 553 592 677 581 677 -7996 -522 -2050 234 -294 153 -33 118 -36
1534184970.3716483 635 553 592 678 581 677 -8006 -824 -2034 276 341 -7 -33 118 -35
1534184970.434279 635 553 592 677 581 677 -8018 -712 -1988 176 64 173 -33 119 -34
1534184970.4967659 635 553 592 677 581 677 -8036 -714 -2100 41 65 259 -35 118 -33
1534184970.5750475 635 553 592 678 581 678 -8016 -584 -2008 47 66 30 -32 119 -36
1534184970.645796 635 553 593 678 581 678 -8012 -676 -1984 175 -104 71 -34 117 -34
1534184970.7138212 635 554 591 677 581 678 -7966 -684 -2024 317 -6 64 -33 119 -33
1534184970.7828693 635 553 592 677 581 678 -8008 -668 -1994 318 18 154 -32 118 -34
1534184970.8501682 634 553 592 678 580 679 -8016 -744 -2102 105 144 38 -34 117 -33
1534184970.9165015 635 553 592 678 581 678 -7968 -546 -1860 223 -81 365 -34 119 -34
1534184970.979102 635 553 592 678 580 678 -8058 -764 -2140 223 129 41 -34 120 -35
1534184971.0570872 634 554 592 677 581 678 -8034 -572 -1862 129 123 55 -32 121 -34
1534184971.1304314 634 553 592 678 581 678 -8040 -696 -2034 188 60 291 -33 121 -33
1534184971.1842177 634 553 591 678 580 678 -8038 -576 -1894 204 4 47 -34 120 -31
1534184971.2650504 634 553 592 677 581 678 -8038 -624 -2114 311 -21 9 -35 119 -35
1534184971.3334196 635 553 592 678 581 678 -7996 -644 -1956 173 153 103 -36 118 -34
1534184971.401694 634 553 592 678 581 678 -8026 -626 -1906 230 38 -55 -32 118 -34
1534184971.464181 634 553 591 678 581 678 -8056 -528 -1972 252 170 88 -33 119 -34
1534184971.5422916 635 553 592 677 580 678 -7936 -790 -1938 53 73 296 -35 119 -33
1534184971.6116989 634 553 591 677 581 678 -8024 -588 -1914 308 -36 -20 -32 121 -33
1534184971.667655 635 553 591 677 580 678 -8022 -508 -2006 202 379 100 -33 120 -34
1534184971.752262 635 553 591 678 581 678 -8012 -796 -1808 250 183 -86 -33 118 -33
1534184971.8178284 634 554 591 678 580 678 -8050 -664 -2058 147 345 -194 -33 119 -32
1534184971.8913896 635 553 592 677 581 678 -7988 -702 -1874 193 7 80 -35 118 -35
1534184971.9496613 635 553 593 678 581 678 -7996 -696 -2072 156 311 -46 -33 118 -35
1534184972.0279524 635 553 592 677 580 678 -7984 -784 -1998 300 174 -95 -34 121 -33
1534184972.0902524 635 553 591 678 581 678 -7950 -646 -2036 213 252 -3 -31 119 -34
1534184972.1673875 634 553 591 677 581 678 -7978 -694 -2094 448 98 -281 -32 119 -35
1534184972.2384727 634 553 591 677 581 678 -8020 -618 -2016 342 147 -99 -35 121 -32
1534184972.3001502 634 553 591 677 580 678 -8036 -810 -2026 281 119 -55 -32 119 -35
1534184972.3782578 635 553 592 677 580 678 -8058 -672 -2054 302 184 -201 -32 119 -34
1534184972.4408567 635 553 591 677 580 678 -7994 -758 -2076 258 180 19 -34 120 -34
1534184972.5188487 635 553 593 677 581 679 -7918 -748 -1986 306 248 37 -31 121 -34
1534184972.5813456 635 553 591 677 580 677 -7990 -716 -2042 266 -16 95 -31 119 -34
1534184972.6516554 634 554 591 677 581 678 -8032 -646 -2106 232 91 65 -33 118 -34
1534184972.7141407 635 553 592 678 581 678 -8038 -782 -1982 192 11 204 -32 119 -34
1534184972.8011544 634 553 592 677 580 678 -8016 -734 -2022 180 331 -17 -33 121 -34
1534184972.8655365 634 553 592 677 580 678 -7930 -778 -1816 264 109 147 -34 120 -33
1534184972.935051 634 553 591 678 581 678 -8014 -708 -2080 281 73 -21 -33 120 -34
1534184972.9946227 634 553 592 677 581 678 -8032 -784 -1992 319 198 8 -33 120 -33
1534184973.0729938 635 553 591 678 581 678 -7986 -692 -1974 86 127 145 -31 120 -32
1534184973.1431043 635 553 591 677 581 678 -8038 -794 -1970 182 86 227 -33 120 -35
1534184973.2136638 634 553 592 678 581 678 -8042 -722 -1956 229 174 -162 -32 120 -34
1534184973.2814302 634 553 591 677 580 678 -8008 -650 -2006 231 34 6 -35 121 -33
1534184973.3474746 634 553 592 677 580 677 -7960 -738 -2060 306 171 38 -32 119 -34
1534184973.418357 634 553 591 677 581 677 -8020 -626 -2012 229 152 -14 -30 118 -33
1534184973.4964628 634 553 592 678 580 678 -8028 -748 -2000 358 111 173 -33 119 -32
1534184973.5589497 635 553 592 677 580 678 -7992 -814 -1978 256 224 -83 -33 119 -34
1534184973.6299324 634 554 591 677 581 678 -8046 -762 -1956 186 325 19 -31 118 -33
1534184973.6977384 635 553 592 677 581 678 -7968 -664 -2004 207 -18 135 -32 119 -35
1534184973.7687688 634 553 591 678 581 678 -7974 -674 -1972 293 31 192 -32 119 -35
1534184973.8314438 635 554 593 678 581 678 -8022 -748 -2122 321 28 130 -32 119 -32
1534184973.9013107 635 553 593 678 581 679 -8078 -676 -1970 244 394 -83 -33 120 -33
1534184973.9637954 635 554 592 678 580 678 -8070 -662 -2034 367 -38 151 -33 121 -33
1534184974.0419014 635 553 592 678 581 678 -8006 -764 -1982 229 330 94 -33 119 -35
1534184974.104389 635 554 592 678 581 678 -8094 -608 -1984 278 112 -30 -33 120 -35
1534184974.1850474 635 553 592 677 581 678 -8022 -678 -2036 254 73 58 -34 118 -35
1534184974.2531416 635 554 593 677 580 678 -8024 -784 -2060 319 280 9 -34 118 -34
1534184974.315909 635 553 593 677 581 678 -7984 -748 -1964 247 274 -103 -30 119 -33
1534184974.3950217 634 554 593 678 581 678 -8046 -650 -1974 347 127 -92 -32 119 -34
1534184974.4645545 635 553 593 677 581 678 -8094 -734 -2020 276 240 -2 -33 119 -34
1534184974.5269651 635 553 592 678 580 677 -8086 -534 -2046 586 322 -548 -32 120 -36
1534184974.609521 635 554 592 677 581 678 -8712 -1416 -1004 790 3749 -2044 -33 119 -35
1534184974.6827896 635 554 594 678 581 678 -8682 -906 -3236 876 7921 -1075 -31 121 -36
1534184974.7452765 634 554 593 677 581 679 -5820 -1838 -3040 1615 14727 2255 -30 124 -41
1534184974.8328757 635 555 593 678 581 678 -6420 -1516 -4570 -2820 2332 -918 -33 122 -58
1534184974.9143724 634 554 593 677 581 678 -7786 424 -4568 402 863 2209 -34 121 -65
1534184974.964868 635 554 594 677 581 679 -6308 76 -4064 2657 374 -951 -34 121 -62
1534184975.0428753 635 554 595 678 581 678 -6960 -1660 -4598 1907 -1694 -570 -31 121 -64
1534184975.1247923 635 554 592 677 581 678 -7406 -646 -4050 1919 -4304 -1955 -29 121 -67
1534184975.1990376 634 554 594 677 581 678 -6986 -708 -4810 -880 2158 -271 -30 124 -62
1534184975.2743084 634 553 593 677 581 678 -7390 -1284 -4112 1367 2671 -1726 -29 123 -63
1534184975.3486357 635 554 594 677 581 678 -6370 -1166 -4606 -1193 1036 680 -27 124 -64
1534184975.4184027 635 554 594 677 581 678 -7184 20 -4134 2843 -4830 -848 -29 122 -66
1534184975.496682 635 554 593 678 581 679 -7516 -1124 -3984 1219 -3232 -2207 -29 125 -63
1534184975.5746157 635 554 592 677 581 678 -7884 -1294 -3530 4019 -10959 -3819 -26 124 -57
1534184975.651894 634 554 594 677 581 678 -7526 -1918 -2610 2413 -2951 -1032 -25 128 -53
1534184975.7143795 635 554 593 676 581 678 -7706 -1608 -2438 1244 -1115 -152 -21 128 -48
1534184975.8022687 634 554 593 676 581 678 -7706 -2414 -2146 1335 -1693 -599 -21 124 -44
1534184975.874454 634 554 593 677 581 678 -7640 -1756 -2226 988 -790 119 -20 126 -45
1534184975.9487703 634 554 593 676 581 678 -7832 -2212 -1950 2141 -2362 -598 -21 127 -43
1534184976.011257 634 554 592 676 580 678 -7332 -2136 -1842 -533 -1522 419 -20 126 -41
1534184976.0926125 635 554 593 677 581 678 -7742 -1804 -1802 180 673 66 -20 127 -39
1534184976.1661124 634 553 593 676 581 678 -7764 -1950 -1934 -391 1078 774 -20 128 -41
1534184976.2284086 634 553 593 677 581 678 -7874 -1592 -2106 -1907 2531 1558 -22 128 -40
1534184976.316913 635 554 593 678 581 677 -7658 -1478 -2370 -3548 848 571 -22 124 -42
1534184976.3902423 634 554 594 677 581 678 -7888 -1832 -2914 -1540 23 876 -24 126 -41
1534184976.4508362 635 554 593 677 581 678 -7650 -952 -1960 -3012 -227 2183 -26 126 -43
1534184976.5289447 635 554 593 677 581 678 -7626 -1100 -2486 88 595 778 -25 126 -40
1534184976.606111 635 554 593 677 580 678 -7674 -380 -3086 1079 -509 -148 -27 122 -39
1534184976.6658254 635 554 593 677 581 678 -7952 -1168 -2094 190 418 219 -30 124 -39
1534184976.7439327 635 554 594 677 581 678 -8166 -938 -2504 261 467 541 -29 125 -38
1534184976.8172271 634 554 593 677 581 677 -7586 -1512 -2268 367 360 -281 -30 122 -38
1534184976.8797123 635 554 593 677 581 678 -7884 -1158 -2416 434 801 109 -27 124 -40
1534184976.95782 635 554 593 677 581 678 -7798 -1088 -2290 718 -439 318 -30 122 -40
1534184977.0203052 635 553 593 676 581 678 -8048 -894 -2202 400 -320 -94 -28 120 -39
1534184977.1057758 635 554 593 677 582 677 -7850 -1086 -2178 643 86 -70 -29 123 -40
1534184977.1668806 634 554 593 677 581 678 -7760 -1068 -2236 -285 655 -434 -31 122 -39
1534184977.2449872 634 553 592 677 581 677 -7950 -1044 -2282 250 157 84 -28 122 -39
1534184977.3160038 634 554 593 677 581 678 -8066 -988 -2406 0 457 -243 -28 121 -40
1534184977.3910494 634 554 592 677 581 677 -7258 -1758 -1500 -602 2899 288 -29 123 -37
1534184977.464422 635 554 593 678 581 678 -8904 -964 -2302 1333 -1522 -593 -29 124 -41
1534184977.526902 635 554 592 677 581 677 -7766 -966 -2252 1696 -794 -1099 -28 122 -38
1534184977.60501 635 554 593 678 581 679 -7954 -1352 -2452 414 1142 -272 -29 123 -38
1534184977.6848357 635 554 592 677 580 678 -7866 -1206 -2208 218 -78 207 -28 123 -40
1534184977.7582824 634 554 594 677 581 678 -7748 -1230 -2176 670 -344 -512 -28 123 -38
1534184977.8314304 635 554 594 677 581 678 -8072 -786 -2576 -99 874 252 -27 123 -39
1534184977.9002275 635 554 591 677 581 678 -7826 -1286 -2196 659 -636 105 -28 121 -40
1534184977.9653995 634 554 592 677 581 678 -7932 -944 -2388 -93 805 113 -30 123 -40
1534184978.0281477 635 554 591 678 581 678 -7844 -1208 -2428 941 -1603 20 -29 123 -42
1534184978.117916 634 553 591 677 581 678 -7424 -1212 -1830 -4125 1212 2187 -29 123 -41
1534184978.1825397 634 553 591 677 581 678 -8586 108 -3032 674 2375 -1407 -30 121 -38
1534184978.262361 634 553 591 677 581 677 -7728 -1744 -2746 -233 149 387 -32 121 -40
1534184978.3329558 634 552 591 677 580 677 -7580 -258 -2174 -68 -3467 -628 -30 121 -39
1534184978.4101837 634 552 590 677 580 677 -8080 -976 -2254 -769 -1191 1231 -29 122 -38
1534184978.4806507 634 552 591 677 581 677 -8202 -806 -2038 377 2851 -976 -31 123 -38
1534184978.5587556 634 552 590 676 580 678 -8206 -528 -2428 -3339 174 3374 -32 121 -35
1534184978.6287642 633 552 591 677 580 678 -8056 -122 -2648 987 -481 -679 -34 120 -37
1534184978.6968174 634 552 590 677 580 677 -7336 -902 -1904 1605 -916 -1260 -32 121 -38
1534184978.77383 634 552 590 676 580 677 -8058 -760 -2184 218 793 -260 -31 122 -37
1534184978.8467333 634 552 591 676 580 677 -8710 -374 -2936 -1309 1375 1748 -31 123 -35
1534184978.9176965 633 552 590 676 580 677 -8022 -1292 -2228 890 -1220 -900 -32 120 -37
1534184978.995857 633 552 590 676 580 677 -8184 -1220 -2958 2361 2497 -2031 -32 118 -40
1534184979.0582893 634 553 591 677 581 678 -7510 -1054 -2046 3723 -4224 336 -28 120 -36
1534184979.1342466 634 553 591 677 580 677 -7720 -630 -1190 -133 3561 128 -31 121 -37
1534184979.2123568 634 553 592 677 581 678 -8056 -1580 -2764 464 314 -230 -30 125 -37
1534184979.2936625 634 553 591 677 581 677 -7950 -772 -2014 1216 -1300 50 -28 122 -39
1534184979.348696 635 553 592 677 580 677 -8136 -1068 -1952 725 -100 -890 -31 121 -36
1534184979.4347236 634 553 591 677 581 678 -7732 -1056 -2144 261 -358 -496 -28 122 -38
1534184979.4972088 634 553 593 677 581 678 -7936 -1134 -2120 791 -63 105 -30 121 -36
1534184979.5755186 635 553 591 677 581 678 -8064 -960 -2036 519 -65 62 -30 120 -37
1534184979.6473653 634 553 591 677 581 678 -7954 -1036 -2016 550 95 -271 -31 122 -38
1534184979.7157507 634 553 592 677 580 678 -8016 -1064 -1892 477 215 -288 -28 120 -34
1534184979.7923238 634 553 591 677 581 677 -7900 -1124 -2024 265 233 -122 -30 121 -37
1534184979.8625677 634 553 593 677 581 678 -7872 -1048 -1976 28 394 500 -28 123 -38
1534184979.9328406 634 552 591 677 581 677 -7854 -1356 -1970 288 -175 132 -29 122 -35
1534184979.9952655 634 553 592 677 581 677 -7958 -1062 -1904 346 174 -40 -27 122 -36
1534184980.073371 634 553 591 677 581 678 -7910 -1084 -2082 21 154 126 -29 123 -35
1534184980.1461623 635 553 592 677 581 678 -7988 -1028 -2056 374 170 13 -28 122 -38
1534184980.2163548 634 553 591 677 580 677 -7854 -1246 -1976 263 463 -42 -28 121 -37
1534184980.2895174 634 553 591 677 581 678 -7864 -1302 -1972 301 -152 210 -29 121 -36
1534184980.3486667 634 553 592 677 581 677 -8108 -992 -1942 338 78 51 -30 121 -37
1534184980.4185495 635 553 592 677 581 678 -8076 -1068 -2082 249 146 147 -27 121 -37
1534184980.4968493 635 553 592 677 580 678 -7920 -1028 -1986 32 366 11 -28 122 -36
1534184980.5591416 634 553 591 677 581 677 -7938 -1162 -2092 50 46 243 -27 123 -37
1534184980.6378899 634 553 591 677 580 678 -7902 -1112 -1940 49 198 299 -27 122 -38
1534184980.714423 635 553 591 677 581 678 -7934 -1156 -1956 347 155 -230 -29 122 -36
1534184980.7792528 634 553 592 677 580 678 -7920 -1134 -1936 154 34 72 -29 121 -37
1534184980.8483694 635 553 591 676 581 677 -8094 -1062 -2008 139 217 -42 -30 122 -35
1534184980.9174125 634 553 591 677 580 678 -7900 -1154 -2044 200 96 500 -28 120 -35
1534184980.980036 634 553 591 677 580 678 -7902 -1138 -2040 263 484 -107 -28 123 -35
1534184981.058006 635 553 592 677 580 677 -7996 -1138 -1972 294 75 323 -29 121 -37
1534184981.1204915 634 553 592 677 580 677 -7898 -1348 -2020 205 93 135 -28 123 -37
1534184981.1988192 634 553 591 677 581 677 -7986 -958 -2116 268 253 175 -29 122 -37
1534184981.275688 635 553 591 677 581 678 -7954 -1150 -2022 365 -137 101 -31 121 -37
1534184981.3333488 634 553 593 677 581 677 -7894 -1066 -2058 166 -119 380 -27 120 -37
1534184981.4176328 634 553 591 677 581 677 -7874 -1276 -1824 272 -94 234 -29 120 -38
1534184981.480118 634 553 591 677 580 677 -8068 -948 -2058 286 -451 232 -30 121 -37
1534184981.558225 634 553 592 677 581 678 -7936 -992 -1938 206 -378 513 -30 122 -36
1534184981.6356504 634 553 592 677 581 677 -8008 -1710 -1930 -775 -156 -376 -30 124 -35
1534184981.6987035 635 553 591 677 580 678 -8734 -836 -2904 1153 956 101 -29 121 -36
1534184981.7827866 634 553 590 677 580 678 -7334 -1340 -1396 2526 -3794 -953 -31 122 -36
1534184981.848716 634 553 590 677 580 677 -8012 -1256 -1472 -218 -1020 -521 -27 122 -35
1534184981.9335597 634 553 591 677 580 678 -7796 -1156 -1594 -3833 1355 4949 -27 123 -35
1534184981.996074 633 552 590 676 580 677 -8816 -534 -2394 5850 2857 -4475 -28 119 -32
1534184982.0741506 633 553 590 676 580 677 -7360 -1978 -1308 2554 173 -2184 -28 121 -35
1534184982.156979 633 552 590 676 580 676 -8760 -904 -2392 -1188 -794 -975 -26 123 -38
1534184982.2194653 632 552 591 676 580 676 -8652 -2050 -1734 -2566 2478 4009 -27 123 -38
1534184982.3014038 632 552 590 676 580 676 -8444 -600 -1984 -2281 901 718 -27 122 -36
1534184982.3777218 633 552 591 676 580 677 -8244 -1494 -2100 220 -1000 992 -30 121 -37
1534184982.4500327 632 552 590 676 580 677 -7524 -596 -1470 -199 -1553 531 -29 121 -38
1534184982.512516 633 552 590 676 580 676 -8262 -528 -1772 -2988 538 1754 -28 118 -37
1534184982.5973344 633 552 591 676 580 677 -8360 -792 -2612 -1283 2009 865 -33 118 -37
1534184982.666963 634 553 591 676 580 677 -7666 -1522 -496 5610 -7289 820 -33 118 -34
1534184982.7451699 634 553 591 677 580 677 -8160 -994 -1714 1136 1718 -2025 -32 120 -32
1534184982.8172343 634 553 591 677 580 677 -8102 -996 -1812 553 -101 292 -31 121 -33
1534184982.8892624 634 553 592 677 580 677 -7908 -826 -1886 -283 799 -423 -28 120 -35
1534184982.9512393 634 553 591 677 580 677 -7926 -1080 -2022 839 -441 37 -30 121 -35
1534184983.0293422 634 553 592 677 580 677 -8098 -652 -1780 565 -395 -82 -30 120 -34
1534184983.0918274 634 553 592 677 580 677 -7944 -1140 -1828 337 599 -268 -30 121 -34
1534184983.1668105 634 554 591 677 580 677 -8114 -1020 -1864 600 16 -232 -31 121 -34
1534184983.2418087 634 553 591 677 580 678 -7894 -886 -1836 350 110 44 -31 121 -35
1534184983.3011003 634 553 591 677 580 677 -7990 -1058 -1926 317 356 -317 -32 120 -35
1534184983.388203 634 553 591 677 580 678 -7960 -1060 -1798 460 277 -285 -30 121 -33
1534184983.4479601 634 553 591 677 580 677 -8018 -1008 -1848 499 -63 0 -30 121 -35
1534184983.5260348 634 553 591 677 580 678 -8136 -908 -1880 525 206 -315 -32 122 -35
1534184983.588521 634 553 591 677 580 677 -8028 -1068 -1788 284 375 41 -29 122 -35
1534184983.6687486 634 553 591 677 580 677 -7954 -1054 -1780 265 367 75 -30 120 -35
1534184983.7312348 634 553 591 677 580 677 -8086 -992 -1936 248 66 -35 -29 121 -35
1534184983.8081353 634 553 592 677 580 678 -7928 -976 -1834 265 -33 220 -30 121 -35
1534184983.880397 634 553 592 677 580 677 -7960 -1074 -1762 409 118 -216 -31 120 -36
1534184983.9499109 634 553 591 677 580 678 -8044 -990 -1960 189 -33 379 -30 121 -33
1534184984.0121403 634 553 590 677 580 677 -8002 -1036 -1856 119 -44 537 -30 123 -35
1534184984.090248 634 553 592 677 580 677 -8008 -852 -1786 291 218 -147 -31 121 -35
1534184984.152782 634 553 591 677 580 678 -8084 -1038 -1892 319 -123 -54 -31 120 -36
1534184984.2308395 634 553 591 676 580 677 -8024 -970 -1834 226 234 30 -29 119 -34
1534184984.3167312 634 553 591 677 580 677 -7980 -980 -1818 246 173 207 -31 122 -35
1534184984.3743763 634 553 591 677 580 677 -7976 -904 -1834 255 194 -42 -31 119 -34
1534184984.4340062 634 553 592 677 581 678 -8070 -1010 -1774 187 384 294 -31 120 -37
1534184984.512113 634 553 591 677 580 677 -7960 -1202 -1868 380 -22 192 -30 120 -36
1534184984.5745997 634 553 590 677 580 677 -8006 -698 -1734 349 259 -320 -30 121 -37
1534184984.6514027 634 553 591 677 580 678 -7984 -1112 -2074 226 125 121 -29 118 -34
1534184984.72951 634 553 592 677 580 677 -7990 -1048 -1804 184 361 88 -32 122 -36
1534184984.8013656 634 553 591 677 580 677 -8060 -1014 -1902 -30 511 -486 -31 120 -34
1534184984.873318 634 553 591 677 580 677 -7964 -764 -1894 330 -243 309 -29 122 -38
1534184984.933907 634 553 591 677 581 677 -8032 -1154 -1832 -10 164 -128 -29 120 -35
1534184985.0120127 634 553 591 677 581 678 -8534 -1072 -842 -56 451 269 -31 119 -36
1534184985.0744984 634 553 591 677 580 677 -7746 -1026 -2100 -553 797 624 -29 120 -38
1534184985.1516118 634 553 591 676 580 677 -7622 -454 -1932 1352 435 -1037 -30 123 -36
1534184985.2299037 634 553 591 677 580 677 -7910 -904 -1818 -3078 -1502 710 -32 119 -37
1534184985.301364 634 552 591 676 580 677 -7996 -1318 -2374 -2423 2865 2782 -30 120 -37
1534184985.381688 633 552 591 676 580 677 -8184 186 -2316 354 -365 608 -33 119 -35
1534184985.4489043 633 552 590 676 580 677 -8454 -520 -2172 2772 2557 -2139 -34 119 -34
1534184985.52724 633 552 590 676 580 676 -8628 -1418 -2222 647 436 -362 -32 119 -37
1534184985.603018 632 551 591 676 580 676 -9098 -630 -3068 -2935 1705 1452 -32 117 -37
1534184985.666874 632 551 590 676 580 676 -7732 -974 -2100 -145 -131 1316 -32 116 -38
1534184985.7449808 632 552 590 675 580 677 -7350 -410 -1966 -1299 -171 1411 -32 118 -39
1534184985.8170085 632 552 590 675 580 676 -7656 -914 -2058 -295 0 621 -32 117 -41
1534184985.890629 632 551 590 675 580 677 -8102 40 -2146 1527 243 -2112 -33 118 -36
1534184985.9484878 632 552 591 675 580 676 -8708 -976 -2460 -1761 284 967 -32 119 -38
1534184986.026801 633 552 589 676 580 677 -7132 -2578 -2636 1236 -1037 -3818 -32 118 -37
1534184986.1049128 634 552 591 676 580 677 -4892 3922 -3208 11985 -15787 -953 -30 121 -40
1534184986.1834607 634 553 592 676 580 676 -8910 1070 -1232 -3396 8649 -4736 -35 118 -32
1534184986.2671404 634 553 592 677 580 677 -7448 -2198 -2208 1907 -2760 1267 -35 119 -30
1534184986.3336184 634 553 591 676 580 676 -8358 324 -1118 1222 111 -504 -31 120 -34
1534184986.4128926 634 553 591 677 581 677 -7964 -1530 -1974 1270 343 -1092 -32 120 -32
1534184986.480474 634 552 591 677 580 676 -7906 -774 -1352 -24 209 352 -31 121 -34
1534184986.5429597 633 553 591 677 580 677 -8064 -1358 -1714 51 930 -429 -28 121 -32
1534184986.6264136 634 553 591 677 581 678 -8136 -1080 -1692 480 -356 326 -30 122 -33
1534184986.682518 634 553 591 677 580 677 -8054 -968 -1662 273 134 -60 -29 121 -33
1534184986.7641354 634 553 591 677 581 677 -8108 -1228 -1650 70 51 60 -31 120 -34
1534184986.8316114 634 553 591 677 580 677 -7980 -1330 -1632 345 -65 -13 -30 122 -33
1534184986.8942354 634 553 591 677 580 677 -7980 -984 -1590 348 234 91 -31 120 -33
1534184986.972113 634 553 591 677 580 678 -7922 -1294 -1668 586 210 -182 -29 121 -32
1534184987.0348308 634 553 591 677 580 677 -8032 -1224 -1538 289 609 58 -30 118 -33
1534184987.1190572 634 553 591 676 580 678 -8026 -1060 -1632 124 587 118 -28 122 -35
1534184987.1839054 634 553 590 677 580 677 -8038 -1224 -1840 377 986 52 -30 122 -33
1534184987.25974 634 553 591 677 581 677 -7948 -1108 -1784 286 306 290 -28 122 -35
1534184987.3310592 634 553 591 677 580 677 -8030 -1092 -1724 255 306 -211 -28 124 -34
1534184987.4047897 634 553 591 677 581 677 -8106 -1108 -1856 240 -188 -66 -28 119 -35
1534184987.4656873 634 553 592 676 580 677 -8032 -948 -1866 -250 315 542 -30 120 -34
1534184987.5436304 634 553 591 677 581 677 -7870 -1208 -1700 164 189 381 -28 122 -37
1534184987.6191826 634 553 591 676 580 677 -7956 -1372 -1770 248 -393 385 -28 120 -33
1534184987.6824074 634 553 592 677 580 677 -8172 -850 -1770 654 -434 -316 -30 120 -34
1534184987.7639987 634 553 591 677 580 677 -8088 -1008 -1872 -217 273 500 -30 121 -35
1534184987.8312895 634 553 591 677 580 677 -7920 -1332 -1764 332 -804 1353 -31 121 -38
1534184987.9115698 634 553 591 677 580 678 -7610 -346 -1736 -958 1103 34 -31 120 -33
1534184987.981525 633 553 592 677 580 677 -7876 -1042 -1488 957 -544 -385 -32 120 -34
1534184988.0440097 633 552 590 677 580 676 -7758 -1296 -1604 -5091 -534 2108 -31 120 -36
1534184988.1300724 633 552 590 676 580 676 -7832 156 -1564 -2844 1958 3245 -29 119 -33
1534184988.199416 632 552 590 676 580 677 -8520 -226 -2164 983 83 -2256 -35 116 -32
1534184988.2777138 632 551 590 676 580 677 -7706 -1322 -1120 5054 1254 -5856 -35 119 -33
1534184988.3482468 632 552 590 675 580 676 -8636 -744 -1986 -5749 1829 6360 -31 120 -34
1534184988.4162583 631 551 590 675 579 676 -9066 -216 -3132 9026 883 -14482 -30 119 -37
1534184988.4943528 632 551 589 675 580 676 -7006 -2508 -912 -3548 -416 5737 -28 119 -38
1534184988.572675 632 551 589 675 579 676 -7688 -1818 -1834 -527 146 -2019 -25 121 -37
1534184988.6495774 632 551 589 675 579 676 -7606 -1506 -1796 -2766 33 5649 -27 119 -37
1534184988.7155163 632 551 589 675 579 676 -8590 -1298 -2908 -1168 450 964 -29 121 -36
1534184988.7940688 633 551 589 675 579 676 -8672 254 -1016 -151 -1317 2533 -30 119 -35
1534184988.8700526 634 552 590 676 580 676 -8558 -1534 -2574 -4626 4911 -135 -33 117 -34
1534184988.933771 634 552 590 676 580 677 -7364 -1722 -3196 7843 -5292 2923 -30 120 -34
1534184989.0120091 634 553 591 676 580 677 -8782 2460 552 3355 3071 -5015 -29 121 -37
1534184989.0921974 634 553 590 676 580 676 -7310 -2976 -2286 -2045 1916 -1474 -36 118 -29
1534184989.1676373 634 553 591 676 580 677 -8352 -308 -1360 1492 -1344 -396 -30 119 -33
1534184989.2301226 634 553 590 677 580 677 -8128 -1260 -1630 256 101 -1539 -33 120 -30
1534184989.31577 634 553 591 677 580 677 -8164 -1058 -1528 1646 -1593 187 -32 120 -32
1534184989.3782535 634 553 591 677 580 676 -8208 -700 -1156 -288 957 -735 -31 122 -32
1534184989.4563613 634 553 591 676 581 677 -8132 -1402 -1616 949 -183 -641 -31 121 -31
1534184989.5188472 634 553 591 677 580 677 -8290 -800 -1384 420 541 -241 -29 121 -30
1534184989.596955 634 553 591 677 581 676 -8044 -1250 -1354 -437 727 361 -29 121 -30
1534184989.6675067 634 553 591 677 580 677 -8018 -1058 -1414 -190 155 45 -31 118 -32
1534184989.7464054 634 553 591 677 580 677 -8110 -1000 -1456 370 118 -169 -30 121 -33
1534184989.8168998 634 553 591 677 580 677 -8012 -1128 -1472 -224 387 389 -30 120 -30
1534184989.8936365 634 553 591 677 580 677 -8154 -1124 -1482 604 430 -145 -30 118 -32
1534184989.9498568 634 553 591 677 580 676 -8072 -914 -1482 191 294 364 -30 120 -30
1534184990.0279636 634 553 591 677 580 677 -8158 -1230 -1688 112 153 -168 -31 119 -31
1534184990.1134963 634 553 591 677 581 677 -7866 -1022 -1256 181 90 771 -30 120 -33
1534184990.1678298 634 553 591 677 580 677 -8044 -1376 -1448 525 -252 48 -30 120 -32
1534184990.2465463 634 553 590 677 581 677 -8090 -726 -1586 -42 332 197 -31 122 -31
1534184990.3158598 634 553 591 677 580 677 -7938 -1274 -1594 246 -215 1287 -30 119 -33
1534184990.3940544 634 553 591 677 580 677 -7834 -1166 -1326 -1155 540 377 -33 120 -31
1534184990.464928 634 553 590 677 580 677 -7578 -1650 -1444 27 1919 870 -31 118 -33
1534184990.5274112 634 552 590 677 580 677 -7760 -944 -1622 -3509 -2346 3448 -31 121 -32
1534184990.6172621 633 552 590 676 580 676 -8672 -2192 -1726 -2865 -1172 1876 -35 119 -32
1534184990.6817875 633 552 589 676 580 677 -8612 866 -1124 73 794 1302 -32 118 -29
1534184990.7441378 633 551 590 676 579 676 -7590 -676 -1124 59 970 -2323 -39 115 -27
1534184990.8315988 632 552 590 676 580 676 -8550 336 -1654 -445 2167 2344 -35 116 -29
1534184990.902794 633 551 589 675 579 676 -7984 -800 -1696 562 1677 -1456 -36 118 -31
1534184990.9657774 632 551 589 675 579 675 -7724 -278 -1394 3358 -1150 -2654 -35 116 -28
1534184991.0438385 632 551 589 675 579 675 -8366 -1742 -2326 -6896 -495 9150 -35 118 -30
1534184991.1260042 633 552 589 675 579 675 -7714 1106 -166 2187 648 -4589 -38 117 -31
1534184991.1989238 634 552 589 676 579 675 -9500 -3718 -4964 285 2816 -762 -41 114 -29
1534184991.273985 634 553 590 676 580 676 -9756 896 5032 3865 -15430 10783 -34 116 -34
1534184991.349184 634 553 592 676 580 676 -8290 -536 -1676 2960 2645 -10334 -44 114 -24
1534184991.4180026 634 554 591 676 580 676 -8660 -1252 -1486 -110 995 1613 -37 118 -27
1534184991.4804893 635 554 591 677 580 677 -7690 -518 -764 651 3 -2220 -32 118 -27
1534184991.5585942 635 554 591 677 580 677 -8342 -968 -1664 431 541 -1287 -31 118 -28
1534184991.6383822 634 554 591 677 580 676 -8114 -1112 -1222 1285 -170 -723 -33 119 -28
1534184991.6982663 634 554 591 677 580 677 -8016 -710 -1030 250 133 206 -32 119 -28
1534184991.7806482 634 554 592 677 580 677 -8294 -1066 -1194 286 406 -998 -31 118 -30
1534184991.8467538 634 554 591 677 580 676 -8064 -1120 -1372 666 -882 709 -29 119 -29
1534184991.9184785 635 554 591 677 580 676 -8040 -1042 -746 224 102 -39 -31 120 -28
1534184991.981028 634 555 591 677 580 677 -8232 -1176 -1184 38 643 -299 -32 121 -28
1534184992.0592778 634 554 591 676 580 676 -8014 -1104 -1018 579 -543 -576 -30 118 -30
1534184992.13904 635 555 591 677 580 676 -8174 -1020 -1040 448 184 168 -31 120 -30
1534184992.1989622 634 554 590 677 580 677 -8136 -1148 -1224 305 256 69 -31 119 -27
1534184992.2999642 635 555 590 677 580 676 -8130 -1200 -946 404 193 -183 -33 117 -30
1534184992.3492475 634 554 590 677 580 677 -8194 -940 -1180 199 26 266 -30 120 -30
1534184992.4171588 635 554 590 677 580 677 -8162 -1200 -990 425 503 2 -31 119 -29
1534184992.4796438 634 555 590 677 580 677 -8048 -1180 -1146 262 255 371 -31 121 -31
1534184992.5579185 635 554 591 677 580 676 -8128 -1062 -1008 486 -232 -214 -31 120 -28
1534184992.6296995 635 555 591 677 580 676 -8080 -1150 -962 85 514 8 -31 120 -29
1534184992.6987138 634 555 591 677 580 677 -8078 -1270 -1100 344 33 -295 -31 120 -30
1534184992.7728648 634 555 590 677 580 676 -8050 -1096 -1042 255 171 -121 -31 123 -29
1534184992.832408 634 555 591 677 580 677 -8162 -1146 -1212 103 517 226 -29 120 -28
1534184992.9167838 635 555 591 677 580 677 -8056 -1194 -986 318 300 -155 -29 119 -30
1534184992.9960232 635 555 591 677 580 676 -8074 -1140 -1092 236 338 -239 -30 122 -28
1534184993.0584934 634 555 591 677 580 676 -8096 -1090 -1196 -57 709 -66 -32 122 -31
1534184993.1299162 635 555 591 677 580 677 -8082 -1282 -1268 147 322 -38 -29 121 -31
1534184993.199168 634 555 590 677 580 676 -8020 -1098 -1138 445 431 -156 -30 121 -33
1534184993.2714524 635 555 591 677 580 676 -8056 -1230 -1346 6 472 -76 -29 121 -30
1534184993.3338468 634 555 591 677 580 677 -8090 -1128 -1238 11 363 185 -31 121 -31
1534184993.41317 635 555 591 677 580 677 -8072 -1348 -1298 312 167 158 -28 122 -31
1534184993.4802017 635 555 590 677 580 676 -8048 -1200 -1268 58 506 -162 -28 119 -31
1534184993.5426857 634 555 590 677 581 676 -8066 -1204 -1320 308 -89 98 -29 121 -30
1534184993.6279032 634 555 590 677 580 677 -8104 -1072 -1246 237 259 -95 -28 120 -30
1534184993.6968198 634 555 591 677 580 677 -8038 -1410 -1322 518 -72 166 -30 121 -30
1534184993.7678814 635 555 590 677 580 677 -8004 -1116 -1370 244 187 140 -29 121 -33
1534184993.8312159 634 555 590 677 581 676 -8104 -1128 -1020 737 -441 262 -29 120 -32
1534184993.9019015 635 555 591 677 581 676 -8172 -1296 -1484 52 422 -191 -31 120 -32
1534184993.9800775 635 555 590 677 580 676 -8114 -890 -1170 48 27 227 -28 121 -30
1534184994.0426426 634 555 590 677 581 677 -8076 -1394 -1426 262 67 197 -32 121 -30
1534184994.1201549 635 555 590 676 581 677 -7996 -1068 -1184 354 21 170 -31 119 -34
1534184994.182403 635 555 591 677 580 676 -8002 -1082 -1256 132 3 362 -31 122 -32
1534184994.2605114 635 555 590 677 581 677 -8010 -1190 -1248 534 -159 98 -30 122 -31
1534184994.333235 635 556 590 677 580 676 -8152 -1204 -1346 829 -605 723 -29 120 -31
1534184994.4106276 635 555 590 677 580 676 -8466 -824 -782 -134 2228 -261 -29 118 -30
1534184994.4659507 635 555 590 677 580 676 -7720 -1304 -1126 776 167 233 -31 121 -30
1534184994.5442758 634 555 590 677 580 676 -9068 -450 -1680 -3085 -1532 1819 -31 120 -30
1534184994.6274302 634 555 590 677 580 675 -7984 -1312 -1424 2020 1796 -1276 -33 118 -32
1534184994.698239 634 555 588 676 580 676 -6834 -2054 -648 -3826 -3515 6075 -31 120 -30
1534184994.7735872 634 554 589 676 580 676 -8202 1378 -908 -737 1410 140 -32 120 -29
1534184994.8468852 633 554 590 676 580 676 -8258 -2428 -786 689 3776 -1703 -37 114 -27
1534184994.9174247 633 554 588 676 580 675 -8386 596 -1826 -1336 669 1437 -33 118 -29
1534184994.9801636 633 554 588 676 580 675 -8066 -2344 -1438 -90 709 1183 -36 116 -31
1534184995.0580204 634 554 590 676 580 675 -7844 196 -1052 632 -1990 483 -30 118 -34
1534184995.1523306 634 554 589 676 580 676 -9698 -932 -3354 115 4074 -1921 -34 119 -31
1534184995.203719 635 555 590 677 581 676 -8836 -1232 3050 3367 -11510 12715 -35 117 -32
1534184995.2873518 634 555 590 677 581 677 -8438 -170 -1324 -101 3133 -5757 -35 117 -28
1534184995.359509 634 555 590 677 581 676 -8040 -1390 -1430 352 -818 997 -36 117 -29
1534184995.4319026 635 556 591 677 581 676 -8116 -692 -1066 -109 336 -654 -33 118 -31
1534184995.49441 634 556 590 677 581 676 -8126 -1102 -1314 419 -337 165 -33 118 -32
1534184995.57247 635 556 591 677 581 676 -8184 -730 -1020 275 463 -14 -32 121 -29
1534184995.6468728 635 556 591 677 581 676 -8110 -1074 -1306 144 302 -702 -31 118 -30
1534184995.7148414 634 555 590 676 581 676 -8216 -938 -1092 368 168 -24 -32 119 -31
1534184995.7882833 634 556 590 676 580 676 -8026 -958 -1082 482 253 -185 -33 119 -32
1534184995.859513 635 556 590 677 580 676 -8228 -812 -1452 438 208 -496 -32 117 -30
1534184995.9164622 635 556 591 677 580 677 -8160 -926 -1196 286 202 -150 -30 118 -29
1534184995.9945693 635 556 591 677 581 677 -8086 -964 -1196 354 38 -46 -30 118 -31
1534184996.0570657 635 556 590 677 581 676 -8112 -916 -1298 268 362 44 -32 119 -30
1534184996.1388447 635 556 591 677 580 676 -8120 -1028 -1202 428 225 12 -33 119 -28
1534184996.1991556 634 556 591 677 581 677 -8084 -964 -1164 144 156 384 -31 119 -29
1534184996.2794783 635 556 590 677 581 676 -8054 -1110 -1194 368 -4 269 -32 120 -31
1534184996.3501332 634 556 591 677 581 677 -8142 -948 -1136 319 138 -207 -33 119 -32
1534184996.4169765 635 556 590 676 581 676 -8134 -980 -1180 335 -2 322 -32 121 -30
1534184996.479365 634 555 591 677 581 676 -8198 -936 -1056 147 219 -138 -33 119 -30
1534184996.5574708 635 556 591 677 581 677 -8036 -1002 -1180 14 171 150 -31 119 -30
1534184996.6323915 634 556 590 677 580 676 -8140 -1064 -1192 251 178 175 -32 119 -30
1534184996.6976392 635 556 591 677 580 676 -8100 -976 -884 426 -57 224 -32 118 -32
1534184996.7739842 635 556 591 677 581 677 -8110 -1058 -1214 353 400 -509 -32 119 -30
1534184996.8315845 635 556 591 677 581 676 -8212 -818 -1194 173 311 -35 -31 119 -31
1534184996.9096937 634 556 590 677 581 677 -8154 -930 -1174 189 24 68 -32 121 -33
1534184996.9721866 635 556 590 677 581 677 -8176 -922 -1336 199 414 -170 -34 120 -29
1534184997.0502856 635 555 590 677 581 676 -8006 -1034 -990 240 163 -21 -32 121 -32
1534184997.1260543 634 556 590 677 581 676 -8022 -1078 -1170 448 -143 115 -30 121 -33
1534184997.1830487 634 556 591 677 581 676 -8212 -990 -1280 254 290 -135 -31 121 -31
1534184997.2674735 634 556 591 677 581 676 -8112 -984 -1188 108 364 630 -33 119 -31
1534184997.3326972 634 555 589 677 581 676 -8066 -1216 -980 144 186 99 -33 117 -30
1534184997.400872 635 556 590 677 581 676 -8294 -908 -1174 429 -245 266 -30 120 -30
1534184997.4633589 634 556 591 677 581 676 -8048 -1042 -990 -22 136 591 -32 121 -31
1534184997.5414631 634 556 592 677 581 676 -8162 -1134 -1124 574 -350 97 -31 118 -30
1534184997.6188147 634 556 590 677 581 676 -8268 -804 -1066 190 241 -50 -34 120 -30
1534184997.6825151 635 555 591 677 580 676 -8410 -816 -1450 -216 45 673 -32 121 -30
1534184997.760568 634 556 590 677 580 676 -8198 -1178 -914 207 1353 -68 -34 118 -29
1534184997.8172708 634 556 591 677 581 676 -8354 -866 -1436 138 1524 230 -33 120 -31
1534184997.9019017 634 555 590 676 580 676 -8306 -834 -1466 829 441 -21 -34 118 -30
1534184997.9646208 634 555 589 676 580 676 -8170 -830 -1242 820 -1280 894 -34 119 -31
1534184998.0429068 634 555 591 677 580 676 -8278 -954 -1182 -437 -1388 201 -35 119 -30
1534184998.1202102 634 555 590 677 580 676 -7204 -794 -394 -1840 2315 1741 -34 119 -30
1534184998.1838248 634 555 589 676 580 676 -8172 230 -1100 -1417 -318 -1129 -36 119 -32
1534184998.2694352 633 555 589 676 579 676 -7444 -1638 -770 -427 4972 -1015 -37 116 -29
1534184998.3327055 633 554 590 676 580 675 -8278 -976 -1970 -5251 836 6368 -34 117 -32
1534184998.4176972 633 555 589 676 579 675 -8110 -174 -1452 2901 -1540 -2902 -36 117 -35
1534184998.4812458 633 554 589 675 580 675 -8278 -2230 -1788 -952 -2302 4888 -37 116 -32
1534184998.559352 634 555 589 676 580 676 -9272 326 -2332 7425 -453 -9847 -37 114 -31
1534184998.6378303 634 555 590 677 580 676 -7846 16 608 -1010 -1528 8701 -35 118 -29
1534184998.699022 635 556 590 677 580 676 -8258 -18 -896 302 1573 -2905 -40 117 -27
1534184998.7805686 635 556 590 677 581 675 -8244 -1012 -1184 41 579 -342 -40 116 -29
1534184998.8466623 635 556 591 677 580 675 -8120 -478 -1088 329 -17 -390 -39 117 -29
1534184998.918415 634 556 591 676 580 676 -8266 -660 -1178 235 534 -1138 -38 115 -28
1534184998.980901 635 556 591 677 581 676 -8204 -940 -1038 447 123 293 -36 117 -30
1534184999.0590067 634 555 591 677 580 676 -8168 -564 -848 581 327 -376 -36 120 -29
1534184999.1352723 635 556 591 677 580 676 -8180 -682 -1212 331 201 -577 -36 116 -28
1534184999.198156 635 556 591 676 581 676 -8132 -844 -988 516 146 63 -36 118 -29
1534184999.2761939 635 556 590 677 580 676 -8156 -838 -1186 280 -119 -207 -35 119 -29
1534184999.3472197 634 556 590 677 580 676 -8300 -630 -1224 382 -115 11 -35 117 -29
1534184999.4180198 634 556 590 677 581 676 -8088 -722 -1040 307 197 314 -36 118 -30
1534184999.4805074 635 556 590 677 580 676 -8258 -854 -1198 325 306 -553 -37 117 -29
1534184999.5429907 634 556 591 677 581 676 -8270 -828 -1086 246 71 -237 -33 118 -31
1534184999.627012 634 556 591 677 581 676 -8218 -746 -1170 186 65 149 -35 118 -31
1534184999.6820462 635 556 591 677 580 675 -8170 -552 -1006 218 -41 378 -35 119 -29
1534184999.76763 635 556 590 677 580 676 -8174 -990 -1078 214 173 -19 -33 116 -29
1534184999.8325162 634 555 591 677 580 676 -8236 -628 -1002 518 -463 395 -36 119 -29
1534184999.9086802 635 556 590 677 581 676 -8890 -850 -726 -76 1599 340 -35 117 -30
1534184999.9811964 635 556 591 677 581 676 -7866 -1102 -1014 -314 -599 927 -34 116 -31
1534185000.0436957 634 556 590 677 580 675 -8146 -366 -1076 -677 -955 656 -37 116 -30
1534185000.1312077 634 555 590 677 580 676 -8570 -1636 -932 -512 773 1399 -37 117 -30
1534185000.182518 634 555 590 676 580 675 -7626 94 -978 1188 -155 -149 -36 117 -27
1534185000.2692807 634 555 590 676 580 676 -8348 -410 -924 -3878 940 4503 -40 118 -27
1534185000.3330438 633 555 589 676 580 676 -7582 -300 -834 863 -1553 -522 -40 117 -28
1534185000.401469 633 555 590 676 580 675 -8016 -4 -476 -701 1062 97 -38 116 -30
1534185000.4798348 633 554 589 675 579 675 -9204 -186 -1876 91 1553 -581 -41 114 -28
1534185000.542062 632 555 589 675 580 675 -8206 -104 -998 2131 1783 -1462 -40 116 -30
1534185000.6278172 633 554 589 675 580 675 -7808 -402 -576 -420 -1881 -836 -38 117 -32
1534185000.697792 634 555 590 676 580 676 -9750 -974 -3570 2886 1860 -1072 -37 114 -31
1534185000.7746596 634 556 590 677 580 675 -9598 1576 3374 2320 -283 4831 -40 114 -32
1534185000.846633 634 556 591 677 580 676 -8536 -786 -1684 -936 4091 -7727 -42 116 -26
1534185000.9225066 634 556 590 677 580 676 -8004 -1152 -1110 -1308 876 2009 -35 118 -30
1534185000.9814413 634 556 591 677 580 677 -8240 -910 -1186 -75 647 -1854 -35 118 -32
1534185001.0596519 634 556 591 677 580 676 -8034 -1256 -1530 1081 -160 -766 -34 117 -32
1534185001.1401896 635 556 591 677 580 676 -7920 -898 -1006 284 472 -333 -30 119 -34
1534185001.2128344 634 556 592 677 580 675 -8196 -1318 -1492 233 712 -813 -33 120 -33
1534185001.283621 634 556 590 676 581 676 -8058 -1306 -1250 924 281 122 -30 119 -33
1534185001.3490863 635 556 590 676 580 676 -7946 -1258 -1174 541 -57 -165 -32 117 -32
1534185001.4285874 635 556 591 677 581 676 -8100 -1166 -1266 802 412 -271 -28 121 -34
1534185001.499982 634 556 591 677 581 675 -8090 -1124 -1322 701 525 46 -31 120 -34
1534185001.562468 634 556 591 676 581 676 -8198 -1034 -1264 323 1133 -192 -31 119 -34
1534185001.6452205 634 556 590 677 581 676 -8098 -1282 -1394 1104 982 -310 -31 118 -34
1534185001.7151053 635 556 591 677 580 677 -8068 -898 -1444 1687 1411 -862 -30 119 -35
1534185001.7946165 634 556 591 677 581 675 -7630 -1938 -1188 1048 1477 -2094 -30 120 -36
1534185001.8662097 634 556 590 677 581 675 -8204 -1492 -2076 821 808 -291 -29 122 -39
1534185001.9390144 635 556 590 677 580 676 -7782 -1330 -1858 971 -25 -128 -30 123 -38
1534185002.0118191 634 556 591 677 581 676 -7996 -1580 -1424 862 -182 -207 -28 122 -39
1534185002.0856397 634 556 591 677 580 676 -7970 -1576 -1370 710 -106 -108 -29 121 -39
1534185002.1594255 635 556 589 677 581 676 -7890 -1428 -1630 -494 886 -415 -26 122 -39
1534185002.2332375 634 556 591 677 581 676 -7972 -1586 -1842 -191 1095 -452 -28 124 -40
1534185002.3279748 634 555 590 677 580 676 -7928 -1648 -1900 506 -492 307 -26 124 -41
1534185002.40078 635 556 591 677 581 676 -7864 -1378 -1438 299 -71 168 -28 122 -38
1534185002.481564 635 556 591 677 580 676 -7932 -1476 -1654 -73 208 -203 -28 119 -39
1534185002.5234537 634 556 590 677 581 676 -7894 -1486 -1742 -153 212 -125 -28 120 -38
