1533770486.3163378 608 622 637 602 676 576 -6770 58 4696 366 -128 43 -13 129 13
1533770486.3833373 610 623 637 603 676 576 -6628 -16 4744 -167 131 -9 -12 129 14
1533770486.4357734 610 622 638 603 676 576 -7176 418 4930 467 233 -8 -10 130 14
1533770486.5138798 611 623 637 604 677 576 -6826 294 4988 -592 202 424 -11 128 11
1533770486.5860016 612 623 637 604 677 576 -6710 -22 4868 -521 210 -238 -13 128 14
1533770486.6535647 612 623 638 604 677 576 -6906 -64 4666 176 108 -82 -11 130 14
1533770486.7053459 611 623 638 604 677 576 -6792 4 4738 318 -8 -168 -9 127 12
1533770486.7834523 612 623 638 604 678 576 -6788 174 4742 294 -234 -281 -10 127 13
1533770486.8459377 612 623 638 604 677 576 -6840 -20 4802 203 130 -143 -9 127 14
1533770486.9084246 612 623 638 604 678 576 -6754 38 4776 127 81 -171 -12 128 14
1533770487.0269878 612 623 638 604 678 576 -6812 80 4654 231 76 -51 -11 130 13
1533770487.1171267 612 623 637 604 678 576 -6798 44 4818 194 -7 -267 -12 128 15
1533770487.2222922 612 623 638 604 678 577 -6824 -90 4786 19 17 -261 -12 127 15
1533770487.2989502 612 623 638 604 678 576 -6800 106 4742 216 138 -181 -9 127 14
1533770487.3338552 612 623 638 604 678 576 -6792 100 4774 434 144 4 -11 128 14
1533770487.366768 612 623 638 604 678 576 -6770 -10 4726 304 117 66 -10 127 13
1533770487.3966873 612 623 638 604 677 576 -6766 -24 4854 280 214 36 -9 128 15
1533770487.4389827 612 623 638 604 677 576 -6802 148 4712 291 57 15 -10 127 12
1533770487.5014684 612 623 638 604 678 576 -6792 14 4768 245 197 -47 -12 130 11
1533770487.5639534 612 623 638 604 678 576 -6734 122 4818 78 114 -109 -12 128 13
1533770487.6576815 612 623 637 604 677 576 -6766 -72 4832 274 84 -54 -11 130 14
1533770487.746441 611 623 638 604 677 576 -6768 78 4816 299 46 -137 -11 128 14
1533770487.782344 612 623 638 604 678 576 -6842 34 4764 76 69 -68 -9 128 13
1533770487.8371973 612 623 638 604 677 576 -6760 30 4936 280 172 85 -11 129 14
1533770487.9030209 612 623 638 604 677 576 -6780 54 4732 327 114 -18 -12 126 12
1533770487.9688456 612 623 638 604 678 576 -6680 180 4780 357 310 87 -10 128 11
1533770488.0386586 611 623 638 604 678 576 -6762 -100 4848 174 -63 -219 -12 127 13
1533770488.1074753 610 623 638 603 677 576 -6780 -138 4860 194 96 -217 -11 129 13
1533770488.1762938 610 622 638 603 676 576 -6774 236 4710 284 -101 -233 -11 127 15
1533770488.2441092 609 622 637 603 676 576 -6794 -128 4750 107 289 -66 -12 128 14
1533770488.3398538 609 623 637 602 676 576 -6738 -6 4806 256 102 1 -9 128 11
1533770488.418645 609 623 637 602 676 576 -6716 82 4834 81 61 -98 -11 124 14
1533770488.452551 609 622 637 602 676 575 -6742 -160 4790 193 139 -10 -14 128 12
1533770488.503416 608 622 637 602 676 575 -6806 88 4726 257 202 63 -12 129 13
1533770488.5571036 608 622 637 601 675 575 -6698 -12 4820 85 200 49 -11 127 13
1533770488.619589 608 622 638 601 675 575 -6776 -8 4768 328 45 114 -11 126 14
1533770488.6987176 607 622 637 600 674 575 -6756 92 4786 52 344 -109 -9 127 12
1533770488.7538717 607 622 637 601 675 575 -6646 -54 4842 197 105 24 -13 127 13
1533770488.8165147 606 622 637 600 674 575 -6800 -88 4818 316 239 17 -9 130 13
1533770488.8932762 609 622 638 602 676 576 -6840 60 4706 409 36 -93 -9 128 13
1533770488.9601386 610 623 638 603 676 576 -6764 146 4834 51 52 -172 -10 130 12
1533770489.0275242 610 623 637 603 677 576 -6716 -138 4842 195 63 -131 -10 127 11
1533770489.086448 611 623 638 603 677 576 -6752 62 4798 268 113 -72 -12 127 14
1533770489.148888 610 623 638 603 676 576 -6840 64 4736 159 255 -91 -11 128 14
1533770489.2247388 611 623 638 603 677 576 -6716 -80 4776 222 47 -91 -10 128 14
1533770489.2910125 611 623 638 603 676 576 -6774 -82 4834 264 297 89 -10 127 14
1533770489.354841 611 623 638 603 676 576 -6720 80 4870 447 -54 -4 -9 130 14
1533770489.408145 611 623 638 603 676 576 -6828 -82 4746 235 -42 -191 -11 129 15
1533770489.4854555 611 623 638 603 676 576 -6754 -14 4770 165 224 -9 -12 130 12
1533770489.5477486 610 622 638 603 676 576 -6774 80 4856 169 -112 -215 -11 130 14
1533770489.6258562 608 622 637 602 675 575 -6758 -234 4846 249 161 89 -10 129 13
1533770489.6898222 609 622 637 603 676 576 -6674 -50 4842 269 130 39 -11 129 13
1533770489.7556722 609 622 638 603 676 576 -6824 34 4686 51 191 -84 -13 126 12
1533770489.822122 609 623 638 603 676 576 -6668 -34 4830 221 134 219 -9 126 11
1533770489.8868005 610 622 638 603 676 576 -6818 10 4728 238 163 40 -11 127 12
1533770489.9491985 610 622 638 603 676 576 -6740 -32 4760 232 63 -135 -12 126 15
1533770490.0211983 610 622 638 603 676 576 -6856 -20 4734 289 110 -104 -11 127 14
1533770490.076789 609 622 638 603 676 576 -6704 -8 4790 148 77 -68 -11 127 12
1533770490.1393867 609 622 637 602 676 576 -6728 -80 4786 211 65 -111 -12 127 14
1533770490.2175045 609 622 637 602 676 576 -6736 -36 4784 217 16 -89 -11 129 14
1533770490.2963297 609 622 638 602 675 575 -6802 44 4768 233 34 -82 -11 128 13
1533770490.340206 608 621 637 602 675 576 -6790 -64 4768 148 98 -169 -15 128 14
1533770490.4026926 609 622 637 602 675 576 -6750 -28 4840 244 192 1 -11 128 14
1533770490.4810565 608 622 637 602 675 575 -6746 -40 4800 189 106 -3 -10 127 12
1533770490.543466 608 622 637 601 675 575 -6776 22 4764 203 48 41 -9 127 11
1533770490.605797 609 622 638 603 676 576 -6742 -14 4814 233 134 85 -13 126 13
1533770490.6682546 609 622 638 602 676 576 -6732 -44 4852 227 -226 115 -10 129 13
1533770490.7463615 608 622 637 602 675 576 -6750 -18 4834 197 -30 -51 -10 127 13
1533770490.8072915 609 622 637 603 676 576 -6752 -20 4822 209 193 -28 -11 126 13
1533770490.8697734 608 622 638 603 676 576 -6668 20 4820 125 -370 -66 -12 127 12
1533770490.9478807 608 622 637 603 675 576 -6744 -42 4838 256 366 85 -10 126 13
1533770491.0109453 608 622 638 603 675 576 -6666 -60 4802 143 148 -9 -9 125 14
1533770491.0741313 608 622 638 603 676 576 -6688 -6 4856 241 240 143 -12 126 15
1533770491.1414633 608 622 638 603 675 576 -6796 -138 4852 230 141 63 -11 128 9
1533770491.2039485 608 622 638 604 675 576 -6768 138 4812 249 411 93 -10 129 15
1533770491.2776127 608 622 638 604 675 576 -6802 130 4834 -64 -91 -251 -12 129 14
1533770491.3400364 608 622 638 604 675 576 -6734 -128 4760 305 265 -61 -10 128 15
1533770491.4027252 608 621 638 604 675 576 -6814 -32 4858 668 -162 -378 -11 129 14
1533770491.4805706 608 621 638 604 675 576 -6780 -160 4792 196 429 -53 -9 129 12
1533770491.5483832 608 621 638 604 675 576 -6682 -12 4816 205 286 110 -10 130 14
1533770491.6201591 608 621 637 604 675 575 -6674 -78 4878 212 259 50 -11 128 12
1533770491.6670375 608 621 638 604 675 575 -6774 -92 4822 323 -37 -67 -9 128 12
1533770491.7449045 608 621 637 603 675 575 -6812 -116 4752 351 404 124 -10 127 12
1533770491.8163505 608 622 637 604 675 576 -6720 -92 4834 131 185 -100 -13 127 14
1533770491.8710392 608 621 637 604 675 575 -6704 -138 4886 242 35 7 -10 128 13
1533770491.9335477 608 621 637 604 675 576 -6684 -10 4820 107 91 42 -11 127 15
1533770492.01312 608 621 638 604 675 575 -6720 -34 4894 329 167 145 -11 127 13
1533770492.0795465 608 621 637 604 675 576 -6694 -84 4918 100 200 47 -11 127 12
1533770492.1325374 607 621 638 604 674 576 -6622 -136 4884 251 11 165 -12 126 12
1533770492.2109065 608 621 638 604 675 576 -6552 -126 4862 215 423 739 -12 128 14
1533770492.3131442 608 621 637 604 675 576 -6716 -32 4812 535 116 599 -11 127 12
1533770492.3401787 608 622 638 604 675 576 -6788 46 4822 -1 474 -15 -12 126 14
1533770492.4026356 608 622 638 604 675 576 -6644 -16 4896 112 145 -15 -10 127 13
1533770492.480742 607 621 637 602 674 575 -6760 -62 4814 320 -86 -83 -12 126 13
1533770492.546986 608 621 638 603 674 576 -6786 114 4824 186 160 72 -12 126 13
1533770492.6118128 608 622 638 603 675 576 -6720 -98 4824 61 346 -49 -8 124 15
1533770492.6803217 607 621 638 602 674 575 -6704 -50 4854 265 -13 -138 -11 127 14
1533770492.7461724 608 622 638 604 675 576 -6820 20 4814 143 240 126 -12 126 11
1533770492.81197 607 622 638 603 675 575 -6732 50 4894 257 138 127 -11 127 12
1533770492.8804896 608 622 638 604 675 576 -6800 -98 4748 260 160 -108 -10 129 14
1533770492.9653563 610 622 638 605 675 576 -6754 4 4864 179 268 68 -9 126 14
1533770493.0091906 609 622 638 605 676 576 -6686 34 4816 118 190 111 -13 127 13
1533770493.073403 609 622 638 604 676 576 -6718 -40 4850 248 250 260 -12 127 14
1533770493.1408465 609 622 638 604 676 576 -6732 -44 4808 240 81 193 -9 128 13
1533770493.2060452 609 622 638 604 675 576 -6760 -86 4852 292 32 92 -11 128 13
1533770493.2707798 609 622 638 604 675 576 -6704 74 4870 143 156 55 -10 125 12
1533770493.3237042 609 622 638 605 676 576 -6774 120 4758 326 373 558 -10 128 14
1533770493.3938508 609 622 638 604 676 576 -6698 -42 4764 155 489 413 -10 128 12
1533770493.4563367 609 622 638 604 675 576 -6692 68 4896 257 67 148 -11 126 14
1533770493.524128 605 621 637 600 673 575 -6780 64 4728 291 276 405 -14 126 11
1533770493.617869 604 619 637 600 672 574 -6670 144 4760 322 110 603 -12 127 12
1533770493.664821 609 621 638 604 675 576 -6798 200 4668 244 272 793 -12 127 11
1533770493.7274663 610 622 638 604 676 576 -6756 132 4770 571 317 452 -12 125 13
1533770493.8038378 608 621 638 602 674 576 -6744 334 4712 472 390 549 -12 128 10
1533770493.8709683 604 620 637 599 672 574 -6910 314 4638 285 265 470 -12 127 12
1533770493.9334195 609 622 638 604 676 576 -6714 334 4746 368 279 213 -16 129 11
1533770494.0046184 610 622 638 604 675 576 -6904 400 4688 157 109 -13 -15 128 12
1533770494.0575683 610 622 638 604 676 576 -6772 328 4724 233 285 212 -14 128 11
1533770494.1356747 610 622 638 604 676 576 -6788 386 4724 195 154 4 -13 129 12
1533770494.1981614 610 622 638 604 676 577 -6794 298 4720 498 230 194 -13 127 10
1533770494.3032153 609 621 638 604 675 576 -6804 422 4694 357 244 322 -16 125 12
1533770494.3399847 609 622 638 603 675 576 -6802 414 4714 295 236 140 -16 129 11
1533770494.3935387 609 621 638 603 675 576 -6716 382 4754 376 119 404 -16 127 13
1533770494.4715877 609 622 638 603 675 576 -6848 424 4674 306 139 88 -16 126 11
1533770494.5383604 608 621 638 602 674 576 -6770 416 4688 199 150 126 -14 128 13
1533770494.6033077 606 621 637 600 673 575 -6812 524 4734 240 263 -81 -15 127 14
1533770494.6657393 602 620 637 595 668 572 -6814 404 4732 174 179 -125 -16 127 12
1533770494.7282763 587 617 635 587 662 569 -6784 454 4688 80 256 247 -14 127 10
1533770494.8062458 595 618 636 593 668 572 -6760 394 4680 248 541 431 -15 127 12
1533770494.8710766 616 624 639 608 680 579 -6840 456 4600 106 -233 -99 -14 129 13
1533770494.9491842 601 620 637 597 670 573 -6758 476 4740 34 525 389 -13 127 13
1533770495.0049326 597 619 636 594 669 572 -6902 514 4662 99 -12 13 -18 126 11
1533770495.0724783 574 613 633 577 655 567 -6740 362 4646 138 -130 -204 -15 126 12
1533770495.1349647 602 619 637 598 672 573 -6448 248 4870 212 -85 -250 -14 127 12
1533770495.1976635 572 612 632 575 655 563 -7204 464 4722 118 821 246 -15 126 12
1533770495.2773669 570 610 632 574 655 562 -6788 502 4672 226 1517 191 -16 128 12
1533770495.3399642 568 609 631 573 654 561 -7074 450 4478 198 117 2 -16 127 13
1533770495.4084578 568 609 632 573 654 561 -7390 400 4604 885 -551 722 -16 128 12
1533770495.4709122 608 620 638 604 679 576 -6186 1416 3942 719 -2570 -4097 -17 128 12
1533770495.552724 592 617 636 593 669 572 -6804 250 4820 -572 1187 174 -17 127 11
1533770495.635804 609 620 638 604 677 577 -6780 286 4642 185 320 49 -15 128 11
1533770495.6826677 595 617 636 593 668 572 -6770 480 4820 253 81 -63 -15 128 13
1533770495.7451522 597 618 636 595 670 573 -6778 344 4640 87 4 -29 -14 127 12
1533770495.8141778 596 617 636 594 668 572 -6846 428 4748 238 135 -8 -16 127 12
1533770495.8714414 597 618 636 595 670 572 -6886 434 4656 269 231 -15 -14 128 13
1533770495.933678 597 618 636 594 669 572 -6786 372 4758 152 141 -37 -15 126 12
1533770496.0138054 609 621 638 604 676 577 -6800 336 4728 231 188 81 -16 126 11
1533770496.0736058 612 621 638 606 678 578 -6772 464 4760 274 24 79 -17 126 9
1533770496.1360881 610 621 638 605 676 577 -6874 372 4696 135 232 17 -15 127 11
1533770496.1985717 609 621 638 604 676 576 -6706 372 4786 212 130 66 -13 128 11
1533770496.288789 612 621 638 606 677 577 -6776 368 4736 330 46 -127 -17 126 12
1533770496.33822 612 621 638 606 677 577 -6822 366 4698 183 156 -82 -16 128 14
1533770496.4080389 612 621 638 606 677 577 -6770 348 4724 187 198 85 -13 126 12
1533770496.4707205 612 621 638 606 677 578 -6746 418 4706 304 110 -20 -17 129 11
1533770496.5442185 612 622 639 606 677 578 -6836 390 4686 217 48 -145 -17 126 12
1533770496.6041896 612 621 638 606 677 577 -6826 362 4744 225 173 87 -15 126 12
1533770496.6666758 612 622 639 607 677 578 -6714 322 4806 183 168 -108 -14 128 12
1533770496.7294202 612 621 639 606 677 577 -6834 472 4758 168 127 0 -17 126 11
1533770496.8088923 612 621 639 606 677 578 -6900 372 4696 126 275 6 -16 128 10
1533770496.8718245 612 622 639 607 677 577 -6740 378 4710 166 144 38 -14 127 12
1533770496.9499295 612 622 639 607 677 577 -6782 384 4692 288 62 58 -15 128 12
1533770497.0048587 612 621 639 607 677 577 -6740 398 4764 161 30 -58 -16 126 13
1533770497.0578284 612 621 639 607 677 577 -6860 390 4662 338 137 106 -14 126 12
1533770497.1359377 612 621 638 608 676 577 -6750 292 4772 129 92 -84 -15 125 13
1533770497.1984224 612 621 639 607 677 577 -6866 444 4668 225 71 -66 -16 128 13
1533770497.2704349 612 621 638 608 676 577 -6814 350 4688 149 186 16 -16 127 12
1533770497.324593 612 621 638 607 676 577 -6774 348 4722 258 78 -64 -17 127 11
1533770497.3870816 612 621 638 607 677 577 -6796 420 4712 197 174 32 -16 128 11
1533770497.4652033 612 621 638 607 677 578 -6806 378 4722 286 121 24 -14 125 12
1533770497.5354686 612 622 639 607 677 578 -6798 362 4710 218 97 -162 -14 128 10
1533770497.6051261 612 621 638 607 677 577 -6774 300 4758 154 129 -86 -16 125 12
1533770497.667613 612 622 638 607 677 577 -6724 428 4720 383 64 59 -17 126 12
1533770497.730098 612 622 639 607 677 578 -6868 392 4682 283 9 -31 -15 126 13
1533770497.799594 612 622 639 607 676 577 -6760 334 4794 188 160 196 -15 128 13
1533770497.8565893 612 622 639 607 677 577 -6846 464 4652 276 143 -10 -16 126 11
1533770497.91902 612 621 639 608 677 577 -6782 382 4788 130 46 -166 -15 128 12
1533770497.9997396 612 622 638 607 677 577 -6794 478 4702 266 75 -66 -17 128 10
1533770498.0578752 607 620 637 599 670 573 -6944 346 4650 -128 -210 117 -17 125 11
1533770498.13598 591 616 636 591 665 570 -6674 420 4712 11 -368 -29 -15 129 11
1533770498.1987205 574 612 633 578 655 564 -6828 450 4728 -450 -203 -184 -14 127 13
1533770498.2917297 570 610 632 575 654 562 -7086 366 4940 293 224 652 -15 125 13
1533770498.3388574 567 608 632 574 653 561 -6858 466 4826 248 -370 114 -13 124 11
1533770498.407727 564 606 631 573 651 560 -6820 548 4808 148 -522 -70 -16 125 12
1533770498.4704645 562 604 631 572 650 559 -6758 346 4850 281 646 209 -16 123 14
1533770498.5397537 561 603 630 571 649 559 -6872 454 4768 318 523 -75 -17 123 11
1533770498.6023848 564 606 631 573 652 560 -7322 442 4908 713 358 -192 -15 126 11
1533770498.6802335 584 613 635 589 666 569 -5688 810 4220 800 -1561 -2266 -15 124 12
1533770498.7487833 592 615 636 593 668 571 -7032 438 4790 28 470 -197 -16 126 12
1533770498.806893 592 615 636 592 666 571 -6790 238 4720 4 391 -228 -16 127 12
1533770498.869379 594 616 636 594 668 572 -6648 374 4860 354 262 135 -16 127 12
1533770498.9631133 592 615 636 592 666 571 -6742 348 4758 58 35 -114 -16 126 10
1533770499.0139525 595 616 636 595 668 572 -6746 296 4860 207 289 27 -16 126 11
1533770499.073821 597 617 637 596 669 573 -6734 398 4756 303 54 86 -16 127 15
1533770499.1365347 598 617 637 597 669 573 -6766 342 4750 235 145 0 -17 126 11
1533770499.1987915 597 617 637 597 669 573 -6750 362 4772 237 138 11 -15 125 12
1533770499.266139 596 616 637 595 668 572 -6708 358 4772 201 220 101 -16 126 14
1533770499.339957 595 616 636 595 668 572 -6790 446 4744 340 0 -26 -16 127 11
1533770499.408607 608 619 639 605 675 576 -6798 392 4778 194 231 21 -15 126 11
1533770499.4710639 596 617 637 596 668 573 -6778 438 4808 364 50 73 -16 127 10
1533770499.5405402 602 618 638 602 673 575 -6830 364 4778 347 199 117 -17 125 13
1533770499.6186473 609 620 638 605 675 577 -6776 474 4778 96 212 -90 -15 127 11
1533770499.6655126 604 619 638 602 672 575 -6774 362 4780 165 43 -196 -16 126 12
1533770499.728103 608 620 638 604 675 576 -6814 424 4728 318 153 59 -16 124 12
1533770499.8058567 608 619 639 604 674 576 -6768 404 4808 165 327 109 -17 125 11
1533770499.8695583 610 620 639 606 676 577 -6672 424 4772 106 49 -125 -17 124 11
1533770499.9320447 610 620 639 606 675 577 -6758 356 4734 301 82 12 -18 126 12
1533770500.004128 611 620 639 606 676 577 -6792 362 4846 91 210 -49 -16 125 11
1533770500.0703971 611 620 639 607 676 577 -6774 348 4792 211 168 -83 -14 127 12
1533770500.1366606 592 616 636 591 664 571 -6770 440 4784 108 223 49 -18 126 11
1533770500.199399 594 616 637 593 666 572 -6758 348 4804 209 135 -54 -15 126 11
1533770500.2955203 589 615 636 589 662 569 -6792 440 4722 192 219 109 -15 125 11
1533770500.3249953 605 619 638 602 674 576 -6764 312 4686 221 159 -44 -17 126 10
1533770500.4033685 605 619 638 602 673 575 -6706 478 4850 176 230 22 -16 126 13
1533770500.4655867 593 616 636 593 666 572 -6870 352 4748 267 72 8 -18 126 12
1533770500.534501 597 617 637 596 668 573 -6804 378 4776 130 280 24 -15 125 12
1533770500.588939 601 618 637 596 668 573 -6754 422 4712 178 93 -67 -15 128 13
1533770500.6668947 589 615 636 589 662 569 -6804 358 4768 224 181 -46 -16 128 13
1533770500.729634 605 619 638 602 673 576 -6788 404 4776 168 120 32 -16 126 11
1533770500.7998464 597 617 637 596 668 573 -6800 384 4764 238 163 43 -16 127 12
1533770500.8564813 594 616 636 594 667 572 -6750 374 4716 218 210 64 -17 128 12
1533770500.9345868 593 616 636 593 666 571 -6738 386 4728 236 71 53 -16 126 12
1533770500.9815755 594 617 637 594 666 572 -6796 402 4772 255 140 5 -16 127 12
1533770501.060204 600 618 638 598 670 574 -6754 364 4768 185 98 38 -16 126 14
1533770501.121268 598 617 638 596 669 573 -6766 366 4782 325 63 190 -16 125 11
1533770501.1837368 599 618 637 597 669 574 -6728 394 4742 82 65 -224 -18 126 11
1533770501.2608197 599 618 637 597 669 574 -6616 400 4686 270 -122 -175 -16 126 12
1533770501.322607 588 615 636 589 663 570 -6844 184 4756 128 -248 357 -15 127 11
1533770501.392341 575 612 634 578 654 565 -6538 498 4792 210 -468 82 -16 125 11
1533770501.4549358 570 610 633 575 653 563 -6968 478 4940 -143 -45 41 -18 127 13
1533770501.529897 569 610 633 575 654 562 -6486 452 4892 42 154 268 -16 125 15
1533770501.6034818 568 609 632 574 654 562 -6738 444 4764 536 1451 447 -15 124 10
1533770501.6503465 567 608 632 574 653 561 -6898 616 4764 353 391 -380 -16 124 10
1533770501.7284527 565 606 632 573 652 560 -6834 392 4778 100 -125 -116 -14 129 10
1533770501.801601 563 605 632 572 651 560 -6882 408 4744 328 278 478 -15 126 12
1533770501.8546958 564 606 632 573 652 560 -7072 544 4832 447 159 34 -17 126 12
1533770501.9328034 566 608 632 574 654 562 -7062 576 4750 1422 10 -896 -16 125 11
1533770502.0029895 568 609 633 575 654 563 -6204 448 5068 30 -59 -748 -19 125 10
1533770502.05772 610 619 639 607 678 577 -6786 146 4788 169 418 157 -18 126 10
1533770502.120204 591 616 636 595 668 572 -6744 446 4880 288 0 28 -16 127 12
1533770502.1983128 596 616 637 596 668 572 -6812 464 4682 190 164 29 -15 125 11
1533770502.2858047 608 619 638 605 676 576 -6732 354 4902 162 255 89 -14 126 13
1533770502.3225913 607 618 638 604 674 576 -6806 384 4796 142 355 192 -15 127 11
1533770502.3933718 607 619 638 605 674 576 -6796 450 4764 217 64 -110 -16 127 11
1533770502.455776 608 619 638 605 675 577 -6794 352 4816 180 203 -36 -18 127 11
1533770502.523807 606 618 638 603 673 576 -6754 360 4758 226 194 63 -16 124 14
1533770502.5862966 607 619 639 605 675 577 -6730 436 4750 215 161 2 -17 128 12
1533770502.664399 604 618 638 603 673 576 -6796 408 4728 133 160 -83 -18 125 12
1533770502.7268841 608 619 639 606 675 577 -6732 334 4788 233 161 -29 -16 126 9
1533770502.7975173 606 619 638 604 674 576 -6744 472 4726 191 40 -94 -16 127 13
1533770502.853646 607 619 638 604 674 577 -6734 266 4824 169 181 -77 -16 125 13
1533770502.947374 607 619 638 604 674 576 -6720 304 4794 130 81 -214 -16 126 12
1533770502.997483 607 619 639 604 674 576 -6736 494 4828 230 206 109 -17 127 10
1533770503.057525 608 619 639 605 674 577 -6792 338 4688 196 70 -121 -17 126 13
1533770503.120011 604 618 638 602 672 576 -6752 372 4776 160 183 51 -17 127 11
1533770503.1824949 603 618 638 601 670 575 -6736 380 4838 143 143 12 -17 126 12
1533770503.2641969 600 617 638 599 670 574 -6754 430 4814 123 67 -105 -17 125 11
1533770503.3241885 603 618 638 601 671 575 -6766 392 4736 350 140 64 -17 125 9
1533770503.392189 602 618 638 600 671 575 -6714 270 4862 155 70 -80 -15 128 12
1533770503.4549265 602 618 638 600 670 574 -6772 462 4754 408 158 157 -17 126 11
1533770503.5173776 601 618 638 599 670 575 -6792 330 4756 33 214 -143 -15 127 12
1533770503.6108866 604 618 638 602 672 575 -6694 286 4808 332 65 62 -15 127 11
1533770503.6579814 601 618 638 600 670 575 -6808 456 4746 231 122 9 -16 124 10
1533770503.7202375 602 618 638 600 671 575 -6870 404 4710 159 68 -25 -14 127 12
1533770503.7913892 604 618 638 602 672 575 -6798 406 4782 316 187 -5 -16 125 12
1533770503.8558195 603 618 638 600 671 575 -6806 350 4724 316 61 -60 -16 126 11
1533770503.9183786 603 618 638 601 671 575 -6786 360 4856 124 60 -216 -16 127 11
1533770503.980789 606 619 638 603 673 576 -6820 370 4806 239 167 15 -16 125 10
1533770504.0549862 605 618 638 602 672 576 -6822 462 4744 204 181 9 -17 126 12
1533770504.1203384 604 618 638 601 671 575 -6760 316 4736 207 220 101 -16 128 12
1533770504.1828237 606 619 638 603 673 576 -6800 450 4740 200 76 -32 -17 127 13
1533770504.2691844 604 618 638 602 672 576 -6770 392 4712 169 167 -41 -14 125 13
1533770504.3222594 604 618 638 602 672 576 -6802 484 4740 56 200 -162 -16 126 11
1533770504.3768842 607 619 639 604 673 576 -6694 182 4806 201 -35 287 -18 124 14
1533770504.4551864 595 616 637 596 667 573 -6900 528 4726 284 147 422 -15 127 10
1533770504.5258272 592 615 636 592 665 571 -6680 568 4818 -241 -103 411 -17 125 13
1533770504.5890312 574 611 634 578 654 564 -6824 504 4790 94 133 190 -14 124 11
1533770504.6515183 568 609 633 575 653 562 -6940 386 4850 121 499 516 -17 125 12
1533770504.714247 566 607 632 574 651 561 -7018 510 4790 306 -101 241 -16 125 12
1533770504.7940497 563 605 632 573 651 561 -6698 618 4896 224 -14 -101 -16 124 10
1533770504.8559263 562 605 632 572 650 560 -6674 474 4876 259 646 184 -20 124 10
1533770504.934035 562 605 632 572 651 560 -6842 396 4838 358 435 400 -18 125 11
1533770504.993885 563 605 632 573 652 561 -7134 608 4850 593 481 267 -18 126 12
1533770505.065832 565 607 633 574 653 562 -6572 522 4832 1329 1287 -142 -18 124 13
1533770505.1212988 570 608 634 577 654 563 -6234 332 4780 -127 349 -89 -17 125 11
1533770505.1991875 592 613 636 594 667 571 -6786 310 4666 351 267 -81 -18 125 10
1533770505.2680972 587 613 636 590 664 570 -6650 574 4882 256 39 -100 -18 126 12
1533770505.3349173 610 619 639 607 677 578 -6818 436 4696 96 152 -135 -17 125 14
1533770505.3919382 611 619 639 608 677 578 -6742 338 4876 236 253 130 -18 126 13
1533770505.454276 609 619 639 607 676 578 -6782 596 4700 211 147 37 -17 126 10
1533770505.53272 609 619 639 607 676 578 -6770 418 4804 8 381 52 -17 127 11
1533770505.6045694 612 620 639 609 677 578 -6738 390 4742 392 -10 11 -17 125 11
1533770505.6514335 592 615 637 594 666 572 -6710 504 4778 189 226 26 -18 126 10
1533770505.7295403 593 615 637 594 666 572 -6790 414 4780 224 165 -10 -17 126 14
1533770505.7967649 572 610 634 577 653 564 -6782 472 4722 184 299 97 -16 126 13
1533770505.8539689 588 614 636 590 663 570 -6726 422 4784 102 128 -48 -16 126 12
1533770505.9164555 583 613 635 587 660 568 -6790 462 4718 271 151 30 -18 126 11
1533770505.9968798 572 610 634 577 654 564 -6760 362 4768 146 177 -51 -19 125 14
1533770506.0580678 568 609 633 575 652 563 -6822 484 4804 160 108 -96 -17 125 13
1533770506.1205525 585 613 636 589 663 569 -6812 376 4736 164 324 78 -16 125 12
1533770506.183047 586 613 636 589 662 569 -6730 432 4868 226 161 51 -16 125 12
1533770506.2772696 586 613 636 589 661 569 -6810 462 4794 110 28 -110 -16 125 10
1533770506.3244557 586 613 636 588 661 569 -6766 486 4800 241 223 96 -16 127 10
1533770506.392911 585 613 636 588 661 569 -6836 484 4722 165 211 13 -17 128 12
1533770506.4552367 586 614 636 589 662 569 -6750 410 4836 192 168 44 -18 126 10
1533770506.527457 586 614 636 589 662 570 -6828 458 4726 216 151 25 -17 128 11
1533770506.5887349 587 614 636 589 662 569 -6750 448 4792 177 22 -79 -18 124 12
1533770506.6512196 586 614 636 589 662 570 -6846 442 4732 229 182 121 -17 126 13
1533770506.713965 585 613 636 588 661 569 -6726 478 4784 231 90 -16 -18 126 11
1533770506.7935898 584 613 635 587 660 568 -6834 450 4736 209 136 -78 -17 126 10
1533770506.8535254 583 613 635 586 660 568 -6772 446 4818 149 202 -9 -17 127 12
1533770506.9321852 583 613 635 586 659 568 -6764 462 4746 269 132 16 -17 126 11
1533770506.9790483 588 614 636 590 663 570 -6724 410 4752 247 177 53 -15 128 11
1533770507.0568326 588 614 636 591 663 570 -6742 446 4818 265 140 30 -16 128 13
1533770507.1207979 590 615 636 591 664 571 -6802 512 4646 177 54 -53 -19 125 10
1533770507.1832838 584 613 636 586 660 568 -6812 490 4702 334 155 2 -18 126 13
1533770507.2458022 591 615 637 592 665 571 -6804 416 4834 224 258 23 -17 126 10
1533770507.3205588 588 614 636 590 662 570 -6786 488 4772 190 91 -148 -16 127 12
1533770507.3870957 585 614 636 590 662 570 -6750 474 4782 189 254 59 -18 127 12
1533770507.4495804 586 614 636 589 662 570 -6812 528 4714 275 149 6 -17 125 10
1533770507.518017 588 614 636 591 663 570 -6718 314 4866 163 243 64 -16 128 12
1533770507.6027806 595 616 637 596 667 573 -6770 530 4694 217 40 -9 -18 126 12
1533770507.6340246 596 616 638 596 667 573 -6746 370 4760 236 147 4 -18 126 12
1533770507.7143252 591 615 637 591 663 571 -6766 540 4720 213 102 52 -18 126 11
1533770507.7810662 590 615 636 593 665 572 -6762 388 4830 148 192 -22 -17 126 10
1533770507.838819 579 612 634 582 661 570 -6770 540 4738 294 133 88 -17 126 11
1533770507.9015243 582 613 635 585 659 568 -6784 426 4746 147 211 29 -17 126 12
1533770507.964056 587 614 636 590 662 570 -6774 508 4770 206 133 -1 -15 127 9
1533770508.0432491 584 613 635 587 660 568 -6704 412 4820 160 52 -156 -19 126 11
1533770508.10599 592 615 636 593 665 571 -6762 470 4874 297 15 -32 -18 126 10
1533770508.1684847 583 613 635 586 660 569 -6816 440 4666 154 90 -116 -18 124 12
1533770508.2505748 582 613 635 584 657 568 -6722 434 4788 197 132 4 -15 125 13
1533770508.3069274 591 615 637 592 664 571 -6756 418 4734 227 45 -37 -17 127 9
1533770508.3621588 588 614 636 590 663 570 -6774 464 4742 187 -20 -147 -15 126 11
1533770508.4402642 589 614 636 590 663 570 -6842 488 4722 298 235 75 -17 125 12
1533770508.5079546 583 613 635 586 660 569 -6752 392 4828 203 87 -58 -17 128 12
1533770508.5712354 593 615 637 594 666 572 -6848 468 4746 164 186 -14 -16 125 12
1533770508.6337805 589 615 636 591 662 570 -6756 454 4786 307 99 61 -18 124 11
1533770508.6964412 598 616 638 597 668 573 -6772 456 4778 266 215 -7 -17 125 12
1533770508.7730937 598 617 638 598 668 574 -6738 420 4754 216 160 -17 -17 127 10
1533770508.8397787 598 617 638 597 668 574 -6728 494 4734 241 165 37 -16 126 10
1533770508.9178805 597 616 637 596 667 573 -6754 478 4728 229 110 51 -19 125 12
1533770508.9649734 599 617 638 599 668 574 -6744 422 4778 350 285 215 -17 126 10
1533770509.0382364 594 616 637 594 665 572 -6696 496 4750 145 226 38 -18 126 12
1533770509.0898638 597 616 637 596 667 573 -6754 384 4776 274 32 -7 -17 126 10
1533770509.167969 597 616 637 597 667 574 -6728 522 4748 157 176 -3 -18 126 12
1533770509.2349606 597 616 637 597 668 573 -6758 480 4722 200 139 36 -19 127 12
1533770509.3021514 598 617 637 597 668 574 -6564 426 4730 152 183 -17 -20 126 10
1533770509.3607028 588 614 636 590 662 570 -6730 302 4686 227 -18 221 -18 126 9
1533770509.4231918 577 612 635 581 656 566 -6740 566 4724 172 20 118 -15 124 11
1533770509.5041814 589 615 636 590 663 571 -6632 554 4746 -159 -383 -157 -18 128 11
1533770509.5874395 583 612 635 585 658 572 -6766 294 4776 -87 -682 -281 -17 125 13
1533770509.634511 568 609 633 575 651 563 -7070 340 4926 141 -836 741 -18 126 12
1533770509.6967876 566 608 633 574 650 562 -6666 662 4980 206 -878 41 -17 125 12
1533770509.7747998 564 606 632 573 650 561 -6780 434 5000 124 77 195 -17 125 11
1533770509.8393366 561 604 631 572 648 560 -6614 430 5024 163 1353 941 -19 123 12
1533770509.902368 560 603 631 571 648 559 -6724 654 4830 481 856 470 -15 122 12
1533770509.9648304 564 607 632 573 653 561 -6584 662 4846 38 -110 -59 -17 123 10
1533770510.0430863 569 613 633 575 657 563 -6710 438 4910 362 64 434 -20 121 13
1533770510.1055336 565 608 632 573 654 561 -6982 476 4916 707 662 814 -17 123 9
1533770510.16779 569 612 635 588 668 570 -6328 1288 4440 2126 -422 -3359 -21 122 12
1533770510.2629082 596 618 637 596 671 573 -6756 570 4942 -996 1607 -5 -19 122 12
1533770510.3070405 605 620 639 604 677 576 -6750 178 4632 469 51 -423 -19 123 12
1533770510.376075 608 621 639 605 677 577 -6648 620 4856 387 -142 -454 -16 125 13
1533770510.4387252 608 620 639 606 677 577 -6784 336 4928 65 35 -438 -18 124 11
1533770510.5232537 605 620 639 603 675 576 -6892 262 4786 1169 -1143 -1273 -17 126 11
1533770510.587369 607 620 639 605 676 577 -6492 360 5110 442 -1126 -1593 -19 124 9
1533770510.6499124 603 619 639 602 673 575 -6512 296 5126 520 -234 333 -17 123 13
1533770510.7278008 595 617 637 596 668 572 -6610 190 5128 478 -387 -818 -19 123 11
1533770510.7988057 605 619 639 603 675 576 -6648 524 5022 -59 623 -264 -17 124 12
1533770510.8538265 608 620 639 605 676 577 -6576 250 5078 809 -70 298 -20 123 11
1533770510.9477088 606 620 639 604 675 577 -6700 386 5008 420 -264 -1349 -17 123 13
1533770511.0052593 607 620 639 605 675 577 -6360 260 5122 489 -805 -414 -18 123 12
1533770511.0729043 604 619 639 603 674 576 -6572 452 5074 135 357 -1235 -17 121 14
1533770511.1352546 604 619 639 603 673 576 -6374 86 5136 -64 -9 -611 -15 122 12
1533770511.197814 604 620 638 603 673 576 -6590 140 5002 47 406 -1308 -17 125 12
1533770511.2757897 603 619 639 602 672 576 -6542 76 5060 -159 678 -90 -17 123 10
1533770511.3386302 587 615 636 589 663 570 -6598 82 4938 6 152 -403 -17 123 13
1533770511.4083571 584 615 636 587 661 569 -6444 -158 5182 -116 123 -198 -17 126 12
1533770511.4708395 596 618 637 597 668 573 -6566 30 4890 386 26 -185 -17 125 12
1533770511.539346 595 617 637 596 667 573 -6580 72 5124 -71 266 -140 -16 126 14
1533770511.6174524 595 617 637 595 667 573 -6700 -94 4876 131 272 -67 -17 126 12
1533770511.6644967 595 617 637 595 667 573 -6584 -16 5108 -540 4 -569 -17 125 11
1533770511.7438133 595 618 637 595 667 573 -6720 106 5016 255 257 50 -17 124 12
1533770511.808156 595 617 637 595 667 573 -6636 136 4924 79 527 145 -16 126 13
1533770511.870639 594 617 637 595 667 573 -6668 -118 5020 163 71 -487 -16 127 12
1533770511.9331262 599 619 637 598 670 574 -6660 -180 5056 306 435 -275 -15 126 14
1533770512.0133202 598 619 638 597 669 574 -6768 212 5008 475 101 15 -16 127 12
1533770512.0720084 608 621 639 605 675 577 -6608 32 5010 109 305 -214 -15 126 12
1533770512.1347613 606 620 639 603 674 576 -6720 -120 5006 110 137 -344 -15 127 11
1533770512.2128413 605 620 639 602 673 576 -6640 -18 4930 -147 355 12 -15 126 12
1533770512.306956 604 620 638 602 673 576 -6604 -22 5008 179 -6 -164 -15 126 14
1533770512.3568037 602 620 638 600 672 575 -6636 -18 4912 195 43 -257 -16 126 13
1533770512.416641 599 619 638 598 670 574 -6588 -92 4924 129 90 -92 -14 128 12
1533770512.4834623 597 619 638 596 668 573 -6592 -138 5012 239 56 -56 -14 127 12
1533770512.5502832 596 619 637 595 668 573 -6586 -62 4952 348 251 196 -14 126 13
1533770512.618201 595 619 637 594 668 573 -6616 -14 5036 131 -31 -113 -15 125 12
1533770512.6851118 595 619 637 595 668 573 -6698 -88 4910 325 170 148 -16 125 13
1533770512.7517436 595 619 637 595 668 573 -6604 -10 5014 281 178 63 -16 127 12
1533770512.81835 596 619 637 595 668 573 -6642 -78 4946 301 207 117 -16 126 13
1533770512.871676 596 619 637 595 668 573 -6578 -58 4992 116 285 0 -16 126 12
1533770512.9653409 596 619 638 595 668 573 -6632 -58 4926 259 211 159 -15 124 12
1533770513.018628 595 619 637 595 668 573 -6614 -38 4974 174 125 -106 -15 126 13
1533770513.0854487 596 619 638 595 668 573 -6642 -18 4946 218 241 116 -17 126 13
1533770513.1512995 595 619 637 594 668 573 -6602 -86 4988 261 156 40 -15 126 11
1533770513.217108 595 619 637 595 668 573 -6666 -80 4974 275 161 89 -15 127 12
1533770513.2829206 595 619 638 595 668 573 -6594 -46 5050 140 172 61 -16 126 14
1533770513.3507392 596 619 637 595 668 573 -6696 -148 4888 235 214 79 -14 128 11
1533770513.4165661 596 619 637 595 668 573 -6600 -46 5082 315 64 170 -15 125 13
1533770513.4823883 595 620 637 595 669 573 -6658 -60 4954 161 101 69 -16 127 13
1533770513.548211 596 620 637 595 668 573 -6662 18 4884 445 435 436 -15 126 12
1533770513.6409662 596 620 637 595 668 573 -6524 122 4978 251 21 -41 -15 129 11
1533770513.6818554 596 619 637 595 669 573 -6822 -10 4800 240 58 -323 -15 126 11
1533770513.7476823 596 620 637 595 668 573 -6598 10 5014 310 117 -20 -17 127 13
1533770513.8135023 596 620 637 595 668 573 -6696 -60 4862 290 59 -60 -17 126 11
1533770513.8721733 595 620 637 595 668 573 -6562 -230 4992 151 60 -288 -15 127 12
1533770513.9502792 596 620 637 595 668 573 -6606 88 4936 252 -129 -125 -16 126 11
1533770514.0158017 596 620 638 595 668 573 -6666 -34 5038 163 110 41 -16 126 12
1533770514.078829 596 620 637 595 668 573 -6616 -80 4984 147 202 34 -16 124 12
1533770514.1479342 595 620 638 595 668 573 -6716 38 4858 348 332 228 -17 125 12
1533770514.2137592 596 620 637 595 668 573 -6562 150 5032 56 119 -52 -17 126 11
1533770514.306766 596 620 638 595 668 573 -6686 -162 4998 125 31 -56 -18 128 11
1533770514.3380084 596 620 638 595 668 573 -6736 -204 4776 281 262 63 -15 126 12
1533770514.4077475 596 620 637 595 668 573 -6576 182 5030 214 46 191 -13 129 12
1533770514.4704921 596 620 637 594 668 573 -6678 -18 4952 61 200 217 -14 127 10
1533770514.5327196 595 620 638 594 668 573 -6682 -80 4922 270 310 335 -13 127 12
1533770514.612594 596 620 637 595 668 573 -6678 34 4898 177 252 -18 -15 126 12
1533770514.671781 595 620 637 594 668 573 -6656 78 4922 150 191 -23 -15 125 14
1533770514.734011 595 620 637 594 667 573 -6636 8 4946 300 242 74 -16 125 12
1533770514.8087666 594 620 637 593 667 572 -6692 -4 4950 214 45 -150 -16 126 12
1533770514.8701584 594 620 637 593 667 572 -6646 32 4946 196 12 -177 -15 128 13
1533770514.963676 591 619 637 591 665 571 -6654 36 4928 204 165 24 -17 128 12
1533770514.9949174 589 618 637 589 664 571 -6600 -60 4986 277 158 88 -15 126 12
1533770515.0712204 588 619 637 589 664 570 -6630 -42 4922 3 170 -160 -17 128 12
1533770515.1390393 588 618 636 588 663 570 -6584 120 4938 257 -116 13 -15 127 14
1533770515.2038658 586 618 636 587 663 570 -6572 -188 4990 245 49 5 -17 127 12
1533770515.2686934 586 618 636 587 662 570 -6602 74 4974 279 160 54 -16 126 12
1533770515.3335187 586 618 636 587 663 570 -6632 6 4988 247 229 -36 -15 126 11
1533770515.3993433 598 621 638 596 670 574 -6658 -56 4906 338 69 -83 -17 127 11
1533770515.4641714 598 621 638 596 670 574 -6664 12 4956 347 31 -61 -13 128 12
1533770515.531988 598 621 638 596 669 574 -6690 18 4918 309 275 -127 -17 127 12
1533770515.6616414 596 621 638 595 668 573 -6670 30 4904 205 -105 -506 -16 128 13
1533770515.6945565 588 619 637 588 663 570 -6706 84 4908 227 -119 -419 -14 127 15
1533770515.7354884 585 618 637 586 662 569 -6664 -170 4960 310 67 -136 -17 128 12
1533770515.8022766 583 618 636 585 661 568 -6678 -46 4900 25 356 168 -15 126 14
1533770515.8693426 582 617 636 584 660 569 -6496 -128 5038 80 -91 113 -15 128 13
1533770515.9232345 594 620 637 593 667 572 -6640 50 4964 93 261 434 -16 125 12
1533770515.9859529 610 624 639 606 677 578 -6522 156 5062 211 307 430 -15 126 13
