1534195648.1515806 652 558 594 697 590 694 256 4048 -7390 238 121 220 -96 44 -92
1534195648.2110703 652 558 595 697 590 694 308 4054 -7292 132 331 615 -94 46 -91
1534195648.2735052 652 558 594 697 590 694 438 4142 -7312 66 424 716 -96 46 -90
1534195648.3359613 652 558 594 697 590 693 408 4060 -7268 74 307 141 -93 43 -91
1534195648.413405 652 558 595 697 590 693 358 4004 -7416 184 234 461 -96 42 -91
1534195648.483857 652 558 594 697 590 693 516 4158 -7322 58 533 421 -96 41 -91
1534195648.5472755 652 558 595 697 590 694 424 4034 -7314 156 353 -43 -97 39 -91
1534195648.6100178 652 558 594 697 590 693 540 4098 -7292 232 203 325 -95 41 -92
1534195648.685371 652 558 595 698 590 694 400 4036 -7332 124 238 204 -97 42 -90
1534195648.744289 652 558 594 697 590 693 520 4110 -7282 345 -5 479 -97 38 -91
1534195648.8380172 652 558 595 697 590 693 528 4166 -7308 464 122 31 -97 39 -92
1534195648.919307 652 558 594 697 590 693 486 3954 -7280 -84 93 281 -95 39 -92
1534195648.9792945 652 558 595 697 590 694 520 4170 -7320 259 250 231 -99 39 -91
1534195649.0105374 652 558 594 697 590 694 470 4092 -7314 140 273 131 -95 38 -91
1534195649.073024 652 558 595 697 590 694 560 4058 -7364 169 282 213 -97 37 -92
1534195649.150649 652 558 595 697 590 694 702 4192 -7376 265 243 140 -95 36 -91
1534195649.2119322 652 558 594 697 590 693 552 4152 -7282 221 291 149 -95 36 -91
1534195649.2744186 652 558 595 697 590 694 624 4184 -7358 158 216 -19 -98 39 -90
1534195649.3369877 652 558 595 697 590 694 674 4146 -7306 193 169 103 -96 35 -91
1534195649.4181364 652 558 595 697 590 694 612 4146 -7294 115 371 71 -98 37 -90
1534195649.4790354 652 558 594 697 590 694 616 4160 -7330 -95 382 92 -98 37 -89
1534195649.541523 652 558 595 697 590 694 608 4158 -7252 153 167 -29 -98 37 -90
1534195649.6040075 652 558 594 697 590 694 592 4078 -7264 -9 406 204 -98 35 -90
1534195649.6806219 651 558 595 697 590 694 772 4142 -7206 341 128 460 -99 37 -90
1534195649.744697 652 558 594 697 590 693 864 4350 -7370 511 25 -12 -98 35 -90
1534195649.8072832 652 558 594 697 590 694 752 4222 -7190 2 207 -31 -100 35 -90
1534195649.8845942 652 558 594 697 590 693 666 4198 -7312 310 128 -151 -98 35 -89
1534195649.9520528 652 558 594 697 590 694 662 4164 -7184 325 -275 -86 -99 35 -89
1534195650.0103972 652 558 594 697 590 693 750 4054 -7180 1224 56 -78 -97 35 -90
1534195650.0885036 652 558 594 697 590 694 554 4056 -7170 -577 2147 180 -98 35 -89
1534195650.163011 652 558 594 697 590 693 840 4466 -7668 158 -1418 983 -97 35 -91
1534195650.2277026 652 558 595 697 590 693 1344 4708 -7620 -595 -1173 761 -97 34 -91
1534195650.290186 652 558 595 697 590 694 1714 3922 -8282 -1477 -739 992 -99 34 -89
1534195650.3699439 652 557 594 698 590 694 864 4030 -6302 2614 -1395 466 -97 31 -86
1534195650.4413235 652 557 595 698 590 694 1556 5274 -8090 7305 2284 2150 -99 33 -86
1534195650.5139244 652 557 594 698 589 695 1158 5774 -7858 5785 -5118 6017 -96 28 -87
1534195650.5778706 653 557 594 699 589 695 388 4356 -8044 -3428 7874 593 -98 24 -88
1534195650.657167 653 557 595 699 589 696 -484 2452 -7048 -2531 -1196 -423 -96 24 -85
1534195650.719376 653 558 595 699 589 695 220 4098 -6974 -534 397 906 -96 23 -87
1534195650.798742 652 557 595 698 589 694 1050 4154 -7494 -578 -1292 -1178 -94 22 -89
1534195650.872545 652 557 595 697 590 694 -52 3706 -6848 -6127 1944 -1958 -98 23 -89
1534195650.9423575 652 558 595 697 590 695 1394 4550 -7148 2698 2555 1234 -98 28 -87
1534195651.0075617 652 558 595 697 590 694 900 4424 -7486 483 1054 -1004 -99 27 -87
1534195651.0700467 652 558 595 697 590 694 1084 4154 -7324 26 -20 161 -100 23 -86
1534195651.1497076 652 558 595 697 590 694 942 4392 -7138 725 441 -299 -101 26 -87
1534195651.2112126 652 558 595 697 590 693 810 4114 -7278 -54 486 -211 -99 27 -87
1534195651.2739093 652 558 595 697 590 694 1170 4536 -7366 714 -1398 658 -100 26 -87
1534195651.3529696 652 558 595 697 590 694 972 4238 -7056 -206 340 -202 -99 26 -87
1534195651.4235163 652 558 594 697 590 694 874 4214 -7356 19 229 68 -101 25 -85
1534195651.4805915 652 558 595 697 590 694 808 4256 -7108 53 -57 -109 -99 25 -85
1534195651.558698 652 558 594 697 590 694 870 4242 -7180 170 -527 737 -100 26 -87
1534195651.621184 652 558 595 697 590 693 700 4262 -7044 -120 347 225 -97 26 -87
1534195651.6930814 652 558 594 697 590 694 854 4340 -7082 75 60 178 -98 26 -87
1534195651.750149 652 558 595 697 590 693 922 4434 -7216 214 505 -52 -99 24 -87
1534195651.8126342 652 558 595 697 590 693 816 4298 -7206 143 -39 127 -99 23 -87
1534195651.8956556 652 558 594 697 590 694 976 4348 -7198 142 -36 -113 -97 26 -86
1534195651.9604836 652 558 594 697 590 694 902 4346 -7214 277 326 1 -99 26 -87
1534195652.0117824 652 558 595 697 590 694 848 4292 -7170 113 -8 80 -102 25 -87
1534195652.0898893 652 558 594 697 590 694 958 4350 -7192 198 88 18 -100 25 -86
1534195652.1591587 652 558 595 697 589 694 916 4368 -7092 -24 416 100 -97 25 -86
1534195652.2268357 652 558 595 697 590 693 918 4316 -7192 203 -85 91 -102 25 -86
1534195652.2893202 651 558 594 697 590 694 952 4416 -6252 1629 102 398 -98 24 -86
1534195652.3518062 652 558 594 697 590 694 974 3418 -7396 -477 1576 1607 -98 23 -86
1534195652.4346642 652 558 595 697 589 694 462 3626 -5902 -1386 125 1939 -98 24 -87
1534195652.4954 652 558 595 697 589 694 136 4608 -6432 -398 537 608 -97 20 -85
1534195652.5578837 652 558 594 698 589 694 742 4810 -6616 1086 -26 751 -100 18 -80
1534195652.642473 653 557 595 698 590 694 826 4318 -6996 -1187 -70 1127 -99 17 -78
1534195652.7120292 653 557 595 698 589 695 1154 4072 -6986 -1062 -267 -440 -97 17 -81
1534195652.7745147 653 557 595 698 589 695 1070 4442 -6884 -628 -897 -223 -99 16 -80
1534195652.8527553 653 557 595 698 590 695 332 3128 -6878 -1321 726 -74 -98 15 -78
1534195652.9299114 653 557 595 699 590 695 1050 4924 -6872 -4082 1882 603 -99 15 -79
1534195652.994431 652 558 594 698 590 695 1830 5998 -7722 2057 2512 -5204 -99 15 -76
1534195653.0569248 652 557 594 698 590 693 -98 3602 -7104 -1421 -180 -1069 -99 14 -73
1534195653.141066 652 558 595 697 590 694 -8 4858 -5028 -1982 602 1208 -100 23 -76
1534195653.2117105 652 558 595 698 590 693 1250 5052 -6840 3147 967 -141 -103 24 -76
1534195653.274405 652 558 595 697 590 694 774 4640 -6988 -271 166 -170 -103 21 -77
1534195653.336665 652 558 594 697 590 694 860 4878 -6724 606 -220 381 -104 23 -79
1534195653.4190922 652 558 595 697 590 693 866 4792 -6816 242 453 -87 -102 23 -77
1534195653.4809947 652 558 595 697 589 694 852 4760 -6830 684 182 128 -103 23 -78
1534195653.5434816 652 558 595 697 590 693 866 4770 -6858 225 433 46 -102 22 -78
1534195653.6215868 652 558 594 697 590 693 934 4770 -6948 395 159 213 -103 23 -79
1534195653.6920447 652 558 595 697 590 694 956 4728 -6790 -103 534 249 -102 23 -79
1534195653.7597451 652 558 595 697 590 694 1050 4856 -6826 222 126 -141 -103 22 -78
1534195653.8224924 652 558 595 697 590 694 924 4798 -6810 250 163 76 -102 22 -77
1534195653.8955715 652 558 594 697 589 694 990 4858 -6850 399 57 135 -101 21 -81
1534195653.963389 652 558 594 697 590 694 972 4816 -6800 269 211 90 -104 22 -79
1534195654.0267165 652 557 594 697 590 694 962 4812 -6858 246 272 52 -103 22 -80
1534195654.0889845 652 558 594 697 589 693 892 4750 -6784 187 86 67 -101 23 -81
1534195654.1667435 652 558 594 697 589 694 1120 4944 -6962 525 -167 -45 -104 21 -80
1534195654.228106 652 558 594 697 589 693 972 4868 -6820 93 421 175 -101 24 -79
1534195654.3061645 652 557 595 697 589 693 912 4754 -6748 33 277 -20 -102 24 -78
1534195654.368651 652 557 594 697 589 694 1046 4822 -6846 441 -164 27 -101 22 -79
1534195654.4374208 652 558 595 697 589 694 974 4802 -6862 300 149 140 -102 22 -81
1534195654.495149 652 558 594 697 590 693 924 4900 -6768 417 -16 -93 -103 23 -78
1534195654.557625 651 558 594 697 590 694 1136 4980 -7182 55 651 29 -104 22 -77
1534195654.6438062 652 558 594 697 590 693 1290 5634 -6266 2587 -653 640 -104 22 -79
1534195654.711407 652 558 594 697 589 693 1908 4584 -7946 1476 860 1281 -104 20 -78
1534195654.7738922 652 557 594 697 589 694 984 4850 -7008 -1569 -1912 802 -101 17 -75
1534195654.8519993 653 557 595 698 589 694 848 4756 -6042 348 1311 1426 -100 16 -76
1534195654.9269881 652 557 594 698 589 695 702 4692 -6110 1565 675 593 -102 15 -74
1534195654.99472 653 557 594 698 589 695 996 4856 -6106 659 -23 -44 -100 14 -72
1534195655.0572088 653 556 594 698 589 695 1478 5542 -5752 1209 -2192 655 -100 12 -72
1534195655.1354935 652 556 594 698 589 695 1356 4978 -6546 104 719 222 -99 10 -71
1534195655.196748 652 556 594 698 589 694 994 4768 -6152 439 -128 -57 -98 11 -71
1534195655.2594607 652 557 594 698 589 695 1300 5470 -6512 541 -645 -215 -99 12 -70
1534195655.3377707 652 557 594 698 589 694 1608 5514 -6558 257 23 -870 -100 12 -71
1534195655.4122381 652 557 595 697 589 694 996 4566 -7390 522 877 -3860 -101 12 -69
1534195655.4814875 652 557 594 697 589 693 808 5112 -5958 -953 -4276 102 -101 16 -72
1534195655.5439734 651 558 595 697 590 693 1808 5444 -6322 2510 2864 -197 -103 21 -74
1534195655.6240957 652 557 595 697 589 694 768 4754 -7112 274 685 -416 -104 22 -73
1534195655.6961644 652 558 595 697 589 693 1126 5180 -6556 418 -230 359 -102 23 -73
1534195655.7586496 652 558 594 697 589 694 1076 5078 -6592 214 524 -13 -103 24 -75
1534195655.821321 652 558 594 697 589 694 1110 4946 -6732 599 -47 -112 -102 21 -73
1534195655.9042933 652 558 594 697 590 693 1080 4920 -6560 285 143 142 -103 23 -75
1534195655.9738758 652 558 594 697 589 694 1008 5102 -6642 315 185 -72 -102 21 -74
1534195656.0279694 652 558 595 697 589 694 1058 5016 -6760 418 187 58 -103 22 -75
1534195656.1060948 652 558 594 697 589 694 1076 4928 -6614 76 256 174 -102 23 -75
1534195656.1776483 652 557 594 697 589 693 1042 4972 -6708 206 270 -4 -104 21 -74
1534195656.2433023 652 558 594 697 589 693 1166 5050 -6668 314 -29 124 -104 22 -76
1534195656.3057866 652 557 594 696 589 694 1126 4950 -6736 190 373 97 -103 21 -74
1534195656.3845527 652 557 594 697 589 693 1114 5058 -6720 266 42 32 -103 21 -76
1534195656.4493995 652 558 594 697 589 693 1116 4944 -6730 245 298 26 -102 21 -76
1534195656.5117054 652 558 594 697 589 693 1076 4944 -6620 305 295 60 -102 22 -74
1534195656.5741935 652 557 594 697 589 693 1076 4904 -6662 189 338 70 -103 22 -76
1534195656.6548266 652 558 594 697 589 694 1152 5172 -6612 757 199 61 -104 21 -75
1534195656.7114441 651 558 594 697 590 693 1210 4928 -6888 280 261 -122 -103 25 -74
1534195656.7892938 652 557 595 697 589 694 980 4992 -6562 176 102 99 -105 21 -75
1534195656.8517802 652 558 594 697 589 693 1240 4968 -6698 439 187 -9 -105 22 -75
1534195656.9274373 652 557 594 697 590 694 1148 4932 -6728 131 320 85 -103 22 -77
1534195656.9953482 652 557 594 697 590 693 1158 4988 -6672 408 139 -71 -103 21 -75
1534195657.0576525 652 557 594 697 590 693 830 4660 -6586 1237 268 -48 -103 22 -76
1534195657.1357172 652 558 594 697 589 693 1214 4714 -6712 104 3606 147 -102 20 -76
1534195657.1962621 652 557 595 697 590 693 1528 5034 -6654 1380 315 1320 -103 20 -74
1534195657.2745686 652 557 595 697 590 694 1390 5548 -6736 -1589 1259 3 -100 15 -75
1534195657.338014 652 557 594 697 589 694 728 5320 -6360 1263 -721 862 -102 16 -71
1534195657.420212 652 557 594 697 589 694 1438 5256 -6356 1564 -1515 -44 -103 17 -70
1534195657.479008 652 557 594 698 589 694 1494 5220 -6952 1574 -206 839 -100 15 -68
1534195657.557369 652 557 594 698 589 694 1310 5018 -6748 421 263 460 -101 15 -71
1534195657.6286976 652 556 594 698 589 695 1594 4516 -7418 -1638 513 60 -99 16 -71
1534195657.701553 651 556 594 698 589 695 1180 3926 -7140 -2786 2005 -190 -100 15 -70
1534195657.7640424 652 556 594 698 589 694 1116 4808 -6096 311 -506 -206 -100 16 -68
1534195657.842145 652 557 595 698 589 694 548 4382 -6636 667 -115 -293 -98 14 -67
1534195657.9158244 652 557 594 698 589 694 1518 5472 -7104 -1182 -434 128 -100 17 -68
1534195657.9807186 652 557 594 697 589 693 1714 5734 -6852 -863 -2113 -1865 -100 13 -69
1534195658.0588284 652 557 594 697 590 694 -434 3834 -4582 2373 -548 -1018 -103 18 -69
1534195658.131119 651 557 594 697 589 693 926 4628 -7418 1239 71 380 -100 23 -73
1534195658.1967654 651 557 594 697 589 694 1062 5140 -6662 -6 329 286 -104 25 -75
1534195658.259261 652 558 594 697 589 693 766 4740 -6788 62 478 20 -102 24 -76
1534195658.3225634 652 557 594 697 589 694 980 5012 -6748 89 297 651 -101 24 -77
1534195658.4015691 652 557 594 697 589 693 1082 5034 -6742 294 -1 -101 -102 22 -75
1534195658.4806473 651 557 594 697 589 693 1090 5020 -6776 453 42 194 -101 22 -75
1534195658.5275078 652 558 594 697 590 694 970 4892 -6708 230 305 -91 -104 23 -77
1534195658.5899928 652 557 594 697 589 693 950 4806 -6766 11 162 139 -103 23 -77
1534195658.663559 652 557 594 697 589 693 1002 5058 -6682 307 92 -16 -103 22 -76
1534195658.7260466 652 557 594 697 590 693 1020 4826 -6900 552 79 2 -99 22 -75
1534195658.804152 652 557 594 697 589 693 1080 4986 -6684 240 358 -8 -103 21 -76
1534195658.8733647 652 558 594 696 589 693 962 4786 -6842 74 312 156 -102 21 -77
1534195658.9415824 652 557 594 697 590 694 1092 5030 -6708 114 266 -58 -101 22 -77
1534195659.0109532 652 558 594 697 589 693 1012 4826 -6776 264 197 180 -101 20 -75
1534195659.0734406 652 558 594 697 589 693 1142 4944 -6706 182 339 39 -102 21 -77
1534195659.1606274 651 557 594 696 589 694 1050 5012 -6866 394 160 -45 -103 21 -74
1534195659.2121208 651 557 594 697 589 693 1048 4878 -6728 296 133 48 -102 20 -77
1534195659.27441 652 557 594 696 589 693 1182 4940 -6782 344 29 130 -103 19 -76
1534195659.3525171 651 558 594 697 589 693 1158 4784 -6618 104 367 -107 -102 20 -77
1534195659.4218028 652 557 594 696 589 693 1146 5116 -6866 383 140 5 -102 20 -75
1534195659.4807725 652 557 594 696 589 693 1068 5004 -6704 236 191 -30 -102 20 -77
1534195659.5591438 652 557 594 697 589 693 1384 5598 -4902 1789 -1524 92 -104 22 -77
1534195659.6332524 651 557 594 696 589 693 1642 5152 -7356 459 2632 1556 -101 20 -77
1534195659.6950026 651 557 593 696 589 693 1180 5108 -6306 -338 -1007 146 -101 18 -74
1534195659.773293 652 557 594 697 590 693 936 4816 -6782 -802 -2780 825 -102 19 -75
1534195659.8512154 652 557 594 697 589 694 904 4770 -6024 1148 2066 786 -102 17 -73
1534195659.9210978 652 557 594 697 589 694 1348 4728 -6884 -1816 1847 -1289 -101 15 -73
1534195659.9805534 652 557 594 697 589 694 944 4492 -6542 622 3 -476 -99 13 -72
1534195660.05866 652 557 594 697 589 694 1646 4856 -6562 1774 -849 -318 -99 17 -69
1534195660.123053 652 557 594 697 589 694 1264 5162 -6730 788 166 2 -100 15 -69
1534195660.18116 652 557 594 697 589 695 1412 5256 -6680 77 -232 481 -99 16 -69
1534195660.252974 652 557 594 698 589 695 1572 4990 -6980 -477 320 197 -100 16 -69
1534195660.3310735 652 557 594 697 589 694 1326 4556 -6814 -230 -355 -80 -101 16 -66
1534195660.407132 652 557 594 697 589 694 1464 5770 -7510 1904 -1043 -190 -99 17 -70
1534195660.4800372 652 557 594 697 589 694 1030 4164 -7410 -6847 -2572 -2534 -99 15 -72
1534195660.5425239 652 557 594 696 589 693 262 5372 -4238 874 1413 -265 -103 22 -72
1534195660.6050093 651 557 594 697 589 693 988 4614 -7094 4158 698 53 -105 25 -69
1534195660.6913576 652 557 594 697 589 694 1106 5064 -6766 -1124 273 396 -103 23 -73
1534195660.7600372 652 557 594 697 589 693 1184 5282 -6480 1382 -1 -102 -105 21 -74
1534195660.822523 651 557 594 697 589 693 900 4826 -6856 253 341 100 -102 24 -74
1534195660.8981323 652 557 593 697 589 693 1278 5280 -6500 257 145 106 -104 23 -74
1534195660.9670143 652 557 594 696 589 693 986 4888 -6738 617 220 -23 -102 21 -74
1534195661.0279534 651 557 593 696 589 693 1064 4992 -6572 126 7 14 -104 21 -73
1534195661.090435 652 557 594 696 589 693 946 4980 -6692 484 229 -37 -103 21 -73
1534195661.168758 651 557 594 697 589 693 1106 4992 -6650 143 -72 120 -102 21 -74
1534195661.2466505 651 557 593 696 589 693 1056 5044 -6726 371 408 -47 -102 22 -76
1534195661.2935226 651 557 594 696 589 693 1066 4980 -6662 177 -14 67 -101 23 -73
1534195661.3718646 651 557 594 696 589 693 1018 4928 -6692 230 125 32 -103 21 -75
1534195661.4451048 652 557 594 696 589 693 1048 5052 -6718 143 130 114 -102 20 -74
1534195661.5114272 651 557 593 696 589 693 1056 4978 -6680 168 40 43 -101 24 -75
1534195661.574103 651 557 593 696 589 692 1090 4992 -6614 170 113 193 -102 18 -74
1534195661.6500585 651 557 594 696 589 693 1112 5038 -6776 218 137 107 -101 21 -76
1534195661.7117987 651 557 594 696 589 693 1066 5078 -6662 163 33 -94 -103 20 -74
1534195661.7742841 651 557 593 697 589 693 976 5006 -6638 189 109 65 -103 21 -75
1534195661.8523898 651 557 593 696 589 694 1014 4972 -6546 177 127 56 -104 21 -74
1534195661.9309933 651 557 594 697 589 692 1102 5058 -6754 405 134 -40 -101 20 -75
1534195661.9792237 651 557 593 696 589 693 1004 4942 -6684 165 183 -21 -104 21 -74
1534195662.057329 651 557 594 696 589 693 1076 5020 -6604 658 -130 -58 -103 23 -74
1534195662.1198144 651 557 593 696 589 693 988 4142 -6772 108 2501 -312 -105 20 -74
1534195662.1979532 651 557 594 696 589 692 1328 3508 -6078 5377 -2301 2588 -102 20 -74
1534195662.2760603 652 557 593 696 589 693 192 5010 -6304 -417 -2894 1007 -101 18 -77
1534195662.3386233 652 557 594 697 589 694 1214 5358 -6268 1779 691 1583 -101 21 -77
1534195662.4209561 652 557 594 697 589 693 1030 4492 -6826 1589 1763 -140 -101 16 -75
1534195662.4793863 652 557 593 697 589 693 1558 4752 -7004 -584 899 256 -98 14 -75
1534195662.5574942 652 557 593 697 589 694 1208 4878 -6618 671 -744 41 -99 12 -75
1534195662.6199794 652 557 594 697 589 694 1528 4922 -6742 -9 -432 634 -99 15 -75
1534195662.694932 652 557 594 697 588 694 1170 4786 -6796 871 -525 217 -97 12 -73
1534195662.7605793 652 556 594 697 589 694 1536 5370 -6692 204 -169 986 -97 10 -74
1534195662.823116 652 557 594 697 589 694 1242 4622 -7084 -424 156 -48 -101 12 -71
1534195662.906478 651 557 593 697 589 694 1594 5588 -6274 4768 -447 -2129 -98 11 -74
1534195662.975293 651 557 594 697 589 693 942 3766 -8202 85 2797 -2437 -96 11 -76
1534195663.0428593 651 557 594 697 589 693 1324 4842 -7228 -5100 -2061 -1024 -95 19 -79
1534195663.1053462 651 557 593 696 589 693 1052 5184 -5598 54 1551 87 -99 20 -77
1534195663.180059 651 557 593 696 589 692 684 4410 -7248 280 -227 692 -102 21 -77
1534195663.258166 651 557 594 696 589 693 1030 5012 -6674 -212 -803 713 -101 23 -78
1534195663.3206513 651 557 594 696 589 693 956 4846 -6706 327 563 -166 -100 22 -77
1534195663.3933115 651 557 594 696 589 692 862 4788 -6944 134 97 127 -101 22 -76
1534195663.461129 651 557 594 696 589 692 948 4800 -6780 33 209 194 -102 22 -77
1534195663.52809 651 557 594 696 589 693 990 4814 -6698 -124 -71 287 -100 23 -74
1534195663.5906787 651 557 594 696 589 693 918 4952 -6790 171 178 84 -102 21 -75
1534195663.6648784 651 557 594 696 589 693 1002 4800 -6824 404 -11 -1 -102 23 -77
1534195663.7292526 651 557 594 696 589 692 988 4820 -6772 22 388 100 -102 20 -77
1534195663.7963648 651 557 594 696 589 693 936 4824 -6772 358 151 108 -103 20 -78
1534195663.858848 651 557 594 696 589 693 870 4834 -6806 108 157 154 -102 22 -78
1534195663.9367094 651 557 594 697 589 693 984 4998 -6808 166 104 -97 -103 21 -75
1534195663.996209 651 557 593 696 589 693 982 4830 -6832 156 143 55 -103 19 -76
1534195664.0586953 651 557 594 696 589 692 796 4988 -6764 616 385 -75 -100 20 -76
1534195664.1403246 651 557 593 696 589 693 1080 4740 -6792 -118 -67 32 -102 22 -75
1534195664.1969872 651 557 594 696 589 693 1038 4866 -6816 458 230 -21 -101 20 -75
1534195664.2750592 651 557 594 696 589 693 984 4942 -6820 310 164 87 -100 20 -77
1534195664.337703 651 557 594 696 589 693 988 4776 -6780 132 120 57 -101 21 -76
1534195664.4116306 651 557 594 696 589 693 1110 4926 -6794 172 109 92 -103 21 -77
1534195664.480672 651 557 593 696 589 693 908 4814 -6800 166 -133 145 -103 21 -77
1534195664.5431576 651 557 594 696 589 692 1120 4546 -7130 57 2476 -111 -101 22 -74
1534195664.6229184 651 556 593 696 589 692 1384 5286 -6470 542 1466 1208 -103 22 -75
1534195664.6951513 651 557 594 696 589 692 1252 5418 -6584 345 2476 -475 -101 20 -76
1534195664.7576628 651 557 594 696 589 692 1792 5084 -7420 -375 -1470 1368 -101 16 -72
1534195664.8359046 651 557 594 696 589 693 1274 4752 -7094 -1253 658 381 -101 14 -71
1534195664.9098837 652 557 593 697 589 693 1358 4818 -7044 -294 -457 -32 -102 11 -71
1534195664.9797006 652 557 594 697 589 693 1496 4660 -7196 103 2027 -361 -99 15 -71
1534195665.0433743 652 556 593 697 589 694 1428 5226 -6844 -1047 3401 51 -99 12 -70
1534195665.1059916 651 556 594 697 589 693 1714 4492 -6630 978 492 -326 -100 10 -69
1534195665.180489 651 556 594 697 588 693 986 4576 -6366 216 519 -186 -100 12 -68
1534195665.258594 652 556 594 697 589 693 1808 5700 -5954 763 -464 327 -98 12 -68
1534195665.3210793 651 556 594 698 589 694 1574 5294 -6356 391 228 349 -100 9 -66
1534195665.3977404 652 556 594 697 589 694 1860 5206 -6468 52 -331 -233 -100 11 -69
1534195665.4685519 651 556 594 697 589 694 1804 5614 -6726 5047 -3509 -722 -98 10 -66
1534195665.5274699 651 556 593 696 589 693 638 3980 -8050 -3354 -5532 -304 -99 12 -69
1534195665.6055772 651 557 594 696 589 692 -494 4636 -4080 -3191 -3422 1470 -98 18 -75
1534195665.6807384 651 557 594 696 589 693 1116 5122 -7312 2702 732 -76 -101 21 -72
1534195665.743223 651 556 593 696 589 693 792 4964 -6724 -296 593 -309 -103 21 -74
1534195665.821519 651 557 594 696 589 692 874 5004 -6682 432 745 136 -102 21 -73
1534195665.8921928 651 557 593 696 589 693 812 5044 -6800 667 465 -165 -104 19 -75
1534195665.9600103 651 557 594 696 589 692 1020 5038 -6692 229 318 -52 -99 20 -74
1534195666.0259845 651 557 594 696 589 693 998 4920 -6754 389 340 14 -102 18 -75
1534195666.1040533 651 557 594 696 589 693 774 4982 -6720 459 -66 129 -102 19 -76
1534195666.1610904 651 556 594 696 589 693 838 4970 -6766 122 -1 39 -101 22 -75
1534195666.2283933 651 557 594 696 589 693 878 4974 -6748 347 392 58 -101 21 -75
1534195666.291121 651 557 594 696 589 692 1008 5004 -6806 332 288 -41 -103 19 -75
1534195666.3535051 651 557 593 696 589 693 906 4940 -6676 -27 161 -72 -102 19 -74
1534195666.4334857 651 557 593 696 589 693 866 4970 -6648 337 202 -14 -103 19 -75
1534195666.496273 651 556 593 696 589 693 900 4984 -6762 145 85 100 -102 18 -76
1534195666.5587487 651 557 593 696 589 692 858 4922 -6726 355 -16 -14 -101 19 -75
1534195666.621164 651 557 593 696 589 693 970 4940 -6694 106 245 98 -101 21 -78
1534195666.6967177 651 557 593 696 589 692 878 5026 -6794 191 289 -18 -101 20 -76
1534195666.7592027 651 557 593 696 589 693 920 4926 -6726 240 57 51 -102 20 -74
1534195666.837311 651 556 594 696 589 692 942 4952 -6752 225 143 -13 -100 19 -76
1534195666.9076846 651 557 593 696 589 693 818 4956 -6734 718 -277 195 -104 18 -76
1534195666.9725134 651 557 593 696 589 692 930 4966 -6728 83 70 17 -101 19 -75
1534195667.0274916 651 557 594 696 589 693 914 5038 -6766 570 27 -57 -103 20 -74
1534195667.1058543 651 557 594 696 589 693 514 4294 -6548 -383 2196 -533 -102 19 -76
1534195667.1815622 651 557 593 696 589 693 848 4688 -6424 -885 542 -1322 -100 19 -75
1534195667.243423 651 557 593 696 589 692 1588 4436 -6688 -780 345 36 -101 17 -75
1534195667.3059084 651 557 593 696 589 693 586 5086 -6268 547 -172 1090 -101 16 -73
1534195667.3907328 652 556 593 696 589 693 1170 4868 -6958 919 2108 273 -100 16 -71
1534195667.4695222 651 556 594 697 589 693 934 4444 -7236 -958 628 424 -99 16 -70
1534195667.5275147 651 556 593 697 588 694 958 4742 -7116 -602 1267 157 -97 13 -71
1534195667.5902658 651 555 593 697 588 694 1340 4604 -7100 -107 1108 -334 -98 12 -68
1534195667.6695778 651 555 593 697 588 694 1072 4892 -6786 208 1563 -148 -99 12 -70
1534195667.7289472 651 556 594 697 589 694 1106 4794 -6302 -353 466 30 -97 12 -69
1534195667.807055 651 556 593 697 589 693 1396 5488 -6254 -1100 199 917 -100 13 -69
1534195667.8695395 651 556 593 697 589 693 1266 5342 -6930 -1322 -439 307 -98 11 -66
1534195667.9548109 651 556 593 697 589 693 1316 5540 -6714 -226 -1288 -1394 -100 11 -66
1534195668.0261502 651 556 594 696 589 693 994 4716 -6278 -4428 -36 -1074 -100 12 -68
1534195668.0886354 651 557 594 696 589 693 1002 5720 -5634 4042 1458 -371 -104 17 -65
1534195668.1763008 651 557 593 696 589 692 970 4844 -6982 1110 1409 -460 -104 19 -69
1534195668.2285795 651 557 593 696 588 692 1326 5316 -6494 922 -615 533 -100 18 -73
1534195668.3066885 651 557 594 696 589 693 1144 5060 -6662 298 504 -127 -103 18 -71
1534195668.3691711 651 556 593 696 589 692 1132 5086 -6512 448 -174 213 -101 16 -72
1534195668.4505932 651 557 593 696 589 692 1150 4990 -6552 136 255 100 -102 16 -72
1534195668.511589 651 557 593 696 589 693 1220 5202 -6674 352 221 -55 -102 17 -73
1534195668.5738146 651 557 593 696 589 693 1142 5064 -6554 273 160 108 -103 18 -71
1534195668.6573687 650 556 594 696 589 693 1170 5084 -6548 261 192 -67 -102 18 -74
1534195668.7131534 651 556 593 696 589 693 1116 4930 -6610 281 26 -4 -104 16 -72
1534195668.7912593 651 557 594 696 589 693 1184 5124 -6602 341 -19 -3 -104 18 -72
1534195668.8693662 651 557 593 696 589 693 1196 5072 -6662 365 144 -2 -103 18 -73
1534195668.929795 651 557 593 696 589 692 1154 5134 -6634 354 91 -167 -103 18 -72
1534195668.9951081 651 557 593 696 589 693 1100 5054 -6634 394 88 -40 -101 16 -72
1534195669.0575836 651 557 593 696 589 692 1160 5122 -6572 180 180 13 -101 16 -72
1534195669.135692 651 557 593 696 589 693 1128 5090 -6562 337 108 -44 -103 20 -73
1534195669.1966693 651 556 593 696 589 692 1190 5078 -6602 360 25 -73 -102 18 -72
1534195669.2591562 651 557 593 696 589 693 1176 5046 -6676 284 63 105 -100 18 -70
1534195669.3375216 651 557 593 696 589 692 958 4920 -6430 221 207 87 -102 18 -72
1534195669.4006667 651 557 593 696 589 693 1166 5148 -6660 255 -178 73 -102 17 -71
1534195669.4748724 650 557 593 696 589 693 1136 5140 -6552 543 178 37 -104 18 -74
1534195669.537359 651 557 594 696 589 693 1146 4872 -6790 -8 -87 120 -105 16 -73
1534195669.5998437 651 556 593 696 589 692 1232 5260 -6526 760 -449 359 -101 18 -73
1534195669.6841826 651 557 593 696 589 692 1554 4198 -7344 -63 1842 162 -103 18 -72
1534195669.7440314 651 556 594 696 589 692 1760 5582 -6460 138 328 590 -104 17 -75
1534195669.8222363 651 557 593 696 589 692 864 5222 -6750 1187 857 390 -103 11 -74
1534195669.894671 651 556 593 696 588 693 1092 5468 -5972 1871 -2031 400 -100 14 -72
1534195669.961651 651 556 593 696 589 693 960 5322 -6138 997 -7 149 -100 13 -70
1534195670.0266159 651 556 593 696 588 693 1422 5370 -6206 378 -1103 553 -100 12 -69
1534195670.0890527 651 555 593 697 588 693 1652 5196 -6954 -69 38 512 -99 12 -67
1534195670.1744568 651 555 593 697 588 692 1272 4728 -7264 -145 -286 -112 -97 12 -69
1534195670.2288105 651 555 593 697 588 693 1074 4702 -7062 299 847 -212 -99 14 -68
1534195670.3069162 650 555 593 697 588 693 1450 5186 -6850 -764 739 -148 -98 11 -67
1534195670.3696043 651 555 593 697 588 693 1054 4824 -6578 -1002 1161 -629 -98 13 -69
1534195670.4533143 651 555 593 697 588 693 1190 5048 -6222 -155 -969 65 -100 11 -66
1534195670.511542 651 555 592 696 588 693 1266 5572 -6654 2375 -1117 -592 -100 11 -66
1534195670.58958 651 556 593 696 589 693 1402 6078 -7060 -392 -508 -849 -101 12 -68
1534195670.6724463 651 556 593 696 588 691 666 4896 -6766 -2064 -2582 -871 -100 12 -67
1534195670.727797 651 556 593 696 589 692 952 5206 -5888 2535 1538 665 -102 19 -70
1534195670.8060365 651 557 593 696 588 692 992 4816 -7166 46 733 -213 -101 20 -71
1534195670.8683894 651 556 593 696 589 692 1050 5158 -6556 446 -152 820 -101 17 -74
1534195670.9608514 650 556 594 696 589 692 796 4808 -6412 -245 1017 723 -102 17 -73
1534195671.0104 651 556 593 696 589 692 1364 5252 -6942 1330 -414 267 -100 18 -73
1534195671.0885584 651 556 593 696 589 692 1128 5040 -6580 217 -158 217 -103 17 -72
1534195671.160878 650 557 594 696 589 692 1076 5010 -6668 58 513 102 -101 16 -72
1534195671.2274709 651 557 594 696 589 692 958 4950 -6614 276 342 53 -101 17 -72
1534195671.2899585 650 556 593 696 589 692 974 5068 -6712 187 320 130 -102 15 -75
1534195671.352442 650 557 593 696 589 692 1166 4914 -6640 -132 313 368 -102 16 -73
1534195671.4359663 650 556 593 696 588 692 1128 5164 -6630 178 417 -119 -103 15 -73
1534195671.4965384 650 557 593 696 588 692 1046 4920 -6666 375 -82 182 -101 14 -73
1534195671.5591002 650 557 593 695 588 692 1072 4960 -6654 234 111 121 -101 15 -71
1534195671.648628 650 557 593 696 589 692 1196 5036 -6532 102 231 121 -101 16 -74
1534195671.6976304 651 557 593 696 589 692 1166 5062 -6574 78 206 62 -102 15 -74
1534195671.775737 651 557 593 696 589 693 1142 5012 -6592 20 206 -49 -102 15 -73
1534195671.8384178 651 557 593 696 589 692 1144 5058 -6616 351 232 34 -101 12 -75
1534195671.9148862 651 557 593 696 589 692 1128 5066 -6666 500 -78 14 -101 15 -73
1534195671.9788237 651 557 593 696 588 692 1218 5086 -6566 5 171 -27 -100 13 -74
1534195672.0413086 651 557 593 695 589 692 1126 5062 -6602 136 380 -28 -102 15 -73
1534195672.1037931 650 556 593 695 588 692 1126 4972 -6666 278 0 74 -102 15 -73
1534195672.1846228 651 557 593 696 588 692 1196 5142 -6634 351 105 30 -102 15 -71
1534195672.243915 650 556 593 695 589 692 1346 5524 -5444 1037 -656 -3 -104 14 -73
1534195672.3218071 650 556 593 696 589 692 752 5758 -6356 208 2882 1705 -102 11 -73
1534195672.395759 651 556 593 696 589 693 1766 5182 -5702 599 2103 1919 -102 11 -70
1534195672.4675653 651 556 593 696 589 693 488 5764 -6116 -2646 -1251 124 -100 8 -67
1534195672.527552 651 556 593 696 588 692 1432 5164 -6248 -1074 -830 -143 -101 8 -67
1534195672.605657 651 556 593 696 588 693 1518 5428 -6642 -541 289 412 -98 8 -66
1534195672.679427 651 556 593 696 588 693 1388 5808 -6122 4324 1039 -1190 -99 6 -64
1534195672.7443774 651 556 593 696 588 693 1352 4988 -6658 280 1206 -322 -100 8 -66
1534195672.8070652 651 556 593 697 588 693 1454 5364 -6490 -575 816 -14 -99 8 -66
1534195672.88666 651 556 593 697 588 693 1252 4474 -7010 -1224 306 -141 -100 9 -66
1534195672.9570875 651 556 593 697 588 693 1384 4792 -6870 96 -228 -19 -99 9 -66
1534195673.0113678 651 556 593 697 588 693 1836 5564 -6260 1834 34 -289 -99 10 -65
1534195673.089474 651 556 593 697 588 693 1952 6000 -5784 -1033 -592 1284 -99 7 -63
1534195673.1627574 651 556 593 697 588 693 904 4462 -6858 131 -47 -136 -98 7 -63
1534195673.2273762 650 556 593 696 588 693 1626 5446 -6728 559 -1985 -329 -98 7 -64
1534195673.2896702 651 556 593 696 589 692 406 4378 -7400 161 -3352 308 -100 6 -66
1534195673.3679564 650 556 593 696 589 692 924 5344 -5036 -140 1917 -171 -99 12 -72
1534195673.4444394 650 556 593 696 589 692 1296 4858 -6936 1682 1671 -810 -102 14 -69
1534195673.5117457 650 556 593 696 589 692 1088 5184 -6444 348 -535 94 -103 14 -72
1534195673.5744889 650 556 593 696 588 692 1116 5148 -6660 407 372 -54 -101 14 -72
1534195673.651267 650 556 593 696 588 692 1148 5132 -6550 226 208 71 -100 15 -73
1534195673.728328 650 556 593 696 588 692 1110 5064 -6574 324 298 -91 -99 14 -70
1534195673.77519 650 556 593 695 588 692 1126 5072 -6668 454 0 96 -103 14 -70
1534195673.8532975 650 556 593 695 589 691 1154 5180 -6554 223 340 -7 -101 14 -72
1534195673.9225714 650 556 593 696 589 692 1136 5016 -6602 242 175 -77 -102 14 -70
1534195673.9805295 651 556 593 696 589 692 1152 5110 -6582 252 280 -54 -99 14 -74
1534195674.0586374 651 556 593 695 588 692 1072 5004 -6612 308 101 -31 -103 14 -72
1534195674.1212316 651 556 594 696 589 692 1116 5066 -6542 307 44 131 -101 15 -72
1534195674.19518 651 556 593 696 589 692 1076 5028 -6682 362 216 3 -102 15 -74
1534195674.2599301 651 556 593 696 589 692 1204 5036 -6700 159 177 -5 -102 16 -73
1534195674.322418 650 556 593 696 589 692 1122 5066 -6682 230 83 159 -100 15 -72
1534195674.4103496 650 556 593 696 589 692 1122 5062 -6636 289 259 23 -101 12 -72
1534195674.4671996 650 556 593 696 589 692 1128 5006 -6678 140 138 38 -102 13 -74
1534195674.5272028 650 556 593 695 588 692 1122 5056 -6592 286 175 -7 -102 14 -74
1534195674.58971 651 556 593 695 588 691 1138 4970 -6640 133 165 128 -102 14 -70
1534195674.6722963 651 556 592 695 588 692 1162 5056 -6532 347 201 33 -100 13 -73
1534195674.7277157 651 556 593 695 589 692 1160 5040 -6614 102 125 -58 -102 15 -73
1534195674.8058224 651 556 593 696 588 692 1140 5096 -6566 453 147 -3 -101 12 -74
1534195674.8758285 650 556 593 695 589 692 1120 5026 -6778 234 74 43 -99 14 -72
1534195674.9446418 651 556 594 696 589 692 1172 5012 -6528 361 167 -89 -102 12 -74
1534195675.0121891 650 556 593 696 588 692 1108 4926 -6684 153 226 57 -101 13 -73
1534195675.0804622 651 556 593 695 589 692 1204 5120 -6614 377 18 65 -102 15 -72
1534195675.1492753 651 556 593 696 588 691 1160 4894 -6610 228 197 -70 -101 13 -73
1534195675.21587 651 556 593 696 588 692 1150 5084 -6618 203 194 -40 -102 14 -73
1534195675.2750325 651 556 593 696 588 692 1156 5006 -6602 278 83 27 -102 13 -72
1534195675.3532937 650 556 593 695 588 691 1204 5022 -6660 315 139 19 -103 11 -74
1534195675.4213371 650 556 593 695 588 691 1132 5038 -6648 182 141 55 -102 14 -73
1534195675.480636 651 556 593 695 588 692 1144 4950 -6628 244 -24 132 -103 14 -74
1534195675.558741 651 556 593 695 588 692 1198 5044 -6684 133 19 108 -101 14 -74
1534195675.6279855 651 556 593 695 589 692 1150 4972 -6578 421 -83 152 -103 14 -74
1534195675.6958408 650 556 593 695 588 692 1154 5072 -6626 176 123 -9 -103 15 -71
1534195675.7587266 650 556 593 696 588 692 1134 5058 -6652 391 110 34 -102 12 -74
1534195675.8213682 651 556 593 695 588 692 1178 4962 -6630 104 181 -45 -100 13 -73
1534195675.901455 650 556 593 695 588 692 1186 5022 -6688 147 93 138 -101 13 -71
1534195675.9630303 651 556 593 695 588 692 1076 5026 -6620 253 220 -80 -101 13 -74
1534195676.0255158 650 556 593 695 588 692 1170 5020 -6644 176 253 -20 -102 14 -73
1534195676.105074 650 556 593 695 588 692 1166 5048 -6668 72 373 -185 -102 12 -76
1534195676.1774879 650 556 593 695 588 692 1202 5034 -6634 199 335 -49 -102 14 -74
