1534181146.4958503 693 608 651 735 645 733 -52 4774 -7046 339 -244 -43 -86 53 -70
1534181146.558684 693 608 651 735 645 732 60 4648 -7146 257 4 17 -88 52 -70
1534181146.6277258 692 608 651 735 645 733 46 5140 -7202 1216 -312 -381 -85 57 -74
1534181146.6979365 693 608 651 735 645 732 -910 4944 -7558 4267 1741 420 -86 55 -72
1534181146.7677941 692 608 652 735 645 733 -60 4438 -7238 -1952 1417 213 -84 55 -74
1534181146.8356733 692 608 652 735 645 733 100 3790 -7388 407 2878 330 -85 53 -76
1534181146.90818 692 608 651 735 645 733 464 5026 -6948 -2124 -282 -175 -85 53 -74
1534181146.9737833 692 608 652 735 645 732 388 4494 -6888 -214 376 146 -86 52 -73
1534181147.044654 692 608 652 735 645 732 170 4764 -7042 254 1583 -703 -86 51 -73
1534181147.1124723 692 608 652 735 645 733 538 4968 -7144 -3554 624 312 -90 52 -74
1534181147.2732987 693 608 652 735 645 732 -542 4648 -5802 -853 -57 433 -88 51 -70
1534181147.3299189 693 609 652 735 645 733 1886 5096 -6652 1563 -1965 -32 -91 52 -70
1534181147.4013147 693 608 652 735 645 732 -24 4756 -6870 1832 472 472 -89 51 -70
1534181147.476585 692 608 651 735 645 733 170 4454 -6790 -1474 -1128 814 -88 52 -71
1534181147.532062 692 608 652 735 645 732 62 5268 -7950 1142 2710 -1504 -88 50 -69
1534181147.5846465 693 608 652 735 645 732 -320 4914 -6738 -938 3222 -1038 -89 53 -72
1534181147.6314623 693 608 652 735 645 733 -386 3352 -6658 -678 15280 1474 -89 51 -73
1534181147.6813922 692 608 651 735 645 732 3462 5328 -6782 4586 25088 13509 -89 45 -76
1534181147.7525423 693 608 652 735 645 733 4964 3956 -5142 6849 -628 6008 -90 28 -78
1534181147.8274462 692 608 652 735 645 732 4300 4024 -5674 6246 16920 13731 -86 13 -87
1534181147.9990773 692 608 652 735 645 733 4766 2212 -4974 -6782 -5881 14546 -84 3 -93
1534181148.0864308 692 609 652 735 645 732 4792 2686 -5730 -24318 6499 11941 -82 -9 -93
1534181148.1295552 692 608 652 735 645 732 4570 4046 -5638 -5288 -911 -3897 -79 -21 -76
1534181148.165924 692 608 652 735 645 733 6022 3886 -5292 3260 2371 -10009 -85 -20 -65
1534181148.2032602 693 608 652 735 645 733 3924 4362 -5750 -1407 -1485 4298 -89 -17 -62
1534181148.2675822 693 608 651 735 645 732 10520 5190 -5808 3629 5299 -6157 -89 -8 -61
1534181148.3471925 693 608 651 735 645 732 4872 4668 -6542 -3638 -13656 6647 -87 -18 -53
1534181148.4198666 692 608 651 735 645 732 5266 4614 -3968 -3343 -4447 6140 -88 -20 -56
1534181148.4959848 692 608 651 735 645 732 5460 3704 -4906 -897 -8946 2659 -84 -23 -57
1534181148.564391 692 608 651 735 645 733 5676 3474 -5006 3901 118 1416 -83 -28 -59
1534181148.7440662 692 608 651 735 645 733 7112 2676 -4776 14639 5306 4166 -83 -32 -63
1534181148.8207881 692 608 651 735 645 732 7928 1834 -3672 -1967 -9820 4721 -82 -34 -69
1534181148.8616354 692 608 652 735 645 733 3332 2356 -4390 -3364 8195 559 -78 -41 -76
1534181148.9089177 692 608 652 735 645 733 5336 3410 -3948 -483 -1046 -3308 -79 -40 -73
1534181148.957604 693 608 652 735 645 732 2956 3620 -4262 7109 16157 10158 -85 -33 -69
1534181149.0170016 692 608 652 735 645 732 6822 -714 -2410 -131 -650 7488 -78 -40 -68
1534181149.0764072 693 608 652 735 645 732 6922 1564 -4850 2505 1746 153 -65 -56 -63
1534181149.151483 693 608 652 735 645 732 6562 1084 -4570 -1005 6247 -2937 -65 -57 -60
1534181149.2276928 692 608 652 735 645 732 7802 2032 -4298 -1593 -2844 -10318 -66 -56 -58
1534181149.3014705 692 608 652 735 645 732 5064 4600 -6012 -1837 5441 1032 -73 -50 -54
1534181149.4193437 692 609 652 735 645 732 7208 1980 -2016 1285 2032 888 -81 -43 -56
1534181149.477579 692 608 652 735 645 733 6700 2506 -3966 7820 3095 1236 -74 -48 -48
1534181149.516969 693 608 651 735 645 733 7392 2590 -3674 4838 3515 457 -76 -47 -54
1534181149.5904264 692 608 651 735 645 733 7998 1082 -3798 -1783 1957 -1794 -73 -49 -53
1534181149.662517 692 608 651 735 645 732 6908 2300 -3052 378 3586 -2710 -75 -49 -54
1534181149.7338035 693 608 651 735 645 733 6942 2562 -3292 575 -149 1533 -74 -51 -50
1534181149.806301 692 608 651 735 645 733 7578 2182 -3036 1708 1999 -822 -76 -49 -51
1534181149.8780346 693 608 651 735 645 733 6822 1626 -3552 521 2394 1048 -72 -48 -49
1534181149.949717 693 608 651 735 645 733 7070 2304 -2964 665 3674 361 -75 -49 -49
1534181150.0180776 693 608 652 735 645 733 7636 2364 -2552 787 3345 1016 -71 -50 -46
1534181150.1148438 692 608 651 735 645 732 7290 2068 -2716 667 -1870 1940 -69 -49 -43
1534181150.1869097 692 608 651 735 645 733 7816 2048 -2036 2601 6877 1717 -71 -51 -43
1534181150.2501833 692 608 651 735 645 733 7064 1886 -2940 249 -137 -445 -67 -51 -41
1534181150.3060405 692 608 652 735 646 732 6412 1666 -2902 2489 9640 2316 -69 -52 -44
1534181150.3798182 692 608 651 735 645 732 8126 1416 -2214 -790 -2777 -207 -65 -52 -40
1534181150.4532342 692 608 651 735 645 732 8778 1390 -1780 -159 -2522 -232 -63 -54 -37
1534181150.524417 692 608 651 735 645 732 7856 1508 -2138 758 1991 -744 -65 -54 -38
1534181150.5954058 692 608 651 735 645 733 7820 1868 -2308 2501 334 1523 -65 -52 -36
1534181150.6678257 693 608 651 735 645 733 7544 1470 -2388 -271 -1120 201 -67 -54 -38
1534181150.7419324 693 608 651 735 645 733 8250 1376 -2024 193 -1148 -279 -65 -51 -39
1534181150.8382573 693 608 651 735 645 733 7376 1572 -2936 -552 -725 -16 -65 -54 -40
1534181150.954293 693 608 651 735 645 732 7762 1396 -2286 1453 1069 -308 -65 -54 -44
1534181151.049241 693 608 651 735 645 732 7398 1426 -2474 169 552 -114 -64 -52 -42
1534181151.0892277 693 608 652 735 645 732 7456 1506 -2592 571 -78 -137 -64 -54 -41
1534181151.1282587 692 608 652 735 645 732 8062 1400 -2138 2193 1512 -157 -64 -54 -41
1534181151.1806169 693 608 651 735 645 732 8356 1298 -2010 -929 -1464 404 -63 -53 -43
1534181151.242987 692 609 652 735 645 733 7804 1412 -2656 -2829 -2935 414 -63 -52 -40
1534181151.3146338 692 608 652 735 645 732 7290 1784 -2616 -1134 1116 -347 -64 -55 -41
1534181151.3842869 692 608 651 735 645 733 7618 1584 -2462 38 107 -224 -66 -53 -43
1534181151.4543552 692 608 651 735 646 732 7344 1572 -2720 -320 2122 112 -65 -53 -40
1534181151.5412686 693 608 651 735 645 733 7274 1806 -2432 -223 2549 965 -66 -54 -41
1534181151.6322734 692 608 651 735 645 733 8484 1242 -1816 -737 6264 1809 -63 -53 -36
1534181151.7062566 692 608 651 735 646 732 8116 1386 -1388 -97 1501 -297 -62 -54 -32
1534181151.7491665 692 608 651 735 646 732 7854 1826 -1436 -164 1588 1133 -61 -55 -27
1534181151.8134072 693 608 651 735 646 732 5512 1534 -2140 720 11598 258 -61 -54 -26
1534181151.8852785 692 608 651 735 646 732 7420 1832 -1310 -915 -669 -1637 -59 -54 -21
1534181151.956165 693 608 651 735 645 732 8398 1274 -644 2021 -2156 576 -60 -51 -20
1534181152.0288174 693 608 652 735 645 732 8564 1406 -1248 2027 -3058 707 -60 -51 -23
1534181152.100397 692 608 651 735 646 732 7768 1114 -1672 88 -1828 -21 -61 -51 -26
1534181152.1722984 692 608 651 735 646 733 8122 1270 -1216 286 -3243 643 -60 -51 -30
1534181152.289173 692 608 651 735 646 732 7468 1998 -2780 2337 -1792 113 -61 -51 -33
1534181152.3772485 692 608 651 735 646 732 7916 1376 -2272 499 -2561 477 -65 -49 -39
1534181152.437131 692 608 651 735 646 733 8100 1664 -2050 3661 -5110 1196 -62 -53 -42
1534181152.4742806 692 608 651 735 646 732 8798 886 -2540 2809 -9342 3198 -60 -51 -45
1534181152.5337496 693 608 651 735 646 733 7110 -40 -4852 -156 -378 -3369 -58 -55 -53
1534181152.6062121 692 608 651 735 646 732 5726 554 -4686 -5702 6140 -1118 -59 -49 -61
1534181152.6792018 692 608 651 735 645 732 6364 1148 -2910 1452 2199 -1040 -63 -52 -58
1534181152.7541513 693 608 651 735 645 733 8300 1300 -2688 -3705 -4323 1453 -62 -55 -52
1534181152.8303657 693 608 651 735 645 732 7792 1208 -2636 -5313 -1141 -1242 -61 -58 -51
1534181152.9042025 693 608 651 735 645 732 5208 2028 -4944 -1467 1300 -728 -59 -58 -52
1534181153.006168 692 608 651 735 645 733 7502 1000 -3178 2903 1036 2794 -63 -56 -52
1534181153.0872107 692 608 651 735 645 732 7692 706 -3600 -1172 1246 -958 -62 -59 -49
1534181153.1552675 692 608 651 735 645 732 7472 1540 -2794 -387 1676 -596 -61 -59 -47
1534181153.1961408 692 608 651 735 645 732 7378 938 -3012 1157 1738 1032 -61 -57 -48
1534181153.2626162 693 608 651 735 646 732 8154 1780 -3176 231 2528 -585 -59 -59 -45
1534181153.3342075 692 608 651 735 646 732 8200 1138 -2626 740 -394 1501 -61 -57 -45
1534181153.4042232 692 609 651 735 646 733 7354 1036 -2800 1231 1537 73 -60 -57 -43
1534181153.4732301 692 608 651 735 646 733 7662 656 -2652 1139 1008 655 -60 -56 -43
1534181153.5473716 692 608 651 735 646 733 5792 492 -2790 906 3159 -1373 -58 -55 -43
1534181153.6161842 692 608 651 735 646 732 8934 808 -2154 234 -2931 -826 -58 -55 -43
1534181153.752197 692 608 651 735 646 733 8014 402 -3134 876 756 792 -58 -55 -42
1534181153.922299 693 608 651 735 646 733 7586 1158 -2668 -1018 -389 -785 -60 -56 -44
1534181154.0747433 692 608 651 735 646 732 8090 742 -2632 340 -43 28 -60 -54 -43
1534181154.13306 692 608 651 735 646 732 7548 908 -2912 -566 542 -456 -59 -55 -43
1534181154.1720433 693 608 652 735 646 732 7432 1222 -2840 -450 -354 -391 -60 -55 -43
1534181154.2079606 693 609 652 735 646 732 7644 1128 -2822 43 502 -57 -60 -54 -43
1534181154.2470598 693 608 651 735 646 733 7550 1050 -2856 239 88 40 -59 -53 -41
1534181154.3033426 693 608 651 735 646 733 7494 1138 -2938 386 -208 -437 -59 -53 -41
1534181154.3592787 692 609 651 735 645 732 7550 1230 -2772 539 238 -22 -59 -53 -43
1534181154.40928 692 608 651 735 645 733 7474 1098 -2944 65 426 121 -61 -52 -44
1534181154.5720663 692 608 651 735 646 733 7532 1162 -2796 24 323 -142 -61 -52 -43
1534181154.6783025 692 608 651 735 646 732 7660 1046 -2750 224 279 -4 -62 -54 -44
1534181154.737047 692 608 651 735 645 732 7662 1132 -2774 -63 -313 66 -62 -54 -42
1534181154.783057 692 608 651 735 645 732 8004 1346 -2558 575 -129 -218 -62 -53 -43
1534181154.8225021 692 608 651 735 645 732 7510 1170 -2462 1742 1037 189 -60 -53 -42
1534181154.8579805 692 608 651 734 645 733 7736 886 -2690 1708 -874 1394 -61 -54 -42
1534181154.8961687 692 608 651 734 645 732 7584 1756 -2570 -2863 -3463 -863 -60 -52 -42
1534181154.9532826 691 608 650 734 644 732 7146 1692 -2714 -2032 -4233 -315 -61 -50 -43
1534181155.011483 691 607 650 733 644 733 6658 2866 -3600 1461 -2413 431 -65 -47 -43
1534181155.0642264 690 607 650 733 643 733 6930 1656 -2998 -1178 -3109 -681 -66 -47 -43
1534181155.162139 691 607 650 733 643 733 7008 1950 -3322 -1348 -6298 -273 -64 -46 -43
1534181155.2440023 692 608 650 734 644 732 8198 358 -2234 966 3088 -647 -66 -46 -44
1534181155.3294787 692 608 651 734 645 733 7008 1506 -4184 2136 6059 -2383 -64 -47 -44
1534181155.3719587 692 608 651 734 645 732 5138 2748 -2260 -813 -2683 4744 -65 -47 -45
1534181155.4135869 692 608 651 735 645 732 7862 350 -3208 1554 -120 1796 -65 -47 -45
1534181155.4616003 692 608 651 735 645 733 7522 1196 -3110 559 1372 -108 -64 -51 -42
1534181155.5301046 692 608 651 735 646 733 7640 1340 -2662 906 -43 400 -63 -50 -44
1534181155.598104 692 608 651 735 646 733 7552 1086 -3086 -13 568 109 -63 -51 -45
1534181155.667274 692 608 651 735 646 733 7722 1286 -2628 333 679 43 -63 -50 -45
1534181155.7381527 692 608 651 735 646 733 7604 1152 -2862 -87 -115 236 -64 -50 -44
1534181155.8589923 692 608 651 735 646 732 7660 1224 -2764 136 329 54 -62 -51 -43
1534181155.9473455 692 608 651 735 645 732 7640 1198 -2834 497 292 162 -62 -53 -41
1534181156.028138 692 608 651 735 645 733 8284 1224 -2328 295 221 -49 -63 -51 -45
1534181156.0680106 692 608 651 735 645 733 7632 1196 -2790 236 36 150 -62 -52 -43
1534181156.1048756 692 608 651 734 645 732 7554 1280 -2746 413 307 32 -64 -50 -43
1534181156.1480389 692 608 651 735 646 733 7714 1224 -2710 209 493 -64 -62 -51 -43
1534181156.2150826 693 608 651 735 646 733 7660 1124 -2822 332 162 35 -61 -53 -42
1534181156.2865589 692 608 651 735 645 733 7810 1114 -2704 156 319 -22 -61 -51 -41
1534181156.3561575 692 608 651 735 646 733 7682 1364 -2702 164 -143 153 -62 -51 -44
1534181156.4250355 692 608 651 735 646 732 7670 1100 -2854 308 208 -33 -63 -53 -42
1534181156.5760508 692 608 651 734 646 732 7678 1204 -2710 282 -6 57 -62 -53 -41
1534181156.6879056 692 608 651 735 645 733 7710 1178 -2816 148 -42 78 -61 -52 -43
1534181156.7539217 693 609 651 734 646 733 7628 1204 -2676 263 421 16 -62 -52 -44
1534181156.8133838 693 608 651 735 646 732 7592 1220 -2804 185 137 -9 -60 -52 -43
1534181156.8508503 692 608 651 735 646 732 7760 1232 -2736 143 400 -40 -61 -52 -43
1534181156.8957005 692 608 651 735 646 733 7822 1160 -2656 366 57 15 -62 -51 -43
1534181156.948502 692 608 651 735 646 732 7556 1334 -2836 237 342 4 -61 -53 -42
1534181157.0024354 692 608 651 735 646 733 7826 1116 -2658 124 48 44 -63 -53 -43
1534181157.0491846 692 608 651 734 646 733 7620 1232 -2710 354 66 109 -60 -51 -43
1534181157.1014264 692 608 651 735 646 732 7670 1202 -2734 310 74 21 -60 -52 -44
1534181157.2215197 692 608 651 735 646 733 7716 1160 -2752 167 -60 104 -60 -50 -44
1534181157.2958076 693 608 651 735 646 733 7524 1196 -2858 213 234 102 -61 -53 -43
1534181157.3558075 692 608 651 735 646 733 7584 1298 -2788 206 -94 114 -61 -51 -43
1534181157.3917782 693 608 651 735 646 733 7686 1142 -2762 103 25 36 -62 -52 -43
1534181157.4456048 692 608 651 735 646 733 7622 1144 -2984 353 123 50 -62 -51 -44
1534181157.5105128 693 609 651 734 646 733 7676 1174 -2756 153 230 9 -61 -52 -43
1534181157.5783753 693 608 651 735 646 732 7678 1158 -2790 176 132 0 -61 -50 -43
1534181157.647057 693 608 651 735 646 732 7632 1176 -2800 338 118 49 -61 -51 -45
1534181157.714811 692 608 651 735 645 733 7540 1288 -2832 332 160 38 -61 -50 -44
1534181157.784239 693 608 651 735 646 732 7694 1100 -2746 141 110 -21 -60 -49 -44
1534181157.8677855 693 608 651 735 646 733 7658 1190 -2684 195 7 86 -62 -54 -44
1534181157.9459186 693 608 652 735 646 733 7692 1198 -2736 145 195 45 -62 -51 -44
1534181158.02925 693 608 651 735 646 732 7726 1216 -2690 290 122 8 -59 -52 -40
1534181158.0738192 693 608 651 735 646 733 7612 1166 -2884 -85 279 -83 -60 -53 -45
1534181158.121723 692 608 651 735 646 732 7580 1312 -2710 177 358 27 -62 -53 -42
1534181158.1930616 693 608 651 734 645 732 7954 1020 -3022 460 -1130 -93 -61 -51 -42
1534181158.2671404 693 608 651 734 646 732 6934 1072 -2558 -180 -1672 -918 -60 -53 -44
1534181158.3428605 692 608 651 734 645 732 7328 1006 -3454 -1372 -1912 -2987 -66 -51 -45
1534181158.4139547 692 608 650 733 645 732 6996 2670 -2882 2060 247 -159 -65 -49 -47
1534181158.4858575 691 608 651 733 644 733 6820 1800 -3962 224 -781 -2192 -67 -45 -44
1534181158.651782 691 607 650 733 643 733 6780 1978 -3974 2209 2415 851 -70 -45 -45
1534181158.7438118 690 607 650 733 643 733 7066 2404 -3514 130 2480 -1005 -72 -43 -44
1534181158.8228035 691 608 650 733 643 733 7472 2508 -2728 1433 -2060 830 -70 -41 -43
1534181158.8648372 691 608 650 733 644 732 7972 2426 -2240 -377 -547 440 -71 -41 -40
1534181158.9101827 691 608 651 734 645 732 6356 124 -4284 -304 -2619 2842 -70 -44 -42
1534181158.971879 692 608 651 734 645 732 7624 1748 -3148 -1598 1544 -3290 -66 -47 -46
1534181159.034543 692 608 651 734 645 732 7666 2664 -1644 2857 -121 4830 -68 -47 -43
1534181159.0887752 692 608 651 734 645 733 8316 600 -3282 1845 -287 1574 -66 -47 -44
1534181159.1308742 692 608 652 734 645 732 7438 1390 -3240 1 494 136 -64 -49 -45
1534181159.2019856 692 608 651 734 645 733 7720 1660 -2576 -57 565 -254 -66 -49 -45
1534181159.3726532 692 608 652 735 645 732 7580 1354 -2930 645 -44 391 -65 -50 -45
1534181159.4497035 692 608 651 734 645 733 7530 1518 -2920 161 155 18 -65 -47 -44
1534181159.520912 692 608 651 735 646 732 7880 1408 -2768 418 175 182 -64 -51 -44
1534181159.561113 692 608 651 734 645 733 7650 1468 -2874 119 -246 88 -63 -50 -45
1534181159.5987625 692 608 651 734 645 733 7760 1520 -2838 650 263 226 -65 -49 -43
1534181159.6483018 692 608 651 735 645 733 7446 1422 -3014 57 225 44 -62 -49 -43
1534181159.7018769 692 608 651 735 645 732 7618 1460 -2868 336 241 22 -64 -50 -45
1534181159.7524307 692 608 651 734 645 732 7590 1376 -2922 166 6 109 -65 -50 -45
1534181159.8169863 692 608 651 735 645 732 7566 1346 -2934 177 168 -40 -65 -51 -46
1534181159.8862803 692 608 651 734 645 733 7524 1458 -2912 228 340 39 -66 -52 -46
1534181160.0508835 692 608 651 734 645 733 7720 1352 -2894 230 280 -66 -64 -49 -45
1534181160.1667666 692 608 651 735 645 732 7588 1346 -2950 358 419 57 -65 -50 -46
1534181160.2317307 692 608 651 735 645 733 7540 1412 -2934 295 22 132 -63 -49 -44
1534181160.2746193 692 608 651 735 645 732 7568 1420 -2868 256 466 -142 -64 -50 -45
1534181160.3116133 692 608 651 734 645 732 7540 1318 -2952 218 216 -4 -65 -50 -46
1534181160.3597646 692 608 651 735 645 733 7620 1450 -2848 449 323 24 -65 -50 -43
1534181160.413159 692 608 651 734 646 733 7636 1398 -2838 173 281 -80 -67 -50 -46
1534181160.4646447 693 608 651 735 645 732 7638 1332 -2904 292 83 77 -64 -48 -43
1534181160.5178316 692 608 651 735 645 733 7614 1454 -2846 333 344 -19 -63 -50 -45
1534181160.5757477 692 608 651 735 645 732 7646 1298 -2926 347 163 8 -64 -49 -43
1534181160.7185874 692 608 651 735 645 732 7676 1460 -2744 188 128 -8 -64 -51 -46
1534181160.8046377 692 608 651 734 645 733 7576 1348 -2978 335 274 125 -64 -49 -47
1534181160.8755543 692 608 651 734 645 733 7528 1496 -2854 202 175 28 -64 -51 -44
1534181160.9166846 692 608 651 734 645 732 7646 1324 -2890 358 214 56 -65 -46 -44
1534181160.9547021 692 608 651 734 645 733 7568 1510 -2816 219 288 -2 -65 -50 -44
1534181161.0047727 692 608 651 734 645 733 7642 1318 -2834 104 102 -18 -64 -50 -44
1534181161.0567465 692 608 651 735 645 732 7590 1438 -2818 308 173 117 -63 -50 -45
1534181161.1166203 692 608 651 734 645 733 7600 1374 -2834 30 184 -162 -63 -49 -44
1534181161.1845348 692 608 651 735 645 732 7580 1356 -2900 345 196 75 -64 -51 -44
1534181161.2538757 692 608 651 734 646 732 7526 1490 -2870 253 306 -10 -62 -50 -44
1534181161.4266992 692 608 651 735 645 732 7694 1358 -2792 173 153 -69 -63 -49 -43
1534181161.6071076 692 608 651 735 645 733 7614 1472 -2882 147 47 144 -64 -49 -43
1534181161.6735325 692 608 651 735 646 732 7572 1488 -2778 301 530 -256 -66 -49 -46
1534181161.7135348 692 608 652 735 646 732 7566 1534 -2818 174 203 66 -64 -51 -44
1534181161.7526805 692 608 651 734 646 732 7750 1420 -2754 87 244 -18 -66 -51 -45
1534181161.7942107 693 608 651 735 646 733 7618 1504 -2716 229 351 46 -66 -51 -42
1534181161.8325877 693 608 651 734 646 733 7618 1448 -2716 171 36 8 -65 -51 -45
1534181161.8685014 692 608 651 734 646 732 7656 1466 -2740 275 108 91 -66 -48 -43
1534181161.916031 693 608 651 735 646 732 7630 1528 -2686 166 -71 -38 -65 -47 -44
1534181161.9687555 693 608 651 734 646 732 7730 1346 -2768 154 -6 95 -65 -47 -42
1534181162.1136365 692 608 651 735 646 732 7584 1548 -2706 308 63 89 -64 -50 -44
1534181162.210587 693 608 651 735 645 733 7554 1476 -2772 153 -6 2 -66 -48 -44
1534181162.2854116 693 608 651 735 646 733 7696 1378 -2764 251 333 32 -65 -50 -44
1534181162.3375351 692 608 651 735 646 733 7666 1534 -2688 247 -21 76 -66 -48 -43
1534181162.3735213 692 609 651 735 646 731 7806 1448 -2588 156 -122 152 -65 -49 -42
1534181162.4149923 693 608 652 735 645 732 7622 1414 -2726 310 144 79 -63 -47 -43
1534181162.4760058 692 608 651 734 645 732 7506 1486 -2804 265 328 -99 -66 -48 -44
1534181162.5316367 692 608 651 734 645 732 7706 1376 -2694 187 100 -73 -63 -50 -43
1534181162.5836515 692 608 651 734 646 732 7630 1404 -2756 239 24 130 -64 -50 -43
1534181162.633731 692 608 651 735 646 733 7716 1634 -2668 1198 1063 885 -64 -49 -44
1534181162.7875783 692 608 651 734 645 732 8300 424 -2946 1352 -2613 -235 -65 -49 -43
1534181162.8745265 691 608 650 733 645 731 7826 2258 -3512 -2797 -1221 -2944 -65 -46 -46
1534181162.9404998 691 607 650 733 644 732 7686 2506 -2886 -1930 -166 -2394 -66 -47 -47
1534181162.979494 690 607 650 733 643 731 7752 2206 -1982 -716 -3054 -921 -69 -46 -45
1534181163.021578 690 607 650 733 643 732 8052 1478 -2386 -924 -1485 -248 -69 -42 -42
1534181163.0604198 690 607 650 733 643 731 7080 34 -4398 -642 -1527 234 -70 -44 -44
1534181163.133755 691 607 650 733 644 732 7802 2688 -2782 1084 -2373 5084 -69 -43 -48
1534181163.2069364 692 608 651 734 646 732 8784 198 -3924 -2130 6207 -6217 -65 -45 -47
1534181163.279753 692 608 651 734 645 733 6766 3984 -1502 1866 3277 -905 -68 -47 -47
1534181163.350658 692 608 651 734 645 733 7960 722 -3348 3814 503 3170 -71 -44 -45
1534181163.5017467 692 608 651 734 645 732 7088 1530 -3576 232 975 -1319 -66 -47 -47
1534181163.6304967 692 608 651 734 645 732 7704 1582 -2886 201 635 348 -67 -47 -48
1534181163.6969888 692 608 651 734 645 732 7460 1740 -2736 378 160 -73 -66 -47 -46
1534181163.7333686 692 608 651 734 645 733 7470 1250 -3232 619 -76 432 -68 -49 -46
1534181163.7703834 692 608 651 734 645 733 7464 1622 -2850 -156 292 -187 -69 -49 -46
1534181163.8109572 692 608 651 734 645 733 7450 1526 -3068 649 323 267 -65 -47 -46
1534181163.8647254 691 608 651 734 645 732 7504 1546 -3038 -100 -158 -36 -66 -49 -46
1534181163.9156036 692 608 651 734 645 732 7598 1510 -2968 356 503 58 -66 -47 -47
1534181163.9761734 692 608 651 734 645 732 7468 1534 -2998 314 154 40 -66 -48 -45
1534181164.0469854 692 608 651 735 645 731 7488 1538 -2938 -184 149 -87 -68 -48 -47
1534181164.126445 692 608 651 734 645 732 7546 1390 -3004 512 58 337 -65 -49 -45
1534181164.1833897 692 608 651 734 645 732 7546 1682 -2916 58 306 -109 -66 -47 -47
1534181164.250387 692 608 651 734 645 732 7608 1434 -2966 234 77 114 -68 -47 -46
1534181164.3193707 692 608 651 735 645 732 7436 1618 -2978 334 280 47 -68 -50 -48
1534181164.3878605 692 608 651 735 645 732 7504 1456 -3014 -18 176 -29 -68 -47 -46
1534181164.4565241 692 608 651 734 645 733 7592 1438 -2972 318 27 187 -67 -48 -48
1534181164.5236082 692 608 651 734 645 733 7482 1610 -2902 182 -15 76 -66 -48 -44
1534181164.592414 691 608 651 734 645 732 7622 1414 -3068 137 81 -40 -67 -46 -46
1534181164.6614943 692 608 651 735 646 732 7570 1586 -2960 351 221 105 -65 -48 -43
1534181164.733422 692 608 651 734 645 732 7508 1462 -2998 175 191 -23 -66 -48 -45
1534181164.8574197 692 608 651 734 645 733 7580 1534 -2988 410 277 38 -66 -48 -46
1534181164.9464018 692 608 651 734 645 733 7498 1560 -2952 148 186 -2 -66 -47 -46
1534181165.0272512 692 608 651 735 645 733 7580 1500 -2908 355 191 119 -68 -50 -46
1534181165.0642984 692 608 651 735 645 732 7474 1594 -2952 198 300 -19 -68 -49 -47
1534181165.0985396 691 608 651 735 645 732 7436 1512 -3030 227 82 62 -67 -47 -47
1534181165.1405404 692 608 651 734 645 732 7490 1550 -2998 138 90 115 -66 -48 -43
1534181165.2087407 692 608 651 734 645 733 7478 1540 -3022 364 315 33 -66 -48 -46
1534181165.277134 692 608 651 735 645 732 7448 1536 -3004 185 188 17 -65 -48 -46
1534181165.3459413 692 608 651 734 646 732 7574 1530 -2930 158 -70 160 -65 -49 -44
1534181165.4164858 692 608 651 734 645 732 7578 1466 -3120 258 223 -12 -66 -48 -45
1534181165.5705354 692 608 651 735 645 732 7540 1492 -2920 136 252 -79 -66 -48 -45
1534181165.6945825 692 608 651 734 645 732 7590 1574 -2842 263 -47 123 -64 -49 -46
1534181165.81872 692 608 651 734 645 733 7504 1548 -3038 115 130 -39 -65 -49 -47
1534181165.9033847 692 608 651 735 645 732 7574 1432 -3002 303 224 -7 -65 -46 -43
1534181165.948454 692 608 651 734 646 733 7542 1552 -2984 308 180 33 -65 -47 -45
1534181166.0030904 692 608 651 735 645 733 7462 1516 -2948 246 206 -39 -66 -49 -45
1534181166.0512824 692 608 651 734 645 732 7518 1576 -2734 269 324 -315 -65 -47 -46
1534181166.086234 692 608 651 735 646 732 7536 1572 -2998 351 218 170 -66 -46 -44
1534181166.1294732 692 608 651 734 645 732 7520 1540 -2998 -207 229 -113 -67 -50 -45
1534181166.1856875 692 608 652 734 645 732 7788 1454 -2838 91 -93 321 -66 -47 -43
1534181166.3438663 692 608 651 735 646 733 7526 1634 -2844 12 90 -62 -66 -48 -45
1534181166.4157445 692 608 651 734 645 732 7590 1558 -2838 350 368 -62 -66 -48 -44
1534181166.4627821 692 608 651 734 645 732 7492 1640 -2938 268 265 -109 -66 -48 -46
1534181166.4965773 692 608 651 734 645 732 7574 1548 -2900 49 -63 147 -66 -48 -45
1534181166.5343134 692 608 651 735 645 732 7562 1576 -2914 179 107 75 -66 -49 -44
1534181166.5702329 692 608 651 735 646 733 7520 1572 -2854 225 97 161 -66 -46 -44
1534181166.6135054 692 608 651 734 645 732 7662 1540 -2596 336 -261 347 -68 -47 -46
1534181166.6695786 692 608 651 734 645 732 7496 1642 -2890 1275 318 1127 -66 -48 -45
1534181166.7316813 692 608 651 734 645 732 8468 1960 -2416 1245 -1098 2142 -65 -48 -45
1534181166.8043668 691 608 651 734 645 732 7860 1900 -2582 1098 -768 1226 -66 -47 -44
1534181166.9774728 691 608 651 733 645 731 7084 2868 -2024 -2292 -2822 -1445 -66 -50 -46
1534181167.1021833 691 608 650 733 644 732 6984 2538 -2628 -388 -3280 1141 -65 -46 -44
1534181167.1683073 691 607 650 733 643 731 6784 -332 -3868 -1374 250 -2604 -68 -44 -46
1534181167.208234 691 607 650 733 643 730 7072 1424 -3292 -129 1583 -2574 -66 -44 -47
1534181167.2522314 690 607 650 732 642 731 8052 1908 -1894 -1143 -2361 -283 -67 -44 -43
1534181167.2952957 690 606 650 732 642 731 8294 3056 -1058 -610 3385 -2242 -69 -44 -42
1534181167.334318 690 607 650 733 644 732 7232 -80 -3794 -659 -18209 11131 -67 -40 -40
1534181167.3948362 691 608 650 734 644 732 9002 654 -5050 -4369 3293 -6593 -66 -48 -47
1534181167.4635115 691 608 651 734 645 733 7458 3716 -912 988 3652 488 -71 -46 -43
1534181167.534347 691 608 651 734 645 732 7708 1608 -2598 3539 61 3296 -71 -42 -39
1534181167.6954472 691 608 651 734 645 732 7208 1238 -3624 873 525 -96 -67 -46 -44
1534181167.8362286 691 608 651 734 645 732 7578 1630 -2890 117 383 59 -68 -48 -43
1534181167.8957312 691 608 651 734 645 731 7602 1854 -2644 855 -30 427 -69 -47 -44
1534181167.9391289 691 608 651 734 645 732 7534 1698 -2852 656 403 3 -69 -46 -44
1534181167.975146 691 608 651 734 645 732 7616 1592 -2934 440 5 111 -66 -47 -42
1534181168.0151906 691 608 651 734 645 732 7440 1672 -2868 134 189 173 -68 -48 -43
1534181168.0541136 691 608 651 734 645 732 7570 1616 -2898 428 394 13 -67 -47 -42
1534181168.0912335 691 608 651 734 645 733 7546 1682 -2876 293 256 -4 -66 -48 -44
1534181168.1484444 691 608 651 734 645 732 7632 1580 -2868 558 349 80 -67 -47 -44
1534181168.2176414 692 608 651 734 645 732 7674 1666 -2724 347 253 -40 -67 -48 -44
1534181168.4513211 691 608 651 734 645 732 7612 1494 -2864 323 264 -124 -67 -47 -42
1534181168.588277 691 608 651 734 645 732 7586 1646 -2792 477 112 186 -66 -48 -41
1534181168.6402018 691 608 651 734 645 732 7582 1576 -2858 130 315 -186 -67 -48 -44
1534181168.6730106 692 608 651 734 645 732 7564 1630 -2846 378 183 198 -66 -48 -44
1534181168.7060356 691 608 651 734 645 732 7526 1672 -2846 139 56 -29 -66 -47 -44
1534181168.7390742 692 608 651 734 645 732 7624 1464 -2892 324 301 -13 -68 -47 -42
1534181168.7804434 692 608 651 734 645 732 7568 1660 -2806 244 65 124 -66 -47 -44
1534181168.8193045 691 608 651 734 645 732 7564 1646 -2878 228 119 56 -65 -46 -43
1534181168.8693342 692 608 651 734 645 732 7490 1634 -2894 239 96 -13 -68 -49 -44
1534181168.9285018 692 608 651 734 645 732 7488 1646 -2902 325 338 164 -66 -47 -45
1534181169.106154 692 608 651 734 645 732 7594 1610 -2888 103 -156 57 -67 -49 -44
1534181169.1834805 692 608 651 734 645 733 7672 1566 -2842 329 67 112 -66 -47 -43
1534181169.2582052 692 608 651 734 645 733 7546 1726 -2818 372 118 35 -64 -48 -42
1534181169.3071969 692 608 651 734 645 732 7612 1582 -2898 69 50 49 -66 -47 -43
1534181169.341091 691 608 651 734 645 732 7650 1638 -2796 280 85 80 -66 -48 -43
1534181169.3821023 691 608 651 734 645 733 7540 1612 -2946 197 314 42 -67 -48 -44
1534181169.4312596 692 608 651 735 645 732 7560 1656 -2814 216 95 80 -68 -47 -43
1534181169.481348 692 608 651 734 645 732 7562 1590 -2842 289 242 38 -64 -49 -43
1534181169.5312066 692 608 651 734 645 733 7608 1614 -2836 239 108 10 -65 -45 -42
1534181169.5841112 692 608 651 734 645 733 7638 1624 -2868 181 126 14 -68 -49 -44
1534181169.7043047 691 608 651 734 645 732 7488 1660 -2890 217 72 136 -66 -46 -43
1534181169.85316 691 608 651 734 645 732 7592 1636 -2772 257 83 13 -67 -47 -45
1534181169.92804 691 608 651 734 646 732 7498 1674 -2828 485 211 37 -67 -47 -44
1534181169.9950852 692 608 651 734 646 732 7542 1562 -2922 77 286 -68 -69 -47 -44
1534181170.0340915 692 608 651 734 645 732 7564 1650 -2864 105 177 220 -66 -49 -44
1534181170.0679805 692 608 651 734 645 732 7518 1702 -2792 31 8 46 -64 -49 -45
1534181170.1101625 692 608 651 734 645 733 7722 1468 -2886 115 138 -22 -67 -45 -44
1534181170.1625037 692 608 651 734 645 732 7538 1740 -2754 359 106 125 -66 -48 -44
1534181170.2182503 692 608 651 734 645 732 7596 1530 -2858 72 68 -7 -67 -46 -44
1534181170.2711473 692 608 651 734 645 731 7592 1620 -2816 146 2 100 -65 -47 -43
1534181170.4070592 692 608 651 735 645 731 7552 1750 -2800 264 282 -107 -66 -48 -42
1534181170.5084348 692 608 651 734 645 732 7626 1512 -2874 129 170 -49 -66 -48 -44
1534181170.5859258 691 608 651 734 645 732 7610 1654 -2804 283 22 163 -67 -48 -46
1534181170.6220016 691 608 651 734 645 732 7684 1532 -2804 184 111 -12 -66 -47 -45
1534181170.6580873 691 608 651 734 645 732 7378 1636 -2732 411 6 69 -65 -48 -43
1534181170.6993244 691 608 651 734 645 732 7664 1458 -2848 1335 1443 459 -68 -47 -43
1534181170.7589147 692 608 651 734 646 732 8840 1548 -2904 1171 1206 -1092 -65 -48 -43
1534181170.8215814 691 608 650 734 645 732 8054 2088 -2586 -311 -428 -582 -65 -51 -43
1534181170.8924131 691 608 651 733 645 731 7582 3526 -2430 -185 -2018 929 -65 -48 -41
1534181170.9656448 691 608 650 733 644 731 7876 2598 -2158 -984 -521 -120 -69 -47 -41
1534181171.1079943 690 607 650 732 643 730 7876 4458 -1568 -110 864 -2571 -69 -46 -42
1534181171.1809614 690 607 650 732 642 731 6718 1390 -3154 1629 -2478 142 -69 -44 -42
1534181171.2579854 689 606 650 732 641 731 6818 1024 -3592 882 308 -1351 -69 -44 -41
1534181171.300907 689 606 650 732 641 731 7630 1380 -2282 -1387 -3752 998 -68 -43 -41
1534181171.3419304 689 606 650 732 642 731 9204 3596 -998 -143 -8323 6298 -71 -45 -41
1534181171.3992991 691 607 651 734 644 732 7382 -372 -5144 -290 8729 -2975 -69 -45 -43
1534181171.4742308 692 608 651 734 645 732 5784 3560 -1932 -1655 6031 -4287 -64 -49 -46
1534181171.5462277 691 608 651 734 645 732 7836 1430 -2582 5099 915 3410 -68 -48 -44
1534181171.615005 691 608 652 734 645 733 7526 1002 -3388 899 213 -442 -67 -49 -44
1534181171.6863694 691 608 652 734 645 732 7526 1380 -3070 -380 1020 -518 -66 -48 -43
1534181171.8790865 691 608 651 734 645 732 7678 1710 -2454 302 481 67 -66 -47 -45
1534181171.9518976 691 608 651 734 645 732 7622 1308 -2870 488 -93 233 -65 -48 -44
1534181171.9950042 691 608 651 734 645 732 7566 1428 -2812 407 359 13 -66 -47 -43
1534181172.0309546 691 608 651 734 645 732 7650 1428 -2840 516 185 137 -65 -48 -44
1534181172.0658705 691 608 651 734 645 732 7490 1544 -2802 69 -172 257 -65 -48 -45
1534181172.100967 691 608 652 734 645 732 7630 1386 -2856 490 220 64 -66 -48 -44
1534181172.169155 691 608 651 734 645 732 7496 1586 -2900 -45 -145 118 -67 -50 -43
1534181172.2370033 691 608 651 734 645 732 7572 1476 -2906 176 -4 170 -64 -48 -46
1534181172.30624 691 608 652 734 645 731 7720 1456 -2710 331 -12 23 -66 -48 -44
1534181172.3761253 692 608 652 734 645 732 7540 1408 -2906 174 354 -14 -63 -50 -40
1534181172.5520759 692 608 652 734 645 732 7580 1488 -2834 453 142 119 -65 -47 -43
1534181172.6558661 691 608 652 734 645 732 7646 1486 -2800 209 365 -132 -66 -48 -44
1534181172.7128732 691 608 652 734 645 732 7650 1410 -2840 162 91 51 -65 -47 -44
1534181172.76144 691 608 651 734 645 732 7528 1466 -2826 164 -17 92 -64 -47 -44
1534181172.799359 691 608 651 734 645 732 7558 1456 -2878 82 336 -13 -66 -48 -44
1534181172.8453352 691 608 652 734 645 732 7654 1478 -2852 139 -323 148 -65 -47 -44
1534181172.9062219 692 608 652 734 645 732 7706 1462 -2726 274 482 -114 -63 -48 -44
1534181172.9656572 691 608 652 734 645 731 7572 1518 -2856 361 211 113 -63 -49 -43
1534181173.0239797 692 608 652 734 645 732 7602 1376 -2784 255 192 -130 -68 -49 -46
1534181173.0751598 691 608 652 734 645 732 7548 1470 -2916 306 2 224 -67 -49 -43
1534181173.1918821 692 608 651 734 645 732 7570 1470 -2772 88 138 -109 -65 -47 -45
1534181173.2741058 691 608 652 734 645 732 7564 1420 -2866 343 47 172 -66 -48 -44
1534181173.3307862 692 608 652 734 645 732 7666 1450 -2808 144 52 -6 -64 -50 -45
1534181173.3640025 692 608 652 734 645 731 7608 1458 -2852 242 -23 111 -64 -47 -45
1534181173.4058008 692 608 652 734 645 732 7622 1464 -2872 184 335 -125 -65 -49 -45
1534181173.47522 692 608 652 734 645 732 7644 1416 -2816 317 142 85 -66 -50 -44
1534181173.5440567 692 608 652 734 645 731 7564 1494 -2860 115 66 100 -64 -48 -44
1534181173.6129384 692 608 652 734 645 732 7610 1416 -2900 164 181 -47 -65 -54 -45
1534181173.6811702 692 608 652 734 645 732 7658 1456 -2810 390 283 69 -66 -50 -42
1534181173.752053 692 608 652 734 645 732 7540 1522 -2854 306 134 58 -66 -48 -43
1534181173.912824 692 608 652 734 645 732 7606 1418 -2840 234 37 78 -65 -49 -45
1534181173.998821 692 608 652 734 645 732 7646 1456 -2778 340 189 74 -66 -47 -43
1534181174.0597515 691 608 652 734 645 732 7558 1484 -2870 189 295 -50 -65 -47 -43
1534181174.104821 691 608 652 734 645 732 7458 1426 -2946 38 -17 87 -66 -48 -45
1534181174.1438205 691 608 652 734 645 732 7636 1470 -2742 328 334 63 -66 -49 -46
1534181174.1912694 691 608 652 734 645 733 7550 1456 -2882 135 255 -45 -65 -49 -43
1534181174.250964 691 608 652 734 645 732 7518 1476 -2852 195 -11 121 -66 -49 -44
1534181174.306987 691 608 652 734 645 732 7618 1514 -2792 142 91 93 -67 -47 -45
1534181174.3634663 691 608 652 734 645 731 7644 1436 -2832 275 235 -15 -64 -47 -45
1534181174.4308732 691 608 652 735 645 732 7508 1382 -2900 163 0 46 -67 -48 -44
1534181174.5868075 692 608 652 734 645 732 7540 1538 -2832 209 154 120 -64 -48 -44
1534181174.665707 691 608 652 734 645 732 7646 1446 -2832 88 78 19 -67 -48 -45
1534181174.7270458 691 608 652 734 645 733 7578 1472 -2844 268 273 11 -64 -49 -44
1534181174.7728 692 608 652 734 645 732 7572 1478 -2762 216 33 -61 -64 -48 -45
1534181174.8136744 691 608 652 734 645 732 7692 1268 -3118 745 606 -673 -65 -48 -44
1534181174.8528142 691 608 652 734 645 731 8022 1710 -2626 815 -322 209 -65 -48 -43
1534181174.9134295 691 608 651 733 645 731 7774 1588 -2716 -987 -1966 381 -64 -49 -43
1534181174.9879556 691 608 651 732 644 731 7592 1206 -2588 -1910 -372 -4032 -66 -48 -47
1534181175.060788 690 606 650 732 643 731 7254 552 -3608 -710 -2056 -1320 -68 -44 -45
1534181175.1336634 689 606 650 732 641 730 7348 1364 -3080 -1533 -315 -2213 -71 -43 -39
1534181175.2356603 688 605 650 732 640 731 7064 742 -3952 -770 339 -1342 -72 -42 -37
1534181175.3147337 689 606 651 732 641 731 7850 1642 -2540 163 -3085 2164 -72 -42 -40
1534181175.3768833 689 606 651 732 642 731 8328 3656 -1586 -1202 -10072 7212 -69 -42 -43
1534181175.4284225 690 607 651 733 644 732 9378 -206 -4494 1056 10814 -9081 -70 -42 -44
1534181175.4989314 691 608 652 734 645 732 6244 4080 -952 1894 2477 -208 -72 -44 -45
1534181175.5719244 691 607 652 733 645 732 7924 764 -3110 3364 -1787 5741 -71 -42 -42
1534181175.6437054 691 607 652 734 645 732 7034 1516 -3596 722 1043 -1694 -68 -46 -46
1534181175.712903 691 608 652 734 645 732 7814 1588 -2870 34 751 764 -68 -46 -47
1534181175.7818527 691 608 652 734 644 732 7350 1674 -2632 583 163 364 -67 -48 -44
1534181175.8507655 691 607 652 734 644 732 7584 1528 -2908 961 387 113 -67 -46 -47
1534181175.985105 691 608 652 734 645 732 7512 1454 -2990 184 149 122 -66 -47 -47
1534181176.0811033 691 608 652 734 645 732 7558 1624 -2774 200 217 81 -67 -45 -43
1534181176.1535842 691 608 652 734 645 732 7612 1538 -2840 210 222 82 -67 -47 -45
1534181176.1886027 691 608 652 734 645 732 7570 1506 -2876 232 -61 230 -66 -46 -46
1534181176.2278354 691 608 652 734 645 732 7758 1558 -2716 43 145 -288 -66 -47 -44
1534181176.2723713 692 608 652 734 645 732 7612 1506 -2826 252 371 23 -66 -48 -45
1534181176.3281891 691 608 652 734 645 732 7656 1594 -2766 192 2 82 -67 -47 -46
1534181176.3957076 691 608 652 734 645 732 7644 1526 -2844 141 165 -63 -65 -47 -46
1534181176.4649796 691 607 652 734 645 732 7540 1566 -2820 176 289 42 -65 -48 -46
1534181176.5336769 691 608 652 734 645 731 7670 1488 -2772 247 281 79 -66 -46 -45
1534181176.6887794 691 608 652 734 645 732 7480 1628 -2860 139 -18 130 -65 -47 -44
1534181176.840602 690 608 652 734 645 732 7556 1560 -2800 296 287 -23 -66 -48 -45
1534181176.924 691 608 652 734 645 732 7528 1494 -2950 136 125 145 -66 -46 -45
1534181176.9854853 691 608 652 734 645 732 7658 1542 -2778 226 123 67 -66 -45 -45
1534181177.0125926 691 608 652 734 645 731 7584 1516 -2874 483 362 -49 -67 -46 -45
1534181177.049334 691 608 652 734 645 732 7564 1590 -2786 -19 153 -120 -67 -48 -45
1534181177.082472 691 608 652 734 645 732 7636 1562 -2700 321 264 -33 -68 -47 -46
1534181177.1145985 691 608 652 734 645 732 7564 1542 -2852 380 76 213 -66 -48 -45
1534181177.1525118 692 608 652 734 645 732 7562 1574 -2830 4 -99 122 -66 -45 -44
1534181177.220513 691 608 652 734 645 732 7654 1486 -2832 170 189 71 -66 -46 -46
1534181177.295407 691 608 652 734 645 732 7618 1614 -2762 150 82 24 -67 -49 -46
1534181177.3689167 691 608 652 734 645 731 7666 1538 -2770 282 124 39 -65 -48 -44
1534181177.4385505 691 608 652 734 645 732 7626 1610 -2754 101 93 -105 -65 -46 -44
1534181177.493802 691 608 652 734 645 732 7638 1456 -2872 320 317 -11 -66 -47 -45
1534181177.5605135 691 608 652 734 645 732 7494 1630 -2812 298 89 72 -68 -46 -45
1534181177.6290934 691 607 652 734 645 732 7598 1510 -2816 171 -38 95 -67 -48 -44
1534181177.6976898 692 608 652 734 645 732 7510 1654 -2810 309 277 19 -66 -50 -42
1534181177.7646565 691 608 652 734 645 732 7626 1488 -2870 126 80 83 -67 -46 -44
1534181177.8320847 691 608 652 734 645 732 7534 1640 -2686 294 98 274 -65 -45 -41
1534181177.9019008 692 608 652 734 645 731 7626 1514 -2784 345 250 -133 -66 -48 -43
1534181177.982578 691 608 652 734 645 732 7656 1508 -2850 416 420 128 -66 -45 -44
1534181178.0479403 691 607 652 734 645 732 7554 1590 -2816 179 299 20 -67 -46 -44
1534181178.1085892 691 608 652 734 645 732 7676 1484 -2762 370 198 -9 -68 -45 -44
1534181178.1735408 691 608 652 734 645 732 7550 1580 -2874 129 7 128 -67 -46 -47
1534181178.242677 691 608 652 734 645 732 7624 1588 -2712 85 -138 -4 -66 -47 -45
1534181178.310995 691 608 652 734 645 732 7712 1420 -2790 386 146 -36 -68 -48 -46
1534181178.3795168 692 608 652 734 645 732 7398 1800 -2702 446 284 153 -66 -47 -45
1534181178.4495046 691 607 652 734 645 732 7646 1474 -2762 92 213 -144 -67 -46 -45
1534181178.5198147 691 608 652 734 645 732 7486 1638 -2832 588 205 -126 -67 -47 -45
1534181178.5905545 691 608 652 734 645 732 7500 1646 -2680 729 -122 -214 -67 -46 -45
1534181178.6825101 691 608 652 734 645 732 7552 1842 -2640 597 -98 -85 -67 -46 -44
1534181178.7575219 691 607 652 733 644 732 7282 1694 -2766 397 5 -607 -66 -45 -46
1534181178.829519 690 607 651 733 645 731 7162 1502 -2752 604 16 31 -68 -47 -45
1534181178.869482 690 607 651 733 644 731 7628 1594 -2854 -459 -75 -851 -66 -45 -44
1534181178.94057 690 607 651 733 644 731 7654 2026 -2344 -1360 -871 -151 -67 -44 -45
1534181179.013472 690 607 651 732 643 732 6908 1692 -3834 -595 -264 -1162 -71 -43 -43
1534181179.086436 689 606 651 732 642 731 7204 2302 -3494 1692 1402 -416 -71 -44 -44
1534181179.1585028 688 606 651 732 641 730 7618 540 -4316 -1029 2527 -3398 -72 -40 -43
1534181179.2314048 688 606 650 732 641 731 7868 2820 -1856 775 -3310 2836 -70 -42 -41
1534181179.3045201 689 606 651 732 642 731 7152 1866 -2596 1583 -7533 6942 -69 -41 -41
1534181179.4473948 690 607 651 733 644 731 7482 394 -4234 1072 5794 -625 -67 -43 -47
1534181179.5319653 691 607 652 733 644 731 7814 2362 -2144 -3032 -2578 -162 -67 -45 -46
1534181179.570384 690 607 652 733 644 731 7404 2258 -2244 1104 458 871 -68 -44 -45
1534181179.6136389 690 607 652 734 644 732 7758 1204 -3488 1598 211 898 -68 -45 -44
1534181179.661646 691 607 652 734 644 732 7562 1760 -2904 -360 348 44 -69 -47 -44
1534181179.7284737 691 607 652 734 644 732 7560 1792 -2466 412 332 16 -68 -44 -47
1534181179.7987976 691 607 652 734 644 732 7744 1630 -2842 526 -137 137 -68 -46 -44
1534181179.8674955 691 607 653 734 645 732 7526 1672 -2916 315 290 136 -67 -46 -44
1534181179.935551 690 608 652 734 644 732 7518 1804 -2686 110 339 91 -68 -45 -45
1534181180.0041273 690 607 652 734 645 732 7644 1588 -2852 266 63 212 -70 -47 -44
1534181180.1269932 691 607 652 733 644 731 7460 1826 -2750 81 128 100 -67 -44 -45
1534181180.1933215 690 607 652 734 644 732 7658 1582 -2872 268 150 60 -67 -47 -46
1534181180.252372 690 607 652 734 645 732 7456 1750 -2750 373 113 107 -69 -47 -46
1534181180.2876573 691 607 652 734 644 732 7510 1666 -2876 183 155 -42 -67 -46 -43
1534181180.3465176 691 607 652 734 645 732 7708 1602 -2766 283 212 32 -68 -44 -43
1534181180.4145901 691 607 652 734 645 732 7516 1728 -2750 132 239 -32 -68 -45 -44
1534181180.4826157 690 607 652 734 644 732 7612 1534 -2818 172 42 22 -69 -46 -45
1534181180.5520077 690 607 652 734 645 731 7658 1780 -2656 271 -42 153 -68 -47 -43
1534181180.6177819 691 607 652 734 644 732 7648 1760 -2728 248 77 6 -69 -47 -43
1534181180.6854556 691 607 653 734 644 732 7578 1650 -2808 158 186 -52 -67 -47 -42
1534181180.8320174 691 607 652 734 644 732 7752 1666 -2692 281 0 58 -66 -47 -44
1534181180.9685066 691 607 652 734 644 732 7540 1760 -2744 374 390 20 -66 -45 -45
1534181181.0367997 691 607 652 734 644 731 7606 1636 -2798 31 141 -24 -66 -45 -46
1534181181.0797706 691 607 652 734 644 732 7578 1650 -2796 200 247 129 -67 -45 -47
1534181181.1162555 691 607 652 734 644 732 7530 1790 -2788 428 173 14 -68 -47 -45
1534181181.1523962 690 607 652 734 644 732 7680 1586 -2784 58 144 -70 -67 -47 -44
1534181181.1914876 691 607 652 734 644 732 7572 1704 -2750 277 184 164 -67 -47 -43
1534181181.230418 690 607 652 734 644 732 7528 1668 -2814 83 42 -17 -67 -45 -45
1534181181.2997098 690 607 652 734 644 732 7562 1708 -2692 354 350 -99 -68 -46 -44
1534181181.3694096 691 608 652 734 644 732 7622 1636 -2710 128 -125 132 -69 -47 -45
1534181181.5385876 691 607 652 734 645 732 7586 1692 -2796 368 219 132 -68 -46 -45
1534181181.6342783 691 607 652 734 644 732 7546 1684 -2718 190 329 -66 -67 -47 -44
1534181181.6949244 691 607 652 734 644 732 7618 1600 -2818 302 70 87 -67 -46 -44
1534181181.7342446 691 607 652 734 644 732 7558 1756 -2738 98 60 69 -69 -48 -44
1534181181.775218 691 607 653 734 645 733 7612 1646 -2780 261 284 -47 -65 -45 -45
1534181181.8152454 691 607 652 734 644 732 7586 1662 -2792 316 201 111 -66 -47 -44
1534181181.8656073 690 607 652 734 644 732 7516 1718 -2738 286 94 -60 -67 -47 -45
1534181181.9247048 691 607 652 734 644 731 7692 1604 -2762 204 120 -51 -68 -47 -43
1534181181.985952 691 608 652 734 644 732 7684 1708 -2546 77 -145 217 -67 -46 -45
1534181182.0545614 691 607 652 734 645 731 7600 1648 -2704 254 200 -95 -65 -47 -45
1534181182.1651227 691 607 652 733 644 732 7568 1722 -2772 197 254 41 -68 -45 -42
1534181182.2312036 691 607 652 734 645 731 7626 1624 -2746 167 116 -31 -68 -48 -44
1534181182.3065524 691 607 652 734 644 732 7536 1720 -2770 287 35 162 -66 -46 -42
1534181182.348235 691 607 652 734 644 731 7524 1690 -2796 202 196 -106 -68 -45 -43
1534181182.3987753 691 607 653 734 645 732 7602 1680 -2826 262 171 164 -68 -46 -42
1534181182.4683065 690 607 652 734 644 732 7544 1610 -2774 129 123 -40 -69 -48 -44
1534181182.5355113 691 607 652 734 644 732 7592 1680 -2746 266 27 64 -66 -45 -45
1534181182.604984 691 607 652 734 644 731 7536 1680 -2868 62 -131 152 -69 -44 -43
1534181182.6722164 690 607 653 734 645 732 7578 1646 -2674 315 386 -37 -68 -44 -43
1534181182.7429073 691 607 652 733 644 732 7580 1648 -2808 241 276 58 -68 -50 -44
1534181182.921473 691 608 652 734 644 732 7748 2322 -2556 245 -572 279 -65 -47 -45
1534181183.0204234 691 607 652 734 644 731 7516 1048 -3128 1740 1677 341 -66 -46 -43
1534181183.074172 690 607 652 733 644 732 8170 418 -2888 -222 652 -2512 -67 -46 -44
1534181183.1132734 690 607 651 733 644 731 7664 936 -3198 -909 902 -2150 -68 -45 -46
1534181183.1563003 690 607 651 733 644 732 7454 898 -2852 -948 1259 -2693 -69 -46 -44
1534181183.2012415 690 606 651 732 643 731 7918 1586 -2474 -919 -1839 1109 -70 -43 -43
1534181183.2449343 689 606 651 732 642 731 7548 1774 -3586 -1814 594 -540 -68 -40 -43
1534181183.316311 689 606 651 732 642 731 7642 1166 -3292 1802 1052 1811 -70 -42 -43
1534181183.3893313 689 606 651 732 641 731 7670 1936 -2848 -1105 -820 -218 -69 -43 -44
1534181183.4624157 690 607 651 732 643 731 7938 1664 -2770 1185 -4287 3603 -69 -45 -43
1534181183.645607 690 607 651 733 644 731 7884 1408 -3576 -877 4443 -1742 -66 -45 -46
1534181183.8058066 691 607 652 734 644 731 5664 2350 -3932 -732 4053 -6133 -68 -45 -44
1534181183.9312873 691 608 652 734 645 731 7250 2806 -2086 1890 423 2812 -68 -46 -43
1534181184.036162 691 607 652 734 645 731 7904 706 -3468 1679 455 496 -68 -46 -40
1534181184.072142 691 608 652 734 645 732 7500 1832 -2820 -539 506 -381 -67 -45 -44
1534181184.1116283 691 608 652 734 645 731 7672 1698 -2550 232 -32 360 -69 -47 -43
1534181184.1482816 691 607 652 734 645 732 7570 1690 -2774 345 122 96 -67 -46 -43
1534181184.1933565 691 608 652 734 645 731 7552 1730 -2824 169 266 -36 -68 -45 -43
1534181184.241566 691 608 652 734 645 732 7624 1702 -2708 163 98 19 -67 -46 -42
1534181184.3004856 691 607 652 734 645 731 7540 1602 -2902 527 337 198 -69 -48 -43
1534181184.4283695 691 607 652 734 644 732 7664 1678 -2588 127 198 48 -66 -46 -42
1534181184.5612721 691 607 652 734 645 731 7428 1874 -2802 292 145 158 -67 -47 -44
1534181184.6282024 691 607 652 734 644 732 7694 1634 -2772 58 141 -54 -68 -46 -43
1534181184.677225 690 607 652 733 645 732 7506 1774 -2770 509 230 204 -66 -45 -43
1534181184.7153 690 607 652 734 644 732 7532 1666 -2810 -13 87 -117 -68 -48 -44
1534181184.7554474 691 607 652 734 645 732 7712 1636 -2680 307 -56 261 -69 -45 -42
1534181184.796896 691 607 652 734 644 732 7578 1744 -2720 44 203 -137 -68 -44 -43
1534181184.8370297 691 607 652 734 644 732 7608 1698 -2694 295 -29 139 -68 -46 -43
1534181184.8745263 690 607 652 734 644 732 7658 1722 -2738 141 143 -18 -68 -46 -45
1534181184.9132416 690 607 652 734 644 732 7638 1688 -2660 380 53 21 -67 -45 -45
1534181185.0011125 690 607 652 734 644 732 7520 1690 -2788 172 193 21 -66 -46 -42
1534181185.070064 691 607 652 734 644 732 7738 1710 -2650 239 -61 167 -69 -44 -43
1534181185.1301615 690 607 652 734 644 732 7494 1766 -2730 243 394 -60 -69 -47 -41
1534181185.1710563 690 607 652 734 644 732 7690 1628 -2740 140 -51 -55 -67 -47 -43
1534181185.212662 691 607 652 734 644 732 7622 1734 -2720 254 170 204 -67 -47 -44
1534181185.2702687 691 607 652 734 644 732 7526 1716 -2776 262 278 -101 -69 -47 -43
1534181185.3341906 691 607 652 734 644 732 7776 1604 -2674 178 -133 36 -67 -46 -44
1534181185.4011774 690 607 652 734 645 732 7532 1812 -2788 340 369 87 -68 -45 -44
1534181185.4702475 691 608 652 734 645 732 7498 1686 -2822 155 -91 -39 -68 -45 -43
1534181185.5420299 691 608 652 734 645 732 7622 1646 -2726 308 305 37 -67 -47 -44
1534181185.6621 690 607 652 734 644 733 7584 1662 -2784 80 255 -22 -70 -45 -44
1534181185.7473226 690 607 652 733 644 732 7512 1774 -2664 381 -158 194 -69 -46 -42
1534181185.822961 691 607 652 734 645 731 7612 1682 -2694 230 194 -50 -68 -46 -41
1534181185.8608701 691 607 652 734 644 732 7558 1688 -2720 179 235 18 -68 -46 -42
1534181185.8980622 691 607 652 733 645 732 7638 1634 -2670 172 -89 -54 -69 -45 -42
1534181185.9513214 691 607 652 734 644 732 7634 1642 -2766 251 49 195 -67 -45 -44
1534181186.0192578 690 607 652 734 645 732 7480 1870 -2684 130 86 88 -68 -47 -43
1534181186.0893857 690 607 652 734 645 732 7632 1574 -2796 110 228 -114 -68 -45 -42
1534181186.1590848 690 607 652 734 645 732 7572 1804 -2700 525 359 128 -68 -45 -43
1534181186.2273946 691 607 652 734 644 732 7590 1696 -2738 35 -163 51 -67 -45 -43
1534181186.3835466 690 607 652 734 644 732 7602 1724 -2684 231 250 54 -67 -45 -42
1534181186.546666 691 607 652 734 644 732 7580 1700 -2698 224 167 58 -68 -46 -43
1534181186.6069283 691 607 652 734 644 731 7526 1756 -2786 202 0 131 -68 -46 -44
1534181186.6569483 691 607 652 734 644 732 7566 1700 -2740 132 106 22 -68 -47 -43
1534181186.7000449 691 607 652 734 644 732 7546 1776 -2702 328 387 -61 -69 -46 -43
1534181186.754514 691 607 652 734 644 732 7572 1694 -2754 283 384 -127 -68 -47 -43
1534181186.8092842 690 607 652 734 645 732 7418 1772 -2622 110 101 149 -68 -48 -42
1534181186.8641713 690 607 652 734 644 732 7344 1704 -2770 1066 1100 223 -68 -45 -46
1534181186.9102888 691 607 652 733 644 732 7734 1220 -3086 1262 1478 -1263 -69 -46 -42
1534181186.957084 690 607 651 733 645 731 7542 1508 -2878 -644 1018 -1733 -67 -47 -42
1534181187.141907 690 607 651 733 644 731 7962 1578 -2364 -947 1959 -3528 -68 -44 -43
1534181187.2218945 690 607 651 733 644 731 8178 1434 -1672 -1245 -2127 972 -71 -44 -41
1534181187.3107047 690 607 651 732 644 731 7778 1706 -2572 -680 -520 -556 -68 -43 -39
1534181187.3427918 690 607 651 733 643 730 8118 1746 -2040 621 -1816 1534 -70 -44 -38
1534181187.3769517 689 606 651 732 643 731 8570 1786 -1186 701 -64 342 -70 -46 -40
1534181187.42534 689 606 651 732 642 731 7958 2138 -1956 929 -184 1129 -67 -44 -40
1534181187.486051 689 606 651 732 641 731 7762 2160 -2538 -734 3786 -2748 -68 -46 -39
1534181187.5440052 689 606 651 732 642 731 7666 2016 -2768 1239 -2901 4476 -72 -43 -41
1534181187.5983603 690 607 651 733 644 731 7400 1450 -3170 173 -7505 7111 -71 -43 -41
1534181187.6481345 690 607 652 733 645 731 8446 844 -3092 -395 4691 -4668 -67 -47 -44
1534181187.7823715 690 607 652 734 645 732 8060 3408 -1052 1428 832 734 -66 -46 -41
1534181187.8968854 691 607 652 734 645 732 7860 1082 -3068 1651 -250 1709 -69 -46 -44
1534181187.9799592 691 608 652 734 645 732 7500 1322 -3220 -166 364 -265 -67 -47 -47
1534181188.0219111 690 607 652 734 645 732 7760 1824 -2468 -45 392 -114 -67 -47 -44
1534181188.0619442 690 607 652 734 645 732 7584 1586 -2682 341 118 133 -66 -48 -43
1534181188.1008596 691 608 652 734 645 732 7698 1682 -2704 423 249 -51 -68 -48 -45
1534181188.1398804 691 607 652 734 645 732 7648 1698 -2646 220 294 -105 -67 -48 -42
1534181188.2092593 691 607 652 734 645 732 7542 1522 -2876 418 236 158 -67 -46 -44
1534181188.2780037 691 607 652 734 645 732 7588 1782 -2648 181 -98 -18 -68 -49 -45
1534181188.3458805 691 607 652 734 645 732 7706 1510 -2702 345 373 7 -66 -46 -43
1534181188.5241146 691 607 652 734 645 731 7502 1766 -2700 318 55 129 -67 -48 -43
1534181188.6168034 691 607 652 734 645 732 7688 1538 -2708 232 146 -18 -67 -48 -44
1534181188.6779275 691 607 652 734 645 732 7554 1642 -2714 201 138 55 -67 -47 -43
1534181188.7133832 691 607 652 734 645 732 7610 1594 -2690 101 51 -34 -66 -47 -46
1534181188.7478342 691 607 652 734 645 732 7606 1646 -2728 345 277 -19 -67 -45 -40
1534181188.7990353 691 608 652 734 645 732 7656 1590 -2698 182 329 -39 -68 -47 -43
1534181188.8510022 691 607 652 734 645 732 7522 1664 -2690 241 95 66 -67 -46 -42
1534181188.893952 691 607 652 734 644 731 7624 1578 -2762 339 319 -4 -65 -46 -46
1534181188.9602582 691 607 652 734 645 732 7588 1722 -2646 188 108 92 -65 -48 -43
1534181189.0316164 691 607 652 734 645 732 7656 1576 -2736 200 149 -43 -67 -47 -42
1534181189.1499302 691 607 652 734 645 732 7566 1702 -2650 297 51 211 -67 -48 -42
1534181189.2478516 691 607 652 734 645 731 7686 1568 -2682 124 76 -117 -68 -47 -43
1534181189.346974 691 608 652 734 645 732 7646 1676 -2694 320 185 194 -69 -46 -44
1534181189.4008555 691 608 652 733 645 732 7592 1696 -2566 195 -18 -30 -67 -46 -43
1534181189.439825 691 607 652 734 645 732 7674 1562 -2700 143 182 101 -68 -46 -42
1534181189.4760087 691 607 652 734 645 732 7566 1784 -2682 301 190 -27 -67 -47 -41
1534181189.5157416 690 607 652 733 645 732 7696 1552 -2754 64 24 -45 -68 -48 -42
1534181189.5802693 691 607 652 734 645 731 7648 1694 -2688 380 149 163 -66 -48 -43
1534181189.6487632 691 608 652 734 645 732 7598 1692 -2682 193 139 -120 -68 -45 -43
1534181189.7180548 691 607 652 734 645 732 7690 1592 -2744 239 358 -39 -66 -48 -43
1534181189.8459167 690 607 652 734 645 732 7568 1672 -2700 354 24 128 -67 -45 -44
1534181189.9719179 691 608 652 734 645 731 7668 1574 -2606 149 -63 70 -67 -48 -42
1534181190.112829 690 608 652 734 645 733 7638 1606 -2708 238 328 -76 -69 -44 -43
1534181190.1778793 691 608 652 734 645 732 7606 1628 -2684 312 119 17 -67 -47 -44
1534181190.2147543 690 608 652 734 645 732 7598 1678 -2626 199 45 141 -66 -47 -41
1534181190.251806 691 608 652 734 645 732 7600 1598 -2714 157 326 -72 -68 -46 -44
1534181190.2949967 690 607 652 734 644 732 7556 1648 -2720 295 137 40 -68 -47 -44
1534181190.3377888 691 607 652 734 645 731 7670 1550 -2682 209 239 -68 -66 -45 -45
1534181190.375726 691 607 652 734 645 732 7598 1686 -2676 354 270 16 -67 -46 -45
1534181190.4138317 690 607 652 734 645 732 7632 1680 -2682 124 27 -41 -69 -47 -44
1534181190.6074717 691 607 652 734 645 731 7660 1608 -2676 160 145 25 -65 -47 -42
1534181190.6996584 690 607 652 734 645 732 7546 1658 -2772 299 221 -5 -70 -48 -42
1534181190.7536669 691 607 652 734 645 732 7600 1658 -2680 180 89 7 -68 -46 -43
1534181190.7937028 690 607 652 734 645 732 7678 1622 -2676 -48 233 -86 -69 -46 -43
1534181190.8317468 691 608 652 734 645 732 7604 1710 -2592 392 123 182 -65 -47 -44
1534181190.87371 690 607 652 734 645 732 7632 1588 -2822 285 271 -26 -66 -47 -41
1534181190.9266756 691 607 652 734 645 732 7620 1640 -2708 68 189 71 -69 -46 -43
1534181190.978261 690 607 652 734 645 732 7534 1732 -2726 239 190 157 -66 -47 -43
1534181191.0308096 691 607 652 734 645 732 7678 1676 -2632 105 377 -195 -68 -48 -43
1534181191.0878992 690 607 652 734 645 732 7660 1582 -2648 400 215 167 -66 -46 -43
1534181191.185809 691 608 652 733 645 732 7540 1710 -2686 199 148 62 -67 -46 -43
1534181191.2736366 690 607 652 734 645 732 7676 1574 -2632 190 155 -65 -67 -48 -43
1534181191.333609 691 607 652 734 645 732 7666 1716 -2588 395 107 102 -65 -48 -43
1534181191.3706048 690 607 652 734 645 732 7554 1630 -2688 199 233 -134 -68 -48 -44
1534181191.4338949 691 607 652 733 644 732 7404 2056 -2516 684 -539 987 -66 -47 -40
1534181191.5067017 691 607 652 733 645 732 7492 2004 -2602 256 -1033 1110 -66 -45 -43
1534181191.5761163 690 607 652 733 645 732 7844 1052 -2842 247 -636 21 -66 -48 -41
1534181191.648845 690 607 651 733 644 732 7746 2518 -2582 -1499 652 -1107 -65 -47 -44
1534181191.7238066 690 607 651 732 644 731 7062 1476 -3172 -1203 -191 -1303 -67 -45 -41
1534181191.7998374 689 607 650 732 644 731 7814 2280 -2146 -1581 -1239 -211 -66 -44 -42
1534181191.92366 689 607 650 732 643 731 7370 0 -3494 -549 -1122 435 -69 -43 -40
1534181192.0017943 689 607 651 732 643 731 7116 1276 -3250 647 -669 -9 -69 -45 -40
1534181192.0615637 689 606 651 732 642 731 7390 1762 -2966 188 1013 -756 -67 -47 -43
1534181192.1015775 689 606 651 732 642 731 7432 2508 -1944 524 -703 661 -70 -45 -42
1534181192.1496618 689 606 651 732 643 730 8012 2560 -1578 -974 524 -1308 -69 -45 -41
1534181192.2206762 690 607 651 732 644 731 7628 916 -3146 795 -4484 6244 -69 -45 -39
1534181192.2929616 690 607 651 733 644 730 7842 738 -3806 501 6247 -5499 -68 -45 -42
1534181192.3626728 690 607 652 733 645 731 7352 3456 -1008 1035 956 449 -68 -48 -42
1534181192.4359488 690 607 652 733 645 732 8994 1142 -2988 2364 -1282 1105 -68 -45 -43
1534181192.5076127 691 607 652 733 645 732 7414 1414 -3376 -190 -112 369 -66 -46 -42
1534181192.649582 691 607 652 734 645 731 7654 1746 -2466 -13 208 -39 -66 -46 -43
1534181192.7235777 691 607 652 733 645 732 7480 1650 -2810 547 215 141 -68 -46 -43
1534181192.7968493 691 607 652 733 645 732 7548 1570 -2798 247 428 -132 -66 -46 -44
1534181192.8425498 691 607 652 734 645 731 7654 1744 -2680 378 193 81 -67 -46 -42
1534181192.8794968 691 607 652 734 645 732 7762 1516 -2632 113 122 -111 -67 -45 -44
1534181192.9229076 691 607 652 733 645 732 7606 1578 -2678 284 443 -77 -65 -49 -43
1534181192.9910965 691 608 652 733 645 732 7546 1592 -2770 334 222 -4 -66 -47 -41
1534181193.059167 690 607 652 734 645 731 7754 1538 -2596 264 146 56 -66 -46 -42
1534181193.1255133 690 607 652 733 645 731 7506 1636 -2770 288 242 7 -66 -48 -42
1534181193.1977918 691 607 652 734 645 732 7752 1596 -2590 232 184 -42 -64 -47 -43
1534181193.4084666 690 607 652 734 645 732 7688 1558 -2596 212 156 83 -66 -45 -45
1534181193.5316253 690 607 652 734 645 732 7606 1630 -2722 48 14 -98 -68 -46 -43
1534181193.5904505 690 607 652 734 645 732 7766 1562 -2616 359 245 -30 -66 -46 -43
1534181193.6276336 691 607 652 734 645 732 7564 1616 -2662 331 184 111 -64 -47 -41
1534181193.665849 691 607 652 733 645 731 7676 1580 -2636 101 10 36 -67 -48 -43
1534181193.7178328 691 608 652 733 645 732 7576 1638 -2674 242 212 -27 -68 -47 -42
1534181193.7712169 691 607 652 734 645 732 7664 1516 -2654 231 174 -71 -66 -49 -44
1534181193.818077 690 607 652 734 645 732 7644 1636 -2600 101 321 -222 -66 -46 -42
1534181193.8575485 691 607 652 733 645 732 7718 1584 -2694 258 81 4 -69 -46 -42
1534181193.9035537 690 607 652 733 645 732 7640 1660 -2630 222 244 -87 -66 -48 -43
1534181194.0891783 690 607 652 733 645 732 7612 1522 -2726 155 318 -109 -68 -47 -42
1534181194.172556 691 607 652 733 645 732 7692 1600 -2594 212 37 174 -66 -47 -41
1534181194.237578 690 607 652 733 645 732 7676 1632 -2682 271 203 -43 -67 -48 -41
1534181194.2858725 691 607 652 734 645 732 7664 1596 -2660 167 187 -21 -65 -47 -39
1534181194.3204484 690 607 652 733 645 732 7614 1708 -2684 382 94 104 -67 -48 -41
1534181194.3545141 691 607 652 733 645 732 7658 1626 -2706 120 74 -27 -66 -47 -43
1534181194.3977215 690 607 652 733 645 732 7820 1576 -2602 391 89 92 -67 -48 -41
1534181194.4537575 690 607 652 733 645 732 7548 1658 -2632 145 146 9 -68 -48 -43
1534181194.5097878 690 607 652 734 645 731 7772 1480 -2590 177 62 -39 -67 -46 -42
1534181194.5648372 691 607 652 733 645 731 7548 1760 -2570 409 326 62 -67 -49 -42
1534181194.7180023 691 608 652 733 645 732 7656 1608 -2708 97 55 -52 -64 -47 -44
1534181194.8024163 691 607 652 733 645 731 7542 1462 -2540 346 275 32 -69 -48 -42
1534181194.8503547 691 608 652 734 645 731 7668 1518 -2668 76 100 -79 -67 -47 -42
1534181194.8824027 691 608 652 733 645 732 7670 1638 -2666 297 74 127 -67 -48 -43
1534181194.9205036 691 607 652 734 645 731 7626 1648 -2660 233 270 -118 -66 -48 -42
1534181194.9746864 690 607 652 733 645 732 7592 1586 -2644 213 382 13 -67 -47 -42
1534181195.0417774 690 607 652 734 645 732 7508 1710 -2692 100 -120 85 -68 -47 -40
1534181195.1104057 690 607 652 734 645 732 7774 1602 -2612 368 304 -91 -65 -48 -44
1534181195.178581 690 607 652 734 645 732 7596 1660 -2636 293 294 -1 -67 -46 -41
1534181195.2454848 690 607 652 734 645 732 7520 1660 -2732 162 82 32 -67 -46 -41
1534181195.3524446 690 607 652 733 645 732 7668 1682 -2626 191 149 64 -67 -45 -43
1534181195.4223936 691 608 652 733 645 732 7590 1630 -2618 100 345 -80 -67 -49 -40
1534181195.4746165 691 608 652 734 645 732 7642 1676 -2634 426 119 86 -67 -48 -41
1534181195.5183096 691 607 652 734 645 731 7734 1700 -2626 7 -168 100 -68 -46 -42
1534181195.5863209 691 608 652 733 645 731 7636 1616 -2544 153 213 20 -67 -48 -43
1534181195.6553972 692 608 652 733 645 732 7618 1686 -2652 325 256 -23 -68 -47 -40
1534181195.7254674 691 608 652 734 645 732 7640 1676 -2638 271 198 -42 -66 -48 -42
1534181195.7944496 691 608 652 734 645 732 7624 1670 -2652 223 251 -168 -69 -47 -43
1534181195.8633347 691 607 653 734 645 732 7644 1684 -2584 274 155 65 -68 -46 -42
1534181195.9337368 691 607 652 733 645 731 7564 1650 -2346 -8 -271 -48 -67 -47 -39
1534181196.1099308 690 607 652 733 645 731 7554 1378 -2838 298 -1119 709 -69 -47 -41
1534181196.1662421 690 608 652 733 645 732 7536 1000 -2936 -1168 -244 -1489 -66 -48 -41
1534181196.2053046 690 607 651 733 644 731 7598 1350 -2776 -1691 694 -2287 -68 -46 -41
1534181196.243303 690 607 651 732 644 732 7712 1646 -2896 358 -621 -176 -70 -46 -41
1534181196.2957582 689 607 651 732 643 731 7856 1492 -2920 1263 -1861 1431 -70 -43 -38
1534181196.3688223 689 606 651 732 643 731 7566 1962 -3838 -566 -72 -1327 -70 -45 -41
1534181196.4384935 688 606 651 731 641 730 7750 3164 -2402 3744 5640 907 -71 -42 -42
1534181196.5129158 689 605 651 732 641 730 7496 2458 -2674 -545 -533 -1190 -70 -43 -39
1534181196.5873609 688 606 651 731 642 730 7176 1540 -4072 -1315 3447 -2851 -71 -42 -40
1534181196.660434 690 607 651 732 643 730 8118 2352 -1520 -299 -5604 5394 -68 -42 -38
1534181196.7654598 691 607 652 733 645 730 8540 1486 -3610 -2008 3398 -4789 -69 -45 -40
1534181196.8393228 691 607 652 733 645 732 7774 3696 -726 2118 620 2250 -70 -43 -40
1534181196.8962967 691 607 652 733 645 731 7672 1380 -2936 3797 18 3227 -72 -44 -37
1534181196.9458022 691 607 652 734 645 732 7482 1086 -3418 527 479 -426 -67 -47 -39
1534181197.0135515 691 607 652 733 645 731 7776 1912 -2170 64 926 -363 -66 -48 -43
1534181197.0853648 691 607 652 733 645 732 7564 1814 -2716 759 -168 302 -67 -46 -42
1534181197.1545691 690 607 652 734 645 731 7746 1700 -2572 470 259 -52 -66 -47 -44
1534181197.2224624 690 607 652 734 645 732 7674 1610 -2608 386 203 33 -67 -47 -42
1534181197.2905674 691 607 652 734 645 731 7586 1704 -2614 339 85 152 -66 -47 -42
1534181197.3554523 690 607 652 734 645 732 7588 1674 -2632 242 200 7 -65 -48 -40
1534181197.4994357 691 607 652 733 645 731 7684 1610 -2580 311 185 95 -66 -44 -42
1534181197.6042037 691 607 652 733 645 731 7596 1726 -2540 265 187 43 -68 -47 -43
1534181197.657213 690 607 652 734 645 731 7664 1648 -2648 321 165 60 -67 -48 -42
1534181197.6941025 690 607 652 734 645 732 7656 1714 -2562 272 76 65 -67 -47 -43
1534181197.7354522 690 607 652 734 645 732 7718 1670 -2554 133 106 5 -68 -47 -41
1534181197.7824864 690 607 652 734 645 731 7640 1698 -2552 179 132 18 -66 -47 -41
1534181197.83435 690 607 652 734 645 732 7664 1666 -2628 208 148 -36 -66 -46 -42
1534181197.9013028 690 607 652 734 645 732 7616 1628 -2662 112 195 -14 -68 -47 -44
1534181197.9685934 690 607 652 734 645 731 7668 1616 -2636 321 177 49 -66 -47 -44
1534181198.0383785 690 607 652 734 645 732 7596 1724 -2606 206 59 35 -66 -47 -41
1534181198.1572025 690 607 652 733 645 732 7702 1604 -2582 228 19 19 -67 -47 -41
1534181198.2302113 690 607 652 734 645 732 7640 1698 -2512 351 112 102 -67 -45 -44
1534181198.2993133 690 607 652 734 645 732 7620 1692 -2618 127 136 -26 -64 -47 -43
1534181198.3381393 690 607 652 734 645 731 7732 1624 -2622 256 37 107 -67 -46 -42
1534181198.3804655 691 607 652 734 645 731 7610 1710 -2562 261 202 -9 -66 -48 -41
1534181198.44644 690 607 652 733 645 732 7638 1644 -2622 148 89 -46 -66 -47 -42
1534181198.5144482 690 608 652 734 645 732 7690 1606 -2628 189 128 53 -67 -47 -41
1534181198.5823483 690 607 652 733 645 732 7638 1740 -2566 372 117 82 -66 -46 -40
1534181198.6524067 691 607 652 733 645 732 7624 1636 -2668 295 402 -158 -69 -47 -41
1534181198.721365 691 607 652 734 645 731 7640 1744 -2520 296 115 92 -68 -48 -43
1534181198.8567147 690 607 652 734 645 731 7618 1688 -2584 481 204 -144 -68 -49 -41
1534181198.9302597 690 607 653 733 645 732 7696 1482 -2658 442 196 24 -67 -47 -42
1534181198.9780905 690 607 652 734 645 732 7678 1732 -2488 390 353 -162 -69 -46 -42
1534181199.012268 690 607 652 734 645 732 7760 1708 -2560 594 392 -227 -67 -48 -42
1534181199.0676084 691 607 652 734 645 732 7584 1666 -2604 655 43 162 -66 -46 -44
1534181199.1374133 691 608 652 734 645 731 7464 1592 -2822 876 861 -168 -69 -46 -42
1534181199.2074823 691 607 653 734 645 732 7638 1574 -2688 -99 -869 133 -68 -47 -46
1534181199.28148 691 607 652 734 645 732 7594 1448 -2988 -349 -1003 -308 -68 -44 -44
1534181199.3550282 691 607 652 733 645 732 7578 1836 -2602 -418 -288 -1180 -70 -45 -46
1534181199.426433 691 607 652 734 645 732 7822 1884 -2590 -56 -543 -258 -67 -48 -45
1534181199.5856595 691 608 653 734 645 731 7714 1774 -2764 485 520 16 -67 -45 -44
1534181199.6930358 690 607 652 734 645 731 7636 1676 -2960 -312 -505 491 -69 -46 -43
1534181199.7551913 690 607 653 734 645 732 7806 1746 -2598 -66 34 264 -69 -44 -44
1534181199.790105 690 607 652 734 645 731 7578 1808 -2804 91 551 -111 -70 -45 -45
1534181199.8284411 691 607 652 733 645 731 7786 1770 -2722 70 -218 330 -68 -46 -45
1534181199.8722212 690 607 652 734 645 732 7658 1750 -2732 443 143 37 -68 -44 -44
1534181199.9171884 690 607 652 734 645 732 7564 1900 -2738 507 729 -321 -67 -46 -43
1534181199.9794965 690 607 653 734 644 731 7600 1698 -2828 319 325 136 -70 -46 -42
1534181200.0468752 690 607 652 734 645 732 7476 1834 -2838 204 247 9 -66 -45 -42
1534181200.1160672 690 607 652 734 645 732 7676 1738 -2804 218 206 -38 -68 -46 -45
1534181200.2070556 691 607 652 734 645 732 7598 1760 -2724 195 255 164 -68 -45 -44
1534181200.294134 690 607 652 734 644 732 7540 1738 -2724 245 150 114 -68 -48 -44
1534181200.3580277 690 608 652 734 645 732 7542 1698 -2832 352 272 -32 -68 -46 -42
1534181200.4011273 690 607 652 733 645 732 7666 1712 -2746 203 132 100 -69 -46 -46
1534181200.4595082 690 607 652 734 645 732 7596 1796 -2814 323 139 38 -68 -45 -43
1534181200.5284626 691 607 652 734 645 732 7644 1700 -2684 419 152 40 -68 -46 -42
1534181200.5943055 690 607 652 734 644 732 7634 1800 -2766 140 9 66 -69 -45 -43
1534181200.6625457 691 607 653 734 645 732 7716 1732 -2726 26 215 -62 -70 -46 -44
1534181200.7326865 690 607 652 733 645 732 7580 1936 -2554 671 380 -26 -68 -45 -45
1534181200.8003798 691 607 652 734 645 732 7566 1626 -2798 504 -81 194 -68 -46 -43
1534181200.9222414 690 607 652 734 645 732 7522 1634 -2820 170 127 61 -70 -47 -46
1534181201.0530112 691 607 652 734 645 732 7568 1790 -2756 -158 138 -25 -68 -46 -45
1534181201.1169965 691 607 652 734 645 732 7596 1744 -2776 -129 5 313 -68 -45 -45
1534181201.1811256 691 607 652 734 645 732 7610 1730 -2798 378 182 -114 -67 -47 -44
1534181201.220035 691 607 653 734 645 732 7552 1778 -2732 614 120 105 -68 -46 -44
1534181201.2619867 691 608 652 734 645 732 7590 1584 -2942 118 110 -218 -67 -47 -45
1534181201.304982 690 607 652 734 645 732 7672 1698 -2824 -1101 -910 1707 -70 -48 -43
1534181201.3591328 691 608 652 733 645 733 7374 1796 -2568 -532 272 -264 -68 -45 -42
1534181201.4309392 691 607 653 734 645 732 7570 1976 -2398 1592 388 -80 -67 -46 -43
