1534183915.2342858 655 573 614 698 604 696 4620 4362 5124 459 208 -14 -81 -21 -27
1534183915.3105154 655 573 614 697 604 696 4482 4302 5210 215 301 -17 -82 -22 -27
1534183915.3814273 655 574 614 698 604 696 4498 4394 5038 327 233 -160 -81 -20 -26
1534183915.4410546 656 573 614 698 604 696 4856 4194 5070 23 28 -242 -82 -19 -26
1534183915.5128815 655 573 614 698 604 696 4672 4158 5174 -90 -52 -177 -80 -20 -25
1534183915.5752223 656 573 614 698 604 695 4598 4324 5208 -165 96 -318 -82 -20 -27
1534183915.6571674 656 573 614 698 604 696 4450 4406 5164 -321 16 -1645 -83 -19 -26
1534183915.7243226 656 573 614 698 604 696 4278 4338 5290 -886 8 -554 -84 -19 -27
1534183915.786807 655 573 614 698 604 695 4432 4502 5268 228 474 -353 -85 -18 -26
1534183915.8649144 656 573 614 698 604 695 4620 4258 5244 -523 203 -610 -84 -17 -25
1534183915.972058 655 573 614 698 603 697 4366 4300 5280 210 1028 -1060 -86 -16 -28
1534183916.0345433 656 573 614 698 603 696 4316 4338 5200 -789 -38 -875 -87 -16 -22
1534183916.120411 656 573 614 698 604 696 4156 4456 5270 -541 1234 -789 -87 -13 -20
1534183916.1612222 656 573 614 698 604 696 4142 4482 5444 -119 455 -570 -87 -12 -21
1534183916.218643 656 573 614 698 604 696 4258 4206 5500 190 3123 -1390 -89 -10 -21
1534183916.2740352 656 573 614 698 604 696 4036 4502 5542 -1163 362 -882 -88 -9 -22
1534183916.359933 656 573 614 698 603 696 3930 4456 5950 -828 1977 -1413 -89 -8 -20
1534183916.4255135 655 573 614 698 604 696 3806 4556 5906 206 1326 -1050 -89 -4 -18
1534183916.4880009 655 573 614 698 604 696 3700 4402 5710 128 33 -325 -87 -2 -18
1534183916.550535 656 573 614 698 604 697 3722 4532 5836 593 694 -149 -91 -2 -15
1534183916.6432228 656 573 614 698 604 696 3616 4416 5692 89 -145 -31 -93 -2 -17
1534183916.700832 656 573 614 698 604 696 3774 4464 5798 732 928 -339 -91 -1 -18
1534183916.7565184 656 573 614 698 604 696 3558 4412 5554 410 667 -183 -92 -4 -16
1534183916.8346267 655 573 614 698 603 696 3544 4424 5592 156 1489 -799 -91 -2 -20
1534183916.8920283 655 573 614 698 604 696 3612 4594 5974 -58 -500 60 -90 1 -16
1534183916.9547145 656 573 614 698 604 696 3510 4420 5852 445 666 -81 -92 0 -17
1534183917.0326211 655 573 614 698 603 696 3564 4508 5864 95 -63 98 -90 -1 -16
1534183917.1011364 656 573 614 698 604 697 3536 4496 5926 400 596 -462 -90 1 -17
1534183917.1583197 655 574 614 698 604 696 3316 4496 5506 444 1646 -608 -90 2 -18
1534183917.2384162 656 574 614 698 604 696 3440 4582 5942 -244 552 -563 -90 3 -16
1534183917.3059983 655 574 614 698 604 696 3344 4596 6022 7 475 -276 -91 3 -16
1534183917.369987 656 574 614 698 604 696 3294 4558 5816 204 549 -193 -92 4 -17
1534183917.4246578 655 573 614 698 603 695 3200 4502 5992 -146 274 -379 -91 3 -17
1534183917.5027676 655 574 614 698 604 696 3178 4554 5778 305 252 -253 -90 4 -17
1534183917.5652504 655 573 614 698 604 696 3272 4626 6150 115 -83 56 -92 5 -17
1534183917.6364377 655 574 614 698 604 696 3240 4618 5986 392 487 -211 -90 8 -17
1534183917.7036574 655 573 614 698 604 696 3132 4550 5930 251 431 -176 -89 6 -18
1534183917.7639756 656 574 614 698 604 696 3142 4630 6022 92 324 -66 -92 7 -17
1534183917.8356209 656 573 614 698 604 696 3158 4552 5924 296 280 -173 -92 7 -17
1534183917.9013896 656 573 614 698 604 696 3140 4590 5934 179 -75 45 -91 5 -17
1534183917.966217 656 574 614 698 604 696 3232 4610 6182 251 -86 65 -92 6 -16
1534183918.0313244 656 574 614 698 604 697 3110 4604 5932 492 -72 279 -94 7 -16
1534183918.1014354 656 573 614 698 604 697 3184 4686 5940 -416 -1703 1146 -92 6 -16
1534183918.1593833 656 573 615 698 604 696 3322 4638 6054 545 636 554 -93 7 -17
1534183918.2384207 656 573 614 698 604 696 3186 4232 5352 1338 3309 -1541 -91 6 -15
1534183918.3067713 655 573 614 698 604 696 3836 4316 6190 -932 -3960 -2033 -91 5 -18
1534183918.3782122 655 573 615 698 603 696 2616 5706 6740 4580 -640 -864 -90 8 -18
1534183918.4386702 655 573 619 698 603 696 4430 5114 8936 -1676 1800 -2205 -91 10 -20
1534183918.5167775 655 573 617 698 603 696 3832 5112 6998 -1972 -10559 729 -92 11 -21
1534183918.5792627 655 573 621 698 603 695 4630 4402 7532 -796 -3652 686 -90 8 -18
1534183918.6756878 655 573 620 697 603 695 3488 4602 5738 1023 -1584 -1947 -91 7 -16
1534183918.7344644 656 573 621 698 603 695 4394 3850 5830 828 626 -1388 -89 7 -17
1534183918.7894316 655 573 623 698 603 696 3734 4288 7198 -3452 -691 3382 -89 9 -17
1534183918.8719165 656 573 615 698 604 696 4514 3856 5798 4038 2075 -2695 -89 5 -13
1534183918.940187 656 573 615 698 604 696 2806 4460 4412 -1720 455 809 -90 5 -13
1534183919.0026717 655 573 615 698 603 696 3408 4496 5676 340 3322 488 -92 7 -13
1534183919.0651567 655 573 615 698 604 695 3448 4300 6818 -400 2669 697 -92 8 -13
1534183919.1463661 656 573 614 698 603 695 3484 4062 5714 1796 1092 -1080 -90 10 -14
1534183919.2185595 657 573 614 698 604 696 3714 4260 6574 -1604 -3048 1523 -91 12 -15
1534183919.2738037 656 574 615 698 604 696 3572 4320 6218 832 1903 12 -91 10 -15
1534183919.3565736 656 573 615 698 604 696 3292 4278 6012 49 379 -214 -92 10 -14
1534183919.4083214 656 574 614 698 604 696 3462 4240 6082 241 124 -124 -91 13 -13
1534183919.4864283 656 574 614 698 604 696 3274 4376 6052 402 844 49 -91 11 -12
1534183919.5489142 656 574 614 698 604 696 3354 4322 6010 63 -197 -54 -89 9 -13
1534183919.6201088 656 574 615 698 604 696 3516 4302 6112 86 -17 -100 -93 11 -15
1534183919.6747854 655 574 614 698 604 696 3308 4178 6040 414 280 248 -92 13 -14
1534183919.7425041 656 574 614 698 604 696 3350 4338 6080 35 -10 28 -91 10 -15
1534183919.8049915 656 574 615 698 604 696 3414 4226 6050 350 123 -14 -90 11 -14
1534183919.8851218 656 574 614 698 604 696 3310 4340 6178 162 13 126 -93 12 -13
1534183919.9397035 656 574 614 698 604 695 3406 4298 5916 334 294 -106 -91 14 -14
1534183920.017809 656 574 614 698 604 696 3422 4242 6162 153 28 129 -93 11 -13
1534183920.0802953 656 574 615 698 604 695 3346 4266 6086 261 217 36 -92 10 -12
1534183920.1524737 656 574 614 698 604 695 3398 4332 6048 278 216 -35 -91 11 -12
1534183920.2184787 656 574 614 699 604 696 3452 4218 6030 171 217 85 -92 12 -12
1534183920.27391 656 574 614 698 604 695 3314 4264 6020 395 298 104 -92 13 -13
1534183920.3494034 656 574 615 698 604 695 3368 4296 6096 137 99 -5 -92 11 -14
1534183920.4072742 656 574 615 698 604 696 3354 4220 5992 366 363 -58 -92 12 -13
1534183920.4696276 656 574 614 698 604 695 3328 4324 5978 228 149 133 -93 10 -13
1534183920.5477812 657 573 614 698 604 696 3316 4346 5978 175 112 -171 -91 11 -13
1534183920.6194475 656 574 615 698 604 696 3412 4286 6120 192 144 -24 -93 11 -14
1534183920.6757894 656 574 614 698 604 696 3298 4260 5996 311 307 16 -91 14 -11
1534183920.7416756 656 573 614 698 605 696 3378 4276 6138 317 103 3 -92 11 -14
1534183920.8042135 655 574 615 698 604 696 3284 4344 6084 256 391 13 -91 12 -12
1534183920.875479 656 574 614 698 604 695 3384 4334 6066 225 -28 60 -91 11 -13
1534183920.9379666 655 574 614 698 604 696 3424 4264 6174 160 185 46 -92 13 -13
1534183921.016073 656 574 614 698 604 695 3082 4264 5664 619 1170 272 -94 14 -14
1534183921.0785563 655 574 614 698 604 696 3428 4200 6352 -153 1168 -150 -92 10 -14
1534183921.1538355 656 574 615 698 604 695 3392 4746 6810 -816 -180 60 -92 12 -16
1534183921.2258103 656 574 614 698 604 695 3486 3856 6070 1183 -726 -2639 -90 14 -14
1534183921.2883778 656 574 615 697 604 695 3328 3972 5830 4749 3904 -1321 -91 14 -14
1534183921.3732076 655 573 618 698 604 695 3284 4082 7040 1661 2171 -774 -92 16 -16
1534183921.4227188 655 573 615 698 604 696 2618 4576 7192 484 -149 -427 -90 19 -19
1534183921.5009973 655 573 615 698 604 695 2358 5088 6492 -75 644 222 -92 20 -18
1534183921.5633097 655 573 614 698 604 695 2568 4834 6072 -351 -4559 1909 -90 22 -20
1534183921.6445577 656 574 615 697 603 695 2842 4964 5708 -2488 -2144 82 -91 20 -20
1534183921.7168367 655 574 616 698 603 695 3256 4372 6380 -2660 -4168 1468 -94 20 -21
1534183921.7722476 655 574 615 698 604 695 3630 4622 5142 -280 932 -154 -91 16 -18
1534183921.8530853 656 574 615 698 604 696 2972 4534 6038 -8 2174 679 -92 14 -17
1534183921.9087412 656 574 615 698 603 696 3296 4158 6378 372 2522 876 -93 15 -17
1534183921.986945 656 574 615 698 604 696 3236 4254 6356 176 948 37 -90 15 -14
1534183922.0493352 656 574 615 698 604 695 3020 4412 6106 -1 142 -466 -88 16 -15
1534183922.1212516 656 574 615 698 604 696 3028 4398 6270 -43 -85 172 -91 15 -13
1534183922.1750934 657 574 615 698 604 696 3160 4246 6138 6 101 -57 -92 17 -13
1534183922.24333 656 574 615 698 604 696 3128 4254 6216 -161 -235 -361 -90 15 -11
1534183922.3214352 656 574 615 697 604 695 3090 4276 6238 154 189 90 -91 16 -13
1534183922.387296 655 574 615 698 604 696 3016 4208 6256 32 112 63 -91 16 -14
1534183922.455435 655 574 615 698 605 695 3186 4280 6208 245 264 -116 -93 16 -13
1534183922.518177 656 574 615 698 604 696 3116 4258 6182 92 16 22 -92 16 -12
1534183922.580406 656 573 615 698 604 696 3026 4328 6260 43 69 71 -93 15 -12
1534183922.6527486 655 574 615 698 604 696 3120 4294 6228 68 -122 -165 -91 14 -14
1534183922.7257197 656 574 615 698 604 696 3092 4224 6236 241 107 175 -91 18 -13
1534183922.772584 656 574 615 698 605 696 3068 4250 6246 111 27 118 -92 18 -11
1534183922.8511379 655 574 615 698 604 696 3166 4260 6182 272 146 -98 -90 17 -12
1534183922.90697 656 574 615 698 604 696 3082 4164 6294 143 -21 113 -91 15 -11
1534183922.9696078 656 574 615 698 604 696 3036 4342 6228 229 171 99 -89 16 -13
1534183923.0477605 656 574 615 698 604 696 3152 4244 6288 310 253 -82 -90 17 -11
1534183923.119263 657 574 615 698 604 696 3122 4212 6288 60 -126 -163 -92 18 -10
1534183923.1740644 656 574 615 698 604 695 3114 4248 6232 241 94 380 -91 18 -12
1534183923.2415123 656 574 615 698 604 695 3200 4204 6272 246 233 -12 -92 17 -12
1534183923.3196619 656 574 615 698 604 695 3088 4238 6236 162 55 -114 -89 16 -11
1534183923.3920083 656 574 615 698 604 696 3184 4218 6290 210 214 17 -92 18 -11
1534183923.4388714 656 574 615 698 604 696 3062 4292 6170 134 122 60 -90 18 -12
1534183923.5169792 656 574 615 698 604 696 3082 4268 6144 202 225 -81 -91 18 -10
1534183923.5794735 656 574 615 698 604 696 3098 4190 6260 209 156 73 -92 16 -11
1534183923.6516626 656 574 615 698 604 696 3076 4276 6292 236 284 -55 -90 18 -13
1534183923.7180119 657 574 615 698 604 695 3042 4320 6142 267 199 15 -92 18 -12
1534183923.7725956 656 574 615 698 604 695 3046 4222 6338 189 152 -14 -91 19 -11
1534183923.8521616 655 574 615 698 604 696 3086 4284 6270 212 197 140 -90 18 -12
1534183923.9070232 657 574 615 699 604 696 3068 4320 6226 251 82 -52 -92 20 -11
1534183923.9851587 655 574 615 698 605 695 3062 4216 6256 255 129 152 -90 17 -10
1534183924.0476158 656 574 615 699 604 696 3048 4282 6198 189 134 68 -91 20 -11
1534183924.118073 655 574 615 698 604 696 3028 4252 6182 228 200 -88 -89 16 -11
1534183924.1762972 656 574 615 698 604 696 3034 4284 6206 227 118 30 -92 18 -13
1534183924.241649 656 574 615 698 604 696 3040 4248 6268 254 176 -30 -89 17 -12
1534183924.3043506 656 574 615 698 604 696 3038 4236 6246 282 224 6 -92 19 -12
1534183924.3814547 656 574 615 698 604 696 3080 4342 6198 262 173 16 -91 18 -10
1534183924.438715 655 574 615 698 604 695 3090 4226 6296 266 280 32 -89 18 -12
1534183924.5011837 656 574 615 698 604 695 3006 4290 6314 276 113 43 -91 18 -12
1534183924.5791261 656 574 615 698 604 695 3106 4282 6288 295 156 119 -91 18 -12
1534183924.6416123 655 574 615 697 604 695 3120 4280 6296 178 175 -1 -93 19 -11
1534183924.7251396 656 574 615 698 605 695 3044 4288 6284 149 268 -68 -90 20 -12
1534183924.772513 656 574 615 698 604 695 3008 4292 6264 124 20 -99 -91 19 -10
1534183924.8351605 656 574 615 698 604 696 3034 4238 6298 217 108 117 -92 18 -11
1534183924.9080856 656 574 615 698 604 695 2900 4490 5900 22 974 2257 -88 18 -12
1534183924.986188 655 574 615 698 604 695 3670 3802 6552 -2386 -3740 -3513 -90 17 -13
1534183925.0484283 656 574 615 698 604 695 2772 4654 4994 2184 4679 1160 -90 19 -11
1534183925.1290362 656 574 620 698 604 695 2570 4506 6208 3822 3409 -3579 -92 19 -11
1534183925.1988769 655 573 617 697 604 695 3378 4040 6068 3035 -1058 240 -90 22 -15
1534183925.2576718 655 573 617 697 604 695 3072 4254 5968 2514 -1261 -1777 -90 23 -19
1534183925.3359535 655 573 617 697 604 695 3128 4000 6736 3132 740 -743 -91 20 -18
1534183925.407766 655 573 616 698 603 695 2294 5594 6022 -885 94 2711 -92 24 -18
1534183925.4702518 656 574 618 697 604 695 3536 3698 6410 -2007 -3932 3852 -91 22 -19
1534183925.548358 656 574 616 698 604 695 2740 4898 5624 -1862 -1241 -399 -93 16 -15
1534183925.6232038 656 574 616 698 604 695 2980 4580 5962 -490 1088 1016 -90 15 -16
1534183925.6748688 656 574 615 698 604 695 3336 4126 6238 -99 419 78 -92 16 -14
1534183925.7412887 656 574 615 698 604 696 3076 4250 6318 38 33 -436 -92 13 -13
1534183925.819392 655 574 615 698 604 696 3042 4424 6180 187 167 184 -91 17 -13
1534183925.8884373 656 574 615 698 604 695 3230 4238 6100 84 69 -113 -92 18 -13
1534183925.9548094 656 574 615 698 604 696 3054 4396 6160 124 443 -286 -92 15 -14
1534183926.0170407 655 574 615 698 604 696 3026 4356 6126 40 329 62 -91 18 -13
1534183926.0795298 656 574 615 698 604 696 3032 4326 6270 175 221 104 -90 17 -12
1534183926.1561844 656 574 615 698 604 696 3078 4330 6250 185 244 -167 -91 19 -14
1534183926.2207046 655 574 615 698 604 695 2972 4316 6372 77 389 51 -91 17 -13
1534183926.2739809 656 574 615 698 604 695 2926 4404 6266 224 387 128 -92 18 -14
1534183926.353494 656 574 615 698 604 695 3008 4332 6176 194 274 -67 -91 19 -13
1534183926.40809 656 574 615 698 604 695 2924 4318 6294 110 168 163 -91 19 -15
1534183926.4861991 656 574 615 698 604 696 3038 4350 6206 283 181 -36 -90 19 -12
1534183926.5486825 656 574 615 698 604 695 2954 4310 6218 296 309 193 -90 18 -13
1534183926.6245563 656 574 615 698 604 695 2990 4418 6164 293 269 -101 -91 19 -10
1534183926.6897142 656 574 615 698 604 695 2976 4278 6330 241 221 8 -90 18 -14
1534183926.7579892 655 574 615 698 604 695 2966 4310 6260 242 183 205 -89 21 -12
1534183926.8204958 656 574 615 698 604 695 3010 4366 6256 240 238 -78 -89 20 -11
1534183926.8895867 656 574 615 698 604 695 2924 4290 6214 213 126 43 -91 18 -14
1534183926.9559793 656 574 615 698 604 695 2988 4360 6250 195 145 -28 -91 21 -14
1534183927.018536 656 574 615 698 604 695 2920 4292 6340 156 103 10 -92 19 -12
1534183927.080899 655 574 615 698 605 695 2988 4376 6234 262 127 -12 -91 18 -14
1534183927.1559935 656 574 615 698 604 695 2960 4320 6234 166 158 73 -91 18 -13
1534183927.2211905 656 574 615 698 604 695 3012 4358 6348 242 79 49 -90 18 -13
1534183927.2734962 656 574 615 698 604 696 2990 4366 6184 234 122 -19 -91 21 -13
1534183927.3540998 655 574 615 698 604 695 2914 4280 6262 131 -14 141 -92 17 -12
1534183927.4236717 656 574 615 698 604 696 3004 4354 6222 148 120 -10 -91 19 -12
1534183927.4861581 656 574 615 698 604 696 2970 4240 6328 221 121 140 -91 17 -13
1534183927.5486445 656 574 615 698 604 696 2958 4336 6258 240 163 32 -91 19 -14
1534183927.6210387 656 574 615 698 604 696 2962 4356 6198 253 137 24 -91 20 -14
1534183927.6747057 656 574 615 698 604 695 3014 4230 6296 302 236 57 -92 17 -14
1534183927.7412865 656 574 615 698 605 696 2898 4396 6190 255 186 -12 -92 20 -12
1534183927.8192737 656 574 615 698 605 695 3030 4282 6228 271 154 -2 -92 19 -13
1534183927.885637 656 574 615 698 605 695 2928 4362 6262 234 127 77 -89 19 -13
1534183927.941157 656 574 615 698 604 696 2986 4330 6190 261 187 21 -91 17 -13
1534183928.0192666 656 574 615 698 604 696 2932 4352 6226 197 116 -57 -92 19 -10
1534183928.0817497 656 574 615 698 605 696 2952 4320 6280 193 117 49 -92 19 -11
1534183928.1501632 656 574 615 698 604 696 3102 4272 6186 188 160 80 -89 19 -12
1534183928.2195566 656 574 615 698 604 696 2820 4230 6162 443 143 -179 -91 18 -12
1534183928.2739968 656 574 615 698 605 695 2818 4386 5770 129 1743 1164 -90 20 -12
1534183928.3587232 656 574 615 698 604 696 2962 4218 5732 -804 -986 -773 -92 18 -13
1534183928.424032 656 574 615 698 604 695 2644 4570 5914 589 -657 -682 -91 19 -14
1534183928.486777 655 574 622 697 604 695 2532 4998 5346 1527 2116 11 -89 22 -14
1534183928.5490153 655 573 622 697 604 695 2778 4600 5768 142 356 691 -92 23 -17
1534183928.6340754 655 574 624 697 603 695 2228 4570 6306 1271 -1837 -373 -90 20 -17
1534183928.702798 655 574 625 697 604 695 1620 5368 6502 204 -2377 44 -90 23 -15
1534183928.7566788 655 574 625 698 603 695 3080 4092 6700 460 -1128 117 -90 25 -17
1534183928.834786 656 574 617 698 604 695 3102 4582 6006 1251 424 -1085 -92 23 -16
1534183928.9080584 656 574 617 697 603 695 2844 4504 6482 -4636 -6937 6022 -93 23 -19
1534183928.9702854 656 574 617 698 604 695 4404 3556 5650 2033 1054 -3731 -91 18 -14
1534183929.0483909 655 574 620 698 604 695 2550 4844 6028 -211 670 223 -91 15 -15
1534183929.1195629 655 574 620 698 604 696 3174 4314 6140 151 792 867 -92 19 -11
1534183929.1752553 656 574 620 698 604 696 3254 4204 6352 176 557 646 -92 18 -15
1534183929.241388 656 574 619 698 604 695 3218 4284 6188 321 518 -289 -92 19 -13
1534183929.3192708 656 574 618 698 604 695 3116 4376 6182 186 104 296 -92 16 -15
1534183929.3864892 656 574 618 698 604 695 3186 4296 6130 35 149 8 -90 17 -13
1534183929.456466 656 574 618 698 604 696 3016 4366 6006 398 -138 477 -91 15 -14
1534183929.5189517 656 574 618 698 604 696 3224 4148 6166 73 129 249 -92 16 -14
1534183929.5816398 656 574 618 698 604 695 3306 4258 6086 -342 -633 520 -90 15 -13
1534183929.6576548 656 574 617 699 604 695 3284 4260 5964 -447 -600 39 -90 14 -12
1534183929.7248337 656 574 617 699 604 695 3336 4226 5962 685 400 -345 -90 14 -9
1534183929.788396 656 574 617 698 603 696 3462 4000 6012 -779 -716 1290 -91 15 -11
1534183929.8634794 656 574 617 698 603 696 2816 4398 5814 -158 729 -872 -92 15 -10
1534183929.9230597 656 574 617 698 603 697 2966 4022 6136 -2469 2671 181 -94 18 -9
1534183930.001167 656 574 617 698 603 697 2216 3838 6104 -1466 9332 738 -93 15 -7
1534183930.0636513 656 574 617 698 603 696 2514 3806 6838 -2640 -839 -820 -92 16 -2
1534183930.1534357 656 574 616 698 604 696 2334 3868 6712 1795 4018 -2009 -90 20 -3
1534183930.210628 656 574 617 698 604 695 2224 3978 6774 -1409 3986 85 -91 20 -1
1534183930.2739706 656 574 616 698 604 695 2294 3704 6688 -2172 3546 636 -89 21 -2
1534183930.3364573 655 574 617 698 603 695 1776 3786 7452 74 1852 -404 -89 23 1
1534183930.4086552 655 574 616 698 604 695 2038 3428 7106 -326 -52 1515 -87 22 2
1534183930.4711418 655 574 616 699 603 697 1772 4690 6684 -898 -581 -3563 -85 24 1
1534183930.5337954 656 574 616 698 603 697 1710 3574 6818 -549 1563 926 -89 26 1
1534183930.617374 655 574 616 698 603 696 1632 3400 7024 -1326 -250 -170 -87 25 4
1534183930.6744244 655 574 616 698 604 696 1986 3354 7276 -123 508 -711 -87 25 5
1534183930.7409256 655 574 616 698 604 696 1618 3628 7152 312 415 -21 -86 27 5
1534183930.819031 655 574 616 697 604 696 1644 3440 7380 319 1132 693 -86 27 5
1534183930.8831565 655 574 616 698 604 696 1740 3290 7232 578 -503 -332 -85 26 5
1534183930.939752 655 574 616 698 604 696 1762 4172 7824 508 1796 -880 -85 26 4
1534183931.0022383 655 574 616 698 604 696 1556 3434 7350 75 -146 -248 -85 28 5
1534183931.080565 655 574 616 697 604 695 1572 3408 7294 110 -35 -204 -84 28 3
1534183931.1469662 655 574 616 697 604 696 1628 3400 7156 19 179 -135 -84 28 5
1534183931.2156813 656 574 616 697 603 695 1248 3868 6416 -1759 -1172 393 -83 30 5
1534183931.2728388 655 574 616 697 604 696 1780 3032 7204 12 1374 -348 -84 28 5
1534183931.3482325 655 574 615 698 604 696 1374 3420 6944 -559 615 556 -85 27 6
1534183931.407834 655 574 615 697 603 695 1352 3110 6984 453 2577 1720 -83 29 6
1534183931.4703186 655 574 615 697 603 696 1206 3140 7002 1201 -189 -84 -86 28 4
1534183931.532969 655 574 615 697 604 696 1770 3566 7224 3553 -57 382 -82 27 2
1534183931.614671 653 574 620 697 604 695 1296 4104 6804 1093 -759 728 -83 26 2
1534183931.6753516 654 574 616 697 604 696 1538 3450 6978 1009 -2122 -215 -84 26 0
1534183931.741458 655 574 616 697 604 695 1586 3608 7178 1089 -2112 519 -84 26 -3
1534183931.8193078 654 574 616 696 603 695 1616 2992 7584 2856 122 -372 -84 24 0
1534183931.88954 654 574 616 697 604 694 1588 3964 6984 607 -1041 -144 -83 25 -2
1534183931.9544842 655 574 616 697 604 695 1632 4038 6978 167 436 145 -84 26 -2
1534183932.016971 654 574 617 697 603 694 1906 3968 6914 190 -371 2 -88 25 -4
1534183932.081865 654 574 618 697 604 695 2104 3488 7352 -2222 -302 1206 -85 25 -3
1534183932.174887 654 574 616 696 604 695 1706 3658 6568 -592 1383 79 -85 22 0
1534183932.2223625 654 574 616 697 604 695 1614 3980 6746 -387 547 737 -84 24 0
1534183932.2737067 654 574 616 697 604 695 1734 3532 7138 -463 845 414 -84 23 1
1534183932.3529398 655 574 616 697 604 695 2092 3246 7066 -9 1154 -75 -82 24 3
1534183932.4072764 655 574 616 697 604 695 1224 3578 7442 -199 353 314 -86 22 2
1534183932.469751 654 574 616 697 604 695 1752 3504 7124 -47 377 445 -84 26 3
1534183932.5478568 654 574 616 697 604 695 1822 3400 7236 -69 63 -371 -82 24 2
1534183932.616365 654 574 616 697 604 695 1538 3332 7400 -188 -140 211 -83 25 3
1534183932.6755366 654 574 616 697 604 695 1794 3362 7054 139 229 -289 -84 25 3
1534183932.7432163 655 574 616 697 605 695 1620 3388 7232 -150 234 45 -83 24 4
1534183932.805701 654 574 616 696 604 695 1634 3334 7310 -19 142 73 -83 24 4
1534183932.8761098 654 574 615 697 604 695 1658 3394 7258 86 169 -115 -82 25 4
1534183932.938337 655 574 616 697 604 695 1652 3318 7240 105 92 -1 -84 24 4
1534183933.000822 655 574 616 697 604 695 1628 3344 7248 153 148 -6 -82 26 6
1534183933.063492 655 574 615 697 604 695 1758 3334 7174 203 96 30 -82 25 2
1534183933.1292596 654 574 615 697 604 694 1606 3322 7220 183 197 31 -84 25 4
1534183933.194842 654 574 615 697 604 695 1720 3306 7232 180 124 105 -83 25 5
1534183933.2567847 654 574 616 697 604 695 1694 3342 7326 108 65 -9 -83 26 5
1534183933.3192704 654 574 616 697 604 695 1682 3260 7318 206 240 199 -82 24 6
1534183933.3871918 655 574 616 697 604 696 1694 3380 7152 276 188 89 -84 26 4
1534183933.440111 655 574 615 697 604 695 1688 3296 7316 159 6 271 -83 24 5
1534183933.5025938 654 574 615 697 604 695 1696 3316 7302 315 356 110 -84 24 5
1534183933.5650792 654 574 615 697 604 695 1634 3288 7302 343 255 109 -82 24 3
1534183933.6439862 654 574 615 697 604 695 1710 3288 7258 254 159 144 -82 25 3
1534183933.7090547 655 574 615 697 604 695 1662 3304 7266 232 283 107 -84 27 4
1534183933.7726383 655 574 615 697 604 695 1654 3304 7298 318 244 106 -84 24 5
1534183933.8349857 654 574 615 697 604 695 1664 3254 7334 236 175 68 -83 23 5
1534183933.900058 654 574 615 697 604 695 1622 3340 7262 46 -36 8 -83 24 4
1534183933.9563775 654 574 615 697 604 695 1736 3338 7288 103 42 71 -84 25 3
1534183934.0188632 655 574 615 697 604 696 1592 3392 7316 120 96 133 -83 26 4
1534183934.0813487 654 574 615 698 604 695 1792 3232 7236 -103 -261 115 -84 24 3
1534183934.157351 655 574 615 697 604 695 1688 3198 7278 159 241 94 -83 27 4
1534183934.2219837 655 574 615 697 604 695 1700 3312 7292 313 268 -77 -86 24 6
1534183934.2733645 654 574 615 697 604 695 1660 3278 7236 263 128 71 -83 26 5
1534183934.3520343 654 574 615 697 604 695 1692 3384 7200 -70 -316 112 -84 25 4
1534183934.4086347 654 574 615 697 604 695 1840 3190 7158 1169 1811 2098 -82 24 5
1534183934.4867399 654 574 615 697 604 695 1694 3352 7000 2831 268 546 -84 23 5
1534183934.5492258 654 574 615 697 604 695 1328 3212 7588 1664 1019 -466 -80 21 3
1534183934.6214302 654 574 618 697 604 695 1398 3730 6968 3354 361 -567 -83 22 1
1534183934.690751 654 573 618 697 604 695 1658 3592 7094 1935 2772 2900 -82 20 0
1534183934.7581015 654 574 618 697 604 695 1706 3518 7156 -365 -2386 1169 -84 22 -2
1534183934.8205855 655 574 618 697 604 694 2250 3156 7254 2510 -737 -1204 -84 20 -3
1534183934.8994489 654 574 617 697 604 695 2308 3678 6970 1205 3101 -463 -83 20 -3
1534183934.9555743 654 574 617 697 604 695 1224 4228 6806 668 -37 83 -85 21 -6
1534183935.0335913 654 574 620 697 604 694 1640 4178 6952 -1286 -1522 490 -86 25 -6
1534183935.0960753 654 574 616 697 604 695 2372 3424 6576 -2305 -275 847 -87 23 -6
1534183935.171211 654 574 616 697 604 694 1220 3896 6976 -771 1118 1055 -84 22 1
1534183935.225609 654 574 616 698 604 695 1952 3400 7306 -560 908 420 -86 22 0
1534183935.2880964 654 574 616 697 604 695 1664 3420 7256 -15 575 141 -86 21 1
1534183935.3660085 655 574 616 697 604 695 1626 3426 7170 -26 -26 -4 -83 21 1
1534183935.422395 654 574 616 697 604 695 1820 3562 7174 -11 219 -94 -85 20 1
1534183935.484878 654 574 616 697 604 695 1658 3456 7130 -118 36 -80 -85 21 2
1534183935.5473628 654 574 616 697 604 695 1728 3404 7238 -25 195 95 -83 21 2
1534183935.6248617 654 574 616 697 604 695 1724 3354 7230 196 505 -5 -83 22 3
1534183935.6762583 654 574 616 697 604 696 1640 3442 7198 176 260 250 -86 21 3
1534183935.7414792 654 574 616 698 604 695 1684 3428 7228 278 146 169 -84 22 4
1534183935.8039622 655 574 616 697 604 695 1774 3346 7150 97 125 -5 -84 20 2
1534183935.8804436 653 574 616 697 604 695 1604 3470 7244 121 71 -94 -82 23 0
1534183935.9394207 654 574 615 697 604 694 1782 3340 7174 144 236 85 -83 22 2
1534183936.0019453 653 574 615 697 604 695 1608 3412 7196 160 37 112 -86 21 4
1534183936.0643902 654 574 615 697 604 695 1722 3396 7252 241 99 -54 -84 21 1
1534183936.134587 654 574 615 698 604 695 1684 3408 7266 128 -9 -2 -83 22 2
1534183936.198834 654 574 615 697 604 694 1696 3458 7128 169 180 18 -84 22 2
1534183936.2565365 653 574 615 697 604 695 1708 3286 7240 218 83 18 -81 21 3
1534183936.3190715 654 574 615 697 604 695 1696 3346 7268 142 141 -3 -84 22 2
1534183936.3904767 654 574 615 697 604 695 1672 3386 7236 217 132 -42 -85 23 3
1534183936.4408963 654 574 615 697 604 695 1724 3416 7210 154 20 31 -83 22 3
1534183936.5188217 654 574 615 697 604 695 1650 3376 7316 238 204 -79 -84 22 3
1534183936.5813067 654 574 615 697 604 695 1738 3346 7248 185 83 80 -83 22 3
1534183936.6476192 654 574 615 697 604 695 1714 3334 7366 123 14 -140 -82 23 3
1534183936.7214215 654 574 615 697 604 695 1716 3366 7210 253 114 96 -83 23 2
1534183936.773681 655 574 615 697 604 695 1632 3426 7168 157 95 -46 -85 22 1
1534183936.8361657 655 574 615 697 604 695 1728 3352 7282 169 73 93 -84 22 3
1534183936.8925378 654 574 615 697 604 695 1676 3382 7150 161 156 27 -84 23 4
1534183936.9550223 653 574 615 697 604 696 1714 3310 7322 210 110 43 -85 23 3
1534183937.0175097 654 574 615 697 604 695 1696 3350 7292 257 180 120 -84 25 2
1534183937.0802143 654 574 615 697 604 695 1660 3362 7250 196 113 85 -82 22 2
1534183937.1420836 655 574 615 697 604 695 1726 3360 7240 209 69 -6 -85 24 3
1534183937.2190104 654 574 615 697 604 696 1702 3404 7216 243 36 -6 -83 21 3
1534183937.274223 654 574 615 697 604 695 1622 3490 7092 -107 -332 -22 -83 22 1
1534183937.3597755 654 574 615 697 604 696 1898 3100 6812 961 -350 507 -82 22 3
1534183937.4091842 654 574 615 697 604 695 1556 3668 6898 -950 -270 1259 -84 20 2
1534183937.4872906 654 574 615 697 604 695 1846 3208 6948 958 -2793 -381 -81 19 4
1534183937.5497751 654 574 615 697 604 695 1900 3926 6734 780 1474 -319 -84 19 4
1534183937.622014 654 574 615 697 604 695 1800 3780 7018 785 -465 595 -85 23 0
1534183937.6748307 654 574 616 696 604 695 1760 4238 6688 -399 152 266 -83 22 0
1534183937.741298 653 574 615 696 604 695 2376 2948 7348 2018 151 -723 -83 20 -1
1534183937.8194573 654 574 615 697 604 695 1858 3392 7394 2056 -324 -1349 -85 18 -2
1534183937.8962948 653 574 615 697 604 694 2140 3294 7274 4244 1283 -2770 -84 20 -3
1534183937.9553046 654 574 615 697 604 695 1268 4374 7046 -2580 -745 1836 -85 19 -4
1534183938.0334103 654 574 620 696 604 695 1668 3976 6968 -1811 -997 -72 -84 22 -4
1534183938.0958965 654 574 620 697 604 695 2686 2826 6904 -1728 332 153 -86 22 -3
1534183938.1697416 654 574 616 697 604 695 1832 3332 7118 227 2339 -551 -82 20 2
1534183938.2256637 654 574 616 697 604 694 1264 3744 7118 -469 148 451 -83 19 2
1534183938.2881489 654 574 616 697 604 695 1986 3242 7290 -4 220 285 -84 21 1
1534183938.3658853 654 574 616 697 604 695 1746 3486 7166 260 621 -127 -81 21 2
1534183938.4248757 654 574 617 697 604 695 1794 3334 7272 111 372 186 -83 21 3
1534183938.487265 653 574 617 697 604 695 1782 3278 7262 84 230 -42 -81 21 5
1534183938.5497508 654 574 617 697 604 695 1810 3282 7228 145 366 141 -86 21 3
1534183938.624554 655 574 617 697 604 695 1738 3356 7186 348 393 -50 -85 20 4
1534183938.6921003 654 574 617 697 604 696 1672 3392 7234 180 254 75 -84 20 4
1534183938.7412095 654 574 617 697 604 696 1838 3286 7256 144 255 104 -83 22 3
1534183938.803848 655 574 617 697 604 696 1684 3326 7298 269 269 46 -82 23 2
1534183938.875633 654 574 616 697 604 695 1690 3268 7278 203 157 66 -84 22 3
1534183938.9381173 654 574 616 697 604 695 1748 3332 7216 237 209 123 -83 21 3
1534183939.0007565 654 574 616 697 604 695 1750 3388 7294 180 105 -3 -83 20 5
1534183939.0631616 654 574 616 697 604 695 1766 3274 7212 184 187 77 -82 21 2
1534183939.1255748 654 574 616 698 604 696 1668 3334 7296 65 -32 70 -83 22 3
1534183939.2009282 654 574 616 697 604 695 1706 3280 7262 228 108 11 -83 23 3
1534183939.2567923 654 574 616 697 604 696 1700 3330 7240 157 172 79 -84 22 5
1534183939.3192782 654 574 616 697 604 695 1724 3322 7244 266 99 111 -82 22 5
1534183939.3913662 654 574 616 697 604 696 1754 3306 7252 225 253 105 -84 22 2
1534183939.4538515 654 574 616 697 604 695 1680 3302 7302 131 -38 75 -81 21 3
1534183939.5163372 655 574 616 697 604 696 1784 3274 7224 155 113 83 -82 20 3
1534183939.5788229 654 574 616 697 604 696 1680 3306 7302 173 66 6 -84 21 4
1534183939.647328 654 574 616 697 604 695 1766 3256 7262 187 53 113 -82 20 3
1534183939.7112515 654 574 616 697 604 695 1710 3354 7264 189 164 17 -85 22 3
1534183939.7745318 654 574 616 697 604 695 1742 3260 7298 180 76 49 -83 20 3
1534183939.8370156 654 574 616 698 604 696 1736 3322 7200 268 41 30 -84 19 5
1534183939.8923771 654 574 616 697 604 695 1712 3308 7262 231 215 108 -82 22 4
1534183939.9548614 654 574 616 697 604 695 1754 3288 7276 203 98 -39 -82 21 4
1534183940.0173469 654 574 616 697 604 695 1740 3260 7288 219 58 65 -82 21 4
1534183940.0798318 654 574 616 697 604 696 1722 3308 7280 225 138 20 -82 21 5
1534183940.1559603 655 574 616 697 604 695 1786 3290 7234 212 76 -11 -84 20 5
1534183940.220783 655 574 616 697 604 696 1700 3276 7312 218 106 95 -83 21 3
1534183940.274143 654 574 616 697 604 695 1762 3262 7288 237 183 -31 -84 21 2
1534183940.3478436 654 574 616 697 604 695 1748 3288 7208 199 83 57 -81 20 6
1534183940.4085054 654 574 616 697 604 695 1782 3248 7238 247 206 -16 -83 19 3
1534183940.4709911 654 574 616 697 604 695 1670 3304 7270 268 94 45 -83 22 5
1534183940.5336733 654 574 616 698 604 695 1768 3290 7230 198 148 35 -82 21 2
1534183940.5959644 655 574 616 697 604 696 1776 3248 7274 196 181 153 -82 23 4
1534183940.6697133 654 574 616 697 604 695 1674 3336 7268 218 125 -25 -83 20 4
1534183940.7326324 654 574 616 697 604 695 1744 3234 7318 181 90 32 -83 22 5
1534183940.7895603 654 574 616 696 604 695 1760 3342 7214 253 142 34 -84 21 3
1534183940.8611453 654 574 616 697 604 695 1774 3262 7274 278 207 -20 -81 21 4
1534183940.9231615 654 574 616 697 604 695 1742 3246 7310 244 253 79 -83 22 2
1534183940.9855094 655 574 616 697 604 695 1774 3312 7204 250 233 -4 -81 22 3
1534183941.0479944 654 574 616 697 604 696 1598 3266 7378 -45 -181 550 -82 20 6
1534183941.1238136 654 574 615 697 604 695 2008 3080 7630 3085 1877 -216 -84 19 4
1534183941.1923504 654 574 615 697 604 695 1752 3326 7518 3054 -693 -1753 -83 21 3
1534183941.2569451 654 574 615 697 604 695 1706 3680 7470 1207 1627 -946 -81 21 1
1534183941.3194335 654 574 615 697 604 694 1532 3858 6940 -2165 1587 1008 -83 23 0
1534183941.3925514 654 574 615 697 604 694 1658 3272 7190 -316 -3645 -322 -83 22 -2
1534183941.455039 654 573 615 696 604 695 2350 3578 6976 1506 -705 -1347 -83 20 -3
1534183941.5331457 654 574 615 697 604 695 1784 3708 7216 2168 3076 -492 -86 20 -2
1534183941.6093538 654 574 615 697 604 695 1334 4152 7100 -3361 1760 2453 -87 22 -4
1534183941.6739757 654 574 616 697 604 695 2136 2876 7672 -1612 -2574 -1154 -85 23 -2
1534183941.7430158 654 574 616 697 604 695 1116 4028 7334 -782 446 494 -84 23 0
1534183941.8057594 654 574 616 697 604 695 1848 3300 7332 -392 200 474 -83 24 1
1534183941.8788567 654 574 616 697 604 695 1690 3288 7304 -108 297 55 -84 23 4
1534183941.9550962 654 574 616 697 604 695 1604 3446 7232 167 145 66 -84 21 2
1534183942.001959 654 574 615 697 604 695 1734 3378 7236 64 7 134 -83 21 4
1534183942.064446 654 574 616 697 604 695 1728 3340 7244 198 299 122 -86 22 -1
1534183942.134075 654 574 616 697 604 696 1666 3432 7164 77 220 150 -83 22 3
1534183942.1994421 654 574 615 697 604 695 1680 3314 7368 157 243 132 -83 22 3
1534183942.2573085 654 574 616 697 604 695 1642 3362 7208 132 149 111 -82 23 3
1534183942.3199935 654 574 616 697 604 695 1678 3304 7294 167 125 96 -85 22 4
1534183942.392059 654 574 616 697 604 695 1702 3340 7296 205 148 25 -85 23 3
1534183942.4404345 655 574 616 697 604 695 1688 3364 7286 72 -8 45 -83 24 3
1534183942.5028193 654 574 615 697 604 696 1678 3270 7256 212 207 12 -81 24 4
1534183942.5809267 655 574 616 697 604 695 1680 3326 7206 204 232 186 -84 24 4
1534183942.6475422 654 574 615 697 604 695 1722 3302 7260 212 254 79 -82 24 2
1534183942.7093751 654 574 615 697 604 695 1674 3352 7280 173 58 59 -83 21 4
1534183942.7727606 654 574 615 697 604 696 1706 3310 7268 153 157 92 -84 24 4
1534183942.8364553 654 574 615 698 604 695 1660 3358 7212 223 212 75 -84 25 4
1534183942.89142 655 574 615 697 604 695 1694 3300 7264 188 153 68 -82 23 4
1534183942.9539058 654 574 615 697 604 695 1714 3350 7238 225 159 82 -82 23 4
1534183943.016486 654 574 615 697 604 694 1672 3336 7208 180 131 95 -83 24 6
1534183943.0789988 654 574 615 697 604 695 1634 3336 7262 249 222 44 -83 22 3
1534183943.1575801 655 574 616 697 604 695 1670 3306 7324 178 108 109 -83 22 6
1534183943.2353566 654 574 616 697 604 696 1676 3306 7198 235 204 53 -81 22 3
1534183943.2740483 654 574 615 697 604 695 1668 3286 7270 211 97 9 -83 22 3
1534183943.3366063 654 574 615 697 604 695 1710 3310 7262 160 57 116 -82 23 2
1534183943.4095113 654 574 615 697 604 695 1688 3282 7298 191 168 -1 -82 23 4
1534183943.4719954 654 574 615 697 604 695 1658 3288 7344 90 117 222 -84 23 4
1534183943.5344806 655 574 615 697 604 696 1648 3316 7306 287 103 -29 -84 22 4
1534183943.596968 655 574 615 697 604 696 1736 3272 7362 217 116 23 -84 22 3
1534183943.6585746 654 574 615 698 604 695 1686 3310 7266 184 77 92 -83 23 3
1534183943.7302392 654 574 615 698 604 695 1664 3326 7250 316 190 14 -83 23 3
1534183943.7904944 654 574 615 697 604 695 1680 3262 7270 233 144 118 -83 21 4
1534183943.8683987 654 574 615 697 604 695 1652 3328 7300 184 35 29 -86 23 3
1534183943.9154193 655 574 615 697 604 695 1700 3314 7212 247 172 33 -82 22 4
1534183943.9778643 654 574 615 697 604 695 1692 3312 7236 253 141 74 -82 24 6
1534183944.040235 654 574 615 697 604 695 1704 3318 7246 210 153 35 -84 24 3
1534183944.1144462 654 574 615 697 604 695 1728 3322 7318 271 110 -16 -84 25 5
1534183944.173866 654 574 615 697 604 696 1690 3296 7274 202 190 99 -84 21 4
1534183944.2429116 654 574 615 697 604 695 1688 3326 7262 203 184 -12 -83 23 3
1534183944.3056471 654 574 615 697 604 695 1684 3292 7254 213 139 62 -85 22 4
1534183944.3705194 655 574 615 697 604 695 1652 3260 7326 201 95 42 -83 24 2
1534183944.4242008 655 574 615 698 604 695 1726 3294 7244 252 204 15 -83 24 4
1534183944.5023055 655 574 615 697 604 695 1714 3294 7260 213 149 123 -82 23 7
1534183944.5491707 654 574 615 697 604 695 1700 3288 7296 172 103 15 -81 24 2
1534183944.6278033 654 574 615 697 604 695 1706 3292 7212 258 149 11 -81 22 1
1534183944.675069 655 574 615 698 604 695 1676 3260 7264 158 -56 8 -82 23 5
1534183944.7423346 655 574 615 698 604 695 1334 3212 6168 161 -484 -23 -81 21 4
1534183944.8204424 655 574 615 698 604 695 1838 3186 6918 1003 1021 251 -83 21 2
1534183944.890927 654 574 615 697 604 696 1512 3400 7154 1001 -1484 -533 -82 20 3
1534183944.953413 654 574 615 697 604 695 1930 2772 7336 2690 158 -191 -84 21 1
1534183945.0158982 654 574 615 698 604 696 1596 4564 6484 106 1758 1036 -85 21 0
1534183945.0940034 654 574 615 697 603 694 2678 3378 7040 -815 845 1345 -83 23 -4
1534183945.175538 654 574 615 697 604 694 1738 3790 6770 -972 1248 1351 -82 20 -2
1534183945.2253835 654 574 616 697 604 695 2034 3150 7244 2251 -1796 401 -85 21 -2
1534183945.2878692 654 574 615 696 603 695 2008 3042 7836 1921 -1539 700 -82 17 -2
1534183945.3713884 654 574 616 697 604 695 2948 2840 7152 -297 306 -1172 -82 15 -3
1534183945.438186 653 574 617 697 604 695 2456 3288 6878 -2243 985 3643 -82 14 -3
1534183945.5006392 654 575 616 697 605 696 2730 2896 6850 2935 2817 -2541 -82 14 0
1534183945.563125 654 575 616 697 604 695 1698 3988 6788 -751 -74 -1348 -81 12 2
1534183945.6437576 654 575 616 697 604 695 2196 2932 7384 -655 250 453 -81 15 3
1534183945.7084508 655 575 616 697 604 695 2116 3206 7214 62 323 -367 -83 16 2
1534183945.773729 655 575 616 697 604 694 1856 3318 7112 200 376 -74 -80 17 5
1534183945.845314 654 575 616 698 604 696 1972 3218 7244 62 324 37 -84 16 4
1534183945.9011726 655 575 616 697 604 694 1914 3248 7254 149 281 -90 -83 17 4
1534183945.9562845 654 575 616 698 604 695 1916 3304 7130 233 369 -28 -83 18 4
1534183946.0185726 654 575 616 698 604 695 1946 3274 7250 229 307 -180 -82 17 2
1534183946.0968184 654 575 616 698 604 695 1888 3272 7184 163 310 -72 -84 16 4
1534183946.1613855 654 575 616 698 604 695 1880 3270 7220 171 216 -10 -80 17 3
1534183946.22677 654 575 616 698 604 695 1900 3304 7220 122 229 -43 -82 19 3
1534183946.2896113 655 575 616 698 605 695 1860 3228 7276 193 185 -20 -82 18 2
1534183946.3556733 655 575 616 698 604 695 1866 3314 7264 207 250 41 -84 19 1
1534183946.4221237 655 575 616 698 604 696 1798 3278 7234 166 131 -34 -82 18 3
1534183946.4846108 654 575 616 698 604 695 1858 3246 7246 200 91 -4 -85 19 3
1534183946.547094 654 575 616 698 604 695 1848 3290 7262 161 189 -14 -80 19 1
1534183946.6115446 654 575 616 698 604 695 1860 3292 7288 207 152 58 -83 19 3
1534183946.6752243 654 575 616 698 604 695 1874 3266 7262 146 97 30 -84 20 4
1534183946.7394834 654 575 615 698 604 695 1884 3252 7246 170 238 19 -83 18 3
1534183946.7896278 654 575 616 698 604 696 1824 3260 7244 168 22 30 -83 20 4
1534183946.864383 654 575 616 698 604 696 1850 3254 7234 217 109 2 -83 18 5
1534183946.9243333 654 575 616 698 604 695 1866 3270 7218 202 78 3 -83 20 4
1534183946.9867065 655 575 616 698 604 695 1820 3314 7248 190 152 60 -82 19 4
1534183947.0492036 654 575 616 698 604 696 1818 3240 7248 220 197 -27 -84 18 3
1534183947.1236656 654 575 616 698 604 695 1846 3194 7304 148 124 -206 -84 18 5
1534183947.1756248 654 575 616 698 604 695 1806 3290 7264 200 40 -54 -81 18 3
1534183947.2430537 655 576 616 698 604 695 1812 3268 7184 175 153 6 -83 20 5
1534183947.3057034 655 575 615 698 604 694 1848 3288 7150 209 49 -32 -83 19 4
1534183947.3766122 654 575 615 698 604 695 1826 3256 7254 225 119 -30 -84 21 3
1534183947.4395683 654 575 616 697 604 695 1842 3308 7296 151 59 27 -82 20 4
1534183947.5021324 655 575 616 698 604 695 1824 3306 7338 117 31 28 -83 18 5
1534183947.564537 654 575 616 698 604 695 1836 3250 7258 108 -20 100 -83 18 4
1534183947.6315544 655 576 615 697 605 695 1852 3244 7270 182 74 -46 -82 17 4
1534183947.6954336 654 575 615 698 604 695 1886 3278 7264 266 266 -3 -85 18 3
1534183947.7571642 654 575 615 698 604 695 1910 3248 7256 225 67 42 -82 19 2
1534183947.819649 655 576 615 698 604 695 1834 3266 7262 117 54 74 -84 18 5
1534183947.885074 654 575 615 698 604 695 1834 3196 7266 192 109 50 -82 20 4
1534183947.9382234 654 575 615 697 604 695 1850 3274 7268 235 117 31 -82 20 4
1534183948.0007086 654 575 615 697 604 695 1818 3254 7210 170 37 84 -83 21 3
1534183948.063194 654 575 615 697 604 695 1846 3238 7240 198 96 76 -84 19 4
1534183948.1391652 654 576 615 698 604 695 1866 3254 7224 224 149 54 -83 19 4
1534183948.201511 654 575 615 698 604 695 1836 3238 7284 136 27 57 -82 20 6
1534183948.2584605 655 575 615 697 604 694 1858 3214 7240 203 52 53 -82 20 5
1534183948.3209467 653 575 615 697 604 695 1832 3296 7224 231 257 21 -83 21 5
1534183948.3917344 654 575 615 698 604 695 1854 3236 7258 146 -35 87 -82 21 4
1534183948.4542198 654 575 615 698 604 695 1838 3296 7288 474 -162 154 -83 19 3
1534183948.5167058 654 575 615 698 605 694 1684 3520 6968 -525 -613 616 -81 22 4
1534183948.579203 654 575 615 698 604 695 1682 3326 7170 910 -3073 -484 -82 17 2
1534183948.6633646 654 575 615 698 604 695 2066 3470 6776 2966 -1464 -2127 -83 18 1
1534183948.7256758 653 575 615 697 604 695 2210 3750 6922 14 -1448 474 -82 20 -2
1534183948.7881622 653 575 616 697 604 695 3078 3104 6768 -1850 2341 2558 -83 19 -1
1534183948.868373 653 575 616 697 604 694 2524 3240 6908 -853 1212 564 -81 14 -3
1534183948.9396036 653 575 616 697 604 695 1944 4594 6062 -1692 5497 2073 -84 16 -1
1534183949.002079 654 574 616 697 603 695 2520 2626 6680 1846 1915 988 -84 18 -3
1534183949.0801868 654 575 616 697 604 694 1542 4372 6788 -872 -1392 705 -83 14 -1
1534183949.1460664 654 575 616 697 603 695 2612 3482 6666 -1803 -2756 717 -84 18 -4
1534183949.2163007 653 575 616 697 604 695 3300 2448 6388 -2177 1137 -521 -82 15 -3
1534183949.272549 653 575 616 697 603 695 1152 4040 6214 936 2069 793 -80 11 5
1534183949.3351138 653 575 616 697 604 695 1788 3642 7126 -697 -222 931 -84 13 3
1534183949.409136 653 575 616 697 604 695 2480 3122 7108 233 708 236 -83 14 4
1534183949.4718292 654 575 616 698 604 695 2336 2984 7274 -202 -3 59 -80 15 4
1534183949.534173 653 575 616 698 604 695 2112 3222 7168 289 238 -189 -80 13 4
1534183949.5965934 653 576 616 698 604 695 2162 3268 7176 -285 -517 290 -82 13 4
1534183949.6763308 653 576 616 697 604 695 2280 3074 7234 -24 -52 -95 -80 12 4
1534183949.742535 654 576 616 698 604 695 2152 3188 7162 87 216 -173 -83 13 4
1534183949.8050206 654 576 616 698 605 695 2188 3080 7268 58 -105 109 -83 12 6
1534183949.870154 654 576 616 698 604 695 2212 3076 7258 212 262 38 -80 13 4
1534183949.922734 654 576 616 698 604 696 2174 3208 7184 195 207 63 -80 13 4
1534183949.9854279 654 576 616 698 604 695 2238 3128 7230 251 205 64 -81 14 4
1534183950.0477037 654 576 616 698 604 695 2184 3118 7182 249 328 -8 -81 14 4
1534183950.126114 654 576 616 697 604 695 2190 3056 7310 248 156 58 -81 16 5
1534183950.1748133 655 576 616 698 604 695 2184 3150 7244 252 236 38 -81 16 4
1534183950.2426894 653 576 616 698 604 695 2112 3134 7218 256 153 32 -81 15 4
1534183950.305301 655 576 616 698 604 695 2216 3162 7228 287 248 41 -81 14 5
1534183950.3850908 654 576 616 698 604 695 2158 3074 7250 210 216 23 -83 15 4
1534183950.4397047 654 576 616 698 604 696 2122 3124 7156 156 101 100 -82 14 5
1534183950.502192 654 576 616 698 604 695 2192 3138 7210 222 180 -124 -83 13 5
1534183950.5646741 654 576 616 698 604 695 2096 3154 7226 155 91 104 -81 13 4
1534183950.6406963 654 576 616 698 604 695 2158 3196 7152 174 112 62 -81 15 6
1534183950.7041419 654 576 616 698 604 695 2172 3076 7228 201 118 18 -82 11 2
1534183950.7571218 654 576 616 698 604 695 2218 3140 7170 178 109 -15 -79 13 5
1534183950.8193686 654 576 616 697 604 695 2140 3120 7222 99 62 72 -82 12 3
1534183950.8818526 654 576 616 698 604 695 2154 3102 7224 138 75 103 -82 14 6
1534183950.9585702 653 576 616 698 604 695 2180 3168 7232 184 117 68 -81 14 4
1534183951.0264187 654 576 616 698 604 695 2174 3070 7240 -3 -106 217 -81 14 4
1534183951.0750787 654 576 616 698 604 695 2246 3120 7226 33 73 89 -80 14 6
1534183951.1488538 653 576 616 698 604 696 2186 2956 7238 332 343 15 -80 14 5
1534183951.2144756 654 576 616 698 604 695 2060 3046 7252 277 213 142 -81 14 4
1534183951.2734838 653 576 616 698 604 695 2204 3142 7246 242 20 134 -83 14 6
1534183951.3430872 654 576 615 698 604 695 2192 3182 7190 402 151 -89 -79 16 5
1534183951.3914337 654 576 616 697 604 694 2168 3048 7174 332 409 4 -81 15 6
1534183951.469474 653 576 616 698 604 694 2144 3140 7264 205 227 -22 -79 15 7
1534183951.5331724 654 576 616 698 604 695 2198 3058 7216 82 57 123 -81 14 6
1534183951.5921035 654 576 615 698 604 695 2162 3076 7208 157 57 33 -83 13 5
1534183951.6629155 654 576 616 698 604 695 2146 3102 7182 216 52 70 -82 15 5
1534183951.722666 654 576 615 698 604 695 2210 3008 7230 309 211 -70 -80 13 5
1534183951.7747052 655 576 616 698 604 695 2200 3078 7238 199 293 -76 -84 15 4
1534183951.8539886 654 576 615 698 604 695 2102 3134 7256 337 145 134 -81 15 4
1534183951.9079475 654 576 616 698 604 695 2130 3228 7230 311 292 159 -80 15 6
1534183951.9703946 654 576 616 698 604 695 2108 3088 7208 356 291 127 -82 15 6
1534183952.048336 654 576 616 698 604 695 2178 3196 7166 290 200 96 -82 13 5
1534183952.111629 654 576 616 698 604 695 2116 3094 7278 312 395 87 -81 14 5
