1535510119.06972 700 621 642 703 685 681 -7238 764 3832 134 242 -178 -14 59 -16
1535510119.1358092 700 621 642 703 685 681 -7290 684 3864 274 141 22 -12 59 -17
1535510119.203878 700 621 642 703 686 681 -7152 846 3860 421 -144 332 -11 59 -17
1535510119.2713652 700 621 642 703 685 681 -7212 772 3994 116 338 -206 -12 57 -15
1535510119.339944 700 621 642 703 685 681 -7280 640 3718 267 158 -243 -12 63 -18
1535510119.404836 700 621 642 703 685 681 -7174 856 4008 376 55 95 -12 60 -16
1535510119.4718792 699 621 642 703 686 681 -7224 792 3892 132 202 -373 -12 63 -17
1535510119.5379367 700 621 642 703 685 681 -7308 636 3718 275 99 -2 -14 60 -17
1535510119.604684 699 621 642 703 686 681 -7312 808 3788 193 104 -54 -11 61 -17
1535510119.670635 699 621 642 703 686 681 -7212 676 3930 174 341 45 -12 61 -15
1535510119.8954253 700 621 642 703 686 680 -7270 698 3886 175 3 71 -11 61 -16
1535510120.0082405 700 621 642 703 685 681 -7238 776 3946 174 174 154 -11 61 -17
1535510120.0665195 700 621 642 703 686 681 -7218 742 3796 170 214 -56 -11 61 -16
1535510120.1252897 699 621 642 703 685 681 -7250 702 3868 221 184 39 -9 61 -17
1535510120.156104 700 621 642 703 686 681 -7270 608 3810 278 -47 8 -10 58 -17
1535510120.1860986 700 621 642 703 685 681 -7208 808 3932 302 58 219 -12 61 -15
1535510120.2246006 700 621 642 703 685 681 -7108 776 3918 124 228 -80 -11 61 -16
1535510120.2710404 700 621 642 703 685 680 -7314 674 3760 90 258 -44 -12 61 -14
1535510120.316121 700 621 642 703 685 681 -7242 602 3806 305 41 -168 -10 57 -19
1535510120.3591027 700 621 642 703 686 680 -7316 752 3984 238 -83 74 -11 60 -16
1535510120.5459988 699 621 642 703 686 681 -7210 832 3948 139 170 -47 -9 61 -18
1535510120.6035643 699 621 642 703 686 681 -7290 666 3892 175 279 -10 -15 59 -16
1535510120.6379519 700 621 642 703 686 681 -7266 560 3776 264 32 54 -11 61 -15
1535510120.6765745 700 622 642 703 685 681 -7286 786 3894 312 25 96 -12 60 -16
1535510120.7128127 699 621 643 703 686 681 -7204 722 3946 159 213 -26 -13 61 -15
1535510120.7510169 699 621 642 703 686 682 -7246 700 3912 242 -40 193 -12 62 -17
1535510120.7942917 700 621 642 703 685 681 -7204 788 3878 276 217 204 -12 61 -16
1535510120.8607993 700 621 642 703 685 680 -7146 774 3972 177 109 78 -14 61 -17
1535510120.9278188 699 621 642 703 686 681 -7282 792 3770 174 336 -95 -12 60 -17
1535510120.9968145 700 621 642 703 685 681 -7260 708 3832 415 287 -385 -13 61 -19
1535510121.1193 699 621 642 703 685 681 -7292 600 3826 280 -216 -521 -11 63 -17
1535510121.1869757 700 621 642 703 685 681 -7276 652 3790 352 -132 -76 -12 60 -17
1535510121.217233 700 621 642 703 685 681 -7148 768 3922 278 67 41 -11 60 -18
1535510121.2646368 700 621 642 703 685 681 -7160 806 3960 164 230 318 -12 61 -14
1535510121.3304417 700 621 642 703 685 681 -7282 694 3868 53 79 361 -12 58 -16
1535510121.3968825 700 621 642 703 686 680 -7322 656 3878 238 144 376 -14 60 -19
1535510121.4625134 699 621 642 703 685 681 -7240 774 3836 333 50 246 -12 59 -18
1535510121.5303872 700 621 642 703 686 681 -7148 820 3942 224 108 187 -11 60 -18
1535510121.5971909 699 621 642 703 685 680 -7242 762 3860 137 175 -83 -12 58 -18
1535510121.663874 699 621 642 703 686 681 -7226 754 3806 294 22 157 -11 60 -19
1535510121.7795365 699 621 642 703 686 681 -7174 788 4002 231 141 7 -13 62 -18
1535510121.8121083 699 621 642 703 686 681 -7238 784 3860 121 160 -226 -14 62 -17
1535510121.8644621 699 621 642 703 685 681 -7228 730 3810 235 262 -106 -11 59 -17
1535510121.9308558 700 622 642 703 685 681 -7208 742 3862 209 101 11 -12 59 -18
1535510121.9976301 699 621 642 703 685 681 -7184 730 3904 191 236 -52 -11 60 -17
1535510122.0653293 699 621 642 703 686 681 -7252 672 3888 229 169 -173 -12 59 -15
1535510122.1338973 699 621 642 703 685 681 -7290 686 3830 237 -72 -102 -12 59 -16
1535510122.1995032 699 621 642 703 685 681 -7272 724 3868 282 240 -8 -11 62 -17
1535510122.2674878 699 621 642 703 685 681 -7238 726 3862 187 143 -15 -12 61 -17
1535510122.3341963 699 621 642 703 685 681 -7208 638 3874 163 107 121 -13 59 -17
1535510122.451419 700 621 642 703 686 681 -7208 736 3858 209 3 71 -12 61 -17
1535510122.5122402 700 621 642 703 685 681 -7214 730 3890 246 195 49 -10 60 -18
1535510122.5411403 699 621 642 703 685 680 -7230 760 3846 204 124 85 -13 59 -18
1535510122.5960915 700 621 642 703 685 681 -7238 626 3810 204 171 -5 -12 60 -20
1535510122.662841 700 621 642 703 685 681 -7204 692 3928 305 70 -104 -12 61 -16
1535510122.7313423 700 621 642 703 686 680 -7236 774 3886 213 164 -136 -13 58 -15
1535510122.7987568 700 621 642 703 685 681 -7256 740 3886 213 183 -23 -12 60 -16
1535510122.8647094 700 621 642 703 686 681 -7262 708 3838 167 202 80 -12 60 -17
1535510122.931238 700 621 642 703 685 680 -7262 654 3832 394 -41 164 -13 62 -18
1535510122.9995635 700 621 642 703 685 680 -7216 774 3934 282 278 -137 -11 59 -19
1535510123.2486248 699 621 642 703 685 681 -7246 698 3888 175 194 -175 -12 60 -18
1535510123.2860513 699 622 642 703 685 681 -7206 708 3858 272 12 112 -11 60 -16
1535510123.3245962 700 621 642 703 686 681 -7250 724 3864 243 174 -18 -10 62 -18
1535510123.3606815 700 621 642 703 685 681 -7276 648 3852 248 91 554 -11 61 -17
1535510123.3997147 700 621 642 703 685 680 -7206 740 3844 266 81 38 -12 60 -16
1535510123.4408927 700 621 642 703 685 681 -7162 870 3918 369 109 264 -13 61 -16
1535510123.4818134 700 621 642 703 686 682 -7214 840 3896 276 156 219 -11 58 -18
1535510123.5310771 700 621 642 703 685 680 -7276 740 3882 491 81 405 -13 59 -18
1535510123.5976627 699 622 642 703 686 682 -7238 918 3880 241 168 37 -14 59 -17
1535510123.6663482 699 621 642 703 685 680 -7238 808 3854 333 210 350 -12 60 -15
1535510123.8566165 699 621 642 703 686 681 -7142 882 3894 278 36 315 -12 58 -16
1535510123.8885474 700 621 642 703 685 681 -7208 846 3900 419 190 55 -13 61 -17
1535510123.9250677 699 622 642 703 685 681 -7282 942 3762 539 55 62 -12 59 -18
1535510123.9699042 700 622 642 703 685 680 -7228 1058 3836 537 43 547 -12 59 -16
1535510124.0147583 700 621 642 703 685 681 -7208 1014 3866 354 163 436 -13 58 -17
1535510124.0638735 699 621 642 703 685 680 -7220 1060 3824 155 59 -69 -12 60 -18
1535510124.129903 700 621 642 703 686 681 -7174 958 3880 355 57 153 -13 59 -18
1535510124.195527 700 621 642 703 685 680 -7158 1000 3874 282 31 56 -10 60 -15
1535510124.2633295 699 621 642 703 685 681 -7208 1018 3858 223 188 -43 -14 61 -18
1535510124.3327944 700 621 642 703 685 681 -7224 976 3842 317 278 -205 -14 59 -17
1535510124.580521 700 621 642 703 686 681 -7208 1072 3860 215 -2 -40 -13 59 -18
1535510124.6181917 699 621 642 703 685 681 -7216 964 3860 211 59 -133 -11 61 -18
1535510124.6537175 699 621 642 703 686 681 -7264 968 3776 311 38 -376 -12 60 -18
1535510124.6946344 699 621 642 703 686 681 -7148 850 3860 -81 -148 -106 -12 61 -17
1535510124.7333243 699 621 642 703 686 681 -7172 1076 3948 310 367 -44 -14 62 -18
1535510124.7688596 699 621 642 703 685 681 -7250 858 3812 246 201 -61 -13 61 -17
1535510124.818278 699 621 642 703 685 680 -7192 984 3928 278 -26 296 -13 61 -18
1535510124.8701663 699 621 642 703 685 682 -7194 968 3870 248 248 -5 -11 62 -18
1535510124.9366639 699 621 642 703 685 680 -7214 958 3880 304 17 -48 -12 60 -17
1535510125.0044394 699 621 642 703 685 681 -7220 1038 3882 145 145 17 -14 61 -15
1535510125.2933047 699 621 642 703 685 681 -7228 880 3856 271 242 183 -13 60 -18
1535510125.3343568 699 621 642 703 686 681 -7224 968 3840 253 116 -188 -14 61 -17
1535510125.3693268 699 621 642 703 685 681 -7180 1032 3892 213 122 7 -13 61 -19
1535510125.4044409 699 621 642 703 685 681 -7196 988 3886 204 98 15 -14 60 -18
1535510125.4458885 700 621 642 703 685 681 -7194 1000 3838 156 72 33 -15 60 -17
1535510125.489419 700 621 642 703 685 681 -7230 1026 3826 256 90 -39 -12 60 -17
1535510125.5283685 700 621 642 703 685 680 -7218 1042 3920 195 132 130 -14 61 -17
1535510125.5745778 700 621 642 703 686 680 -7244 976 3908 199 96 -24 -14 60 -19
1535510125.6225483 699 621 642 703 685 682 -7238 942 3876 239 102 91 -11 57 -18
1535510125.6704056 700 621 642 703 686 681 -7230 950 3846 219 80 -115 -10 58 -18
1535510125.9533544 699 621 642 703 686 681 -7186 1112 3838 244 91 150 -13 59 -17
1535510125.9933212 699 621 642 703 685 680 -7212 1050 3968 130 227 -17 -13 58 -18
1535510126.0312629 700 621 642 703 685 681 -7250 936 3824 208 89 24 -14 58 -18
1535510126.0724533 699 621 642 703 685 681 -7190 1040 3922 271 9 -15 -12 59 -19
1535510126.1204388 699 621 642 703 685 681 -7208 992 3852 200 175 -139 -14 61 -16
1535510126.1686172 699 621 642 703 685 681 -7232 928 3914 192 104 74 -14 60 -16
1535510126.210307 699 621 642 703 686 681 -7204 950 3870 236 88 -82 -13 60 -14
1535510126.2503617 699 621 642 703 686 681 -7154 1006 3948 249 197 -42 -14 60 -18
1535510126.288359 699 621 642 703 686 681 -5656 854 4096 177 1095 -498 -13 60 -17
1535510126.3463545 699 621 642 703 685 681 -6780 866 4134 1009 -483 309 -14 57 -18
1535510126.5563352 700 621 642 703 685 681 -6872 836 3552 2216 -468 2577 -14 58 -16
1535510126.6231844 699 621 642 702 686 680 -6178 -18 3294 1387 -4503 682 -14 59 -18
1535510126.6541123 700 621 642 702 686 680 -5904 686 4100 615 -3867 -654 -14 59 -15
1535510126.687179 700 622 642 703 687 682 -6260 1266 4800 931 -7253 6284 -15 54 -16
1535510126.7221305 700 622 642 703 686 681 -6462 3080 5686 -59 2877 -7049 -17 53 -15
1535510126.7673252 700 621 641 702 685 682 -7756 1304 4630 -638 3368 -2254 -15 56 -16
1535510126.840185 699 621 642 702 685 681 -6692 950 3474 1069 -2997 -2839 -17 56 -16
1535510126.9111843 699 621 641 703 685 681 -6852 2934 6038 -872 7096 8212 -16 52 -15
1535510126.980602 700 622 642 703 685 680 -6942 2172 3724 -75 351 -572 -17 58 -18
1535510127.0522447 699 622 641 703 685 681 -7112 1758 4452 104 1226 -1756 -15 57 -17
1535510127.3291302 700 621 641 703 685 681 -7338 1084 3988 321 61 1077 -15 58 -18
1535510127.363125 700 621 641 703 685 681 -7280 1606 4216 1457 1277 428 -18 56 -18
1535510127.404199 700 621 641 703 685 681 -7112 2536 4392 -889 2196 1189 -17 56 -20
1535510127.4495509 699 621 641 703 685 681 -7356 2022 4160 1642 8859 4453 -16 60 -19
1535510127.498597 699 621 641 702 685 682 -7798 2506 3072 4001 -51 -839 -18 59 -23
1535510127.543206 699 621 641 703 685 681 -7382 2230 3444 6284 193 4650 -19 59 -22
1535510127.5895483 699 621 641 703 685 681 -5320 2048 3324 5784 8466 1268 -21 61 -27
1535510127.6356432 699 621 642 703 685 681 -6840 2990 3244 2389 -6231 -44 -21 57 -29
1535510127.6887965 699 621 642 703 685 681 -6824 2976 2240 2198 -326 -1156 -24 60 -28
1535510127.7622101 700 622 642 703 686 681 -7814 2820 2612 -2924 -2641 -2210 -21 58 -27
1535510127.907079 699 621 641 702 685 680 -7682 2454 3478 476 252 457 -21 56 -27
1535510127.9441571 699 621 641 703 685 681 -7184 2578 2872 -67 -2215 -857 -21 60 -24
1535510127.9832494 699 621 641 703 685 681 -6962 2808 2884 243 93 -930 -22 60 -26
1535510128.0412817 699 621 641 703 686 681 -7476 2562 3360 1165 -3087 1624 -21 57 -25
1535510128.1123924 699 621 642 703 686 681 -7270 3096 3450 324 929 -1215 -19 56 -24
1535510128.1805289 700 621 642 703 685 681 -7138 2640 3304 408 -855 62 -22 58 -25
1535510128.2492528 700 621 641 702 685 681 -7026 2628 3468 653 137 -214 -21 57 -26
1535510128.3173418 700 621 641 702 685 681 -7000 2846 3396 287 130 123 -20 56 -26
1535510128.3852694 699 621 641 703 685 680 -7022 2624 3374 431 -33 -86 -23 57 -26
1535510128.4536653 700 621 642 703 686 681 -7110 2710 3274 298 82 -578 -21 58 -27
1535510128.7431524 700 621 641 702 685 681 -6982 2570 3200 38 -665 923 -21 58 -25
1535510128.7822514 700 621 641 703 685 681 -6836 2690 3412 317 -1548 414 -20 56 -25
1535510128.8250906 700 621 642 702 685 681 -6236 2598 3234 1304 -1398 -1905 -21 56 -25
1535510128.8632092 700 621 641 703 686 681 -6628 2860 3298 35 -3769 -863 -21 57 -27
1535510128.9085436 699 622 641 703 686 681 -7454 1860 3420 1016 -4815 3360 -21 54 -22
1535510128.954142 700 622 641 703 686 681 -7402 2844 4040 238 1046 3251 -22 53 -23
1535510128.9976032 700 622 642 703 686 681 -7144 3258 4258 -746 -4656 3329 -22 54 -23
1535510129.041224 699 622 642 703 686 681 -5878 3472 4526 422 -479 -3595 -22 55 -23
1535510129.0922809 699 622 641 703 685 680 -7274 1824 3658 -2031 6308 320 -21 54 -24
1535510129.167194 700 622 641 703 685 681 -5374 2854 3328 -1211 -653 2469 -20 55 -23
1535510129.436567 700 621 642 702 685 681 -6800 4628 4368 2985 3353 -1283 -21 55 -24
1535510129.4700458 699 621 641 702 685 681 -6792 3162 3608 445 232 -444 -23 55 -24
1535510129.5111084 699 621 641 702 685 681 -7186 2618 3622 338 908 -1372 -22 55 -25
1535510129.5593188 699 621 641 703 685 681 -7240 2330 3462 402 241 531 -20 54 -25
1535510129.6084962 699 621 641 702 685 681 -6726 3074 3660 722 -90 325 -23 56 -25
1535510129.659391 699 621 641 702 685 681 -6844 2996 3510 143 185 -15 -22 58 -26
1535510129.7071586 700 622 641 702 685 681 -6980 2870 3504 278 455 -11 -23 60 -25
1535510129.7504177 699 621 641 703 685 681 -6900 2760 3612 244 24 231 -23 57 -27
1535510129.8012376 699 621 641 703 685 681 -6946 2966 3556 275 330 65 -21 55 -24
1535510129.850293 699 621 641 702 685 681 -6890 2728 3594 286 169 149 -21 56 -25
1535510130.1390655 699 621 641 703 685 680 -6962 2958 3372 143 -68 -122 -22 54 -23
1535510130.1809702 700 621 641 702 685 681 -6884 2878 3670 270 387 268 -23 55 -27
1535510130.2239938 700 621 641 703 685 681 -6876 2800 3556 261 -2 -212 -22 56 -24
1535510130.2651296 700 621 641 703 686 681 -6916 2852 3548 378 194 -37 -24 54 -25
1535510130.3072693 700 621 641 702 685 681 -6922 2734 3536 174 -5 206 -22 56 -24
1535510130.3499942 700 621 641 702 686 680 -6908 2878 3538 284 207 -193 -22 56 -26
1535510130.3973744 700 622 641 703 686 681 -6898 2820 3594 330 262 175 -22 57 -27
1535510130.4450793 699 621 641 703 685 681 -6912 2864 3520 162 -6 -316 -24 58 -23
1535510130.4880805 700 621 641 702 685 681 -6948 2866 3498 195 70 40 -22 58 -23
1535510130.5299792 700 621 642 702 685 681 -6894 2812 3570 325 95 92 -20 57 -24
1535510130.8190048 700 621 642 702 686 681 -6930 2894 3486 166 -56 -125 -21 55 -25
1535510130.861121 700 621 641 702 685 681 -6948 2882 3498 258 334 161 -20 57 -23
1535510130.9014282 700 622 641 702 686 681 -6864 2814 3606 241 77 -14 -22 57 -23
1535510130.9379618 700 621 641 703 685 681 -6950 2858 3532 242 81 -20 -23 58 -24
1535510130.9769762 700 621 641 703 685 680 -6930 2896 3558 214 58 -4 -23 57 -24
1535510131.016019 700 621 642 702 685 681 -6888 2856 3532 165 -61 111 -20 55 -25
1535510131.060183 700 621 641 702 686 681 -6914 2786 3648 212 -97 -54 -22 56 -25
1535510131.109187 700 621 641 702 685 681 -6908 2818 3600 259 279 159 -22 56 -27
1535510131.1597614 699 622 641 703 686 681 -6936 2816 3572 439 22 -144 -21 56 -25
1535510131.2076848 699 621 641 702 686 682 -6890 2922 3464 -349 60 -791 -24 56 -25
1535510131.5189247 700 621 641 703 686 681 -6592 3122 3242 621 -910 -202 -20 56 -25
1535510131.557887 700 621 642 703 686 681 -6358 2658 3690 1120 279 1479 -22 58 -24
1535510131.596912 699 621 641 702 685 681 -6328 2946 3280 700 -970 -279 -24 57 -26
1535510131.6500523 699 621 641 702 686 681 -5442 2978 3180 1619 -3582 -668 -21 58 -24
1535510131.7031803 699 622 641 702 686 681 -7000 2984 4404 -1134 -3448 2082 -23 54 -26
1535510131.7551303 699 622 641 702 686 681 -6714 3814 4124 1381 4124 -1082 -22 55 -26
1535510131.8081307 699 622 641 703 686 681 -7306 3096 4126 378 -5110 2023 -20 54 -25
1535510131.8580923 699 622 641 703 686 680 -6538 3730 4124 -1118 751 -6820 -19 55 -24
1535510131.9091356 700 622 641 703 685 681 -8112 1506 3850 -1318 833 5744 -21 54 -25
1535510131.9667957 699 621 641 703 685 681 -4304 2340 1966 340 4019 -1196 -23 55 -27
1535510132.2640145 699 622 641 702 685 681 -5420 4012 4036 510 4027 3150 -24 54 -26
1535510132.3018107 700 621 641 702 685 681 -7188 3272 3104 -1726 85 253 -21 56 -27
1535510132.3370245 700 621 641 703 685 681 -7204 2714 3130 -50 500 -1216 -22 57 -26
1535510132.3840458 699 621 641 703 685 680 -7274 2312 3086 38 -477 -358 -23 58 -26
1535510132.4319465 700 621 641 703 685 681 -6960 3080 3234 457 249 744 -22 57 -26
1535510132.47805 700 621 641 702 686 681 -6920 3028 3272 531 -271 523 -24 58 -26
1535510132.5218499 700 621 641 702 685 681 -7066 2996 3236 148 236 -187 -20 58 -25
1535510132.565994 699 621 641 702 685 681 -6992 3212 3060 810 -160 -125 -21 57 -25
1535510132.6121323 699 621 641 703 685 681 -7014 2978 3416 461 -22 -572 -23 60 -25
1535510132.6591365 699 621 641 703 685 681 -7048 2978 3270 58 310 155 -22 56 -29
1535510132.9578443 699 622 641 702 685 682 -7014 2886 3246 177 -176 32 -22 55 -30
1535510132.996795 700 621 641 703 686 681 -6964 2958 3294 215 189 0 -23 57 -26
1535510133.0338256 699 621 641 703 685 681 -7082 3064 3320 114 290 130 -23 56 -25
1535510133.0770526 700 621 641 703 685 681 -6968 2842 3300 105 112 290 -22 56 -27
1535510133.1260712 700 621 641 702 685 681 -6926 2952 3230 392 292 106 -22 56 -27
1535510133.1770236 700 621 641 703 685 681 -7054 3010 3186 155 193 -278 -24 57 -28
1535510133.2239861 700 622 641 703 685 681 -7002 2974 3174 666 532 270 -22 56 -27
1535510133.2731369 700 621 641 702 685 681 -7072 2948 3140 865 757 744 -22 58 -28
1535510133.3220193 700 621 641 702 686 680 -7076 3060 3216 928 236 1081 -24 56 -28
1535510133.370059 699 621 641 702 685 681 -6966 3222 3204 460 -64 216 -23 55 -26
1535510133.6577468 700 621 641 703 685 681 -6938 3126 3028 489 500 350 -24 55 -27
1535510133.6983137 699 621 641 702 685 681 -6974 3294 3234 88 -338 411 -23 56 -27
1535510133.7377646 699 621 641 703 686 681 -6936 3126 3208 189 -171 111 -24 55 -28
1535510133.7788494 699 621 641 702 685 681 -6872 3234 3174 118 -172 -143 -24 57 -30
1535510133.8279533 699 621 641 702 686 681 -6984 3222 3154 656 -1532 -1082 -24 56 -27
1535510133.877009 699 621 641 702 686 681 -7016 2730 3714 -74 172 -659 -22 56 -28
1535510133.9239252 699 621 641 702 685 681 -6904 3132 3118 259 324 -51 -23 56 -28
1535510133.9731948 700 622 641 703 686 682 -7004 3212 3168 370 -127 -565 -22 55 -29
1535510134.0229263 699 621 641 702 686 681 -6962 3166 3448 244 -178 -677 -22 58 -28
1535510134.074912 699 621 641 703 686 681 -6822 3146 3310 288 401 584 -23 55 -27
1535510134.3649118 699 621 641 703 685 682 -7326 3214 3440 392 -839 1180 -22 57 -27
1535510134.4056904 699 621 641 702 686 681 -8094 3366 3434 280 -1568 -198 -23 58 -28
1535510134.450881 700 622 642 702 685 681 -7086 3816 4052 3031 -1133 1135 -23 55 -27
1535510134.489749 699 622 641 703 686 681 -6978 3754 3742 733 -2813 2763 -24 53 -26
1535510134.529777 699 622 641 703 686 682 -6640 3618 3456 -9 -1348 -2002 -24 57 -26
1535510134.5737898 700 622 641 703 686 682 -7032 3680 4060 1116 -4381 1529 -24 53 -25
1535510134.6212366 700 622 641 703 686 681 -6326 3974 4248 -289 888 -269 -24 52 -27
1535510134.6707685 700 622 641 702 685 681 -7622 2432 3790 -1284 8769 723 -22 55 -27
1535510134.7199075 700 622 641 703 685 681 -5150 3722 2168 -505 -1725 -1300 -25 54 -29
1535510134.7688591 700 622 641 703 685 681 -6104 4338 3200 570 1412 -446 -23 52 -29
1535510135.0276415 699 622 641 703 685 681 -6776 3306 3254 61 257 -396 -23 56 -27
1535510135.0686483 700 622 641 703 685 681 -7018 2958 3376 479 -264 -1144 -21 54 -27
1535510135.1057873 699 622 641 703 685 681 -6906 3318 3320 -4 352 388 -21 55 -29
1535510135.1537988 700 622 641 703 685 681 -6668 3524 3438 264 373 314 -23 55 -27
1535510135.2030249 700 622 641 702 685 680 -6874 3230 3302 -61 86 -459 -25 53 -26
1535510135.247662 700 622 641 703 685 681 -6816 3210 3246 255 56 496 -23 56 -28
1535510135.288768 699 621 641 702 685 681 -6708 3366 3450 53 83 101 -24 56 -27
1535510135.3389664 700 621 641 703 685 681 -6830 3300 3238 212 140 -12 -24 54 -27
1535510135.3918784 699 622 641 703 685 681 -6818 3374 3312 264 75 -15 -25 55 -28
1535510135.439761 700 621 641 702 685 681 -6778 3294 3360 245 93 105 -23 54 -27
1535510135.6996977 700 621 642 702 685 681 -6946 3340 3436 239 177 112 -24 55 -29
1535510135.7405963 700 621 641 702 685 682 -6800 3456 3408 278 267 21 -25 53 -27
1535510135.7826426 699 621 641 703 685 680 -6768 3378 3300 484 515 -299 -25 56 -28
1535510135.8288631 699 622 642 703 685 681 -6870 3390 3270 9 -27 -116 -23 54 -28
1535510135.8810127 699 622 641 703 685 681 -6808 3280 3384 250 200 576 -25 54 -28
1535510135.9350436 700 622 641 703 685 681 -6736 3308 3376 130 -110 31 -24 54 -27
1535510135.982038 700 621 641 703 685 681 -6852 3378 3300 295 39 -46 -23 55 -28
1535510136.030778 699 622 641 702 686 681 -6806 3282 3390 349 149 -84 -24 56 -27
1535510136.0808082 699 622 641 702 686 681 -6792 3392 3274 166 246 11 -24 56 -27
1535510136.1278973 700 621 641 702 685 680 -6754 3210 3386 228 14 -85 -24 54 -26
1535510136.4132638 699 621 641 703 685 681 -6830 3324 3330 206 -16 61 -26 54 -26
1535510136.452437 699 621 641 703 685 681 -6788 3324 3410 216 30 -16 -24 54 -26
1535510136.4925911 700 621 641 702 686 681 -6916 3428 3360 199 148 -224 -25 55 -27
1535510136.5306327 699 621 641 703 685 681 -6818 3298 3388 244 196 103 -24 53 -27
1535510136.5727396 699 622 641 703 685 681 -6470 3314 3432 177 446 -296 -24 55 -29
1535510136.6237824 699 621 641 703 685 681 -6770 3070 3292 -48 552 891 -23 56 -29
1535510136.6736574 699 622 641 702 685 681 -7158 3498 3344 190 -154 1208 -23 56 -27
1535510136.7227876 699 621 641 702 686 681 -6820 3422 3396 -55 -441 575 -24 54 -27
1535510136.77681 699 622 641 702 685 681 -6736 3554 3284 -203 -976 -154 -22 53 -28
1535510136.8267608 700 622 642 702 685 681 -6766 3350 3264 712 -273 -97 -23 54 -26
1535510137.0925448 700 621 641 702 685 681 -6092 3636 3482 -45 -1614 -306 -25 54 -28
1535510137.131625 699 622 641 702 686 681 -6744 3276 3026 574 510 1253 -24 54 -26
1535510137.17361 700 622 641 703 685 682 -6500 3646 3244 362 1183 -1619 -23 55 -28
1535510137.219685 700 622 641 703 686 681 -7184 2448 3104 979 -5238 4 -22 53 -26
1535510137.268739 700 622 639 703 686 682 -6464 4838 4038 83 1273 -386 -23 52 -25
1535510137.320769 700 622 639 703 685 681 -7340 3050 3308 -1414 -478 -291 -21 54 -27
1535510137.3707092 699 622 639 703 685 681 -7748 3106 4032 -85 3179 -536 -25 54 -26
1535510137.4215596 700 622 639 703 685 681 -5314 2722 3786 984 -3464 2404 -24 57 -27
1535510137.470746 699 622 639 703 685 681 -6278 4768 3430 1253 2584 -3264 -24 53 -27
1535510137.5206492 700 621 638 703 685 681 -7150 2238 3540 1120 -3679 -871 -24 55 -26
1535510137.7714555 699 622 639 702 685 681 -7404 2740 3602 -315 3485 -325 -24 56 -27
1535510137.8110638 699 622 638 703 685 681 -6890 3194 3534 1671 -962 -493 -22 56 -28
1535510137.8484368 700 621 639 703 685 681 -6728 3426 3178 31 -2007 -159 -24 55 -29
1535510137.8915536 699 622 639 703 685 681 -6610 2818 3786 2995 -1281 -3160 -22 56 -25
1535510137.9413853 699 622 639 702 685 681 -7098 3070 3520 1929 -602 -2469 -22 56 -28
1535510137.9884713 700 622 639 702 685 681 -6840 2540 3596 2493 1491 -2205 -19 60 -29
1535510138.032496 700 622 639 702 685 681 -7360 3222 3076 -174 415 -1914 -22 58 -27
1535510138.075497 699 621 639 702 685 681 -7074 2534 3600 34 470 -2652 -21 58 -29
1535510138.1265464 699 622 639 703 685 681 -7338 2452 3754 -923 909 966 -18 60 -27
1535510138.1794558 699 621 639 702 685 681 -7132 2910 3240 -836 1983 2757 -20 58 -30
1535510138.4734488 700 621 639 702 685 681 -7172 2842 3646 289 731 394 -19 57 -30
1535510138.5113819 699 621 639 702 685 681 -6872 2732 2826 -78 1364 -890 -22 59 -31
1535510138.55243 700 621 639 702 685 681 -6896 2676 3354 148 -160 -373 -19 59 -30
1535510138.6047282 700 621 639 703 685 681 -7060 2774 3152 632 -946 -348 -22 58 -28
1535510138.6571193 699 622 639 702 685 681 -7286 3102 3138 25 610 -202 -22 59 -30
1535510138.7032053 700 622 639 702 685 681 -7098 2844 3456 153 -194 1097 -22 60 -27
1535510138.752629 699 621 639 702 685 681 -7042 2698 3320 250 -64 176 -21 58 -29
1535510138.804635 699 622 639 702 685 681 -7026 2650 3380 385 -180 148 -20 58 -31
1535510138.8557794 699 622 638 702 685 681 -7064 2890 3352 279 375 -626 -24 57 -30
1535510138.8998592 701 622 639 703 685 681 -7086 2928 3194 691 -174 813 -21 57 -29
1535510139.1655295 700 622 638 702 685 681 -7102 3046 3180 613 131 172 -22 57 -29
1535510139.2086523 700 622 639 703 685 681 -6854 2888 3518 247 -220 599 -21 58 -31
1535510139.250465 700 622 638 702 685 681 -6906 2908 3464 542 274 -424 -22 58 -30
1535510139.295414 699 621 639 702 685 681 -7084 3028 3350 780 -1024 -1646 -22 59 -30
1535510139.348523 700 622 637 703 685 681 -7374 2820 3792 904 1507 -1980 -20 60 -29
1535510139.402619 700 622 638 703 685 681 -7876 2688 3598 -144 200 1635 -20 58 -30
1535510139.4510756 700 622 638 703 686 681 -6470 2690 4118 770 -6938 3892 -24 58 -28
1535510139.5057006 699 622 639 703 686 681 -8112 3400 3760 -1368 -1466 8264 -23 57 -29
1535510139.5596247 700 622 639 703 686 682 -6620 4404 4116 1921 1219 -5103 -23 56 -29
1535510139.611647 700 622 638 703 685 681 -7348 3660 3474 1176 1645 -1907 -22 58 -30
1535510139.882318 699 622 638 703 685 681 -7608 4244 3606 -1482 7206 -11709 -19 59 -29
1535510139.9192297 699 621 638 702 685 681 -6962 2464 1716 -3120 1539 3442 -17 62 -30
1535510139.960418 700 622 639 702 685 681 -5576 2560 4000 675 -994 2244 -20 62 -30
1535510140.0084488 700 622 639 702 685 681 -7152 2426 3128 1653 958 -3739 -20 61 -29
1535510140.0483782 700 622 639 702 685 682 -7616 2846 3104 478 360 446 -18 61 -30
1535510140.1005204 700 622 638 702 685 682 -7150 2800 3090 -222 850 -190 -22 63 -30
1535510140.153526 700 621 638 702 685 681 -6968 2684 3174 -730 516 1178 -20 62 -32
1535510140.2045317 700 622 638 702 685 681 -7162 2610 3034 -117 919 -311 -21 61 -32
1535510140.2563977 699 622 638 703 685 681 -7546 2718 2866 -263 240 -1111 -19 61 -31
1535510140.3039184 700 621 639 702 685 681 -7386 2142 3178 -145 434 1119 -18 61 -31
1535510140.5142636 699 622 638 703 685 681 -7394 2428 3018 415 -210 -450 -18 61 -29
1535510140.5503192 700 622 639 702 685 681 -7288 2510 3014 193 114 1460 -20 62 -31
1535510140.5974698 699 621 638 702 685 681 -7242 2650 3118 738 -188 357 -18 61 -32
1535510140.6476073 700 621 638 702 685 681 -7270 2940 3044 542 121 79 -19 60 -30
1535510140.6954558 699 622 638 702 685 680 -7156 2754 3140 129 -210 809 -19 59 -29
1535510140.744478 700 621 638 702 685 681 -7078 2564 3082 -203 -558 490 -22 61 -30
1535510140.7945163 700 621 638 702 685 681 -7054 2712 3144 453 -25 474 -21 60 -29
1535510140.8454056 699 622 638 702 685 681 -7108 3050 3096 276 235 1042 -21 62 -31
1535510140.894514 700 621 638 703 685 681 -7090 3110 3070 204 -35 -183 -19 59 -31
1535510140.9631824 700 622 638 702 685 681 -7152 2978 3070 340 199 82 -21 58 -32
1535510141.2370045 700 621 639 702 685 680 -6942 2814 3158 268 -36 791 -21 57 -31
1535510141.2782028 700 621 638 703 685 682 -7110 3028 3102 447 -57 -201 -21 60 -29
1535510141.3173215 699 621 638 703 685 681 -7124 3088 2998 212 144 53 -21 58 -30
1535510141.3572881 699 621 638 702 685 681 -7068 2948 3114 158 -203 -151 -23 60 -30
1535510141.401434 700 622 639 702 685 681 -7096 2926 3184 222 72 697 -21 60 -31
1535510141.4463158 700 621 638 702 685 681 -7000 2968 3190 232 52 179 -22 59 -33
1535510141.4863718 700 621 638 702 685 681 -7164 3062 3208 294 292 123 -23 59 -29
1535510141.524328 699 622 638 702 685 680 -7062 2838 3340 163 202 1138 -21 59 -30
1535510141.5784054 699 621 638 702 685 681 -6974 3228 3060 -720 -712 -997 -22 58 -31
1535510141.6503873 699 622 638 702 685 681 -6538 3084 3292 -462 80 -2569 -21 60 -30
1535510141.9233315 699 621 638 702 685 681 -6600 2502 3542 164 -1646 -620 -21 56 -28
1535510141.96549 699 622 639 702 685 681 -6916 2996 2796 2198 -1127 829 -21 59 -29
1535510142.0022013 700 622 639 703 686 681 -6120 3292 2834 1464 1792 2755 -20 57 -28
1535510142.054447 700 622 639 703 685 681 -6326 2572 3516 -426 -4276 -1145 -21 57 -28
1535510142.1103747 700 622 638 703 686 681 -6912 3314 4268 -1713 -3294 -4164 -19 54 -25
1535510142.163723 699 621 638 703 685 681 -6942 2966 4800 -1881 3519 -6066 -19 57 -28
1535510142.213303 699 622 638 703 685 681 -8226 2108 3628 -1044 2594 598 -16 60 -28
1535510142.263402 700 622 638 702 685 681 -6228 2486 3728 -5305 721 -523 -18 61 -26
1535510142.316397 700 622 638 703 684 681 -6824 2530 4114 1037 3951 1258 -17 60 -26
1535510142.3703778 699 622 639 702 685 681 -7040 2006 3466 -1612 -1537 763 -18 61 -27
1535510142.6452231 699 621 638 702 685 681 -7152 2612 3516 264 837 -1014 -19 62 -27
1535510142.6906998 699 622 639 702 685 681 -7010 2068 3566 863 -1538 1443 -19 59 -27
1535510142.7332702 700 622 639 702 685 681 -6998 2570 3504 553 325 662 -18 62 -27
1535510142.7752652 699 622 638 702 685 681 -6934 2476 3586 479 129 560 -19 59 -29
1535510142.8243504 699 622 638 703 685 681 -7186 2476 3646 594 320 730 -20 60 -29
1535510142.87429 699 622 638 702 684 681 -6952 2700 3646 67 34 914 -19 61 -27
1535510142.9244576 699 622 639 703 685 681 -6950 2580 3680 818 593 1024 -20 59 -26
1535510142.9731154 699 622 638 703 684 681 -6884 2704 3620 -23 -345 380 -18 58 -26
1535510143.0174026 699 621 638 703 684 681 -7026 2796 3636 718 484 -146 -19 59 -27
1535510143.069279 699 622 638 702 685 681 -6896 2606 3732 268 -111 421 -20 59 -28
1535510143.3171198 700 621 638 702 685 681 -6978 2794 3608 248 145 318 -21 58 -26
1535510143.3571885 699 622 638 702 684 681 -6862 2700 3602 383 105 149 -20 59 -28
1535510143.395326 699 621 638 702 685 681 -6938 2694 3544 79 10 150 -20 58 -28
1535510143.4417937 699 622 639 702 685 680 -6908 2832 3600 378 230 477 -19 57 -28
1535510143.489277 699 621 638 702 685 681 -6924 2600 3756 362 151 98 -21 59 -27
1535510143.5373447 699 621 638 702 684 681 -6982 2658 3646 553 28 -99 -21 58 -27
1535510143.5863671 699 622 638 702 685 680 -6884 2804 3570 62 68 182 -19 58 -28
1535510143.6353781 699 622 639 702 685 680 -6882 2752 3584 293 2 39 -20 60 -29
1535510143.6825085 699 622 638 702 685 681 -6942 2866 3562 182 164 -202 -21 60 -27
1535510143.7303104 699 621 638 702 685 681 -6928 2808 3624 366 237 79 -20 57 -26
1535510143.96316 699 621 638 702 685 680 -6948 2714 3582 206 212 114 -19 59 -28
1535510144.0021796 699 622 638 702 685 681 -6868 2910 3556 97 129 -85 -21 59 -28
1535510144.050338 699 621 638 703 685 681 -6966 2764 3602 177 259 307 -19 56 -29
1535510144.1003864 699 622 638 702 685 680 -6926 2688 3548 344 -54 200 -20 58 -27
1535510144.1494899 700 622 638 702 685 681 -6896 2840 3626 282 323 23 -19 59 -28
1535510144.1951919 700 621 638 702 684 681 -6890 2778 3622 120 -179 -15 -19 58 -28
1535510144.2443442 700 622 638 702 684 681 -6894 2772 3582 345 279 268 -18 59 -28
1535510144.2943232 700 622 638 702 685 681 -6868 2758 3690 355 -37 -3 -18 57 -26
1535510144.3401437 700 621 638 702 685 680 -6922 2826 3534 81 129 -78 -22 58 -27
1535510144.406361 700 621 638 702 685 681 -6962 2722 3506 239 325 271 -19 60 -26
1535510144.6681802 699 621 638 702 685 681 -7088 3058 3856 -220 1153 1930 -22 59 -29
1535510144.7071884 700 622 639 702 685 681 -6670 2850 3578 291 255 828 -19 58 -26
1535510144.7533522 700 621 638 702 685 681 -7436 3710 4166 -113 148 1024 -21 56 -27
1535510144.8034668 700 621 638 702 685 681 -7110 3534 3858 64 143 1221 -20 57 -26
1535510144.8541577 700 622 638 703 685 681 -7226 4192 4190 621 -1099 3080 -22 56 -26
1535510144.9030902 700 622 639 702 686 681 -6944 3022 3708 43 -2452 -1208 -23 55 -24
1535510144.950107 700 622 638 703 686 681 -6400 3028 4850 1486 -735 42 -22 57 -24
1535510145.000149 700 622 638 703 686 681 -5972 3474 4580 508 968 -1595 -21 55 -26
1535510145.0513186 700 622 639 703 686 682 -6962 3056 4694 457 2475 681 -23 56 -26
1535510145.107252 700 622 638 703 685 681 -8022 2480 3864 415 7808 -1067 -20 56 -28
1535510145.386944 699 622 638 702 685 682 -5612 3440 3668 -1746 -1543 6752 -22 55 -28
1535510145.4300091 699 622 639 702 685 681 -6734 4664 3634 1838 1559 -2444 -23 54 -28
1535510145.4759686 699 622 638 702 685 681 -6828 3298 3650 -560 -595 1212 -25 56 -28
1535510145.5161462 700 622 639 703 685 681 -7012 3330 3396 450 219 -1676 -24 56 -28
1535510145.565251 700 622 639 702 685 681 -6782 3028 3628 92 -308 163 -21 58 -30
1535510145.6151185 699 621 638 702 684 681 -6844 3722 3364 13 620 -1304 -21 57 -29
1535510145.6661658 699 621 638 702 685 681 -6706 3164 3390 438 323 -328 -23 56 -28
1535510145.7103655 699 622 638 703 685 681 -6878 3154 3362 255 182 42 -22 56 -29
1535510145.7572181 699 621 638 703 685 681 -6748 3284 3480 233 -97 -12 -23 57 -28
1535510145.822022 699 621 638 702 685 681 -6866 3196 3406 200 389 52 -22 55 -29
1535510146.0588276 699 621 638 703 685 681 -6764 3202 3528 160 22 323 -23 57 -27
1535510146.0959501 700 621 638 702 684 680 -6890 3246 3424 273 405 343 -22 55 -29
1535510146.1361527 699 621 638 702 685 681 -6788 3224 3610 190 -19 -106 -23 56 -28
1535510146.1859882 699 622 638 702 684 681 -6726 3284 3318 -843 -869 -756 -22 57 -26
1535510146.2340972 699 622 639 702 685 681 -6832 3084 3592 488 478 -500 -20 57 -29
1535510146.283249 700 622 638 702 685 681 -6832 3118 3694 331 -52 175 -23 58 -28
1535510146.332131 700 621 638 702 685 681 -6754 3258 3564 418 168 237 -24 57 -29
1535510146.3810647 700 622 638 702 685 682 -6798 3176 3502 321 -6 -216 -23 56 -28
1535510146.4342701 699 621 638 702 685 681 -6682 3086 3766 241 -222 -35 -22 56 -27
1535510146.4891965 700 622 638 702 685 681 -6952 3224 3390 338 295 -29 -22 56 -27
1535510146.6948075 700 621 638 702 685 682 -6704 3188 3552 527 438 -2 -22 57 -29
1535510146.7268043 700 622 638 702 685 681 -6816 3154 3572 173 59 9 -22 56 -29
1535510146.773074 700 621 638 702 684 681 -6758 3156 3500 290 176 280 -22 55 -28
1535510146.8221116 699 622 638 702 685 681 -6822 3098 3666 309 46 123 -23 54 -27
1535510146.8720567 699 621 638 702 685 681 -6788 3200 3656 223 232 138 -22 58 -27
1535510146.9224267 700 621 638 702 685 681 -6740 3122 3618 353 -76 11 -21 57 -27
1535510146.9671092 700 621 638 702 685 681 -6750 3196 3624 224 6 -174 -23 56 -27
1535510147.0271018 700 621 638 702 684 681 -6782 3186 3534 259 212 112 -21 57 -29
1535510147.0919294 700 622 638 702 685 681 -6752 3226 3518 235 32 94 -23 56 -28
1535510147.159936 700 622 638 702 685 681 -6754 3310 3532 275 116 53 -23 56 -28
1535510147.4058402 700 621 638 702 685 681 -6768 3190 3548 111 30 49 -22 56 -27
1535510147.4441342 699 621 638 702 685 681 -6736 3172 3574 188 67 -211 -24 55 -27
1535510147.484842 700 621 638 702 685 681 -6750 3150 3556 307 148 -56 -25 52 -28
1535510147.5235395 700 621 638 702 685 680 -6714 3178 3500 62 -34 -60 -22 56 -26
1535510147.5719814 700 621 638 702 685 681 -6784 3116 3630 126 78 204 -22 55 -27
1535510147.6209757 700 622 638 702 685 681 -6726 3322 3546 160 122 215 -22 55 -28
1535510147.6682234 699 621 638 702 685 681 -6680 3332 3608 258 214 -121 -23 57 -27
1535510147.7149248 699 622 638 702 684 681 -7122 3290 3504 -45 -6 127 -23 55 -30
1535510147.7719946 700 622 638 702 685 681 -7378 2850 4080 -782 1089 1351 -23 56 -28
1535510147.841974 700 622 639 702 685 681 -7554 3260 3570 2241 512 4300 -23 58 -29
1535510148.1088696 700 622 638 702 685 681 -7768 2924 3378 -54 -2977 4669 -23 55 -28
1535510148.151046 700 622 639 703 685 681 -7586 4026 3762 632 -3360 6076 -23 55 -28
1535510148.193401 700 622 638 703 686 681 -6364 4216 4276 2626 6683 3345 -24 50 -28
1535510148.240048 700 622 638 703 684 681 -7758 2942 1774 1127 356 2703 -23 54 -31
1535510148.2909236 700 622 638 703 684 681 -7274 4344 3630 -63 760 -3934 -24 53 -29
1535510148.338949 700 622 638 702 685 681 -4768 238 370 -67 -2030 5541 -23 55 -32
1535510148.3837843 700 622 637 702 684 681 -5888 4300 3592 1602 -911 -239 -25 51 -31
1535510148.4369018 699 622 637 702 684 681 -6570 3490 2540 -1267 -1115 -459 -25 53 -31
1535510148.4869275 700 622 638 703 684 681 -6800 3508 3026 125 626 -1649 -25 54 -32
1535510148.5517743 699 622 637 703 684 681 -7248 3280 2954 -254 -100 -457 -25 58 -31
1535510148.7918231 700 622 637 702 685 680 -6854 3456 3172 419 114 793 -24 56 -29
1535510148.8368745 699 622 638 702 685 681 -6620 3782 2852 31 -482 -25 -26 55 -31
1535510148.885876 699 622 637 702 684 681 -6812 3512 3124 144 -232 -18 -23 57 -32
1535510148.9336708 699 622 637 702 684 681 -6812 3656 3160 305 -220 -50 -23 54 -30
1535510148.9797251 700 622 637 702 684 681 -6820 3548 3098 942 123 -30 -23 55 -31
1535510149.025911 699 622 637 702 684 681 -6764 3686 3126 40 -404 9 -24 58 -30
1535510149.0748813 699 621 637 702 684 680 -6822 3758 3072 189 267 36 -24 53 -31
1535510149.1260276 699 622 637 702 684 682 -6750 3610 3120 165 -600 -237 -23 55 -29
1535510149.1758358 700 622 638 702 685 681 -6838 3696 3080 299 571 -75 -25 53 -32
1535510149.2338808 700 621 637 702 685 681 -6708 3686 3214 155 -127 -19 -24 57 -30
1535510149.4767187 700 622 637 702 684 681 -6896 3718 3036 225 114 -255 -25 55 -28
1535510149.5146742 700 622 637 702 684 681 -6688 3584 3190 329 -98 -316 -23 56 -30
1535510149.5566008 700 622 637 702 684 681 -6856 3766 3026 107 -87 56 -24 56 -32
1535510149.6078706 700 622 637 702 684 681 -6690 3542 3340 216 -194 -210 -24 55 -28
1535510149.6609085 700 622 638 702 685 680 -6796 3642 3058 126 -234 -117 -26 57 -31
1535510149.7098942 699 621 638 703 685 681 -6704 3606 3238 51 -108 75 -23 55 -33
1535510149.7629132 699 622 637 703 685 681 -6714 3624 3102 249 -93 -103 -24 57 -31
1535510149.809742 700 622 637 702 685 681 -6782 3542 3254 326 189 -148 -24 55 -29
1535510149.8600342 700 622 637 702 684 681 -6698 3536 3202 145 -82 131 -24 54 -31
1535510149.9228823 700 622 637 702 685 680 -6782 3596 3204 263 164 -177 -25 55 -30
1535510150.1968012 699 621 637 702 684 681 -6758 3616 3208 185 91 196 -24 56 -31
1535510150.2325597 699 621 637 702 684 681 -6708 3566 3274 255 166 103 -24 54 -30
1535510150.2677865 699 622 637 702 685 680 -6716 3552 3194 289 64 -24 -22 55 -31
1535510150.314821 699 621 637 702 684 681 -6744 3622 3230 231 -68 -125 -23 53 -32
1535510150.3629196 700 621 637 702 685 681 -6730 3560 3224 346 247 41 -26 57 -31
1535510150.4148178 700 621 637 702 684 680 -6802 3576 3252 195 140 -23 -24 56 -31
1535510150.4620821 699 621 637 702 685 681 -6726 3578 3248 270 202 230 -22 53 -31
1535510150.5102344 699 622 637 702 684 681 -6788 3476 3378 246 176 -89 -24 54 -31
1535510150.5597591 699 622 637 702 684 680 -6752 3576 3168 184 47 192 -24 55 -30
1535510150.6267142 699 622 637 702 684 681 -6706 3660 3200 248 165 -142 -23 55 -28
1535510150.9105499 699 622 637 702 684 681 -6994 3766 3404 394 657 -576 -24 56 -33
1535510150.9445415 699 622 637 702 685 681 -7082 3864 3262 -1108 -376 2250 -24 55 -32
1535510150.9805555 699 622 637 702 685 681 -6992 4068 3626 228 740 660 -23 53 -30
1535510151.028754 699 621 637 702 685 681 -6750 3808 3542 309 -3075 728 -22 53 -30
1535510151.0818472 699 622 638 702 685 681 -6636 2884 3144 467 -3705 -44 -26 53 -28
1535510151.1349247 699 622 638 703 685 681 -7218 3274 3836 545 -1735 4314 -25 53 -28
1535510151.1830795 700 622 638 703 685 681 -5740 3946 3720 -616 -3238 -2171 -26 51 -28
1535510151.226668 700 622 638 703 686 681 -5904 2806 3540 23 -708 519 -24 54 -29
1535510151.2716577 700 622 638 703 685 682 -6434 4734 3800 39 1449 -3333 -24 53 -29
1535510151.3175826 700 622 637 703 684 681 -7384 3390 3748 -921 30 -3004 -24 53 -27
1535510151.5896506 700 622 637 703 684 681 -7492 3490 5754 -1778 10117 6439 -23 55 -28
1535510151.6315486 700 622 637 702 684 681 -7288 6784 3232 3901 3853 -4850 -24 55 -31
1535510151.6749406 699 622 637 703 684 681 -6656 3686 3154 56 839 604 -23 52 -31
1535510151.724669 699 622 637 702 684 680 -7094 3212 3164 898 -471 -1459 -23 54 -31
1535510151.7739203 699 622 638 702 684 680 -6708 3760 3174 477 48 557 -25 54 -31
1535510151.8236434 700 622 637 702 684 680 -6642 4070 3084 171 261 -155 -24 55 -31
1535510151.8728192 700 622 637 702 684 681 -6828 3576 3080 536 92 -513 -26 56 -31
1535510151.9197268 700 621 637 702 684 680 -6830 3676 3024 165 213 143 -26 56 -31
1535510151.9661102 700 622 637 702 684 680 -6690 3784 3112 400 93 -12 -23 54 -29
1535510152.0157256 700 622 637 702 684 681 -6822 3786 3000 57 -42 -280 -24 53 -32
1535510152.2565248 700 622 637 702 684 681 -6864 3730 2894 109 -224 -584 -27 56 -29
1535510152.296527 700 621 638 702 684 681 -6742 3406 3130 -137 2686 -999 -24 56 -30
1535510152.336475 699 622 638 702 684 681 -7152 3906 2770 -79 -1015 -1746 -25 57 -32
1535510152.375498 700 622 637 702 684 681 -6546 2930 3332 20 -2698 -1890 -25 56 -31
1535510152.4255464 700 621 637 702 684 680 -6330 3290 3508 138 -234 -149 -25 58 -28
1535510152.4687953 699 621 638 702 684 681 -6776 3166 3190 127 575 537 -24 57 -29
1535510152.5196047 699 621 637 702 684 680 -7030 3386 3280 323 413 1032 -24 55 -28
1535510152.5614412 699 621 637 702 684 681 -6798 3262 3208 365 372 1645 -22 54 -29
1535510152.6257033 699 622 637 702 684 681 -6672 3488 3170 856 674 382 -26 55 -30
1535510152.6950803 699 622 637 702 684 680 -6810 3770 3248 2019 809 -159 -24 56 -30
1535510152.9810793 699 621 637 702 684 681 -6862 3932 2680 55 947 1170 -24 54 -30
1535510153.0224056 699 622 637 702 684 681 -6626 3958 3144 207 993 78 -27 55 -31
1535510153.0624506 699 621 637 702 684 681 -6878 3676 2898 -152 -371 44 -24 54 -32
1535510153.102551 699 622 637 702 684 681 -6892 3552 3116 301 526 238 -25 53 -29
1535510153.1491108 700 622 637 702 684 681 -6768 3610 3102 277 -324 358 -25 56 -31
1535510153.1967711 700 621 637 702 684 681 -6770 3742 2994 713 341 458 -25 54 -32
1535510153.240484 700 622 637 702 684 681 -6686 4010 2926 26 348 -146 -25 53 -34
1535510153.2784865 699 621 637 702 684 681 -6802 3790 2948 267 171 -204 -25 53 -31
1535510153.3226054 699 621 637 702 684 681 -6796 3676 3000 306 240 16 -25 56 -30
1535510153.3777466 699 621 637 702 684 681 -6744 3794 2802 90 115 187 -26 53 -31
1535510153.647393 699 621 637 702 684 681 -6738 3798 2954 363 146 44 -28 57 -34
1535510153.6864958 699 621 637 702 684 680 -6798 3808 3026 324 149 111 -24 55 -32
1535510153.728498 699 621 637 702 684 680 -6772 3824 2968 354 106 -53 -24 55 -32
1535510153.7695584 699 622 637 702 684 680 -6814 3744 2996 285 113 75 -26 55 -32
1535510153.8186514 699 621 637 702 684 681 -6762 3834 2936 251 -22 114 -24 53 -31
1535510153.8658257 699 622 637 702 685 681 -6724 3904 2922 340 268 -25 -25 53 -31
1535510153.908193 699 622 637 702 684 681 -6722 3804 2970 237 220 175 -25 55 -31
1535510153.9514956 699 621 637 702 685 680 -6726 3892 2972 241 49 -26 -26 56 -32
1535510153.9939642 699 621 637 702 684 680 -6790 3758 2982 162 121 -177 -24 54 -32
1535510154.0543275 700 621 637 702 684 681 -6796 3758 2984 318 106 -85 -25 54 -33
1535510154.3064554 699 621 637 702 684 681 -6768 3898 2932 159 91 60 -26 55 -31
1535510154.3500297 700 621 638 702 685 681 -6804 3754 2954 223 207 -177 -23 55 -31
1535510154.3856742 699 621 637 702 684 681 -6722 3842 2964 272 111 7 -23 54 -32
1535510154.4242065 699 621 637 702 684 681 -6700 3882 2888 117 135 -148 -24 55 -33
1535510154.462235 699 621 637 702 684 681 -6792 3708 2994 84 136 -161 -24 54 -31
1535510154.4992652 700 622 637 702 684 681 -6906 3574 2896 327 74 15 -27 54 -32
1535510154.5372152 699 621 637 702 685 681 -6766 3742 2974 336 -145 326 -24 55 -29
1535510154.5972154 700 621 637 702 684 681 -6684 3924 2922 246 166 129 -25 56 -33
1535510154.665262 700 622 637 702 684 680 -6682 3928 2994 223 120 179 -26 52 -31
1535510154.7348936 700 621 637 702 684 681 -6752 3770 2968 150 115 -255 -26 54 -34
1535510154.8974788 700 622 637 702 685 681 -6840 3650 2916 184 -7 -113 -26 55 -32
1535510154.991653 699 621 637 702 684 680 -6762 3766 2976 251 41 -40 -24 54 -30
1535510155.0241823 699 621 637 702 685 680 -6794 3788 3026 136 -94 -211 -26 55 -32
1535510155.0622725 699 621 637 702 684 681 -6830 3694 3010 318 -19 -249 -25 55 -33
1535510155.0964632 699 621 637 702 684 681 -6794 3708 3030 418 -4 353 -25 54 -30
1535510155.1434495 699 622 637 702 685 681 -6624 4008 3036 400 465 319 -22 54 -32
1535510155.212482 700 621 637 702 684 681 -6890 3580 3064 52 -146 -385 -24 54 -32
1535510155.2802956 700 621 637 702 685 681 -6970 3446 2998 460 191 -42 -24 55 -31
1535510155.347546 700 621 637 702 684 681 -6654 3898 3046 329 65 641 -23 53 -32
1535510155.4154198 700 621 637 702 684 681 -6640 4020 2964 256 368 617 -26 55 -31
1535510155.554206 700 622 637 702 684 680 -6660 3904 2968 161 528 413 -24 54 -32
