1534185098.512437 633 555 590 674 580 673 578 3218 7526 163 65 -43 -33 80 20
1534185098.5915625 632 555 590 674 580 671 548 3252 7520 205 -12 12 -33 79 20
1534185098.6501806 632 555 590 672 579 672 544 3244 7450 275 77 22 -34 77 20
1534185098.7160523 631 554 590 674 578 672 646 3192 7542 86 14 83 -33 79 20
1534185098.7675273 633 555 590 673 579 672 610 3226 7510 189 -124 23 -32 80 22
1534185098.8456335 633 555 590 672 579 672 674 3212 7442 137 -800 80 -32 77 22
1534185098.9104433 632 555 590 672 578 671 692 3200 7504 263 -249 13 -33 78 22
1534185098.9656603 633 554 590 673 580 672 908 3166 7540 147 -379 106 -35 77 22
1534185099.0281796 631 555 590 674 580 672 622 3176 7576 238 14 -5 -33 78 23
1534185099.1060917 632 555 590 672 580 671 770 3204 7508 237 -296 -35 -34 76 20
1534185099.2096019 632 554 590 671 580 671 824 3204 7458 170 46 -103 -34 76 22
1534185099.250305 632 554 590 673 580 671 688 3196 7476 206 -286 -53 -35 77 23
1534185099.2971704 632 555 590 674 580 671 824 3228 7464 389 -287 77 -33 77 23
1534185099.375276 631 555 590 673 579 673 834 3126 7536 256 -463 -3 -35 76 20
1534185099.454491 632 554 590 672 579 671 888 3232 7406 269 -114 -10 -32 75 22
1534185099.48464 631 555 590 672 579 673 826 3232 7426 439 25 -6 -33 75 22
1534185099.5471227 633 554 590 672 580 671 888 3172 7576 339 -271 -16 -35 77 22
1534185099.6241248 632 555 590 673 580 673 990 3236 7372 150 13 20 -32 79 21
1534185099.691433 632 555 590 673 579 672 862 3238 7390 199 -109 -109 -32 75 22
1534185099.7487435 633 555 590 673 580 672 966 3252 7408 327 -227 76 -35 76 21
1534185099.8112268 631 555 590 673 579 672 992 3224 7418 329 57 -130 -34 74 21
1534185099.8737128 631 555 589 670 580 670 934 3200 7556 317 361 96 -35 76 25
1534185099.9494784 632 555 590 671 579 671 888 3234 7440 311 179 166 -31 76 21
1534185100.0130959 631 555 590 673 579 672 964 3284 7498 285 181 48 -34 76 24
1534185100.0755763 634 555 590 673 578 672 1050 3246 7450 348 249 19 -34 76 23
1534185100.133161 633 554 590 675 580 671 800 3304 7480 333 239 106 -33 75 22
1534185100.2004805 633 555 590 673 580 672 952 3332 7382 170 162 -80 -35 76 25
1534185100.262965 631 555 590 673 580 672 918 3242 7446 237 114 -7 -34 75 24
1534185100.3254495 631 554 590 674 580 672 890 3216 7530 207 260 43 -33 75 24
1534185100.3881383 633 554 590 673 579 672 994 3306 7444 213 269 27 -32 77 25
1534185100.466247 632 555 590 672 579 671 842 3204 7504 183 34 99 -33 77 23
1534185100.513173 632 555 590 672 579 671 992 3270 7492 287 106 97 -33 76 23
1534185100.5912182 633 555 590 672 579 673 892 3236 7464 297 236 -16 -33 76 22
1534185100.6569142 632 554 590 672 579 672 794 3204 7460 335 304 -13 -34 76 22
1534185100.7153673 633 555 590 672 579 672 872 3348 7358 183 102 67 -35 75 23
1534185100.7775912 632 555 590 673 580 670 884 3254 7470 286 249 55 -32 75 22
1534185100.8400772 632 555 590 672 579 671 934 3342 7368 359 634 82 -35 76 23
1534185100.9126043 633 555 590 673 579 671 706 3170 7544 342 713 60 -35 76 21
1534185100.9665372 632 555 590 672 579 671 834 3292 7464 384 698 225 -32 78 22
1534185101.0292382 631 554 589 671 578 671 964 3328 7632 837 612 1295 -35 76 23
1534185101.1121104 632 554 589 672 579 670 534 3286 7442 819 2305 785 -35 75 21
1534185101.1782882 631 554 589 671 579 671 1068 3092 7334 1739 4598 2293 -37 78 21
1534185101.2321603 631 554 589 671 578 671 500 3502 7354 451 3430 1091 -34 77 18
1534185101.3104756 631 554 590 672 579 671 168 3222 7648 594 5108 -1316 -36 79 18
1534185101.3727994 631 554 591 671 579 670 -500 3628 7070 305 1641 196 -36 83 13
1534185101.4492922 631 554 590 671 578 670 -170 3284 7456 439 3980 -645 -36 80 13
1534185101.514172 631 554 589 671 578 670 -836 3302 7416 229 181 -228 -35 84 11
1534185101.5768604 631 554 589 671 579 671 -634 3492 7276 594 -472 -674 -36 86 12
1534185101.6496515 631 554 589 671 578 671 -552 3394 7490 138 -213 -132 -37 85 12
1534185101.7176883 631 554 589 671 578 671 -520 3494 7554 -57 360 -74 -36 84 9
1534185101.7811127 632 554 593 672 578 670 -240 3246 7520 236 839 -353 -37 87 12
1534185101.8435926 631 554 596 672 578 670 -858 3384 7702 1218 919 -527 -35 86 10
1534185101.9060779 631 553 595 672 578 671 -448 3496 7852 946 1598 -485 -35 89 8
1534185101.9842362 632 553 598 671 578 671 -936 3928 7628 -2104 -3982 1237 -35 87 9
1534185102.0466714 632 554 595 672 579 671 794 2212 8168 3817 -3354 -4415 -35 86 9
1534185102.1281571 632 554 590 672 579 671 -3294 4460 6192 686 -3527 742 -32 85 15
1534185102.1993341 631 554 589 672 579 671 1814 3646 7134 -2191 -4176 3922 -35 88 12
1534185102.265727 631 554 589 671 578 671 120 3400 7566 1872 1456 -2917 -37 80 18
1534185102.328169 631 554 589 671 579 671 252 3708 7312 107 -1405 433 -36 81 18
1534185102.3906624 631 554 589 671 578 671 636 3604 7244 580 676 -1106 -35 80 18
1534185102.4828594 631 554 589 671 578 671 -30 3658 7436 173 -163 31 -38 81 18
1534185102.5297117 631 554 589 671 579 671 516 3670 7242 361 267 -66 -35 82 16
1534185102.5994358 631 554 589 672 578 670 268 3710 7276 389 -238 -100 -37 81 16
1534185102.6646233 632 554 589 671 578 671 418 3620 7360 300 105 -105 -36 82 19
1534185102.7162523 631 554 589 671 578 671 198 3784 7186 416 -92 42 -39 81 17
1534185102.794358 632 554 589 671 579 670 452 3708 7242 236 153 -65 -39 80 16
1534185102.8568525 632 554 589 672 579 671 326 3640 7318 257 308 156 -39 82 17
1534185102.9226098 632 554 589 671 579 670 390 3708 7292 53 268 -69 -38 80 19
1534185102.983582 631 554 589 672 579 670 326 3672 7306 472 274 33 -39 80 16
1534185103.0462387 632 554 589 671 579 670 286 3658 7342 214 405 -12 -36 83 18
1534185103.1179059 631 554 589 671 578 671 164 3734 7338 208 237 -80 -36 81 15
1534185103.1810436 631 554 589 672 578 671 328 3718 7284 251 101 -24 -35 82 16
1534185103.2329075 632 554 589 672 579 670 364 3766 7312 538 214 -32 -35 82 18
1534185103.3107996 632 555 589 672 578 671 222 3654 7180 767 -168 -179 -39 82 15
1534185103.3732865 632 554 589 672 578 671 550 3750 7272 671 303 129 -37 80 17
1534185103.4465 631 554 589 671 579 670 -106 3736 7202 535 2673 -712 -38 82 16
1534185103.5132833 631 554 589 671 578 671 132 3762 7482 791 1217 -1381 -38 83 16
1534185103.5757177 631 554 589 671 578 671 -570 3826 7264 -1427 4634 -1657 -37 84 13
1534185103.650837 631 554 595 671 578 670 -584 3482 7518 527 3899 -662 -35 89 13
1534185103.717484 631 554 597 671 578 671 -364 3674 7316 1412 3138 -531 -33 91 11
1534185103.7955914 631 554 599 672 578 671 -1112 3728 7426 -807 -1559 328 -33 95 9
1534185103.858194 631 554 599 671 579 671 308 3314 7244 -2426 3005 344 -34 93 7
1534185103.9269235 632 554 596 672 578 671 -1546 3516 6836 597 1227 -480 -35 89 7
1534185103.9962904 632 554 590 672 578 670 -1124 3386 7234 1112 1090 -344 -32 95 7
1534185104.0585322 632 554 590 671 578 671 -718 3476 7428 1010 -484 -999 -30 94 6
1534185104.1338058 631 554 589 672 578 671 -1200 4354 6830 -1033 1798 1060 -32 96 6
1534185104.2005088 631 554 588 671 578 671 -348 3062 8660 -2631 -6495 3081 -33 92 3
1534185104.2631967 632 554 590 671 578 671 -1794 3210 6380 6812 -1981 -4862 -34 92 8
1534185104.3411033 632 554 591 672 579 671 790 3840 7308 -246 -8794 3076 -36 91 8
1534185104.4129636 631 555 590 672 578 671 68 3730 7384 -1029 2903 -980 -36 87 13
1534185104.4817767 632 554 590 672 578 671 -176 3744 7400 541 -2595 315 -37 83 13
1534185104.5442624 631 555 590 672 578 671 254 3794 7218 410 1254 -614 -36 84 14
1534185104.6142423 632 555 590 671 578 671 -520 3804 7254 329 -582 113 -36 82 15
1534185104.6793542 632 554 590 672 578 671 64 3792 7256 387 -110 -74 -36 85 13
1534185104.7331538 632 554 590 672 579 671 -28 3770 7270 314 -213 -100 -37 83 14
1534185104.8113105 632 555 590 671 579 671 -98 3724 7282 182 34 -307 -36 85 15
1534185104.873745 632 555 590 672 579 672 -16 3780 7280 160 120 -78 -37 84 15
1534185104.941037 632 555 590 672 578 671 -46 3750 7346 201 123 -95 -34 86 13
1534185104.9979975 632 555 590 671 579 671 -74 3724 7354 161 364 -150 -36 88 15
1534185105.0604837 631 554 590 671 578 671 -162 3760 7348 264 281 117 -36 86 16
1534185105.1332364 632 555 590 672 578 671 12 3838 7264 381 -106 -146 -37 87 14
1534185105.2058003 631 554 590 671 578 671 -24 3742 7346 482 532 -361 -35 85 15
1534185105.263768 631 555 590 671 578 671 -176 3810 7306 496 -79 177 -34 87 12
1534185105.3262017 631 555 590 671 579 671 0 3822 7284 462 306 -205 -35 86 16
1534185105.3887076 632 555 590 671 578 670 -112 3770 7276 319 -270 151 -35 87 17
1534185105.4661105 633 554 590 671 579 671 -398 3698 7058 190 -601 43 -35 87 13
1534185105.5284917 632 554 590 672 578 671 186 3914 7206 -221 644 392 -36 86 15
1534185105.6022184 631 554 589 671 578 671 -406 3794 7130 200 1316 1012 -34 86 13
1534185105.671016 632 554 589 671 578 671 -246 3704 7274 -802 2627 704 -34 87 13
1534185105.7330585 631 554 589 671 579 671 -552 3728 7432 -545 -421 -991 -35 87 15
1534185105.8110723 631 554 596 672 579 671 -682 3732 6970 849 3666 699 -34 87 11
1534185105.8737495 631 554 589 672 579 671 -830 3626 7696 648 2515 -1050 -32 89 11
1534185105.9424279 632 554 594 672 579 671 -392 3854 7860 175 1432 -33 -33 91 11
1534185106.0141034 631 554 592 672 579 670 -1558 3574 7420 1340 -3907 -1458 -35 90 11
1534185106.0765874 631 554 592 672 578 671 580 3800 7154 -860 4157 452 -32 91 11
1534185106.1493642 631 554 589 671 578 671 -1660 3540 7132 1013 -2952 6 -34 88 11
1534185106.2163208 631 554 591 672 578 671 -720 3596 7884 1368 3177 -1728 -32 90 8
1534185106.2788227 631 554 591 671 578 671 -870 4196 6978 -128 -2414 3479 -32 91 8
1534185106.356915 631 554 593 672 578 671 1002 2798 7962 292 -7717 -1403 -35 92 8
1534185106.4252279 631 554 590 672 578 670 -2526 4536 6820 -723 1045 2 -34 86 15
1534185106.4830794 632 555 590 672 578 671 1670 3724 7014 -131 -1031 1807 -35 90 12
1534185106.5611877 632 554 590 672 579 671 -890 3634 7468 193 784 -373 -36 84 15
1534185106.627261 632 554 590 672 579 671 352 3870 7174 723 -892 23 -38 87 13
1534185106.693063 632 555 590 672 579 672 -102 3824 7320 412 315 -23 -36 86 12
1534185106.7497187 632 555 590 672 579 671 12 3810 7262 189 -418 -113 -35 87 14
1534185106.8122044 631 555 590 672 578 672 -30 3858 7258 163 62 -93 -38 85 15
1534185106.874691 632 555 590 672 578 671 96 3850 7306 316 -112 -2 -36 86 14
1534185106.950523 632 554 590 671 579 671 -20 3802 7214 408 253 64 -37 82 14
1534185107.01472 632 555 590 671 578 671 56 3852 7188 228 -93 107 -37 86 16
1534185107.0770102 631 554 590 671 578 671 6 3830 7290 159 324 188 -37 85 14
1534185107.133498 631 555 590 672 579 671 64 3862 7260 227 163 56 -37 83 16
1534185107.203169 632 555 590 671 578 671 60 3756 7320 -34 37 116 -36 83 15
1534185107.2638032 631 555 590 672 578 671 40 3898 7296 219 145 -249 -36 83 15
1534185107.3260837 631 554 590 671 578 671 228 3838 7228 156 400 73 -35 85 15
1534185107.388755 631 555 590 671 578 671 -232 3880 7154 499 -109 234 -36 86 15
1534185107.4627085 632 554 590 671 578 671 266 3740 7360 337 773 -5 -34 84 14
1534185107.5307517 632 554 590 671 579 671 -112 3990 7108 310 -195 -143 -37 84 15
1534185107.5970614 632 554 590 671 579 671 -24 3818 7376 342 1052 455 -36 84 15
1534185107.649664 632 554 590 672 578 671 896 3922 7422 393 -503 502 -36 84 15
1534185107.7285743 632 554 590 671 579 671 182 3844 7378 635 753 -469 -38 84 15
1534185107.7960675 631 554 590 671 579 671 -28 4284 6850 868 2875 1084 -35 85 14
1534185107.8585505 631 554 590 672 579 671 -88 3724 7484 -1229 6056 -3 -36 84 14
1534185107.9333003 631 554 594 672 579 671 -334 3876 7404 -1553 2022 -424 -35 87 10
1534185107.9982262 631 554 596 672 579 671 -622 3550 7074 -5149 5542 1676 -33 87 11
1534185108.0608037 631 554 595 671 580 671 -1952 2540 8452 622 -3657 -866 -33 89 9
1534185108.133169 631 554 595 671 580 670 -916 4274 6296 2864 422 -894 -29 90 10
1534185108.2095933 631 554 595 672 580 670 -1882 3230 7732 -863 4634 1696 -32 88 9
1534185108.280156 631 554 595 672 580 671 -830 3482 7806 -1018 -5091 2227 -31 92 8
1534185108.342641 631 554 590 673 580 671 498 2904 8182 2903 -1233 -5330 -31 89 12
1534185108.4234483 632 554 591 672 580 671 -2926 4014 6646 -869 -4036 1759 -32 88 13
1534185108.4829075 632 554 590 672 580 671 2128 3854 6910 -2378 -2599 2616 -34 91 14
1534185108.5610602 632 554 591 674 580 672 -1152 3384 7472 -2664 3347 271 -36 83 17
1534185108.6325512 633 554 591 675 580 672 596 2418 8084 -6015 -4204 3191 -34 86 16
1534185108.7005966 631 554 591 675 580 672 -308 1590 7060 -979 3613 -2618 -30 82 20
1534185108.7630832 632 554 591 675 580 672 -276 3936 6568 216 -801 -224 -27 84 23
1534185108.825568 631 554 591 675 580 673 772 2732 8170 565 3010 -33 -29 82 20
1534185108.9039326 632 554 591 674 580 672 -624 3134 6134 632 -986 -513 -28 83 22
1534185108.9674308 631 554 591 674 580 672 346 2726 8364 -1876 -6804 -95 -29 83 20
1534185109.0299146 632 554 591 674 580 672 504 3040 7880 1659 2820 1757 -29 81 23
1534185109.1071262 632 554 591 675 580 672 -48 2458 7814 -184 565 82 -29 80 22
1534185109.184301 632 554 591 675 580 673 300 2850 7892 703 2810 174 -31 81 21
1534185109.2311628 631 554 591 674 580 672 288 2602 7700 1612 -42 -1463 -29 80 17
1534185109.2936482 632 554 591 674 580 672 -10 3348 7536 349 -264 -455 -29 80 19
1534185109.3717544 632 554 591 674 580 673 154 2772 7742 736 -355 -329 -31 82 20
1534185109.4441352 631 554 591 674 580 672 -162 2806 7634 -471 305 -406 -27 83 21
1534185109.498983 632 554 591 674 580 672 10 2940 7544 363 -125 430 -32 82 21
1534185109.5616798 631 554 591 674 580 672 284 2888 7750 -415 327 -676 -29 82 20
1534185109.6324904 631 554 591 675 580 672 -176 2564 7730 327 -348 908 -29 83 17
1534185109.709704 632 554 591 675 580 672 174 2938 7632 348 1015 -762 -28 83 19
1534185109.7639182 631 554 591 675 580 673 -398 2648 7722 1200 -113 519 -25 82 17
1534185109.8419392 632 554 591 675 580 672 30 3018 7740 -1198 314 -216 -30 81 18
1534185109.9104745 632 554 590 674 580 673 186 2714 7862 -341 165 615 -30 84 19
1534185109.9813623 632 554 590 674 580 672 610 2734 7906 -2952 -3343 -2863 -26 84 19
1534185110.0438483 632 554 590 674 580 673 -162 2954 6876 -5280 1405 -560 -26 82 19
1534185110.1194673 632 554 590 674 580 672 514 1978 7952 961 -318 -276 -22 83 25
1534185110.188455 632 554 590 672 580 672 -340 2116 7148 3253 1186 -333 -20 82 25
1534185110.2481995 631 554 590 672 580 672 -1024 2428 7280 3718 3401 -517 -23 81 24
1534185110.3106835 631 554 590 672 580 672 530 2814 8264 738 1554 1028 -24 87 22
1534185110.3925216 631 554 595 672 580 672 -342 2680 7416 -151 7808 1614 -25 85 19
1534185110.4496524 632 554 590 673 580 672 -732 2258 8396 -1613 -31 -546 -23 89 15
1534185110.5277598 631 554 589 672 580 671 -348 3156 6900 746 -2810 1209 -26 90 13
1534185110.6018524 630 554 593 672 580 671 -984 2696 7996 -1889 908 2026 -23 87 15
1534185110.6689603 631 553 593 672 580 672 628 2708 7608 1275 2564 824 -25 85 14
1534185110.7315717 631 554 595 673 580 671 -670 2726 8214 -891 -2770 -1326 -28 85 14
1534185110.809657 631 554 590 672 580 672 -266 1954 8060 4763 2168 -4684 -27 86 16
1534185110.8723793 631 554 591 674 580 672 -1724 3556 6804 -681 -4824 713 -27 89 17
1534185110.9486797 632 554 591 674 580 672 694 2944 8010 -416 -336 -285 -27 90 16
1534185111.000419 631 554 591 673 580 672 -656 2846 7606 235 267 4 -27 84 18
1534185111.0786996 631 554 590 674 580 673 -184 2744 7830 452 565 -403 -27 88 17
1534185111.1479197 632 554 591 673 580 672 -228 2986 7638 -400 463 -180 -27 88 17
1534185111.2226863 631 554 591 674 580 672 -488 2840 7648 44 702 191 -28 88 17
1534185111.2650535 631 554 591 673 580 672 -344 2788 7824 370 16 53 -25 88 16
1534185111.3431115 631 554 591 674 580 672 -310 2936 7566 -157 454 -195 -26 89 19
1534185111.411738 631 554 591 673 580 672 -378 2726 7612 673 229 -270 -26 88 20
1534185111.4672315 632 554 591 673 580 672 -320 2876 7596 96 359 50 -26 86 17
1534185111.5297165 632 554 591 673 580 672 -288 2754 7698 155 182 -177 -24 88 17
1534185111.6068933 632 554 591 673 580 672 -472 2850 7644 132 33 45 -26 88 18
1534185111.6732802 631 554 591 673 580 672 -364 2820 7640 461 241 111 -26 89 19
1534185111.7329555 632 554 591 673 580 672 -492 2732 7758 -36 923 108 -24 87 17
1534185111.7954412 631 554 591 673 580 672 -516 2838 7662 -125 -147 -269 -26 89 16
1534185111.8735478 631 554 591 673 580 672 -502 2742 7708 310 200 142 -26 88 19
1534185111.939688 632 554 591 673 580 672 -378 2822 7678 333 614 -50 -25 88 17
1534185111.998286 631 554 591 673 580 672 -444 2786 7724 453 605 175 -25 89 16
1534185112.060512 632 554 591 672 580 672 -530 2796 7710 352 369 -437 -26 90 18
1534185112.1338496 631 554 590 673 580 672 -236 2636 7668 267 788 201 -25 91 17
1534185112.2059479 631 554 590 672 580 672 -648 2874 7710 1313 676 -63 -25 89 18
1534185112.2638803 631 554 590 673 580 672 -784 2844 7686 1208 -489 833 -26 92 13
1534185112.3419874 631 554 590 672 580 672 -666 2916 7570 1140 2341 874 -26 90 15
1534185112.4100566 631 554 592 672 580 672 -922 3054 7568 642 4400 432 -28 90 13
1534185112.4666839 631 554 598 673 580 672 -912 3018 7244 663 2688 1007 -27 89 13
1534185112.5448308 631 553 600 673 580 672 -988 2964 7954 1454 2496 29 -29 93 11
1534185112.6132684 631 554 590 672 580 672 -1238 3236 6634 -667 -1294 804 -27 93 8
1534185112.6820867 631 553 598 672 579 671 -896 3064 8074 -1496 1828 846 -28 94 10
1534185112.7470088 630 553 591 672 579 671 -1136 3152 7378 -651 -1002 316 -27 91 9
1534185112.809676 630 554 590 672 579 672 -942 2806 8528 -975 -7139 -773 -26 92 11
1534185112.8876271 631 554 591 672 580 672 352 2290 7948 -2111 90 -4963 -27 87 11
1534185112.950302 631 554 591 672 580 672 -2364 2806 7180 -1906 -4387 1927 -25 89 19
1534185113.0284078 632 554 591 672 580 672 810 2778 7822 -32 1245 145 -25 91 16
1534185113.0956879 632 554 591 673 580 672 -866 2770 7644 409 -991 394 -24 88 19
1534185113.1487148 632 554 591 673 580 672 12 2872 7832 -2 1144 -616 -24 90 18
1534185113.2339027 632 554 591 673 580 672 -384 2748 7746 797 469 428 -24 87 20
1534185113.2807658 631 554 591 673 580 672 -262 2940 7480 -151 93 -481 -25 88 18
1534185113.3590543 631 554 591 674 580 672 -366 2752 7662 69 -627 -375 -24 88 20
1534185113.4243896 631 554 591 674 580 672 -348 2712 7796 324 8 -97 -25 91 18
1534185113.4834523 631 554 591 674 580 672 -280 2884 7580 61 424 -31 -25 86 19
1534185113.5459373 631 554 591 674 580 672 -300 3040 8154 -1200 1062 -438 -24 89 20
1534185113.625593 631 554 591 673 580 672 -324 2606 7746 -376 -217 9 -23 89 20
1534185113.6922681 631 554 591 674 580 672 -354 2662 7606 -221 241 315 -22 90 19
1534185113.7489874 631 553 591 674 580 672 0 2414 7850 -3272 -1534 454 -22 88 18
1534185113.827122 631 554 591 675 580 672 548 452 9592 -8350 1298 6119 -21 87 20
1534185113.9028368 632 554 591 674 580 672 46 1922 7786 -1446 2269 1514 -20 89 21
1534185113.950935 632 554 591 674 580 672 -362 2666 7684 2767 3057 1588 -18 87 23
1534185114.02904 632 554 591 674 580 672 -524 1966 8026 -1502 -2973 -253 -20 90 22
1534185114.105505 631 554 591 674 580 672 -168 1640 7994 -478 1065 -453 -21 87 22
1534185114.1743412 631 553 591 674 580 672 -118 1956 7940 42 -1557 -1706 -19 86 21
1534185114.2318478 632 554 591 674 580 672 -378 1914 8010 -2133 2571 935 -18 85 21
1534185114.3099551 632 553 590 674 580 672 -160 1536 7994 2531 758 1771 -18 88 21
1534185114.3724415 632 554 590 675 580 672 -676 2016 7876 3675 -1315 280 -17 87 24
1534185114.4470093 631 553 590 674 580 672 72 2216 8100 2887 -763 -356 -21 86 22
1534185114.5145037 630 553 590 674 580 672 210 2438 8122 -2319 5206 3891 -23 85 21
1534185114.5767243 630 553 590 674 580 672 -458 2084 8068 -3453 5913 3318 -21 86 21
1534185114.6496837 631 553 590 674 580 672 -1322 1692 8062 3983 442 2251 -21 86 17
1534185114.7164018 631 553 591 674 580 672 -1186 2284 7800 3946 -2951 -330 -21 87 16
1534185114.7945087 631 553 591 675 580 672 -986 2498 7624 -1230 1482 448 -23 86 13
1534185114.8571916 632 553 597 675 580 672 -444 2244 7978 3672 -5336 -295 -25 85 14
1534185114.9382272 630 553 599 674 580 671 -192 3322 7444 2239 -1305 -1335 -24 86 15
1534185114.9984403 630 553 600 674 580 672 -232 2558 7992 -378 2670 3104 -29 84 15
1534185115.076441 631 554 591 674 580 671 832 1818 8732 2455 -8985 -1945 -28 84 15
1534185115.149843 631 554 591 675 580 672 -2502 5530 6814 -1577 7850 -2711 -27 82 18
1534185115.2164512 631 554 591 675 580 672 454 2302 7828 -886 -7789 1996 -29 86 16
1534185115.2789352 631 554 591 674 580 672 -40 2696 7980 1996 2560 -1003 -28 82 19
1534185115.3414192 631 554 591 674 580 672 -132 2514 7948 -2010 -4 -601 -28 84 21
1534185115.4195259 632 554 591 675 580 672 -300 2630 7556 -3219 2295 154 -25 86 19
1534185115.4844089 632 554 591 675 580 673 -560 2336 7772 -1610 -885 548 -22 86 21
1534185115.5468946 632 554 591 675 580 673 48 2164 8018 228 1184 -740 -23 85 22
1534185115.617103 632 553 591 674 580 672 -448 2052 7762 307 -82 -142 -20 85 21
1534185115.6948028 632 554 591 675 581 672 -328 2156 7764 -573 497 -448 -21 86 20
1534185115.761122 632 554 591 675 580 672 -648 1890 8116 123 941 146 -21 84 22
1534185115.8235786 632 554 591 675 580 672 -302 2122 7884 428 74 99 -19 87 21
1534185115.8929634 632 554 591 675 580 672 -382 2046 7926 -237 379 130 -20 88 21
1534185115.9646912 632 554 591 674 580 672 -348 2024 7950 577 674 -20 -20 87 20
1534185116.0115547 632 554 591 674 580 672 -690 1902 8036 -442 1081 372 -19 89 19
1534185116.093176 632 554 591 675 580 672 -280 2098 7844 472 -122 239 -20 88 21
1534185116.1499596 632 554 590 674 580 672 -526 2012 7866 435 1079 507 -21 87 20
1534185116.2298117 632 554 590 674 580 672 -374 2036 7816 702 -2348 -240 -20 88 20
1534185116.2955866 632 554 591 675 580 672 -210 2312 7572 138 153 -42 -20 87 21
1534185116.3581607 632 554 590 674 580 672 -854 1940 7562 1953 -1555 526 -21 85 22
1534185116.4328127 631 553 590 674 580 672 412 2444 8228 1102 3589 1242 -20 86 21
1534185116.4980621 631 553 590 674 580 672 -372 2254 8238 2030 4452 2296 -23 85 19
1534185116.5605478 631 553 596 674 580 672 -740 2346 7826 3443 3667 -707 -25 87 16
1534185116.6397882 630 553 598 674 580 671 -1194 2780 7846 -923 -498 -310 -24 89 16
1534185116.700518 631 553 598 674 580 672 -1426 2242 7562 -2134 -576 1295 -28 89 15
1534185116.7787359 631 553 598 674 580 671 -2 2742 7520 -153 -741 609 -26 88 15
1534185116.8411107 631 554 599 674 580 671 -568 2376 7950 84 -1049 -185 -26 87 15
1534185116.916791 631 554 597 674 580 671 -268 2776 8026 2329 1092 -1561 -27 85 16
1534185116.981445 630 553 593 674 580 672 -564 2128 9130 -2893 -5918 -2865 -26 88 15
1534185117.059553 632 554 591 674 580 672 -528 3126 4592 -12240 5165 1700 -25 88 17
1534185117.117567 632 554 591 675 580 672 -732 2022 7284 608 -13535 -5135 -23 87 19
1534185117.1998575 632 554 591 675 580 672 590 1688 8502 -808 3344 1284 -20 87 22
1534185117.263427 633 554 591 675 580 672 -738 2120 7582 -497 -1089 -1138 -18 85 25
1534185117.3259118 632 554 591 675 580 672 200 1720 7886 518 1894 490 -20 87 25
1534185117.4030192 632 554 591 675 580 672 -498 1886 7736 253 540 214 -18 86 23
1534185117.464897 632 554 591 675 580 672 -78 1760 7982 201 -78 -92 -19 89 23
1534185117.527381 632 553 591 675 580 672 -344 1992 7938 -639 -276 -669 -18 85 25
1534185117.6035745 632 554 591 674 580 672 -266 1774 7898 823 1024 730 -17 86 22
1534185117.669763 632 553 591 674 580 672 -300 1794 7960 -57 15 -214 -18 88 23
1534185117.7336347 632 554 591 675 580 671 -268 1734 8026 417 825 701 -19 88 24
1534185117.7963243 632 554 591 674 581 672 -214 1644 7992 237 -265 73 -18 90 21
1534185117.8585987 632 554 591 675 581 672 -586 1884 8042 -100 696 211 -16 88 22
1534185117.9356525 632 554 591 674 580 672 -266 1844 7956 399 635 211 -17 87 24
1534185117.9976573 632 553 591 674 580 672 -490 1546 8100 341 663 550 -16 87 23
1534185118.0601408 632 554 591 674 580 672 -408 1798 7908 -213 152 -437 -15 87 23
1534185118.1339707 632 554 591 674 580 672 -474 1692 7976 390 593 183 -16 90 23
1534185118.2015483 632 554 591 674 580 672 -470 1792 7924 131 251 -190 -17 87 23
1534185118.2649612 632 553 591 674 580 672 -1062 1212 8088 -953 -217 -889 -16 92 24
1534185118.3274467 632 553 590 674 580 672 -808 1772 7794 1516 201 207 -18 89 23
1534185118.407085 632 554 590 674 580 672 -1394 1972 6866 7491 -2925 1234 -15 89 25
1534185118.466672 631 553 590 674 580 671 -544 2590 7564 4438 2751 -50 -18 88 21
1534185118.544807 631 553 599 674 580 672 -682 2464 7952 -642 8788 559 -23 86 21
1534185118.6164126 631 554 603 674 580 672 -1974 2574 7970 2423 -903 491 -24 89 17
1534185118.693838 631 554 605 675 580 671 -530 2974 7432 -652 4446 -637 -23 91 12
1534185118.7477798 631 553 606 674 580 671 -1112 2408 7776 1420 -4811 961 -26 93 13
1534185118.8102639 630 553 608 675 580 671 -718 2944 7674 525 -824 -958 -25 90 12
1534185118.888372 630 553 607 674 580 672 -962 3070 8192 -1613 3267 -211 -26 87 15
1534185118.9673977 630 553 590 674 580 672 -1466 2048 8396 -2961 -10498 3218 -24 88 13
1534185119.0298805 631 554 596 675 580 672 1410 2490 8274 2039 6375 -7657 -26 88 13
1534185119.108795 632 554 591 675 580 671 -2016 2624 6788 -3965 -4747 -183 -24 86 19
1534185119.17811 632 554 591 675 580 672 424 2358 8182 -733 2449 -305 -23 88 17
1534185119.233093 632 553 591 675 580 673 -1116 2518 7104 -2219 725 -641 -23 87 18
1534185119.3112 632 554 591 675 580 673 -252 2252 8146 -287 768 -778 -22 89 17
1534185119.3906112 632 554 591 675 580 672 -988 2114 7760 -1925 14 -799 -20 88 18
1534185119.450194 632 553 591 675 580 672 -846 1920 8008 -210 289 428 -18 89 21
1534185119.5126793 632 554 591 675 581 672 -516 2088 8046 42 -355 -186 -21 89 18
1534185119.5751657 631 553 591 675 580 672 -424 2004 7922 -30 480 -214 -20 88 19
1534185119.6485343 632 553 591 675 580 672 -780 1872 7776 573 -226 -364 -18 88 18
1534185119.7167506 632 553 591 675 580 672 -696 2056 7936 -394 788 140 -19 88 18
1534185119.7792354 632 553 591 675 580 672 -638 1970 7914 -212 -369 -560 -21 88 19
1534185119.8418622 632 553 591 675 580 672 -720 2042 7858 505 1115 877 -18 90 18
1534185119.9222267 632 553 591 675 580 672 -766 1860 8076 -7 1008 254 -19 88 20
1534185119.9829476 632 554 591 675 580 672 -718 1976 7804 156 130 196 -17 88 18
1534185120.0454345 632 553 591 675 580 672 -664 2060 7846 -87 223 -451 -20 93 18
1534185120.1189861 632 554 591 675 580 672 -900 1910 7936 -131 6 55 -19 88 20
1534185120.1879802 632 554 591 675 580 672 -818 2066 7880 -250 1479 -462 -19 91 20
1534185120.2492828 631 553 590 675 580 672 -764 2242 8008 7167 -6014 1286 -19 90 18
1534185120.3095658 631 553 591 675 580 672 -268 1978 8100 99 3387 803 -21 89 20
1534185120.3933847 631 553 590 674 580 672 -904 2566 7418 1872 1533 1881 -21 89 19
1534185120.4602058 631 553 595 675 580 672 -1012 1964 8568 99 4577 962 -19 92 17
1534185120.5300138 631 553 602 675 580 673 -766 2420 7740 -548 3703 1570 -23 90 12
1534185120.598814 632 553 605 675 580 672 -880 2326 8362 306 2052 -1608 -24 92 13
1534185120.6681538 631 553 606 674 580 671 -1738 2470 7626 145 -407 1447 -22 92 12
1534185120.7325788 631 553 593 675 580 672 -1436 2150 7586 191 -1148 -1289 -23 93 12
1534185120.7950635 630 553 591 675 580 672 -1034 2518 7660 3107 -765 774 -21 92 10
1534185120.8731706 631 553 597 675 580 671 -1526 2936 7640 -541 -93 1350 -25 91 10
1534185120.9485283 631 553 590 675 580 672 -998 1128 8556 -3772 -8519 3376 -22 92 12
1534185121.0128174 632 554 591 676 580 672 -1036 3242 2674 -1813 13302 -6360 -22 87 16
1534185121.0956616 632 554 591 676 580 672 -1576 1676 7580 1955 -12341 -2020 -24 94 13
1534185121.1651504 632 554 591 676 580 672 -942 2058 8186 -2956 3509 -755 -20 93 14
1534185121.23339 632 554 591 675 580 672 -1232 1772 7736 73 -1245 -741 -20 93 17
1534185121.2958758 631 554 591 675 580 672 -986 1932 7846 -470 1493 694 -16 93 16
1534185121.358362 631 554 591 675 580 672 -1124 1872 7978 -550 1420 304 -20 95 14
1534185121.4499872 632 554 591 675 580 672 -1446 1970 7818 -254 695 212 -19 91 16
1534185121.4982793 631 554 591 675 580 672 -1214 1784 7814 -376 1026 -254 -17 92 13
1534185121.5763853 632 554 591 675 580 672 -1260 1934 7640 492 -735 -213 -17 95 15
1534185121.633937 632 553 591 676 580 672 -1164 1680 8052 -8 198 -188 -19 93 14
1534185121.7138665 632 554 591 676 580 672 -1448 1874 7732 204 448 166 -16 94 15
1534185121.779604 632 554 591 676 580 672 -1208 1940 7886 288 657 -144 -16 94 17
1534185121.8421376 632 554 591 675 580 672 -1458 1658 7862 541 462 320 -17 95 15
1534185121.9164221 632 554 591 675 580 672 -1410 1794 7894 -37 -16 -226 -17 95 16
1534185121.9832442 632 553 591 675 580 672 -1326 1728 7942 40 281 -181 -17 94 14
1534185122.0471675 631 554 591 675 580 672 -1370 1776 7906 192 434 45 -18 96 16
1534185122.1230664 632 553 591 675 580 672 -1396 1710 7864 263 -90 18 -17 97 16
1534185122.1846452 632 554 591 675 580 672 -1428 1726 7808 -185 317 -415 -16 94 13
1534185122.2479331 631 554 591 675 580 672 -1298 1768 7964 274 -100 -159 -16 96 14
1534185122.3104756 632 554 591 675 580 672 -1330 1736 7680 227 545 -170 -16 95 16
1534185122.3877263 631 553 591 675 580 672 -1396 1604 8036 237 173 -165 -15 96 15
