1535509958.809628 706 626 640 710 695 685 4606 3412 5814 221 73 206 -17 28 -4
1535509958.8745623 707 626 640 710 694 685 4654 3272 5722 298 147 83 -16 30 -4
1535509958.9410956 706 626 640 710 694 685 4544 3226 5870 166 66 -311 -17 29 -3
1535509959.0058866 706 626 640 710 694 685 4456 3606 5692 91 249 122 -16 30 -3
1535509959.0725348 706 626 640 710 695 686 4658 3250 5750 309 113 -30 -16 28 -6
1535509959.1378675 706 626 640 710 694 686 4578 3354 5876 120 -99 -35 -17 30 -4
1535509959.2042453 706 626 640 710 694 685 4538 3434 5790 216 122 193 -18 30 -2
1535509959.2688694 706 626 640 710 694 686 4676 3258 5740 325 241 20 -16 30 -4
1535509959.3343115 706 626 640 710 695 686 4572 3316 5786 204 2 -229 -15 30 -3
1535509959.39799 707 626 640 710 694 685 4508 3338 5850 135 113 60 -18 29 -5
1535509959.6827366 706 626 640 710 694 685 4556 3366 5696 324 460 2 -17 31 -5
1535509959.7526207 706 626 640 710 694 686 4634 3302 5746 79 -144 52 -17 31 -5
1535509959.8844557 707 626 640 710 694 685 4594 3352 5738 198 372 -35 -18 29 -3
1535509959.9208336 706 626 640 710 694 686 4448 3406 5880 193 8 -17 -16 31 -1
1535509959.9858518 705 626 640 710 694 685 4694 3300 5788 126 -7 -8 -16 30 -4
1535509960.021181 706 626 640 710 694 686 4568 3380 5748 162 312 -47 -15 29 -3
1535509960.05514 706 626 640 710 694 685 4432 3380 5864 221 234 126 -16 29 -5
1535509960.0930963 706 626 640 710 694 686 4798 3304 5644 294 -52 178 -16 30 -2
1535509960.1308365 706 626 640 710 694 686 4720 3288 5790 192 -133 -364 -15 28 -4
1535509960.1741364 706 626 640 710 694 685 4386 3478 5800 218 148 113 -16 29 -2
1535509960.3237762 706 626 640 710 694 685 4572 3250 5860 291 -115 117 -16 29 -3
1535509960.4388473 706 626 640 710 694 685 4580 3284 5748 296 553 30 -17 29 -3
1535509960.4719715 706 626 640 710 694 686 4558 3404 5826 376 284 -30 -16 30 -4
1535509960.505569 706 626 640 710 694 685 4640 3256 5772 139 251 46 -16 28 -3
1535509960.5380034 706 626 640 710 694 685 4496 3418 5736 349 332 -148 -14 32 -3
1535509960.5720832 706 626 640 710 694 686 4604 3306 5800 273 -43 35 -16 31 -3
1535509960.6083393 706 626 640 710 694 686 4544 3362 5868 296 279 -99 -16 31 -2
1535509960.6434724 706 626 640 710 694 686 4512 3414 5840 131 217 143 -16 31 -3
1535509960.678468 706 626 640 710 694 685 4666 3278 5762 261 60 -54 -18 31 -3
1535509960.727376 706 626 640 710 694 685 4544 3434 5696 232 201 -217 -15 30 -2
1535509960.9497566 706 626 640 710 694 685 4522 3388 5770 206 310 213 -17 32 -4
1535509960.9841478 706 626 640 710 694 685 4474 3386 5828 470 307 17 -16 30 -5
1535509961.0249507 706 626 640 710 694 685 4596 3340 5744 153 64 236 -15 30 -3
1535509961.0673752 706 626 640 710 694 685 4570 3340 5770 309 185 -91 -17 29 -6
1535509961.1098945 706 626 640 710 694 686 4534 3386 5712 174 115 65 -15 30 -3
1535509961.150967 706 626 640 710 694 686 4530 3314 5818 196 124 -146 -18 29 -6
1535509961.19244 706 626 640 710 694 685 4544 3406 5796 145 49 118 -19 29 -4
1535509961.2370949 707 626 640 710 694 685 4540 3328 5854 296 250 107 -16 32 -2
1535509961.3025806 706 626 640 710 694 686 4622 3338 5786 315 170 81 -16 30 -4
1535509961.3689709 706 626 640 710 694 685 4582 3300 5720 286 423 -134 -16 31 -4
1535509961.5123231 706 626 640 709 694 685 4412 3480 5782 269 229 -185 -17 29 -5
1535509961.5507064 707 626 640 710 695 686 4534 3422 5742 161 154 118 -14 31 -3
1535509961.5900238 707 626 640 710 694 685 4504 3360 5896 267 286 -16 -17 29 -4
1535509961.6326952 706 626 640 710 694 685 4494 3372 5758 34 139 293 -17 30 -3
1535509961.6995375 706 626 640 710 694 685 4634 3358 5734 141 -76 -152 -15 32 -2
1535509961.7661505 706 626 640 710 694 686 4518 3410 5686 35 -125 -97 -17 30 -5
1535509961.83211 706 626 640 710 694 685 4506 3280 5910 47 -353 -70 -18 30 -6
1535509961.8978932 706 626 640 710 694 685 4638 3406 5668 220 -143 13 -16 30 -3
1535509961.9648376 707 626 640 710 694 686 4616 3256 5880 124 -172 -97 -17 30 -3
1535509962.0301244 706 626 640 710 694 685 4494 3498 5766 266 344 17 -14 28 -2
1535509962.2496836 707 626 640 709 694 686 4562 3352 5848 29 216 208 -17 30 -4
1535509962.2813408 706 626 640 710 694 686 4670 3320 5816 291 -344 -154 -14 30 -5
1535509962.3106804 706 626 640 710 694 685 4836 3170 5850 22 -10 95 -14 30 -6
1535509962.3402772 706 626 640 710 694 685 4436 3376 5780 44 154 -207 -16 29 -4
1535509962.3697085 707 626 640 710 694 685 4482 3486 5716 201 -52 221 -16 30 -4
1535509962.4253979 706 626 640 710 694 686 4706 3222 5712 218 116 158 -19 29 -2
1535509962.4932067 706 626 640 710 694 686 4636 3258 5832 299 364 -176 -17 32 -3
1535509962.557441 706 626 640 710 694 686 4478 3422 5790 285 522 24 -16 30 -5
1535509962.6228359 706 626 640 710 694 685 4574 3288 5912 464 681 51 -17 31 -3
1535509962.688033 706 626 640 710 694 685 4558 3274 5764 257 296 52 -14 30 -3
1535509962.8195467 706 626 640 710 694 685 4500 3392 5886 487 379 -228 -16 32 -3
1535509962.876117 706 626 640 710 694 685 4474 3376 5868 153 97 -43 -16 31 -2
1535509962.9037285 706 626 640 709 694 686 4504 3348 5806 204 21 36 -15 30 -2
1535509962.9494212 705 626 640 710 694 685 4480 3350 5834 243 214 -26 -18 31 -4
1535509963.0135794 706 626 640 710 694 685 4504 3436 5866 164 -72 12 -17 32 -3
1535509963.0785553 706 626 640 710 694 685 4540 3334 5854 281 289 24 -15 29 -1
1535509963.144302 705 626 640 710 694 685 4516 3384 5866 180 -73 -2 -17 32 -6
1535509963.2080336 706 626 640 710 694 686 4498 3440 5774 204 22 44 -17 32 -5
1535509963.2765698 706 626 640 710 694 685 4532 3326 5800 172 -135 -183 -15 29 -2
1535509963.3419333 706 626 640 710 694 685 4566 3346 5816 46 295 -149 -18 32 -3
1535509963.5447865 706 626 640 710 694 685 4484 3328 5890 221 527 -28 -15 29 -5
1535509963.572934 706 626 640 710 694 685 4426 3448 5826 244 355 -7 -16 30 -5
1535509963.6026528 706 626 641 710 694 685 4504 3426 5842 175 245 -93 -17 30 -4
1535509963.6370099 706 626 640 710 694 685 4430 3386 5886 185 245 98 -14 31 -3
1535509963.6780105 706 626 640 710 694 686 4450 3396 5802 175 -106 -19 -17 31 -5
1535509963.7374735 706 626 640 710 694 685 4414 3342 6042 300 80 -127 -16 30 -2
1535509963.8030689 706 626 640 710 694 685 4432 3400 5970 279 105 117 -16 31 -2
1535509963.86832 706 626 640 710 694 685 4490 3396 5786 171 84 133 -18 32 -4
1535509963.930702 706 626 640 710 694 685 4486 3344 5846 234 34 0 -15 32 -2
1535509963.9972057 706 626 640 710 694 685 4434 3436 5788 222 199 116 -15 30 -4
1535509964.2114327 705 626 640 710 694 685 4434 3376 5804 218 71 -29 -16 29 -4
1535509964.24839 706 626 640 710 694 685 4460 3368 5844 154 54 -2 -16 30 -3
1535509964.288495 706 626 640 710 694 686 4402 3470 5830 294 64 -19 -18 31 -4
1535509964.3302789 706 626 640 710 694 685 4504 3326 5970 178 57 -32 -16 31 -3
1535509964.3716037 706 626 640 710 694 685 4454 3436 5768 224 298 74 -15 30 -4
1535509964.4099612 706 626 640 710 694 686 4472 3344 5872 229 -27 -62 -14 31 -3
1535509964.4519098 707 626 640 710 694 686 4430 3390 5862 189 153 54 -14 31 -3
1535509964.51431 706 626 640 709 694 686 4468 3380 5890 97 -7 78 -14 30 -3
1535509964.5792518 706 626 640 710 694 685 4498 3394 5862 264 271 79 -16 33 -1
1535509964.6454887 706 626 640 710 694 685 4448 3380 5906 145 -57 -28 -17 29 -4
1535509964.742781 706 626 640 710 694 685 4458 3370 5884 235 139 90 -15 29 -4
1535509964.7822597 706 626 640 710 694 685 4446 3452 5802 194 326 204 -16 32 -3
1535509964.8422704 706 626 640 710 694 686 4470 3236 5834 197 405 -49 -17 30 -3
1535509964.9072385 706 626 640 710 694 686 4502 3528 5860 80 23 -758 -16 32 -6
1535509964.9731798 706 626 640 710 694 686 4580 3304 5950 257 404 -88 -16 32 -6
1535509965.039333 706 626 640 710 694 685 4256 3512 5850 359 527 -273 -16 30 -3
1535509965.1051836 706 626 640 709 694 686 4428 3416 5918 30 -15 168 -17 30 -2
1535509965.1711857 706 626 640 710 694 685 4390 3290 5982 275 389 -58 -18 32 -5
1535509965.2382028 706 626 640 710 694 685 4378 3480 5814 268 134 -106 -16 31 -4
1535509965.304303 706 626 640 710 694 686 4414 3310 6000 63 -194 -61 -16 32 -2
1535509965.5869966 706 626 640 710 694 685 4408 3404 5846 196 195 -163 -16 30 -3
1535509965.619547 706 626 640 709 694 685 4380 3432 5876 304 49 -150 -15 32 -3
1535509965.6521413 706 626 640 710 694 685 4432 3326 5912 169 234 -8 -16 31 -4
1535509965.6841059 706 626 640 710 694 685 4360 3430 5894 237 374 7 -14 31 -3
1535509965.717156 706 626 640 709 694 685 4284 3506 5922 331 312 -85 -17 32 -3
1535509965.7504883 705 626 640 709 694 686 4414 3396 5932 192 63 51 -15 33 -3
1535509965.7832127 706 625 640 710 694 686 4440 3330 5968 210 103 77 -17 30 -4
1535509965.8271139 705 626 640 709 694 686 4306 3478 5972 380 305 -69 -19 30 -4
1535509965.8932974 705 626 640 710 694 686 4346 3414 5912 347 336 107 -19 31 -3
1535509965.9599528 706 626 640 709 694 684 4438 3454 5872 243 -20 -114 -17 30 -6
1535509966.110071 706 626 640 710 694 686 4390 3390 5944 364 100 88 -16 33 -3
1535509966.1740818 706 626 640 710 694 686 4394 3332 5972 420 481 14 -15 33 -4
1535509966.2040813 706 626 640 710 694 685 4340 3478 5892 177 67 10 -15 31 -3
1535509966.2475634 706 626 640 710 694 686 4328 3432 5956 332 400 34 -15 33 -6
1535509966.292334 706 626 640 709 694 686 4380 3432 5872 221 127 -15 -15 32 -4
1535509966.3502145 706 626 640 709 694 686 4298 3404 5940 416 452 -18 -16 31 -4
1535509966.4143434 706 626 640 710 694 685 4284 3392 5948 571 593 -3 -17 33 -5
1535509966.4839346 706 626 640 710 694 685 4304 3408 5912 1156 1907 136 -17 35 -5
1535509966.5467968 706 626 640 709 694 685 4164 3582 6022 708 838 -25 -17 33 -3
1535509966.6153173 706 626 640 709 694 685 4154 3640 5912 667 938 255 -18 33 -4
1535509966.785766 706 626 640 710 693 685 4138 3578 5996 48 -106 -89 -17 32 -4
1535509966.8190546 706 626 640 709 694 686 4118 3502 6050 27 -504 -104 -18 32 -4
1535509966.8541586 706 626 640 709 694 685 4220 3578 6078 20 -267 -70 -18 35 -5
1535509966.8934288 706 626 640 710 694 686 4206 3584 5958 47 -81 -18 -16 32 -6
1535509966.943172 706 626 640 709 694 685 4178 3494 6064 76 -40 32 -17 35 -4
1535509967.0081134 706 626 640 709 694 685 4248 3508 5898 132 8 118 -18 35 -5
1535509967.0732255 706 626 640 710 694 685 4206 3478 5990 190 -46 30 -16 33 -3
1535509967.1371205 706 626 640 710 694 685 4254 3442 5988 242 245 44 -15 33 -4
1535509967.2026532 706 626 640 710 694 685 4244 3496 5988 201 46 -33 -18 33 -6
1535509967.2694228 706 626 640 709 694 685 4282 3440 6094 527 480 -29 -17 32 -4
1535509967.495943 707 626 640 710 694 686 4036 3610 5898 288 -25 -87 -18 33 -2
1535509967.5290005 706 626 640 710 694 686 4256 3432 6050 295 189 77 -17 33 -5
1535509967.5629983 706 626 640 709 693 686 4206 3538 5872 265 456 -14 -17 35 -5
1535509967.5990932 706 626 640 709 694 685 4106 3520 5906 328 -13 -139 -17 33 -4
1535509967.637135 706 626 640 709 694 686 4226 3482 5976 141 145 24 -17 33 -3
1535509967.6771786 707 626 640 709 694 685 4190 3460 6030 336 131 -58 -18 32 -4
1535509967.7261238 706 626 640 709 694 685 4178 3562 6026 364 383 19 -19 34 -8
1535509967.7951884 705 626 640 709 694 685 4182 3548 6060 643 924 138 -18 33 -4
1535509967.8613954 706 626 640 709 694 685 4086 3652 5932 244 509 99 -17 32 -5
1535509967.9257603 706 626 640 709 694 686 4086 3550 6016 67 -294 110 -17 32 -2
1535509968.0659614 706 626 640 710 694 685 4162 3536 5916 366 365 102 -17 34 -2
1535509968.09926 706 626 640 709 694 685 4124 3544 5944 111 -202 -158 -17 35 -3
1535509968.1303437 706 626 640 709 694 685 4198 3538 6106 83 -179 46 -16 31 -4
1535509968.1895542 706 626 640 709 694 686 4156 3568 5948 352 147 44 -17 34 -6
1535509968.2559128 706 626 640 710 694 685 4382 3452 6186 1011 500 196 -16 34 -7
1535509968.3250325 706 626 640 710 694 685 4308 3738 5906 -1875 -1201 222 -19 34 -3
1535509968.394913 706 626 640 709 693 685 3826 3694 5684 380 3979 1960 -17 33 -6
1535509968.4622736 706 626 640 710 693 685 3668 3324 6144 2373 4064 682 -17 34 -9
1535509968.532361 706 626 641 709 694 686 3470 4004 5820 3613 981 -1020 -20 37 -6
1535509968.6032927 706 626 641 709 693 685 3990 3780 6126 1491 2552 -1333 -17 39 -9
1535509968.7609138 706 626 642 709 693 686 2024 4642 6770 789 3138 -1035 -19 40 -9
1535509968.7988539 706 626 643 709 693 686 2954 4846 6752 3252 -1399 -2258 -20 40 -8
1535509968.8340354 706 626 643 710 693 686 3118 4272 6044 -5411 -7148 -304 -21 39 -9
1535509968.8790677 706 626 643 710 694 685 3462 3942 4136 5 -2719 44 -19 38 -8
1535509968.9470751 706 626 643 710 694 685 3602 4040 5966 -1825 82 1887 -21 38 -6
1535509969.0142446 706 626 643 709 693 686 3634 3936 6240 290 -152 247 -18 39 -6
1535509969.080173 707 626 643 710 694 685 3572 4092 5926 93 230 -241 -19 37 -6
1535509969.1460347 706 626 643 709 694 685 3594 4034 6028 -92 -501 118 -21 38 -4
1535509969.2119944 706 626 643 710 693 686 3622 3980 6078 160 120 51 -18 36 -6
1535509969.2783709 706 626 643 710 694 685 3714 4018 6124 118 213 -116 -19 39 -5
1535509969.5759764 706 626 643 710 693 686 3594 4076 6018 267 96 -237 -17 39 -5
1535509969.6150098 706 626 643 710 693 685 3586 4050 6004 264 -188 -156 -18 36 -5
1535509969.6539161 706 626 643 710 694 685 3688 4038 5972 176 215 -49 -20 38 -5
1535509969.6919978 706 626 642 709 694 685 3582 4010 6006 159 -139 -25 -19 35 -5
1535509969.7299206 706 626 643 710 694 686 3684 3978 6100 193 334 271 -19 38 -7
1535509969.769034 706 626 642 710 694 686 3608 4068 5942 330 220 -54 -21 38 -8
1535509969.807669 706 626 642 710 694 685 3684 4008 6102 232 29 75 -19 37 -5
1535509969.846991 706 626 643 709 693 685 3668 4026 5966 329 267 12 -19 38 -4
1535509969.8880305 706 626 643 710 694 685 3654 3978 6002 234 126 -99 -20 40 -7
1535509969.9478827 706 626 642 710 694 685 3628 4056 6046 331 174 51 -19 38 -4
1535509970.2319663 706 626 643 710 694 685 3660 4022 5990 188 231 -107 -20 38 -4
1535509970.270829 706 626 643 710 693 686 3632 4020 6062 233 -28 -125 -19 37 -6
1535509970.3070018 706 626 642 710 694 685 3684 3968 6086 199 302 181 -20 36 -6
1535509970.3410757 706 626 642 710 694 686 3666 4012 5948 268 185 -67 -18 37 -3
1535509970.3799093 706 626 642 709 693 685 3596 3996 5938 282 -229 159 -20 38 -6
1535509970.4242117 706 626 642 710 693 685 3722 4044 6244 1402 491 -1046 -20 37 -7
1535509970.461892 706 626 642 710 694 685 2980 4170 5302 1569 941 -734 -19 38 -5
1535509970.5009534 706 626 642 709 694 686 3238 4714 4608 1189 -498 808 -21 37 -7
1535509970.5469983 706 626 641 709 694 686 3146 4444 6364 4773 5407 -2743 -21 41 -9
1535509970.6179044 706 626 642 709 693 685 2366 5654 6136 4127 -2249 -186 -25 41 -11
1535509970.8897512 706 626 642 709 693 685 2968 5008 5324 -1735 67 3880 -23 39 -12
1535509970.9257088 706 625 642 709 694 685 3634 5550 6902 -1702 2154 430 -22 41 -12
1535509970.9659545 706 626 642 709 693 685 3520 4540 5168 802 -5684 -2306 -24 36 -11
1535509971.0089674 706 626 642 710 693 684 3496 4804 6176 -7313 -1312 2199 -21 38 -7
1535509971.0519347 705 626 643 710 694 685 3926 4110 6028 -1769 -1537 -1681 -18 36 -6
1535509971.0949328 706 626 643 710 694 685 3662 4668 6258 -2044 739 466 -20 39 -6
1535509971.1359117 706 626 642 710 693 684 3702 4742 6350 1186 -528 641 -18 37 -5
1535509971.1788595 706 626 642 710 693 685 3122 4456 5968 -2273 -1123 -3316 -19 38 -6
1535509971.250915 706 626 642 709 694 685 3968 4030 4754 -4181 3670 -1259 -17 36 -3
1535509971.3249316 706 626 642 710 694 685 2744 3688 6100 5372 4749 -2033 -18 40 -5
1535509971.5640492 706 626 642 709 693 685 3502 5096 6956 -3636 3908 1855 -18 41 -6
1535509971.6028214 706 626 641 709 693 685 3244 4368 6396 -869 -1336 -302 -14 41 -6
1535509971.645974 706 626 642 709 694 685 3236 4324 6288 -1867 -485 1943 -16 40 -3
1535509971.6859694 706 626 642 709 693 685 3342 3762 6576 -327 1830 976 -18 37 -5
1535509971.7258143 705 626 642 709 694 685 2766 3764 6586 -790 24 -258 -17 39 -6
1535509971.7647355 706 626 642 709 694 686 2774 2904 6262 -746 2014 258 -16 38 -5
1535509971.805831 705 626 642 709 693 685 2982 4194 7202 -965 2351 -60 -16 42 -6
1535509971.8760114 705 626 642 709 694 685 2646 3804 6682 -1451 -2180 -2078 -15 41 -4
1535509971.9440286 705 626 642 709 693 685 2898 3896 6834 1210 2095 861 -14 41 -4
1535509972.0138447 706 626 641 710 693 685 2798 3778 6586 315 -464 -536 -16 41 -3
1535509972.2507823 705 626 642 710 693 685 2774 3958 6608 469 826 -342 -13 38 -5
1535509972.2911928 705 626 642 709 694 685 2706 3776 6694 29 655 -159 -14 40 -4
1535509972.33073 706 626 642 709 694 686 2750 3738 6672 314 223 -516 -15 40 -3
1535509972.366785 706 626 642 710 693 685 2564 3904 6570 524 399 66 -16 44 -4
1535509972.4073646 705 626 642 709 694 684 2682 3864 6532 -33 -310 -8 -14 42 -4
1535509972.448818 705 626 642 709 694 685 2788 3406 6722 2225 1724 -181 -14 45 -2
1535509972.4837863 705 626 641 709 693 685 2698 3950 6252 825 2800 404 -14 42 -5
1535509972.5477557 706 626 641 709 693 685 3148 4138 7866 1516 55 -1653 -14 42 -4
1535509972.6157825 706 626 641 709 693 685 2732 4310 7044 611 1115 -850 -14 43 -5
1535509972.6857927 705 625 640 709 693 685 3546 3600 7354 1895 -380 -2902 -16 42 -8
1535509972.94038 706 625 641 709 693 685 2312 4144 6660 1060 -371 -322 -13 42 -6
1535509972.9796429 706 626 641 709 693 685 3076 3324 7576 -2543 -1074 2261 -15 42 -6
1535509973.01976 706 626 643 709 693 685 1686 3904 4300 2186 2940 -574 -13 42 -7
1535509973.0609362 706 626 642 709 693 685 2208 3532 7390 -636 -752 507 -11 44 -6
1535509973.1017702 706 626 642 709 693 684 2756 3570 6732 -211 -475 -382 -14 41 -7
1535509973.1407979 705 626 642 709 693 685 2552 3816 6838 -87 -458 -290 -9 40 -5
1535509973.1798086 705 625 642 709 694 684 2404 3626 6754 -8 598 482 -15 41 -6
1535509973.231734 706 626 643 710 694 685 2504 3600 6764 338 -480 -171 -12 42 -6
1535509973.2986996 705 626 642 709 693 685 2726 3680 6742 228 615 195 -11 41 -6
1535509973.3657079 706 625 642 709 693 685 2550 3536 6936 268 -25 -135 -13 42 -4
1535509973.606655 706 626 642 710 693 686 2522 3684 6682 274 309 -7 -11 43 -7
1535509973.6426325 706 626 642 709 693 685 2536 3636 6778 163 151 116 -11 41 -8
1535509973.6817682 705 626 642 710 693 685 2572 3678 6732 261 188 -105 -13 44 -6
1535509973.7197087 705 626 642 709 693 685 2512 3574 6846 127 73 -168 -14 42 -6
1535509973.7587442 706 626 642 709 693 685 2510 3682 6912 262 -289 -213 -12 40 -5
1535509973.7987528 705 626 642 709 693 685 2568 3696 6714 121 437 122 -13 41 -3
1535509973.8396447 706 626 642 709 693 685 2506 3724 6774 503 42 -166 -12 41 -5
1535509973.8957727 705 626 642 709 693 685 2582 3680 6828 -57 74 107 -11 42 -5
1535509973.960713 706 626 642 709 693 685 2544 3626 6710 258 270 -34 -14 42 -4
1535509974.0332649 706 625 642 709 694 685 2528 3676 6754 229 -80 -126 -12 43 -4
1535509974.2686684 706 625 642 709 693 686 2524 3750 6774 218 612 -119 -11 42 -5
1535509974.3116143 706 626 642 709 693 686 2556 3586 6798 294 -149 -113 -13 43 -3
1535509974.348613 706 626 642 709 693 685 2436 3626 6974 -73 296 661 -12 44 -4
1535509974.38877 706 626 642 709 694 685 2758 3528 6786 311 2114 -380 -12 42 -5
1535509974.428709 706 626 642 709 693 685 2266 3794 7144 -654 1610 153 -12 45 -5
1535509974.4696703 706 626 642 709 693 685 2856 3684 7384 -651 1886 -73 -12 44 -6
1535509974.5116768 705 625 642 709 693 685 2530 3894 6854 1256 -2218 -1951 -13 43 -8
1535509974.5746326 706 626 642 709 693 686 2286 3726 7260 4595 2101 -3408 -12 44 -4
1535509974.6437588 705 625 642 709 693 685 1404 4170 7240 1072 200 -1207 -12 46 -7
1535509974.7156632 705 625 642 709 693 686 2150 4464 7176 -5385 -4688 4063 -12 44 -9
1535509974.997612 706 626 642 709 693 685 1284 1716 5934 3984 -4496 -1298 -13 41 -5
1535509975.0366213 705 626 642 709 693 685 1964 4098 6868 -3873 -666 2759 -12 42 -5
1535509975.0800016 705 625 641 709 693 685 2802 3030 6800 -351 -1517 -255 -12 40 -6
1535509975.1195767 706 625 642 709 693 685 2932 3558 6782 234 -153 -718 -12 41 -6
1535509975.1576529 705 626 641 709 693 686 2610 3580 6734 104 59 118 -12 43 -5
1535509975.1936207 705 626 641 709 693 686 2640 3366 6938 113 -138 200 -15 40 -3
1535509975.2295809 705 626 641 709 693 685 2860 3368 6796 46 173 125 -11 42 -3
1535509975.266634 705 626 642 709 693 685 2688 3446 6740 314 372 -201 -12 42 -4
1535509975.3256001 705 625 641 709 693 685 2674 3472 6966 275 344 -119 -12 40 -3
1535509975.391228 705 626 641 709 693 685 2702 3522 6802 245 230 48 -11 42 -5
1535509975.5845273 705 626 641 709 693 686 2686 3456 6790 300 490 36 -10 40 -6
1535509975.6169758 705 626 641 709 693 685 2648 3490 6920 246 225 -91 -13 40 -6
1535509975.6505516 705 625 641 709 693 685 2604 3372 6926 -1 -237 76 -13 40 -4
1535509975.690594 706 626 641 709 693 685 2726 3488 6818 183 156 47 -9 41 -3
1535509975.7365434 706 626 641 709 693 686 2684 3364 6826 226 228 -116 -9 41 -3
1535509975.7814689 706 625 641 709 693 685 2664 3520 6946 187 258 103 -11 41 -3
1535509975.848703 706 626 641 710 693 686 2672 3404 6828 271 267 -26 -11 39 -3
1535509975.9117622 706 625 641 709 694 685 2664 3432 6900 168 38 74 -12 42 -4
1535509975.9776351 706 626 641 709 693 685 2670 3444 6834 233 16 -55 -13 44 -6
1535509976.0481722 706 626 642 709 693 685 2688 3430 6832 165 -53 -158 -12 42 -3
1535509976.1904936 705 626 641 709 693 685 2624 3422 6908 161 50 -42 -12 40 -3
1535509976.231513 705 626 641 709 693 685 2682 3408 6832 179 -83 18 -9 41 -6
1535509976.2714968 706 625 641 709 693 685 2646 3486 6858 309 353 76 -13 42 -4
1535509976.312499 705 626 641 709 693 686 2692 3510 6886 361 15 -55 -11 39 -4
1535509976.3728187 705 625 641 709 693 685 2462 3574 6886 -1256 -278 954 -11 42 -5
1535509976.4425626 705 626 641 709 693 685 3082 3176 6780 1763 1843 -1719 -10 40 -5
1535509976.5125625 706 625 641 709 693 685 2378 3448 6498 1525 3507 -187 -11 44 -5
1535509976.5815756 705 626 641 709 693 686 2620 3340 6376 1655 2775 -341 -12 43 -5
1535509976.6486847 705 625 640 709 693 686 2210 3836 6406 131 2829 -560 -14 45 -8
1535509976.7174919 706 625 641 709 692 686 1776 4104 6588 342 -390 -1415 -11 45 -8
1535509976.845402 706 625 642 709 693 685 2844 2870 7322 2963 960 -566 -10 45 -5
1535509976.888014 705 625 641 709 693 686 898 3796 7248 9 -3697 -260 -13 42 -4
1535509976.9345896 706 625 641 709 693 685 2928 3772 7252 -142 -2252 2459 -11 44 -5
1535509976.99147 706 625 641 709 693 685 3436 2700 6506 1444 -576 -2257 -13 43 -5
1535509977.0624433 706 625 641 710 693 685 1394 4306 6818 -3560 115 1470 -13 43 -3
1535509977.1334648 706 625 641 709 693 685 2728 3162 7016 -1682 -2519 1356 -10 41 -5
1535509977.198555 705 625 641 710 693 685 3484 3010 6792 56 124 -133 -11 38 -3
1535509977.2657075 705 625 641 710 693 685 2804 3368 6832 507 967 -568 -8 40 -3
1535509977.3315852 705 625 641 709 693 686 2446 3384 6924 166 682 -165 -7 41 -4
1535509977.3976219 706 625 641 709 693 685 2776 3258 6828 258 -79 221 -12 39 -2
1535509977.5344026 706 625 641 709 693 685 2846 3204 6876 226 318 -107 -9 44 -3
1535509977.575422 706 625 641 709 693 685 2700 3334 6858 389 330 -314 -9 41 -3
1535509977.6184914 706 625 641 709 693 686 2652 3226 6976 338 116 -155 -11 43 -3
1535509977.6633973 706 625 640 710 693 686 2704 3402 6794 397 315 -17 -9 42 -5
1535509977.7284365 706 625 641 709 693 685 2734 3304 6922 593 357 -264 -10 42 -4
1535509977.7953382 706 625 641 709 693 685 2662 3342 6836 243 186 -148 -11 43 -4
1535509977.8614383 706 626 641 710 693 685 2696 3380 6844 336 100 -33 -11 41 -4
1535509977.9274132 706 625 641 709 693 685 2686 3346 6810 190 180 -176 -8 43 -4
1535509977.9932787 705 625 641 709 693 686 2598 3354 7002 333 34 -148 -12 42 -3
1535509978.0584562 705 625 641 710 693 685 2712 3402 6884 369 117 -78 -8 43 -3
1535509978.1943443 706 625 641 709 693 685 2642 3360 6914 297 247 -305 -9 42 -5
1535509978.2283382 706 625 641 709 693 686 2574 3428 6876 354 34 -188 -12 40 -4
1535509978.261318 705 625 641 710 693 685 2654 3316 6936 245 165 59 -11 42 -2
1535509978.3215926 705 625 641 709 693 686 2666 3398 6868 444 207 -162 -11 43 -3
1535509978.3889234 705 625 641 709 693 685 2692 3418 6924 262 115 -240 -11 42 -5
1535509978.4564652 706 625 641 710 693 685 2222 3630 6158 -567 -921 266 -10 43 -2
1535509978.527543 706 625 640 710 693 685 2920 3654 7318 1700 1840 -1751 -11 44 -2
1535509978.5933573 706 625 641 710 693 685 2102 4694 6426 61 -1854 807 -8 42 -2
1535509978.6593447 706 625 640 709 693 685 2450 4116 6380 352 -588 124 -11 43 -6
1535509978.7307322 706 625 641 709 692 686 2120 4528 7052 937 5255 -1193 -13 44 -6
1535509978.9322548 706 625 641 709 693 685 1560 4160 6548 796 -5287 -916 -12 44 -7
1535509978.9684057 705 625 641 709 693 685 2750 4624 7474 -2544 -1618 3308 -11 43 -8
1535509979.007504 706 625 642 709 693 685 2654 3514 5436 -234 -2732 293 -11 42 -3
1535509979.0502577 706 626 643 710 693 686 2952 4150 6406 -5198 283 4693 -12 42 -5
1535509979.0905683 705 625 643 710 693 686 3238 2928 6976 10 910 579 -11 41 -5
1535509979.1404612 706 625 644 709 693 686 2950 3472 6734 -120 637 -699 -11 39 -3
1535509979.2082858 706 625 643 710 693 686 2592 3616 6658 140 772 -312 -9 41 -4
1535509979.2734642 706 625 643 709 693 685 2854 3472 6674 269 299 219 -11 41 -5
1535509979.3374496 706 625 643 709 693 685 2840 3294 6844 133 568 -7 -9 43 -4
1535509979.4032605 705 626 643 709 693 685 2662 3494 6824 317 13 -405 -11 42 -5
1535509979.5842264 706 625 643 709 693 685 2894 3596 6688 108 11 28 -10 40 -4
1535509979.6181684 706 625 643 710 693 685 2764 3354 6910 287 -128 -266 -11 39 -3
1535509979.655403 705 625 643 709 693 685 2782 3456 6848 266 -63 101 -12 37 -2
1535509979.7002518 706 625 643 709 693 685 2732 3406 6792 225 192 34 -11 43 -1
1535509979.7464256 706 625 644 709 693 685 2806 3386 6684 190 46 -112 -9 40 -2
1535509979.797409 706 625 643 709 693 685 2822 3410 6826 149 71 -225 -11 40 -3
1535509979.8626106 705 625 643 709 693 685 2770 3472 6692 137 -60 -25 -9 41 -1
1535509979.9263308 706 625 643 709 693 685 2802 3406 6834 75 -52 5 -10 40 -2
1535509979.989276 705 625 643 709 693 685 2840 3422 6768 270 113 15 -9 42 -4
1535509980.0558023 705 625 643 709 693 686 2690 3508 6858 225 210 -74 -12 42 -1
1535509980.2371175 705 625 643 709 693 685 2802 3404 6812 252 227 83 -8 42 -6
1535509980.2754805 705 625 643 709 693 685 2806 3448 6802 126 12 -72 -12 40 -2
1535509980.3152268 705 625 643 709 693 685 2768 3436 6850 400 164 -249 -10 42 -3
1535509980.3542852 705 625 643 710 693 685 2758 3476 6800 161 111 80 -10 42 -5
1535509980.400374 705 625 643 709 693 685 2852 3446 6840 410 384 -38 -10 38 -4
1535509980.4483497 705 626 643 709 693 685 2720 3546 6784 136 122 -21 -10 40 -3
1535509980.5124133 706 625 643 710 693 686 2834 3448 6852 171 -147 13 -10 41 -4
1535509980.5835135 706 625 643 709 693 685 2438 3430 6348 -1028 -859 586 -10 39 -2
1535509980.651228 706 625 643 709 693 686 2970 3554 7422 888 1676 -804 -12 42 -4
1535509980.7202735 705 625 642 709 693 685 1948 4040 6778 2083 -1150 160 -10 39 -5
1535509980.9580727 705 625 642 709 692 686 3636 3718 7148 -1215 1704 1174 -12 43 -6
1535509980.9921215 705 625 642 709 692 685 2166 4676 5856 1192 10 -638 -11 41 -5
1535509981.0363164 705 625 642 709 693 686 2694 3310 7112 1075 -1958 -882 -11 41 -5
1535509981.0801978 705 625 642 709 693 685 3024 3728 6850 309 1007 724 -11 42 -7
1535509981.1202595 705 625 641 709 693 686 3802 3214 6484 532 3772 -1945 -13 41 -5
1535509981.161199 705 625 641 709 693 685 1962 4506 6698 -5767 -1199 1869 -13 41 -3
1535509981.202211 706 625 641 709 693 685 2882 3160 6782 -104 279 498 -13 40 -4
1535509981.2726512 706 625 641 709 693 686 2932 3462 6818 -391 -197 -1055 -12 43 -4
1535509981.338318 705 625 641 709 693 685 2496 3618 6660 57 563 -370 -12 42 -3
1535509981.4015884 706 626 641 709 693 685 2582 3560 6872 -117 74 1 -11 42 -2
1535509981.6342103 705 625 641 709 693 685 2704 3548 6932 157 459 90 -13 43 -2
1535509981.6731334 705 625 641 709 693 686 2722 3550 6774 64 208 121 -10 41 -4
1535509981.7111423 706 625 642 709 693 685 2648 3434 6862 260 177 -6 -11 43 -2
1535509981.747902 705 625 641 709 693 685 2660 3488 6854 233 331 7 -13 43 -4
1535509981.785305 705 625 641 709 693 685 2664 3532 6758 359 243 -102 -9 42 -3
1535509981.82421 705 625 641 709 693 685 2614 3504 6844 191 -6 7 -11 40 -6
1535509981.8601532 705 625 641 709 693 685 2692 3516 6746 201 300 68 -10 43 -4
1535509981.9211073 706 625 642 709 693 685 2632 3536 6832 236 164 -74 -13 41 -2
1535509981.9863036 706 625 641 709 693 685 2632 3506 6820 216 28 -40 -11 41 -5
1535509982.0529683 705 625 642 709 693 685 2682 3530 6784 185 106 -56 -12 42 -4
1535509982.3262486 705 625 641 709 693 686 2648 3486 6816 277 -26 -104 -11 43 -5
1535509982.3651328 705 625 641 710 693 685 2606 3504 6778 148 163 50 -12 42 -3
1535509982.4061706 705 625 642 709 693 685 2676 3454 6846 201 112 -27 -9 42 -4
1535509982.4456444 705 625 641 709 692 685 2658 3552 6924 176 -23 39 -9 41 -3
1535509982.4851427 705 625 641 709 693 685 2650 3490 6882 180 204 -10 -10 42 -4
1535509982.5201857 705 625 641 709 692 686 2656 3468 6870 92 23 3 -12 42 -5
1535509982.5590487 705 625 641 709 693 685 2620 3522 6776 221 115 60 -10 43 -4
1535509982.5970354 706 625 642 709 693 685 2666 3466 6742 320 92 -98 -10 41 -3
1535509982.6368716 705 625 641 709 693 685 2584 3546 6800 133 -70 121 -14 42 -1
1535509982.6991515 705 625 641 709 693 685 2736 3472 6832 272 -5 -31 -9 43 -2
1535509982.945027 705 625 641 709 693 685 2986 3260 6894 999 3127 646 -11 41 -3
1535509982.9840891 705 625 641 709 693 686 2648 3278 7338 551 1060 -1848 -11 44 -6
1535509983.0241163 705 625 641 709 693 685 2154 2886 6686 2759 1475 -1501 -10 44 -5
1535509983.0680673 705 625 642 709 693 685 2214 3156 7936 7802 3237 -1200 -12 42 -6
1535509983.1071014 705 625 642 709 693 686 1804 4390 6470 4271 255 -3961 -13 45 -5
1535509983.1460915 705 625 642 709 692 685 3436 4054 7422 -2035 4176 4605 -14 45 -4
1535509983.1881382 705 625 641 709 692 685 1404 4192 7312 -4139 -3938 2647 -12 46 -6
1535509983.2580535 705 625 641 709 693 685 3882 3714 6252 4399 -629 -2020 -13 41 -4
1535509983.3280933 705 625 641 709 693 685 2396 4144 7296 -6039 -466 2578 -13 41 -3
1535509983.3953354 705 625 641 709 693 685 2768 3354 6830 891 283 -838 -11 44 -4
1535509983.6331015 705 625 641 709 693 685 2798 3660 6638 -611 -82 -428 -9 44 -4
1535509983.6699321 705 625 641 709 693 685 2548 3726 6704 -132 236 148 -12 41 -4
1535509983.7049656 705 625 641 709 693 685 2672 3534 6794 56 487 536 -10 43 -3
1535509983.7406745 705 625 641 709 693 685 2766 3518 6754 37 1 -98 -13 44 -4
1535509983.779009 705 625 641 709 692 685 2628 3752 6788 -22 -11 214 -12 42 -4
1535509983.816028 705 625 641 709 692 685 2784 3550 6670 283 484 42 -11 40 -5
1535509983.856 705 625 641 709 693 685 2596 3540 6814 181 126 -59 -10 41 -4
1535509983.920053 705 625 641 709 693 686 2696 3614 6798 262 164 -32 -12 42 -4
1535509983.9839969 705 625 641 709 693 685 2736 3574 6690 157 120 19 -9 40 -5
1535509984.051185 705 625 641 709 692 685 2664 3592 6758 307 314 -111 -11 44 -4
1535509984.2699318 705 625 641 709 693 685 2696 3588 6894 174 329 66 -11 41 -2
1535509984.3059773 705 625 641 709 693 685 2652 3636 6804 157 98 35 -11 44 -6
1535509984.34395 705 625 641 709 692 685 2640 3624 6824 158 -19 49 -9 41 -3
1535509984.378936 705 625 641 709 693 685 2696 3552 6800 160 227 56 -11 41 -2
1535509984.418998 705 625 641 709 693 685 2658 3634 6790 233 145 -133 -10 42 -4
1535509984.4519548 705 625 641 709 693 685 2642 3608 6846 284 14 35 -12 40 -6
1535509984.5059605 705 625 641 709 693 685 2674 3590 6702 178 100 -79 -10 43 -4
1535509984.5709128 706 625 641 709 693 685 2742 3560 6740 4 -236 173 -11 43 -5
1535509984.6379335 705 625 641 709 693 685 2686 3628 6754 404 297 -156 -12 41 -5
1535509984.7099187 706 625 641 709 692 685 2618 3576 6770 161 105 24 -12 41 -5
1535509984.9358208 705 625 641 709 693 685 2810 3084 6266 693 106 266 -10 42 -3
1535509984.9709527 706 625 641 709 693 686 3146 3378 7090 1963 -692 -2364 -9 43 -4
1535509985.0190806 705 625 640 709 692 685 3364 3978 7480 284 -2577 -2640 -7 41 -3
1535509985.0642312 705 625 641 709 692 685 5472 2854 9106 4871 7024 -622 -10 40 -3
1535509985.1069055 705 625 640 709 692 686 2426 3792 7362 4974 3391 -2742 -12 43 -5
1535509985.1459506 705 625 641 709 692 685 3944 3800 6984 1754 1948 175 -11 43 -7
1535509985.1859193 705 625 640 709 692 685 1772 5120 6842 -4342 -5738 5362 -12 41 -5
1535509985.256159 706 625 642 709 693 685 3892 3888 7292 800 -3104 -1322 -11 40 -5
1535509985.3230839 705 625 642 709 693 686 3108 4478 6368 -6929 81 3315 -10 39 -2
1535509985.3931975 705 625 641 709 693 686 2950 3154 6976 812 2179 -234 -10 40 -4
1535509985.5918036 705 625 641 709 692 685 2886 4024 6464 147 274 -312 -11 41 -4
1535509985.6237586 705 625 642 709 693 685 2968 3602 6612 -198 443 444 -12 41 -4
1535509985.662066 705 625 641 709 693 686 2806 3730 6586 223 443 65 -9 41 -5
1535509985.7101045 706 625 642 709 693 685 2944 3672 6634 -109 214 66 -10 40 -3
1535509985.7553866 705 625 642 709 693 685 2858 3672 6658 0 243 -41 -10 41 -5
1535509985.8039384 705 625 642 709 692 686 2854 3662 6648 216 172 -11 -12 39 -3
1535509985.850948 705 625 642 709 693 685 2908 3598 6654 143 307 -7 -10 40 -3
1535509985.915873 705 625 642 709 693 685 2844 3670 6632 276 62 -53 -12 42 -4
1535509985.979925 705 625 642 709 693 685 2888 3624 6700 128 28 71 -10 38 -3
1535509986.0490954 705 625 642 709 692 685 2856 3592 6652 307 284 92 -12 38 -6
1535509986.2277386 705 625 642 709 693 686 2924 3670 6620 167 -94 48 -10 40 -5
1535509986.2647383 705 625 642 709 693 686 2870 3582 6764 141 127 -10 -9 39 -3
1535509986.299896 706 625 642 709 693 686 2832 3652 6652 136 137 114 -11 42 -6
1535509986.3328102 705 625 642 709 693 685 2944 3612 6768 263 69 10 -12 42 -5
1535509986.3750587 706 625 642 709 693 685 2854 3686 6676 274 506 80 -12 42 -4
1535509986.4348443 705 625 642 709 693 685 2846 3608 6748 161 -23 22 -10 40 -1
1535509986.4989147 705 625 642 709 693 686 2940 3602 6642 243 149 -37 -9 41 -4
1535509986.5668714 706 625 642 709 692 685 2842 3634 6700 297 165 -190 -12 40 -3
1535509986.630857 705 625 642 709 693 685 2820 3706 6704 142 82 70 -10 41 -3
1535509986.6948893 705 625 642 709 693 685 2842 3648 6672 197 -91 35 -9 42 -5
1535509986.883075 705 625 642 709 692 685 2936 3638 6708 247 199 48 -9 41 -2
1535509986.918727 705 625 642 709 693 685 2854 3644 6668 247 95 -61 -11 42 -1
1535509986.9547634 705 625 642 709 692 686 2490 4378 6204 -884 -1399 648 -10 41 -4
1535509986.9907308 705 625 642 709 692 685 3222 3364 6576 1545 1828 -329 -12 42 -3
1535509987.029851 705 625 642 709 693 685 2540 3726 6788 891 -610 -640 -11 39 -3
1535509987.0977736 705 625 641 709 692 686 3194 3506 6750 2742 4220 261 -10 41 -5
1535509987.1668704 705 625 642 709 692 686 3244 4326 5888 1870 2885 -1688 -9 42 -3
1535509987.2344446 705 625 642 709 692 686 2410 4724 5158 554 1437 952 -11 42 -6
1535509987.304023 705 625 640 709 692 685 2128 3704 6946 1016 -392 -1063 -10 42 -5
1535509987.373782 705 625 641 709 692 685 1932 4586 7850 -5446 -6973 4042 -11 42 -7
1535509987.5636554 705 625 642 709 692 685 5656 2204 6260 8201 6455 -4509 -11 37 -5
1535509987.598662 705 625 641 709 692 685 2408 4168 7458 -8016 -587 2294 -10 40 -3
1535509987.6307085 705 625 641 709 692 686 2276 3486 6816 -357 385 -382 -13 40 -5
1535509987.6727605 704 625 642 709 693 685 3072 3772 6580 -1052 -794 351 -12 40 -4
1535509987.7189064 705 625 641 709 692 685 2966 3480 6806 -143 832 381 -10 40 -3
1535509987.7827187 706 625 641 709 692 685 2694 3720 6740 22 473 90 -9 39 -3
1535509987.8477345 705 625 641 709 692 685 2784 3618 6792 66 154 -42 -11 40 -3
1535509987.9127219 705 625 642 709 692 685 2870 3654 6700 -145 218 74 -12 42 -4
1535509987.9777315 705 625 642 709 693 685 2806 3578 6694 64 478 30 -11 39 -3
1535509988.0432181 705 625 641 709 692 685 2706 3646 6714 103 308 0 -11 41 -4
1535509988.223663 705 625 641 709 692 686 2808 3580 6860 280 532 175 -10 40 -2
1535509988.2647767 705 625 641 709 692 686 2722 3560 6730 26 251 113 -10 41 -2
1535509988.3067036 705 625 641 709 692 686 2760 3532 6802 194 108 36 -11 42 -4
1535509988.3487608 706 625 642 709 693 686 2656 3642 6858 154 211 84 -9 42 -4
1535509988.3908267 705 625 641 709 693 686 2788 3578 6718 132 -63 11 -10 41 -3
1535509988.432218 705 625 641 709 693 685 2724 3664 6788 159 75 4 -10 42 -1
1535509988.4939892 705 625 641 709 692 686 2820 3566 6760 37 -360 49 -10 43 -3
1535509988.5586517 705 625 642 709 692 685 2724 3596 6742 211 165 6 -10 39 -5
1535509988.62173 705 625 641 709 692 685 2762 3546 6824 240 -26 38 -9 41 -3
1535509988.6870744 705 625 641 709 693 685 2798 3472 6724 143 122 -5 -11 42 -3
1535509988.8375733 705 625 641 709 693 685 2778 3564 6758 170 33 -96 -9 41 -2
1535509988.8705273 705 625 641 709 692 685 2780 3606 6764 163 107 121 -10 40 -5
1535509988.9033804 705 625 641 709 693 685 2780 3572 6766 233 161 12 -10 43 -3
1535509988.9466734 705 625 641 709 692 686 2778 3566 6690 171 189 58 -10 43 -3
1535509989.0117197 705 625 641 709 693 685 2666 3550 6768 266 217 -49 -10 41 -5
1535509989.0776474 705 625 641 709 693 685 2900 3552 6726 361 107 -144 -10 40 -3
1535509989.145659 705 625 641 709 693 685 2796 3552 6798 320 88 -164 -12 42 -4
1535509989.2106478 705 625 641 709 692 686 2660 3568 6712 40 383 113 -10 43 -2
1535509989.276636 706 625 641 709 692 685 2758 3552 6702 253 -66 166 -10 42 -3
1535509989.342645 705 625 641 709 693 685 2770 3572 6630 329 123 -26 -10 42 -2
1535509989.569423 705 624 641 709 693 685 2894 3560 6656 151 -234 -43 -10 41 -3
1535509989.6076357 705 625 641 709 693 686 2880 3504 6704 168 -76 -148 -10 42 -4
1535509989.6436381 705 625 641 709 692 686 2788 3582 6646 220 -37 -192 -10 41 -2
1535509989.680619 705 625 641 709 692 685 2934 3572 6694 230 -135 25 -9 43 -5
1535509989.7166011 705 625 641 709 692 685 2818 3518 6776 203 179 56 -9 43 -4
1535509989.7557828 704 625 641 709 693 686 2812 3578 6710 220 492 174 -10 42 -5
1535509989.8050756 705 625 641 709 692 685 2842 3522 6682 278 111 -39 -12 39 -3
1535509989.8728 705 625 641 709 693 685 2808 3574 6744 272 626 -26 -10 41 -4
1535509989.93611 705 625 641 709 693 685 2808 3584 6738 315 110 -15 -9 42 -5
1535509990.0012038 705 625 641 709 693 685 2816 3532 6742 185 483 113 -10 41 -2
1535509990.1491828 706 625 641 709 692 686 2722 3606 6758 243 119 76 -11 40 -6
1535509990.183807 705 625 641 709 692 685 2832 3534 6744 340 10 -25 -12 41 -4
1535509990.2083457 706 625 641 709 693 685 2882 3516 6748 239 243 -20 -11 41 -2
1535509990.2612555 705 625 641 709 692 685 2672 3632 6796 185 134 17 -10 42 -4
1535509990.3170123 705 625 641 709 693 685 2806 3550 6788 258 88 34 -10 43 -3
1535509990.3909857 705 625 641 709 693 685 2756 3648 6738 105 111 80 -9 42 -2
1535509990.4415958 706 625 641 709 692 685 2816 3496 6750 26 -225 48 -9 41 -5
1535509990.5156503 705 625 641 709 693 686 2906 3592 6734 220 -138 -127 -11 39 -3
1535509990.5908892 705 625 641 709 692 686 2798 3512 6808 160 -133 -128 -10 40 -2
1535509990.6622775 705 625 641 709 692 685 3000 3602 6648 406 38 -195 -11 43 -4
1535509990.925268 706 625 641 709 692 686 2734 3572 6694 120 335 -81 -9 42 -4
1535509990.958707 705 625 641 709 692 685 2650 3624 6734 301 625 136 -10 40 -2
1535509990.9896116 705 625 641 709 692 685 2926 3564 6672 229 293 198 -9 40 -4
1535509991.0233753 705 625 641 709 692 685 2798 3528 6792 257 462 -31 -11 41 -2
1535509991.0486472 705 625 641 709 693 685 2828 3590 6714 295 283 4 -9 43 -4
1535509991.08825 705 625 641 709 692 685 2762 3612 6718 258 296 24 -10 39 -4
1535509991.1223328 705 625 641 709 692 685 2690 3562 6748 257 81 29 -9 40 -2
1535509991.1736941 705 625 641 709 692 686 2814 3508 6726 139 17 145 -12 42 -3
1535509991.240476 705 625 641 709 692 685 2772 3578 6790 275 161 121 -10 43 -3
1535509991.3032877 705 625 641 709 692 685 2808 3506 6858 251 77 75 -9 40 -3
1535509991.4205425 705 625 641 709 692 686 2846 3616 6748 209 -12 -34 -9 40 -5
1535509991.4996428 705 625 641 709 692 685 2716 3520 6754 192 159 111 -10 42 -4
1535509991.5358517 705 625 641 709 693 686 2800 3500 6670 272 211 -168 -10 41 -3
1535509991.568154 705 625 641 709 692 685 2700 3712 6658 139 49 187 -9 41 -4
1535509991.6307762 705 625 640 709 692 685 2846 3506 6760 369 249 -88 -10 39 -1
1535509991.6917493 705 625 641 709 692 685 2722 3526 6788 97 -113 90 -8 39 -4
1535509991.7620466 705 625 641 709 692 686 3036 3534 6670 356 -162 -85 -11 41 -4
1535509991.8272662 705 625 640 709 692 685 2722 3594 6754 300 37 -303 -12 41 -3
1535509991.8921225 705 625 641 709 692 685 2626 3572 6670 27 110 153 -11 41 -5
1535509991.9573174 705 625 641 709 692 685 2842 3584 6636 156 465 61 -11 42 -4
1535509992.145476 705 625 641 709 692 685 2570 3654 6842 -85 9 100 -10 39 -3
1535509992.1751735 705 625 641 709 692 685 3052 3394 6844 230 -78 72 -8 42 -2
1535509992.211032 705 625 641 709 692 685 3142 3512 6550 261 67 -375 -8 42 -5
1535509992.2403443 705 625 641 709 692 685 2562 3668 6778 224 226 -264 -9 41 -3
1535509992.2770624 706 625 641 709 692 685 2612 3680 6786 325 188 301 -10 44 -5
1535509992.3487313 705 625 641 709 692 685 3022 3452 6650 341 422 126 -11 43 -2
1535509992.4145014 705 625 640 709 692 685 2638 3504 6818 204 442 -93 -11 42 -3
1535509992.465694 705 624 641 709 692 685 2820 3560 6710 175 199 101 -9 42 -3
1535509992.5320706 705 625 641 709 692 685 2910 3540 6666 177 202 -172 -9 40 -2
1535509992.5967164 705 625 640 709 692 684 2668 3606 6636 136 1 -69 -9 40 -2
1535509992.7513964 705 625 640 709 692 685 2748 3538 6816 237 -54 93 -9 41 -3
