1533770635.0564592 605 617 643 614 668 582 6896 3274 -2898 120 354 360 -73 1 -63
1533770635.1235352 607 617 643 615 669 583 6862 3364 -2868 110 192 -222 -70 1 -62
1533770635.1910987 607 617 643 615 669 583 6754 3546 -2918 175 -17 -25 -71 4 -62
1533770635.2574313 607 617 643 615 669 583 6882 3304 -3008 215 -75 26 -71 1 -62
1533770635.3237035 607 617 643 615 669 583 6920 3394 -2914 117 155 -56 -73 2 -60
1533770635.3773482 608 619 643 616 671 583 6916 3330 -2900 195 87 -17 -70 2 -63
1533770635.4572926 613 623 644 617 675 585 6834 3368 -2906 231 57 -47 -71 3 -62
1533770635.5241106 610 620 644 616 672 584 6842 3424 -2900 195 247 164 -71 3 -61
1533770635.5866644 609 620 644 616 672 583 6916 3298 -2944 185 84 158 -70 2 -61
1533770635.649232 610 620 644 616 672 583 6878 3354 -2976 212 133 53 -72 2 -63
1533770635.7428772 613 623 644 618 675 585 6868 3346 -2888 322 280 -16 -70 5 -61
1533770635.8752608 612 622 644 618 674 584 6906 3388 -2768 167 38 -50 -71 0 -61
1533770635.9291167 612 622 644 618 674 584 6912 3314 -2890 122 166 119 -72 3 -62
1533770635.9799805 612 622 644 617 673 584 6928 3308 -2816 164 -39 49 -73 3 -62
1533770636.0368292 612 622 644 617 674 584 6930 3310 -2810 394 303 -105 -73 0 -62
1533770636.0697396 611 621 644 617 673 584 6880 3360 -2854 94 5 -37 -71 2 -61
1533770636.120605 609 620 643 616 672 583 6778 3388 -3056 136 -26 183 -72 3 -62
1533770636.189425 607 616 643 615 669 583 6928 3322 -2800 42 -100 -209 -72 2 -61
1533770636.257239 606 616 643 615 668 582 6922 3434 -2922 139 -211 -23 -71 0 -62
1533770636.325061 607 617 643 616 669 583 6900 3352 -2966 147 237 -47 -71 0 -61
1533770636.4477339 608 617 643 616 670 583 6922 3330 -2712 431 142 283 -73 2 -62
1533770636.4826365 608 617 643 617 670 583 6864 3402 -2802 303 174 -239 -72 3 -60
1533770636.5275164 609 618 643 617 671 583 6882 3358 -3018 109 -176 169 -70 3 -62
1533770636.5933442 609 618 644 617 671 583 6880 3320 -2904 149 288 60 -72 2 -61
1533770636.6581707 609 618 643 617 671 583 6958 3340 -2814 312 88 28 -70 2 -60
1533770636.7259858 609 618 643 617 671 583 6822 3416 -3006 246 174 -187 -70 2 -61
1533770636.7882407 609 618 644 617 671 584 6830 3410 -3002 130 105 203 -71 2 -63
1533770636.8507273 609 618 644 617 671 583 6878 3300 -2874 12 169 -19 -71 3 -63
1533770636.923296 610 619 644 617 672 584 7000 3336 -2770 336 143 -3 -70 2 -62
1533770636.9857802 610 618 644 617 672 584 6854 3300 -3028 235 -30 -136 -70 0 -61
1533770637.1065598 610 618 644 618 672 584 6898 3350 -2948 105 187 23 -72 1 -62
1533770637.1394684 610 618 644 618 671 584 6866 3314 -2872 168 315 8 -71 0 -61
1533770637.190041 609 618 644 617 671 583 6848 3466 -2870 213 -42 22 -71 3 -61
1533770637.2460382 609 618 644 618 671 583 6832 3428 -2830 196 86 -56 -69 2 -61
1533770637.3224082 610 618 644 618 671 583 6838 3326 -2956 297 45 256 -70 1 -62
1533770637.3893785 610 618 644 618 671 584 6948 3260 -2838 136 247 -95 -68 1 -63
1533770637.4524505 610 618 644 618 671 584 6796 3376 -3028 387 -181 131 -70 3 -61
1533770637.5149012 611 618 644 618 671 584 6732 3388 -3002 -61 26 141 -71 1 -61
1533770637.5774202 611 618 644 618 672 584 6760 3352 -3120 -554 -80 -5 -72 2 -63
1533770637.6617448 610 618 644 618 672 584 7050 3212 -2698 -25 -193 -32 -71 1 -61
1533770637.7362275 610 618 644 618 672 584 6776 3404 -2906 109 -145 -381 -71 3 -60
1533770637.7828934 610 618 644 618 671 584 6814 3414 -2938 110 -231 -380 -71 1 -64
1533770637.861254 610 618 644 618 671 584 6932 3266 -2972 234 129 204 -70 2 -60
1533770637.9234846 610 618 644 618 672 584 6662 3680 -2900 48 211 -200 -70 2 -61
1533770637.9859688 610 618 644 618 671 584 7018 3096 -3168 696 140 345 -70 1 -63
1533770638.0577338 610 618 644 618 671 584 6806 3484 -2634 541 792 -99 -70 2 -63
1533770638.1323183 609 617 643 618 671 584 6862 3410 -2968 467 -284 91 -70 2 -59
1533770638.186816 609 617 644 618 670 584 6914 3222 -3050 1136 1145 276 -72 1 -62
1533770638.264929 610 617 643 618 671 584 6550 3638 -2966 2170 952 1166 -71 1 -61
1533770638.3274074 608 616 643 617 669 583 7188 3328 -3276 1300 1359 632 -71 -1 -64
1533770638.4075656 601 609 642 614 663 581 6594 3284 -2888 2002 5616 -603 -72 2 -65
1533770638.4700544 602 609 642 614 664 581 6414 3868 -2576 2133 2044 593 -70 -1 -62
1533770638.548157 597 608 642 609 662 580 6814 2756 -2572 -2551 5146 -1471 -71 2 -64
1533770638.6201377 600 608 642 613 663 580 8034 2622 -2418 -3593 2 527 -72 4 -57
1533770638.6867702 593 614 642 601 662 579 2576 5708 260 6969 2 15132 -73 5 -55
1533770638.7491176 600 610 642 610 664 580 11264 4514 1838 12429 7711 6501 -68 0 -52
1533770638.8273933 596 608 642 608 661 579 5126 -836 220 22046 11061 8729 -59 -3 -49
1533770638.8898065 599 609 642 609 663 580 4498 364 -1516 12647 16768 2528 -62 -13 -65
1533770638.9679897 588 607 640 600 656 576 13892 1620 4872 -1333 1263 -6010 -64 -11 -62
1533770639.0487835 588 605 640 600 656 576 8120 1604 1070 -337 -11510 -8305 -64 1 -52
1533770639.1281734 595 606 641 606 661 578 6690 2412 -1828 243 -14630 -11018 -66 -1 -60
1533770639.1864645 594 604 641 607 658 578 8006 3736 -2372 1067 -806 -5155 -74 3 -71
1533770639.2646303 570 592 637 591 640 569 6670 2972 -1216 3996 964 -2454 -80 15 -72
1533770639.3269384 543 563 633 583 621 559 6640 2852 -1460 -2749 -2236 -5759 -80 18 -74
1533770639.4081972 517 558 632 579 616 556 10272 4850 -1312 3818 -8080 1178 -82 21 -76
1533770639.4706733 571 583 638 598 643 571 6708 4682 -3364 -979 -14180 281 -85 23 -77
1533770639.5487802 586 599 641 602 659 578 5668 4568 -2984 3986 -8510 -7051 -85 21 -84
1533770639.6297228 584 595 640 603 653 575 5976 1660 -3012 3843 4732 -306 -87 23 -91
1533770639.7017684 599 608 642 608 665 579 7062 2640 -3712 768 1457 -8118 -87 25 -94
1533770639.7640653 604 612 642 609 667 579 6402 4024 -2402 4670 2673 6397 -87 25 -97
1533770639.8421023 608 612 643 614 672 582 6494 2912 -2938 449 912 2695 -89 28 -98
1533770639.9045901 614 617 644 617 676 584 1070 4344 -6166 -7131 -5440 -3162 -87 26 -102
1533770639.9828134 601 607 642 613 667 581 5912 3526 -3958 -4742 -8831 -5614 -88 32 -103
1533770640.0548692 559 589 636 584 636 566 4420 5470 -4358 2363 -7089 -334 -90 38 -102
1533770640.1383538 550 575 634 583 628 563 5262 3604 -5676 464 -3253 1360 -94 51 -101
1533770640.2028866 561 576 634 591 635 566 4392 4846 -6170 -3551 35 -2770 -89 46 -104
1533770640.2679493 577 590 636 596 648 571 3900 4526 -5600 -981 -1515 155 -91 49 -102
1533770640.357942 585 594 637 601 655 574 3622 4726 -3686 -1540 -2291 -2006 -92 50 -103
1533770640.4233828 583 592 635 597 653 571 3750 4990 -4756 202 -1338 -2656 -95 54 -100
1533770640.5012345 580 582 632 598 651 562 3762 4898 -5348 477 23 -1584 -93 53 -101
1533770640.57934 587 579 633 608 651 573 3198 5014 -5102 1928 263 1354 -94 57 -101
1533770640.6443014 572 566 630 600 643 560 3878 4232 -5340 1305 1936 879 -93 59 -103
1533770640.7033827 554 558 626 588 632 553 4290 4642 -5274 2467 -747 1006 -91 55 -103
1533770640.7817533 552 555 626 589 632 553 4408 4582 -5872 1370 614 164 -91 54 -103
1533770640.8442402 535 550 622 572 617 544 3914 4590 -5644 133 327 -70 -90 54 -105
1533770640.922081 550 550 622 582 625 544 3906 4570 -5834 520 1188 207 -89 54 -105
1533770640.9847379 560 562 629 592 636 562 3904 4496 -5732 -82 369 -34 -91 53 -104
1533770641.0673816 563 564 628 594 637 563 3920 4644 -5204 -990 265 -172 -92 55 -106
1533770641.1356652 566 566 629 602 640 564 4100 4664 -5470 372 368 391 -91 54 -104
1533770641.2027059 576 573 630 607 645 567 4434 4844 -6144 1707 -1524 914 -91 51 -103
1533770641.2963583 583 584 632 600 650 569 4840 4866 -5586 -3973 -13581 2263 -92 52 -104
1533770641.3571217 581 587 632 596 651 570 1218 5304 -6126 5808 -27540 -282 -91 52 -107
1533770641.4231372 584 589 632 596 653 571 -3316 2560 -8604 1561 -2080 3834 -88 59 -115
1533770641.5013187 584 590 632 596 654 571 1992 2188 -6846 9610 7769 5524 -86 67 -123
1533770641.5637088 586 592 633 596 656 572 2660 3012 -7198 -1332 3706 4824 -83 53 -129
1533770641.6491303 583 594 633 590 653 571 2452 3078 -7772 906 3868 1192 -81 45 -134
1533770641.7180529 589 597 635 596 658 574 3910 2960 -6198 -1490 738 -3162 -82 43 -127
1533770641.7804897 598 600 637 602 664 578 3612 2918 -8086 927 4707 -3730 -82 43 -129
1533770641.858609 598 601 637 602 664 577 3856 3352 -6922 -3945 -2927 4347 -82 44 -128
1533770641.9368198 597 602 636 601 664 577 3700 2568 -7114 -9778 -13778 -10084 -83 45 -126
1533770642.024822 596 600 635 600 662 577 1752 2572 -8766 1506 -1261 -2316 -86 50 -122
1533770642.0880654 594 598 634 599 661 577 4334 6098 -7172 4887 -7119 -2840 -86 66 -122
1533770642.1581755 602 601 632 602 667 578 1348 3660 -7068 3768 1123 -3435 -88 67 -121
1533770642.2394626 598 601 627 597 665 576 372 3998 -6556 2513 -125 2903 -84 70 -124
1533770642.3093367 605 609 630 599 671 578 1468 2490 -7264 -1286 2 9444 -85 72 -126
1533770642.3769436 605 609 632 603 671 581 2478 3728 -8788 -12541 -9968 -4906 -84 63 -128
1533770642.4552608 604 607 631 603 670 580 -4644 7366 -7412 -11122 -12838 -5397 -86 68 -121
1533770642.533157 601 605 630 602 669 579 -440 4444 -6874 1177 -1244 -3130 -94 82 -102
1533770642.6137972 599 602 629 601 669 577 -2252 6344 -5872 6295 -859 -4301 -95 82 -102
1533770642.670207 601 604 626 603 673 575 -1314 5138 -6656 -310 3336 927 -93 93 -99
1533770642.7641194 633 639 631 619 680 617 -1528 5608 -5690 2094 857 -1576 -92 93 -102
1533770642.8264186 663 630 636 673 691 672 -1256 5228 -7030 4283 603 -2377 -90 93 -105
1533770642.9045267 652 617 637 675 682 674 -184 4024 -8052 -1829 -4067 -331 -89 93 -106
1533770642.9670095 617 605 633 650 668 582 -1522 4762 -6086 -2637 -3075 1989 -89 95 -110
1533770643.054659 581 593 625 599 665 573 -1460 4794 -6636 1734 -1564 892 -90 95 -105
1533770643.1259139 619 625 631 613 676 611 -1556 4970 -6736 1556 -38 -61 -88 95 -106
1533770643.1871216 597 600 625 603 673 579 -1782 5428 -5954 1028 -238 -530 -91 97 -106
1533770643.266379 642 631 633 629 693 619 -1886 5258 -6486 1098 -503 113 -90 96 -105
1533770643.344489 646 635 633 630 710 599 -1590 5328 -5728 -358 -1553 -298 -89 95 -106
1533770643.4076076 674 664 638 641 722 631 -1136 4204 -7188 2690 -380 -171 -91 93 -105
1533770643.485757 643 644 633 623 700 616 -1458 5090 -6990 755 -2527 -456 -89 97 -109
1533770643.563821 593 597 623 612 681 576 -1874 5022 -5750 2705 -3906 177 -87 98 -109
1533770643.6372678 597 598 624 611 676 575 -1924 3908 -8232 1083 538 111 -87 99 -108
1533770643.7026064 590 594 623 605 670 573 -1982 4556 -6154 796 -724 -606 -86 99 -111
1533770643.7807124 579 593 622 598 665 570 -2652 4974 -9242 -1475 4113 -2467 -87 100 -111
1533770643.858821 582 597 623 596 665 571 -4076 5128 -3706 2300 -15474 -10738 -86 103 -111
1533770643.9371862 599 601 626 610 674 577 -3620 1278 -5990 3294 -7198 -5150 -85 116 -105
1533770644.0179331 604 606 627 611 676 579 -6064 2694 -3394 -5318 26772 13818 -78 130 -109
1533770644.0853155 608 612 628 608 678 580 -2580 5246 -6934 -12990 2060 -12923 -82 122 -105
1533770644.1716497 592 609 626 597 671 575 -1934 6798 -9736 1704 14180 638 -85 116 -105
1533770644.249823 596 608 628 602 671 577 -3250 3792 -8110 5606 -7009 1265 -85 115 -105
1533770644.3122406 595 606 628 602 670 577 -1368 4190 -6566 2461 1748 575 -84 111 -106
1533770644.3918364 599 607 628 603 671 578 2194 3532 -9266 -7250 -7516 -5800 -84 108 -110
1533770644.469988 604 612 629 606 674 579 -1492 5532 -6526 -4004 -5016 -3045 -85 112 -110
1533770644.5479574 602 611 628 602 672 574 -2628 5572 -6486 -3097 -3352 -697 -85 118 -102
1533770644.6228805 608 618 628 604 677 574 -2174 5144 -5688 525 -2615 -93 -86 122 -95
1533770644.688329 584 612 623 584 659 562 -2312 5388 -4540 -228 -252 1743 -86 125 -92
1533770644.7664368 602 621 718 678 656 671 -2516 5346 -6186 -64 -2681 -1059 -86 121 -93
1533770644.8446522 594 613 726 682 648 679 -2676 5648 -5022 1698 -3078 1046 -85 119 -91
1533770644.9070308 605 623 736 691 656 693 -2048 4268 -6112 -1549 2382 -572 -88 122 -89
1533770644.9851353 547 586 622 561 629 555 -1130 5300 -6420 -5669 -15957 -4381 -87 117 -95
1533770645.069775 591 604 629 593 658 573 -5366 5736 -5854 -6141 -8423 -4159 -85 122 -90
1533770645.1395025 596 613 629 592 663 572 -9222 9028 -5632 -3513 -6920 -3185 -84 131 -75
1533770645.2186334 602 616 629 593 666 573 -4476 4480 -3298 -10584 -14542 -566 -77 136 -64
1533770645.2967393 544 582 619 562 627 553 -5722 5514 -1824 -788 -2531 3232 -76 134 -54
1533770645.3605258 529 568 615 557 617 547 -5088 6808 -2228 -4065 1586 3573 -78 130 -48
1533770645.4386322 517 558 613 556 615 545 -4690 6502 -2188 -1625 2081 2023 -76 127 -46
1533770645.5169654 517 553 611 553 609 542 -4668 5940 -1592 -1113 1003 2002 -77 126 -43
1533770645.5950773 523 559 612 555 612 544 -4948 6772 -2008 128 2722 -1198 -77 124 -41
1533770645.6714509 558 578 618 578 636 557 -5788 5392 -1500 -3994 -9309 -5490 -78 125 -46
1533770645.7496827 564 575 619 582 636 557 -5178 5346 -2154 -2884 -4051 -4097 -73 128 -40
1533770645.8120446 524 559 612 555 612 544 -5682 5870 -1400 197 233 -3617 -70 130 -36
1533770645.8904068 559 560 616 583 630 554 -5588 5968 -1176 -1314 -131 -1218 -70 128 -36
1533770645.968456 561 564 616 583 633 555 -5580 5732 -566 1329 284 -804 -71 132 -35
1533770646.041873 587 566 621 616 630 607 -5562 5518 -898 2240 910 -2638 -70 133 -36
1533770646.1188087 520 551 612 556 606 544 -5240 8656 -1968 3175 -3689 -12978 -70 133 -37
1533770646.1858506 583 586 622 592 651 564 -8254 3484 -1256 8359 -24989 -32768 -67 136 -37
1533770646.2666178 585 588 623 594 654 565 -7802 746 358 2533 -7984 -11399 -54 156 -35
1533770646.3293378 603 607 627 601 669 572 -6728 832 2420 -321 4348 8177 -39 168 -28
1533770646.4081802 601 604 627 600 666 570 -7108 3326 596 437 15090 9378 -39 170 -23
1533770646.486425 604 607 628 602 668 572 -9190 2154 -1176 -733 5709 -4290 -46 166 -29
1533770646.548693 607 610 629 603 671 573 -8000 1778 -1594 2153 7362 551 -45 172 -35
1533770646.6321373 610 612 630 604 674 574 -9180 2284 -510 309 -12588 -1557 -41 180 -43
1533770646.70266 609 613 629 603 673 574 -7694 574 1254 -397 -22266 -579 -41 174 -35
1533770646.7805064 606 608 628 602 670 573 -8132 1886 1558 4117 -5712 -8904 -41 167 -28
1533770646.8432066 607 610 629 602 672 574 -5486 -156 3408 -7695 26439 17135 -40 163 -21
1533770646.9211009 610 613 630 604 674 575 -5078 5494 -2032 2089 -499 -2176 -41 171 -29
1533770646.9993546 613 616 630 604 674 576 -7700 2376 88 -538 2739 160 -42 174 -35
1533770647.0708294 660 632 639 653 687 644 -9320 1910 -706 1378 -627 -3272 -41 175 -35
1533770647.13753 660 633 638 654 687 651 -8468 1426 -604 -712 5719 622 -41 175 -37
1533770647.2312055 659 628 639 663 681 668 -8022 1756 -1366 2182 -805 -1540 -39 176 -40
1533770647.278071 644 617 637 659 669 667 -7718 1676 -530 332 -772 -1349 -39 177 -39
1533770647.3562193 628 610 636 648 663 654 -8434 1458 -860 -2272 877 -733 -37 179 -41
1533770647.4342847 625 606 636 640 659 639 -9736 1964 -1396 -634 -2328 3401 -38 180 -40
1533770647.5123894 613 614 632 610 670 587 -8456 1276 -600 4578 -20566 -7387 -37 176 -37
1533770647.574937 614 620 632 606 675 579 -6836 548 1098 6721 -19493 -7812 -38 176 -30
1533770647.6569772 616 621 631 606 677 579 -7544 234 2916 5534 -8490 -12739 -32 166 -15
1533770647.735084 617 622 632 606 677 579 -6738 -890 3566 2277 -5735 -7122 -34 160 -11
1533770647.7978282 614 622 632 604 676 578 -7422 -460 3492 1122 -1128 4777 -28 160 -7
1533770647.8756902 614 622 632 604 677 577 -7346 -290 3658 232 -980 -21 -29 157 -6
1533770647.9381635 614 622 632 603 677 578 -7700 -308 3946 1220 2486 1692 -29 154 -6
1533770648.0211012 615 621 633 605 676 578 -7268 -102 4506 -876 2729 -1656 -33 156 -8
1533770648.0902705 612 619 632 603 674 576 -7528 -168 2458 -6389 12678 1288 -31 154 -8
1533770648.155384 612 619 632 603 675 576 -8126 -578 1484 -3202 6956 -56 -27 165 -10
1533770648.2335405 609 619 632 601 672 576 -8556 -932 1392 -2982 10898 1236 -24 173 -15
1533770648.311705 602 610 629 598 665 572 -8228 492 1882 1180 4728 -1784 -22 181 -21
1533770648.3768134 591 599 627 593 656 568 -7934 438 -102 313 3553 3221 -20 185 -21
1533770648.4392984 606 589 631 629 643 629 -8538 -560 130 728 -178 -2925 -17 188 -25
1533770648.517625 623 603 635 642 653 650 -8116 -622 600 -1499 4273 184 -17 188 -27
1533770648.5955124 621 607 635 636 655 630 -9272 -1710 208 483 7045 -1662 -16 188 -29
1533770648.6708298 583 598 627 589 654 571 -5922 -1514 -1422 -10476 11222 26604 -17 191 -32
1533770648.748939 601 610 631 600 667 576 -6900 1690 -498 -2375 -7905 3728 -22 194 -40
1533770648.811423 624 619 634 615 682 582 -9224 1572 760 -7 -534 -1260 -36 180 -35
1533770648.8895276 623 615 633 615 678 580 -7910 200 -446 1038 1599 -1532 -37 175 -30
1533770648.9676347 615 606 629 610 671 577 -7970 1830 -1154 -7762 12637 4350 -39 177 -33
1533770649.0391295 614 608 638 614 667 584 -7124 2348 -504 -1153 -376 4373 -37 179 -37
1533770649.1154222 593 598 634 602 654 578 -7926 2292 -1240 -60 1879 2733 -38 180 -40
1533770649.1862628 595 600 633 601 656 577 -8482 2980 -1374 2793 2731 5075 -41 177 -39
1533770649.2508705 608 609 630 601 668 575 -9020 3368 -1286 3707 13443 7246 -45 175 -42
1533770649.3289769 605 610 630 598 667 573 -4498 2308 -2348 -7860 32767 20219 -52 172 -48
1533770649.423741 607 612 630 600 670 574 -1410 6446 -6570 -18357 24710 27763 -64 165 -69
1533770649.4861004 613 613 632 605 674 576 1644 8140 -4852 -21564 16702 20101 -77 138 -75
1533770649.5642111 624 616 634 614 681 581 2340 4016 -2328 -14019 2438 30052 -90 107 -60
1533770649.644629 625 617 634 613 680 581 12588 12430 -1768 -11110 5031 19480 -88 72 -51
1533770649.7182388 621 618 634 610 678 580 8642 6388 -2406 -2335 -5546 9758 -69 45 -28
1533770649.7806242 615 615 633 606 674 578 7736 4508 -1940 1856 -9784 6745 -64 23 -36
1533770649.8589892 614 615 633 605 673 578 5360 5368 -3150 8733 -7203 10391 -61 12 -38
1533770649.921214 614 616 633 604 673 578 6328 1762 -3062 8190 -2725 13372 -61 0 -48
1533770650.0089707 617 618 634 606 675 579 7610 2806 -3748 3690 -5320 6268 -53 -16 -59
1533770650.0752952 620 620 634 608 678 580 6916 1768 -5014 7037 -6836 6265 -49 -21 -66
1533770650.1561117 626 625 635 610 683 582 2784 -292 -3960 -7336 -5877 5809 -44 -26 -76
1533770650.218859 658 637 641 644 692 631 8056 2322 -3770 -889 6115 -2917 -41 -32 -82
1533770650.2967033 613 622 634 602 676 578 6276 1232 -5050 577 4232 -3629 -40 -32 -70
1533770650.3623629 616 624 635 603 679 579 6004 1232 -4054 6056 9884 10842 -42 -30 -73
1533770650.4404833 614 623 635 602 677 578 9028 -364 -1780 9144 13437 4110 -35 -32 -66
1533770650.5188398 620 629 636 605 682 580 9096 -1178 -402 -4858 9146 5452 -29 -30 -55
1533770650.5810719 618 627 635 605 680 580 8840 -960 -74 -2479 4341 15855 -28 -26 -45
1533770650.6545455 618 626 635 606 679 580 7416 -534 -3106 3677 2681 6759 -16 -24 -34
1533770650.7325523 668 644 645 660 690 662 8012 -2294 -644 4255 2434 2937 0 -22 -33
1533770650.7950096 672 646 647 666 690 674 7258 -2132 1820 2393 7879 1270 4 -23 -31
1533770650.8732905 676 648 647 665 694 667 6838 -4804 782 -9291 2732 -1042 1 -20 -27
1533770650.9358532 685 634 648 678 697 678 7322 -2850 704 -6512 1202 -250 8 -15 -21
1533770651.0216174 677 623 647 676 700 673 6852 -2814 1128 -4944 -3282 3728 11 -13 -19
1533770651.0850027 624 611 637 613 683 589 6366 -5984 1806 -4107 4394 -2985 12 -9 -20
1533770651.1552532 608 619 634 600 673 579 8112 -3568 14 -1561 3869 -3425 18 -8 -20
1533770651.234366 635 617 638 618 690 588 7266 -5318 1404 -5108 6936 3594 15 -7 -16
1533770651.2971125 635 615 637 618 690 587 7216 -1124 144 -8021 3303 -9606 16 -2 -13
1533770651.376825 609 589 631 608 671 578 7964 -3870 390 -3920 -1143 -2248 21 2 -5
1533770651.4394765 618 600 634 612 677 583 9122 -3388 478 -5304 -6342 4799 22 6 -7
1533770651.517678 636 615 637 618 692 588 3954 -1612 -368 18629 8723 -7654 26 4 -10
1533770651.595525 630 606 636 617 684 586 6744 -2646 594 -193 2702 3616 22 4 -10
1533770651.655643 641 618 638 620 694 590 7434 -816 2624 -4647 4598 -6213 14 10 -5
1533770651.718181 695 637 648 679 706 679 7936 -2748 848 2169 -323 -1814 16 14 -2
1533770651.7964885 708 644 650 691 713 698 6836 -3166 2372 -2327 -2017 -1407 17 14 -5
1533770651.8587193 679 627 645 666 696 660 7960 -2292 1166 -624 354 -5487 14 14 -3
1533770651.9214487 640 614 640 625 685 610 9228 -2636 610 558 -2701 4844 14 17 -3
1533770652.0053773 598 602 633 590 666 578 8634 -1256 1104 -857 -2228 8301 15 14 -4
1533770652.0698833 586 610 631 583 658 573 6426 -1550 1746 -2038 -2287 1830 20 15 -6
1533770652.1378722 588 609 631 587 658 573 6274 -3558 560 -2039 -189 1039 24 8 -7
1533770652.2000906 591 609 632 590 660 574 6854 -3554 -150 1618 551 -2295 26 10 -8
1533770652.2818618 591 609 631 593 660 574 8016 -3418 204 3314 -900 -1075 26 8 -11
1533770652.3512406 589 609 632 591 659 573 9116 -4070 -244 6353 -3655 4865 22 9 -8
1533770652.4074867 594 610 632 594 662 575 7820 -5088 1380 -4146 -6741 -3372 19 6 -7
1533770652.4857013 604 613 634 602 669 579 7064 -3138 924 -1394 -5958 4699 18 8 -9
1533770652.5481925 617 616 636 610 677 583 8958 -3362 -670 -914 -183 -3099 21 6 -11
1533770652.6334538 577 610 631 578 654 570 13364 -1034 -1228 7962 3196 5024 21 4 -14
1533770652.7021072 571 606 630 574 650 567 6436 -2342 1410 -411 3436 -1985 19 3 -13
1533770652.7645955 606 614 635 603 672 579 5006 -3870 124 847 -439 5429 22 5 -10
1533770652.8272583 591 610 632 591 661 574 5974 -4406 462 2606 -779 -2108 29 2 -11
1533770652.905185 610 614 635 607 672 580 7404 -948 2790 3504 14384 -13902 25 3 -12
1533770652.9994135 612 615 635 610 673 580 8554 -2008 2138 14896 8077 -7130 16 4 -8
1533770653.0423594 615 617 636 612 675 582 7080 -2468 3222 7469 1974 -1490 5 13 -1
1533770653.1197526 609 616 635 608 672 580 7716 -2034 3356 108 -9275 -6632 -4 13 -3
1533770653.1873262 612 616 636 611 673 581 7424 -272 1858 -4953 -9868 -8116 -7 14 -3
1533770653.2496893 615 616 636 613 674 581 7598 -1608 -104 -3314 -5734 80 -13 6 -12
1533770653.3279061 615 616 636 613 674 581 8426 2020 -800 -4661 3229 -909 -13 -4 -18
1533770653.3918755 616 616 636 613 674 581 7482 850 -1138 -4468 -2664 3618 -11 -3 -17
1533770653.475881 615 618 636 614 674 581 7974 -586 2598 -1953 7240 -557 -7 -7 -21
1533770653.5352843 613 616 635 611 672 580 7176 -2462 -1960 3746 -1191 -3360 -2 -4 -17
1533770653.62198 612 616 636 612 672 580 8088 634 -1032 -5855 -4000 -4344 -4 -10 -19
1533770653.7071118 611 616 635 611 671 580 8282 -150 -1404 -958 -3272 -385 -8 -10 -22
1533770653.7558417 610 615 635 612 671 580 7614 -450 -506 -964 -1072 281 -9 -14 -25
1533770653.8184373 610 614 635 613 670 579 8042 346 -824 -192 -739 -988 -7 -12 -26
1533770653.8964362 608 613 635 612 669 579 8112 558 -690 -1282 -1306 -1777 -7 -13 -26
1533770653.9747398 607 613 634 611 667 578 8022 476 -1620 671 -3141 -770 -8 -17 -27
1533770654.0460353 577 607 631 585 650 568 8368 892 -2176 2633 -1152 667 -9 -17 -29
1533770654.1188447 609 614 635 612 669 579 8160 712 -830 -8245 -218 -3776 -10 -17 -31
1533770654.1855497 609 615 635 611 668 579 8156 1330 -1900 864 -498 4290 -8 -17 -30
1533770654.2482882 608 615 635 611 669 579 8056 118 -1102 1707 291 2442 -8 -16 -30
1533770654.321141 609 615 635 611 668 579 7934 86 -1718 -3159 -4436 -1686 -5 -22 -33
1533770654.4078667 610 616 635 612 669 579 9568 928 -2482 7152 1635 -3198 -6 -20 -31
1533770654.4705856 610 615 635 612 669 579 7836 898 -2044 4147 1755 254 -6 -21 -34
1533770654.532839 610 615 635 612 669 579 6922 248 -1172 4806 2774 4118 -8 -22 -37
1533770654.6147969 609 615 635 612 669 579 8644 -220 -1740 -5842 -5927 -667 -10 -21 -34
1533770654.671345 606 614 634 610 668 578 6702 1600 -2972 2687 4554 756 -9 -22 -36
1533770654.7494519 607 614 635 611 668 578 8040 -208 -1264 824 1074 1234 -8 -22 -37
1533770654.8121686 606 614 635 610 668 578 7416 1078 -3054 1054 1800 1720 -6 -23 -36
1533770654.8900437 606 614 635 610 668 578 7880 -316 -1796 762 -242 248 -7 -21 -37
1533770654.9527867 615 615 635 617 672 581 7950 -218 -1612 26 453 -444 -8 -23 -36
1533770655.032538 624 618 637 626 678 584 7772 624 -1928 1607 301 971 -8 -21 -36
1533770655.111776 625 618 637 626 678 585 7480 322 -2292 561 -430 852 -4 -23 -36
1533770655.1701915 625 618 637 627 678 585 7908 138 -2026 810 -1360 -355 -5 -22 -37
1533770655.2355597 625 618 637 626 678 585 7880 394 -2730 403 542 824 -7 -24 -37
1533770655.298078 607 614 635 611 667 578 8514 -212 -1848 2433 274 400 -7 -25 -39
1533770655.3604379 613 615 635 616 671 580 7192 -2 -1800 2753 2862 151 -4 -25 -39
1533770655.4385483 614 615 635 617 672 581 7050 -1250 -2152 351 866 -1001 -8 -25 -38
1533770655.5012872 614 615 635 617 672 581 7780 -730 -954 -316 -930 379 -8 -26 -37
1533770655.5793798 613 615 635 616 671 581 10162 520 -2976 1203 -760 -1513 -9 -23 -36
1533770655.6541834 613 616 636 617 672 581 7698 552 -916 -2038 -1038 -1464 -10 -24 -36
1533770655.7307885 615 616 636 618 672 581 7830 -78 -2272 1725 -665 1041 -8 -22 -36
1533770655.8036196 624 618 637 626 678 584 7922 118 -1804 -390 680 -44 -9 -23 -37
1533770655.8661103 622 618 637 624 677 584 7952 -188 -1934 168 -117 340 -8 -23 -37
1533770655.9285889 611 616 635 613 669 580 7902 14 -1876 733 936 407 -10 -20 -36
1533770655.9910944 624 618 637 625 678 585 7968 -86 -1982 -654 808 214 -10 -21 -38
1533770656.0689979 626 619 637 627 678 585 7936 -86 -1628 198 -74 99 -10 -23 -37
1533770656.1377752 626 619 637 627 678 586 7916 -54 -1768 247 273 321 -7 -20 -36
1533770656.203909 625 619 637 626 678 586 7880 50 -1850 307 463 188 -9 -19 -34
1533770656.2707207 625 619 637 625 677 586 7926 -30 -1790 -126 -74 58 -7 -22 -35
1533770656.3405347 623 619 637 624 676 586 7878 -28 -1874 -1587 876 1023 -9 -22 -36
1533770656.4086761 625 620 637 626 677 587 7930 -238 -1562 994 148 706 -7 -22 -34
1533770656.4870496 626 620 637 626 677 588 7970 -136 -1840 -182 323 -344 -8 -20 -34
1533770656.5339015 626 620 638 626 677 588 7932 -152 -1886 712 442 694 -5 -21 -35
1533770656.611945 627 620 638 626 678 588 7882 -98 -1818 96 98 -3 -6 -21 -35
1533770656.671345 626 620 638 626 678 588 8022 -280 -1796 271 180 97 -6 -21 -34
1533770656.7340574 626 621 638 626 678 588 8020 -194 -1594 449 139 201 -4 -23 -36
1533770656.8119705 627 621 638 627 678 589 7956 -290 -1758 -294 155 -89 -6 -22 -37
1533770656.8745492 627 621 638 627 678 589 8110 -328 -1662 348 3 183 -4 -22 -35
1533770656.9496844 627 621 638 627 678 589 7954 -300 -1712 315 257 -59 -5 -21 -32
1533770657.0185 627 621 638 626 678 589 7994 -158 -1808 359 106 157 -6 -24 -35
1533770657.0883112 627 621 638 626 678 589 7970 -300 -1752 -93 -286 -221 -6 -21 -34
1533770657.208991 626 621 638 627 678 589 7976 -220 -1676 307 11 93 -6 -21 -35
1533770657.241904 627 621 638 627 678 589 7866 -108 -1742 238 70 -4 -5 -21 -35
1533770657.2867806 627 621 638 627 678 589 7878 -156 -1804 165 199 -8 -7 -22 -35
1533770657.3536031 627 621 638 627 678 589 7878 -166 -1796 72 140 -63 -4 -25 -36
1533770657.4214208 627 621 638 627 678 589 7988 -304 -1872 197 -13 20 -7 -23 -36
1533770657.4882443 627 621 638 627 678 589 7936 -152 -1920 446 240 92 -4 -23 -36
1533770657.555063 626 621 638 627 678 589 7978 -154 -1798 337 191 83 -6 -25 -36
1533770657.6248808 626 620 638 627 678 589 7880 -250 -1748 -35 -92 -241 -6 -24 -34
1533770657.6917017 627 621 638 627 678 589 7932 -174 -1854 228 25 148 -7 -23 -37
1533770657.7595177 626 621 638 627 678 589 7914 -230 -1848 117 56 9 -4 -23 -36
1533770657.8200967 627 621 638 627 678 589 8002 -324 -1802 52 -145 60 -5 -22 -35
1533770657.882582 627 621 638 627 678 589 7954 -284 -1814 252 -129 38 -5 -21 -36
1533770657.945225 627 621 638 627 678 589 7904 -274 -1952 109 90 -169 -6 -21 -38
1533770658.0262897 627 621 638 627 678 589 7920 -304 -1866 271 144 48 -5 -22 -36
1533770658.0893316 626 620 638 627 678 589 7924 -120 -1788 260 113 83 -5 -21 -37
1533770658.1543815 627 620 638 627 677 589 8030 -324 -1950 -111 13 121 -5 -21 -36
1533770658.2264948 627 621 638 627 678 589 7890 -222 -1878 184 -44 -9 -4 -21 -36
1533770658.2889645 627 620 638 627 677 590 7858 -208 -1888 232 296 -54 -5 -22 -37
1533770658.3608625 627 620 638 627 677 589 7850 -214 -1786 249 -61 195 -4 -20 -35
1533770658.423498 626 620 638 627 678 589 7986 -348 -1966 131 -27 2 -6 -23 -37
1533770658.5014555 626 620 638 626 677 589 7836 -178 -1954 214 58 109 -7 -23 -34
1533770658.5639408 626 620 638 626 677 589 7918 -210 -1838 82 112 -115 -5 -24 -38
1533770658.6344776 626 620 638 627 677 589 7908 -242 -1996 162 132 -37 -4 -23 -35
1533770658.687962 626 620 638 626 677 589 7920 -168 -1926 163 68 36 -6 -24 -37
1533770658.7659495 626 620 638 626 677 589 7860 -274 -2002 155 266 -95 -4 -23 -36
1533770658.828436 626 620 638 626 677 589 7956 -304 -1834 248 125 82 -4 -25 -37
1533770658.8911064 625 620 638 626 677 589 7894 -92 -1944 76 220 -148 -4 -25 -38
1533770658.953421 626 620 638 626 677 589 7944 -266 -1738 -25 68 96 -6 -22 -39
1533770659.0379486 626 620 638 626 677 589 7988 -200 -1960 -283 -368 83 -6 -23 -36
1533770659.1059668 626 620 638 626 677 589 7962 -368 -1818 442 363 137 -5 -23 -38
1533770659.1848512 626 620 638 627 677 589 7922 -82 -2004 166 -60 -133 -3 -22 -37
1533770659.2414615 626 620 638 626 677 589 7880 -288 -1848 157 212 281 -5 -23 -38
1533770659.309441 625 620 638 626 677 589 7974 -460 -1888 123 21 -130 -3 -23 -35
1533770659.3614204 626 620 638 626 677 589 7916 -76 -2024 45 61 -287 -4 -22 -37
1533770659.4395275 626 620 638 626 677 589 7982 -336 -1900 -287 96 -199 -4 -24 -36
1533770659.5045035 626 620 638 627 677 589 7916 -158 -2000 237 48 -30 -4 -23 -38
1533770659.5803075 626 620 638 627 677 589 7886 -142 -1844 -29 432 -66 -3 -22 -37
1533770659.6483665 626 620 638 626 677 589 7870 -258 -2102 335 -60 135 -4 -23 -36
1533770659.7165477 626 621 638 627 678 590 7898 -182 -1892 668 271 206 -3 -23 -36
1533770659.7721841 626 621 638 627 677 590 7774 88 -1938 307 157 175 -6 -22 -38
1533770659.8815756 627 621 638 627 678 590 7902 -304 -1754 -6 226 -215 -5 -23 -37
1533770659.912776 626 621 638 627 677 590 7894 -144 -1886 37 168 201 -4 -23 -38
1533770659.975452 627 621 638 627 677 590 8016 -522 -1854 -128 391 -178 -5 -24 -38
1533770660.0535872 626 621 638 627 677 590 7932 -272 -2060 32 -138 -239 -3 -24 -37
1533770660.1219404 626 621 638 627 678 590 7960 -244 -1878 -18 160 -109 -3 -23 -37
1533770660.184425 626 621 638 627 677 590 7888 -324 -1978 134 8 -162 -5 -22 -36
1533770660.2547514 626 621 638 627 678 590 7918 -178 -1934 229 46 -24 -5 -24 -37
1533770660.3281028 627 621 638 627 677 590 7888 -282 -2206 491 417 119 -5 -24 -38
1533770660.3769202 626 621 638 627 678 590 7910 122 -1810 7 445 12 -5 -20 -35
1533770660.4574044 626 621 638 627 678 590 7930 -138 -1754 -46 322 2 -3 -22 -38
1533770660.5606208 627 621 639 627 678 590 8004 -198 -1960 576 468 593 -6 -21 -37
1533770660.588336 627 621 638 627 677 590 7976 -314 -1770 468 422 -41 -5 -23 -35
1533770660.6609046 627 622 638 627 678 591 7904 -336 -1890 475 159 93 -2 -25 -37
1533770660.7277257 628 622 638 628 679 591 7922 -172 -1886 155 93 -52 -3 -21 -35
1533770660.7957149 628 622 638 628 679 591 7928 -156 -1740 268 -54 50 -4 -24 -36
1533770660.8569632 628 622 638 628 678 591 7950 -356 -1844 291 273 -62 -4 -23 -35
1533770660.9220126 628 622 638 628 679 591 7942 -194 -1818 227 81 -115 -4 -22 -37
1533770660.9893558 628 622 638 628 679 591 7958 -150 -1788 395 322 344 -5 -21 -38
1533770661.0657406 628 622 639 628 679 591 7928 -220 -1860 492 47 55 -5 -23 -35
1533770661.1315658 628 622 639 628 678 591 7868 -96 -1762 295 235 20 -4 -21 -33
1533770661.215999 628 622 639 628 679 591 7944 -306 -1990 141 83 -124 -4 -21 -37
1533770661.2559922 628 622 638 628 679 591 7944 -316 -1906 390 190 314 -4 -22 -37
1533770661.3195105 628 622 639 628 678 591 7936 -148 -1918 363 276 69 -5 -23 -35
1533770661.393014 628 622 639 628 679 591 7988 -370 -1738 310 225 270 -4 -23 -37
1533770661.4700758 629 622 638 629 679 592 7978 -252 -1944 345 227 25 -4 -24 -34
1533770661.5376225 629 622 639 629 679 592 7880 -234 -1942 400 238 320 -3 -21 -35
1533770661.6039963 629 622 639 629 679 591 7910 -256 -1834 195 17 81 -4 -22 -36
1533770661.6724873 629 622 639 629 679 591 7928 -402 -1820 683 497 413 -4 -22 -37
1533770661.7394114 629 622 638 629 680 591 7902 -278 -1834 306 122 199 -5 -21 -34
1533770661.8021226 629 622 639 629 679 592 7940 -392 -1718 512 581 364 -5 -22 -35
1533770661.880004 630 623 639 629 679 592 7908 -432 -1760 424 224 370 -2 -22 -34
1533770661.9424894 630 622 639 629 679 592 7992 -500 -1730 42 356 142 -3 -23 -36
1533770662.010888 629 622 639 629 679 592 7998 -538 -1616 744 297 314 -2 -22 -36
1533770662.076134 629 623 639 629 679 592 7946 -454 -1698 1485 860 705 -3 -21 -35
1533770662.1389718 629 622 639 629 679 592 7930 -542 -1582 273 284 318 -2 -22 -33
1533770662.2014587 629 622 639 629 679 591 7926 -732 -1640 285 183 154 -2 -22 -35
1533770662.287962 629 622 639 629 679 591 7860 -554 -1614 1972 1283 1140 -1 -21 -34
1533770662.3504102 629 622 639 629 679 592 7976 -694 -1414 192 -13 -3 -2 -21 -34
1533770662.4231675 629 621 639 629 679 591 7962 -704 -1688 -26 -202 -125 -1 -24 -34
1533770662.4890501 629 622 639 629 679 592 7982 -712 -1458 191 181 120 -3 -19 -32
1533770662.5671568 629 622 639 629 679 592 7948 -584 -1650 174 272 158 -4 -21 -34
1533770662.6223805 629 621 639 629 678 592 7964 -690 -1580 -301 -6 -137 -1 -22 -33
1533770662.6903303 629 621 639 629 679 591 7826 -686 -1506 329 36 -52 -1 -21 -35
1533770662.756027 629 621 638 628 678 591 7938 -662 -1692 155 -69 129 0 -21 -33
1533770662.8185163 628 621 638 628 678 591 7742 -794 -1480 300 314 85 -1 -21 -33
1533770662.8966215 628 620 637 627 678 590 7774 -582 -1492 376 73 340 -3 -22 -35
1533770662.968698 628 621 636 626 678 589 7934 -838 -1520 -35 -485 -541 -1 -22 -35
1533770663.038712 615 618 633 614 671 583 7764 -664 -1574 -1109 -766 -191 -2 -19 -33
1533770663.1055503 617 618 631 613 672 582 7966 -768 -1772 75 342 45 0 -22 -33
1533770663.17087 610 616 629 607 668 578 7906 -822 -1520 424 -192 264 0 -21 -34
1533770663.2564998 607 615 626 603 666 576 8260 -814 -1802 1186 -227 786 0 -21 -33
1533770663.3033671 606 615 627 603 667 577 7888 -912 -1700 503 314 -14 1 -23 -36
1533770663.3772514 605 615 629 605 667 579 8330 -996 -2328 -478 597 -631 0 -22 -32
1533770663.4397357 610 616 633 610 669 583 6558 -1000 -820 -3214 544 -3186 -2 -22 -36
1533770663.5216808 614 617 635 614 671 585 8090 -684 -1398 586 -1704 -411 0 -21 -33
1533770663.5928373 615 617 636 616 671 586 7902 -484 -2024 -662 -348 -341 -4 -24 -33
1533770663.655103 614 617 636 615 670 586 7988 -558 -1602 124 61 -114 -4 -24 -34
1533770663.7264378 616 618 636 616 671 586 7940 -504 -1770 59 -65 4 -3 -20 -35
1533770663.7894278 615 618 636 616 670 586 7984 -616 -1758 190 259 -194 -1 -21 -33
1533770663.8519123 615 618 636 616 670 587 8070 -360 -1754 221 56 159 -2 -23 -35
1533770663.9300187 615 618 636 616 670 586 7872 -606 -1800 167 -74 28 -1 -22 -34
1533770663.9963107 614 618 636 615 669 586 7968 -464 -1626 272 344 73 -1 -22 -36
1533770664.0554175 614 618 637 615 670 586 7874 -482 -1776 148 32 166 -1 -22 -35
1533770664.1221313 612 617 636 613 668 586 7920 -514 -1682 380 34 228 -2 -20 -34
1533770664.1848855 613 618 636 614 669 586 8042 -578 -1690 161 110 -65 -1 -23 -36
1533770664.2551224 613 619 637 614 670 586 7918 -536 -1770 221 113 165 -2 -22 -34
1533770664.3332317 614 619 637 616 670 587 7920 -530 -1760 154 35 21 -3 -20 -35
1533770664.3923106 614 618 637 616 670 586 7910 -544 -1690 78 26 -22 -2 -23 -34
1533770664.4652538 615 618 637 616 670 586 7994 -582 -1684 166 121 64 -1 -21 -34
1533770664.5234268 614 618 637 615 670 586 7906 -524 -1736 294 134 -33 0 -20 -35
1533770664.6188667 614 618 637 615 670 586 7986 -662 -1642 47 -12 -329 -2 -22 -34
1533770664.6534157 614 618 637 616 670 586 7932 -512 -1780 269 181 213 1 -21 -35
1533770664.736127 614 618 637 616 670 586 7916 -540 -1766 401 109 248 -1 -23 -34
1533770664.7875688 614 619 637 616 670 587 7952 -616 -1676 87 220 70 -1 -21 -32
1533770664.8656704 616 619 638 617 671 587 7946 -626 -1624 252 173 -33 -1 -21 -34
1533770664.928158 616 620 637 616 672 587 7912 -456 -1702 243 420 406 -1 -23 -35
1533770665.005975 617 621 638 617 673 587 7904 -494 -1742 92 283 -300 -1 -22 -33
1533770665.0724936 617 621 638 617 673 587 7970 -632 -1692 103 -63 38 0 -22 -34
1533770665.138161 618 622 638 618 673 588 7920 -616 -1596 269 211 168 1 -22 -35
1533770665.2062066 619 622 638 618 674 588 7952 -534 -1682 176 233 -46 0 -20 -33
1533770665.2961414 619 623 638 618 674 588 7972 -730 -1768 78 99 13 0 -23 -34
1533770665.338134 619 623 638 618 675 588 7962 -578 -1710 326 248 -12 0 -22 -35
1533770665.392779 620 623 638 618 674 588 7928 -566 -1678 80 169 30 0 -23 -33
1533770665.4698038 620 623 638 618 674 588 8344 -490 -1558 656 -142 393 1 -23 -34
1533770665.538369 619 623 637 618 674 588 7940 -762 -1732 61 -131 -17 -1 -22 -35
1533770665.6062405 619 623 637 617 674 587 8048 -492 -1654 834 496 141 -2 -23 -33
1533770665.6754472 618 622 635 615 674 585 7876 -456 -1826 368 517 279 -3 -21 -34
1533770665.7432666 618 622 633 614 674 583 8000 -630 -1660 312 -557 447 0 -23 -33
1533770665.8032436 604 620 630 600 666 578 7830 -758 -1634 120 12 313 1 -23 -35
1533770665.865729 601 619 629 597 665 577 7934 -952 -1650 706 245 412 2 -22 -36
1533770665.9512124 613 620 630 610 673 580 7964 -588 -1662 247 587 -139 -1 -21 -33
1533770666.012053 609 618 628 606 670 578 7910 -710 -1610 594 529 125 0 -21 -33
1533770666.0754852 610 618 629 607 670 579 7938 -782 -1702 115 -55 -37 -1 -21 -35
1533770666.1495311 609 617 629 606 670 579 8058 -928 -1708 -201 272 -424 1 -20 -33
1533770666.217988 611 618 631 610 671 581 8118 -866 -1950 660 1763 231 -1 -22 -32
1533770666.287142 604 617 632 604 666 580 7482 78 -1060 -2068 -34 -2326 -1 -21 -34
1533770666.3609142 604 617 633 605 666 581 7972 -340 -1854 -491 -1313 -254 -1 -22 -32
1533770666.423878 605 618 634 606 667 582 7890 -550 -1706 557 539 179 -3 -21 -31
1533770666.4953635 605 618 634 606 667 582 7956 -566 -1654 214 26 202 -1 -21 -36
1533770666.5523639 606 618 634 607 667 582 7910 -428 -1762 202 9 242 0 -21 -34
1533770666.6376398 607 619 635 607 667 582 8026 -554 -1580 325 235 47 -1 -21 -36
1533770666.6941981 607 619 635 608 667 582 7912 -482 -1698 259 33 94 -1 -21 -34
1533770666.7586257 608 620 635 608 668 584 7990 -626 -1716 255 74 55 0 -20 -34
1533770666.8194203 606 620 635 606 666 583 7876 -456 -1700 265 25 144 -1 -22 -36
1533770666.882162 602 619 635 602 663 582 7946 -596 -1518 100 375 121 0 -21 -33
1533770666.9577768 601 619 635 603 664 582 7960 -624 -1640 231 56 49 1 -25 -34
1533770667.026539 604 619 635 605 665 583 7940 -602 -1536 148 166 -178 -1 -22 -35
1533770667.0912747 604 619 635 605 665 582 7972 -618 -1728 110 99 67 0 -23 -34
1533770667.15513 599 618 635 601 662 581 7962 -586 -1688 229 -27 37 0 -21 -33
1533770667.2251549 617 622 638 617 673 587 7972 -562 -1522 159 58 -112 0 -21 -33
1533770667.3056946 619 624 637 618 675 588 7918 -690 -1674 120 260 107 0 -22 -31
1533770667.3603635 622 627 638 619 676 590 7950 -494 -1682 284 120 -131 -1 -20 -34
1533770667.4228501 627 632 639 621 680 592 8032 -712 -1704 -7 -109 -68 0 -22 -33
1533770667.492843 625 630 639 620 680 590 7898 -568 -1608 352 -4 50 0 -22 -33
1533770667.5542538 626 630 639 620 680 590 7978 -742 -1686 251 158 33 -1 -23 -34
1533770667.6244738 626 630 639 620 681 590 7914 -556 -1654 286 12 23 1 -21 -33
1533770667.6930954 626 631 639 621 680 590 7926 -632 -1604 200 257 124 -1 -23 -34
1533770667.751537 628 632 639 621 681 593 7908 -532 -1732 289 86 -96 0 -21 -32
1533770667.8137598 628 632 640 622 681 592 7952 -530 -1530 370 219 118 -1 -22 -35
1533770667.8920815 628 632 640 622 681 592 7914 -630 -1562 38 73 -255 -1 -20 -33
1533770667.9751081 628 632 640 622 681 592 7938 -566 -1676 424 327 285 -1 -20 -33
1533770668.0299423 628 632 640 621 681 592 7910 -600 -1656 153 59 -100 -2 -23 -34
1533770668.091045 628 633 640 622 682 592 7998 -638 -1686 -36 66 -177 -1 -22 -34
1533770668.155933 628 632 640 622 681 592 8000 -588 -1660 197 67 -75 -1 -21 -35
1533770668.233523 626 631 640 621 680 592 7964 -494 -1710 195 276 -152 1 -21 -35
1533770668.287086 625 630 639 621 679 591 7992 -738 -1568 164 66 32 0 -22 -32
1533770668.3605933 625 629 639 621 678 591 8006 -596 -1666 290 84 39 0 -20 -33
1533770668.423078 625 629 639 620 678 591 7964 -594 -1682 149 136 -10 -2 -22 -33
1533770668.499057 625 629 639 620 678 591 7930 -602 -1732 216 170 -52 1 -21 -35
1533770668.5530453 624 628 639 620 678 591 8018 -614 -1728 187 51 -5 1 -20 -33
1533770668.6393151 624 628 639 620 678 591 7938 -626 -1690 274 140 78 -1 -20 -33
1533770668.6861837 624 628 639 620 678 591 7932 -686 -1654 152 156 -27 0 -22 -31
1533770668.765154 624 628 639 621 678 591 7948 -578 -1742 320 141 60 -2 -21 -35
1533770668.8191202 624 628 639 620 678 591 7954 -558 -1648 205 105 -25 -1 -22 -34
1533770668.8974888 624 628 639 621 678 591 7914 -628 -1706 135 139 9 -1 -23 -32
1533770668.9655583 624 627 639 620 677 591 7896 -530 -1720 55 160 -57 -3 -22 -32
1533770669.0323708 623 627 639 620 677 590 8000 -682 -1756 249 44 63 -1 -21 -34
1533770669.0981302 623 626 639 620 676 591 7960 -600 -1652 384 315 76 1 -22 -34
1533770669.1536915 622 626 639 620 676 590 7902 -584 -1658 142 248 52 -1 -19 -34
1533770669.2314165 622 626 639 620 676 590 7924 -618 -1808 257 192 27 1 -21 -34
1533770669.3151548 622 625 639 620 675 590 7892 -634 -1638 74 206 -155 -1 -19 -32
1533770669.3620586 621 625 639 620 675 590 7906 -586 -1742 82 45 -177 0 -21 -34
1533770669.4246569 621 625 639 620 675 590 7964 -550 -1626 328 206 48 0 -21 -34
1533770669.4978957 621 625 639 620 675 590 7952 -546 -1690 126 68 -12 -2 -21 -33
1533770669.5545614 621 625 639 619 675 590 7918 -654 -1642 231 164 -77 0 -22 -33
1533770669.6220737 620 624 638 618 675 589 7974 -752 -1794 -146 93 -432 1 -22 -35
1533770669.7001815 617 623 636 615 673 587 8028 -384 -1580 624 459 204 0 -21 -35
1533770669.7564468 614 622 634 611 671 584 7794 -790 -1458 -280 -114 -332 -2 -21 -36
1533770669.8345544 611 621 632 608 670 582 7966 -706 -1666 575 -592 520 0 -22 -33
1533770669.8970404 608 623 637 611 668 589 7934 -718 -1572 279 -445 113 2 -19 -33
1533770669.984855 623 630 652 633 679 609 8094 -806 -1862 360 -44 62 1 -22 -33
1533770670.0397115 623 628 639 620 678 595 7856 -636 -1744 353 226 62 1 -22 -34
1533770670.1070743 637 637 650 636 688 611 7958 -766 -1718 141 49 -168 2 -22 -35
1533770670.1691873 635 638 642 628 688 601 8032 -772 -1838 18 278 -203 1 -23 -35
1533770670.2436597 639 640 654 638 688 613 8082 -676 -2060 -796 1097 -276 1 -21 -35
1533770670.3037736 625 633 637 617 682 591 7910 -344 -924 -179 -406 -835 1 -23 -34
1533770670.3766172 628 634 638 620 683 592 7942 -554 -2178 -49 -972 -262 0 -22 -31
1533770670.4388406 623 632 638 615 680 591 7908 -496 -1750 83 246 -75 -1 -22 -36
1533770670.5162027 610 628 636 605 675 588 7918 -492 -1720 104 60 -59 -1 -21 -34
1533770670.5836856 623 631 638 617 679 591 7880 -524 -1870 298 165 -8 -2 -21 -36
1533770670.6535451 624 632 638 618 680 591 7984 -454 -1706 147 151 -151 2 -23 -38
1533770670.7160275 621 629 638 617 677 590 7868 -496 -1808 54 108 154 -2 -21 -35
1533770670.7787817 619 627 638 617 676 590 7952 -636 -1798 291 112 137 -1 -23 -33
1533770670.8409972 619 626 638 617 675 589 7870 -402 -1740 267 99 -16 -1 -23 -36
1533770670.9193375 619 626 638 616 674 589 7932 -504 -1698 110 137 186 -1 -23 -36
1533770670.9888797 617 626 638 615 674 589 7888 -546 -1684 263 105 161 0 -22 -37
1533770671.0569212 618 626 638 616 674 589 7954 -620 -1932 130 154 -105 0 -23 -36
1533770671.121493 619 627 638 617 675 589 7924 -500 -1714 292 54 21 0 -23 -35
1533770671.184878 620 628 638 617 676 590 7916 -588 -1864 9 60 -136 -1 -23 -35
1533770671.2534902 620 628 639 617 676 590 7912 -510 -1782 167 83 -48 0 -21 -34
1533770671.3349957 620 628 639 617 676 590 7892 -602 -1774 34 174 -128 -2 -21 -35
1533770671.3769083 621 629 639 617 676 590 7930 -516 -1794 265 98 11 -1 -22 -35
1533770671.4395697 620 628 639 617 676 590 7896 -550 -1744 83 81 -64 -1 -22 -35
1533770671.5198543 620 627 639 617 675 590 7902 -562 -1938 156 89 -60 0 -23 -35
1533770671.5854702 619 627 639 617 675 590 7916 -564 -1788 174 42 -23 0 -23 -36
1533770671.6396573 619 627 639 616 675 589 7956 -620 -1838 69 31 -68 2 -23 -34
1533770671.7172308 618 627 638 616 675 589 7860 -524 -1780 237 163 -8 -1 -21 -34
1533770671.770909 620 628 639 618 677 590 8020 -546 -1700 203 154 -81 0 -22 -35
1533770671.849016 621 628 639 618 676 590 7906 -584 -1858 223 176 37 -1 -23 -35
1533770671.9117372 621 628 639 618 676 590 7936 -568 -1752 194 110 -87 3 -20 -35
1533770672.0097275 621 628 639 619 676 590 7934 -562 -1850 168 179 26 -1 -22 -36
1533770672.038655 621 627 639 618 676 590 7924 -528 -1764 193 77 44 -2 -23 -35
1533770672.1205523 621 627 639 618 676 590 7924 -572 -1758 203 214 -11 -1 -22 -34
1533770672.1848192 621 627 639 618 676 590 7834 -516 -1864 210 251 91 -1 -23 -34
1533770672.2552314 621 627 639 619 676 590 7916 -538 -1766 177 121 -63 -1 -22 -35
1533770672.319698 621 627 639 618 676 590 7902 -494 -1820 252 213 44 -1 -21 -35
1533770672.3765056 621 627 639 619 676 590 7906 -572 -1796 154 98 -88 -1 -23 -35
1533770672.4391062 621 627 639 619 676 590 7938 -630 -1784 277 46 11 0 -21 -35
1533770672.521326 621 628 639 619 676 590 7942 -558 -1850 148 194 -40 0 -22 -38
1533770672.5897722 621 627 639 619 676 590 7912 -526 -1838 237 108 24 -1 -21 -35
1533770672.653526 622 627 639 619 676 590 7874 -622 -1886 210 220 32 -2 -24 -37
1533770672.7222538 621 627 639 619 676 590 7886 -538 -1894 218 108 137 1 -23 -36
1533770672.7878368 621 627 639 619 676 591 7856 -494 -1828 207 28 -115 -1 -22 -35
1533770672.8505676 622 628 639 619 676 590 7968 -556 -1804 254 122 41 1 -22 -34
1533770672.9128067 622 628 639 619 676 591 7912 -556 -1810 246 134 16 -1 -23 -35
1533770672.9755447 622 628 639 619 676 590 7962 -604 -1844 268 107 65 0 -21 -36
1533770673.0421875 622 628 639 619 676 591 7926 -484 -1788 261 34 48 0 -22 -35
1533770673.1213093 622 628 639 619 677 591 7890 -538 -1862 243 240 -68 0 -24 -36
1533770673.186497 623 628 639 619 677 591 7960 -618 -1800 162 46 24 0 -22 -36
1533770673.2537677 623 628 639 619 677 591 7876 -476 -1766 383 256 98 -1 -21 -37
1533770673.3346448 623 628 639 620 677 591 7874 -572 -1844 87 110 -163 0 -23 -34
1533770673.3762836 623 629 639 620 678 591 7992 -576 -1898 223 115 37 0 -24 -38
1533770673.4387655 623 629 640 620 678 591 7932 -566 -1804 235 179 37 1 -22 -34
1533770673.5197184 624 630 640 620 678 591 7888 -496 -1860 180 150 25 -1 -22 -33
1533770673.5848894 624 630 639 620 678 591 7936 -532 -1716 191 78 -56 0 -22 -35
1533770673.6396458 625 631 640 621 679 592 7930 -600 -1812 22 193 -1 -1 -23 -36
1533770673.7164495 626 632 640 621 680 592 7930 -648 -1768 157 85 -9 0 -24 -35
1533770673.7707503 626 632 640 621 680 592 7900 -582 -1812 121 124 -97 -2 -21 -37
1533770673.849039 628 634 640 622 682 592 7918 -600 -1818 209 143 129 1 -24 -35
1533770673.9113457 629 635 640 622 683 593 7932 -564 -1748 97 202 -183 0 -23 -35
1533770674.0037124 629 635 640 622 684 593 7922 -582 -1938 163 159 -67 -2 -22 -36
1533770674.037892 629 636 641 622 684 593 7888 -550 -1828 140 68 53 3 -23 -36
1533770674.118511 630 637 641 622 684 593 7860 -564 -1792 65 41 -164 -1 -22 -35
1533770674.185429 629 636 640 622 684 592 7860 -596 -1946 271 -268 78 0 -23 -36
1533770674.2526512 628 635 639 621 683 592 7848 -436 -1726 299 286 -3 -2 -20 -37
1533770674.3195982 627 634 638 619 682 590 7814 -654 -1620 -136 -136 59 0 -21 -37
1533770674.3766832 624 632 636 617 680 588 7910 -552 -1856 123 390 -240 0 -23 -35
1533770674.4560623 615 626 634 610 673 585 7974 -608 -1806 472 375 217 0 -21 -35
1533770674.5217083 614 625 633 608 672 584 7866 -606 -1766 103 350 -14 0 -23 -33
1533770674.5844607 615 624 633 610 673 586 7922 -462 -1882 549 -114 386 -1 -22 -35
1533770674.669641 617 624 633 613 674 586 7718 -474 -1804 407 -498 -4 -2 -21 -36
1533770674.72979 620 625 632 615 677 587 7870 -842 -1954 -338 146 -613 1 -21 -35
1533770674.7873256 621 629 632 616 681 588 7956 -560 -1832 172 118 -205 1 -24 -37
1533770674.849629 624 634 631 611 685 588 7984 -598 -1964 106 140 -52 2 -22 -36
1533770674.9276717 624 631 631 610 682 588 8150 -472 -2044 280 241 126 1 -22 -37
1533770675.001771 618 629 632 608 678 587 8002 -978 -2144 -1530 747 -420 0 -21 -37
1533770675.0690186 622 628 635 615 679 588 7852 12 -1068 -180 -280 -791 1 -22 -36
1533770675.1374326 610 620 634 610 669 585 7954 -406 -2282 693 -822 -92 -1 -24 -37
1533770675.2057884 610 619 635 611 669 586 7890 -374 -1906 287 461 125 0 -21 -36
1533770675.2715893 605 617 635 609 667 585 7908 -470 -1894 146 -10 61 -1 -22 -36
1533770675.3496451 608 619 635 610 667 585 7884 -386 -1910 147 70 67 -1 -22 -36
1533770675.3925529 623 631 638 617 680 590 7856 -462 -2004 226 193 229 1 -23 -36
1533770675.4729457 624 633 638 617 681 591 7894 -430 -1900 127 -37 88 -1 -22 -36
1533770675.5385344 621 631 638 615 678 590 7902 -422 -1932 227 221 -26 -1 -22 -36
1533770675.60852 620 629 638 615 678 589 7890 -466 -1858 273 234 156 1 -23 -37
1533770675.6705542 623 631 638 617 680 590 7906 -472 -1946 49 126 22 -1 -23 -35
1533770675.7397637 624 632 639 618 681 591 7938 -526 -1878 186 7 17 -1 -23 -35
1533770675.802367 626 634 639 618 682 591 7932 -490 -1896 257 221 121 0 -21 -36
1533770675.8648512 628 636 640 619 684 592 7920 -426 -1894 307 73 78 -1 -24 -35
1533770675.9275224 624 632 639 618 681 591 7942 -488 -1848 273 161 117 -1 -24 -37
1533770676.0252516 619 627 638 616 676 589 7992 -518 -1880 260 105 58 -1 -22 -37
1533770676.0735059 616 624 637 614 673 588 7796 -460 -1872 238 147 71 0 -23 -35
1533770676.1413655 617 624 638 615 674 588 7890 -528 -1948 -15 120 -146 0 -22 -34
1533770676.1925623 617 625 638 615 674 588 7918 -546 -1946 281 239 96 0 -23 -37
1533770676.2718859 616 623 638 614 672 587 7952 -568 -1948 281 206 109 2 -25 -36
1533770676.3343709 616 623 637 615 672 588 7874 -450 -1966 330 91 40 1 -23 -36
1533770676.3922758 615 622 637 615 672 587 7920 -494 -1910 256 82 -27 -1 -24 -35
1533770676.4698012 615 622 637 614 672 587 7868 -566 -1854 273 86 9 1 -23 -35
1533770676.5219672 616 623 638 615 672 588 7908 -572 -1912 251 254 95 1 -22 -36
1533770676.6038096 617 624 638 616 673 588 7940 -502 -1970 247 130 -7 -1 -22 -35
1533770676.668856 618 624 638 616 673 588 7888 -434 -1932 258 200 82 0 -23 -36
1533770676.734755 617 624 638 616 673 588 7896 -470 -1972 138 80 -33 1 -23 -35
1533770676.7883973 616 623 638 616 673 588 7912 -572 -1902 225 123 125 0 -23 -37
1533770676.8665037 617 623 638 615 673 588 7876 -436 -1870 214 124 -34 -1 -22 -37
1533770676.9290626 617 623 638 616 672 588 7872 -510 -1898 78 75 -46 -1 -24 -35
1533770677.003776 616 624 638 615 673 588 7884 -542 -1972 184 136 -23 2 -23 -35
1533770677.0697708 616 623 638 615 672 588 7870 -348 -1866 89 90 -145 0 -23 -36
1533770677.1222935 616 623 638 615 672 588 7884 -682 -1808 21 209 -100 1 -25 -36
1533770677.190752 616 623 638 615 672 588 7890 -478 -1954 145 197 34 1 -22 -36
1533770677.2696948 615 623 638 615 672 587 7926 -538 -1894 229 50 -101 0 -24 -36
1533770677.3585327 615 622 637 615 671 587 7922 -520 -1952 339 148 44 0 -21 -34
1533770677.3921144 616 622 638 615 672 587 7884 -570 -1940 270 266 43 -1 -23 -38
1533770677.4696312 615 622 638 615 672 587 7898 -454 -2052 230 153 119 1 -24 -37
1533770677.5226536 614 622 638 614 671 587 7912 -520 -1868 283 140 79 0 -24 -36
1533770677.6042798 614 621 638 615 670 587 7896 -544 -1866 125 141 -143 1 -23 -36
1533770677.670632 614 621 637 614 670 587 7966 -570 -2002 233 173 103 0 -24 -36
1533770677.7381148 613 620 637 614 669 587 7912 -456 -1858 274 210 -10 0 -23 -36
1533770677.8016133 612 619 637 614 669 587 7884 -568 -1930 179 60 3 0 -23 -36
1533770677.8643522 611 619 637 613 668 587 7846 -504 -1934 285 223 58 1 -24 -36
1533770677.9265854 611 619 637 613 668 586 7876 -326 -1946 210 134 4 0 -23 -35
1533770678.0182948 611 619 637 613 667 586 7894 -600 -1810 71 -35 -151 1 -24 -37
1533770678.0571747 610 618 637 612 667 586 7890 -538 -2084 113 148 138 0 -23 -36
1533770678.134325 605 617 636 608 664 584 7864 -466 -1904 181 110 -170 0 -20 -36
1533770678.199708 599 616 636 602 660 582 7908 -566 -1770 83 221 79 0 -23 -37
1533770678.2541952 597 616 635 600 658 581 7900 -532 -1928 420 162 -23 2 -22 -35
1533770678.3325622 598 616 635 602 660 582 7910 -510 -1886 243 316 184 2 -22 -36
1533770678.3922555 612 619 637 613 668 586 7912 -512 -1954 147 -101 -98 2 -22 -37
1533770678.4683053 612 620 637 613 669 586 7908 -496 -1766 150 256 -41 2 -23 -36
1533770678.5199974 613 620 638 614 669 587 7874 -464 -1930 254 62 15 2 -23 -36
1533770678.600705 613 620 638 615 669 587 7910 -556 -1840 246 252 49 0 -22 -37
1533770678.668819 614 621 638 615 670 587 7830 -460 -1948 131 230 -26 0 -23 -37
1533770678.7331498 614 621 637 614 670 587 8000 -726 -2170 489 214 44 2 -23 -34
1533770678.7863462 613 621 637 613 670 586 7932 -606 -1874 45 352 -121 0 -22 -35
1533770678.864414 612 620 635 612 669 586 7854 -646 -1772 269 160 -22 -1 -24 -37
1533770678.9271603 612 620 634 611 669 584 8318 -626 -2028 828 -194 427 0 -22 -37
1533770679.0049899 604 617 631 603 664 581 7970 -666 -2050 219 -109 133 -1 -22 -35
1533770679.05778 609 618 632 608 667 583 8020 -508 -1934 315 523 -67 0 -23 -38
1533770679.1371713 596 614 630 597 659 579 7904 -420 -1966 349 534 9 2 -22 -37
1533770679.201368 611 618 632 610 669 584 7964 -636 -1950 296 3 60 0 -23 -38
1533770679.2553911 612 617 631 610 669 584 7994 -550 -1958 271 82 97 1 -23 -38
1533770679.3491194 613 618 632 611 671 585 7956 -574 -2040 57 414 -266 0 -23 -36
1533770679.3919563 614 619 633 612 672 585 8566 -712 -2304 1534 230 60 1 -23 -36
1533770679.470179 603 616 633 604 664 582 7274 128 -1348 -469 -198 -1415 1 -23 -36
1533770679.536005 601 616 634 603 663 582 7820 -230 -2126 -528 -586 0 1 -22 -36
1533770679.6050367 602 617 635 604 664 583 7840 -434 -1960 336 312 -51 1 -23 -37
1533770679.670359 601 618 635 603 663 583 7864 -286 -1876 -95 34 -406 0 -24 -37
1533770679.7387216 601 621 635 602 664 583 7874 -380 -2008 255 -93 184 1 -23 -35
1533770679.8013022 596 618 635 606 665 583 7882 -246 -2010 12 160 -181 0 -23 -37
1533770679.86395 595 617 634 598 659 581 7938 -476 -1870 334 -53 296 0 -23 -36
1533770679.926177 611 620 636 612 669 586 7826 -290 -2040 159 444 171 0 -23 -37
1533770680.0300882 603 618 635 604 663 583 7868 -444 -2024 241 540 112 0 -25 -38
1533770680.073321 615 620 637 615 670 588 7686 -334 -1908 -172 306 -91 1 -24 -36
1533770680.1428282 615 620 637 615 671 588 8016 -488 -1870 457 337 369 -2 -22 -37
1533770680.2107205 615 620 637 616 671 588 7794 -268 -1938 572 555 351 -2 -24 -35
1533770680.270343 616 620 637 616 671 588 7776 -508 -1852 373 61 102 0 -24 -37
1533770680.333753 615 620 637 616 671 588 7826 -378 -1892 1062 540 333 -1 -22 -34
1533770680.4074156 615 620 637 616 671 588 8356 -786 -2296 -97 631 839 0 -24 -38
1533770680.4852126 616 620 638 615 671 588 7858 -522 -1664 -1579 1246 -512 -1 -22 -36
1533770680.5517795 596 616 635 598 658 581 7652 -438 -2068 -3090 -10 -1121 0 -21 -34
1533770680.6300824 610 619 637 611 666 585 8058 -432 -1406 -741 -1474 -1186 -1 -22 -35
1533770680.710602 608 619 637 609 666 585 7832 256 -2294 -1892 -1899 -2051 1 -23 -35
1533770680.7720752 604 618 636 607 664 584 7834 38 -2400 -1038 -348 -864 -1 -25 -37
1533770680.8294146 604 617 636 606 663 584 8022 -122 -1904 -12 -154 -648 -5 -25 -37
1533770680.9075716 614 619 638 615 669 588 7534 648 -2586 496 1692 638 -2 -25 -37
1533770680.9801648 615 620 638 616 670 588 8014 -222 -1824 -347 737 281 -4 -26 -37
1533770681.0377536 615 620 637 616 670 588 7876 62 -1828 -221 -356 -795 -1 -25 -37
1533770681.1200728 615 620 638 616 670 588 7878 -150 -1980 -102 -456 -439 -2 -24 -37
1533770681.1871989 613 619 638 615 669 587 7880 246 -2082 623 -89 188 -3 -23 -37
1533770681.254006 612 619 637 613 668 587 7968 222 -2164 293 -490 -382 -3 -26 -38
1533770681.318892 613 619 637 614 668 587 7778 368 -2092 -46 109 -371 -5 -25 -38
1533770681.3916936 621 621 639 621 673 590 7804 38 -2306 730 103 24 -3 -23 -38
1533770681.4551797 619 620 638 620 672 589 7900 206 -2052 884 -8 -33 -3 -25 -37
1533770681.5217383 619 620 638 620 672 590 8078 -80 -2088 198 -118 -1167 -6 -25 -40
1533770681.5843863 619 620 639 620 672 589 7904 462 -2008 1052 -48 -81 -6 -26 -38
1533770681.6550794 619 620 638 620 672 590 7652 260 -2458 435 -292 229 -8 -25 -39
1533770681.7282438 620 620 639 620 672 590 7882 -4 -2254 702 -135 80 -3 -26 -40
1533770681.7949457 619 620 639 620 672 590 7846 274 -2396 813 159 239 -5 -26 -37
1533770681.861195 618 620 639 619 671 589 7836 518 -2302 151 245 339 -7 -26 -40
1533770681.9293237 618 620 638 619 672 589 7982 58 -1988 674 -496 562 -5 -26 -39
1533770681.9977975 619 620 638 620 672 590 7958 -132 -2636 558 -130 146 -5 -25 -40
1533770682.0739903 619 620 639 620 672 589 7754 310 -2164 296 522 -47 -3 -26 -41
1533770682.1319833 618 619 638 619 672 589 7802 194 -2480 38 252 -460 -4 -26 -41
1533770682.1992834 618 619 638 619 671 589 7856 138 -2278 224 192 254 -4 -26 -40
1533770682.2541692 618 619 638 619 671 589 7848 172 -2288 281 247 -174 -7 -26 -40
1533770682.3322752 616 619 638 618 670 589 7736 210 -2264 353 634 10 -6 -26 -40
1533770682.39255 609 617 637 611 666 586 7802 236 -2310 262 126 -147 -5 -26 -38
1533770682.4682515 610 617 637 612 667 587 7810 162 -2314 25 238 -115 -8 -25 -41
1533770682.521666 612 618 638 615 668 588 7876 210 -2378 168 -9 -141 -6 -26 -39
1533770682.600576 612 618 638 615 668 588 7770 306 -2212 215 143 7 -6 -26 -40
1533770682.6645904 613 618 638 614 668 587 7714 266 -2348 74 159 0 -6 -25 -41
1533770682.766135 612 618 637 614 667 587 7912 332 -2262 92 45 14 -6 -25 -41
1533770682.8030348 612 618 638 614 667 587 7796 240 -2102 30 270 -35 -6 -24 -42
1533770682.8618793 611 618 638 614 667 587 7800 200 -2280 231 -123 -29 -6 -25 -41
1533770682.9267054 611 618 638 613 667 587 7870 26 -2078 149 44 -82 -8 -25 -40
1533770682.9935281 611 618 638 613 667 587 7800 354 -2336 337 58 274 -6 -26 -40
1533770683.060347 610 618 637 613 667 587 7814 152 -2268 31 257 -128 -6 -26 -40
1533770683.1261735 610 618 638 613 667 587 7860 88 -2256 261 463 259 -7 -26 -40
1533770683.1919959 610 618 638 613 666 587 7814 304 -2406 369 57 147 -6 -26 -41
1533770683.2598143 610 617 637 613 666 587 7758 196 -2306 -72 254 -246 -6 -27 -39
1533770683.3296313 610 617 637 613 666 587 7880 258 -2202 -21 -121 -253 -4 -27 -39
1533770683.4315 609 617 638 612 666 587 7838 202 -2240 154 260 16 -5 -25 -40
1533770683.4642682 609 617 637 612 666 586 7784 172 -2240 226 133 1 -6 -25 -39
1533770683.5207207 609 617 637 612 666 586 7818 290 -2366 170 48 -180 -6 -27 -40
1533770683.5937 627 621 640 627 676 592 7852 286 -2146 303 160 51 -5 -28 -41
1533770683.6538353 627 621 640 627 676 593 7752 282 -2290 101 -73 -8 -5 -27 -40
1533770683.7265582 627 621 640 627 676 593 7814 214 -2216 136 377 -34 -5 -28 -40
1533770683.7905643 627 621 640 627 676 593 7866 268 -2262 34 -14 8 -7 -24 -40
1533770683.8562186 627 621 640 627 676 592 7772 238 -2312 80 367 -14 -6 -26 -42
1533770683.9235291 627 621 640 627 676 592 7854 50 -2292 201 -251 -35 -7 -25 -39
1533770683.992597 627 621 640 627 676 592 7744 364 -2304 400 620 380 -5 -26 -40
1533770684.0706816 627 621 640 627 676 592 7890 498 -2190 -40 7 -84 -6 -24 -40
1533770684.117547 627 621 640 627 676 592 7754 168 -2580 225 40 71 -5 -24 -38
1533770684.1800308 624 618 639 626 676 589 7900 140 -1938 373 -37 -305 -5 -24 -39
1533770684.2547364 624 618 639 626 676 589 7846 282 -2332 327 58 408 -4 -25 -41
1533770684.3208342 624 618 639 626 676 589 7796 -30 -2256 499 122 322 -6 -25 -41
