1534185281.7266715 631 556 591 674 578 679 7824 648 -2272 258 78 -25 46 -244 26
1534185281.7891502 630 554 589 671 577 676 7830 546 -2304 292 293 130 13 -61 6
1534185281.8653202 629 553 588 670 576 674 7856 604 -2280 283 93 -5 13 -64 4
1534185281.9278085 629 553 587 669 577 673 7808 608 -2316 329 158 -49 10 -63 5
1534185281.9903014 628 553 587 669 577 672 7828 658 -2296 283 201 67 12 -62 7
1534185282.0597122 629 553 587 669 577 672 7834 624 -2252 176 90 -107 10 -62 4
1534185282.1149404 630 553 588 670 578 672 7824 634 -2304 341 201 132 12 -61 6
1534185282.1774273 629 553 588 669 578 672 7858 578 -2352 222 123 -14 12 -64 6
1534185282.2401643 629 553 588 670 578 672 7832 630 -2294 396 196 51 11 -60 4
1534185282.3024015 630 553 588 670 578 672 7830 578 -2244 231 81 44 11 -62 6
1534185282.4139347 629 553 587 670 578 672 7818 684 -2288 305 246 97 11 -60 5
1534185282.4764202 630 553 588 670 578 671 7848 520 -2226 138 64 -13 11 -62 5
1534185282.5474167 631 553 588 670 578 672 7834 580 -2278 181 175 109 10 -62 8
1534185282.6132407 631 554 588 670 579 672 7854 602 -2272 172 56 113 12 -61 3
1534185282.6492343 630 553 588 670 579 672 7806 570 -2330 265 95 361 10 -60 5
1534185282.6960964 630 553 588 670 578 672 7930 752 -2148 1494 -286 683 12 -61 6
1534185282.7645218 630 553 588 670 579 671 7802 192 -2754 3816 1577 1551 13 -62 4
1534185282.8410556 630 553 588 670 578 671 7826 270 -2228 -2108 -153 -716 12 -59 5
1534185282.9068792 630 553 588 671 579 671 7816 330 -2382 -721 164 82 12 -60 5
1534185282.972268 631 553 588 670 578 671 7838 518 -2160 113 464 -225 13 -60 4
1534185283.0291867 630 553 588 670 578 671 7852 378 -2332 143 -415 -275 13 -62 5
1534185283.0979378 630 553 588 670 578 671 7756 488 -2278 -46 248 -138 14 -62 3
1534185283.1606326 630 553 588 670 578 671 7872 456 -2368 177 -231 -59 11 -61 5
1534185283.2377622 630 553 588 670 578 671 7812 478 -2332 79 -252 -105 12 -62 5
1534185283.3069324 630 553 588 671 578 671 7930 422 -2224 -275 -2151 -600 13 -61 5
1534185283.3659196 630 553 588 670 578 671 8176 462 -2700 -419 -2539 -257 11 -62 4
1534185283.4440293 630 553 588 671 578 671 7912 602 -2666 -1027 -2420 -400 10 -62 3
1534185283.5065124 629 553 588 670 578 671 7864 464 -2836 -1003 -3880 -1158 10 -65 -1
1534185283.5886855 630 552 588 670 578 671 7276 842 -3506 -304 -3315 -781 12 -64 -3
1534185283.6468334 630 553 588 670 578 671 7302 842 -3538 -29 -446 -275 12 -67 -7
1534185283.7246966 630 552 588 670 578 671 7422 944 -3440 -120 -708 -234 10 -66 -10
1534185283.7871816 630 552 588 671 578 670 7396 1042 -3540 8 132 114 11 -66 -11
1534185283.8496315 629 553 588 670 578 671 7716 842 -3458 -77 -916 -230 9 -68 -10
1534185283.912113 629 552 588 670 577 671 7350 918 -3464 337 147 -56 9 -68 -10
1534185283.9902198 629 553 588 670 578 671 7000 1164 -3488 585 2058 120 9 -68 -10
1534185284.0640779 629 552 588 670 577 670 7978 470 -3300 564 4464 -262 10 -69 -11
1534185284.1313052 630 552 588 670 577 670 7360 1514 -2666 501 3300 -1228 8 -65 -6
1534185284.193792 630 552 587 670 577 671 7688 742 -3024 2972 5230 942 6 -66 -1
1534185284.2562773 630 552 588 670 577 670 7812 880 -2194 1630 6671 -2093 8 -66 3
1534185284.335546 629 552 588 669 577 671 8630 602 -1686 1441 3043 -372 7 -61 4
1534185284.3978405 629 552 588 670 577 670 7278 1458 -1880 2817 4070 214 5 -58 10
1534185284.4603271 629 552 588 669 577 671 8440 186 -1406 1111 4127 1244 3 -58 11
1534185284.5377784 629 552 588 670 577 671 7922 1184 -936 1258 111 -56 3 -54 16
1534185284.5980093 629 551 588 669 577 671 8368 370 -1472 -378 234 286 0 -55 18
1534185284.6602936 629 552 588 670 577 670 8482 940 -898 -578 -1537 24 2 -52 17
1534185284.738402 629 551 588 669 577 670 8204 746 -1176 -1904 -9032 1009 5 -53 17
1534185284.800886 629 552 588 670 577 671 7562 802 -2110 -4252 -10899 -1090 4 -58 14
1534185284.8826282 629 551 588 670 577 670 7034 1484 -3162 -1648 -4894 -404 6 -62 4
1534185284.945108 629 551 588 669 577 671 7660 1060 -2892 -922 -39 66 6 -63 -4
1534185285.0076747 629 551 588 669 577 670 7616 1066 -2846 -971 -3484 -1056 7 -66 -3
1534185285.104828 629 552 588 669 577 670 6718 1450 -3498 -112 -4753 802 6 -64 -8
1534185285.1486244 629 551 587 669 576 670 7438 934 -3816 -2976 -6423 -163 3 -68 -11
1534185285.2268043 630 552 588 670 577 670 7772 1086 -3752 1064 -5445 533 7 -70 -15
1534185285.2892156 629 551 587 671 576 670 6500 1216 -4862 -892 -5101 -1023 8 -73 -21
1534185285.3733673 629 551 588 670 576 670 6766 1568 -4986 -295 -2428 1892 5 -72 -28
1534185285.4297116 629 551 587 671 577 670 6216 1414 -4680 -495 -1122 -581 6 -72 -32
1534185285.5078623 629 551 587 671 577 670 6600 1596 -5424 4163 -850 144 5 -70 -36
1534185285.5814767 629 551 587 671 576 670 6008 1162 -5188 9 -309 -783 7 -72 -37
1534185285.6478276 629 551 587 670 576 670 6546 1224 -5230 -300 -2020 1130 8 -73 -38
1534185285.7103143 629 550 587 671 576 670 5648 1190 -5396 699 1285 -176 7 -72 -37
1534185285.788421 629 551 587 670 576 670 6608 1040 -5188 946 1758 1085 9 -72 -39
1534185285.8593385 629 550 588 670 576 670 6570 1564 -4810 3522 356 -282 8 -71 -37
1534185285.928917 629 551 588 670 576 670 5856 750 -5252 1046 -346 -275 8 -72 -35
1534185285.9915957 629 550 588 670 576 670 8328 1202 -5624 -998 -4995 -368 8 -69 -38
1534185286.0656168 629 550 588 670 576 670 6114 1654 -4966 2096 814 -1132 9 -71 -37
1534185286.133137 629 550 588 671 576 670 6248 148 -4920 6213 943 508 9 -72 -39
1534185286.1956215 629 550 588 671 577 670 6022 1134 -5266 1669 7123 -5910 10 -71 -39
1534185286.2739918 629 551 588 671 577 670 6850 116 -4874 2230 -2703 1230 6 -72 -36
1534185286.350546 629 550 588 670 577 670 4930 1972 -5940 -6466 251 -4192 4 -70 -31
1534185286.4137752 629 550 588 670 576 670 6192 1456 -4148 -1282 4518 355 3 -72 -36
1534185286.4918835 629 550 588 670 576 670 9490 700 -4966 -11536 -15177 5158 0 -73 -31
1534185286.5661066 629 551 589 670 576 669 3196 1014 -5888 -90 -17696 -3460 7 -71 -35
1534185286.6309028 629 551 588 670 576 669 3872 1812 -7666 37 -2194 -462 2 -69 -60
1534185286.6932878 629 551 588 670 576 669 4340 1172 -5930 -5656 11793 1678 6 -68 -65
1534185286.7715082 628 550 588 670 576 670 7194 1886 -5668 2287 199 30 5 -70 -60
1534185286.8471117 629 550 588 670 576 670 5024 1432 -6684 6895 10957 -1383 5 -71 -50
1534185286.9111984 629 550 588 670 576 670 5128 2450 -4558 4142 15668 -4407 5 -71 -48
1534185286.9893055 628 551 588 670 576 669 6930 -130 -3504 10560 13806 7510 0 -71 -37
1534185287.0643654 629 551 589 671 576 671 10084 524 -1584 5182 23621 -2676 3 -68 -19
1534185287.130958 629 551 588 670 576 670 9190 -1938 -2318 2536 -25644 -1656 3 -60 4
1534185287.2089403 629 550 587 671 576 670 5890 1652 -4734 -1179 -1148 2294 -1 -59 -1
1534185287.2714276 629 551 588 670 576 670 5246 -388 -2062 -1026 23760 2310 -1 -64 -14
1534185287.3501453 629 551 588 669 576 670 10406 -496 122 656 -2772 -370 6 -65 -4
1534185287.4120886 628 551 588 668 576 670 3130 1212 630 -15692 20211 6750 2 -57 15
1534185287.4901965 628 551 588 669 575 670 8544 -1192 -1434 2100 -6393 -2651 12 -58 11
1534185287.5652654 629 551 588 671 575 670 7144 1162 -570 -5230 -2576 -492 10 -53 18
1534185287.6306725 629 551 588 670 575 670 8918 -82 -1930 10424 10972 -599 13 -55 16
1534185287.6930149 629 551 588 670 575 670 7340 1312 -614 -1463 3428 616 10 -52 18
1534185287.7711208 628 551 588 670 575 670 9500 -1090 664 -1590 -1469 -1374 8 -52 24
1534185287.846539 629 551 588 671 575 670 7234 1048 -1152 -2101 -3311 375 7 -46 24
1534185287.9286273 629 551 588 671 575 670 7960 612 -1074 3664 2553 782 10 -52 18
1534185287.992331 629 551 588 671 574 670 8438 -342 66 157 1421 1667 10 -51 21
1534185288.0499694 629 551 588 670 575 670 8106 -198 -194 1247 -1080 248 10 -48 22
1534185288.1182163 628 550 588 670 575 670 8068 88 -642 -483 -1750 -147 10 -48 23
1534185288.180488 629 551 589 670 575 670 8094 194 -1082 183 890 336 11 -51 21
1534185288.2489243 628 550 588 670 574 670 8098 66 -178 -623 409 304 11 -49 18
1534185288.298936 628 550 588 670 574 670 7816 50 -742 -1 -91 -224 13 -50 21
1534185288.3802824 629 550 588 670 574 670 8172 -224 -392 338 2434 846 10 -49 21
1534185288.4319768 629 550 588 670 574 671 8304 -218 -250 732 1864 897 14 -48 21
1534185288.4944944 629 550 588 670 575 670 8338 -26 4 -257 -284 90 11 -48 24
1534185288.588287 629 551 588 670 575 670 8070 -194 -470 -714 -116 325 14 -48 23
1534185288.6322336 629 550 588 671 574 670 8084 88 -382 193 2891 908 15 -48 24
1534185288.6991706 629 551 588 670 575 670 8106 -454 -34 -627 3377 976 13 -47 26
1534185288.7772794 629 550 588 670 574 669 8516 -1184 -178 5391 4118 3005 14 -47 27
1534185288.849134 629 551 588 670 574 670 7344 -1198 150 -280 3745 1073 15 -44 27
1534185288.9131765 629 550 588 670 574 670 8502 138 1030 2612 -4473 85 14 -42 31
1534185288.9885008 629 550 588 670 574 670 7392 152 -1566 -5950 -4825 -3466 14 -42 29
1534185289.0553007 628 550 588 670 574 670 8316 194 208 1494 3841 2329 14 -47 27
1534185289.1144092 628 550 588 670 574 670 7652 -496 174 -1378 1623 -1377 14 -47 28
1534185289.1925151 628 550 588 670 574 670 9068 -796 474 6207 3434 -569 16 -44 27
1534185289.2550006 628 550 588 670 574 670 8072 512 -846 1102 1236 -4195 14 -44 30
1534185289.33015 629 550 587 669 574 670 8074 588 1066 4998 8053 5211 9 -43 27
1534185289.3964026 629 550 587 670 574 671 8054 -648 1104 2625 352 -447 7 -36 29
1534185289.4588892 629 550 587 670 574 671 7864 862 1192 5139 5998 2478 9 -33 32
1534185289.521375 629 550 588 670 574 671 8652 -1752 1456 466 -5259 883 6 -33 32
1534185289.5990515 628 550 588 669 574 671 7252 126 -256 -2392 871 -9349 9 -33 30
1534185289.6617975 628 550 588 670 574 671 7932 1178 972 3645 2893 7420 6 -37 28
1534185289.7240224 628 550 588 670 574 670 10152 -1822 2246 1691 -6212 2623 6 -36 31
1534185289.812663 628 551 588 670 574 671 7298 -11120 1158 -16098 -3476 -4025 8 -39 30
1534185289.8812585 628 550 588 670 574 671 8480 -390 1842 -357 2129 -2315 10 -43 26
1534185289.9565628 628 550 588 670 574 671 6970 1536 476 -3770 -4193 1565 13 -43 32
1534185290.0234337 629 550 588 671 575 671 8388 -764 -700 1410 -1774 2260 13 -47 27
1534185290.0926967 628 551 588 671 575 671 8000 298 -384 -143 3534 -1155 16 -47 26
1534185290.1468258 629 550 588 670 575 671 8178 -232 696 434 1182 868 14 -46 26
1534185290.2091339 629 550 588 671 575 670 8030 314 314 1748 5 -653 16 -45 29
1534185290.2756925 628 550 588 670 575 671 7752 -240 -532 -154 -200 387 13 -46 27
1534185290.355375 629 550 588 671 575 670 8128 -84 392 1076 915 913 15 -47 28
1534185290.4132278 629 550 588 670 575 670 7996 -196 -284 -18 -24 253 13 -44 29
1534185290.4757152 629 550 588 671 574 671 8018 214 422 670 1307 -682 16 -44 28
1534185290.5544086 628 551 588 670 574 671 8254 -408 248 574 1439 1096 15 -44 29
1534185290.6310172 628 550 588 670 575 671 8348 -244 780 -104 270 -240 13 -42 31
1534185290.677883 628 550 588 670 574 670 7814 154 124 -149 31 -16 13 -42 30
1534185290.7405841 628 551 588 670 574 671 7816 -182 590 879 2423 -2339 14 -42 30
1534185290.8237622 628 550 588 670 574 670 8140 2004 34 -2490 -4172 -7083 13 -42 33
1534185290.8816116 629 551 588 670 574 670 7184 1026 256 10382 9851 12523 14 -40 30
1534185290.959665 629 550 588 670 574 671 8902 -2324 1576 4117 2616 5026 10 -39 30
1534185291.0366254 628 550 588 670 575 671 7614 -616 786 -4656 -1257 -10923 10 -31 33
1534185291.0987844 629 550 588 670 574 671 8104 886 1744 4577 5996 3789 10 -35 35
1534185291.1614628 628 551 588 670 574 672 6782 82 710 3045 -660 3394 6 -32 36
1534185291.2237527 628 550 588 670 574 671 8316 -960 1674 21 -1207 153 6 -30 35
1534185291.3141956 629 550 588 670 574 671 8488 912 432 3694 -390 1623 4 -32 33
1534185291.3647196 629 550 588 670 574 671 9614 -2802 196 -6432 -3958 2683 4 -32 32
1534185291.4273942 628 551 588 670 574 671 8256 252 3342 2654 -1392 1106 7 -36 32
1534185291.5053468 629 551 588 671 575 671 7456 -546 -1714 -2940 -6683 -3756 11 -39 32
1534185291.5800436 629 550 588 671 574 671 8196 414 174 -449 3709 -1121 9 -47 22
1534185291.630628 629 550 588 671 574 671 8110 270 680 431 192 2205 10 -45 27
1534185291.7087758 629 550 588 670 574 671 8310 -856 322 206 70 -704 11 -43 28
1534185291.7712197 629 550 588 671 574 671 8594 -368 616 -1129 -402 1295 11 -42 26
1534185291.8457005 628 550 588 670 574 671 7994 -872 28 1334 1445 -620 12 -43 29
1534185291.9136562 628 550 588 670 574 671 7632 696 -96 -1168 -130 -193 13 -45 28
1534185291.9761412 629 550 588 671 574 671 8072 -162 50 625 166 90 13 -47 28
1534185292.041192 629 550 588 670 574 671 8184 -34 76 870 1453 266 12 -46 28
1534185292.099441 628 550 588 671 575 671 8216 -458 410 130 676 -159 11 -43 28
1534185292.1621199 628 550 588 671 575 671 7948 548 26 -75 63 320 13 -42 29
1534185292.22441 628 550 589 670 574 671 8456 -496 454 -440 -640 -625 13 -42 28
1534185292.286897 628 550 588 671 574 671 7754 336 110 293 911 -291 11 -42 28
1534185292.3656454 629 550 588 671 574 671 8146 -316 34 -933 122 311 14 -44 29
1534185292.4283926 629 550 588 671 574 671 8434 828 -392 3074 851 587 14 -44 29
1534185292.4906187 629 550 588 670 574 670 7310 -446 810 1692 2620 2419 11 -46 28
1534185292.5731995 629 550 588 670 574 671 8922 -1936 1164 7687 6744 -5349 12 -44 28
1534185292.630549 628 550 588 670 575 671 7064 1682 782 -5580 -2574 -4457 8 -39 30
1534185292.7086568 629 550 588 670 574 672 6410 1944 2042 13438 15921 9435 5 -37 30
1534185292.7754478 629 551 588 670 574 673 9430 -1098 2892 7966 8386 13378 3 -33 33
1534185292.849057 629 551 588 670 574 673 7590 -48 1732 3446 3467 -864 1 -23 38
1534185292.9115431 629 551 589 670 575 673 8144 -702 2490 -941 -3370 222 1 -21 37
1534185292.9740288 629 551 588 670 575 673 7576 306 1410 -2956 -1616 -5489 2 -22 37
1534185293.0605345 629 551 589 670 575 672 9994 -1034 -470 -11142 -6775 3725 1 -25 36
1534185293.1154509 629 551 589 671 574 672 8360 2346 4218 -1021 1102 -936 7 -29 35
1534185293.1935582 629 551 588 671 575 672 6700 -1330 -830 -1770 -13499 3030 15 -34 38
1534185293.269613 629 551 589 671 575 672 8706 1056 1022 -1210 38 -2679 17 -43 31
1534185293.3481357 629 551 588 671 575 672 8240 -922 -212 2853 -2552 2737 18 -48 29
1534185293.408972 629 551 588 671 575 672 7942 -42 -616 59 1993 -2415 16 -46 27
1534185293.4622076 629 551 589 671 575 672 8070 -80 298 -629 512 1228 17 -50 26
1534185293.542979 629 550 588 671 575 672 8040 -220 -156 997 -1287 157 14 -47 26
1534185293.608802 629 550 588 671 574 672 7938 -230 -230 -1 833 -558 17 -47 28
1534185293.6737351 629 551 589 671 574 672 8236 -214 126 999 588 911 15 -46 26
1534185293.7405572 629 551 588 671 575 671 7902 -500 -70 -269 679 -389 15 -47 29
1534185293.8066032 629 551 588 671 575 672 8096 -242 234 102 -361 101 16 -48 29
1534185293.8645594 629 551 588 671 575 671 8060 -316 -20 -87 190 -177 17 -45 27
1534185293.9321573 629 551 588 671 575 671 8104 -176 138 759 992 259 15 -46 26
1534185293.9946418 629 550 589 671 575 671 8162 -446 326 -866 101 -727 16 -45 27
1534185294.072439 628 551 588 671 575 671 7954 -52 -224 121 1891 -347 14 -44 28
1534185294.1300573 629 551 588 671 575 671 8014 -216 -348 -1181 64 -1418 14 -44 31
1534185294.2081804 629 551 588 671 574 671 7798 -554 870 4875 1489 6152 15 -45 27
1534185294.2774963 629 550 588 670 574 671 8250 -1498 316 1273 3852 -1321 16 -43 27
1534185294.3476834 628 550 588 670 574 672 7854 696 128 -1997 639 -2054 15 -40 31
1534185294.412726 628 550 588 670 573 672 7270 120 1944 3700 1706 5129 12 -37 32
1534185294.47184 629 551 588 670 574 672 8574 -672 730 3979 3048 1370 12 -38 32
1534185294.553315 628 551 589 670 573 673 7692 360 292 -382 -1391 -1969 11 -36 34
1534185294.6233678 629 551 589 670 574 673 8464 -1012 1724 2899 1493 2778 10 -35 32
1534185294.6807497 629 551 589 670 575 673 8660 -890 1412 1017 -991 -390 10 -36 31
1534185294.7588499 628 551 589 670 575 672 10076 -850 -956 -8948 -9553 2507 10 -35 31
1534185294.8324008 629 551 589 671 574 672 9632 -1338 3328 2333 -2059 7 16 -41 30
1534185294.8980122 629 550 589 671 575 672 7040 272 -1774 -1835 -8385 -2987 16 -43 26
1534185294.9604976 629 551 589 671 575 672 8016 -358 -1432 576 885 753 18 -51 21
1534185295.0424583 629 551 589 671 575 671 8290 -358 -100 1317 4179 -1628 14 -54 18
1534185295.1072845 629 551 589 671 574 672 7896 30 -706 -298 124 189 13 -52 20
1534185295.1635761 629 551 589 671 574 672 8212 -374 -458 -359 3078 -44 15 -50 23
1534185295.2309778 629 551 588 671 574 672 8030 70 264 -235 -13 766 17 -50 23
1534185295.293463 628 550 589 671 575 672 8142 -440 -690 61 276 -267 15 -49 23
1534185295.3752513 629 551 589 671 575 672 8048 66 -210 333 1541 601 14 -51 24
1534185295.4307165 628 550 588 671 575 672 7990 -356 -268 -12 -70 -587 16 -49 25
1534185295.493311 628 551 589 671 574 672 7978 -42 -358 -349 1090 62 14 -49 25
1534185295.5655684 629 550 589 671 574 672 8258 -372 106 -9 -79 346 17 -48 26
1534185295.6354527 628 551 589 671 574 671 8144 -202 -186 -105 302 -297 14 -47 25
1534185295.6963487 628 550 588 671 574 671 7892 -1458 -414 -1179 -3202 648 13 -49 26
1534185295.7744553 629 551 589 671 575 671 8324 -1170 -366 -347 -273 1820 17 -48 26
1534185295.8434722 628 550 588 671 574 671 7426 -344 -92 -59 -1330 538 17 -47 25
1534185295.896838 629 550 588 670 574 671 7576 -420 228 1175 612 -5124 21 -49 23
1534185295.9751318 628 550 588 670 574 671 7840 186 -806 6174 7425 -277 17 -47 23
1534185296.0609355 629 551 588 670 574 672 8478 -1356 -30 6015 5704 2907 14 -47 26
1534185296.113991 629 551 588 670 574 673 7822 -4 1242 -1096 2288 -4117 11 -42 29
1534185296.1764526 629 551 588 670 574 673 8444 124 590 -2754 1814 -6704 11 -37 31
1534185296.2543774 629 551 589 670 574 674 8146 1494 1102 2382 -161 1939 7 -37 33
1534185296.3257031 629 551 588 671 574 673 9924 -1618 718 -3281 -8604 2639 6 -36 36
1534185296.382684 628 551 588 670 574 672 7612 736 -544 -5659 4869 -2107 7 -38 31
1534185296.4630167 629 551 588 671 574 672 8548 -952 2438 2257 -4717 1763 12 -43 31
1534185296.525503 629 551 589 671 574 672 7540 1242 -1240 -2945 -4685 -2840 13 -42 32
1534185296.6032727 629 551 589 671 575 672 7916 94 98 -336 3016 1379 12 -47 28
1534185296.662209 629 551 588 671 574 672 8384 -110 662 264 -1616 -96 14 -48 28
1534185296.7403138 629 551 589 671 574 672 7980 288 -348 -545 336 -1118 12 -45 29
1534185296.8029892 628 551 588 671 575 672 8216 214 440 -232 1759 336 13 -45 28
1534185296.8685122 629 551 589 671 574 672 7984 414 158 70 -525 -89 11 -47 29
1534185296.9299612 629 551 589 671 574 672 7996 416 -48 -401 16 -150 13 -46 28
1534185296.992189 628 551 588 671 574 672 8278 92 498 -36 913 -45 12 -48 29
1534185297.0606663 628 551 589 671 574 672 8182 158 230 791 -884 929 13 -45 29
1534185297.1155393 628 551 588 671 574 671 8070 232 32 68 1465 -643 14 -46 27
1534185297.1781442 628 551 588 671 574 672 8306 -22 498 339 363 720 13 -47 28
1534185297.2405064 629 551 589 671 574 672 7854 264 82 -220 198 -207 14 -46 31
1534185297.3186533 628 551 588 670 574 672 8226 -116 196 20 1148 190 14 -45 29
1534185297.3802943 628 551 588 671 574 671 7224 996 304 3080 2317 -1168 13 -44 30
1534185297.4429753 629 551 588 671 574 671 7792 0 780 -253 57 1034 12 -42 30
1534185297.505263 628 551 588 670 574 671 8056 1050 88 2840 2890 614 13 -42 29
1534185297.5822172 628 551 588 670 574 671 8414 22 840 -845 1963 -2715 11 -40 33
1534185297.6462436 628 551 588 670 574 672 7742 10 2062 6547 2019 3738 9 -38 33
1534185297.7087305 628 551 588 670 573 672 9074 236 622 5121 5300 6000 12 -37 33
1534185297.771214 628 551 588 670 574 672 7100 162 1330 1607 3534 1241 6 -33 36
1534185297.851228 629 551 588 670 574 672 9308 -808 2080 4955 1202 7743 7 -34 34
1534185297.912482 629 551 588 670 575 672 7420 -1830 -1762 -10936 -12708 -3209 7 -28 38
1534185297.990842 628 551 589 671 574 672 9198 1526 2980 -3025 4130 -3393 12 -39 29
1534185298.0680242 629 551 589 671 574 672 8300 146 772 -3697 -7398 -4048 16 -43 33
1534185298.1317768 629 551 589 671 575 672 7732 552 -800 368 -169 -177 18 -45 31
1534185298.1942601 629 551 589 671 574 672 8218 -848 150 -559 2846 468 17 -47 28
1534185298.2569418 629 551 589 670 574 672 8108 -132 476 132 892 -1646 16 -46 29
1534185298.3337178 629 551 589 670 574 672 7944 204 -16 -995 519 520 17 -45 31
1534185298.3971684 629 551 588 670 574 672 8296 18 852 705 3060 -690 16 -44 31
1534185298.4594464 628 551 588 670 574 672 8214 -216 562 -628 -1810 -883 18 -44 33
1534185298.5280533 629 551 589 671 574 671 7894 458 90 -23 721 -127 15 -44 31
1534185298.5963593 628 551 589 670 574 672 8122 -60 532 372 1344 705 17 -44 32
1534185298.6622095 628 551 589 670 574 672 8054 208 718 -465 -213 -412 17 -42 34
1534185298.7245023 628 551 588 671 574 672 8190 -66 366 183 437 -32 18 -42 34
1534185298.793134 629 551 588 671 574 672 8104 110 510 -314 1359 373 16 -42 33
1534185298.8584037 628 551 589 671 574 671 8084 -76 694 217 825 -665 16 -41 36
1534185298.9136715 629 551 589 670 574 671 6974 852 624 1117 -621 399 17 -42 35
1534185298.9796264 628 551 588 671 574 671 8028 28 506 1882 3795 -539 15 -43 31
1534185299.057619 629 551 588 670 574 671 6410 1004 876 40 5284 -8953 17 -44 34
1534185299.1254482 628 551 588 670 574 671 8440 2098 386 1854 3025 5866 14 -39 35
1534185299.1950793 629 551 588 670 574 672 7338 900 1660 9253 4265 14725 11 -34 39
1534185299.257449 628 551 589 670 574 671 8556 -2458 1468 3941 4358 1599 13 -30 38
1534185299.3347147 629 551 588 669 573 672 7434 -282 1992 2082 2137 -3075 12 -27 40
1534185299.3996603 628 551 589 670 574 672 8004 -1164 2172 2879 105 8310 11 -26 44
1534185299.477798 629 551 589 670 575 672 8684 -1972 1406 -4608 -2210 -4188 12 -23 40
1534185299.548933 628 551 589 670 574 671 8114 -144 188 -2185 -1105 -1630 14 -24 41
1534185299.6145797 629 551 589 671 574 672 8100 2712 4006 -1565 5798 -8668 13 -30 39
1534185299.6770687 629 551 589 671 575 671 7976 -700 1800 -896 -9476 919 14 -29 42
1534185299.7593367 629 551 589 671 574 672 7722 574 448 -1437 -5023 -2249 14 -34 42
1534185299.8287413 629 551 589 671 574 671 7898 -324 378 -483 -1255 -553 13 -41 35
1534185299.882719 629 551 589 671 574 671 8040 376 586 -1171 479 -1088 14 -41 35
1534185299.9608307 628 551 589 670 574 672 7934 374 658 -365 1718 -371 13 -42 33
1534185300.0233116 629 551 589 671 574 672 8282 180 1088 422 1935 572 12 -42 35
1534185300.098752 629 551 589 671 574 671 8132 170 980 -526 -693 -459 12 -39 36
1534185300.1456149 629 551 589 671 574 672 8012 552 694 -87 247 181 14 -42 36
1534185300.2237225 629 551 589 671 574 671 8052 252 848 -57 417 612 14 -40 35
1534185300.2862077 628 551 589 671 575 671 8082 172 972 -294 -299 -354 13 -38 34
1534185300.3559442 628 551 589 670 574 672 8032 94 500 251 -119 294 17 -42 37
1534185300.4132164 628 551 589 671 575 671 7850 712 824 -870 1577 -945 15 -40 35
1534185300.4913232 629 551 589 671 574 671 8638 -1138 1020 -1723 -2596 2004 18 -41 36
1534185300.5629885 628 550 589 671 574 671 8706 590 1082 4971 2965 3225 16 -40 34
1534185300.6316106 629 551 588 669 574 671 7566 -458 890 -587 2139 -5578 17 -39 35
1534185300.6940966 629 551 588 670 574 671 8406 -210 776 2843 3525 402 16 -38 35
1534185300.7662926 629 551 588 669 574 671 6784 886 2042 -2248 1156 1509 12 -34 40
1534185300.8372893 628 551 588 669 574 672 7036 1208 2160 6254 4398 -581 15 -32 40
1534185300.8977418 628 551 589 669 575 672 8648 -350 1272 7014 2142 18365 11 -30 42
1534185300.9756548 629 551 589 670 574 672 7510 -1788 1942 -2787 -1248 -4870 12 -24 41
1534185301.0518215 629 551 589 669 574 671 9130 -46 1206 -6305 -5523 -5685 15 -24 36
1534185301.1248734 629 551 589 670 574 672 618 -5756 1316 -13175 1503 -10134 14 -29 38
1534185301.1944907 628 551 589 670 574 671 8490 150 3256 3409 -10035 3065 18 -33 38
1534185301.2569473 628 551 589 670 574 671 7492 612 -1188 -3200 -6647 -4392 16 -37 39
1534185301.335306 628 551 589 670 574 671 8216 -158 254 -150 3268 1455 16 -43 32
1534185301.3968859 628 551 589 670 574 672 8174 258 768 -368 -86 -1379 19 -44 31
1534185301.474995 628 551 589 670 574 672 8118 110 272 1107 1310 390 19 -43 31
1534185301.5218568 628 551 589 670 574 671 8006 426 608 86 2958 82 16 -43 31
1534185301.5951846 629 551 589 670 573 671 7934 276 942 397 622 718 18 -40 35
1534185301.646857 628 551 588 670 574 672 8006 44 558 149 263 -79 17 -40 32
1534185301.709343 628 551 588 670 574 671 7978 270 698 18 955 427 19 -39 35
1534185301.784988 629 551 589 670 575 671 8050 52 950 -253 198 251 18 -40 34
1534185301.8495173 629 551 589 670 574 671 8094 104 690 644 111 104 17 -42 33
1534185301.9137688 629 551 588 670 574 671 7946 184 446 -97 2168 495 18 -42 37
1534185301.9765198 628 551 588 670 574 671 7826 208 732 268 5240 1610 17 -40 36
1534185302.047646 629 551 589 670 574 671 8614 378 864 2393 1203 1229 18 -37 38
1534185302.1244428 629 551 588 670 574 671 6974 -1776 1520 982 1796 1210 21 -36 39
1534185302.178888 629 551 588 670 574 671 8320 -282 1124 43 4439 -5925 18 -35 38
1534185302.2413783 629 552 588 670 574 671 7732 1058 2252 425 -188 1154 17 -32 42
1534185302.3219035 629 551 588 670 574 672 7606 718 2398 8088 -1124 7776 15 -30 41
1534185302.3815072 629 552 589 670 575 672 7934 -1104 1792 3267 -448 2463 17 -29 39
1534185302.4596138 629 551 589 670 574 672 8102 -568 1324 198 1038 -5871 14 -31 39
1534185302.5283434 629 551 589 670 574 672 7716 1626 1574 1157 1445 3747 15 -28 41
1534185302.5991218 628 551 589 670 574 672 8748 -1864 1020 2073 -2117 4315 15 -30 41
1534185302.6772285 629 551 589 671 574 671 4734 -2740 3326 -12580 -4028 -10126 14 -29 40
1534185302.7397134 629 551 589 671 574 672 8658 -1312 2992 -697 -7680 -2158 17 -33 41
1534185302.8223352 629 551 589 671 574 671 7326 1556 -276 -809 -6095 -1344 18 -35 41
1534185302.8799868 629 551 589 671 574 671 8158 -910 -224 -223 3298 544 17 -42 36
1534185302.9424732 629 551 589 671 575 671 8184 64 1292 -535 2355 -1143 17 -43 32
1534185303.0220997 629 551 589 671 574 672 8004 42 760 -528 -104 -832 18 -39 35
1534185303.082548 629 551 589 671 575 671 7988 156 668 -44 910 435 15 -41 36
1534185303.1450331 629 551 589 671 574 671 8148 70 932 -165 1349 -4 18 -38 36
1534185303.2075188 628 551 588 671 574 671 7978 66 1026 317 -38 313 22 -41 38
1534185303.2700043 628 551 588 671 574 671 8064 138 778 -113 55 -722 19 -40 36
1534185303.3437812 628 551 589 671 574 671 7978 308 1044 -34 551 118 18 -39 37
1534185303.3959773 628 551 589 671 574 671 8106 -240 744 144 -213 797 19 -39 39
1534185303.474084 629 551 589 670 574 671 7926 288 872 -109 136 -311 20 -39 35
1534185303.535567 628 551 589 671 574 671 8060 40 920 38 84 42 19 -38 37
1534185303.597873 628 551 588 671 574 671 7988 108 766 63 345 -69 19 -41 36
1534185303.6602316 628 551 589 670 573 671 8102 72 908 -312 993 159 18 -40 35
1534185303.7227175 629 551 588 670 574 671 9418 -246 -320 -2579 1591 -1653 21 -41 38
1534185303.800825 628 551 588 671 573 671 6490 366 1752 2307 5956 1591 19 -39 38
1534185303.8654797 628 551 588 670 573 671 9362 -124 648 9232 7693 8024 22 -36 38
1534185303.943736 628 551 588 669 574 671 8354 -2510 2698 -8334 -3332 -3329 16 -26 42
1534185304.006071 628 551 588 669 573 671 7988 2224 1172 4800 1641 66 21 -27 42
1534185304.0808067 628 551 588 669 573 671 7904 -1140 1424 1305 -1548 2857 19 -31 42
1534185304.1498153 628 551 588 669 573 670 8082 -132 1204 3137 627 -2467 19 -27 42
1534185304.2123017 628 551 589 669 573 670 8410 -260 1522 -1709 1295 -249 17 -30 41
1534185304.2933393 628 551 588 669 574 670 9430 -1910 -284 -2085 -17092 2970 17 -29 41
1534185304.3641927 628 551 589 669 574 671 9618 2088 3078 -1025 5695 -873 20 -34 38
1534185304.438072 628 551 589 669 573 671 8230 -1026 1980 -5635 -12874 -5896 23 -41 39
1534185304.4972782 628 551 589 670 574 671 7570 1854 -1464 308 -6651 -1738 26 -46 31
1534185304.579773 628 551 589 670 573 671 8224 -184 -1226 884 -1440 2127 21 -56 21
1534185304.6470692 628 551 589 670 574 671 8312 596 -532 -1363 -2705 833 25 -56 18
1534185304.719411 628 550 589 670 574 671 7952 206 -1402 -619 -1775 1999 23 -58 15
1534185304.7902224 628 550 589 670 574 671 7486 352 -852 -1433 -1882 -93 28 -58 13
1534185304.8610318 628 550 590 670 575 671 7522 422 -1922 3341 -873 2527 27 -60 12
1534185304.9139733 628 550 589 670 575 671 7626 470 -1912 4075 435 170 28 -59 10
1534185304.9920807 628 550 589 671 575 671 8954 -386 -1362 6264 -1278 6692 27 -59 9
1534185305.0662894 628 550 589 671 575 671 7496 -1336 -2378 9147 3163 1465 29 -56 11
1534185305.1336648 628 550 589 671 575 671 8260 -1484 -758 4780 -1375 2572 28 -58 11
1534185305.19615 629 550 589 671 575 671 7640 -602 -2426 -2098 -8425 -3166 27 -56 15
1534185305.285841 628 550 589 670 575 671 8432 -1970 -2362 -4964 -10443 -3239 26 -59 9
1534185305.3576474 628 550 589 670 575 671 6572 326 -4390 -7865 -16345 -2758 33 -61 3
1534185305.431449 628 550 589 670 576 671 6788 542 -3774 -12066 -8215 -1487 35 -70 -17
1534185305.5042548 628 550 589 669 575 671 7008 920 -6670 -8361 -3891 3628 36 -73 -29
1534185305.5760622 628 550 589 670 575 671 7212 -374 -4982 -503 435 -6013 35 -74 -39
1534185305.6618335 628 550 589 670 575 670 4874 1852 -5220 -7509 -10748 -6361 31 -76 -37
1534185305.735636 628 550 589 670 575 671 4832 2358 -5592 3130 348 -6273 24 -72 -53
1534185305.7954755 628 550 589 670 575 671 6426 952 -5782 -7031 -8066 -3273 17 -75 -55
1534185305.8712757 629 550 589 670 575 671 5642 3192 -5852 -1567 -23097 -10743 15 -72 -54
1534185305.9460735 629 550 589 671 575 671 2686 1664 -8004 11714 -17259 -9351 5 -66 -71
1534185306.0208917 628 550 589 671 575 670 1458 1904 -5948 -3092 -27897 -8127 -1 -54 -93
1534185306.0956743 628 550 589 671 575 671 -1254 3286 -7214 9769 6429 -6948 -8 -39 -108
1534185306.1642594 628 550 588 671 575 671 -1526 2650 -7926 -9146 -6879 5832 -11 -24 -118
1534185306.248185 628 550 588 671 575 671 942 3300 -8008 10083 -3143 -7229 -14 -23 -120
1534185306.3241916 628 550 588 670 575 671 -2092 -712 -8346 5906 1733 -3777 -13 -25 -123
1534185306.3811553 628 550 589 671 575 671 252 3960 -6104 -4612 5528 3615 -3 -13 -126
1534185306.4592621 629 550 587 671 575 670 -958 496 -9556 2973 -3221 -12277 -11 -20 -125
1534185306.5493507 629 550 588 671 575 671 -1662 1928 -6708 -311 -26380 -10118 -12 -19 -124
1534185306.6251469 628 550 588 671 575 671 -4586 928 -6848 1490 -16514 -19314 -18 0 -131
1534185306.6953096 628 550 588 671 575 671 -5058 764 -7036 4426 -4299 4129 -15 26 -137
1534185306.7732968 628 550 588 671 575 671 -5266 1186 -6492 2609 -3233 -2038 -16 38 -137
1534185306.8494782 628 550 589 671 576 671 -5106 738 -5756 2462 -15682 -3035 -14 42 -137
1534185306.9202936 628 550 588 671 575 671 -6728 452 -5248 4467 -628 327 -11 50 -136
1534185306.9911046 628 550 588 671 575 671 -6532 82 -6806 2292 2771 -2931 -6 59 -133
1534185307.0698957 629 550 589 671 576 671 -6354 -46 -4634 457 9213 2654 -2 59 -133
1534185307.1536694 628 550 589 671 576 671 -7170 248 -5708 -2326 5780 472 -2 48 -135
1534185307.2254775 628 550 589 671 576 671 -4554 504 -6254 2330 759 1131 -2 47 -138
1534185307.2783363 628 550 589 671 576 671 -6420 120 -6318 -2266 -11501 -9374 -7 43 -137
1534185307.3561285 628 550 588 671 575 671 -6016 -1190 -5478 -13017 2753 -17080 -2 46 -138
1534185307.4299326 628 550 588 671 575 671 -2882 1244 -7784 -7611 -1964 5734 -8 48 -134
