1534196515.0383673 623 534 566 665 556 669 3958 -4496 5076 -273 -459 -798 47 39 41
1534196515.1008828 622 534 566 665 556 669 4076 -4330 4924 -436 243 584 49 40 42
1534196515.1633384 622 535 567 665 555 669 4022 -4466 5170 183 282 416 49 42 41
1534196515.2410893 623 534 567 665 555 669 3932 -4598 5550 243 243 -76 45 39 40
1534196515.3035765 623 534 567 664 556 669 4032 -4538 5088 149 -315 -130 48 40 39
1534196515.36606 623 534 566 665 555 669 4008 -4462 5096 68 599 491 48 40 37
1534196515.4285455 623 534 566 664 556 669 3866 -4494 5164 240 390 623 48 39 41
1534196515.5066528 623 534 567 665 556 669 3898 -4598 5210 187 135 384 47 40 42
1534196515.5738134 623 534 567 665 556 669 3842 -4590 5262 175 15 106 49 41 41
1534196515.636645 622 534 566 664 556 669 3940 -4520 5030 278 48 13 50 41 41
1534196515.7877133 623 534 566 664 555 669 3884 -4534 5204 499 -37 -276 46 41 42
1534196515.834578 622 534 566 664 556 669 3956 -4446 4992 616 311 -58 48 41 42
1534196515.897063 623 534 567 664 555 669 3842 -4474 5054 -1510 -628 -92 47 43 41
1534196515.9563372 622 534 566 664 556 669 3672 -4530 5080 -1227 1394 596 48 41 41
1534196515.9962301 622 534 566 665 556 669 3876 -4536 5042 49 761 27 49 42 41
1534196516.053079 623 534 566 664 555 669 3840 -4682 4996 212 546 366 52 43 41
1534196516.107932 623 534 566 664 556 669 3826 -4710 5114 -207 -106 -74 50 43 40
1534196516.1727595 622 534 567 664 555 669 3856 -4768 4876 -46 147 216 49 44 41
1534196516.238583 623 534 567 664 555 669 3674 -4642 5040 66 -118 -44 49 42 40
1534196516.305407 622 534 567 664 555 668 3714 -4442 5220 346 -38 -49 49 43 41
1534196516.3752215 623 534 567 664 555 669 3800 -4798 4926 62 -431 -52 50 44 39
1534196516.4430373 622 534 567 664 555 668 3896 -4686 4898 543 68 51 50 43 40
1534196516.503875 622 534 566 664 555 669 3848 -4672 5124 445 79 114 48 44 42
1534196516.5667062 622 534 566 664 555 669 3836 -4666 5024 175 -71 -122 50 41 39
1534196516.6325302 622 534 566 664 555 668 3830 -4696 4950 175 191 -56 50 43 42
1534196516.6973577 623 534 567 664 555 669 3862 -4738 4964 247 73 102 50 43 40
1534196516.7621844 622 534 566 664 555 669 3872 -4622 5002 150 30 -32 48 41 40
1534196516.8290071 622 534 566 664 555 669 3862 -4696 5002 349 243 128 48 43 39
1534196516.8944345 622 534 567 664 556 669 3870 -4724 5008 357 171 114 50 43 40
1534196516.9602587 622 534 567 665 555 669 3828 -4660 4930 346 175 157 49 41 41
1534196517.0262463 622 534 566 664 555 669 3868 -4676 5034 305 231 76 49 42 41
1534196517.1385014 622 534 566 665 556 669 3814 -4654 5052 241 41 -7 50 42 40
1534196517.1916168 622 534 566 664 555 669 3830 -4678 4998 257 186 107 48 43 41
1534196517.2384784 622 534 567 664 555 669 3862 -4638 5022 278 193 54 49 42 41
1534196517.2853425 622 534 566 664 555 669 3826 -4714 4978 294 111 28 49 42 41
1534196517.3407981 622 534 566 664 555 669 3868 -4668 5036 224 136 10 48 41 41
1534196517.4032834 622 534 566 664 555 669 3846 -4686 5064 393 196 54 50 40 42
1534196517.4799209 622 534 566 664 555 669 3840 -4684 5048 467 283 95 49 42 42
1534196517.537524 622 534 566 664 555 669 3846 -4608 5162 475 360 -56 48 41 40
1534196517.600009 622 534 567 664 555 668 3884 -4652 4920 617 266 139 52 42 41
1534196517.678118 622 534 567 664 555 668 3876 -4644 4966 1582 1209 514 48 44 41
1534196517.771845 622 534 566 664 555 669 3596 -4566 5356 593 1215 314 45 43 39
1534196517.8187084 622 534 566 664 555 669 3838 -4458 5306 348 542 81 44 44 43
1534196517.8811936 621 534 566 664 555 669 3600 -4578 5264 364 711 102 46 46 41
1534196517.9449475 622 534 567 664 556 669 3670 -4560 5302 399 550 -222 46 45 44
1534196518.0079465 622 534 566 664 555 669 3616 -4582 5380 526 878 33 47 47 44
1534196518.0771978 622 534 566 664 555 669 3532 -4610 5458 216 348 -194 45 46 44
1534196518.1429985 623 534 566 664 555 669 3540 -4516 5388 121 23 -270 45 46 43
1534196518.2093546 622 534 567 664 555 669 3608 -4582 5414 118 -2 -320 45 47 42
1534196518.2768316 622 534 567 665 555 669 3602 -4522 5258 -202 189 -419 47 46 41
1534196518.3360467 622 534 566 664 555 669 3314 -4486 5296 -285 -268 -379 47 45 42
1534196518.4143531 622 534 566 664 555 668 3536 -4006 4952 186 1318 -458 47 45 41
1534196518.482422 622 534 566 663 555 668 4080 -4408 5372 113 1139 -119 47 48 43
1534196518.540164 622 534 566 663 556 669 3540 -4098 5444 1943 4246 153 46 50 42
1534196518.6028275 622 534 567 663 555 668 3598 -4514 6558 491 4466 105 44 55 41
1534196518.685954 622 534 566 663 554 669 3264 -4090 5544 -2000 167 557 43 57 41
1534196518.754987 618 532 566 661 547 669 3054 -5030 6182 -3099 -2344 134 43 56 39
1534196518.817301 614 529 566 660 542 669 3348 -4990 4682 -310 2052 -295 48 54 40
1534196518.8797865 613 527 566 659 541 668 4184 -4864 5676 -847 1905 967 47 57 38
1534196518.9642725 613 528 565 660 542 668 2438 -5062 6556 -3651 -699 -5813 50 55 36
1534196519.0243278 617 530 565 660 548 668 3818 -5090 4622 -246 -3890 -1414 52 50 36
1534196519.1024346 620 531 565 662 551 669 4040 -4428 4308 125 -1098 1516 55 49 38
1534196519.173642 621 532 565 664 552 669 3930 -4912 5148 652 -1248 -623 57 47 39
1534196519.237942 621 533 565 663 553 669 4274 -4592 4522 -192 -2286 27 56 42 39
1534196519.3006313 621 533 565 664 554 669 4152 -4760 4694 662 -83 -59 56 41 39
1534196519.3631024 621 533 565 663 554 668 3920 -4832 4862 457 -376 108 55 44 36
1534196519.4413567 621 534 565 663 555 668 4136 -4806 4766 531 -21 237 57 41 40
1534196519.5099108 622 534 565 663 555 668 4040 -4686 4608 258 -486 -242 56 39 38
1534196519.5721369 621 534 565 663 555 669 4182 -4726 4746 133 -199 46 54 38 37
1534196519.6344562 622 534 565 662 555 669 4146 -4694 4638 117 111 -195 58 39 39
1534196519.7130961 622 534 565 663 555 669 4178 -4738 4700 61 -245 -175 55 39 41
1534196519.7710626 622 534 565 664 555 669 4136 -4774 4722 329 309 67 58 39 40
1534196519.8339245 622 534 565 663 555 669 4150 -4794 4684 306 295 60 57 40 40
1534196519.9048593 622 534 565 663 555 669 4160 -4802 4786 328 215 144 58 40 38
1534196519.9577947 622 534 565 662 555 669 4106 -4766 4772 183 -161 -217 57 40 41
1534196520.0386097 622 534 565 663 555 669 4190 -4766 4654 267 307 126 56 38 43
1534196520.1010292 622 534 565 663 555 669 4096 -4716 4792 207 -42 -127 56 39 38
1534196520.1722386 622 534 565 663 555 669 4138 -4694 4616 357 419 111 56 39 38
1534196520.2228665 622 534 565 663 556 669 4090 -4776 4790 332 339 -38 57 39 39
1534196520.3009746 622 534 565 663 556 669 4172 -4722 4708 306 591 212 55 42 40
1534196520.363459 622 534 565 662 555 669 4034 -4790 4866 211 265 -44 56 42 39
1534196520.4362285 622 534 565 663 555 669 4160 -4746 4742 159 182 -26 57 42 40
1534196520.5012906 622 534 565 663 556 669 4082 -4732 4762 128 130 -4 55 42 41
1534196520.5557218 622 534 565 663 555 669 4062 -4776 4732 305 370 22 54 42 41
1534196520.6180677 622 534 565 663 555 669 4066 -4648 4690 689 1168 478 55 42 38
1534196520.7007732 622 534 565 663 556 669 4054 -4706 4860 1543 2688 952 56 42 40
1534196520.7549708 622 534 565 663 555 668 3690 -4714 5316 897 1510 550 51 46 41
1534196520.834213 622 534 565 662 555 669 3744 -4758 5062 451 220 -14 53 46 40
1534196520.8981953 622 534 565 663 555 668 3798 -4690 5092 381 357 110 54 48 40
1534196520.9576547 622 534 565 663 556 669 3736 -4674 5174 257 60 -104 53 47 40
1534196521.0240824 622 534 565 663 556 669 3762 -4690 5086 216 267 -51 52 47 40
1534196521.08658 622 534 565 663 555 669 3788 -4666 5120 392 160 -111 52 47 41
1534196521.1664028 622 534 565 663 556 669 3616 -4666 5278 234 -425 -447 52 46 41
1534196521.2248218 622 534 565 663 556 668 4076 -4744 5116 407 1023 -72 52 46 42
1534196521.2873073 622 535 565 664 555 669 3822 -4688 4898 1004 2116 829 52 50 40
1534196521.365413 622 535 565 663 556 669 2928 -5178 5910 415 705 -2616 49 52 40
1534196521.4404945 623 535 566 664 556 668 3292 -4580 5442 -732 3693 -188 52 53 41
1534196521.511777 622 535 566 664 555 669 3500 -4120 4664 -4261 -3373 -1311 53 50 41
1534196521.570899 619 533 567 661 550 668 4162 -5258 5858 -8 1789 -326 53 52 40
1534196521.6333475 616 531 566 661 546 669 3582 -4172 4130 -313 661 267 54 49 39
1534196521.7201736 616 530 566 660 546 669 3218 -4844 6100 -1081 -1963 -1001 54 51 40
1534196521.7874775 618 531 566 662 549 668 4368 -4872 5010 -3561 -7458 -2241 59 45 36
1534196521.8574255 621 533 565 662 553 668 4278 -5292 4986 602 -959 -2026 63 44 37
1534196521.930234 622 534 565 665 554 669 2850 -3666 4350 -135 -2477 -2240 63 42 39
1534196522.0010448 622 534 565 662 555 668 4242 -5144 4992 -354 -2565 -705 62 40 38
1534196522.0636563 622 534 565 663 555 669 4566 -4938 3992 446 -766 -207 63 39 39
1534196522.1354618 622 534 565 663 555 668 4342 -4768 4488 611 657 433 61 39 38
1534196522.202278 622 534 565 663 555 668 4274 -4888 4480 346 -123 -82 61 37 38
1534196522.267759 622 534 565 663 555 668 4354 -4760 4506 540 251 197 60 38 38
1534196522.3237631 622 534 565 662 555 668 4330 -4848 4564 445 390 364 61 39 38
1534196522.4054954 622 534 565 663 555 668 4268 -4746 4520 193 107 -71 60 37 39
1534196522.4668992 623 534 565 662 556 669 4346 -4778 4478 369 363 224 62 41 37
1534196522.5315726 622 534 565 662 556 669 4238 -4834 4578 279 -74 -140 61 37 39
1534196522.594059 622 534 565 663 556 668 4336 -4818 4516 203 -4 -136 62 39 37
1534196522.666257 623 534 565 662 556 669 4282 -4902 4490 276 -27 -149 59 38 38
1534196522.7242148 623 534 565 663 556 668 4326 -4774 4452 42 -427 -348 59 37 39
1534196522.7875853 622 534 565 663 556 669 4436 -4746 4478 24 -178 -170 62 39 38
1534196522.865693 622 534 565 662 555 668 4356 -4810 4456 179 -66 -231 61 38 40
1534196522.9332314 623 534 565 662 556 668 4462 -4772 4360 7 -246 -328 61 38 37
1534196522.9905822 622 534 565 662 556 668 4408 -4714 4436 83 48 -183 62 37 38
1534196523.0686896 622 534 565 662 556 669 4476 -4728 4420 119 103 -70 61 36 37
1534196523.131174 622 534 565 663 556 669 4436 -4782 4402 -55 -186 -182 61 36 41
1534196523.1966503 623 534 565 663 555 668 4508 -4744 4362 303 306 74 62 36 39
1534196523.2562516 622 534 565 662 555 669 4434 -4774 4384 158 8 -94 62 37 39
1534196523.3187363 623 535 565 663 555 668 4472 -4740 4318 317 178 14 63 35 41
1534196523.3812218 622 534 565 662 556 668 4456 -4744 4380 331 43 -88 62 36 38
1534196523.4549809 622 534 565 662 555 669 4496 -4802 4328 251 102 6 63 36 40
1534196523.5217352 622 534 564 663 556 669 4496 -4718 4356 267 117 -101 62 36 38
1534196523.5842206 622 534 565 663 556 668 4510 -4768 4394 314 248 82 62 35 38
1534196523.6467054 622 534 565 662 555 669 4506 -4742 4404 230 -89 -121 61 35 39
1534196523.724934 622 534 565 662 555 669 4482 -4770 4346 358 413 159 62 36 39
1534196523.7717962 622 534 565 662 555 669 4460 -4724 4376 231 -16 -124 62 37 38
1534196523.8501778 622 534 565 662 556 669 4494 -4740 4374 411 351 130 62 36 37
1534196523.918997 622 534 565 663 555 668 4520 -4776 4398 398 398 151 61 36 37
1534196523.984831 622 534 565 662 556 669 4476 -4736 4384 346 -27 -10 64 38 40
1534196524.038656 623 534 565 662 555 669 4476 -4774 4360 548 481 198 60 36 37
1534196524.1012533 622 534 565 662 556 668 4388 -4752 4490 347 80 -83 60 35 37
1534196524.1808326 622 534 565 662 555 669 4472 -4704 4412 295 231 43 62 35 39
1534196524.239596 622 534 565 663 556 669 4452 -4744 4402 179 -1 -49 62 36 38
1534196524.302081 622 534 565 663 556 669 4428 -4758 4458 331 263 24 61 37 38
1534196524.3645663 622 534 565 663 556 669 4448 -4714 4540 274 236 18 61 35 40
1534196524.4422276 622 534 565 662 555 669 4434 -4726 4498 312 114 -22 61 36 40
1534196524.507 622 534 565 662 556 669 4466 -4698 4376 304 217 40 61 37 39
1534196524.5709486 622 534 565 663 555 669 4432 -4716 4472 329 267 55 62 38 39
1534196524.6334765 622 534 564 662 555 669 4462 -4684 4410 392 358 143 61 37 36
1534196524.6912627 622 534 565 662 556 669 4436 -4706 4482 374 588 137 61 38 39
1534196524.7693698 622 534 565 662 555 669 4398 -4682 4536 444 412 137 60 38 40
1534196524.8318555 622 534 565 662 555 668 4320 -4798 4584 212 14 -217 60 39 39
1534196524.9003253 622 534 565 662 555 668 4420 -4668 4456 230 263 16 59 39 39
1534196524.9579835 622 534 564 662 555 668 4454 -4570 4574 -79 296 -99 62 36 41
1534196525.0241592 622 534 565 662 555 668 4392 -4672 4504 395 391 111 62 37 40
1534196525.0868287 622 534 565 662 556 669 4378 -4668 4494 837 1139 652 59 39 39
1534196525.1674488 622 534 565 662 556 669 4228 -4662 4572 966 1695 1163 59 40 41
1534196525.2228084 622 534 564 663 555 668 4092 -4704 4968 671 936 291 57 43 40
1534196525.2855692 622 534 564 662 556 668 4126 -4674 4654 404 412 418 59 43 40
1534196525.3634007 623 534 565 662 555 668 4058 -4706 4710 671 874 464 59 44 39
1534196525.4319887 622 534 565 662 556 668 3954 -4776 4998 655 856 289 57 43 42
1534196525.4996834 622 534 564 662 555 668 3506 -4644 4800 317 -178 -456 60 46 40
1534196525.5541239 623 534 564 662 555 668 3718 -4682 4730 133 782 815 57 44 39
1534196525.632432 623 534 565 663 556 669 3904 -4782 4674 427 3333 1327 57 49 39
1534196525.7078414 622 535 565 662 555 668 3602 -5376 5834 199 3974 -1364 56 53 41
1534196525.7703254 622 535 566 662 555 669 4616 -4670 4976 -3079 1338 2228 57 54 39
1534196525.8328106 621 535 566 662 554 669 3636 -4796 4716 -1383 -1754 -428 56 53 38
1534196525.9137683 620 534 567 662 553 669 3614 -5080 5690 -1351 -966 299 56 53 36
1534196525.984171 621 535 567 662 554 668 3284 -5052 4808 -398 1254 -2143 57 55 38
1534196526.0397975 622 535 566 662 555 669 4576 -5298 4464 -367 1335 -176 59 54 37
1534196526.117871 623 535 565 663 556 668 596 -4296 4060 -3419 -11210 -7785 63 47 37
1534196526.195025 623 535 565 663 556 669 4068 -5676 5368 407 -5132 -1206 64 45 38
1534196526.2545896 622 535 565 663 556 669 5240 -4560 3582 115 -3011 -664 65 39 39
1534196526.3169577 623 535 565 663 556 669 4382 -4814 4224 809 1087 304 66 38 36
1534196526.4102602 623 535 565 663 556 669 4334 -5066 4364 287 -278 -290 64 37 39
1534196526.457778 623 535 565 662 556 668 4636 -4786 4196 704 382 62 63 40 37
1534196526.5244043 622 535 564 663 556 669 4310 -4970 4438 694 204 46 65 37 36
1534196526.5868905 622 535 565 663 556 669 4412 -4966 4286 597 12 -150 65 37 37
1534196526.6615 623 534 565 663 556 668 4420 -4782 4246 674 561 537 63 35 39
1534196526.727325 622 534 565 663 555 668 4356 -4974 4454 456 240 135 62 38 39
1534196526.7845626 622 534 565 663 555 668 4406 -4750 4298 491 359 153 62 37 39
1534196526.847048 622 534 564 662 555 668 4366 -4842 4508 581 672 462 61 41 37
1534196526.9095347 623 534 565 663 556 668 4288 -4778 4402 317 70 13 63 38 38
1534196526.9896517 622 534 564 663 556 669 4336 -4878 4416 413 434 175 61 41 39
1534196527.0546796 623 534 564 662 556 668 4338 -4880 4438 265 320 55 64 40 39
1534196527.1171658 622 534 564 662 556 669 4350 -4818 4450 336 445 45 64 40 40
1534196527.1842742 622 534 564 663 556 669 4322 -4902 4562 317 485 93 63 40 40
1534196527.2395859 623 534 564 662 555 668 4288 -4774 4474 293 274 64 63 39 39
1534196527.301859 623 535 564 663 556 668 4254 -4848 4544 402 148 87 61 40 40
1534196527.3645422 623 535 564 663 556 669 4286 -4832 4530 183 99 -17 60 40 36
1534196527.443722 623 535 564 663 556 669 4300 -4830 4438 386 219 79 62 40 40
1534196527.507757 622 534 564 663 555 669 4284 -4822 4446 351 230 146 61 40 38
1534196527.570418 623 534 565 663 555 668 4236 -4796 4466 383 494 180 60 40 40
1534196527.6327286 623 534 564 663 555 668 4300 -4888 4528 613 511 249 62 41 38
1534196527.7171872 622 534 564 663 556 668 4056 -4896 4720 322 285 -45 63 40 40
1534196527.771247 622 534 564 663 556 669 4288 -4792 4524 218 236 61 60 41 39
1534196527.8337333 622 534 564 662 555 668 4204 -4872 4654 134 77 38 61 41 40
1534196527.8962991 622 534 564 662 555 668 4320 -4680 4462 311 289 197 60 42 38
1534196527.968436 622 534 564 663 555 668 4162 -4848 4644 321 310 107 61 42 38
1534196528.022202 622 534 564 663 555 669 4238 -4818 4528 469 220 220 61 40 39
1534196528.1003602 622 534 564 663 555 668 4214 -4856 4636 832 866 433 59 42 39
1534196528.1643586 622 534 564 662 555 669 4196 -4912 4674 705 1081 265 60 45 40
1534196528.223018 622 534 564 663 555 668 4020 -4712 4858 697 906 282 59 45 39
1534196528.301109 622 534 564 663 555 668 4038 -4974 5008 -515 -761 -409 59 43 39
1534196528.379216 622 534 564 662 555 668 4012 -4550 4378 254 4 -428 60 43 39
1534196528.4360235 622 534 564 662 555 669 4064 -4804 4776 1778 1775 598 60 43 40
1534196528.5048418 622 534 564 662 555 668 3890 -5036 5378 4509 3360 -990 55 47 39
1534196528.5698082 622 535 565 662 555 669 4380 -5506 5060 372 3101 3217 53 54 39
1534196528.6322808 622 535 566 662 555 669 2582 -4844 6290 -3573 -5320 -1381 54 50 38
1534196528.714662 617 532 566 660 548 668 3132 -5190 6046 -48 2472 -1166 53 53 40
1534196528.771225 614 529 566 660 545 668 3874 -4046 4134 -756 366 549 55 51 40
1534196528.8498514 615 530 566 659 546 667 3872 -5212 5664 -2129 -1416 -1362 56 51 38
1534196528.9252183 619 532 565 661 551 668 4150 -4606 3910 -264 -2556 -2251 61 47 38
1534196528.9924634 621 533 565 661 554 668 1470 -6810 4688 79 587 -5682 62 44 39
1534196529.0539284 622 534 565 663 555 669 4384 -5200 5322 628 -2096 -426 63 42 38
1534196529.132233 622 534 565 662 555 669 4500 -4418 4106 -437 -2676 -1102 64 39 36
1534196529.2005832 622 535 565 662 555 668 4500 -4854 4268 406 -350 -255 63 36 41
1534196529.253596 623 535 565 663 556 668 4444 -4656 4440 402 -376 -257 63 38 38
1534196529.331703 623 535 565 663 555 668 4576 -4674 4310 231 38 139 64 36 40
1534196529.3942566 622 535 565 663 555 669 4496 -4826 4424 177 135 81 63 37 39
1534196529.466961 623 535 565 663 555 669 4520 -4712 4404 226 -207 -233 65 36 39
1534196529.5233667 623 535 565 663 556 668 4572 -4690 4320 289 155 44 65 36 38
1534196529.585732 623 535 565 663 556 669 4532 -4732 4304 135 10 -11 65 37 38
1534196529.6483636 623 535 565 662 556 669 4526 -4696 4398 377 420 69 63 36 40
1534196529.7263227 622 535 565 662 555 669 4522 -4722 4442 325 463 175 65 38 40
1534196529.788808 623 535 565 662 556 669 4530 -4726 4438 340 89 12 64 39 40
1534196529.8512943 623 535 565 662 556 669 4488 -4728 4362 324 395 123 63 39 37
1534196529.91378 623 535 565 662 556 669 4468 -4744 4436 223 324 29 63 39 39
1534196529.9870849 623 535 565 662 556 669 4466 -4742 4480 321 278 64 64 35 40
1534196530.0388155 622 535 565 662 556 669 4436 -4714 4436 298 318 46 63 38 39
1534196530.1170661 622 535 564 662 556 668 4452 -4726 4446 277 218 -17 62 38 39
1534196530.184198 623 535 565 662 556 668 4462 -4686 4452 308 255 143 63 39 39
1534196530.2390356 623 535 565 662 556 669 4456 -4688 4460 294 225 42 63 38 39
1534196530.3015208 623 535 565 662 556 668 4434 -4716 4438 330 361 146 62 40 41
1534196530.3796268 622 536 565 663 556 668 4356 -4666 4554 450 395 135 62 37 40
1534196530.4463477 622 535 565 663 556 668 4400 -4810 4390 300 204 64 63 38 38
1534196530.5107963 622 535 565 662 555 669 4350 -4622 4582 418 421 50 62 40 39
1534196530.5715945 623 535 564 662 555 669 4392 -4752 4516 153 239 2 63 38 36
1534196530.6340733 623 535 564 662 555 668 4410 -4728 4410 93 98 -8 62 38 41
1534196530.703862 622 535 564 662 555 668 4468 -4528 4498 248 246 -18 62 40 38
1534196530.7547746 622 535 565 662 556 669 4382 -4688 4488 387 444 285 62 38 41
1534196530.8328846 622 535 565 662 555 668 4336 -4706 4530 433 490 292 62 40 40
1534196530.90155 622 535 565 662 555 668 4364 -4716 4494 672 988 662 65 41 38
1534196530.9575737 622 535 565 663 555 668 4242 -4712 4598 578 429 406 60 42 39
1534196531.0383074 622 535 564 662 555 668 4174 -4872 4680 414 808 365 60 44 40
1534196531.1007931 622 535 564 663 555 668 4248 -4646 4528 1032 530 301 56 44 38
1534196531.1690245 622 535 564 662 555 669 4136 -4400 4586 444 1676 1240 59 42 40
1534196531.2218728 622 536 565 662 555 668 3800 -4628 4332 2914 6303 194 59 48 38
1534196531.2999797 622 536 566 662 555 669 3576 -5168 6182 -688 518 277 57 52 42
1534196531.3625793 622 536 567 662 555 668 3504 -4394 4348 -1909 -2532 720 59 49 41
1534196531.439039 619 535 567 661 552 669 4478 -5588 4814 5 -1159 92 57 50 38
1534196531.50656 617 533 566 660 550 669 4364 -4862 5006 482 4240 108 57 53 40
1534196531.5704768 619 534 566 661 552 669 2806 -6466 6836 -2227 -6291 -5689 57 51 40
1534196531.6485834 621 534 565 661 554 668 5058 -3730 3004 -1943 -5390 103 64 38 38
1534196531.708018 622 535 565 663 555 669 3584 -4244 4756 1237 1666 976 66 39 40
1534196531.7861226 623 535 565 662 556 669 4018 -4804 4482 -167 -2321 -870 63 40 38
1534196531.8486068 622 535 565 662 555 669 4708 -4602 4038 259 129 -11 64 39 39
1534196531.9191964 623 535 565 662 555 669 4302 -4784 4614 246 -256 -57 63 39 41
1534196531.9880116 622 535 565 662 555 668 4550 -4734 4288 127 -358 -163 65 38 38
1534196532.0396345 622 535 565 662 556 668 4456 -4680 4458 367 352 194 64 38 38
1534196532.1177425 623 535 565 662 556 669 4508 -4786 4346 373 -19 114 64 37 41
1534196532.184425 623 536 565 662 556 669 4464 -4754 4460 337 83 103 64 38 39
1534196532.2400038 623 536 565 662 556 669 4490 -4708 4376 443 -270 -251 63 37 41
1534196532.3181138 623 536 565 662 556 669 4492 -4752 4348 302 272 89 63 36 38
1534196532.3805969 623 536 565 662 556 669 4544 -4818 4460 143 93 -63 62 38 39
1534196532.4492128 622 535 564 663 556 669 4450 -4758 4306 318 262 130 65 38 36
1534196532.5060658 622 536 565 663 556 668 4466 -4784 4536 137 -64 -87 64 37 38
1534196532.5685492 622 535 565 662 556 669 4518 -4726 4238 392 477 167 61 38 39
1534196532.6310346 623 535 565 662 556 668 4374 -4722 4472 144 53 9 63 37 40
1534196532.7101219 623 536 564 662 556 668 4512 -4814 4330 384 782 380 63 36 40
1534196532.7711027 622 535 565 662 555 668 4454 -4662 4406 215 108 87 63 39 39
1534196532.8335874 622 535 564 662 555 669 4286 -4834 4506 434 796 464 65 38 38
1534196532.8960927 622 535 565 662 556 668 4426 -4770 4540 463 748 450 61 41 37
1534196532.9726202 622 535 564 662 556 668 4314 -4798 4600 305 495 230 64 41 38
1534196533.0389843 622 535 565 662 555 669 4358 -4752 4520 421 431 280 62 41 38
1534196533.1014707 622 535 565 662 555 668 4248 -4790 4556 418 578 219 63 41 39
1534196533.169895 623 535 565 662 556 668 4194 -4830 4626 371 210 57 63 42 42
1534196533.2242994 623 535 565 662 555 668 4360 -4788 4476 271 289 17 61 41 40
1534196533.2867844 622 535 564 662 556 668 4220 -4884 4596 157 80 -329 61 42 39
1534196533.3648922 623 535 565 662 555 668 4354 -4670 4314 593 901 702 64 42 38
1534196533.4343166 623 536 565 662 556 668 3764 -4810 4566 662 2456 -876 62 42 38
1534196533.504128 622 536 566 662 555 669 4518 -5022 4998 1619 4012 1573 59 47 39
1534196533.5701566 621 536 566 661 555 669 3766 -5134 5650 -1554 -3253 66 57 49 39
1534196533.6326535 621 535 567 662 554 668 4088 -5484 4844 -299 590 990 59 47 38
1534196533.7074826 619 534 567 661 551 668 3914 -4400 4014 396 1886 102 61 50 40
1534196533.7747061 618 533 567 661 551 669 3258 -5192 6086 -113 -250 -692 59 51 39
1534196533.84184 620 534 566 661 553 668 4498 -5454 5332 -4311 -6807 -2172 62 49 34
1534196533.9043686 622 534 565 662 555 668 732 -6798 1852 2945 1367 -6297 64 41 37
1534196533.9882169 622 535 565 663 555 669 3984 -5594 5822 1024 -2428 -748 65 42 37
1534196534.0399406 622 535 565 662 555 669 4880 -4676 3450 625 -622 50 65 38 39
1534196534.118049 623 535 565 662 556 668 4226 -5124 4528 591 415 136 64 40 37
1534196534.1877172 622 535 565 663 556 668 4498 -4896 4148 191 -444 -243 62 40 38
1534196534.239174 622 536 565 662 555 669 4416 -4860 4352 426 431 276 64 39 36
1534196534.3172805 623 536 565 662 555 668 4388 -4888 4348 164 54 -54 66 38 38
1534196534.3797722 623 536 565 663 555 668 4436 -4908 4276 433 368 177 64 38 38
1534196534.4473825 622 536 565 663 555 668 4398 -4966 4454 79 7 -74 66 39 38
1534196534.5072594 623 535 565 662 555 668 4444 -4864 4268 443 452 155 66 39 37
1534196534.5697436 622 535 565 662 555 668 4350 -4964 4396 390 351 101 64 41 37
1534196534.6322317 623 536 565 662 555 668 4370 -4800 4334 329 323 91 63 39 37
1534196534.7103355 623 535 565 662 555 669 4364 -4866 4370 308 139 -15 64 42 38
1534196534.7730045 622 535 565 662 555 669 4376 -4872 4324 357 363 99 64 39 36
1534196534.8353071 622 535 565 662 555 669 4324 -4888 4396 377 384 104 65 41 39
1534196534.897793 623 535 564 662 555 668 4340 -4854 4404 358 428 95 64 40 37
1534196534.960278 622 535 564 662 555 668 4324 -4894 4390 351 436 96 64 39 39
1534196535.0383317 623 535 564 662 555 668 4254 -4878 4366 428 621 163 64 42 38
1534196535.100866 623 536 564 662 555 668 4230 -4854 4548 182 -77 -149 64 41 38
1534196535.1701868 622 535 564 662 555 669 4378 -4848 4360 336 342 160 65 41 41
1534196535.224185 623 535 565 662 555 668 4270 -4980 4620 397 198 62 65 41 40
1534196535.302074 623 535 564 662 555 668 3954 -4916 4082 673 519 -293 63 42 39
1534196535.3645577 623 535 565 662 555 668 4112 -4820 4550 870 760 776 62 43 38
1534196535.4367423 622 535 565 662 555 669 4210 -4622 4454 475 2777 1348 62 45 38
1534196535.504418 622 536 565 663 555 668 4182 -5676 5792 1530 694 -120 59 48 39
1534196535.5714498 622 536 566 661 555 669 3964 -4666 4572 -546 -349 1593 60 47 38
1534196535.6338797 621 535 566 662 553 668 3144 -4670 4680 35 722 564 59 48 41
1534196535.708585 620 535 567 661 552 669 4062 -4636 4578 348 1322 796 59 50 40
1534196535.7702334 620 535 567 662 553 668 4246 -5296 4850 -2053 -1708 -963 59 48 38
1534196535.8483398 621 535 565 661 554 669 4748 -5112 4124 -1431 -3461 -4349 62 42 39
1534196535.920809 622 535 565 662 555 668 2788 -2932 3690 -1804 -2598 -6381 67 37 38
1534196535.9926174 623 535 565 662 555 668 4292 -5210 4976 -163 -3257 -1900 66 37 37
1534196536.053821 622 535 565 662 556 668 5462 -4704 3234 664 1143 339 67 35 39
1534196536.1160846 622 536 564 662 555 668 4354 -5042 4630 442 274 56 67 36 40
1534196536.1930635 623 536 564 662 556 668 4754 -4870 3840 590 -371 -461 67 35 37
1534196536.255305 622 535 564 662 555 669 4492 -4802 4100 435 -653 -90 67 35 37
1534196536.317806 622 535 565 662 555 668 4744 -4924 4034 221 275 -89 66 35 38
1534196536.3981714 622 535 565 662 555 668 4706 -4796 4130 541 345 189 66 34 38
1534196536.4569466 622 535 565 662 555 668 4668 -4854 4170 321 310 -10 65 36 39
1534196536.5233166 622 535 565 662 555 669 4682 -4866 4108 345 353 154 66 36 38
1534196536.5868704 622 535 565 662 555 668 4640 -4826 4202 326 65 -107 66 35 39
1534196536.649356 622 535 565 662 555 668 4622 -4810 4110 334 396 153 67 36 38
1534196536.7075152 623 535 564 662 555 668 4670 -4822 4164 315 160 -52 64 36 39
1534196536.785829 622 536 564 662 555 668 4650 -4854 4188 231 418 140 64 37 37
1534196536.8481078 622 535 565 662 555 668 4638 -4794 4206 396 226 89 65 37 40
1534196536.9184508 623 535 564 662 555 668 4600 -4778 4118 596 972 429 67 37 40
1534196536.9854026 623 535 565 663 555 668 4506 -4852 4276 340 539 247 65 38 38
1534196537.0396094 622 535 565 663 555 668 4600 -4852 4344 383 308 98 65 37 38
1534196537.1021004 622 535 564 662 555 668 4524 -4756 4210 389 460 223 64 40 39
1534196537.1819694 623 535 564 662 555 668 4464 -4894 4212 546 823 378 65 39 39
1534196537.2395563 622 535 564 662 555 668 4390 -4834 4404 278 375 124 65 38 39
1534196537.3020427 622 535 564 662 555 668 4488 -4822 4242 346 353 146 65 41 38
1534196537.3646314 622 535 565 662 555 668 4430 -4798 4364 298 382 84 65 38 40
1534196537.443687 622 535 564 661 555 668 4396 -4832 4314 385 166 -9 64 39 37
1534196537.5080266 622 535 564 662 555 668 4102 -4740 4300 258 97 -28 63 39 37
1534196537.5710638 622 535 564 662 555 668 4232 -5018 4000 599 418 -14 63 39 39
1534196537.6334302 622 535 564 662 555 668 4122 -4750 3876 429 980 -631 62 41 40
1534196537.7066472 622 535 565 662 554 668 4186 -4296 4448 1391 2288 367 61 43 38
1534196537.7691324 621 535 566 661 553 669 4300 -4864 4362 -538 459 -418 62 45 40
1534196537.8316188 617 534 566 660 550 668 3674 -5276 5710 109 -144 700 60 46 39
1534196537.9120643 616 532 566 660 548 668 5298 -4382 3806 153 2691 170 60 47 40
1534196537.9835184 617 533 566 661 550 667 4190 -5836 6322 -3367 -5513 -2398 62 45 38
1534196538.0539713 621 534 565 662 553 668 4992 -4662 3024 -1332 -2530 -2836 70 39 36
1534196538.1164722 621 535 565 662 554 668 4162 -5172 5028 1495 -523 986 67 37 39
1534196538.192985 622 535 564 662 555 669 4966 -4410 3706 169 -2373 -849 67 34 36
1534196538.2539892 623 535 564 662 555 668 4976 -4798 3694 423 614 498 66 34 39
1534196538.3164744 622 535 565 662 555 668 4736 -4926 4156 98 -590 -418 67 33 38
1534196538.378959 622 535 564 662 555 669 4964 -4644 3748 409 257 158 68 33 37
1534196538.4599009 623 535 565 662 555 668 4786 -4910 3974 732 1238 722 68 33 37
1534196538.5216558 623 535 564 662 555 669 4786 -4858 3916 170 9 -102 66 34 36
1534196538.5841408 623 535 564 662 555 668 4808 -4766 4002 333 346 84 68 34 38
1534196538.6468816 623 535 564 662 555 668 4768 -4788 4016 540 596 256 65 35 38
1534196538.7205727 623 536 565 662 555 668 4720 -4846 4152 318 292 75 67 37 37
1534196538.772085 623 535 564 662 555 668 4784 -4800 3994 338 198 -2 67 35 37
1534196538.8502996 622 536 564 663 555 669 4716 -4766 4120 376 466 112 67 36 38
1534196538.9145403 623 535 564 662 555 668 4780 -4826 3974 250 332 -14 67 36 39
1534196538.983216 622 536 565 662 555 668 4730 -4852 4098 216 262 109 66 34 40
1534196539.0375204 623 535 565 662 555 668 4788 -4672 4062 458 664 392 68 37 39
1534196539.115755 622 535 564 662 555 668 4660 -4802 4132 1149 2210 1020 67 37 39
1534196539.18697 622 536 564 662 555 668 4340 -4960 4594 -232 -371 -71 66 39 40
1534196539.2385902 622 535 564 662 555 668 4704 -4838 4012 322 952 394 66 38 38
1534196539.3168085 622 536 565 662 555 668 4448 -4864 4446 251 422 205 65 39 38
1534196539.379203 623 536 564 662 555 668 4526 -4884 4174 349 424 129 66 41 38
1534196539.4498744 622 535 564 663 555 668 4442 -4862 4308 290 168 -9 65 38 40
1534196539.5068436 622 535 564 662 555 668 4466 -4858 4282 91 -242 -285 65 39 38
1534196539.5693283 622 535 564 662 555 668 4576 -4872 4188 330 279 92 64 39 39
1534196539.647437 622 535 564 661 555 668 4462 -4732 4254 281 -307 -366 66 39 39
1534196539.7248862 622 535 564 662 555 668 4522 -4618 4168 818 1080 585 65 39 39
1534196539.77175 622 535 564 662 555 668 4354 -5302 4412 2282 2391 536 64 40 39
1534196539.8498573 622 535 565 662 555 669 4534 -5382 5376 -37 2587 267 63 44 37
1534196539.9228761 621 536 566 662 555 669 4232 -4854 5054 -1147 -2120 2002 62 46 36
1534196539.9894848 619 534 567 661 552 668 4594 -5858 3890 -61 502 975 64 45 35
1534196540.0557463 615 531 566 660 547 667 4046 -5106 4386 -1154 -1151 261 64 46 38
1534196540.1182323 614 530 566 659 545 667 3804 -5094 5628 601 575 905 61 47 35
1534196540.1966422 614 531 566 659 547 667 4754 -5516 4494 -1394 -614 -1770 63 46 39
1534196540.2558835 619 533 565 661 552 668 5506 -5182 3500 -3148 2167 -1135 66 46 35
1534196540.3339076 621 534 564 662 553 668 3704 -6474 6002 2491 -1530 1491 71 42 39
1534196540.3964038 621 535 565 662 554 668 5248 -4482 3272 358 -4088 -1997 69 34 36
1534196540.4735096 621 535 565 662 555 668 5096 -4712 3740 99 620 201 68 32 35
1534196540.5383797 622 535 564 662 555 668 4786 -5134 3730 373 -210 -279 70 32 37
1534196540.6007628 622 535 565 662 555 668 4958 -4758 3858 349 471 -68 69 32 36
1534196540.6734686 622 535 565 662 555 668 5008 -4906 3790 -88 298 -285 68 32 37
1534196540.7398272 622 536 565 662 555 669 4678 -4644 3640 446 18 -666 69 33 36
1534196540.802314 623 536 565 662 555 668 4846 -4846 3908 375 152 -56 69 33 36
1534196540.8647993 622 536 565 662 555 668 4928 -4728 3678 505 203 31 70 32 37
1534196540.9368074 623 536 565 663 555 668 4820 -4776 4000 391 394 176 70 33 37
1534196541.002757 623 536 565 662 555 668 4916 -4784 3720 688 534 347 68 33 36
1534196541.0697246 622 536 565 662 555 668 4750 -4818 3992 369 417 193 69 33 36
1534196541.1321843 623 536 565 662 555 668 4916 -4762 3756 571 791 403 68 37 38
1534196541.2014575 622 536 565 662 555 668 4760 -4778 4098 87 165 -119 67 34 37
1534196541.2558494 622 536 565 661 555 668 4842 -4770 3948 144 378 114 68 35 38
1534196541.318337 622 536 564 662 555 668 4824 -4702 3922 531 670 362 67 36 37
1534196541.3964572 622 536 565 662 555 668 4692 -4820 4112 474 478 190 68 36 36
1534196541.4651275 622 536 565 661 555 668 4764 -4766 4058 500 509 352 66 36 37
1534196541.5239809 622 536 564 662 555 668 3964 -4778 4398 457 -1137 -567 68 36 37
1534196541.6020873 622 536 564 662 555 668 4726 -3828 2738 2170 3474 2583 65 39 40
1534196541.6728637 622 536 565 663 555 668 4356 -4320 5198 2931 3944 -828 64 43 39
1534196541.738765 621 535 566 660 554 669 4244 -3702 3320 100 1829 1002 63 45 40
1534196541.801255 616 532 566 659 549 668 3794 -4550 4888 -1166 1627 -2049 62 45 41
1534196541.863737 613 530 566 659 545 668 4260 -4528 5168 365 987 1365 61 48 43
1534196541.9478598 614 531 565 660 547 667 4336 -5080 4382 -552 3989 -333 61 50 39
1534196542.006071 619 533 565 661 551 668 5968 -4926 5976 -1547 5576 -860 61 55 39
1534196542.0840168 621 534 565 661 553 668 1832 -3678 3590 140 203 1931 70 42 39
1534196542.146674 621 535 565 662 554 668 5162 -3836 3222 -175 -6528 -3240 68 37 39
1534196542.2243297 622 535 565 662 555 668 4850 -4666 4238 -281 -214 -520 68 35 38
1534196542.2869844 622 535 565 661 555 668 5136 -4422 4022 115 -2762 -957 68 32 38
1534196542.3493016 622 536 565 662 555 668 5278 -4376 3792 165 704 104 70 31 38
1534196542.4275017 622 536 565 662 555 668 4978 -4624 4248 169 -82 114 70 33 39
1534196542.4939673 622 536 565 662 555 668 5244 -4528 3904 306 -348 -291 69 31 38
1534196542.5544024 622 536 564 662 555 668 5102 -4432 4008 468 323 240 68 31 39
1534196542.6168802 622 536 565 662 555 668 5086 -4498 3984 250 -187 -128 69 29 38
1534196542.6940753 623 536 564 662 555 668 5146 -4386 3936 435 711 448 69 29 39
1534196542.7558331 622 536 565 661 555 668 4978 -4492 4068 438 191 -42 68 31 36
1534196542.818329 622 536 565 661 555 668 5082 -4524 4100 343 180 15 71 34 38
1534196542.8808055 623 536 564 662 555 668 5120 -4494 3998 727 267 -56 70 31 38
1534196542.958871 623 536 564 661 555 668 5074 -4398 4234 697 494 -249 68 31 37
1534196543.0237756 622 536 564 662 555 669 5122 -4498 4028 1103 313 -694 67 31 37
1534196543.1092386 623 536 564 662 555 668 5024 -4302 4284 1014 -274 -1048 67 31 39
1534196543.165098 622 536 564 662 555 668 5076 -4192 3916 1226 269 -166 66 30 40
1534196543.2235043 622 536 564 662 555 668 5156 -4346 4184 1278 129 56 67 30 40
1534196543.28599 622 536 565 662 555 668 5240 -4082 4190 1436 220 -180 66 31 40
1534196543.3642833 622 536 564 662 555 668 5052 -4254 4224 1222 250 142 63 29 41
1534196543.4318695 622 536 564 662 555 668 5138 -4256 4286 805 -157 30 63 31 39
1534196543.4902601 622 536 565 662 555 668 5264 -3848 4318 725 397 455 64 30 41
1534196543.5636303 622 536 564 662 555 668 4828 -4498 4120 412 567 756 65 31 43
1534196543.6294527 622 536 564 662 555 668 5080 -4166 4538 486 22 -13 63 32 42
1534196543.6972718 622 536 564 661 555 668 5142 -4046 4428 229 -209 -104 62 30 42
1534196543.7720711 622 536 564 662 555 668 5188 -4032 4306 93 276 311 61 31 42
1534196543.8598428 622 536 564 661 555 668 5096 -4078 4452 305 530 235 63 31 42
1534196543.9246647 622 536 564 661 555 668 5118 -4142 4430 213 -47 52 63 31 41
1534196543.9705405 622 536 564 662 555 668 5132 -4046 4356 317 -224 -37 64 33 42
1534196544.026395 622 536 564 662 555 668 5146 -4048 4328 -116 58 191 64 33 40
