1533769932.704213 633 642 642 618 650 615 -80 8180 998 -35 -64 85 -62 15 -44
1533769932.7721658 633 642 643 618 650 615 -254 8198 1008 202 58 -184 -59 18 -45
1533769932.826674 633 642 643 618 650 615 -196 8156 1040 236 -80 -128 -60 17 -43
1533769932.9047935 616 627 639 610 647 593 -222 8174 998 527 -130 -23 -59 19 -44
1533769932.967267 636 644 643 619 651 619 -400 8194 1088 805 450 472 -62 17 -46
1533769933.0408769 636 644 643 619 651 618 -160 8246 802 464 -92 -367 -62 16 -42
1533769933.1118171 636 644 643 619 651 618 -190 8156 1026 -742 -150 -658 -60 19 -46
1533769933.166006 635 643 643 619 651 617 -410 8196 1178 -98 -121 -158 -63 17 -48
1533769933.2441144 635 643 644 619 651 617 -256 8168 1026 279 -233 230 -61 19 -43
1533769933.3165498 634 643 643 619 651 617 -234 8198 944 -32 -505 -309 -63 15 -46
1533769933.4091446 635 643 643 619 651 617 -420 8192 1158 272 31 56 -61 17 -46
1533769933.5184922 634 643 643 619 650 616 -164 8180 928 221 -18 223 -60 16 -48
1533769933.5866115 634 642 643 619 651 616 -266 8150 980 60 288 -102 -61 16 -45
1533769933.6145012 634 642 643 619 651 616 -334 8200 1070 397 353 215 -61 17 -48
1533769933.661323 633 642 643 618 651 615 -226 8176 1032 733 542 689 -62 16 -45
1533769933.7083313 633 641 642 618 651 614 -276 8218 874 953 767 775 -61 17 -47
1533769933.7797232 633 642 643 618 651 615 -200 8198 936 626 740 376 -60 15 -47
1533769933.8439765 634 642 643 618 651 616 -34 8198 928 1159 784 1122 -61 16 -45
1533769933.9067187 634 642 643 619 650 615 42 8196 754 486 364 207 -60 16 -47
1533769933.9689488 634 642 643 618 650 616 -42 8238 812 739 159 696 -61 13 -47
1533769934.056263 634 641 643 618 651 615 -80 8234 838 521 -125 -149 -61 15 -46
1533769934.111141 633 641 643 618 651 615 -90 8236 888 -288 -2090 -245 -61 14 -47
1533769934.1732802 633 641 643 618 650 614 264 8232 450 1350 297 494 -61 14 -48
1533769934.2356083 632 641 643 618 650 614 -34 8240 732 520 465 678 -60 13 -46
1533769934.3120654 632 640 642 618 650 613 -346 7824 696 6094 2306 4140 -60 14 -47
1533769934.3761458 632 640 643 617 649 614 626 7986 -96 1423 -2418 1530 -61 12 -50
1533769934.4386816 632 640 643 617 649 614 898 7988 -68 -885 -970 -561 -60 7 -51
1533769934.5167336 632 641 643 618 649 614 378 8246 384 -2231 -1502 -1984 -61 8 -53
1533769934.5829418 632 640 643 618 650 614 190 8210 580 960 1420 404 -61 9 -52
1533769934.6429424 632 640 643 617 650 613 288 8244 360 374 193 122 -61 9 -52
1533769934.7137175 633 641 643 618 650 616 334 8374 288 303 136 -538 -62 8 -53
1533769934.7769885 633 641 643 618 650 616 284 8180 506 -32 -843 804 -61 9 -50
1533769934.828971 634 642 643 618 650 616 540 8182 180 463 225 -318 -60 9 -53
1533769934.9070773 634 642 643 619 650 616 270 8174 390 -341 69 -650 -61 9 -52
1533769934.9695635 633 642 643 618 650 616 182 8266 452 -149 -121 158 -62 9 -53
1533769935.0366168 634 642 643 619 650 616 342 8256 466 134 62 -198 -62 9 -50
1533769935.0963533 634 642 643 619 650 616 350 8210 418 75 199 -115 -60 9 -50
1533769935.1598508 634 642 643 619 650 616 172 8274 460 711 521 350 -61 9 -53
1533769935.2222116 634 642 643 619 650 616 274 8172 440 445 310 225 -61 10 -53
1533769935.2935693 634 642 643 619 650 616 310 8216 384 603 209 221 -61 9 -52
1533769935.372093 634 642 643 619 650 616 318 8278 274 359 69 -86 -61 9 -51
1533769935.4120517 634 642 643 619 650 616 396 8174 380 385 477 257 -59 11 -53
1533769935.474539 634 642 643 619 650 616 266 8310 292 1307 838 1078 -62 9 -53
1533769935.553441 634 642 643 619 650 616 518 8230 132 1524 891 1233 -61 9 -52
1533769935.6105309 634 642 643 619 650 616 600 8194 172 881 515 512 -61 8 -53
1533769935.6828022 634 642 643 619 650 616 504 8300 214 1593 664 1114 -61 8 -51
1533769935.749161 634 642 643 619 650 616 742 8224 -26 1606 522 1265 -61 7 -54
1533769935.8122115 634 642 643 619 650 616 786 8192 -130 481 -48 81 -60 6 -54
1533769935.8767257 634 642 643 619 650 616 660 8214 -140 538 279 378 -60 6 -55
1533769935.945497 634 642 643 619 651 616 854 8204 -62 296 195 172 -60 6 -56
1533769936.0281928 633 641 643 619 650 615 750 8208 -128 372 317 256 -58 4 -55
1533769936.062748 633 641 643 618 650 615 764 8200 -108 246 200 43 -60 5 -55
1533769936.126221 633 641 643 618 650 615 784 8196 -134 433 244 252 -60 3 -54
1533769936.1887078 634 642 643 619 651 615 818 8164 -170 413 347 314 -59 4 -55
1533769936.2654746 634 643 643 619 653 614 906 8180 -142 521 262 382 -60 5 -52
1533769936.3293545 636 644 644 620 654 615 884 8148 -160 705 294 87 -60 4 -56
1533769936.3924036 637 645 644 620 655 616 914 8162 -214 319 180 226 -59 3 -54
1533769936.4549239 636 644 644 620 654 616 900 8176 -132 427 360 253 -60 4 -54
1533769936.5173745 636 645 643 619 653 616 1416 8224 -178 549 524 -267 -61 6 -55
1533769936.5919762 634 643 643 619 651 616 858 8072 -212 636 328 -317 -59 3 -55
1533769936.674159 631 640 642 616 650 612 850 8078 -352 273 -107 192 -60 5 -53
1533769936.7212114 632 642 642 617 651 613 882 8164 -302 -313 -316 -480 -59 5 -55
1533769936.7963064 635 645 643 619 651 617 646 8284 -404 -1948 -1089 -292 -61 5 -55
1533769936.860819 639 641 644 624 651 618 686 8218 108 -1270 344 951 -61 3 -56
1533769936.9232278 627 625 641 623 642 615 722 8324 30 117 35 1539 -58 4 -54
1533769936.986771 619 616 639 619 635 612 1144 8180 -78 125 428 599 -59 4 -54
1533769937.0537586 601 609 637 604 620 606 984 8228 28 -256 29 -299 -56 4 -53
1533769937.1177492 591 604 635 598 612 603 922 8270 126 101 354 606 -58 0 -54
1533769937.171672 593 605 636 599 611 604 1040 8196 108 255 213 471 -56 4 -52
1533769937.2341573 589 603 635 597 610 601 1124 8162 174 29 297 250 -56 3 -53
1533769937.3293512 596 610 637 599 615 604 1100 8162 40 274 -181 -541 -55 3 -54
1533769937.376464 598 613 637 601 617 606 726 8390 -66 328 -1636 -520 -56 1 -54
1533769937.438948 588 617 636 588 614 603 1654 7692 -404 -6237 -3608 -5256 -56 2 -55
1533769937.5170557 625 628 642 616 637 615 24 8278 1436 -1685 298 -2688 -58 2 -53
1533769937.585328 620 629 641 611 635 614 144 8272 838 1715 761 118 -58 5 -52
1533769937.643523 628 637 642 615 643 617 620 8180 234 621 37 391 -59 6 -50
1533769937.7060022 633 641 643 618 647 619 530 8176 612 473 239 253 -59 8 -53
1533769937.7770917 630 637 642 617 643 618 564 8216 440 1547 424 806 -58 5 -52
1533769937.8290012 634 641 643 618 646 619 612 8178 358 1378 599 911 -60 6 -53
1533769937.9071107 634 641 643 618 646 619 750 8224 304 1274 174 1083 -59 4 -53
1533769937.9854045 634 642 643 618 646 619 788 8190 194 1271 502 624 -58 4 -53
1533769938.0371957 632 640 643 617 644 618 820 8216 158 713 -11 344 -60 3 -54
1533769938.0972235 633 641 643 618 646 619 822 8192 130 774 330 680 -58 5 -54
1533769938.1597147 630 638 643 617 643 618 930 8160 88 451 81 77 -58 2 -54
1533769938.2224107 634 642 643 619 647 619 878 8174 88 598 217 446 -59 4 -54
1533769938.2881105 633 641 643 618 646 619 882 8182 84 463 -141 330 -58 2 -54
1533769938.3534584 632 640 643 618 645 619 1042 8156 -48 348 -18 259 -57 0 -55
1533769938.4088805 635 642 644 619 647 619 1008 8156 22 387 40 16 -57 1 -56
1533769938.4713914 631 639 643 617 644 618 882 8210 66 383 156 22 -58 2 -55
1533769938.5338507 632 639 643 617 644 618 920 8188 -10 412 201 205 -58 2 -56
1533769938.6119568 632 639 643 617 644 618 970 8194 -12 168 92 -183 -59 4 -57
1533769938.6590524 631 638 643 617 643 618 984 8154 100 418 158 159 -56 2 -57
1533769938.7213068 630 637 643 616 642 618 902 8220 0 342 95 -4 -57 2 -58
1533769938.7900548 631 638 643 617 643 618 1028 8138 12 146 40 14 -60 3 -54
1533769938.8438826 633 640 643 618 645 619 878 8192 -46 334 292 16 -57 1 -56
1533769938.9066257 633 640 643 618 646 619 1078 8162 146 281 132 95 -57 3 -58
1533769938.96984 633 641 643 618 645 619 1044 8142 -188 4 -98 -129 -58 2 -55
1533769939.0436194 634 641 643 618 646 619 872 8234 82 503 511 42 -56 1 -57
1533769939.1044314 633 640 643 618 645 619 1010 8118 -2 98 67 34 -58 3 -55
1533769939.1567018 634 641 643 618 646 619 932 8204 -22 127 139 -160 -59 3 -57
1533769939.245334 633 640 643 618 645 619 1016 8122 -42 307 128 94 -59 2 -54
1533769939.2957246 633 641 643 618 646 619 910 8168 -6 125 125 -94 -58 2 -55
1533769939.3612766 634 641 643 618 646 619 1008 8152 -62 445 213 246 -57 0 -55
1533769939.4246073 634 642 644 619 647 619 1058 8162 -78 -13 37 -147 -59 1 -55
1533769939.4868956 636 643 644 619 648 620 894 8196 -24 330 246 78 -59 2 -56
1533769939.5536635 636 643 644 619 649 620 1014 8152 -64 379 328 168 -58 2 -57
1533769939.6102602 634 642 643 619 647 620 978 8184 -88 330 140 215 -58 3 -56
1533769939.672747 635 642 643 619 647 619 1016 8186 -128 146 50 1 -56 1 -56
1533769939.735232 635 641 643 619 647 620 962 8174 26 249 239 279 -58 1 -54
1533769939.8076408 636 640 644 621 647 620 878 8108 -16 356 609 610 -59 3 -57
1533769939.892698 632 638 643 618 644 619 952 8182 -62 1616 1039 -586 -57 0 -54
1533769939.9395623 629 635 642 616 641 618 1056 8190 -242 -99 321 683 -57 4 -57
1533769940.0065181 639 637 643 626 647 620 814 8236 -96 -996 -88 1092 -57 2 -54
1533769940.0616598 624 630 641 616 637 616 1068 8114 -112 -1309 -796 399 -58 2 -55
1533769940.1415498 617 629 640 611 634 613 1068 8278 304 1158 556 587 -55 1 -56
1533769940.204301 617 628 640 611 632 612 1232 8160 -76 694 193 0 -53 3 -55
1533769940.272818 617 632 641 609 633 612 1068 8194 -46 -638 -283 131 -56 -1 -55
1533769940.3276498 614 630 640 607 630 612 886 8380 82 -461 -142 -404 -57 1 -55
1533769940.4077177 619 637 641 608 636 614 1678 7244 56 -4216 -3380 -3091 -57 -1 -56
1533769940.4702313 629 640 642 614 642 617 424 8212 386 105 1307 -2248 -57 1 -58
1533769940.5561035 627 640 643 613 641 617 516 8252 578 483 -7 88 -56 2 -53
1533769940.5949194 629 642 643 614 644 618 850 8182 220 579 171 -101 -58 3 -54
1533769940.6576471 638 643 644 621 647 619 818 8192 228 459 531 -22 -56 2 -54
1533769940.7199173 634 640 643 619 645 618 740 8162 258 713 455 375 -59 2 -54
1533769940.7950492 630 637 642 617 642 618 892 8174 226 325 189 -56 -57 3 -55
1533769940.845027 630 638 642 616 642 618 816 8192 234 214 175 -96 -59 5 -56
1533769940.9074469 632 640 643 617 644 618 752 8234 208 417 97 195 -56 4 -54
1533769940.9712226 632 640 643 617 644 618 786 8182 160 366 266 27 -58 3 -54
1533769941.0487125 629 639 643 615 642 618 758 8182 204 272 150 130 -56 4 -55
1533769941.0957067 630 641 643 615 644 618 842 8208 208 321 25 45 -58 3 -56
1533769941.1761646 629 640 643 614 643 618 808 8156 196 316 99 -60 -56 3 -56
1533769941.2232625 630 641 643 614 644 618 824 8218 166 369 203 96 -60 3 -53
1533769941.3003182 628 639 643 613 642 617 834 8230 198 455 291 155 -59 3 -55
1533769941.360363 624 637 642 612 639 616 820 8198 134 274 194 4 -60 3 -54
1533769941.4228485 623 636 642 611 638 616 868 8190 132 433 236 101 -58 3 -58
1533769941.4855454 623 636 642 611 638 616 860 8180 148 220 124 -46 -59 1 -56
1533769941.5522892 627 637 642 614 640 617 780 8186 154 237 135 16 -57 1 -53
1533769941.6117642 625 636 642 612 639 616 880 8192 76 163 134 -58 -58 1 -55
1533769941.6742475 624 637 642 611 639 616 794 8232 110 124 233 55 -57 3 -54
1533769941.7367344 624 637 642 611 639 616 836 8188 156 265 21 -56 -59 3 -53
1533769941.8288684 622 635 642 610 637 616 838 8176 146 260 114 59 -59 0 -55
1533769941.86286 622 635 642 610 637 616 804 8200 76 362 275 200 -58 2 -55
1533769941.9253628 623 637 642 611 639 616 824 8170 118 140 222 -82 -59 2 -56
1533769941.9878426 622 637 642 610 638 616 820 8190 148 365 222 114 -57 4 -56
1533769942.0564682 622 636 642 610 638 616 858 8216 42 300 178 85 -58 4 -55
1533769942.1112654 622 636 642 610 638 616 794 8172 142 224 78 -46 -59 3 -55
1533769942.167064 622 636 642 610 638 616 976 8156 60 160 109 86 -61 3 -56
1533769942.2293944 625 638 642 611 640 617 748 8236 148 329 200 26 -58 3 -56
1533769942.3066392 625 639 643 611 641 617 884 8218 -16 524 374 43 -59 1 -57
1533769942.360818 625 639 642 611 641 617 910 8152 84 370 156 230 -58 3 -57
1533769942.438924 624 638 642 611 640 616 850 8222 -2 553 158 260 -59 1 -56
1533769942.4857886 626 639 642 612 642 617 920 8192 40 244 114 11 -59 3 -56
1533769942.5482957 625 638 642 611 640 617 868 8176 44 354 187 101 -58 3 -57
1533769942.6069894 624 637 642 611 639 616 938 8192 -86 115 128 -55 -56 2 -56
1533769942.669301 625 638 642 612 640 617 876 8196 138 216 193 23 -60 0 -54
1533769942.7317126 624 637 642 611 640 617 930 8156 -14 322 148 96 -56 3 -56
1533769942.8092678 624 637 642 611 639 617 892 8188 56 374 222 128 -58 2 -56
1533769942.8606267 624 637 642 611 639 616 940 8114 -40 79 10 7 -57 3 -56
1533769942.9232414 625 638 642 612 640 616 938 8120 -26 112 74 -34 -59 3 -56
1533769942.9855974 626 638 643 613 641 617 996 8162 6 86 75 108 -58 3 -55
1533769943.07808 626 637 642 613 640 617 924 8220 104 417 475 545 -58 3 -55
1533769943.1201184 624 636 642 612 639 617 982 8210 42 622 551 -306 -58 3 -56
1533769943.1731262 622 634 641 611 637 616 990 8210 -60 777 1085 732 -58 2 -57
1533769943.235439 622 637 642 610 637 615 1008 8260 -86 -1 570 892 -57 2 -56
1533769943.3150082 619 635 642 608 635 614 1296 8132 74 -1848 -476 852 -56 3 -54
1533769943.377453 620 638 642 608 636 614 1084 8214 306 130 -153 232 -57 1 -55
1533769943.4399254 614 634 641 606 632 612 1244 8122 38 640 299 -102 -55 3 -55
1533769943.5025413 608 632 640 602 628 610 1188 8116 -24 -149 -94 50 -54 0 -53
1533769943.5760205 609 633 640 603 630 608 1134 8190 220 -433 -203 7 -56 1 -54
1533769943.6433835 609 631 640 603 628 610 1174 8264 214 -182 -389 -335 -56 0 -54
1533769943.7213054 613 638 641 601 630 612 840 8402 28 -2284 -2765 72 -55 1 -54
1533769943.7813144 604 637 640 595 629 610 1520 8244 -112 -731 1439 -1962 -55 -1 -55
1533769943.8462465 623 640 642 608 639 616 612 8184 1072 -739 -491 -1299 -55 0 -56
1533769943.9088507 623 640 642 608 638 616 876 8188 180 1210 150 126 -56 2 -53
1533769943.971382 620 638 642 607 637 615 972 8200 290 568 835 167 -57 2 -52
1533769944.0426745 619 638 642 606 636 614 910 8152 438 298 139 -75 -57 3 -53
1533769944.09566 618 636 641 606 635 615 880 8198 244 966 599 341 -57 2 -55
1533769944.158147 621 639 642 606 637 615 892 8200 282 559 205 143 -58 3 -54
1533769944.2206318 618 636 641 606 635 614 924 8178 272 649 341 399 -57 3 -55
1533769944.298378 620 637 641 607 636 615 938 8174 276 303 105 44 -59 2 -55
1533769944.3763359 620 638 642 607 637 615 900 8162 264 637 264 268 -58 0 -54
1533769944.4233057 620 638 642 607 637 615 1026 8210 148 546 183 300 -57 2 -55
1533769944.4856863 620 639 642 606 637 615 934 8180 112 298 -173 -17 -58 3 -55
1533769944.5555432 619 637 642 607 636 615 960 8166 176 559 139 209 -56 1 -56
1533769944.610308 619 637 641 606 636 614 1054 8168 52 273 -35 76 -57 1 -56
1533769944.6729288 621 639 642 608 638 615 942 8166 158 420 232 92 -58 3 -56
1533769944.7353332 621 638 642 608 637 615 1104 8128 116 347 140 185 -58 2 -56
1533769944.8103197 622 639 642 608 638 615 940 8236 166 236 132 -63 -56 1 -55
1533769944.8603036 624 641 642 609 641 616 1046 8174 130 53 -91 -145 -57 2 -56
1533769944.9384077 623 640 642 609 639 616 1010 8198 106 435 141 209 -56 1 -54
1533769945.0226614 623 640 642 609 639 616 1008 8172 98 358 247 34 -59 0 -55
1533769945.065393 624 641 643 609 641 616 1034 8154 82 159 87 -48 -55 4 -55
1533769945.129215 622 639 642 609 639 616 992 8190 122 467 316 268 -57 0 -55
1533769945.1820219 623 640 642 609 639 616 1016 8196 108 267 102 -124 -56 2 -55
1533769945.244675 623 639 642 609 639 616 1028 8182 32 444 305 219 -58 2 -53
1533769945.3247786 623 639 642 609 639 616 1052 8212 116 304 148 33 -58 -2 -57
1533769945.3776464 622 638 642 609 638 616 1012 8120 22 30 -41 -65 -57 0 -58
1533769945.4400778 622 639 642 609 639 616 1040 8178 114 373 274 96 -56 0 -55
1533769945.5025654 622 638 642 608 638 616 1060 8172 60 115 144 -124 -58 3 -54
1533769945.5788853 622 638 642 609 638 616 1002 8196 86 142 122 57 -57 2 -56
1533769945.6584668 621 637 642 608 637 615 1004 8168 110 219 240 -39 -56 1 -57
1533769945.7053316 622 637 642 609 638 615 998 8156 86 231 55 -58 -58 1 -58
1533769945.7673006 623 639 642 609 639 616 1074 8152 64 99 85 -39 -57 0 -56
1533769945.82923 623 639 642 609 639 616 984 8164 90 207 196 38 -57 1 -57
1533769945.89195 622 638 642 609 638 616 1048 8136 100 60 156 -113 -56 0 -56
1533769945.954202 622 638 642 609 638 616 992 8188 128 291 136 49 -57 1 -55
1533769946.0183346 622 637 642 609 638 616 994 8182 122 98 78 -94 -59 1 -56
1533769946.0831606 622 637 642 609 638 616 1036 8172 66 203 142 -50 -58 1 -54
1533769946.143273 621 636 642 608 636 615 1000 8172 150 291 213 70 -58 0 -55
1533769946.205615 620 635 642 608 636 615 1050 8182 48 304 263 126 -58 3 -56
1533769946.295971 620 635 641 608 636 615 996 8196 16 376 172 64 -56 3 -58
1533769946.3290937 621 636 642 609 636 615 1062 8206 134 196 201 -23 -57 1 -57
1533769946.3928173 621 636 642 609 637 615 998 8178 88 340 164 257 -57 1 -56
1533769946.4553025 621 636 642 609 636 615 1086 8154 42 249 194 75 -58 1 -56
1533769946.5177875 621 636 642 609 636 615 996 8172 -10 317 156 163 -60 0 -54
1533769946.5789845 622 636 642 609 637 616 1038 8174 44 253 202 -158 -56 -2 -54
1533769946.6572032 622 636 642 609 637 615 1044 8154 62 270 213 175 -59 1 -56
1533769946.719577 622 636 642 609 637 616 1088 8168 42 220 162 19 -57 -1 -54
1533769946.7866313 622 636 642 609 637 616 1060 8260 26 -202 -76 -189 -56 1 -56
1533769946.845446 623 636 642 610 637 616 754 8252 86 585 563 455 -57 1 -54
1533769946.9391732 622 635 642 609 636 616 1134 8136 124 1076 779 -314 -56 1 -55
1533769946.9704442 620 635 642 609 636 615 1176 8172 -212 -185 399 666 -57 0 -56
1533769947.050336 630 637 643 618 642 617 1080 8164 160 -814 -203 655 -57 2 -56
1533769947.1119115 623 637 642 611 636 614 1214 8006 176 -29 -68 321 -57 3 -56
1533769947.1743965 626 637 643 615 638 614 1228 8182 -70 218 -824 -259 -57 0 -55
1533769947.2368827 625 637 642 614 638 613 1136 8102 -8 -255 148 7 -57 -1 -55
1533769947.3110652 622 640 642 609 637 612 1106 8234 192 -82 104 -11 -55 0 -56
1533769947.3766825 621 637 642 610 635 613 1006 8524 194 595 265 -832 -56 1 -56
1533769947.4392781 625 640 642 611 639 615 1822 7470 -798 -2731 -30 -2574 -56 0 -56
1533769947.5172758 628 642 643 612 641 616 574 8240 1068 -1343 1294 -1600 -57 0 -53
1533769947.5946476 625 638 642 611 639 615 904 8210 354 1009 -879 555 -55 4 -52
1533769947.6415129 624 641 642 609 639 615 874 8184 54 47 -237 -305 -57 3 -53
1533769947.7040477 621 638 642 608 638 615 872 8176 426 460 -102 445 -56 2 -54
1533769947.7781806 617 638 641 604 635 613 1034 8144 200 582 181 107 -56 3 -54
1533769947.8400402 625 640 642 611 640 616 918 8214 320 372 34 68 -56 0 -53
1533769947.8930154 625 638 642 611 639 615 1008 8174 216 472 -30 291 -58 1 -55
1533769947.9557579 622 639 642 610 640 614 994 8164 216 332 -230 63 -57 2 -55
1533769948.030457 614 634 641 603 634 610 922 8204 220 385 30 96 -59 2 -56
1533769948.0906045 616 636 641 604 636 611 980 8178 154 272 66 -80 -55 0 -55
1533769948.1528268 616 635 641 605 635 611 938 8186 192 385 53 26 -57 1 -54
1533769948.2310953 616 634 641 605 634 611 986 8188 222 266 -15 95 -56 1 -55
1533769948.2786303 618 636 641 606 636 612 986 8172 128 231 37 8 -56 0 -54
1533769948.3434577 616 635 641 605 635 611 1002 8190 180 455 303 147 -56 1 -57
1533769948.3931944 618 637 641 605 636 612 1010 8180 136 116 37 -65 -56 1 -54
1533769948.455785 618 637 642 606 637 612 956 8134 138 270 246 63 -57 1 -53
1533769948.5348594 617 637 641 605 636 612 1026 8158 110 281 102 32 -59 -1 -54
1533769948.595436 617 635 641 605 635 612 1004 8178 134 256 135 5 -56 1 -56
1533769948.6579225 615 635 641 604 634 612 1048 8210 54 304 127 59 -58 1 -56
1533769948.7204053 617 635 642 605 635 612 988 8170 184 339 182 24 -56 1 -56
1533769948.7889714 616 635 641 605 634 612 1048 8134 138 270 150 -13 -56 1 -55
1533769948.8614995 617 637 641 605 636 613 992 8220 114 244 36 171 -56 0 -55
1533769948.9085906 616 635 641 604 634 612 1010 8164 180 244 183 -73 -57 1 -54
1533769948.9710116 617 636 641 605 636 612 1060 8184 74 311 86 163 -57 3 -56
1533769949.0425715 616 636 641 604 636 612 998 8198 158 254 161 30 -58 4 -56
1533769949.1042235 617 636 641 605 635 613 1016 8172 110 221 1 37 -57 1 -57
1533769949.15649 617 636 641 605 635 612 1020 8170 90 358 9 115 -57 -2 -55
1533769949.2189806 616 636 641 605 635 612 1046 8178 108 237 94 37 -56 1 -56
1533769949.2935503 616 635 641 605 635 612 1026 8142 122 244 42 -27 -57 1 -56
1533769949.3580878 616 636 642 605 635 612 1064 8178 112 308 166 86 -56 0 -56
1533769949.4074671 616 635 641 604 635 612 1090 8138 92 253 94 76 -56 1 -54
1533769949.4855692 617 636 641 605 635 613 1010 8216 54 319 144 110 -56 0 -56
1533769949.5472765 618 637 641 605 636 613 1066 8182 132 285 174 68 -57 -2 -54
1533769949.6118972 619 638 642 606 637 614 1046 8164 36 302 126 164 -56 1 -56
1533769949.6743827 619 638 642 605 637 613 1048 8180 80 215 90 -50 -56 0 -55
1533769949.7368689 618 638 642 605 636 613 1092 8154 22 335 160 83 -57 0 -54
1533769949.8023906 618 638 642 605 637 614 1072 8150 122 257 163 99 -58 0 -55
1533769949.8608 619 639 642 605 637 614 1090 8162 20 312 124 -9 -55 2 -56
1533769949.9232664 616 636 641 604 635 613 1064 8206 18 274 175 -24 -55 0 -55
1533769949.9913352 616 637 641 604 636 613 1116 8142 56 247 159 33 -58 0 -55
1533769950.0526805 616 636 642 604 635 613 1088 8138 36 218 94 70 -56 1 -56
1533769950.1267655 616 636 641 604 635 613 1104 8158 30 257 89 -33 -58 2 -58
1533769950.1736307 615 635 641 604 634 613 1094 8176 14 234 164 1 -59 0 -55
1533769950.2424624 617 637 641 605 635 613 1072 8160 34 191 184 -43 -55 -1 -56
1533769950.3039792 617 637 641 604 636 613 1090 8170 56 185 75 16 -56 0 -55
1533769950.363904 616 637 642 604 635 613 1074 8180 16 113 88 -68 -56 1 -55
1533769950.4266286 616 637 642 604 636 613 1086 8142 18 5 27 -154 -56 0 -58
1533769950.4888742 616 636 641 604 635 613 1120 8158 38 204 114 -13 -56 1 -56
1533769950.5577106 618 638 642 605 637 614 1052 8170 120 192 74 -15 -58 -1 -56
1533769950.608953 617 638 642 605 636 614 1096 8140 68 136 81 -123 -57 1 -54
1533769950.687083 617 636 642 604 635 613 1064 8196 72 294 108 147 -58 -1 -56
1533769950.7645376 617 636 642 605 635 613 1246 7946 -62 222 137 102 -56 0 -57
1533769950.814403 643 640 645 628 650 621 1168 8234 180 329 301 4 -56 0 -56
1533769950.8753939 643 639 645 626 649 621 996 8106 40 772 536 52 -58 -1 -57
1533769950.9380991 629 637 643 615 640 616 1056 8150 -30 898 1070 369 -57 -1 -55
1533769951.0104575 629 638 643 616 641 617 1172 8082 -126 -67 75 256 -57 -1 -57
1533769951.075323 622 635 642 608 636 613 976 8106 98 -599 -37 376 -57 -1 -54
1533769951.1410306 616 637 641 604 634 612 1148 8076 154 -249 -417 446 -54 1 -57
1533769951.2034788 611 635 640 602 632 609 1090 8198 122 416 99 239 -57 1 -58
1533769951.2712393 610 637 641 601 632 609 1038 8152 146 755 935 281 -55 0 -56
1533769951.3292155 605 632 640 598 628 606 1244 8162 -212 -142 108 475 -54 1 -56
1533769951.4233167 597 626 638 595 620 605 1186 8130 -48 -79 -350 -84 -55 0 -56
1533769951.4701831 603 628 639 598 623 607 1014 8274 70 -420 -548 -555 -56 0 -56
1533769951.541519 607 634 640 597 626 611 1174 8168 -96 -3193 -3575 -867 -54 3 -54
1533769951.5944421 604 632 640 595 624 610 1240 8164 420 -3 2635 -1352 -55 -1 -56
1533769951.6726272 612 640 641 597 631 613 678 8184 838 36 -218 -337 -56 1 -54
1533769951.7350755 610 639 641 598 631 613 930 8158 306 368 190 45 -58 1 -53
1533769951.801873 615 644 642 598 636 615 912 8190 504 210 382 -265 -56 2 -55
1533769951.8616323 609 637 641 597 630 612 912 8180 336 678 412 261 -57 1 -52
1533769951.9240575 610 638 641 598 632 613 882 8164 468 17 522 -277 -58 0 -54
1533769951.9866245 611 639 641 598 632 613 872 8162 376 149 -167 -118 -56 0 -53
1533769952.0792534 614 642 642 600 635 614 818 8204 370 250 41 -235 -55 3 -53
1533769952.124709 612 640 641 599 634 614 794 8230 430 227 5 41 -57 3 -55
1533769952.1874115 613 641 642 599 634 614 826 8180 472 -427 -1113 -505 -59 1 -53
1533769952.25824 611 640 641 598 634 614 788 8152 624 -1026 -2415 -711 -56 4 -52
1533769952.3276997 610 639 641 598 633 613 684 8184 628 -3033 -4839 -1709 -57 2 -55
1533769952.3924809 610 639 641 598 633 613 732 8122 594 -2187 -4101 -1060 -58 2 -55
1533769952.4551544 610 638 641 598 632 613 448 8250 956 -2926 -2734 -1975 -59 2 -56
1533769952.5391617 612 640 641 598 634 614 414 8324 1248 -1842 -1000 -1345 -59 1 -58
1533769952.5961342 610 639 641 598 632 614 370 8278 1380 414 611 -966 -60 3 -57
1533769952.658863 609 637 641 597 631 613 658 8278 980 -2882 299 -603 -58 2 -55
1533769952.736726 609 637 641 597 631 613 -48 8214 2094 -127 3389 -1829 -60 3 -54
1533769952.8087165 608 636 641 597 630 612 188 8082 1030 541 2028 1778 -62 4 -51
1533769952.8759727 609 637 641 597 631 612 -334 8180 2182 1626 1020 897 -60 8 -49
1533769952.938459 615 643 642 599 636 614 86 8238 1152 2187 -806 817 -60 7 -52
1533769953.008179 611 638 641 598 632 613 448 8040 806 2337 629 890 -59 8 -52
1533769953.0769956 610 638 641 598 632 613 262 8290 1206 -278 -614 -1163 -60 6 -53
1533769953.1432233 610 637 641 598 631 614 266 8062 1092 -780 -281 -1629 -61 4 -54
1533769953.2058067 610 637 642 598 631 614 -16 8212 1380 93 382 249 -62 5 -54
1533769953.275135 627 642 644 612 642 619 90 8116 1450 -172 72 -625 -63 8 -53
1533769953.3345127 624 642 644 608 640 618 -46 8232 1214 421 696 226 -61 6 -53
1533769953.4228232 622 638 643 609 637 617 126 8234 1266 246 632 718 -62 6 -53
1533769953.4696863 616 636 642 605 635 615 230 8134 1234 948 543 716 -63 8 -53
1533769953.5349884 613 637 642 599 632 614 244 8182 1086 639 221 970 -61 6 -53
1533769953.5964189 612 638 642 599 633 614 112 8126 1190 154 394 31 -64 5 -53
1533769953.6591692 613 638 643 599 634 615 338 8188 1122 340 52 -380 -59 4 -53
1533769953.7213883 613 638 642 599 633 614 380 8140 1188 1767 860 196 -61 7 -50
1533769953.7943952 612 637 642 599 632 614 66 8170 1094 963 510 -888 -62 7 -54
1533769953.8444636 612 638 642 599 633 614 66 8300 908 407 328 -374 -62 6 -55
1533769953.9226089 611 637 642 599 633 614 128 8162 1052 406 117 345 -61 9 -55
1533769953.9848404 611 637 642 599 632 614 90 8298 898 505 130 -67 -61 6 -54
1533769954.0818884 612 638 642 599 634 614 166 8198 920 91 32 376 -62 7 -54
1533769954.1148002 610 636 642 598 632 614 160 8214 970 -32 168 -103 -61 7 -55
1533769954.16161 612 638 642 599 634 614 256 8136 1012 466 58 406 -61 7 -55
1533769954.240004 611 638 642 599 633 614 214 8266 952 333 174 73 -62 8 -56
1533769954.3051054 612 638 642 599 634 614 164 8150 1072 572 247 301 -61 5 -55
1533769954.3611708 615 641 643 601 637 615 304 8264 566 440 144 71 -64 5 -53
1533769954.4236557 615 641 643 600 637 615 228 8224 908 130 375 65 -61 7 -54
1533769954.4861424 614 640 642 600 636 614 178 8134 1050 599 48 49 -62 8 -54
1533769954.5576215 614 640 642 600 636 614 310 8146 804 460 -24 270 -62 6 -53
1533769954.6110237 610 636 641 598 632 613 188 8260 834 317 191 232 -60 6 -55
1533769954.6891298 611 638 642 599 634 614 242 8150 894 -240 -141 -363 -61 6 -57
1533769954.7517574 610 636 641 599 633 613 334 8162 810 219 237 349 -62 6 -55
1533769954.8121367 609 636 641 598 632 613 236 8184 984 230 351 25 -61 5 -55
1533769954.8746214 610 636 641 598 633 613 214 8184 826 -62 59 30 -62 5 -56
1533769954.937369 611 637 642 598 633 613 352 8178 892 356 344 151 -60 5 -55
1533769955.0036957 614 641 642 600 637 614 232 8168 864 197 138 42 -62 6 -55
1533769955.0665176 610 636 642 598 633 613 186 8218 938 29 227 -71 -59 6 -55
1533769955.1260958 611 638 642 599 634 613 354 8120 930 132 308 324 -62 6 -55
1533769955.1886795 612 638 642 599 635 614 278 8192 856 148 231 -160 -61 4 -53
1533769955.2582998 612 639 642 599 635 614 318 8188 810 373 153 42 -63 4 -54
1533769955.3291469 613 639 642 599 636 614 330 8208 822 148 97 -113 -61 5 -54
1533769955.3776436 612 638 642 599 635 613 268 8202 928 55 161 -242 -60 7 -54
1533769955.4403906 611 638 642 599 634 613 112 8242 932 83 -24 -96 -62 6 -54
1533769955.4990528 611 636 642 599 633 613 286 8140 978 -62 85 37 -63 8 -55
1533769955.573338 611 637 642 599 634 613 170 8206 998 127 206 41 -63 7 -55
1533769955.6275866 611 636 642 599 634 613 332 8196 946 399 506 621 -61 5 -53
1533769955.6898415 611 637 642 599 634 613 364 8224 786 445 703 604 -62 6 -53
1533769955.7665155 610 636 642 598 633 612 424 8270 750 686 1150 1079 -62 4 -53
