1534195198.5970976 668 572 610 713 608 714 -7764 -674 2730 228 120 114 -23 96 37
1534195198.6529512 668 572 610 713 608 713 -7724 -828 2666 265 137 22 -22 98 37
1534195198.725279 668 573 610 713 608 713 -7740 -748 2624 299 128 -13 -23 98 35
1534195198.7878945 668 572 610 713 609 714 -7734 -810 2672 214 138 -48 -22 95 38
1534195198.8511949 668 572 610 713 608 713 -7734 -726 2678 254 100 33 -23 96 36
1534195198.9293027 668 572 610 713 608 713 -7742 -798 2682 201 141 29 -21 95 37
1534195198.991909 668 572 610 713 608 713 -7712 -742 2622 238 134 40 -21 96 35
1534195199.0544872 668 572 611 713 609 713 -7764 -834 2664 271 153 53 -23 97 36
1534195199.1167593 668 572 610 712 609 713 -7766 -748 2702 184 151 -35 -23 97 37
1534195199.1975358 668 572 610 713 608 714 -7756 -758 2696 149 187 -46 -26 96 36
1534195199.3428934 669 573 610 713 608 713 -7752 -772 2662 247 157 63 -21 94 37
1534195199.3818285 668 572 610 713 608 713 -7622 -790 2628 199 154 -21 -22 98 37
1534195199.444315 668 572 610 713 609 714 -7750 -748 2628 250 129 14 -22 95 39
1534195199.5113888 668 572 610 713 608 713 -7734 -786 2642 190 206 25 -24 96 35
1534195199.5663307 668 572 610 713 608 714 -7772 -704 2646 257 113 88 -22 95 35
1534195199.6131945 668 572 610 713 608 713 -7752 -752 2672 171 180 -29 -22 97 36
1534195199.660058 668 572 610 713 608 713 -7708 -774 2654 232 156 36 -22 95 35
1534195199.7245321 668 572 610 713 608 713 -7742 -722 2676 153 83 44 -25 94 36
1534195199.787017 668 572 610 713 608 713 -7714 -786 2640 218 147 36 -22 94 36
1534195199.8594491 668 573 611 713 608 713 -7724 -780 2674 209 104 45 -22 95 36
1534195199.9327455 668 572 611 713 608 713 -7778 -754 2616 279 126 36 -24 97 37
1534195199.997571 668 572 611 713 608 714 -7788 -720 2712 175 63 119 -23 96 37
1534195200.0564137 668 572 610 713 608 713 -7760 -792 2646 213 186 69 -24 99 37
1534195200.1222382 668 572 611 713 608 714 -7706 -740 2668 236 96 83 -23 96 36
1534195200.1880627 668 572 610 713 608 713 -7732 -768 2718 264 119 -4 -24 97 35
1534195200.254884 668 572 610 713 608 713 -7722 -780 2652 225 132 -25 -23 95 38
1534195200.3197281 668 572 610 712 608 713 -7746 -792 2604 182 158 6 -24 95 37
1534195200.385535 668 573 610 712 608 713 -7732 -714 2624 224 122 49 -22 97 35
1534195200.4523559 668 572 610 713 608 713 -7772 -756 2624 153 83 68 -23 95 37
1534195200.5171838 668 572 610 713 608 714 -7728 -762 2716 180 199 45 -24 98 35
1534195200.5889924 668 572 610 713 608 713 -7738 -762 2628 242 99 22 -25 96 36
1534195200.6607993 668 572 610 712 608 713 -7724 -780 2602 187 156 34 -21 94 35
1534195200.7485647 668 572 610 713 609 713 -7748 -746 2632 286 51 53 -24 96 37
1534195200.7998848 668 572 610 713 608 713 -7784 -734 2690 194 230 -14 -21 99 38
1534195200.8311276 667 572 610 713 608 714 -7714 -740 2616 243 140 98 -24 96 38
1534195200.9092348 669 572 610 712 608 713 -7794 -754 2676 211 151 46 -22 97 35
1534195200.9671376 668 572 610 713 608 713 -7688 -780 2628 222 146 0 -24 95 36
1534195201.0296183 668 572 609 712 608 713 -7788 -764 2644 224 135 -30 -23 95 36
1534195201.1077256 668 572 610 713 608 714 -7736 -682 2584 211 124 58 -22 95 35
1534195201.1702354 668 572 610 713 608 714 -7776 -816 2702 258 102 77 -22 99 38
1534195201.2326975 668 572 610 713 608 713 -7694 -748 2590 257 190 31 -24 98 34
1534195201.3162453 668 572 611 713 608 713 -7768 -764 2666 242 134 -80 -23 96 37
1534195201.3787305 668 572 610 713 608 712 -7694 -766 2632 238 143 80 -21 96 36
1534195201.439683 668 572 611 713 608 713 -7762 -666 2720 159 95 98 -24 95 35
1534195201.50011 668 572 610 713 608 713 -7760 -804 2546 269 185 28 -21 95 36
1534195201.5625956 668 572 610 713 608 713 -7726 -684 2626 130 104 -53 -24 96 35
1534195201.6250808 668 572 610 713 608 713 -7796 -742 2694 258 96 122 -24 95 36
1534195201.704757 668 572 610 713 608 713 -7756 -716 2686 221 196 69 -25 96 37
1534195201.7677844 668 572 610 713 608 713 -7716 -784 2674 200 112 -49 -22 98 38
1534195201.830269 668 572 610 713 608 713 -7768 -652 2698 243 87 47 -21 97 38
1534195201.8927548 668 572 610 713 608 713 -7754 -808 2672 244 207 38 -24 97 37
1534195201.9771485 668 572 611 713 608 713 -7712 -712 2668 273 97 30 -25 95 37
1534195202.032795 668 572 610 713 608 714 -7776 -760 2704 326 85 149 -25 95 36
1534195202.095289 668 572 610 713 608 713 -7770 -636 2636 305 240 -250 -24 97 35
1534195202.1577654 668 572 610 713 608 713 -7762 -802 2676 168 148 -68 -23 98 35
1534195202.2345037 668 572 610 713 608 713 -7712 -760 2606 209 152 85 -22 96 35
1534195202.2975938 668 572 610 712 608 713 -7750 -732 2638 149 87 -91 -25 96 38
1534195202.3600798 668 572 610 713 608 713 -7774 -750 2638 180 157 -44 -23 97 36
1534195202.4355543 668 572 610 713 608 714 -7756 -740 2682 201 165 -142 -23 98 35
1534195202.501081 668 572 610 713 608 713 -7754 -762 2682 241 131 -208 -24 97 34
1534195202.563568 668 572 610 713 608 713 -7690 -860 2636 262 146 -319 -22 98 37
1534195202.6292896 668 572 610 713 608 713 -7790 -828 2644 209 89 -302 -25 96 38
1534195202.707398 668 572 610 713 608 713 -7756 -870 2694 277 103 -188 -24 97 37
1534195202.7672555 668 572 610 712 608 713 -7712 -742 2606 285 165 -113 -23 97 37
1534195202.8297443 668 572 610 713 608 713 -7862 -754 2722 26 197 -4 -23 96 37
1534195202.892231 668 572 610 712 608 714 -7706 -912 2628 225 188 98 -25 95 38
1534195202.9713917 668 572 610 713 608 713 -7728 -810 2664 345 42 18 -22 96 39
1534195203.0310743 667 572 610 713 608 713 -7734 -844 2664 207 196 70 -20 96 37
1534195203.0907135 668 572 610 712 608 713 -7758 -842 2652 295 145 55 -20 99 39
1534195203.1688216 668 572 610 712 608 713 -7728 -904 2650 201 114 34 -24 95 37
1534195203.2463427 667 572 610 713 608 713 -7776 -764 2662 -159 439 -426 -22 97 36
1534195203.2973268 668 572 610 713 608 714 -7746 -1006 2574 -177 969 -711 -21 97 36
1534195203.3754296 669 572 610 713 609 713 -7898 -1002 2606 747 198 -3081 -22 98 37
1534195203.449263 665 568 609 712 606 712 -8476 -1414 2144 644 1126 -3830 -20 98 35
1534195203.5168295 658 559 607 709 596 711 -7604 -778 2372 -503 281 -1458 -18 98 35
1534195203.579493 655 556 606 709 593 710 -8476 -1394 2556 -248 922 101 -19 99 36
1534195203.6574385 653 554 606 708 591 709 -7438 -1682 1770 -1205 1185 -132 -17 98 34
1534195203.7342455 651 552 605 707 589 708 -7266 -3284 1234 -2048 1502 3911 -16 101 34
1534195203.7971869 650 551 605 706 588 708 -6660 -2162 1692 198 -2094 -4163 -9 103 31
1534195203.875292 650 552 605 706 588 708 -6944 -1960 2792 -624 375 1142 -10 101 32
1534195203.9589021 651 553 605 707 590 708 -8196 -2388 2432 -1363 -125 2646 -8 102 34
1534195204.016109 655 555 606 709 593 709 -8390 -2426 2094 904 -4733 1401 -8 103 34
1534195204.0942142 668 568 609 713 609 712 -5282 -1318 2048 3673 -6693 4952 -12 100 34
1534195204.1566975 669 571 610 713 610 712 -6694 -438 3228 -205 4103 -70 -14 96 38
1534195204.2341998 670 572 610 713 611 712 -9360 -1582 2514 -692 -104 440 -16 97 42
1534195204.2929761 670 572 609 713 611 713 -6948 -1762 2682 154 -531 -793 -13 99 37
1534195204.3712459 670 573 610 713 611 713 -7968 -1428 2632 708 426 -205 -15 96 38
1534195204.4436467 670 574 610 714 612 713 -7506 -1278 2700 245 -135 -260 -14 96 38
1534195204.4993408 670 573 610 713 612 712 -7676 -1520 2658 101 235 -13 -18 98 39
1534195204.5774443 670 574 610 714 612 712 -7572 -1334 2820 424 -84 447 -14 101 39
1534195204.6399305 671 574 610 713 612 712 -7498 -1572 2728 285 86 -84 -15 97 39
1534195204.7169955 671 574 611 713 611 712 -7684 -1540 2686 263 -39 -486 -14 98 38
1534195204.7802784 671 573 610 713 612 713 -7554 -1478 2788 336 178 -565 -14 97 38
1534195204.842952 671 573 610 713 612 712 -7746 -1550 2724 102 372 -288 -17 98 40
1534195204.921091 670 574 610 714 612 713 -7626 -1516 2916 459 30 76 -16 96 39
1534195204.9909043 671 574 610 713 611 713 -7590 -1348 2814 785 487 -747 -15 99 38
1534195205.0627444 671 574 611 714 612 712 -9840 -2262 1588 -1486 5388 -3863 -14 99 38
1534195205.130697 670 574 611 714 612 712 -7482 -2282 2378 -316 611 87 -12 100 38
1534195205.2037165 670 573 611 713 612 713 -7216 -2354 2030 85 -3078 -516 -8 104 39
1534195205.2745006 671 574 611 714 612 713 -7260 -1290 2280 -931 -906 1604 -8 104 37
1534195205.346215 670 574 610 714 611 713 -7712 -1886 2984 1244 -4602 2360 -7 102 39
1534195205.4191694 671 574 611 714 611 712 -7600 -1694 3140 -570 -1820 1378 -10 99 40
1534195205.4879732 671 574 611 714 612 712 -7250 -1748 3034 613 1499 -567 -9 96 45
1534195205.5583527 670 574 610 713 611 713 -7512 -1652 3020 721 -267 -1060 -8 97 42
1534195205.6127343 670 574 611 714 611 713 -7472 -1888 3002 420 423 -563 -11 98 42
1534195205.690751 671 574 611 713 611 712 -7362 -2024 2990 -34 -338 -1466 -9 97 42
1534195205.7642422 670 574 610 714 611 713 -7130 -1888 3002 374 706 192 -8 98 43
1534195205.8301783 670 573 611 713 611 712 -7300 -1912 2962 1152 1220 1050 -8 98 46
1534195205.8926625 670 574 610 714 611 713 -7312 -1890 3018 -681 -37 320 -9 100 42
1534195205.9743302 670 574 610 714 611 713 -7226 -1512 2902 285 -642 -1219 -7 97 42
1534195206.0319824 667 568 609 713 607 712 -7068 -1644 2778 227 47 1691 -10 97 42
1534195206.110089 655 556 607 709 594 710 -8760 -2882 3090 -1669 1047 5172 -10 97 42
1534195206.1725743 653 554 606 708 591 709 -6904 -1384 3158 26 1402 -2229 -10 96 42
1534195206.2561722 651 552 606 708 589 709 -7222 -1158 3364 -1554 3606 709 -7 100 39
1534195206.3141115 650 552 606 707 587 708 -13432 -4178 3416 -1385 4751 652 -6 100 42
1534195206.3922176 650 551 605 707 587 708 -6874 -1702 1618 1049 433 -1168 -11 100 34
1534195206.469137 651 552 606 707 588 708 -7896 -1974 2196 1785 -22 105 -7 105 35
1534195206.5328848 652 553 606 708 590 709 -7324 -2068 1678 -307 389 4507 -8 102 33
1534195206.6109924 654 555 607 709 592 709 -9362 -2414 2048 -1546 2042 -3913 -8 104 32
1534195206.6736646 668 568 609 713 608 712 -7612 -2344 2288 7229 -8787 3966 -8 105 31
1534195206.7606888 670 571 610 714 611 712 -6532 -1100 2934 4909 2090 -1197 -7 103 34
1534195206.8296647 671 572 610 714 611 712 -8406 -1458 2334 -1508 1743 2344 -12 101 35
1534195206.8921497 671 573 610 714 612 712 -7674 -1674 2430 -1207 -1160 -969 -11 103 35
1534195206.977422 671 573 610 714 612 713 -7278 -1890 2410 -830 244 -434 -13 104 36
1534195207.0308526 671 574 610 714 612 712 -7808 -1842 2470 203 803 717 -11 101 36
1534195207.1091356 671 574 610 714 612 713 -7852 -1438 2410 57 -923 -729 -12 102 36
1534195207.171444 671 574 610 714 612 713 -7324 -1924 2408 -37 230 290 -11 102 37
1534195207.2506843 671 574 610 714 613 712 -7758 -1768 2414 305 440 158 -8 103 38
1534195207.3131733 671 574 610 714 612 713 -7616 -1630 2444 32 -245 -23 -11 105 37
1534195207.3912838 671 574 611 714 613 713 -7610 -1918 2418 -129 177 69 -11 101 37
1534195207.461395 671 574 611 714 612 713 -7738 -1790 2296 346 121 -63 -9 101 37
1534195207.5170221 671 574 610 714 612 712 -7638 -1702 2446 155 124 321 -10 103 37
1534195207.5951426 671 574 610 714 612 712 -7600 -1702 2380 273 183 140 -11 102 37
1534195207.6580784 671 574 610 714 613 713 -7598 -1736 2448 300 -35 75 -10 101 37
1534195207.7365856 671 574 610 714 612 713 -7538 -1900 2400 267 351 -242 -10 104 37
1534195207.7972627 671 574 610 714 612 713 -7698 -1688 2408 291 -63 -4 -10 101 37
1534195207.859661 671 574 611 714 613 713 -7602 -1784 2366 142 24 210 -11 103 38
1534195207.9418192 671 575 610 714 612 712 -7666 -1756 2450 219 125 -255 -8 102 38
1534195207.9990969 671 575 611 714 613 713 -7628 -1786 2434 226 354 -161 -11 102 37
1534195208.077203 671 574 610 714 612 712 -7656 -1738 2402 176 140 -21 -11 100 36
1534195208.1396883 671 574 610 714 612 712 -7618 -1744 2452 248 -38 236 -10 102 38
1534195208.21653 670 574 610 714 612 713 -7588 -1808 2448 260 68 118 -9 103 37
1534195208.2813127 671 575 609 713 612 712 -7632 -1844 2350 243 272 -208 -9 102 38
1534195208.3437996 671 575 610 714 612 713 -7614 -1822 2410 208 214 -62 -9 103 38
1534195208.4062848 671 574 611 714 612 712 -7676 -1738 2452 182 142 47 -9 103 36
1534195208.4896536 671 574 611 714 612 713 -7558 -1768 2380 371 3 -191 -10 101 36
1534195208.5484917 671 575 611 714 613 712 -7470 -1866 2434 60 677 345 -10 104 38
1534195208.626542 671 574 610 714 612 713 -7408 -1820 2242 822 384 -457 -10 102 36
1534195208.698261 665 566 609 712 605 711 -7794 -2192 2314 961 -485 -1026 -9 104 37
1534195208.7658057 656 557 607 709 595 709 -7706 -2162 2072 -242 -1515 47 -9 103 34
1534195208.8439145 653 554 606 708 591 709 -8008 -2236 2540 1040 1778 2731 -9 102 37
1534195208.9114544 651 553 606 708 588 709 -8150 -1974 3078 -1768 2002 5955 -8 101 38
1534195208.9877892 649 551 605 707 587 708 -10436 -3476 1730 -2439 -1071 1207 -11 100 34
1534195209.0471914 649 551 605 707 587 708 -6896 -2616 2166 2009 -1975 -294 -9 99 34
1534195209.125298 649 550 605 707 587 708 -7184 -3026 1978 -333 -34 1933 -7 100 35
1534195209.1879742 649 550 605 706 586 708 -7702 -1614 2282 -761 778 -2667 -8 101 35
1534195209.2657022 649 550 605 707 587 707 -8216 -2482 2450 -120 217 -837 -5 102 35
1534195209.328189 649 551 605 707 587 708 -7868 -1924 2584 262 607 -911 -6 103 38
1534195209.4062955 649 551 605 707 587 708 -7642 -2606 2176 1058 1681 -3053 -4 101 37
1534195209.482243 651 552 606 707 589 708 -9004 -2832 2586 406 -114 -933 -5 104 35
1534195209.563403 656 555 606 709 594 710 -7772 -2004 2154 -3196 -2716 11300 -7 104 36
1534195209.625903 668 568 610 713 609 712 -4396 -1146 2632 -2544 -4248 1061 -7 104 37
1534195209.702326 670 571 610 714 611 712 -6706 -2182 2934 -672 2618 -3607 -2 101 43
1534195209.7653015 671 572 610 714 612 712 -7520 -2830 2504 -1356 1507 -2012 3 100 44
1534195209.8434057 672 573 611 714 613 712 -7890 -2854 2316 307 -23 -310 6 103 43
1534195209.9114597 672 574 611 714 613 712 -7310 -2450 2502 684 -966 -120 5 99 42
1534195209.9778578 672 574 610 714 614 713 -7262 -2382 2598 532 -47 -685 6 99 43
1534195210.046304 672 574 611 715 614 712 -7126 -2290 2646 676 -309 -88 6 100 44
1534195210.1085517 672 574 610 714 614 712 -7402 -2636 2480 329 301 -320 5 97 43
1534195210.1710365 672 574 611 714 614 712 -7436 -2356 2626 874 117 -49 8 96 44
1534195210.253087 672 574 610 714 613 712 -7308 -2320 2702 650 25 385 4 101 42
1534195210.3017547 672 574 610 714 613 713 -7384 -2428 2578 207 -130 -140 5 101 45
1534195210.3642411 672 574 610 714 613 712 -7432 -2410 2634 261 575 62 4 99 45
1534195210.446555 671 574 610 714 613 712 -7382 -2424 2716 765 168 385 5 100 45
1534195210.512521 672 574 611 714 613 712 -7464 -2322 2552 564 122 244 2 98 45
1534195210.5751898 672 574 610 714 613 712 -7476 -2280 2586 310 387 -87 3 101 45
1534195210.6375175 672 574 611 714 613 712 -7404 -2214 2744 462 250 165 4 100 42
1534195210.7129776 671 574 610 714 613 712 -7362 -2338 2612 460 118 380 2 100 42
1534195210.7664876 671 574 611 714 613 712 -7488 -2342 2578 176 516 -113 5 102 41
1534195210.8445952 671 574 610 714 613 712 -7434 -2180 2662 367 201 154 2 100 43
1534195210.9242816 671 574 611 714 613 712 -7554 -2196 2774 430 -13 321 1 101 42
1534195210.981174 671 574 610 714 613 712 -7430 -2274 2622 213 289 85 2 102 45
1534195211.046424 672 574 610 714 613 712 -7404 -2274 2628 103 235 115 1 102 42
1534195211.1089902 671 574 610 714 613 712 -7334 -2190 2700 368 -1 161 -2 101 44
1534195211.1712863 671 575 610 714 613 712 -7452 -2306 2570 387 89 300 2 100 44
1534195211.2469158 671 575 610 714 613 712 -7378 -2272 2584 125 285 18 2 100 41
1534195211.3134904 672 575 610 714 612 712 -7398 -2216 2614 268 191 172 2 100 43
1534195211.3760138 672 575 611 714 613 712 -7406 -2236 2588 383 135 319 3 104 43
1534195211.4478192 671 574 610 714 613 712 -7490 -2296 2478 288 215 72 2 101 42
1534195211.5164218 671 574 610 714 612 712 -7476 -2188 2610 160 303 -21 -1 102 42
1534195211.5789084 672 574 610 714 612 711 -7498 -2082 2596 260 86 296 -1 102 42
1534195211.64141 672 574 611 714 613 712 -7476 -2224 2530 185 63 130 1 100 42
1534195211.7150917 671 574 610 714 612 712 -7428 -2302 2460 164 272 208 0 101 41
1534195211.7827048 671 574 610 714 612 713 -7488 -2282 2528 270 301 -24 -1 99 42
1534195211.8453825 671 574 611 714 612 713 -7528 -2102 2508 388 366 117 0 99 42
1534195211.907702 671 574 610 714 613 713 -6510 -1836 2620 25 126 1345 -1 100 41
1534195211.9886174 667 567 608 712 607 710 -6378 -2340 2024 830 -1304 -1899 0 102 41
1534195212.0479214 654 555 607 709 592 709 -6966 -2512 1614 1743 -2081 -2324 0 100 43
1534195212.1260264 652 552 606 707 588 708 -6792 -1728 2930 -1581 2665 3343 0 100 41
1534195212.2036536 649 550 605 706 586 708 -6764 -1404 2876 -2333 3030 572 -5 100 39
1534195212.2818677 648 549 604 706 585 707 -9704 -2004 764 -1753 1984 -96 -4 100 40
1534195212.328732 648 549 604 706 585 707 -7784 -1728 2262 701 1681 3069 -5 104 38
1534195212.4128628 650 550 604 706 586 707 -7742 -1432 1140 -2809 2194 -1867 -7 100 34
1534195212.4893079 652 552 606 708 589 708 -8136 -3450 1304 -2098 -1521 3806 -5 104 33
1534195212.5629108 667 566 609 713 608 711 -7888 -826 -180 9560 -14395 -4479 -1 104 33
1534195212.625354 671 571 609 714 612 711 -5910 -712 3202 -3340 3059 894 -3 102 37
1534195212.7049162 672 573 610 714 613 712 -8782 -3136 1558 -2616 2886 -461 -2 97 42
1534195212.766491 672 574 610 714 614 712 -7418 -2324 2044 3140 -2360 -1553 -1 102 39
1534195212.8448055 672 574 611 714 614 712 -7452 -1730 2420 2697 806 -1017 0 102 37
1534195212.9163609 673 574 609 714 614 712 -7866 -1638 2374 215 -305 -1335 -5 101 38
1534195212.999655 673 575 611 714 614 712 -7278 -2254 2388 116 257 82 -3 100 39
1534195213.0465195 672 575 610 714 614 712 -7708 -1998 2340 552 305 408 -1 100 39
1534195213.1090062 673 575 610 714 614 712 -7540 -1974 2346 336 248 -370 -3 100 39
1534195213.188967 673 575 611 714 614 712 -7714 -1952 2314 195 171 -73 -2 102 39
1534195213.2491093 673 575 610 714 615 713 -7622 -1978 2230 192 143 307 -4 102 40
1534195213.3272169 673 575 610 714 614 713 -7672 -2014 2418 196 95 -309 -2 102 37
1534195213.3898458 672 575 610 714 614 712 -7594 -2004 2198 324 233 -321 -3 101 38
1534195213.4653568 672 575 610 714 614 712 -7646 -2020 2374 198 213 148 -3 102 38
1534195213.531883 672 575 610 714 614 713 -7678 -1932 2332 209 33 -172 -2 103 38
1534195213.5942173 672 575 611 714 614 712 -7646 -2036 2354 254 297 -137 -3 104 38
1534195213.672323 672 575 610 714 614 712 -7560 -1976 2340 259 77 265 0 102 41
1534195213.7361844 672 575 610 714 614 712 -7582 -1984 2224 199 -21 -83 -3 102 38
1534195213.7985196 672 575 610 714 614 713 -7642 -2258 2294 379 96 -125 -2 101 40
1534195213.8612084 673 575 610 715 614 712 -7490 -1862 2378 570 -13 19 -4 101 39
1534195213.938126 672 575 611 714 614 712 -7620 -2000 2408 43 252 130 -1 103 40
1534195214.0049481 672 576 611 714 614 712 -7586 -2054 2370 365 62 -50 -3 99 38
1534195214.0645535 672 575 611 714 614 713 -7584 -2048 2394 227 272 -166 -2 101 41
1534195214.1270368 672 575 610 714 614 712 -7568 -2018 2272 203 77 97 -2 102 41
1534195214.2051826 672 575 611 714 614 712 -7636 -2000 2374 198 42 189 0 100 37
1534195214.2659366 672 575 611 714 614 712 -7548 -2050 2334 248 117 -101 -3 102 41
1534195214.328426 672 575 611 714 614 712 -7578 -2086 2330 310 85 -61 0 100 40
1534195214.4076355 672 575 610 714 614 712 -7504 -1968 2326 254 30 274 -2 102 39
1534195214.4761493 672 575 610 714 614 712 -7790 -2084 2312 535 -40 695 -5 100 40
1534195214.5311515 672 575 610 714 614 712 -7572 -1974 2474 561 -196 -726 -4 101 39
1534195214.6092594 671 574 610 714 613 712 -7022 -2658 1864 1808 21 1992 -5 99 38
1534195214.6873665 661 561 608 711 600 711 -7080 -1560 2658 3647 -2359 -5226 -4 100 38
1534195214.7505753 653 555 607 708 591 708 -7762 -3156 2852 1619 -1758 2149 -7 101 38
1534195214.8286836 651 552 606 708 588 708 -7200 -1958 2628 -202 626 164 -6 100 40
1534195214.8911693 650 551 605 707 586 708 -8476 -2600 2976 -152 -1214 73 -6 98 39
1534195214.9696474 649 550 604 707 586 707 -7674 -2642 2758 3149 -1553 1464 -7 98 42
1534195215.031162 648 550 605 706 585 707 -7786 -2494 3220 35 990 2218 -11 97 42
1534195215.0936472 649 550 605 707 586 707 -7504 -1904 2942 -168 1684 2053 -9 92 43
1534195215.1717556 650 551 605 707 586 708 -7416 -2226 3154 292 -1185 1536 -12 97 40
1534195215.2493746 651 552 605 707 588 708 -7594 -872 3424 -1371 128 -5995 -10 96 41
1534195215.3192003 654 555 606 708 591 708 -7324 -3676 2458 -3811 232 9201 -7 95 44
1534195215.3818965 668 567 609 713 609 711 -6960 -1130 3190 1716 -2421 -9551 -5 95 45
1534195215.4622953 671 571 610 714 612 711 -6330 -1122 3428 -2841 1795 -77 -7 94 43
1534195215.5318487 671 572 610 714 613 711 -7330 -2770 2450 -2917 4200 810 -2 93 46
1534195215.5943317 672 573 610 715 614 712 -8394 -2762 2362 683 -90 -587 -3 98 45
1534195215.6570768 673 574 610 715 614 713 -7244 -2178 2684 1003 -393 -775 1 99 42
1534195215.7500508 673 574 610 715 615 712 -7040 -2044 2912 353 -194 38 1 96 44
1534195215.796915 673 574 610 715 615 713 -7436 -2202 2718 280 438 267 2 96 44
1534195215.8593988 673 575 610 715 615 712 -7702 -2388 2564 -435 1033 -365 1 97 44
1534195215.9396846 673 575 611 715 615 713 -7384 -2200 2606 291 -551 -135 2 97 41
1534195216.000852 673 575 611 714 615 713 -7258 -2344 2732 709 -160 137 1 96 43
1534195216.0635154 673 576 611 715 616 712 -7266 -2376 2680 358 327 93 3 96 43
1534195216.125823 673 576 610 715 615 712 -7508 -2338 2616 144 564 -483 4 100 43
1534195216.2040622 673 576 611 715 615 712 -7414 -2170 2700 220 422 -23 1 97 44
1534195216.2665408 673 576 610 715 615 713 -7404 -2266 2720 340 -268 269 1 98 44
1534195216.3290255 674 575 610 715 615 712 -7506 -2386 2602 66 385 -49 3 100 42
1534195216.3915112 673 576 610 714 615 712 -7358 -2422 2688 178 55 -74 1 99 42
1534195216.466902 672 576 610 715 615 713 -7246 -2326 2692 245 54 -224 3 95 44
1534195216.5325518 672 576 610 715 615 713 -7340 -2356 2714 481 51 328 1 98 43
1534195216.595049 672 576 610 714 615 712 -7350 -2362 2618 132 303 -8 1 97 40
1534195216.6575968 673 576 610 714 615 713 -7414 -2314 2608 82 518 142 3 101 44
1534195216.730739 673 575 610 714 614 712 -7412 -2212 2702 315 45 347 0 100 42
1534195216.7967756 672 575 610 714 614 712 -7348 -2340 2596 403 -58 222 1 98 41
1534195216.8592603 672 575 610 714 614 712 -7494 -2466 2564 117 460 -13 2 98 43
1534195216.931511 672 575 610 714 614 712 -7282 -2168 2566 454 -187 -349 2 97 43
1534195217.0004709 673 575 610 715 615 711 -6430 -1870 2782 -378 147 1163 2 100 43
1534195217.062958 669 570 609 713 611 711 -7684 -2078 2514 -3390 3438 -770 1 97 45
1534195217.125442 659 560 607 710 599 710 -8600 -2986 2366 -770 2872 2358 2 99 43
1534195217.205088 655 556 606 709 593 708 -7980 -2780 2324 -889 2441 28 1 100 38
1534195217.2656746 653 554 606 708 591 709 -8062 -2540 1612 881 -453 1264 -2 100 37
1534195217.3437815 651 552 605 707 589 708 -8254 -2112 1980 516 -952 3036 0 100 39
1534195217.4062686 650 551 605 707 587 707 -7636 -1992 2050 312 -222 1317 -1 101 39
1534195217.4860244 650 550 605 707 587 707 -7480 -2424 1646 864 -580 2596 -3 99 38
1534195217.5471132 649 550 605 707 587 707 -7562 -1478 2390 -624 946 -998 -3 99 40
1534195217.6251328 649 551 605 707 587 707 -7812 -1640 1924 -294 1078 -1058 -3 101 36
1534195217.6876345 650 551 605 707 588 707 -7868 -1778 2318 280 595 -243 0 100 37
1534195217.7665584 652 553 605 707 589 708 -8174 -2954 1876 426 1017 1727 -1 100 37
1534195217.8290436 657 556 606 709 596 709 -8652 -2162 1790 5708 -4860 -1601 -2 101 36
1534195217.9071515 668 568 609 713 610 711 -6680 -906 2746 3147 -1719 -80 -2 103 38
1534195217.9821239 670 571 609 714 612 712 -6688 -1016 2668 -2052 2479 -204 -4 101 40
1534195218.047224 672 572 610 714 613 712 -7618 -2554 2106 -1062 1254 -2052 -2 104 40
1534195218.1255279 672 573 610 715 614 712 -7914 -3236 1956 -639 -1498 -445 1 102 40
1534195218.1878214 672 574 610 714 614 712 -8158 -2416 2248 1628 -2756 -2312 6 104 40
1534195218.2656825 673 574 611 714 615 712 -7572 -2422 3194 338 -508 -1616 5 103 41
1534195218.3283286 673 575 610 715 615 712 -6634 -3224 2804 -107 -1866 -1358 9 102 43
1534195218.4062245 673 575 611 715 615 712 -7322 -2754 3250 2710 -2074 1275 13 100 42
1534195218.499895 673 575 611 715 615 712 -6730 -2230 2686 1700 -3177 1338 11 96 48
1534195218.5496147 673 575 610 715 615 712 -6494 -2454 2384 861 -507 -422 8 96 48
1534195218.6121 673 575 610 715 615 712 -6928 -2532 3404 -306 1208 662 9 94 50
1534195218.690205 673 575 611 715 615 712 -7464 -2496 2862 -1371 1568 2430 6 95 50
1534195218.7603424 673 575 610 715 615 712 -6938 -2182 3420 2470 -2605 -12 7 96 49
1534195218.8290868 673 575 610 715 615 712 -7586 -2292 3472 3351 -692 3652 4 91 48
1534195218.8915734 673 575 610 714 615 712 -6778 -2298 3362 512 16 2233 1 92 48
1534195218.9643304 673 575 610 715 615 712 -7898 -1162 3580 -223 452 -455 -3 95 48
1534195219.0315561 673 576 610 714 615 712 -7278 -1644 3192 -531 1620 -2959 -2 91 49
1534195219.0940344 673 576 610 714 615 713 -6966 -2220 3250 289 1922 209 -3 91 51
1534195219.17214 672 575 611 715 615 713 -7226 -2102 2718 1543 5044 3376 -2 96 49
1534195219.2442956 673 576 610 714 615 712 -7982 -1774 2660 1452 2205 1037 -5 98 44
1534195219.30819 673 576 610 714 615 712 -7596 -1516 2702 1493 1114 -613 -6 101 42
1534195219.3706756 672 575 610 714 614 712 -7512 -1332 2898 236 1055 -375 -8 103 40
1534195219.4570572 672 575 610 714 614 712 -7794 -1732 2474 -237 1489 112 -10 105 41
1534195219.5136309 672 575 610 714 614 712 -7780 -1582 2418 679 46 -1493 -8 104 40
1534195219.591593 673 575 610 714 615 713 -7514 -1652 2490 27 431 -520 -8 105 38
1534195219.6540794 673 575 610 714 615 712 -7594 -1858 2400 141 1126 -2248 -8 105 40
1534195219.733835 672 574 611 715 615 712 -7610 -2216 2316 -97 2697 691 -8 107 40
1534195219.7985678 664 565 608 712 606 710 -7642 -1802 2322 -216 -852 -1954 -8 108 37
1534195219.8764539 656 557 607 709 596 709 -7844 -1960 2428 225 -568 -876 -6 105 38
1534195219.9467325 653 554 606 708 591 709 -7632 -1784 2662 835 -21 -1162 -7 105 40
1534195220.0157316 651 553 606 708 590 708 -7936 -2020 2170 357 129 2372 -6 103 36
1534195220.0783477 650 552 605 707 588 708 -8070 -2014 2112 -663 2820 1097 -6 105 35
1534195220.1565623 649 551 605 707 587 708 -7398 -1356 2060 1100 1093 -2749 -7 106 35
1534195220.2330577 648 550 605 707 586 707 -7274 -1846 2584 -1962 3171 -1129 -9 106 36
1534195220.2983358 647 550 605 706 586 707 -8654 -2282 2208 29 1826 -1484 -9 107 36
1534195220.3608215 648 551 605 707 586 708 -8258 -1658 2348 412 -429 -3125 -9 107 34
1534195220.4450018 649 551 606 707 588 707 -7558 -2334 1994 -723 115 2843 -9 105 35
1534195220.5161145 651 553 606 708 590 708 -8748 -2474 1816 -3075 100 4797 -9 108 33
1534195220.594221 664 564 608 712 607 710 -6430 -328 2632 2714 -177 -4745 -7 107 35
1534195220.6567135 669 570 610 714 611 711 -8502 -1228 1420 -5565 7247 819 -12 108 34
1534195220.7312334 671 572 610 714 613 712 -8574 -2390 1356 1515 -2258 -774 -7 110 29
1534195220.7973378 672 573 611 714 614 711 -7348 -1622 1494 2619 -481 -1255 -7 110 29
1534195220.8596063 672 574 610 714 614 712 -8122 -1250 1682 875 137 -281 -9 109 31
1534195220.942111 672 574 610 715 615 711 -7840 -1438 1708 -397 -93 293 -6 109 33
1534195221.0000224 673 574 610 714 615 712 -7952 -1722 1596 700 -424 -718 -9 109 31
1534195221.078129 673 575 610 715 615 712 -7830 -1496 1668 339 -145 -742 -9 110 33
1534195221.1406145 673 575 610 715 615 712 -7884 -1570 1706 89 61 443 -7 110 30
1534195221.2159674 673 575 610 715 615 712 -7760 -1670 1688 563 158 30 -9 111 32
1534195221.2828586 673 575 610 715 615 711 -7880 -1584 1730 264 46 231 -9 107 34
1534195221.3455384 673 575 611 714 615 712 -7766 -1606 1704 658 -37 -244 -10 109 33
1534195221.4078262 674 576 611 715 615 712 -7900 -1656 1688 579 220 -823 -9 109 31
1534195221.4882026 673 576 610 715 615 712 -7836 -1546 1774 278 -75 1 -8 110 32
1534195221.547557 674 576 610 714 615 712 -7900 -1648 1626 303 336 -295 -8 107 32
1534195221.6256635 673 575 610 715 615 712 -7888 -1558 1712 247 181 -294 -8 109 30
1534195221.688151 673 576 610 714 615 711 -7886 -1586 1714 120 120 171 -8 110 32
1534195221.7624345 673 576 610 714 615 712 -7850 -1662 1750 268 154 -93 -8 109 33
1534195221.830345 673 576 610 715 615 711 -7932 -1616 1738 128 298 -148 -8 109 34
1534195221.8927195 673 576 610 714 615 713 -7808 -1582 1774 283 65 116 -7 111 33
1534195221.9782615 674 576 610 715 615 712 -7882 -1660 1680 207 41 59 -10 110 31
1534195222.0324364 674 576 611 714 615 712 -7830 -1632 1716 116 195 49 -6 110 32
1534195222.0948992 673 576 610 714 615 712 -7896 -1628 1760 206 106 147 -8 108 30
1534195222.1573868 673 576 610 714 615 712 -7862 -1664 1702 251 141 85 -7 110 33
1534195222.2332244 673 576 610 714 615 712 -7880 -1624 1700 177 219 -20 -8 110 32
1534195222.2957115 673 576 610 715 615 712 -7880 -1622 1744 226 179 -80 -8 110 34
1534195222.3583205 673 576 610 714 615 712 -7890 -1566 1670 320 100 13 -7 110 32
1534195222.4378486 673 576 611 715 615 712 -7890 -1646 1738 148 144 78 -6 111 31
1534195222.4999528 673 576 610 714 615 712 -7876 -1650 1698 273 111 0 -9 111 32
1534195222.5624375 673 576 610 715 615 712 -7638 -1654 1606 289 83 108 -6 107 31
1534195222.6405451 673 576 611 714 615 712 -7556 -1458 1662 -743 1276 432 -7 111 34
1534195222.712145 666 567 609 712 607 710 -8548 -1652 1660 1042 493 -2452 -5 110 32
1534195222.78295 655 556 606 709 594 709 -9020 -2404 1828 1678 -1613 -1544 -7 110 30
1534195222.8454323 652 553 606 708 590 708 -8162 -1410 1916 1415 -149 -2125 -9 108 33
1534195222.9264197 650 552 606 707 588 707 -8284 -1630 1760 -132 42 32 -11 108 32
1534195223.0002227 649 551 605 707 587 707 -7882 -1228 1656 -1321 -1372 4631 -10 108 33
1534195223.0641885 648 550 605 706 585 707 -6654 -1646 1860 1025 -1333 3459 -12 106 33
1534195223.1422186 648 550 605 706 584 707 -6880 -302 2786 -239 -729 6 -12 104 33
1534195223.2133594 648 550 604 706 585 707 -7884 -1628 1626 293 977 -3329 -11 105 33
1534195223.2819169 650 551 605 707 587 708 -8680 -2104 2520 1170 207 365 -13 105 32
1534195223.3444035 653 554 606 709 591 708 -8186 -1642 1572 1983 -3933 3912 -12 108 33
1534195223.428604 667 566 609 713 609 711 -5638 184 2286 -955 -1234 -3099 -16 107 36
1534195223.4995277 671 570 609 714 612 711 -8020 -1640 2044 -3951 7301 -495 -16 102 39
1534195223.562143 671 572 610 714 614 712 -8502 -1984 1528 432 -821 -433 -13 106 37
1534195223.6402297 672 573 610 714 614 711 -7426 -1534 1970 1999 -6 -2405 -9 107 33
1534195223.7138617 672 574 610 714 614 712 -8048 -1256 1922 -443 843 -241 -9 108 34
1534195223.772804 673 574 610 715 614 712 -8002 -1688 1786 357 84 -646 -8 107 34
1534195223.8352911 673 575 610 714 615 711 -7576 -1646 1918 382 24 458 -8 110 35
1534195223.9133961 673 575 610 715 615 712 -7904 -1706 1758 181 452 -443 -7 109 34
1534195223.9864674 673 575 610 715 615 712 -7746 -1574 1940 277 -39 392 -8 108 33
1534195224.0474002 673 575 610 715 615 712 -7966 -1690 1818 423 429 -562 -8 109 33
1534195224.1256082 673 575 610 715 615 712 -7666 -1692 1784 389 -10 -1131 -8 108 34
1534195224.1881948 673 575 610 715 615 712 -7734 -1910 1752 -16 584 -131 -6 110 33
1534195224.2505722 673 576 610 714 615 711 -7804 -1642 1946 443 -40 356 -5 110 34
1534195224.3286781 673 575 610 714 615 711 -7774 -1606 1842 208 112 372 -8 109 32
1534195224.391367 673 575 611 715 615 712 -7888 -1842 1776 249 258 -492 -7 110 32
1534195224.4677873 673 576 610 714 615 712 -7706 -1656 1892 169 143 155 -6 109 32
1534195224.5323708 673 576 610 715 615 711 -7872 -1778 1858 239 57 117 -7 110 33
1534195224.594858 673 576 611 715 615 712 -7786 -1696 1840 127 227 104 -10 110 35
1534195224.657403 673 576 611 715 615 711 -7796 -1676 1832 262 31 335 -9 110 34
1534195224.7354484 673 576 611 715 615 712 -7836 -1766 1808 335 165 -237 -8 110 32
1534195224.7979462 673 575 610 714 615 711 -7804 -1736 1796 246 348 -122 -6 108 33
1534195224.876042 673 576 610 714 615 711 -7800 -1614 1836 266 23 191 -6 111 33
1534195224.9444945 673 575 610 714 615 712 -7880 -1654 1826 233 -4 335 -10 109 35
1534195225.0007849 673 575 610 714 615 712 -7774 -1690 1856 57 183 277 -6 110 33
1534195225.0788913 673 575 610 714 615 711 -7928 -1654 1758 197 84 202 -8 109 33
1534195225.141381 673 575 611 714 615 712 -6720 -1190 1832 -589 867 -399 -9 108 35
1534195225.2184103 670 572 609 714 612 711 -7954 -2332 1590 987 407 1075 -7 108 33
1534195225.2812827 657 558 607 709 596 708 -7888 -1970 1566 225 -185 2337 -7 109 33
1534195225.3591752 653 554 605 708 590 708 -7312 -1284 2474 1804 886 -333 -8 109 30
1534195225.4309912 651 552 605 707 588 707 -6552 -1610 2320 -565 2234 845 -9 107 33
1534195225.4980881 649 550 605 707 587 707 -7228 -1950 1452 297 -771 916 -9 109 33
1534195225.5635533 648 550 604 707 586 707 -6684 -1622 1758 1737 -1565 1036 -6 111 33
1534195225.6390092 648 549 605 706 586 707 -6550 -1700 1504 -72 -203 5302 -6 109 32
1534195225.7101605 648 549 604 706 585 706 -8678 -698 1796 754 -218 -2562 -8 111 30
1534195225.781509 649 550 605 707 586 707 -7736 -1524 2420 -169 -4711 76 -11 110 31
1534195225.843848 651 553 605 708 589 708 -7640 -1724 2390 -4090 -1670 -1818 -11 108 33
1534195225.9269235 664 562 608 712 606 710 -7936 20 1326 -576 -4821 -2186 -7 106 35
1534195225.9987304 670 569 609 714 611 710 -6714 -1376 2540 -729 4398 -789 -3 102 39
1534195226.0626652 671 571 609 714 613 712 -8666 -2726 1700 223 2085 629 -4 106 39
1534195226.1407719 672 573 610 715 614 712 -7540 -1988 1998 2504 -819 -520 -2 106 36
1534195226.2058494 672 574 610 714 614 712 -7690 -1642 2118 1003 871 6 -2 106 36
1534195226.2665274 673 574 610 714 615 712 -8198 -1656 2098 -1027 -1543 -1310 -3 108 35
1534195226.344632 672 574 610 714 614 712 -7188 -2210 2092 64 -52 -141 -4 106 39
1534195226.417282 672 574 610 715 615 711 -7620 -1990 1980 1243 1738 1610 -3 104 39
1534195226.4894428 673 575 610 715 615 712 -7894 -1790 2078 1729 1525 645 -3 106 36
1534195226.5474498 673 575 610 714 615 712 -7848 -1470 1960 542 500 320 -8 108 36
1534195226.6255565 673 575 610 714 615 711 -7822 -1644 1970 196 379 155 -6 106 36
1534195226.6880963 673 575 610 714 615 712 -7796 -1738 1950 324 194 67 -7 106 35
1534195226.7639112 673 575 610 715 615 712 -7848 -1592 1948 427 229 -77 -5 108 35
1534195226.8294818 674 575 610 715 615 712 -7746 -1678 2022 239 177 60 -8 107 35
1534195226.8919675 673 575 611 714 615 712 -7832 -1628 1934 2 136 22 -7 109 37
1534195226.9503107 673 576 610 715 615 711 -7792 -1784 1962 121 290 125 -8 109 35
1534195227.0163898 673 575 610 714 615 712 -7778 -1662 1982 282 53 -157 -8 107 33
1534195227.094497 673 576 610 715 615 712 -7814 -1660 1924 342 291 391 -7 108 34
1534195227.1571696 673 576 610 715 615 711 -7802 -1670 1992 280 60 119 -10 109 35
1534195227.2323549 673 575 610 715 615 713 -7880 -1604 1832 -18 179 -8 -5 106 33
1534195227.2962792 673 576 610 714 615 712 -7740 -1616 1948 209 75 123 -9 108 35
1534195227.35893 673 576 610 715 615 712 -7956 -1614 1944 351 365 -141 -7 108 35
1534195227.4372733 673 576 610 715 615 712 -7824 -1700 1926 56 185 -415 -6 109 36
1534195227.5048797 673 576 610 715 615 711 -7782 -1664 1882 315 30 558 -7 109 32
1534195227.5673635 673 576 611 715 615 712 -7772 -1654 1912 296 202 112 -8 109 35
1534195227.6298487 673 576 610 715 615 712 -7870 -1732 1862 265 203 -217 -7 109 34
1534195227.7081285 673 576 610 714 615 711 -7726 -1544 1928 201 146 93 -7 110 36
1534195227.7704446 673 575 611 714 615 712 -7814 -1778 1944 184 17 152 -9 109 34
1534195227.8329268 673 575 610 714 615 712 -7844 -1614 1930 373 164 -159 -7 108 35
1534195227.9110346 673 576 610 714 615 712 -7826 -1640 1924 258 179 -121 -9 107 33
1534195227.9790819 673 576 610 714 615 712 -7782 -1676 1938 296 26 23 -8 109 31
1534195228.0461688 673 575 610 714 615 712 -7352 -1590 2236 -249 813 -948 -10 109 34
1534195228.1085892 669 571 609 713 610 711 -8256 -2252 1318 260 3513 2974 -9 108 33
1534195228.1958034 655 556 607 709 593 708 -7190 -1266 1530 481 554 -1691 -8 110 33
1534195228.2636216 653 554 606 708 590 708 -7290 -1868 2096 2339 -1292 -5125 -6 112 31
1534195228.3274722 651 553 606 707 589 708 -8456 -2296 1626 1588 1595 -1223 -5 110 32
1534195228.4067996 650 552 605 707 587 707 -8710 -1658 1552 3887 438 -1629 -6 110 30
1534195228.4793675 649 551 605 707 586 708 -7560 -1212 1522 -133 285 1185 -10 110 27
1534195228.5473385 648 550 604 706 585 708 -8074 -2548 1494 374 -151 1147 -11 112 27
1534195228.6100905 647 550 605 706 585 707 -8330 -1912 1590 -63 182 461 -10 110 30
1534195228.6723094 648 550 605 706 585 707 -8686 -2608 1556 443 88 -308 -9 112 26
1534195228.7497253 649 551 604 706 585 706 -7976 -1808 1834 698 -831 2167 -10 112 28
1534195228.8279612 650 552 605 707 587 707 -7268 -1550 1790 -1920 -630 2305 -12 111 29
1534195228.9059389 651 553 606 708 590 708 -8402 -1804 1654 -2088 -269 3071 -10 110 32
1534195228.978458 659 560 607 711 601 709 -7702 -904 1674 1511 -3807 -4113 -12 110 29
1534195229.0480087 669 568 608 713 610 712 -6830 -1534 2072 -1483 1723 -2114 -11 109 32
1534195229.1105046 671 571 609 714 613 711 -8268 -2460 1534 -439 870 -1250 -8 108 35
1534195229.1886027 672 572 609 714 614 712 -7606 -1652 1906 1765 -504 147 -6 108 33
1534195229.2498584 672 573 610 715 614 711 -7782 -1676 1926 125 372 151 -7 111 34
1534195229.3281775 673 574 610 715 615 712 -7688 -1974 1862 188 -82 391 -6 108 31
1534195229.3906047 673 574 610 715 615 712 -7724 -1820 1934 443 65 692 -8 110 34
1534195229.4626815 673 575 610 715 615 711 -7862 -1724 1942 7 183 27 -7 110 34
1534195229.517668 674 575 610 715 616 712 -7540 -1988 1874 348 -47 299 -5 109 33
1534195229.595774 674 575 610 715 616 711 -7924 -1936 1768 336 453 -536 -6 112 33
1534195229.6582613 674 575 610 715 616 711 -7612 -1732 1916 96 -22 250 -7 109 31
1534195229.7337763 674 575 611 715 616 712 -7846 -1922 1824 77 304 102 -6 109 31
1534195229.7967315 673 575 610 715 615 711 -7754 -1748 1872 -12 64 202 -6 107 34
1534195229.859217 673 576 610 715 615 711 -7796 -1812 1854 -31 89 158 -5 112 34
1534195229.93585 673 576 610 715 615 712 -7750 -1998 1806 234 181 173 -7 111 32
1534195229.9990363 673 576 610 715 615 712 -7748 -1768 1888 529 34 308 -7 108 33
1534195230.0615234 673 575 610 714 615 712 -7774 -1862 1882 142 153 134 -7 110 32
1534195230.1396306 673 575 611 715 615 711 -7758 -1840 1836 131 165 177 -7 109 32
1534195230.2076695 672 576 610 715 615 711 -7814 -1760 1844 264 181 140 -8 107 33
1534195230.2653303 673 575 610 715 615 711 -7786 -1790 1860 153 103 94 -7 109 31
1534195230.3278167 673 575 610 714 615 711 -7802 -1724 1846 128 178 -40 -8 111 34
1534195230.4106495 673 575 610 714 615 712 -7844 -1782 1864 221 175 -55 -9 111 33
1534195230.4784684 673 576 610 714 615 712 -7716 -1828 1866 302 123 -36 -8 110 31
1534195230.5317202 672 575 610 714 615 712 -7854 -1808 1804 282 142 -53 -7 109 34
1534195230.6098273 673 575 610 714 615 712 -7798 -1758 1850 131 133 28 -7 110 32
1534195230.6724837 672 575 610 715 615 711 -7808 -1826 1834 247 155 85 -7 111 32
1534195230.7491603 673 576 610 714 615 712 -7766 -1766 1814 214 240 -47 -7 111 33
1534195230.8129325 673 576 610 714 615 712 -7788 -1818 1838 135 93 -297 -8 109 31
1534195230.882339 673 576 610 715 615 712 -7792 -1812 1834 192 74 6 -8 109 32
1534195230.9710999 673 576 610 714 615 711 -7838 -1796 1830 308 260 -799 -7 109 33
1534195231.0389197 673 576 610 715 615 712 -7772 -1852 1858 -13 127 -398 -5 110 32
1534195231.0927734 673 576 610 714 615 712 -7710 -1928 1802 236 68 241 -9 107 33
1534195231.154609 673 575 610 714 615 711 -7864 -1698 1896 209 248 61 -7 109 32
1534195231.2224264 673 575 610 715 615 711 -7720 -1938 1884 220 212 -65 -7 112 33
1534195231.2902455 673 575 610 714 615 711 -7810 -1750 1804 148 72 272 -5 111 31
1534195231.357067 673 575 610 714 615 711 -7802 -1860 1816 219 100 128 -6 109 34
1534195231.4248872 673 576 610 714 615 712 -7762 -1834 1888 110 83 159 -8 110 33
1534195231.4917088 673 576 610 714 615 711 -7816 -1824 1852 258 41 107 -8 109 31
1534195231.5605237 673 575 610 714 615 712 -7728 -1832 1844 390 159 -116 -9 111 33
1534195231.631337 673 575 609 714 614 712 -7812 -1766 1822 319 91 92 -8 110 34
1534195231.696161 673 575 610 714 615 712 -7830 -1722 1904 302 165 119 -6 111 32
1534195231.7501395 673 575 610 715 615 712 -7752 -1758 1890 156 148 -45 -8 110 32
1534195231.8306267 673 575 610 714 615 711 -7806 -1792 1874 226 142 344 -8 108 32
1534195231.8835852 673 576 610 714 615 712 -7838 -1626 1838 198 46 110 -8 110 33
1534195231.964455 673 576 610 714 615 711 -7790 -1794 1838 0 177 -28 -6 111 31
1534195232.0312445 673 576 610 714 615 712 -7734 -1902 1874 417 183 -49 -7 109 32
1534195232.0904474 673 576 610 714 615 712 -7854 -1666 1772 329 172 -66 -8 109 33
1534195232.1528091 672 576 610 714 615 712 -7838 -1696 1832 67 288 58 -8 108 33
1534195232.2330673 673 576 610 715 614 712 -7890 -1716 1894 149 77 -39 -6 110 35
1534195232.3086472 673 575 610 715 615 711 -7814 -1818 1798 251 199 -31 -10 107 34
1534195232.3688104 673 576 610 714 615 711 -7830 -1718 1832 215 121 69 -6 109 34
