1534184325.044809 646 565 606 689 594 689 -8174 -602 1006 200 168 54 -51 116 -15
1534184325.112627 646 565 606 690 594 689 -8138 -632 906 214 126 14 -50 112 -14
1534184325.1725745 646 565 606 689 594 689 -8132 -646 948 227 78 -23 -49 112 -13
1534184325.244157 646 565 606 690 594 689 -8154 -654 962 188 139 40 -50 113 -15
1534184325.313974 646 565 606 690 594 690 -8186 -658 942 219 106 13 -50 114 -13
1534184325.3808923 646 565 606 689 594 690 -8164 -632 972 175 191 37 -51 113 -13
1534184325.439807 647 565 606 690 594 689 -8154 -598 964 207 144 -18 -49 115 -13
1534184325.5157242 646 565 606 689 593 689 -8136 -622 890 246 100 24 -50 113 -15
1534184325.5724468 646 565 606 690 594 689 -8188 -648 932 198 123 69 -50 115 -13
1534184325.6349044 645 565 606 689 594 690 -8156 -660 860 270 141 -3 -50 115 -12
1534184325.7553287 645 565 606 689 593 689 -8212 -658 934 189 135 50 -47 113 -14
1534184325.8235748 645 565 606 689 594 690 -8212 -606 1016 242 152 12 -48 113 -13
1534184325.9063427 646 565 606 689 593 689 -8154 -640 974 219 143 71 -49 113 -13
1534184325.9532077 645 565 606 689 594 689 -8188 -602 968 217 147 35 -50 113 -16
1534184325.9995916 646 565 606 690 594 689 -8184 -624 956 200 211 90 -51 113 -13
1534184326.0464559 646 565 606 690 593 689 -8134 -602 974 188 137 66 -48 115 -14
1534184326.1203406 646 565 606 689 594 690 -8162 -620 950 266 146 45 -49 114 -13
1534184326.1870646 645 565 606 689 594 689 -8168 -654 984 213 151 50 -49 114 -12
1534184326.2397146 646 565 606 689 594 690 -8176 -584 950 216 201 81 -49 115 -13
1534184326.3195121 646 565 606 689 593 689 -8132 -624 976 254 84 49 -51 113 -13
1534184326.3881857 646 565 606 690 594 689 -8176 -618 936 205 119 -1 -49 114 -15
1534184326.4506733 646 565 606 689 594 689 -8164 -576 840 225 206 59 -50 113 -14
1534184326.5131564 646 565 606 690 594 689 -8186 -674 906 209 146 57 -50 114 -15
1534184326.575643 646 565 606 690 594 690 -8166 -600 866 253 90 19 -51 113 -13
1534184326.6381767 646 565 607 690 594 689 -8182 -628 948 193 163 5 -51 114 -14
1534184326.7202475 646 565 606 689 594 689 -8196 -548 878 190 151 38 -48 115 -13
1534184326.7875388 645 565 606 689 594 690 -8170 -666 954 194 183 80 -50 114 -13
1534184326.850081 645 565 606 689 593 689 -8166 -612 960 196 331 76 -51 115 -13
1534184326.912508 646 565 607 690 594 689 -8168 -668 820 154 193 84 -49 115 -14
1534184326.990617 646 565 606 690 594 689 -8184 -616 938 -16 351 283 -51 115 -14
1534184327.064732 646 565 606 689 594 690 -8180 -514 812 105 202 107 -53 115 -14
1534184327.1222806 646 565 606 690 594 690 -8208 -582 924 220 212 102 -50 113 -12
1534184327.1931243 646 565 606 690 594 690 -8180 -620 806 415 11 -73 -52 115 -14
1534184327.2537851 646 565 606 690 594 689 -8154 -574 908 390 39 -65 -51 115 -16
1534184327.3162708 646 565 607 690 594 690 -8186 -620 928 375 256 -97 -50 112 -13
1534184327.3945796 646 565 606 690 594 690 -8190 -636 828 176 713 69 -51 113 -14
1534184327.4568825 646 565 606 690 594 689 -8212 -642 804 46 714 229 -47 114 -15
1534184327.5195253 646 565 606 689 594 690 -8164 -550 780 210 108 -66 -50 114 -16
1534184327.5976572 645 565 607 690 594 690 -8188 -598 874 28 116 150 -49 116 -16
1534184327.6529038 646 565 606 689 594 689 -8160 -508 828 125 133 139 -50 115 -15
1534184327.73839 646 565 606 690 594 689 -8180 -642 848 280 374 7 -49 112 -17
1534184327.7852545 646 565 606 690 594 690 -8200 -580 772 430 264 11 -51 113 -16
1534184327.8568873 646 565 606 690 594 689 -8170 -574 694 177 209 60 -51 114 -18
1534184327.9194934 646 565 606 690 594 689 -8186 -568 796 143 134 57 -48 112 -14
1534184327.9974806 646 565 606 690 594 689 -8186 -554 800 270 222 92 -52 112 -14
1534184328.065993 646 565 606 690 594 689 -8188 -580 718 333 28 -23 -51 115 -17
1534184328.1229522 646 565 606 689 594 689 -8192 -582 742 295 209 39 -50 114 -16
1534184328.1999545 646 565 606 689 594 689 -8172 -600 764 297 82 -1 -53 115 -12
1534184328.2536235 646 565 606 690 594 690 -8204 -626 842 240 163 21 -51 114 -14
1534184328.3324351 646 565 606 690 594 689 -8190 -594 704 223 85 8 -50 115 -15
1534184328.40289 646 565 606 690 594 690 -8178 -634 768 225 127 98 -51 113 -15
1534184328.465365 646 565 606 690 594 689 -8196 -592 768 186 120 16 -50 115 -14
1534184328.5278504 646 565 606 690 594 689 -8192 -592 852 164 126 25 -50 114 -16
1534184328.602865 646 565 606 690 594 689 -8116 -584 730 135 -173 -481 -51 114 -15
1534184328.669778 646 565 606 690 594 689 -8190 -796 510 371 -118 23 -48 113 -15
1534184328.7396033 644 564 606 689 592 689 -8492 -1022 932 -773 1145 363 -49 115 -15
1534184328.8020914 642 562 605 688 589 688 -8146 -708 412 -167 -176 -194 -47 117 -15
1534184328.8721025 640 559 605 687 587 688 -8322 -348 294 -4 -1650 -1726 -49 114 -13
1534184328.9504738 639 558 604 686 585 687 -8286 -452 408 -1901 -1815 -3923 -48 113 -15
1534184329.0283165 636 556 604 686 583 687 -8364 -56 82 -247 -420 -2741 -50 114 -15
1534184329.1029322 635 555 603 685 582 686 -8088 -900 2008 2264 -3834 -101 -48 114 -13
1534184329.1699064 635 555 603 685 582 686 -7998 -1732 1268 2316 -2132 897 -46 115 -11
1534184329.2386334 635 555 604 685 582 686 -8064 -1110 1154 579 666 1599 -46 113 -12
1534184329.3189309 637 557 604 686 584 686 -8240 -258 1384 2229 -1927 355 -49 115 -13
1534184329.3885522 639 558 605 687 586 688 -8154 -1272 1854 -721 1639 1097 -50 112 -12
1534184329.4510393 641 560 605 688 589 688 -7380 328 1150 -2182 2959 388 -50 112 -11
1534184329.529146 642 561 606 688 589 689 -8234 -344 740 -499 -58 -900 -50 112 -12
1534184329.6068673 642 561 606 688 590 689 -8060 -932 1486 -115 -388 -901 -49 111 -12
1534184329.673663 643 562 606 688 590 688 -8124 -750 1252 91 883 522 -52 111 -11
1534184329.739824 643 562 606 689 590 689 -8130 -558 1046 16 432 102 -49 111 -12
1534184329.8023083 643 562 605 689 590 689 -8116 -788 1218 115 141 -20 -49 113 -10
1534184329.8728712 643 562 606 689 591 689 -8144 -704 1128 218 462 229 -47 113 -14
1534184329.9353547 643 562 606 689 591 689 -8150 -688 1050 141 195 92 -50 113 -11
1534184330.0135233 644 563 606 689 591 689 -8124 -718 1142 188 197 -3 -49 113 -12
1534184330.0852535 643 563 606 689 591 690 -8146 -676 1066 188 257 96 -49 114 -12
1534184330.1532733 644 563 606 689 591 689 -8110 -726 1132 190 153 12 -50 114 -12
1534184330.2218368 643 563 606 689 591 689 -8172 -690 1070 204 164 -7 -50 112 -11
1534184330.2849133 644 563 605 689 591 689 -8148 -720 1072 203 19 10 -49 114 -12
1534184330.3558702 644 563 606 689 591 689 -8182 -658 1074 222 271 117 -50 114 -12
1534184330.4186196 644 563 606 689 591 689 -8156 -730 1182 196 102 -22 -51 114 -12
1534184330.4808416 644 563 606 689 591 689 -8156 -678 1036 250 207 38 -49 113 -11
1534184330.561098 644 563 606 689 592 689 -8094 -712 1094 166 158 83 -49 114 -11
1534184330.6228447 645 563 606 689 591 689 -8162 -706 1018 260 119 21 -51 113 -13
1534184330.6983142 644 563 606 689 592 689 -8160 -678 1052 211 99 48 -50 114 -13
1534184330.754296 644 563 606 689 592 689 -8150 -684 1064 160 117 48 -52 112 -12
1534184330.8335092 644 563 606 689 592 689 -8136 -690 1080 179 220 64 -52 114 -13
1534184330.8878396 644 563 606 689 592 689 -8152 -664 998 96 492 297 -50 115 -14
1534184330.965945 645 564 606 689 592 689 -8154 -692 1016 131 186 57 -47 115 -12
1534184331.0286372 644 564 606 689 592 689 -8130 -694 1066 80 185 131 -51 114 -12
1534184331.1068375 644 564 605 689 592 688 -8154 -662 1000 265 455 231 -49 115 -14
1534184331.1759293 645 564 606 689 592 689 -8150 -636 968 206 208 28 -49 115 -13
1534184331.2397256 644 564 606 689 592 688 -8202 -652 1034 149 209 -9 -50 112 -13
1534184331.3045945 644 564 606 689 592 690 -8194 -664 994 236 72 -6 -49 116 -13
1534184331.3711324 645 564 606 689 592 689 -8174 -674 1000 217 161 48 -50 112 -14
1534184331.433578 644 564 606 689 592 688 -8156 -638 980 194 88 4 -49 114 -12
1534184331.496064 645 564 606 689 592 689 -8164 -656 1016 254 15 -4 -50 114 -13
1534184331.5754695 644 564 606 689 592 689 -8118 -704 1012 243 195 45 -49 115 -13
1534184331.6380866 645 564 606 689 592 689 -8130 -658 990 143 198 46 -48 112 -14
1534184331.7127485 644 564 606 689 592 689 -8128 -308 924 109 -262 -971 -50 114 -12
1534184331.7860248 643 563 606 688 591 688 -7976 -1260 1330 -166 1112 601 -51 114 -12
1534184331.8559237 639 559 604 687 585 687 -8672 -1392 1298 1301 -322 676 -49 115 -12
1534184331.9184175 636 554 603 685 582 686 -8230 -386 1800 -580 2090 3022 -48 114 -14
1534184331.996514 634 552 603 685 580 686 -8240 -980 1690 579 2295 2444 -49 114 -12
1534184332.074955 633 551 603 684 579 686 -8164 -1094 1036 1062 -379 2361 -51 113 -13
1534184332.1337175 632 551 603 685 579 685 -8234 -430 1142 302 1555 2033 -51 112 -16
1534184332.2181358 633 552 603 685 580 685 -8264 -256 634 1520 -1819 -693 -52 111 -15
1534184332.2870758 634 553 603 685 581 686 -8246 -684 1382 -911 -102 -1589 -55 112 -16
1534184332.3615174 636 555 604 686 583 687 -8132 -960 1134 415 215 1428 -53 111 -15
1534184332.4208035 639 558 605 687 586 688 -8330 204 1094 -101 2380 1151 -53 115 -14
1534184332.4989114 640 559 605 688 588 688 -8152 -324 526 -369 -611 -1594 -52 114 -13
1534184332.5828118 641 559 605 688 588 688 -8142 -810 1164 216 -591 -1006 -51 112 -14
1534184332.6370761 641 560 605 688 589 689 -8166 -750 1184 320 491 202 -49 114 -12
1534184332.7134807 642 561 605 688 589 688 -8154 -562 940 265 205 53 -50 113 -13
1534184332.7697282 642 561 605 688 589 688 -8168 -760 1192 199 288 30 -51 111 -13
1534184332.8488271 642 561 605 688 590 689 -8204 -642 896 175 121 57 -50 113 -15
1534184332.9026303 642 561 606 688 590 688 -8134 -624 988 197 71 4 -51 115 -13
1534184332.9806926 642 561 606 689 590 689 -8150 -688 1100 213 312 53 -50 114 -14
1534184333.043179 642 561 606 688 590 688 -8132 -632 1016 176 -3 41 -50 113 -11
1534184333.1058571 643 562 605 688 590 688 -8158 -680 1018 257 218 -6 -50 114 -12
1534184333.1843555 643 562 605 689 590 688 -8172 -594 1064 242 531 82 -48 112 -14
1534184333.253778 643 562 606 689 590 688 -8158 -646 898 234 335 124 -49 114 -17
1534184333.316355 643 562 606 688 590 689 -8170 -664 1024 274 76 -10 -48 113 -12
1534184333.3787487 643 562 606 689 590 688 -8162 -678 952 267 116 57 -49 116 -13
1534184333.4568553 643 562 605 688 591 688 -8642 -1052 494 1503 -1210 790 -51 112 -12
1534184333.5195909 643 562 606 689 590 689 -7670 -888 1518 780 2641 4466 -50 116 -14
1534184333.589137 643 562 606 689 591 688 -8058 48 654 851 604 76 -54 113 -14
1534184333.651622 643 563 606 689 591 688 -8116 118 762 -458 467 1409 -54 111 -16
1534184333.7230635 643 562 606 689 591 688 -8178 -218 1162 99 -416 -87 -55 113 -14
1534184333.8032706 644 563 606 689 591 688 -8346 -270 1090 415 799 700 -53 111 -15
1534184333.8716557 644 563 606 689 591 688 -8158 -98 772 1574 900 2023 -55 111 -16
1534184333.9341416 644 563 607 689 592 689 -8226 240 674 -563 1634 669 -55 111 -16
1534184333.9966269 644 563 607 689 591 689 -8336 120 694 341 -1013 35 -59 111 -15
1534184334.0805323 643 563 606 689 591 689 -8230 0 918 -1108 -157 -1361 -58 111 -17
1534184334.1372926 644 563 606 690 592 688 -8172 114 998 1341 669 1239 -56 111 -15
1534184334.2161777 643 563 606 690 592 688 -8250 60 700 838 132 -640 -58 112 -17
1534184334.2862976 643 563 606 690 592 689 -8016 72 998 -290 -406 -1392 -58 112 -15
1534184334.3562179 644 563 606 690 592 689 -8138 -314 1058 -3366 241 -2059 -56 112 -15
1534184334.4187028 644 563 606 690 591 688 -8316 -324 714 56 595 194 -53 113 -14
1534184334.4968123 644 563 606 689 591 689 -8162 -190 794 444 -965 -629 -54 113 -14
1534184334.565709 644 563 606 689 592 689 -8280 -282 890 37 -268 -726 -52 112 -16
1534184334.6387775 644 563 606 689 591 689 -8246 -370 786 354 353 -625 -55 112 -15
1534184334.7035604 644 563 606 689 591 689 -8216 -294 810 212 366 -23 -51 112 -14
1534184334.7713192 644 563 606 689 591 689 -7856 -100 834 1108 -295 -1473 -53 115 -15
1534184334.8460693 643 562 605 689 591 689 -7790 -612 842 409 420 -1840 -53 115 -16
1534184334.904129 639 559 604 687 586 687 -8222 -1092 1106 -165 -511 629 -50 115 -15
1534184334.9822354 636 554 603 686 582 686 -8466 -840 1346 478 -287 1622 -51 113 -14
1534184335.0621395 633 551 602 685 579 686 -8138 -488 1278 -1418 2441 475 -51 113 -14
1534184335.1217632 632 550 602 684 578 686 -8268 -66 832 -34 -79 -794 -52 115 -14
1534184335.2024825 631 549 602 684 577 685 -8226 -492 1060 1627 -1943 645 -51 112 -13
1534184335.26993 631 549 602 684 577 685 -8236 -164 966 -733 1104 808 -52 113 -14
1534184335.3473213 632 550 603 684 578 686 -8228 -96 564 158 -360 134 -52 111 -14
1534184335.4035108 633 551 603 685 579 685 -8232 -514 1342 655 -2340 -1966 -55 109 -15
1534184335.4815285 634 552 603 686 580 686 -8228 -908 1806 -824 -174 -1985 -52 111 -13
1534184335.5596073 637 555 604 686 583 687 -7962 -650 1136 -1228 1214 949 -52 111 -12
1534184335.6223094 638 557 605 687 586 688 -8098 -200 1012 -104 529 -475 -51 115 -11
1534184335.702372 639 558 605 687 587 688 -8126 -780 1220 235 -288 -869 -51 112 -12
1534184335.7701344 640 559 605 687 587 688 -8104 -802 1196 179 430 -143 -50 113 -11
1534184335.8417134 640 559 605 688 588 688 -8074 -672 1106 233 94 -173 -48 112 -11
1534184335.903995 641 559 605 688 588 689 -8124 -794 1180 148 276 -26 -51 115 -9
1534184335.966479 641 560 605 688 588 689 -8152 -696 1174 221 169 -15 -49 115 -11
1534184336.0445979 641 560 605 688 588 689 -8168 -782 1056 276 235 -24 -48 116 -10
1534184336.1159878 642 560 605 688 588 689 -8138 -714 1142 171 127 -38 -51 114 -11
1534184336.1847112 642 561 605 688 589 689 -8150 -732 1202 217 477 60 -49 113 -10
1534184336.2397165 642 561 605 688 589 688 -8148 -752 1096 145 205 9 -49 114 -11
1534184336.319568 642 561 605 688 589 688 -8152 -794 1006 247 317 5 -48 113 -12
1534184336.3722157 642 561 605 688 589 689 -8136 -732 1140 206 87 -47 -50 114 -12
1534184336.4505043 642 561 605 688 589 688 -8126 -728 1126 206 390 53 -48 112 -12
1534184336.5128105 642 561 605 688 590 688 -8128 -684 976 148 265 -48 -49 114 -11
1534184336.594099 642 561 605 688 590 689 -8118 -804 1062 222 -207 -326 -48 116 -11
1534184336.6543982 643 562 605 688 590 689 -8144 -906 1100 358 424 -168 -49 113 -12
1534184336.7365193 643 562 606 688 590 688 -8158 -778 1050 206 288 155 -49 115 -11
1534184336.8018458 643 562 605 688 590 689 -8156 -784 976 227 475 189 -49 114 -10
1534184336.85613 643 562 605 688 590 689 -8138 -752 1096 228 257 102 -50 114 -11
1534184336.9342434 643 562 605 688 590 689 -8156 -808 938 275 189 21 -49 114 -13
1534184336.9967222 643 562 605 688 590 688 -8114 -736 1056 173 303 82 -50 114 -15
1534184337.0749323 643 562 605 689 590 689 -8136 -748 1066 244 273 117 -49 115 -13
1534184337.1373138 643 562 606 688 590 689 -8148 -796 1052 261 102 44 -50 115 -12
1534184337.2125356 643 562 605 688 590 689 -8146 -744 1010 241 118 -23 -50 112 -13
1534184337.270924 643 562 606 688 590 689 -8140 -746 998 235 246 106 -50 115 -12
1534184337.3488922 643 562 606 689 590 689 -8148 -766 1042 253 208 12 -48 114 -13
1534184337.4113753 643 562 605 689 590 689 -8120 -840 964 318 448 -72 -47 112 -11
1534184337.4738605 643 562 605 689 590 689 -8134 -774 914 226 126 -8 -50 115 -14
1534184337.536344 643 562 606 689 590 689 -8168 -770 964 257 153 0 -48 115 -14
1534184337.6055744 643 562 606 689 591 688 -8138 -814 930 274 178 -11 -49 115 -11
1534184337.6846135 643 562 605 689 591 689 -8134 -822 1060 215 -125 -88 -49 116 -13
1534184337.7547514 643 562 606 689 591 688 -8130 -822 990 236 309 46 -48 116 -13
1534184337.8201966 643 562 605 689 590 689 -8148 -746 902 263 61 1 -48 114 -13
1534184337.8712955 643 562 606 688 591 689 -8182 -812 984 248 136 2 -49 114 -12
1534184337.949142 643 562 605 689 590 688 -8162 -784 1020 205 349 78 -50 116 -12
1534184338.01163 643 562 605 689 591 688 -7518 156 664 508 -963 -1185 -46 115 -13
1534184338.1048303 642 562 605 688 590 688 -7998 -1368 1256 -675 1450 68 -48 114 -13
1534184338.1541862 637 558 604 687 584 688 -8266 -1094 1088 1541 -137 553 -48 116 -12
1534184338.238702 634 552 603 685 580 686 -8342 -1260 1422 263 819 2333 -47 114 -12
1534184338.3022683 632 550 603 684 578 686 -8066 -860 488 1127 738 3183 -50 113 -12
1534184338.3721974 631 549 603 684 577 685 -8222 -1004 1486 565 1985 2497 -49 112 -13
1534184338.450304 631 549 602 684 576 686 -8192 -204 702 -634 1059 -1118 -50 112 -15
1534184338.5130522 631 550 602 684 577 685 -8218 -468 852 880 -1033 188 -53 112 -15
1534184338.5894136 631 550 602 684 578 686 -8108 102 594 -92 -155 -738 -51 112 -17
1534184338.6518981 632 551 603 684 578 686 -8234 -418 1088 119 1130 331 -53 113 -16
1534184338.73261 632 551 603 685 579 686 -8120 -424 650 261 -89 -581 -53 114 -17
1534184338.8024685 633 552 603 685 580 686 -8178 -544 896 223 -2375 -3420 -52 114 -16
1534184338.8772216 635 554 604 686 582 687 -8336 -1448 2124 -320 1443 1831 -52 115 -16
1534184338.9361506 637 556 604 686 584 688 -7844 -120 508 -146 310 -272 -47 115 -13
1534184339.014254 638 557 605 687 585 688 -8100 -674 1116 -320 53 -606 -50 113 -13
1534184339.087051 639 558 605 687 586 689 -8156 -1052 1224 -82 711 9 -51 114 -15
1534184339.1531868 640 558 605 687 586 689 -8126 -632 846 172 265 18 -49 115 -11
1534184339.2235978 640 559 605 687 587 688 -8158 -850 1082 246 130 -179 -48 115 -14
1534184339.2865577 640 559 605 687 587 689 -8136 -794 994 299 356 115 -50 114 -14
1534184339.3548138 641 559 605 687 587 688 -8138 -764 958 214 147 -40 -49 113 -14
1534184339.4172952 641 559 605 688 588 688 -8126 -780 1048 225 277 71 -47 115 -14
1534184339.495402 641 560 605 688 587 688 -8150 -756 950 265 62 -51 -50 113 -13
1534184339.5578904 641 560 605 688 588 688 -8122 -784 962 183 36 -14 -50 116 -13
1534184339.6203728 641 560 605 688 588 689 -8114 -756 954 223 163 5 -50 114 -15
1534184339.6828587 641 560 605 688 588 689 -8120 -806 968 226 207 56 -47 114 -16
1534184339.7549381 641 560 605 688 588 688 -8116 -810 922 250 19 -50 -49 115 -14
1534184339.8291614 642 561 605 688 589 689 -8136 -812 996 186 184 35 -48 115 -11
1534184339.886501 642 561 605 688 589 688 -8128 -786 992 216 175 36 -49 117 -15
1534184339.964608 642 561 605 688 589 688 -8142 -786 1012 232 133 28 -49 115 -14
1534184340.0270922 643 561 606 689 589 689 -8142 -758 946 208 111 39 -48 114 -13
1534184340.0895784 643 561 605 689 589 689 -8176 -824 980 149 169 9 -48 115 -14
1534184340.167685 642 561 606 688 589 688 -8156 -788 986 212 149 48 -49 115 -14
1534184340.231825 642 561 605 688 589 689 -8160 -788 900 222 209 65 -48 115 -15
1534184340.2871273 643 561 606 688 590 689 -8156 -834 1046 226 54 -41 -48 117 -13
1534184340.36518 643 561 606 689 589 688 -8150 -768 902 214 171 3 -49 117 -13
1534184340.420471 643 561 606 688 590 689 -8130 -812 1002 224 147 69 -49 114 -13
1534184340.4985785 643 561 605 689 590 688 -8118 -734 984 268 70 33 -48 115 -14
1534184340.564565 643 561 606 688 590 688 -8122 -808 944 221 62 0 -46 116 -16
1534184340.6225374 643 562 606 689 590 689 -8184 -778 956 247 195 49 -50 116 -14
1534184340.699584 642 562 606 688 590 689 -8162 -850 1000 242 37 -40 -48 115 -15
1534184340.755205 643 562 606 688 590 689 -8134 -796 934 246 51 15 -49 114 -13
1534184340.8333123 643 562 606 688 590 688 -8128 -796 970 227 175 -37 -49 115 -13
1534184340.8957987 643 562 606 688 590 689 -8180 -804 916 279 140 -28 -50 115 -13
1534184340.9582825 643 562 606 689 590 689 -8118 -828 988 245 181 -3 -49 114 -15
1534184341.03639 643 562 606 688 590 689 -8146 -864 938 170 222 126 -49 116 -13
1534184341.1045964 643 562 605 689 590 689 -8152 -770 1022 266 77 -42 -51 114 -15
1534184341.1707249 643 562 605 688 590 688 -8120 -810 980 195 157 17 -48 115 -15
1534184341.2383757 643 562 605 688 590 688 -8134 -908 1020 165 222 60 -50 116 -13
1534184341.3032064 643 562 605 688 590 688 -8188 -776 908 238 9 21 -47 115 -12
1534184341.3727355 643 562 605 689 590 689 -8112 -854 976 204 411 177 -50 115 -14
1534184341.4352212 643 562 605 688 590 688 -8168 -778 1062 -471 731 -65 -47 116 -12
1534184341.5133295 638 559 604 686 585 688 -8202 -1176 996 -162 107 210 -47 114 -13
1534184341.5827458 636 556 604 685 582 687 -8230 -1056 994 504 271 248 -49 116 -11
1534184341.6383767 633 551 603 684 578 686 -8034 -582 838 46 852 -179 -47 115 -13
1534184341.7200305 632 550 603 684 577 686 -8306 -680 1630 73 1887 674 -46 116 -12
1534184341.7850828 631 549 602 684 576 686 -8064 -1084 562 675 216 974 -49 113 -14
1534184341.8556318 631 549 602 683 576 685 -8254 -788 1252 1683 -954 1921 -47 114 -15
1534184341.9337385 630 549 603 683 576 686 -8222 -1092 1240 -1061 3207 2283 -49 115 -14
1534184341.996224 631 549 602 684 576 685 -8222 -398 542 1033 -860 262 -50 114 -14
1534184342.0770621 632 550 603 684 577 686 -8170 -564 982 592 -600 -1227 -50 113 -15
1534184342.1370194 633 552 603 685 579 687 -8182 -734 830 569 -1334 -2099 -52 114 -16
1534184342.215126 635 554 604 686 581 688 -8252 -852 1196 758 -1 1204 -49 115 -14
1534184342.2864277 637 556 605 686 584 688 -7960 -96 922 384 -63 -697 -49 116 -15
1534184342.3562398 638 557 605 687 585 688 -8084 -750 916 -151 -413 -789 -50 113 -16
1534184342.4187245 639 558 605 687 585 688 -8140 -1016 1236 79 173 -33 -49 115 -15
1534184342.4812126 639 558 605 687 586 688 -8168 -724 910 30 338 182 -48 115 -16
1534184342.5616481 640 559 605 688 587 689 -8144 -814 956 158 -125 -225 -50 115 -15
1534184342.6235695 640 559 605 687 587 689 -8120 -804 1030 143 247 67 -48 114 -15
1534184342.7011976 641 559 605 688 587 689 -8148 -810 1004 200 233 -15 -48 115 -14
1534184342.7696369 640 559 606 688 588 689 -8138 -806 1082 194 115 10 -49 116 -15
1534184342.8382642 640 560 605 688 588 688 -8132 -836 1028 274 111 17 -47 117 -14
1534184342.9032254 642 560 605 688 588 688 -8108 -816 1002 227 94 -59 -49 116 -12
1534184342.9657102 641 560 605 687 588 688 -8130 -852 1030 303 105 -69 -47 116 -14
1534184343.0281963 641 560 605 688 588 689 -8132 -846 972 177 249 92 -49 115 -14
1534184343.108865 641 560 605 688 588 688 -8128 -840 916 180 132 49 -48 112 -13
1534184343.1699045 642 560 605 688 588 689 -8128 -854 1076 198 227 71 -48 115 -14
1534184343.2381957 642 560 605 688 589 689 -8116 -770 1008 273 86 -28 -49 115 -13
1534184343.3132179 642 560 606 688 589 689 -8114 -860 1052 250 166 37 -49 114 -13
1534184343.371908 642 561 605 688 589 689 -8116 -854 1048 204 149 6 -48 115 -14
1534184343.434547 642 561 606 688 589 689 -8148 -878 1020 277 95 47 -47 117 -12
1534184343.5124998 642 561 605 688 589 688 -8156 -842 952 197 100 -22 -50 114 -13
1534184343.581388 642 561 606 688 589 689 -8102 -870 984 225 109 3 -47 115 -16
1534184343.6392884 642 561 605 688 589 689 -8130 -838 1084 290 208 17 -48 115 -14
1534184343.7156305 642 561 605 688 589 689 -8158 -768 1056 234 19 5 -49 116 -14
1534184343.771318 642 561 606 688 589 689 -8124 -864 1002 243 231 37 -48 114 -15
1534184343.8494248 643 561 606 688 589 689 -8164 -868 1078 209 -3 -56 -49 115 -16
1534184343.912018 643 561 606 689 589 690 -8156 -812 960 221 138 22 -48 116 -14
1534184343.9743972 643 561 606 688 589 689 -8132 -854 1014 190 112 50 -49 116 -14
1534184344.052732 643 562 605 688 589 689 -8120 -818 976 208 190 88 -48 115 -12
1534184344.1204932 643 562 605 688 589 689 -8108 -884 966 204 139 16 -50 113 -18
1534184344.1879668 643 562 605 689 589 688 -8104 -808 990 216 207 133 -48 114 -14
1534184344.255091 642 562 605 688 589 689 -8118 -870 970 216 113 21 -48 115 -14
1534184344.319564 643 562 606 688 589 688 -8124 -812 942 262 167 86 -49 116 -14
1534184344.3880885 642 562 605 688 589 689 -8116 -846 1024 268 76 -49 -49 115 -13
1534184344.450659 643 562 605 688 589 689 -8156 -840 1040 235 118 43 -49 115 -14
1534184344.5130568 642 561 605 688 590 689 -8158 -876 1040 248 217 99 -47 117 -12
1534184344.5947986 642 562 606 688 589 689 -8146 -790 1102 188 132 50 -49 116 -14
1534184344.6527417 643 562 606 688 590 690 -8106 -832 980 276 313 140 -47 114 -13
1534184344.7365115 642 561 605 688 589 689 -8222 -1186 960 -728 -249 -1333 -48 115 -16
1534184344.8030415 637 558 604 686 583 687 -8018 -370 700 396 421 -296 -47 114 -14
1534184344.8722148 634 552 603 685 579 686 -7898 -322 990 438 794 157 -48 116 -13
1534184344.9347012 632 550 602 684 576 686 -8176 -528 572 1143 226 1227 -50 117 -13
1534184345.012808 631 549 602 683 576 686 -8130 -728 112 2022 -1933 966 -50 115 -14
1534184345.08511 630 548 602 683 575 685 -8108 -1152 934 12 544 -592 -51 116 -15
1534184345.1530735 630 548 602 683 575 685 -8204 -770 782 408 521 1637 -51 115 -14
1534184345.2225647 630 548 602 683 576 685 -8230 -248 764 390 -197 -37 -52 116 -16
1534184345.2857797 631 549 602 684 577 686 -8226 -394 628 -59 406 -954 -51 113 -16
1534184345.3649867 633 551 603 685 578 686 -8190 -574 692 1408 -3595 -3109 -51 112 -16
1534184345.4355679 634 554 604 685 581 688 -8088 -962 1492 -198 1030 1430 -50 113 -15
1534184345.4980545 636 556 604 686 583 688 -8044 -168 436 -560 1294 -42 -50 115 -15
1534184345.5808659 638 557 605 686 585 688 -8210 -544 662 -82 -720 -1173 -50 114 -15
1534184345.6527598 638 557 604 687 585 688 -8118 -1042 1102 268 -566 -673 -48 113 -14
1534184345.7195144 639 558 605 687 586 688 -8138 -742 998 227 336 150 -49 115 -14
1534184345.7863605 639 558 605 687 586 688 -8162 -718 824 236 47 -149 -46 116 -15
1534184345.8566234 640 559 605 687 587 689 -8138 -886 1024 170 132 -205 -49 114 -16
1534184345.9191108 640 559 605 688 587 689 -8144 -776 888 210 87 23 -49 115 -15
1534184345.981599 640 559 605 688 587 689 -8152 -860 1116 164 180 9 -48 115 -13
1534184346.0440788 641 559 605 688 588 688 -8110 -824 848 204 467 74 -48 116 -15
1534184346.1241477 641 560 605 687 587 688 -8142 -778 972 245 1 -52 -51 117 -14
1534184346.1863132 641 560 605 688 588 688 -8156 -774 914 205 160 34 -49 117 -14
1534184346.2559638 641 560 605 688 588 688 -8158 -816 944 207 120 32 -48 116 -14
1534184346.331241 641 560 605 688 588 688 -8166 -816 970 211 131 10 -47 115 -13
1534184346.386829 641 560 605 688 588 688 -8126 -826 972 183 178 96 -49 115 -14
1534184346.4493387 641 560 605 688 589 689 -8184 -838 912 205 181 54 -47 112 -14
1534184346.5118005 641 561 605 688 588 688 -8158 -858 946 254 115 -26 -47 116 -13
1534184346.5940385 642 561 605 688 588 689 -8130 -780 898 217 248 95 -47 116 -16
1534184346.6534855 642 561 605 688 589 688 -8162 -842 964 238 112 -20 -49 113 -13
1534184346.7222285 642 561 605 688 589 689 -8190 -846 900 231 137 31 -50 116 -13
1534184346.7847133 642 561 605 688 589 689 -8166 -812 970 203 47 -21 -47 114 -16
1534184346.863318 642 561 605 688 589 688 -8148 -794 914 230 207 79 -48 115 -14
1534184346.9205246 642 561 605 688 589 689 -8126 -824 932 235 28 -16 -48 116 -16
1534184346.9984043 642 561 605 688 589 688 -8126 -848 968 222 205 55 -48 113 -14
1534184347.064253 642 561 605 688 589 689 -8118 -824 968 226 114 -7 -49 116 -15
1534184347.122229 642 561 605 688 589 688 -8182 -848 910 259 100 -35 -48 116 -13
1534184347.1978667 642 561 606 688 589 689 -8126 -870 972 199 157 8 -48 116 -14
1534184347.253637 642 562 605 688 589 690 -8096 -816 922 202 207 52 -48 116 -13
1534184347.332157 643 562 606 688 590 689 -8148 -812 916 184 137 19 -49 116 -15
1534184347.386843 643 562 605 688 589 689 -8162 -826 854 282 -14 -24 -48 116 -13
1534184347.4649496 642 562 606 688 590 689 -8148 -858 1036 189 279 92 -47 117 -14
1534184347.527435 642 562 606 688 590 689 -8128 -800 902 259 111 25 -48 117 -15
1534184347.59008 643 562 606 688 590 689 -8160 -890 998 220 152 76 -50 115 -13
1534184347.6680267 643 562 605 688 590 689 -8146 -792 890 239 205 47 -50 117 -13
1534184347.7378943 643 562 606 688 590 689 -8146 -914 1028 109 90 118 -48 115 -14
1534184347.8028078 643 562 605 688 590 689 -8146 -718 862 263 66 -55 -48 115 -14
1534184347.8717518 643 562 606 688 590 689 -8154 -854 1018 267 153 -16 -51 115 -13
1534184347.934497 643 562 605 688 590 689 -8146 -832 996 268 198 33 -49 116 -15
1534184347.9967232 643 562 606 689 590 689 -8148 -898 1000 214 146 48 -48 115 -14
1534184348.0771804 643 562 605 688 590 688 -8116 -830 886 180 248 134 -49 116 -14
1534184348.1372461 643 562 605 688 590 689 -8168 -834 874 164 350 143 -48 115 -13
1534184348.2186532 641 561 605 687 588 689 -8008 -1006 952 -590 -363 -1329 -49 118 -15
1534184348.2863722 636 556 604 686 582 687 -8352 -1296 1028 704 472 1473 -46 117 -15
1534184348.372512 633 550 603 684 577 686 -8060 -1660 1388 -486 1124 1683 -47 115 -14
1534184348.419377 631 549 602 683 576 686 -7962 -1034 960 93 1793 1936 -48 115 -13
1534184348.497646 630 548 602 683 575 685 -8180 -856 1266 1038 1041 2848 -49 115 -15
1534184348.578469 630 547 602 683 575 685 -8312 -578 694 -3422 4298 -886 -51 114 -15
1534184348.6358252 630 548 601 683 575 685 -8250 -518 616 1495 -382 1324 -50 114 -16
1534184348.7180333 631 549 602 684 576 685 -8244 -978 914 933 690 2088 -52 114 -16
1534184348.7859063 632 550 603 684 577 686 -8284 -314 786 1270 -3522 -3348 -51 113 -15
1534184348.8655005 633 551 603 684 578 686 -8152 -1356 1458 528 -2900 -4118 -49 113 -15
1534184348.9207773 635 554 603 686 581 687 -8006 -912 1166 334 -429 39 -47 115 -14
1534184348.9989371 637 556 604 686 583 688 -8074 -428 964 219 877 239 -49 114 -12
1534184349.0725338 637 556 604 687 584 688 -8076 -856 936 116 -4 -458 -47 116 -12
1534184349.1391766 638 557 604 687 585 688 -8034 -1154 1362 65 312 76 -48 116 -15
1534184349.207507 639 558 605 687 586 688 -8118 -824 1048 20 622 361 -48 115 -12
1534184349.2699876 640 558 605 687 586 688 -8114 -916 1014 120 -77 -257 -46 115 -13
1534184349.3455873 640 559 605 687 587 688 -8076 -920 1098 176 270 83 -47 116 -13
1534184349.4042819 640 559 605 687 587 688 -8148 -936 1026 197 133 29 -48 115 -14
1534184349.4822242 640 559 605 687 587 688 -8096 -940 1020 153 173 92 -48 115 -13
1534184349.5465767 640 559 605 687 587 689 -8102 -926 1100 197 168 7 -47 116 -13
1534184349.605248 641 559 605 688 587 689 -8122 -908 1040 268 149 54 -48 113 -14
1534184349.6842384 641 559 605 688 588 689 -8146 -966 1122 279 78 -63 -45 115 -14
1534184349.739201 641 560 605 688 587 690 -8110 -920 1024 211 170 89 -47 116 -13
1534184349.8192043 641 560 605 688 588 689 -8124 -926 1100 232 184 26 -46 118 -15
1534184349.8877177 641 560 605 688 588 689 -8104 -948 1104 239 229 83 -46 116 -15
1534184349.9502037 641 560 605 688 588 689 -8142 -934 1054 238 80 -23 -48 116 -12
1534184350.0128765 641 560 605 688 588 689 -8106 -976 1124 213 136 45 -48 114 -11
1534184350.0890977 642 560 605 688 588 689 -8102 -918 1100 186 149 14 -47 114 -13
1534184350.151583 641 560 605 688 588 688 -8114 -890 1040 215 114 -39 -47 115 -13
1534184350.2312934 641 561 605 688 588 689 -8154 -932 1020 240 208 63 -47 115 -13
1534184350.2856438 642 561 605 688 589 689 -8096 -950 1090 255 62 -18 -48 115 -11
1534184350.3676455 641 561 605 688 589 688 -8116 -904 1056 188 125 48 -49 115 -13
1534184350.4196196 642 561 605 688 589 689 -8092 -898 1030 245 94 1 -49 115 -11
1534184350.49793 642 561 606 688 589 689 -8122 -920 1074 223 162 86 -49 114 -12
1534184350.5602112 642 561 605 688 589 689 -8094 -940 1080 233 113 8 -46 117 -14
1534184350.6226978 642 561 605 688 589 689 -8108 -902 1058 156 263 94 -48 116 -14
1534184350.7045107 642 561 606 688 589 688 -8116 -900 1036 239 15 -35 -46 116 -14
1534184350.7713494 642 561 606 688 589 689 -8118 -934 1060 235 188 84 -46 115 -13
1534184350.8401337 642 561 606 688 589 688 -8102 -938 1042 190 120 28 -46 116 -14
1534184350.9024098 642 561 606 688 589 689 -8100 -948 1080 198 209 47 -47 112 -11
1534184350.9647698 642 561 605 688 589 689 -8120 -876 1062 253 98 -32 -45 117 -13
1534184351.042875 642 562 605 688 589 689 -8116 -904 972 236 242 66 -47 116 -13
1534184351.1211598 642 561 605 688 589 688 -8158 -932 1102 213 215 72 -48 116 -12
1534184351.1681945 642 561 606 688 589 689 -8098 -906 1008 308 51 -27 -45 114 -10
1534184351.2400625 642 561 605 688 589 689 -8116 -970 1076 159 241 124 -46 115 -14
1534184351.302595 642 562 605 688 589 689 -8142 -896 944 239 64 -9 -48 117 -14
1534184351.3806553 642 561 606 688 590 689 -8126 -984 1120 178 130 98 -47 118 -14
1534184351.4432495 643 562 605 688 589 689 -8128 -910 958 226 161 -57 -47 118 -14
1534184351.5056255 642 561 605 688 589 689 -8162 -1008 1094 263 130 43 -48 115 -12
1534184351.5893056 643 562 606 688 590 689 -8142 -918 1052 305 120 -36 -45 116 -14
1534184351.6535778 643 562 605 688 589 689 -8116 -956 1080 298 -64 -55 -47 116 -16
1534184351.7244442 642 562 605 688 590 689 -8106 -978 988 252 163 3 -48 115 -13
1534184351.786392 643 562 605 688 590 688 -8102 -966 998 185 167 75 -48 117 -14
1534184351.860642 643 562 605 688 590 688 -8112 -956 1058 142 323 153 -48 117 -12
1534184351.9196293 642 561 605 688 589 689 -8132 -1114 818 -744 553 -480 -47 117 -13
1534184351.9977372 638 558 605 686 584 687 -8120 -1250 964 116 520 79 -45 117 -13
1534184352.0690973 634 554 603 685 580 686 -8218 -980 942 577 -426 743 -46 116 -12
1534184352.137481 631 550 603 684 576 686 -8334 -428 996 -868 1334 342 -45 118 -11
1534184352.209522 631 549 602 683 575 685 -8154 -986 728 1077 461 2134 -48 116 -15
1534184352.2708263 629 547 602 683 574 684 -7984 -1778 692 2423 -1221 3104 -46 115 -12
1534184352.3530948 629 547 602 683 574 685 -8098 -856 1060 426 914 2198 -48 114 -15
1534184352.4201448 630 548 602 683 574 686 -8144 -942 958 -181 1531 939 -48 114 -14
1534184352.4982526 630 548 602 683 575 686 -8212 -866 1188 -43 912 395 -51 111 -14
1534184352.5622754 632 549 602 684 576 686 -8240 -348 634 777 -1358 -1440 -51 112 -17
1534184352.6379023 633 551 603 684 578 686 -8260 -1444 1626 1023 -1460 -1650 -52 113 -15
1534184352.7079222 635 554 604 685 581 687 -7134 118 336 -30 448 -559 -48 114 -14
1534184352.7714503 637 556 604 686 583 687 -8142 -510 726 -310 -471 -968 -51 114 -15
1534184352.8390045 638 556 604 686 584 687 -8092 -1142 1424 49 -686 -825 -50 114 -14
1534184352.9173012 639 557 605 687 585 688 -8160 -844 1158 186 549 306 -48 113 -13
1534184352.9795947 639 558 604 687 585 688 -8074 -822 1006 185 -108 -325 -47 116 -12
1534184353.0595968 639 558 605 687 586 688 -8058 -928 1176 176 262 111 -48 116 -15
1534184353.1211822 639 558 605 687 586 688 -8118 -816 972 172 19 -21 -47 115 -13
1534184353.1976426 640 558 605 687 586 688 -8122 -872 1152 179 257 151 -47 116 -13
1534184353.253599 640 559 604 687 587 688 -8120 -826 1040 198 273 49 -48 115 -15
1534184353.332572 640 559 605 687 587 688 -8140 -904 1148 189 188 40 -48 116 -13
1534184353.3882072 640 559 605 687 587 689 -8090 -850 1108 240 168 18 -47 114 -14
1534184353.4663146 640 559 605 687 587 688 -8082 -874 1090 153 236 56 -50 116 -13
1534184353.528798 640 559 605 687 587 689 -8136 -902 1032 281 106 5 -46 114 -14
1534184353.603757 640 560 605 687 587 689 -8132 -870 1042 160 260 95 -47 114 -13
1534184353.6682885 641 560 605 688 588 689 -8128 -866 1012 231 176 17 -46 114 -13
1534184353.7383938 641 560 605 688 588 689 -8128 -952 1074 220 113 38 -48 115 -16
1534184353.8092747 641 560 605 687 588 689 -8118 -874 970 237 97 -21 -48 117 -14
1534184353.871192 641 560 605 687 588 688 -8078 -900 1074 173 184 73 -46 116 -13
1534184353.9338167 641 560 605 688 588 689 -8136 -840 1104 184 137 45 -48 116 -15
1534184353.9961624 641 560 605 687 588 688 -8124 -894 1012 224 83 31 -47 116 -15
1534184354.0778823 641 560 605 688 588 689 -8128 -906 1072 205 251 81 -47 114 -14
1534184354.1386926 641 560 605 687 588 688 -8088 -890 1046 183 8 7 -49 115 -15
1534184354.211151 642 560 605 687 588 688 -8156 -900 1090 206 208 83 -47 114 -13
1534184354.269791 641 560 605 688 588 688 -8124 -918 1058 203 152 10 -47 116 -14
1534184354.3482423 641 560 604 688 588 689 -8110 -870 1040 186 164 70 -47 116 -12
1534184354.4035654 641 561 605 688 588 688 -8138 -906 1088 96 324 128 -47 116 -13
1534184354.4816716 641 561 605 688 588 688 -8150 -856 934 249 126 68 -48 115 -14
1534184354.5530808 641 561 605 688 588 689 -8134 -914 1108 184 198 52 -50 115 -14
1534184354.605208 642 561 605 688 588 688 -8110 -880 942 258 -44 -106 -47 119 -14
1534184354.6842194 642 561 606 688 589 688 -8120 -838 978 175 253 80 -47 114 -14
1534184354.7538652 642 561 605 688 589 688 -8142 -884 1056 289 18 -14 -49 116 -16
1534184354.8236294 642 561 605 688 589 689 -8120 -834 1064 290 234 48 -47 116 -13
1534184354.8895943 642 561 605 688 589 689 -8132 -914 980 245 98 -15 -46 116 -13
1534184354.9521213 642 561 605 688 589 688 -8162 -864 1010 208 193 56 -48 117 -14
1534184355.0145657 642 561 605 687 588 689 -8122 -922 1058 211 173 70 -49 116 -13
1534184355.094652 642 561 605 688 589 689 -8142 -822 1030 208 123 59 -46 115 -14
1534184355.153602 642 561 605 688 589 689 -8128 -900 1018 195 149 72 -49 116 -13
1534184355.22244 642 561 605 688 589 688 -8136 -836 1068 232 92 -17 -48 116 -14
1534184355.284925 642 561 605 688 589 688 -8098 -928 1092 284 194 54 -48 116 -15
1534184355.3630333 642 561 605 688 589 688 -8128 -930 1066 174 178 50 -49 116 -13
1534184355.4255173 641 561 605 688 589 688 -8104 -860 1032 209 61 -6 -47 116 -15
1534184355.4881244 642 561 605 688 589 688 -8098 -870 1066 250 162 9 -47 114 -15
1534184355.5677028 642 561 605 688 589 688 -8110 -872 1042 196 131 27 -47 114 -17
1534184355.6214464 642 561 605 688 589 688 -8096 -884 984 267 93 24 -48 117 -13
1534184355.702254 642 561 605 688 589 688 -8142 -920 1068 256 95 32 -49 116 -14
1534184355.7704759 642 561 605 688 589 688 -8124 -852 1024 242 165 68 -49 116 -14
1534184355.83296 642 562 605 688 589 689 -8120 -938 1094 238 187 43 -48 116 -15
1534184355.9110675 642 562 605 688 589 689 -8138 -868 994 276 -27 -59 -49 115 -13
1534184355.9735534 643 562 605 688 589 688 -8116 -872 1022 209 205 63 -48 115 -13
1534184356.0361204 642 562 605 688 589 689 -8128 -916 1064 220 151 45 -47 117 -14
1534184356.111094 643 562 605 688 589 688 -8138 -918 1038 247 154 68 -51 117 -14
1534184356.1703115 642 561 605 688 589 688 -7492 -360 832 502 -461 -362 -49 115 -14
1534184356.2380097 640 561 605 687 588 688 -8024 -1024 1110 434 -398 -707 -48 117 -14
1534184356.3161163 637 557 604 686 582 687 -8194 -1162 906 910 140 769 -48 115 -15
1534184356.3890204 634 553 603 685 579 687 -7934 -938 1038 1658 -628 1368 -49 114 -12
1534184356.4516687 632 549 602 683 576 685 -8086 -652 490 94 326 -138 -48 115 -14
1534184356.529611 631 548 602 683 575 685 -8190 -956 1600 513 1022 1599 -47 112 -15
1534184356.6117945 630 547 601 683 574 685 -8186 -688 1314 705 442 1955 -51 114 -16
1534184356.6698532 629 547 602 683 574 685 -7984 -286 1458 -806 1647 -120 -50 115 -18
1534184356.7378285 629 547 602 683 574 685 -8232 -576 1056 601 207 975 -54 113 -17
1534184356.817649 630 548 602 683 575 685 -8278 -282 632 326 -1915 -3393 -52 112 -15
1534184356.8868961 633 550 602 684 577 687 -8326 -1510 1976 561 -1602 -1985 -53 113 -16
1534184356.949379 635 553 603 685 581 688 -7670 358 1064 412 2360 3253 -49 114 -14
1534184357.0274842 636 555 604 686 583 688 -8178 -26 414 -894 -337 -2357 -51 114 -15
1534184357.1066308 637 556 604 686 584 688 -8088 -1150 1420 -254 -463 -508 -49 115 -15
1534184357.1698847 639 557 605 686 585 688 -8196 -1068 1372 -114 567 243 -47 116 -15
1534184357.2397501 639 557 604 687 585 688 -8150 -748 1040 293 136 -168 -49 116 -13
1534184357.316666 639 558 605 687 586 688 -8046 -1016 1340 227 158 4 -48 114 -12
1534184357.3725984 639 558 605 687 586 688 -8060 -818 1146 1 546 247 -49 117 -14
1534184357.4507067 639 558 604 687 586 688 -8090 -888 1204 152 84 -14 -47 118 -13
1534184357.5131915 640 559 605 687 586 688 -8052 -928 1130 142 275 86 -49 115 -13
1534184357.5873618 640 559 605 687 587 688 -8094 -902 1154 159 215 60 -48 114 -13
1534184357.6536448 640 559 605 687 587 689 -8126 -858 1088 297 68 -51 -49 115 -13
1534184357.7237728 640 559 605 687 587 688 -8086 -916 1102 192 228 20 -50 116 -12
1534184357.7857282 640 559 605 687 587 688 -8086 -876 1148 223 35 -73 -47 116 -11
1534184357.8600745 641 559 605 688 587 689 -8110 -918 1138 196 103 33 -48 114 -14
1534184357.9190195 641 560 605 687 587 688 -8120 -922 1164 258 148 4 -48 116 -14
1534184357.981504 641 560 605 687 588 688 -8122 -912 1122 109 88 -9 -49 115 -13
1534184358.0596118 641 560 605 687 588 688 -8104 -878 1052 273 237 72 -47 115 -12
1534184358.1220987 641 560 605 687 588 688 -8084 -948 1212 167 69 38 -49 116 -13
1534184358.184604 641 560 605 687 588 688 -8102 -918 1062 197 209 48 -47 115 -12
1534184358.2549367 641 560 605 687 588 688 -8106 -928 1130 189 200 63 -47 116 -15
1534184358.3332982 641 560 605 687 588 689 -8100 -886 1010 263 215 51 -47 116 -13
1534184358.3879259 641 560 605 688 587 689 -8098 -956 1138 180 87 19 -48 115 -13
1534184358.4659462 642 561 605 688 588 689 -8110 -882 1110 204 176 36 -49 115 -14
1534184358.5285454 641 561 605 687 588 688 -8140 -908 1062 226 -47 12 -49 117 -13
1534184358.6050367 642 560 605 688 588 688 -8088 -930 1160 140 283 48 -47 114 -14
1534184358.67312 642 561 605 688 588 689 -8104 -914 1128 179 218 76 -47 115 -15
1534184358.7386458 641 561 605 688 589 689 -8078 -896 1082 202 65 -26 -46 115 -13
1534184358.8011312 642 561 605 688 588 689 -8108 -904 1128 208 324 128 -48 117 -13
1534184358.872952 641 561 605 688 588 689 -8114 -966 1154 165 256 87 -47 115 -14
1534184358.93547 642 561 605 687 589 688 -8130 -872 1090 248 224 36 -47 116 -14
1534184359.0135436 642 561 605 688 588 689 -8112 -902 1116 174 245 91 -47 117 -14
1534184359.0829234 642 561 605 688 588 688 -8136 -870 1094 211 190 59 -49 116 -15
1534184359.1371963 642 561 605 688 589 689 -8108 -970 1166 215 80 -24 -47 116 -14
1534184359.2186844 642 561 605 688 589 688 -8136 -842 984 301 118 -21 -47 115 -12
1534184359.2849689 642 561 605 688 589 689 -8118 -944 1124 203 135 17 -46 117 -13
1534184359.3555224 642 561 605 688 589 688 -8116 -916 1018 236 81 -26 -46 116 -12
1534184359.4180083 642 561 605 688 589 689 -8136 -912 1150 274 134 10 -48 115 -12
1534184359.480749 642 561 605 688 589 688 -8096 -922 1066 251 225 25 -47 116 -14
1534184359.5586002 642 561 605 688 589 689 -8130 -862 1012 195 152 69 -48 117 -15
1534184359.6227927 642 561 605 687 589 688 -8122 -926 1122 264 93 7 -48 116 -13
1534184359.6933134 642 561 605 688 589 688 -8108 -944 1050 254 154 -3 -47 117 -14
1534184359.7548842 642 562 605 688 589 688 -8104 -950 1106 145 152 82 -47 116 -14
1534184359.8278458 642 562 605 688 589 688 -8110 -850 990 243 147 23 -46 116 -13
1534184359.8884904 642 561 605 688 589 689 -8064 -930 1066 300 60 14 -48 114 -15
1534184359.9509773 642 561 605 687 589 689 -8118 -910 1002 222 137 4 -48 115 -14
1534184360.029084 643 561 606 688 589 688 -8082 -942 1102 302 102 -28 -46 116 -13
1534184360.0994747 642 561 605 688 589 689 -8148 -892 1080 223 171 46 -48 115 -13
1534184360.1523962 642 561 605 688 589 689 -8108 -962 1106 241 165 56 -47 115 -13
1534184360.2382967 640 560 605 687 587 688 -8240 -978 758 -741 -676 -2323 -48 116 -13
1534184360.312197 636 556 603 685 581 687 -8190 -1026 1078 -280 69 -1583 -47 116 -12
1534184360.3786006 632 550 602 684 577 686 -8126 -710 1058 37 859 882 -48 115 -13
1534184360.44127 631 549 602 683 575 686 -8192 -814 722 600 492 2688 -46 116 -14
1534184360.5192096 630 548 602 683 574 685 -8136 -1184 998 1020 -350 2594 -47 114 -14
1534184360.5892715 629 547 602 683 574 685 -8162 -380 762 614 -283 49 -49 114 -16
1534184360.6545615 629 546 601 682 573 685 -7928 -2172 792 -700 -203 367 -51 114 -16
1534184360.7396212 629 547 601 682 573 685 -8214 -352 958 1012 -720 43 -48 112 -15
1534184360.7864852 629 547 601 683 574 685 -8196 -694 1134 21 1434 1261 -49 113 -14
1534184360.8715856 631 548 602 684 575 685 -8314 -566 1238 333 -252 -844 -51 113 -14
1534184360.934164 632 550 603 684 577 687 -8072 -1456 844 1328 -4100 -4694 -51 113 -16
1534184361.0123215 635 553 603 685 580 687 -8030 -534 1060 26 1614 657 -50 116 -13
1534184361.0852206 636 555 604 686 581 687 -8202 -178 574 -407 417 -313 -51 114 -14
1534184361.1534324 637 556 604 686 583 688 -8138 -1102 1140 -92 -315 -702 -49 117 -13
1534184361.2220783 637 557 605 687 584 688 -8172 -1016 1090 5 506 136 -49 116 -15
1534184361.2846248 638 557 605 687 585 688 -8152 -768 1060 243 100 -116 -48 117 -17
1534184361.366821 639 557 604 687 585 688 -8062 -1016 1042 -65 142 -143 -46 117 -15
1534184361.4199321 639 558 604 687 586 688 -8106 -814 1026 212 186 61 -49 115 -13
1534184361.4980392 639 558 604 687 586 688 -8140 -922 1008 192 121 -43 -50 117 -13
1534184361.573029 639 558 604 687 586 688 -8120 -892 1104 189 208 -26 -48 116 -14
1534184361.6376138 640 559 605 687 586 689 -8116 -890 1024 218 121 -7 -49 117 -13
1534184361.710205 640 559 605 687 587 688 -8114 -918 1078 151 141 -32 -46 115 -14
1534184361.7696755 640 559 605 687 587 689 -8142 -910 990 241 137 63 -49 115 -13
1534184361.8456018 640 559 605 687 587 688 -8116 -902 1028 172 133 11 -49 116 -15
1534184361.9039001 640 559 605 687 587 688 -8122 -976 1050 266 137 10 -49 116 -14
1534184361.9821875 641 559 605 687 587 688 -8104 -934 1082 238 59 -33 -47 114 -13
1534184362.0445447 640 560 605 687 587 689 -8120 -936 1064 257 200 67 -48 116 -14
1534184362.1229367 641 560 604 687 588 688 -8146 -956 1104 251 102 21 -48 116 -12
1534184362.185851 640 560 605 687 588 688 -8132 -912 1036 251 148 55 -48 116 -13
1534184362.2395587 641 560 605 687 588 689 -8140 -960 1018 251 117 3 -47 115 -15
1534184362.3176634 641 560 605 687 588 688 -8092 -908 1060 255 120 16 -48 116 -14
1534184362.3881795 641 560 605 687 588 688 -8130 -956 982 249 180 23 -49 113 -13
1534184362.4525065 641 561 605 688 588 689 -8094 -946 1070 204 146 71 -49 114 -15
1534184362.5149915 641 560 605 688 588 688 -8086 -952 948 236 194 103 -46 116 -15
1534184362.594153 641 561 605 687 588 689 -8108 -922 1076 294 236 104 -45 115 -15
1534184362.6534073 641 561 605 688 588 689 -8150 -794 972 323 74 -9 -46 116 -15
1534184362.7304018 642 560 605 688 588 689 -8114 -988 1022 266 -118 -196 -49 117 -13
1534184362.7864954 641 561 605 687 588 688 -8108 -908 1040 169 367 93 -49 114 -16
1534184362.8566375 641 561 605 687 588 689 -8098 -984 982 153 59 -132 -47 116 -13
1534184362.934742 642 561 605 687 588 688 -8096 -976 1110 118 307 121 -47 116 -12
1534184362.9974003 642 561 605 688 588 689 -8108 -926 1002 220 103 17 -49 116 -14
1534184363.07316 642 561 605 688 588 689 -8104 -926 1048 173 327 157 -49 115 -15
1534184363.1377385 642 561 605 688 588 689 -8142 -966 1016 175 116 52 -48 116 -14
1534184363.208708 642 561 605 688 589 689 -8100 -880 980 175 201 97 -48 116 -13
1534184363.2694156 642 561 605 688 589 688 -8068 -952 1128 138 129 32 -48 115 -13
1534184363.3394976 642 561 605 688 588 689 -8100 -928 998 306 107 -47 -47 115 -14
1534184363.4019804 641 561 605 687 588 688 -8102 -938 1066 221 248 116 -47 116 -13
1534184363.480089 641 561 605 688 588 688 -8106 -984 1022 279 74 -70 -49 116 -13
1534184363.5426002 642 561 605 688 589 689 -8126 -930 994 198 149 48 -48 117 -12
1534184363.605059 642 561 605 688 589 689 -8104 -922 1014 248 5 -48 -46 116 -14
1534184363.6831665 642 561 605 688 588 688 -8120 -942 1098 171 221 77 -48 116 -13
1534184363.7521691 642 561 605 687 589 688 -8120 -952 970 275 -51 -93 -46 116 -14
1534184363.821666 642 561 605 687 589 688 -8124 -958 1020 178 134 -29 -48 114 -15
1534184363.8869078 642 561 605 688 589 689 -8106 -844 966 156 314 4 -48 116 -15
1534184363.9539967 642 561 605 688 589 688 -8122 -992 1084 253 66 62 -49 115 -13
1534184364.0181916 642 561 605 688 589 688 -8114 -926 956 205 134 29 -46 114 -15
1534184364.088924 642 561 605 687 589 688 -8108 -972 1016 275 21 -84 -49 116 -12
1534184364.151409 642 561 605 687 589 688 -8070 -936 950 372 152 3 -49 117 -13
1534184364.223941 642 561 605 687 589 688 -8120 -1030 1042 349 77 55 -48 114 -14
1534184364.2906508 642 561 605 688 589 688 -8062 -928 924 369 374 78 -48 117 -14
1534184364.3574724 642 561 605 688 589 689 -8148 -972 1116 224 95 99 -49 115 -14
1534184364.4225185 643 561 605 688 589 688 -8122 -896 976 243 73 40 -47 116 -14
1534184364.4863107 642 561 605 688 589 688 -8130 -914 1050 237 3 87 -46 115 -14
1534184364.5591915 642 562 605 688 589 689 -8094 -882 1016 325 21 -117 -47 114 -15
1534184364.6221933 642 562 605 688 589 689 -8092 -928 1166 187 359 39 -46 117 -15
1534184364.6846807 643 562 605 688 589 688 -8088 -948 1044 234 -23 56 -47 116 -12
1534184364.762787 642 562 605 687 589 688 -8098 -916 1048 172 301 37 -48 116 -14
1534184364.8510926 643 561 605 688 589 689 -8108 -1028 1036 128 118 90 -46 116 -14
1534184364.8869727 642 561 605 688 589 689 -8140 -958 1044 23 234 244 -47 118 -14
1534184364.9652302 643 561 605 687 589 689 -8132 -914 1024 154 124 196 -46 117 -14
1534184365.0274658 643 562 605 688 589 689 -8124 -888 1034 173 43 104 -48 116 -15
