1534184442.4209917 643 563 605 688 590 687 -2556 7486 2442 267 213 100 -71 -9 8
1534184442.4901452 643 563 605 687 590 687 -2592 7468 2438 445 138 156 -71 -9 9
1534184442.5524719 643 563 605 688 590 686 -2632 7526 2298 288 161 86 -74 -9 8
1534184442.6209397 643 563 605 688 590 687 -2604 7506 2380 264 155 86 -71 -7 10
1534184442.6834264 643 563 605 688 590 687 -2608 7492 2354 55 161 -158 -72 -8 9
1534184442.7459118 644 563 605 688 590 686 -2648 7528 2396 305 5 0 -71 -8 9
1534184442.8148546 643 563 605 688 590 687 -2616 7506 2366 223 145 -102 -71 -8 10
1534184442.8877113 643 563 605 688 590 687 -2610 7458 2382 213 153 20 -73 -10 9
1534184442.9500065 643 563 605 688 590 687 -2618 7512 2348 178 119 1 -71 -8 9
1534184443.0124915 644 563 605 688 590 687 -2614 7514 2380 196 39 -12 -73 -7 10
1534184443.126482 643 563 605 688 590 687 -2652 7472 2390 226 19 -70 -71 -9 9
1534184443.1711254 644 563 605 688 590 687 -2646 7486 2400 209 147 -44 -72 -6 8
1534184443.2492316 644 563 605 688 590 687 -2612 7522 2416 210 186 -15 -72 -7 8
1534184443.280473 644 563 605 688 590 687 -2620 7476 2316 310 82 165 -73 -7 11
1534184443.3534093 644 563 605 688 590 687 -2652 7468 2464 432 131 207 -72 -8 10
1534184443.4050963 643 563 605 688 590 687 -2628 7534 2292 339 57 24 -72 -7 10
1534184443.4832041 644 563 605 688 590 687 -2664 7486 2430 179 144 -10 -73 -8 10
1534184443.5456913 643 563 605 687 590 686 -2594 7522 2250 198 170 106 -71 -8 10
1534184443.6181357 644 563 605 688 590 687 -2636 7504 2496 279 57 -13 -71 -9 9
1534184443.6708348 643 563 605 688 590 687 -2652 7502 2390 131 154 -76 -71 -9 11
1534184443.7511399 643 563 605 688 590 687 -2612 7460 2358 189 94 -26 -72 -7 10
1534184443.8029869 643 563 605 687 590 686 -2666 7454 2470 272 65 45 -72 -8 10
1534184443.8807027 644 563 605 688 590 687 -2654 7444 2482 226 111 9 -73 -9 11
1534184443.9359064 643 563 605 688 590 687 -2596 7502 2376 393 159 128 -72 -8 9
1534184443.9983916 644 563 605 688 590 687 -2606 7510 2374 173 207 87 -73 -9 11
1534184444.0798347 643 563 605 688 590 687 -2648 7496 2430 289 312 184 -73 -8 13
1534184444.1382723 643 563 605 688 590 687 -2642 7476 2374 278 185 -17 -73 -8 9
1534184444.2119484 644 563 605 688 590 687 -2596 7512 2392 377 95 111 -72 -7 10
1534184444.2716365 644 563 605 688 590 687 -2628 7482 2360 224 122 75 -72 -9 10
1534184444.3428855 644 563 605 688 590 687 -2630 7468 2312 274 306 44 -71 -9 7
1534184444.4146929 644 563 605 688 590 687 -2628 7494 2304 270 216 -52 -73 -9 9
1534184444.4695663 643 563 605 688 590 687 -2638 7512 2322 271 168 -8 -72 -8 8
1534184444.5320516 643 563 605 688 590 687 -2628 7504 2348 278 126 -12 -70 -9 10
1534184444.6090086 643 563 605 688 590 686 -2662 7522 2346 253 -271 -248 -70 -9 9
1534184444.6702929 644 563 605 688 590 687 -2682 7556 2344 174 -459 -39 -74 -10 10
1534184444.7483976 644 563 605 688 590 687 -2580 7360 2428 -134 -897 -120 -72 -7 11
1534184444.8119354 644 563 605 688 590 687 -2718 7538 2344 28 210 299 -71 -10 9
1534184444.8853166 644 563 605 688 590 687 -2472 7340 2954 2111 -1595 1324 -71 -8 10
1534184444.9369256 644 563 605 688 590 687 -2554 7530 2416 568 408 175 -71 -9 9
1534184445.015022 644 563 605 688 590 686 -2590 7438 2300 338 864 19 -74 -9 7
1534184445.0938852 644 563 605 688 590 687 -2760 7688 2186 199 -589 -973 -74 -7 8
1534184445.1517313 644 562 605 688 589 687 -2734 7524 2236 -99 12 -264 -75 -11 7
1534184445.203155 644 563 605 688 589 687 -2528 7504 2386 523 367 365 -73 -8 9
1534184445.2812617 644 562 605 688 590 686 -2684 7442 2382 508 586 214 -73 -9 8
1534184445.3498855 644 563 605 688 590 686 -2668 7636 2144 661 156 139 -73 -7 7
1534184445.4047303 644 563 605 688 590 686 -2686 7484 2294 480 -877 -217 -75 -9 5
1534184445.4799907 643 563 605 688 590 687 -2654 7518 2328 428 -545 -129 -75 -11 7
1534184445.542477 644 563 605 688 590 687 -2618 7530 2254 231 -369 -247 -76 -11 5
1534184445.6215758 644 563 605 688 590 687 -2670 7498 2282 158 54 -154 -74 -8 4
1534184445.6854854 644 563 605 688 590 687 -2752 7490 2318 1242 572 588 -74 -10 5
1534184445.7479699 643 563 605 688 590 687 -2504 7600 2156 62 -86 -142 -76 -8 5
1534184445.8251264 644 563 605 688 590 687 -2748 7516 2264 -25 -118 -224 -74 -10 4
1534184445.8895118 644 563 605 688 590 688 -2606 7536 2288 239 98 61 -75 -9 5
1534184445.9526482 644 563 605 688 590 687 -2646 7546 2256 169 95 -30 -74 -8 4
1534184446.0149362 644 563 605 688 590 687 -2650 7526 2308 292 158 137 -76 -10 7
1534184446.0774372 644 563 605 688 590 688 -2616 7530 2286 278 204 66 -74 -10 4
1534184446.139907 643 563 605 688 590 687 -2662 7510 2178 446 45 123 -75 -10 4
1534184446.218015 644 563 605 688 590 687 -2690 7520 2232 185 126 -9 -76 -10 4
1534184446.2806566 643 562 605 688 590 687 -2616 7532 2226 160 205 -28 -75 -10 5
1534184446.3552966 644 563 605 688 590 687 -2990 8160 2320 234 1164 -262 -74 -10 7
1534184446.4209256 644 563 605 688 590 687 -2738 7510 2124 719 493 1684 -73 -10 4
1534184446.4834101 643 563 605 688 590 687 -2042 7616 2256 773 671 826 -76 -11 6
1534184446.5458953 643 563 605 688 590 687 -2834 7406 2456 -484 -148 814 -73 -13 7
1534184446.6222987 644 563 606 688 590 687 -1918 7692 2434 -974 -2155 1183 -73 -10 5
1534184446.70047 643 563 606 688 591 687 -1400 7934 2076 -2149 -1554 -466 -71 -13 4
1534184446.7628918 644 564 607 689 591 688 -1854 7650 2312 -1387 -1357 -444 -71 -18 4
1534184446.8467855 645 564 607 690 592 688 -2300 7562 2556 -284 -1965 3108 -69 -16 7
1534184446.9044077 644 564 607 690 592 688 -1900 7560 2568 2851 2564 868 -69 -19 8
1534184446.9825172 644 564 607 690 592 688 -2306 7644 2484 1882 852 -137 -69 -19 5
1534184447.0450027 644 564 607 689 591 688 -1416 7946 2080 -513 129 -2429 -69 -19 4
1534184447.1383364 644 563 606 688 590 688 -2672 7550 2682 -1511 -354 -3762 -70 -19 3
1534184447.1852374 644 564 606 688 591 687 -1448 7612 2408 1016 -889 -2735 -72 -16 4
1534184447.263489 643 564 606 688 590 687 -2402 7532 2394 -650 285 -2305 -71 -15 5
1534184447.3354962 644 563 606 688 590 687 -2786 7326 2816 24 207 -560 -73 -13 3
1534184447.4023156 644 563 606 688 590 687 -2584 7454 2530 695 247 173 -71 -12 5
1534184447.4674087 644 563 606 688 590 687 -2576 7486 2426 297 272 -223 -74 -11 7
1534184447.5298939 644 563 606 688 590 687 -2590 7440 2570 342 201 -26 -73 -10 5
1534184447.6044612 643 564 606 688 590 687 -2570 7432 2522 381 115 -91 -71 -10 5
1534184447.6687198 643 563 606 688 590 688 -2628 7442 2472 238 231 -75 -74 -12 3
1534184447.7312067 644 563 606 688 590 687 -2684 7478 2450 184 350 -187 -72 -8 4
1534184447.8109496 643 563 606 688 590 687 -2370 7552 2568 -218 306 550 -74 -12 5
1534184447.8774583 644 563 606 688 590 688 -2088 7284 2664 967 -7546 3969 -73 -11 7
1534184447.9346068 643 564 606 688 590 688 -1420 7394 2598 -156 -2959 -5419 -75 -13 7
1534184448.0127132 643 563 606 688 590 688 -2492 7390 2718 -520 -555 -233 -76 -14 4
1534184448.0872543 643 563 605 688 590 688 -2526 7298 2906 -157 -29 185 -75 -11 1
1534184448.155018 644 563 605 688 590 688 -2684 7266 2908 -65 364 393 -74 -14 4
1534184448.2175052 644 563 606 688 590 687 -2598 6960 3040 1141 -376 -196 -74 -12 5
1534184448.2958188 643 563 606 688 590 688 -2474 7460 2702 -482 1201 -1227 -74 -11 6
1534184448.3645122 644 563 606 688 590 688 -2764 7386 2698 529 1378 579 -74 -14 4
1534184448.4347565 643 563 605 688 590 688 -2644 7210 2998 -1274 -665 -2026 -74 -10 2
1534184448.5128622 644 563 606 688 589 688 -2986 7242 3002 -1600 -1287 -1178 -74 -9 5
1534184448.5768952 644 563 606 688 590 688 -2814 6822 3004 1289 280 -557 -74 -9 6
1534184448.6384413 644 563 606 688 590 688 -2880 7122 2988 2646 -626 -2077 -73 -9 6
1534184448.7167628 643 563 605 688 590 688 -3042 7202 2732 1863 -558 -1751 -76 -8 3
1534184448.7790346 644 563 606 688 590 687 -2738 6954 2800 1687 -1607 -1515 -78 -7 0
1534184448.8552146 644 563 606 688 590 687 -3126 7196 2666 749 278 -250 -78 -7 1
1534184448.9208345 644 563 605 688 590 688 -3148 7178 2736 236 1205 -445 -79 -6 0
1534184448.983502 644 563 605 688 590 688 -3424 7068 2716 914 -172 -656 -81 -5 1
1534184449.0458071 643 563 605 688 590 687 -3374 7132 2518 578 608 -627 -78 -2 -1
1534184449.1269498 644 563 606 688 590 688 -3426 7174 2500 221 27 -113 -79 -4 -2
1534184449.1857212 643 563 605 688 590 687 -3350 7178 2538 183 -483 -43 -82 -4 -3
1534184449.2482076 644 563 606 688 590 688 -3294 7174 2528 446 169 -68 -80 -2 0
1534184449.328297 643 563 606 688 590 687 -3302 7242 2506 280 320 125 -81 -3 -3
1534184449.395833 643 563 606 688 590 688 -3276 7190 2382 492 -967 854 -82 -2 -1
1534184449.4514606 644 563 605 688 590 688 -3320 7074 2522 1488 -197 -21 -83 -3 -2
1534184449.5294821 643 563 606 688 590 687 -3216 7140 2430 430 -714 313 -80 -6 -5
1534184449.602733 643 563 606 688 590 687 -3274 7220 2672 -384 570 1555 -82 -4 -4
1534184449.6687841 644 563 606 688 590 687 -3088 7286 2342 -1733 -1144 1517 -78 -6 -1
1534184449.7312682 644 563 607 688 590 688 -2794 7510 2700 263 -4180 5188 -78 -6 -2
1534184449.8115952 644 563 606 689 591 688 -3056 7292 2552 1020 2018 77 -78 -10 -3
1534184449.8879993 644 563 607 689 591 688 -3228 6988 3216 1526 -869 2306 -79 -11 -4
1534184449.950484 644 564 607 690 592 688 -2776 7276 3068 -106 -1057 1624 -79 -12 -3
1534184450.0285926 645 564 608 690 592 688 -2690 7094 3728 1844 2083 -115 -77 -13 -2
1534184450.0969532 644 564 608 690 592 688 -2794 7252 2720 -90 201 456 -77 -14 -3
1534184450.1559057 644 564 607 690 592 688 -1872 7854 2112 2432 -1522 2727 -76 -15 -5
1534184450.234013 644 564 607 689 591 688 -1926 7908 1858 -6222 742 -7238 -75 -15 -8
1534184450.3121908 644 563 607 689 591 687 -3800 6258 4650 3098 -983 1445 -77 -15 -6
1534184450.3862808 644 563 607 689 590 687 -2938 7786 2770 -136 -2328 -1087 -79 -12 -2
1534184450.451857 644 563 607 688 591 688 -2052 6746 2726 -2587 -3551 -2691 -80 -10 -2
1534184450.530095 644 563 606 688 590 687 -2960 6898 3434 969 1734 -1014 -80 -10 -2
1534184450.6139007 644 563 606 688 591 687 -3374 7204 3234 1781 1073 -711 -79 -10 -1
1534184450.668983 644 563 606 688 590 688 -3038 7190 2862 1196 296 -264 -79 -8 -2
1534184450.7314675 644 563 606 688 590 687 -3108 7104 2926 247 250 -195 -81 -9 -3
1534184450.8074117 644 564 607 688 591 687 -3148 7036 2986 415 247 -88 -80 -6 -4
1534184450.8756895 644 563 606 688 590 688 -3136 7098 2962 561 410 -117 -81 -5 -4
1534184450.9356 644 563 606 688 590 688 -3184 7074 2820 226 239 -111 -82 -6 -3
1534184450.9982603 644 563 606 688 590 687 -3206 7060 2896 269 266 -120 -80 -5 -4
1534184451.0761933 644 563 606 688 590 687 -3214 7128 2870 424 249 -60 -80 -7 -3
1534184451.1452599 644 563 606 688 590 687 -3150 7076 2910 206 303 -48 -80 -3 -3
1534184451.2019684 644 563 606 688 590 687 -3194 7068 2830 299 190 -57 -80 -6 -3
1534184451.2800748 644 563 605 688 590 687 -3224 7064 2900 81 89 18 -80 -6 -4
1534184451.3429847 644 563 606 688 590 687 -3194 7106 2922 173 187 -84 -81 -3 -5
1534184451.4038842 643 563 606 688 590 687 -3248 7066 2884 260 90 13 -81 -4 -4
1534184451.466371 643 563 606 688 590 688 -3188 7096 2832 264 167 10 -81 -6 -2
1534184451.5288563 644 563 607 688 590 688 -3238 7062 2884 173 187 -101 -82 -5 -4
1534184451.608372 644 563 606 688 590 687 -3236 7090 2814 328 136 38 -84 -6 -5
1534184451.6705973 644 563 607 688 590 687 -3244 7090 2824 68 87 -59 -81 -7 -4
1534184451.732886 643 563 606 688 590 688 -3216 7070 2868 243 149 -53 -80 -4 -2
1534184451.7955906 643 563 607 688 590 687 -3216 7056 2918 165 138 -1 -82 -6 -4
1534184451.8710976 643 563 607 688 590 688 -3216 7046 2900 354 118 76 -80 -6 -4
1534184451.9335835 644 564 606 688 590 687 -3254 7046 2860 204 196 29 -81 -6 -5
1534184451.9960687 644 563 606 688 590 687 -3198 7102 2918 289 202 115 -82 -5 -4
1534184452.058555 643 563 606 688 590 687 -3256 7096 2834 266 175 51 -83 -5 -5
1534184452.1375546 644 563 606 688 590 687 -3272 7056 2844 179 226 51 -81 -5 -2
1534184452.2007658 644 563 606 688 590 687 -3268 7046 2918 299 101 122 -81 -4 -4
1534184452.2632523 644 563 606 688 590 687 -3186 7068 2900 258 14 -74 -81 -5 -3
1534184452.3352246 643 563 607 688 590 687 -3268 7044 2802 197 2 -72 -81 -5 -6
1534184452.4010496 644 563 606 688 590 687 -3258 7044 2940 272 122 47 -82 -5 -3
1534184452.4676318 644 563 606 688 590 687 -3272 7052 2860 398 195 85 -84 -4 -6
1534184452.530119 643 563 606 688 590 687 -3234 7082 2900 177 160 112 -80 -6 -4
1534184452.6079633 643 563 606 688 590 687 -3240 7056 2888 267 130 9 -84 -6 -4
1534184452.6529672 644 563 606 688 590 687 -3266 7058 2846 330 200 30 -82 -3 -3
1534184452.731058 644 563 607 688 590 687 -2960 6890 2486 -310 -113 -565 -81 -3 -2
1534184452.8030381 643 563 606 688 590 687 -3190 7030 2904 -120 825 -61 -79 -4 -4
1534184452.8719223 644 563 606 688 590 687 -3206 7078 2730 -510 1340 1734 -83 -2 -3
1534184452.934553 644 563 606 688 590 687 -3192 7024 2736 -838 1670 1012 -80 -6 -4
1534184453.0125146 643 563 606 688 590 687 -3154 6948 3128 -128 1354 285 -80 -7 -2
1534184453.0751965 643 563 607 689 591 687 -3382 6900 3292 515 881 2884 -78 -7 0
1534184453.150082 644 564 607 689 592 688 -3014 7098 3230 1614 -1346 3630 -80 -7 1
1534184453.2174711 644 564 607 690 592 688 -2598 7388 3072 1400 650 1843 -77 -10 -2
1534184453.279957 644 564 607 690 592 688 -2698 7352 2848 -13 82 211 -76 -12 -1
1534184453.3590434 644 564 608 690 592 688 -2684 7268 2680 1793 -502 1529 -78 -12 -1
1534184453.420111 644 564 608 690 592 688 -3300 7126 3534 5047 -1285 4419 -76 -12 -3
1534184453.4982145 644 564 607 690 591 688 -1364 8156 1696 -2089 -336 -5598 -79 -13 -5
1534184453.5607004 644 564 607 689 591 688 -5152 5770 4916 1641 -3821 427 -78 -16 -9
1534184453.6462207 644 563 607 688 591 687 -2888 8194 2358 2726 1109 121 -76 -10 -3
1534184453.718449 644 563 607 688 591 687 -3090 7144 2790 -1886 -123 -1861 -82 -6 -5
1534184453.780775 643 563 607 688 591 687 -3448 6758 3378 -480 -139 -547 -80 -7 -4
1534184453.855585 644 563 607 688 590 688 -3348 6988 3022 254 833 316 -82 -4 -1
1534184453.9200363 644 563 607 688 590 687 -3226 7036 2948 -397 540 -186 -79 -3 0
1534184453.9823449 644 563 607 688 590 688 -3322 6880 3294 205 257 -275 -78 -3 -2
1534184454.044886 644 564 607 689 590 687 -3318 6870 3234 884 419 -229 -79 -4 -2
1534184454.124985 643 564 607 688 590 687 -3124 6978 3080 663 89 -151 -79 -5 1
1534184454.1854894 644 563 607 688 590 687 -3292 6918 3152 1408 236 -265 -82 -2 -3
1534184454.248001 644 563 607 688 590 687 -3590 7002 2800 2449 664 -534 -83 -4 0
1534184454.3315814 644 563 607 688 590 687 -3390 7056 2696 1713 -79 -690 -82 -2 -4
1534184454.4013946 644 563 607 688 590 687 -3912 6838 2302 1030 495 -214 -83 -1 -4
1534184454.4672513 644 563 606 688 590 687 -3340 7148 2638 -510 -568 79 -83 -1 -6
1534184454.5297396 644 564 607 689 590 687 -3590 6928 2818 -247 -105 -85 -82 1 -6
1534184454.6021724 644 563 607 689 590 687 -3462 7030 2774 239 79 95 -84 -3 -5
1534184454.6686323 644 563 606 688 590 687 -3456 7018 2744 75 133 103 -82 -1 -6
1534184454.7312908 644 563 607 688 590 686 -3496 6990 2758 218 60 13 -83 -2 -4
1534184454.795391 643 563 606 688 590 687 -3450 6988 2684 298 135 73 -84 -2 -6
1534184454.864848 644 563 607 689 590 687 -3498 7000 2702 218 216 15 -84 -1 -5
1534184454.9205823 643 563 607 688 590 687 -3498 7070 2668 351 125 103 -84 -1 -4
1534184454.98331 644 563 606 688 590 686 -3450 7012 2780 179 58 24 -83 0 -6
1534184455.0611742 643 563 606 688 590 687 -3492 7018 2694 352 118 -41 -81 0 -5
1534184455.1279988 644 563 607 688 590 687 -3532 7000 2674 217 74 -21 -83 -1 -4
1534184455.1875646 643 563 607 688 590 687 -3514 7020 2778 220 147 67 -82 1 -5
1534184455.254894 643 563 607 688 590 687 -3486 7028 2694 201 68 19 -83 0 -4
1534184455.328186 644 563 607 688 590 687 -3524 7026 2752 132 110 -55 -84 -2 -4
1534184455.3884678 644 563 607 688 590 687 -3462 7060 2742 267 152 27 -83 -1 -6
1534184455.4511225 644 563 607 688 590 687 -3492 7034 2718 153 77 -13 -82 -1 -5
1534184455.5134406 644 563 607 688 590 687 -3502 6990 2814 224 174 23 -84 0 -6
1534184455.5759227 644 563 606 688 590 688 -3490 7046 2698 222 167 -36 -84 0 -6
1534184455.6548321 644 563 607 688 590 687 -3494 6992 2834 186 204 -196 -87 -1 -4
1534184455.7173178 644 563 606 688 590 687 -3740 7022 2632 -122 130 -119 -83 1 -8
1534184455.7798026 644 563 606 688 590 688 -3496 7042 2716 123 430 404 -85 -4 -5
1534184455.8591483 643 563 606 688 590 687 -3462 7108 2600 -477 1087 464 -82 -1 -5
1534184455.9204426 644 563 607 688 590 687 -3350 7142 2794 -395 1030 699 -84 -2 -4
1534184455.9985483 644 563 606 689 590 686 -3454 7024 3170 69 -402 497 -83 -4 -4
1534184456.061232 644 563 607 688 591 687 -3070 7264 2672 -1096 2118 345 -81 -2 -2
1534184456.135398 644 564 607 689 591 687 -3494 7022 2574 -1175 -310 397 -82 -3 -4
1534184456.2024496 644 564 607 689 591 688 -3024 7268 2338 -575 219 178 -78 -3 -2
1534184456.2652063 644 564 607 689 592 687 -2912 7270 2594 -184 -664 737 -81 -6 -1
1534184456.3431714 644 564 607 690 592 688 -3338 7016 2760 192 -376 -1082 -79 -7 -2
1534184456.4048457 644 564 608 690 592 688 -3356 7016 3084 -461 -295 -775 -80 -5 -2
1534184456.4673278 644 564 608 690 592 688 -3282 7124 2694 1234 340 446 -79 -5 -2
1534184456.545435 644 564 607 689 591 688 -3542 6910 3138 994 245 289 -81 -6 0
1534184456.6152887 644 563 607 689 591 688 -3320 7134 2778 -467 846 -3097 -80 -2 -2
1534184456.6885471 644 563 607 688 591 687 -3468 6714 2930 1526 -699 -2312 -80 -6 -1
1534184456.7510524 644 563 607 688 591 687 -3150 7220 2372 1519 0 557 -80 -3 0
1534184456.8135176 644 563 607 688 591 688 -3616 6904 2698 -564 -229 -897 -82 0 -2
1534184456.8899143 644 563 606 688 590 688 -3636 6862 2926 307 -276 -341 -83 -1 -4
1534184456.9523737 643 563 607 688 590 688 -3642 6964 2698 386 465 -335 -84 1 -2
1534184457.0148609 644 564 607 688 590 688 -3704 6892 2726 297 80 -213 -83 1 -4
1534184457.0773659 644 563 607 688 590 688 -3658 6878 2766 270 128 -131 -83 1 -2
1534184457.1551452 644 563 607 688 590 687 -3722 6888 2742 266 143 -126 -82 2 -4
1534184457.2179017 644 563 607 688 590 687 -3696 6912 2734 336 211 29 -83 1 -2
1534184457.2801166 644 563 607 688 590 688 -3702 6906 2758 248 130 -84 -83 2 -6
1534184457.3588452 643 563 607 688 590 687 -3712 6870 2658 260 120 50 -83 2 -3
1534184457.4061797 644 563 607 688 590 687 -3686 6882 2792 219 109 9 -84 0 -5
1534184457.4742436 644 563 607 688 590 687 -3696 6926 2704 209 90 -36 -85 0 -3
1534184457.5365903 644 563 606 688 590 688 -3706 6890 2834 252 216 43 -82 1 -3
1534184457.6140795 643 563 607 688 590 687 -3698 6886 2684 220 173 19 -83 2 -4
1534184457.669354 644 563 606 688 590 687 -3726 6854 2746 274 335 59 -83 2 -3
1534184457.732027 644 563 606 688 590 688 -3730 6912 2766 268 306 -3 -84 2 -3
1534184457.8084064 644 563 607 688 590 687 -3744 6882 2660 177 203 -50 -83 1 -4
1534184457.872193 643 563 607 688 590 687 -3746 6886 2692 316 214 7 -82 2 -4
1534184457.9346797 644 563 607 688 590 688 -3730 6860 2742 294 227 48 -85 1 -3
1534184457.997165 644 563 606 688 590 687 -3758 6900 2722 272 301 -6 -83 1 -2
1534184458.059827 644 563 606 688 590 688 -3774 6906 2662 308 245 69 -85 2 -2
1534184458.133153 644 563 606 688 590 687 -3752 6872 2750 225 216 -1 -83 1 -2
1534184458.1880014 643 563 606 688 590 687 -3702 6874 2728 283 240 37 -84 2 -1
1534184458.2507408 644 563 606 688 590 687 -3726 6924 2646 265 140 -57 -84 2 -3
1534184458.328594 643 564 607 688 590 687 -3796 6902 2640 308 151 79 -82 2 -2
1534184458.3879778 643 563 606 688 590 687 -3798 6886 2728 121 290 115 -83 3 -3
1534184458.450465 643 563 607 688 590 687 -3732 6902 2710 220 179 13 -84 2 -4
1534184458.5129502 643 563 606 688 590 687 -3748 6878 2728 238 98 14 -85 3 -2
1534184458.5754359 644 563 606 688 590 688 -3780 6902 2648 348 100 -4 -83 3 -4
1534184458.6624885 643 563 607 688 590 688 -3788 6850 2650 108 147 -63 -83 2 -3
1534184458.7046988 643 563 607 688 590 687 -3754 6842 2746 332 105 39 -83 1 -2
1534184458.7828062 644 563 606 688 590 687 -3750 6904 2624 111 109 7 -82 3 -4
1534184458.8501916 644 563 607 688 590 687 -3800 6900 2760 281 153 134 -81 2 -4
1534184458.9030197 643 563 607 688 590 687 -3164 6716 2358 -674 -439 -38 -83 5 -5
1534184458.9811263 643 563 606 688 590 687 -3786 6800 2700 348 950 -50 -84 2 -4
1534184459.0436122 643 563 607 688 590 687 -3608 6986 2518 -2300 1266 931 -83 3 -3
1534184459.122556 644 563 607 688 590 687 -3352 7096 2802 -1606 -576 661 -81 1 -2
1534184459.1861427 644 563 607 688 591 688 -3442 6926 3038 -1580 341 1224 -82 -1 0
1534184459.2487438 644 564 607 690 591 688 -3008 7336 2576 -1918 24 318 -80 -2 -2
1534184459.331189 644 564 608 690 592 688 -3366 7120 2392 -1038 -270 876 -81 -2 0
1534184459.3872483 645 564 608 690 592 688 -3338 6808 2968 -269 -257 188 -78 -4 2
1534184459.449734 644 564 608 690 592 688 -3592 6798 3086 296 700 52 -78 -7 3
1534184459.5278459 644 564 608 690 592 688 -3024 7038 3138 1370 -329 417 -77 -4 3
1534184459.5976534 644 564 607 690 592 688 -3170 7032 3274 1329 -983 -20 -79 -7 0
1534184459.6556146 644 563 607 689 591 688 -3078 7114 2718 -1080 -73 -2946 -80 -5 -2
1534184459.7338479 643 563 607 689 591 687 -3136 7032 3358 1156 0 -2045 -78 -4 0
1534184459.7962084 643 563 607 688 591 688 -2624 7454 2466 166 391 -4229 -80 -5 0
1534184459.871889 644 563 607 688 590 687 -3574 6856 2924 -894 -240 -1764 -82 -2 -1
1534184459.9343722 644 563 607 688 590 688 -3856 6586 3320 283 221 -417 -81 0 -1
1534184459.9968576 644 563 607 689 590 688 -3618 6872 2858 709 332 -18 -83 3 -1
1534184460.059344 644 563 607 688 591 688 -3728 6770 2974 54 313 -244 -82 1 0
1534184460.137362 644 563 606 688 590 688 -3808 6724 2986 301 356 34 -82 2 -1
1534184460.199845 644 563 606 688 590 687 -3736 6802 2950 298 379 -4 -83 3 0
1534184460.2625055 643 563 607 688 590 687 -3806 6810 2960 307 415 -54 -83 2 -1
1534184460.3250167 643 563 606 688 590 687 -3812 6788 2924 266 351 39 -81 3 -2
1534184460.3891168 644 563 606 688 590 688 -3758 6780 2876 190 220 -150 -82 2 -2
1534184460.4515998 644 563 606 688 590 688 -3808 6778 2996 340 267 52 -82 2 -1
1534184460.529806 644 563 606 688 590 687 -3820 6778 2846 152 119 -73 -83 1 2
1534184460.5921922 644 563 606 688 590 688 -3794 6782 2990 361 166 94 -84 2 -1
1534184460.673617 643 563 606 688 590 687 -3792 6768 2924 206 152 -1 -82 2 -2
1534184460.7194476 643 563 607 688 590 688 -3854 6766 3024 173 266 -53 -83 3 1
1534184460.7819335 643 563 607 688 590 688 -3774 6762 2840 367 74 31 -81 4 0
1534184460.8513274 643 563 606 688 590 687 -3872 6736 2900 376 85 46 -82 3 -1
1534184460.9043596 643 563 606 688 590 687 -3804 6796 2862 420 180 61 -83 2 -2
1534184460.9669516 644 563 607 688 590 687 -3808 6744 2874 168 222 10 -82 4 -2
1534184461.044954 643 563 606 688 590 687 -3800 6784 2902 399 178 67 -83 3 -1
1534184461.11123 644 563 606 688 590 687 -3832 6728 2842 195 215 11 -84 2 -1
1534184461.1708996 643 563 607 688 590 687 -3838 6790 2920 285 208 58 -82 2 1
1534184461.2333865 644 563 607 688 590 688 -3822 6746 2910 230 79 -48 -85 2 -3
1534184461.3114913 644 563 606 688 590 688 -3828 6740 2976 310 207 126 -83 2 -1
1534184461.3710895 644 563 607 688 590 687 -3824 6774 2888 161 138 13 -82 2 -1
1534184461.435516 644 563 606 688 590 687 -3880 6768 2854 214 138 22 -84 3 -2
1534184461.4980004 644 563 606 688 590 687 -3814 6800 2850 284 165 35 -83 3 -2
1534184461.5605555 644 563 606 688 590 687 -3832 6766 2858 234 54 -27 -82 1 1
1534184461.6313698 643 563 606 688 590 687 -3820 6732 2830 387 140 135 -83 4 -1
1534184461.6853511 643 563 607 688 590 687 -3852 6754 2896 248 162 48 -82 5 -1
1534184461.7478364 644 563 606 688 590 687 -3874 6756 2892 311 176 27 -82 3 -2
1534184461.8241506 643 563 606 688 590 687 -3826 6778 2846 159 177 58 -82 3 -1
1534184461.8875177 644 563 607 688 590 688 -3826 6746 2912 381 145 146 -83 4 0
1534184461.9653473 644 563 607 688 590 688 -2708 6186 1804 -969 -971 -1171 -83 6 0
1534184462.0122118 644 563 606 688 590 687 -3760 6498 3042 502 566 1274 -83 4 -1
1534184462.09215 644 563 606 688 590 687 -3760 6786 2546 195 250 1174 -81 1 0
1534184462.15393 644 563 607 689 590 688 -3448 6970 3048 -648 1568 780 -83 2 -1
1534184462.2164164 644 563 607 689 591 687 -3612 6996 2506 -179 -727 1162 -80 1 0
1534184462.294524 644 564 607 689 591 688 -3654 6854 2940 -68 -3613 1802 -81 -1 -1
1534184462.3704314 644 564 607 690 592 688 -3686 6730 3080 -1915 -85 -1262 -80 -4 -1
1534184462.436905 644 564 608 690 591 688 -3368 6784 3242 1021 -799 838 -80 -5 1
1534184462.499239 644 564 607 690 592 688 -3272 6808 3068 134 181 423 -80 -1 0
1534184462.5617127 644 564 607 690 592 688 -3182 7014 3176 -21 807 -235 -78 -4 0
1534184462.6510592 644 564 607 690 591 688 -3334 7038 3188 1130 866 443 -78 -4 1
1534184462.7020245 644 563 607 689 591 688 -3208 7084 2790 -340 702 -2627 -80 -5 -2
1534184462.7644796 644 563 607 688 591 688 -3692 6704 3574 1206 90 -3058 -80 -4 -4
1534184462.845908 644 563 607 688 590 687 -3586 7440 2404 3944 2169 717 -81 -1 0
1534184462.9039862 644 563 607 688 590 687 -3610 6968 2682 -1503 -725 -1854 -83 0 -3
1534184462.9821298 644 563 607 689 590 687 -3932 6566 3148 -98 -298 -629 -82 3 -4
1534184463.0445778 644 563 607 688 590 688 -3736 6778 3036 411 160 255 -82 4 0
1534184463.1157115 644 563 607 688 590 687 -3790 6730 3022 42 174 -145 -83 3 -1
1534184463.17202 644 563 607 688 590 687 -3810 6728 2978 734 311 231 -83 4 -3
1534184463.2345047 644 563 607 688 590 687 -3742 6840 2838 441 288 -11 -82 3 -1
1534184463.3126106 644 563 607 688 590 687 -3792 6716 2934 190 192 -132 -81 4 0
1534184463.380069 643 563 607 688 590 687 -3892 6780 2908 420 421 -42 -85 1 -4
1534184463.4367764 644 563 607 688 590 687 -3818 6760 2946 150 279 -125 -83 4 -2
1534184463.4990761 644 563 606 688 590 687 -3904 6720 2898 348 147 -23 -83 2 1
1534184463.578631 644 563 606 688 590 687 -3864 6740 2934 270 269 -26 -82 2 -1
1534184463.6390963 644 563 607 688 590 687 -3824 6772 2908 230 175 -14 -84 4 1
1534184463.701608 644 563 607 688 590 688 -3894 6734 2884 296 173 33 -84 3 -2
1534184463.7640676 644 563 606 688 590 687 -3850 6722 2854 34 181 -60 -83 4 -4
1534184463.8382852 643 563 607 688 590 688 -3920 6742 2928 -54 38 -72 -84 2 -1
1534184463.8898284 644 563 607 688 590 687 -3766 6730 3154 464 45 -119 -82 5 -2
1534184463.9679368 644 563 607 688 590 687 -3986 6722 2782 491 254 -1 -84 5 0
1534184464.0305078 643 563 606 688 590 687 -3808 6734 2932 234 320 19 -83 4 -2
1534184464.0929077 643 563 606 688 590 687 -3890 6720 2874 530 282 161 -83 6 0
1534184464.1553915 644 563 606 688 590 687 -3932 6750 2798 19 217 34 -82 5 0
1534184464.2178783 644 564 606 688 590 688 -3830 6778 3030 276 108 132 -85 4 -2
1534184464.2803636 644 563 607 688 590 688 -3874 6786 2848 238 68 -14 -86 5 0
1534184464.3557973 643 563 606 688 590 688 -3874 6762 2928 304 79 -49 -84 4 -2
1534184464.404593 643 563 606 688 590 688 -3902 6712 2824 289 90 13 -83 2 -4
1534184464.4827204 644 563 606 688 590 687 -3906 6734 2916 69 125 -28 -83 5 -3
1534184464.5452955 644 563 606 688 590 687 -3856 6768 2898 193 119 105 -85 4 -2
1534184464.60767 644 563 607 688 590 687 -3832 6742 2948 269 80 50 -83 4 -3
1534184464.6786113 644 563 606 688 590 687 -3840 6782 2850 575 140 41 -82 2 -1
1534184464.7355587 643 563 606 688 590 688 -3918 6726 2900 95 163 -106 -82 6 -2
1534184464.7983031 643 563 606 688 590 687 -3862 6702 2900 391 242 224 -83 4 -2
1534184464.8758528 644 563 606 688 590 687 -3950 6738 2868 137 125 12 -84 4 -2
1534184464.9356532 644 563 606 688 590 688 -3858 6740 2886 331 94 -2 -82 6 -1
1534184464.998345 644 563 606 688 590 687 -3828 6734 2872 74 146 27 -84 4 -4
1534184465.0606663 644 563 607 688 590 687 -3896 6762 2802 186 82 35 -85 4 -3
1534184465.1330357 644 563 606 688 590 687 -3864 6702 2994 281 128 15 -82 5 -1
1534184465.1858869 643 563 606 688 590 687 -3878 6782 2750 436 48 37 -85 4 -2
1534184465.2639947 644 563 606 688 590 687 -3910 6728 2900 139 169 67 -83 5 -1
1534184465.327529 644 563 606 688 590 687 -3908 6710 2968 459 90 1275 -85 4 -1
1534184465.3926826 644 563 607 688 590 687 -3830 7002 2864 744 2021 815 -83 3 -1
1534184465.4552653 644 563 606 688 590 687 -3826 6854 2616 593 -312 2227 -86 4 -2
1534184465.5176544 644 564 607 689 591 687 -3850 6824 2736 309 -1459 941 -82 4 -3
1534184465.5997698 644 564 607 689 591 688 -3864 6644 3158 -357 590 -1227 -82 0 -5
1534184465.6548002 644 564 608 689 591 688 -3414 7130 2680 -37 -432 -483 -81 0 -3
1534184465.7329051 644 564 608 690 592 688 -3436 7134 2374 2006 -1129 2401 -84 0 -3
1534184465.805364 645 564 607 690 592 688 -3010 7344 2242 1768 -65 1241 -81 -1 -2
1534184465.8785715 644 564 608 690 591 688 -3198 7300 2228 1199 1109 1631 -84 -2 -8
1534184465.9355078 644 564 607 690 591 688 -3160 7292 2608 -486 643 -778 -84 -5 -9
1534184466.013615 644 564 607 688 591 687 -3630 7268 2512 -5146 -676 -5629 -83 -4 -9
1534184466.0762193 644 563 607 688 591 688 -2144 7036 2410 -616 -360 -3296 -84 -4 -7
1534184466.155862 644 564 607 688 591 688 -3828 6762 2782 -852 469 -1256 -83 -1 -5
1534184466.2183473 644 563 607 689 590 688 -3846 6732 2908 335 473 -163 -83 1 -2
1534184466.2808316 644 563 607 689 590 688 -3678 6886 2828 94 241 -77 -84 3 -4
1534184466.3597841 643 563 607 688 590 688 -3804 6808 2862 173 136 -118 -85 2 -4
1534184466.41953 644 564 607 688 590 687 -3800 6818 2878 348 337 43 -84 4 -2
1534184466.4820611 644 563 607 688 590 688 -3756 6840 2840 247 227 35 -83 5 -3
1534184466.5445554 643 563 607 688 590 688 -3828 6794 2808 273 261 -36 -84 3 -2
1534184466.6226077 644 563 607 688 590 688 -3814 6824 2832 336 289 -5 -84 5 -5
1534184466.6864593 644 563 607 688 590 688 -3834 6802 2778 241 188 -10 -83 0 -2
1534184466.7367988 644 563 607 688 590 687 -3816 6824 2870 257 204 5 -84 4 -3
1534184466.814905 644 563 607 688 590 688 -3830 6824 2776 150 242 -59 -83 4 -3
1534184466.8814871 644 563 607 688 590 688 -3826 6802 2822 229 194 29 -83 3 -4
1534184466.9362621 644 563 606 688 590 688 -3810 6810 2876 219 163 6 -82 3 -1
1534184466.9984925 644 563 606 688 590 687 -3784 6822 2766 267 174 48 -84 4 -2
1534184467.0611584 644 563 607 688 590 688 -3830 6828 2830 238 179 -8 -84 3 -4
1534184467.138125 644 563 606 688 590 688 -3860 6806 2792 74 191 -88 -83 7 -3
1534184467.2006092 644 563 606 688 590 688 -3796 6836 2734 364 189 69 -83 4 -5
1534184467.263095 644 563 606 688 590 688 -3856 6798 2758 147 123 0 -85 5 -4
1534184467.3337295 644 563 606 688 590 688 -3846 6814 2816 224 156 25 -85 3 -3
1534184467.3887134 644 563 606 688 590 687 -3848 6802 2742 224 76 -38 -85 3 -3
1534184467.4512553 643 563 606 688 590 687 -3852 6812 2862 253 125 58 -85 5 -4
1534184467.5138826 643 563 606 688 590 687 -3854 6770 2794 194 116 22 -84 3 -4
1534184467.5917892 643 564 606 688 590 687 -3866 6796 2836 214 174 46 -84 2 -2
1534184467.6589355 644 563 607 688 590 688 -3820 6784 2802 280 129 34 -83 6 -2
1534184467.719129 644 563 606 688 590 687 -3888 6820 2800 165 57 10 -84 3 -3
1534184467.7816162 644 563 606 688 590 688 -3850 6796 2842 263 173 57 -83 3 -2
1534184467.8520637 643 563 606 688 590 687 -3838 6772 2830 297 165 45 -84 4 -2
1534184467.9184358 644 563 606 688 590 687 -3884 6812 2828 179 119 0 -83 3 -3
1534184467.9809203 643 563 606 688 590 688 -3858 6766 2864 253 125 32 -83 3 -4
1534184468.043508 643 563 606 688 590 688 -3882 6802 2792 229 58 18 -83 5 -2
1534184468.1098459 644 563 607 688 590 687 -3846 6820 2850 260 201 85 -82 4 -3
1534184468.1704495 643 563 606 688 590 688 -3862 6790 2724 166 75 2 -85 3 -4
1534184468.2331915 644 563 606 688 590 687 -3834 6816 2844 246 171 62 -83 4 -3
1534184468.2954195 644 563 606 688 590 687 -3868 6810 2786 225 145 66 -84 4 -2
1534184468.3673134 644 563 606 688 590 688 -3874 6774 2776 211 134 56 -83 4 -4
1534184468.4195812 643 563 606 688 590 687 -3876 6798 2772 265 224 125 -84 4 -1
1534184468.4976876 643 563 607 688 590 687 -3822 6818 2802 111 190 69 -83 4 -4
1534184468.5601723 644 563 606 688 590 688 -3824 6770 2880 291 22 38 -84 4 -2
1534184468.626474 644 563 606 688 590 688 -3820 6812 2762 398 40 -6 -82 5 -2
1534184468.687295 644 563 607 688 590 687 -3874 6780 2766 306 98 -11 -84 4 -2
1534184468.7499948 644 563 606 688 590 687 -3836 6790 2860 173 118 49 -84 3 -4
1534184468.8124037 644 563 606 688 590 688 -3838 6778 2818 302 197 134 -83 4 -2
1534184468.8894126 644 563 607 688 590 687 -4242 6824 2838 213 -345 613 -83 2 -3
1534184468.9523685 643 563 606 688 590 688 -3670 6824 2658 631 898 901 -82 3 -2
1534184469.0148535 643 563 606 688 590 687 -3762 6818 2848 707 285 2863 -85 4 -4
1534184469.0928874 643 563 607 688 590 688 -3792 6862 2980 1158 -1079 3217 -83 1 -2
1534184469.1525536 644 563 607 689 590 688 -3124 7190 2574 533 -805 978 -82 -2 -3
1534184469.2306588 644 563 607 689 591 688 -2782 7384 2518 197 590 -482 -81 -1 -5
1534184469.293144 644 564 607 689 591 688 -3812 6862 2742 687 -483 1506 -80 -3 -6
1534184469.3685336 644 564 607 690 591 688 -3466 6984 2926 1077 -1373 1809 -82 -3 -7
1534184469.4352467 644 564 607 689 591 688 -3298 7184 2710 2044 444 1453 -83 -5 -6
1534184469.497712 644 564 607 689 591 688 -3104 7282 2602 453 283 113 -82 -8 -6
1534184469.560206 644 564 607 689 591 688 -2660 7562 2238 2022 278 1513 -83 -8 -10
1534184469.6473434 644 564 607 689 591 688 -2964 7484 2272 -1411 1760 -4249 -83 -8 -8
1534184469.7181811 644 563 607 689 591 687 -3550 6916 3046 -416 -822 -1944 -82 -6 -9
1534184469.7806654 644 563 607 688 590 688 -3546 6962 2320 -1001 69 -1647 -83 -5 -7
1534184469.8573012 644 563 606 688 590 688 -3706 6834 2954 -136 135 -646 -84 1 -6
1534184469.9206579 644 564 606 688 590 688 -3664 6958 2654 324 188 -157 -85 0 -4
1534184469.9831429 644 563 606 688 590 688 -3648 6912 2718 2 112 -288 -84 0 -4
1534184470.0456395 643 563 607 688 590 688 -3696 6904 2762 282 206 -111 -83 3 -5
1534184470.122654 643 563 606 688 590 688 -3648 6932 2678 159 204 -91 -85 0 -6
1534184470.1857367 644 563 607 688 590 688 -3672 6880 2774 284 206 -75 -84 2 -6
1534184470.2481332 644 563 607 688 590 688 -3694 6892 2698 229 214 28 -85 2 -6
1534184470.3166254 643 563 606 688 590 688 -3698 6882 2720 213 211 -93 -85 1 -5
1534184470.3837345 644 563 606 688 590 688 -3730 6862 2742 175 145 1 -84 1 -4
1534184470.4360626 643 563 606 688 590 688 -3674 6942 2700 221 165 -71 -85 4 -5
1534184470.5140996 644 563 607 688 590 688 -3760 6886 2730 251 153 -25 -83 5 -6
1534184470.5765064 643 563 606 688 590 688 -3730 6914 2754 293 286 27 -83 2 -2
1534184470.644564 643 563 607 688 590 688 -3732 6898 2718 217 190 -9 -84 2 -4
1534184470.7042022 644 563 607 688 590 688 -3774 6858 2740 152 194 -61 -85 1 -4
1534184470.766689 644 563 607 688 590 688 -3722 6884 2640 288 151 43 -82 2 -4
1534184470.8407402 644 563 606 688 590 688 -3754 6844 2852 159 204 -1 -83 0 -7
1534184470.9057128 643 563 606 688 590 687 -3734 6920 2586 252 114 -25 -84 2 -6
1534184470.968323 644 563 607 688 590 688 -3778 6876 2744 263 196 52 -84 2 -7
1534184471.0308688 644 563 606 688 590 688 -3734 6882 2684 229 144 16 -84 4 -6
1534184471.1003911 644 563 606 688 590 687 -3774 6900 2652 156 162 7 -86 2 -4
1534184471.1531863 643 563 606 688 590 688 -3726 6870 2682 275 140 13 -85 2 -2
1534184471.21561 644 563 606 688 590 687 -3712 6846 2676 265 163 24 -82 2 -4
1534184471.2948835 644 563 606 689 590 688 -3740 6882 2670 222 145 18 -83 3 -4
1534184471.3604958 644 563 606 688 590 688 -3758 6890 2680 278 168 50 -85 2 -4
1534184471.4199338 644 563 607 688 590 688 -3760 6884 2740 271 109 34 -85 4 -5
1534184471.4822116 644 563 606 688 590 688 -3738 6880 2712 174 128 38 -85 2 -5
1534184471.544849 643 563 606 688 590 688 -3764 6902 2680 306 143 100 -84 3 -5
1534184471.6194372 644 563 606 688 590 688 -3714 6892 2716 163 178 3 -85 4 -5
1534184471.6711204 643 563 606 688 590 687 -3732 6888 2686 301 135 72 -83 3 -5
1534184471.7492285 643 563 606 688 590 688 -3760 6858 2684 223 98 46 -84 5 -3
1534184471.8134341 644 563 606 688 590 687 -3726 6856 2736 232 133 67 -83 4 -4
1534184471.8869877 644 563 606 688 590 688 -3736 6884 2662 309 114 54 -85 4 -6
1534184471.934036 644 563 607 688 590 688 -3776 6870 2770 215 189 55 -85 2 -4
1534184471.996337 644 563 607 688 590 688 -3698 6892 2682 250 112 0 -84 1 -5
1534184472.0643003 644 563 606 688 590 687 -3754 6848 2676 326 158 62 -83 3 -5
1534184472.1375606 643 563 606 688 590 688 -3744 6882 2676 205 217 95 -86 4 -4
1534184472.202366 643 563 606 688 590 688 -3758 6918 2744 166 154 55 -86 1 -5
1534184472.2648506 643 563 606 688 590 688 -3752 6876 2692 298 75 -35 -84 3 -4
1534184472.3327742 644 563 606 688 590 687 -3704 6914 2644 279 131 41 -85 3 -5
1534184472.387339 643 563 606 688 590 688 -3800 6910 2676 221 74 -4 -84 2 -5
1534184472.4498222 644 563 606 688 590 687 -3728 6908 2682 256 136 34 -84 3 -3
1534184472.5279312 643 563 606 688 590 688 -4232 7458 2856 -201 53 -14 -83 1 -5
1534184472.5918584 643 563 607 688 590 687 -3718 7020 2746 699 910 851 -85 4 -1
1534184472.6553252 643 563 606 688 590 688 -3740 7134 2564 665 561 1516 -84 2 -4
1534184472.717849 644 563 606 688 590 687 -3712 6994 2568 234 -329 977 -86 -1 -5
1534184472.7960086 644 563 606 688 590 688 -3494 6984 2526 861 -556 2125 -84 0 -4
1534184472.8652985 644 563 607 689 591 688 -3580 6874 3042 325 -808 1127 -85 -1 -5
1534184472.9257896 644 564 607 689 591 688 -3400 7142 2672 -954 553 -973 -82 -2 -5
1534184473.0038345 644 563 607 689 591 688 -3332 7176 2628 -982 -414 -305 -83 -4 -3
1534184473.066322 644 564 607 690 591 688 -3542 7034 3022 728 111 1026 -83 0 -4
1534184473.1385808 644 563 607 689 591 688 -3592 7012 2624 390 -401 1052 -82 -2 -3
1534184473.2166886 644 564 607 690 591 688 -3530 6950 3024 917 -34 1078 -80 -2 -3
1534184473.2635524 644 564 607 690 592 688 -3684 6844 2978 643 93 521 -84 -5 -5
1534184473.3434315 644 564 607 689 591 688 -3082 7164 2758 -36 163 -818 -81 -4 -4
1534184473.404207 644 563 607 689 591 688 -3468 7098 2898 -1179 -666 -1956 -83 -6 -5
1534184473.4823155 643 563 607 689 590 688 -3450 6916 3044 1018 134 -1629 -82 -3 -4
1534184473.5449874 643 563 606 689 590 688 -3370 6828 2392 -656 158 -1533 -82 -1 -3
1534184473.623262 644 564 607 688 590 688 -3780 6720 2966 -540 206 -860 -84 2 -5
1534184473.6852167 643 563 606 688 590 687 -3640 6890 3020 645 667 170 -84 0 -4
1534184473.7477045 644 563 606 688 590 688 -3648 6864 2834 162 205 -245 -83 1 -3
1534184473.8214455 644 563 606 688 590 688 -3714 6788 2946 303 395 -4 -84 3 -2
1534184473.885791 644 563 607 688 590 688 -3664 6850 2848 289 233 5 -82 1 -2
1534184473.937095 644 563 606 688 590 688 -3722 6862 2792 229 211 -82 -84 0 -6
1534184474.0152023 643 563 607 688 590 688 -3692 6866 2860 185 228 50 -83 3 -3
1534184474.0776873 644 563 606 688 590 688 -3740 6798 2850 216 232 -14 -83 0 -2
1534184474.1401727 643 564 607 688 590 688 -3716 6846 2846 291 188 41 -82 1 -5
1534184474.2026584 644 563 606 688 590 688 -3736 6840 2828 203 157 -19 -84 3 -2
1534184474.2651443 644 563 607 688 590 688 -3714 6838 2806 239 161 66 -84 2 -2
1534184474.3442757 644 564 607 688 590 688 -3768 6812 2842 145 112 -49 -84 2 -5
1534184474.405218 644 563 607 688 590 688 -3720 6854 2806 226 230 32 -83 2 -4
1534184474.4678946 643 563 606 688 590 688 -3744 6840 2850 340 214 -32 -83 2 -5
1534184474.5301898 644 563 607 688 590 688 -3712 6826 2816 105 160 -25 -84 2 -2
1534184474.6062434 644 563 606 688 590 688 -3748 6836 2802 341 302 99 -83 5 -2
1534184474.6694791 644 563 607 688 590 688 -3778 6804 2834 217 220 -21 -85 4 -2
1534184474.7320638 644 563 607 688 590 688 -3766 6832 2810 304 228 91 -84 3 -1
1534184474.8039231 644 563 606 688 590 687 -3760 6836 2798 147 168 -33 -83 1 -4
1534184474.8688715 644 563 606 688 590 688 -3752 6836 2786 251 140 40 -84 2 -3
1534184474.920514 643 563 606 688 590 688 -3670 6698 2834 281 204 85 -82 2 -2
1534184474.998473 644 563 606 688 590 687 -3796 6832 2806 210 143 -30 -84 2 -5
1534184475.0610535 644 563 607 688 590 688 -3758 6842 2790 175 135 13 -84 3 -2
1534184475.1280088 644 563 606 688 590 688 -3742 6820 2834 264 93 13 -84 3 -4
1534184475.2019966 644 563 607 688 590 687 -3790 6800 2798 200 148 -12 -80 2 -3
1534184475.2488673 643 563 607 688 590 688 -3748 6826 2848 197 107 -11 -84 1 -4
1534184475.320983 644 563 607 688 590 688 -3770 6822 2804 256 94 31 -82 4 -3
1534184475.3893514 644 563 606 688 590 687 -3746 6800 2840 227 189 86 -83 3 -2
1534184475.4515104 644 563 606 688 590 687 -3796 6800 2760 191 90 -39 -84 4 -5
1534184475.51391 644 563 606 688 590 687 -3770 6820 2874 203 166 8 -82 2 -3
1534184475.576309 644 563 606 688 590 688 -3772 6832 2796 214 96 1 -84 3 -4
1534184475.6446714 644 563 607 688 590 688 -3810 6816 2818 193 142 4 -85 4 -3
1534184475.702942 644 563 606 688 590 688 -3764 6804 2836 221 154 28 -82 4 -2
1534184475.765429 643 563 606 688 590 688 -3782 6826 2790 185 83 0 -84 2 -4
1534184475.846496 643 563 606 688 590 687 -3760 6794 2864 205 137 33 -84 3 -3
1534184475.9024804 644 563 606 688 590 688 -3782 6814 2840 236 129 18 -83 3 -3
1534184475.9528978 644 563 607 688 590 688 -3762 6812 2796 279 258 74 -84 3 -3
1534184476.030847 643 563 606 688 590 687 -3782 6840 2838 167 247 53 -83 4 -4
1534184476.0968947 643 563 606 688 590 688 -3768 6822 2850 220 181 83 -85 4 -4
1534184476.1535475 644 563 606 688 590 688 -3766 6820 2828 297 141 51 -83 2 -1
1534184476.2160442 643 563 606 688 590 688 -3810 6840 2832 284 73 -20 -83 5 -2
1534184476.2785182 643 563 606 688 590 688 -3780 6858 2808 135 38 -4 -83 3 -3
1534184476.356703 643 563 606 688 590 687 -3760 6808 2876 351 119 176 -82 4 -3
1534184476.4182777 643 563 607 688 590 687 -3720 6806 2836 309 151 -1 -84 2 -2
1534184476.4807613 643 563 606 688 590 688 -3794 6852 2828 245 158 77 -83 2 -3
1534184476.5432487 644 563 606 688 590 688 -3764 6808 2832 241 125 26 -82 3 -4
1534184476.6175919 644 563 606 688 590 688 -3716 6802 3006 156 144 582 -84 3 -4
1534184476.6703894 643 563 606 688 590 687 -3762 6828 2934 673 52 1172 -84 2 -3
1534184476.7484643 643 563 606 688 590 687 -3876 6924 3300 573 546 2601 -82 1 -4
1534184476.8199947 644 563 606 688 590 688 -3250 7200 2684 883 -3166 989 -84 -1 -3
1534184476.8885055 644 563 606 689 590 688 -3436 6840 3138 -176 168 -476 -82 -2 -5
1534184476.9509907 644 563 607 689 591 688 -3422 6954 2934 1397 -1091 1412 -83 -3 -3
1534184477.0290964 644 564 607 689 591 688 -3266 6998 2866 1243 -525 1380 -81 -1 -4
1534184477.0989773 644 564 607 689 591 688 -3294 7048 3082 205 -625 653 -82 -4 -5
1534184477.1708753 644 563 608 689 591 688 -3098 7122 2828 515 205 242 -83 -5 -7
1534184477.2177398 644 564 607 690 592 688 -3180 7064 3116 952 142 870 -82 -7 -6
1534184477.2958474 644 564 607 690 592 688 -3190 7106 3084 1106 409 802 -82 -7 -9
1534184477.3700783 644 564 607 690 591 689 -3318 7076 3124 2179 802 1758 -82 -8 -5
1534184477.4340885 644 563 607 689 591 688 -2798 7468 2562 1520 3477 -1516 -82 -7 -6
1534184477.5121956 644 563 607 688 591 688 -3492 6622 2802 -808 -1739 -1001 -84 -9 -8
1534184477.5748131 644 563 607 688 591 688 -2832 7066 2338 -4006 -100 -3986 -82 -4 -8
1534184477.6538718 644 563 607 688 590 687 -3954 6524 3526 -867 -496 -1300 -84 -1 -6
1534184477.7163584 644 563 607 689 590 688 -3610 6902 2980 828 754 225 -81 -1 -3
1534184477.7788982 644 563 607 689 590 688 -3616 6810 2972 46 8 -466 -84 1 -2
1534184477.8544054 643 563 607 688 590 688 -3692 6740 3042 299 148 -107 -82 1 -2
1534184477.9190798 643 563 606 688 590 688 -3692 6820 2990 504 169 -97 -81 1 -4
1534184477.9815671 643 563 606 688 590 687 -3740 6788 3002 232 224 -44 -83 2 -4
1534184478.044198 643 563 607 688 590 688 -3658 6792 2908 460 311 146 -83 2 -2
1534184478.1196764 643 563 606 688 590 688 -3686 6806 2988 176 137 -110 -82 1 -2
1534184478.184656 644 563 606 688 590 688 -3732 6776 3056 30 163 -132 -83 3 -3
1534184478.2473967 643 563 607 688 590 688 -3738 6760 3006 326 158 32 -83 3 -3
1534184478.3159058 644 563 606 688 590 688 -3754 6758 2980 260 158 -26 -83 0 -3
1534184478.3825505 644 563 607 688 590 688 -3744 6750 3022 209 164 -16 -83 3 -3
1534184478.4347682 644 563 607 688 590 688 -3760 6796 2924 348 262 46 -81 5 -3
1534184478.512663 643 564 607 688 590 688 -3692 6816 2926 163 199 -38 -82 2 -3
1534184478.5753243 644 563 607 688 590 688 -3796 6752 2942 331 280 147 -83 1 -3
1534184478.6443284 644 563 607 688 590 688 -3726 6814 2892 292 215 10 -84 4 -2
1534184478.7025368 644 563 606 688 590 688 -3744 6770 2914 312 143 93 -83 1 -4
1534184478.7650204 644 563 606 688 590 688 -3756 6768 2898 183 146 -41 -84 1 -4
1534184478.8408275 643 563 607 688 590 688 -3738 6820 2962 250 180 57 -84 1 -2
1534184478.9025915 644 563 606 688 590 688 -3782 6786 2946 202 148 -4 -82 4 -2
1534184478.964809 644 563 606 688 590 688 -3716 6782 2966 290 117 -14 -83 3 -3
1534184479.027532 644 563 606 688 590 688 -3834 6758 2906 240 188 70 -84 4 -3
1534184479.1029265 643 563 606 688 590 688 -3772 6796 2908 223 276 125 -82 3 -3
1534184479.1708078 644 563 607 688 590 688 -3728 6822 2944 273 186 55 -82 2 -4
1534184479.2176764 644 563 606 688 590 688 -3746 6820 2894 220 108 -8 -83 1 -2
1534184479.2957788 644 563 606 688 590 688 -3760 6800 2948 317 163 9 -83 2 -2
1534184479.3619125 644 563 606 688 590 688 -3722 6788 2914 124 216 -15 -84 3 -4
1534184479.4201612 644 563 607 688 590 688 -3756 6764 2910 373 168 119 -81 3 -2
1534184479.4827127 644 564 607 688 590 688 -3752 6794 2930 180 164 22 -82 2 -3
1534184479.5451329 644 563 606 688 590 688 -3762 6820 2858 221 151 86 -83 2 -4
1534184479.6228013 644 563 606 688 590 688 -3784 6750 2980 184 120 23 -84 2 -3
1534184479.6852715 643 563 606 688 590 688 -3750 6814 2940 255 128 30 -84 3 -3
1534184479.7477093 643 563 606 688 590 687 -3962 6804 2884 -60 -167 -241 -84 3 0
1534184479.828675 644 563 606 688 590 687 -3822 6730 3024 338 398 272 -84 3 -2
1534184479.8885703 644 563 606 688 590 688 -3832 6794 3102 1389 926 1616 -84 5 -3
1534184479.9510548 643 563 606 688 590 687 -3848 6832 2780 315 902 1198 -84 2 -2
1534184480.013541 643 563 607 688 590 688 -3656 6936 2702 -355 -208 1399 -83 3 -2
1534184480.093038 644 563 607 688 590 687 -3746 6824 2662 -111 1004 643 -82 2 -3
1534184480.1556766 644 563 607 689 590 688 -3656 6844 2984 630 423 805 -84 1 -3
1534184480.218163 644 563 607 689 591 688 -3954 6560 3250 1017 -386 1926 -83 -1 -2
1534184480.2964008 644 564 607 689 591 688 -3378 7086 2632 -280 -312 -115 -82 -1 -2
1534184480.3693004 644 564 607 689 591 688 -3216 7274 2346 -637 -238 100 -83 -1 -2
1534184480.434911 644 564 607 690 591 688 -3350 7084 2862 2209 -1011 3117 -82 -3 -3
1534184480.5130186 644 564 607 690 591 688 -3380 6960 3126 1363 -158 625 -82 -6 -4
1534184480.5755048 644 563 607 689 591 688 -3024 7340 2658 -1178 373 -2248 -82 -5 -5
1534184480.6524942 644 564 607 689 591 688 -3670 7012 2662 -2440 -460 -5049 -83 -3 -3
1534184480.7172554 644 563 607 688 590 688 -3226 6846 2224 602 499 -558 -81 -1 -4
1534184480.7796328 643 563 606 688 590 688 -3542 7040 2682 -1358 -470 -1427 -83 -1 -3
1534184480.8596747 644 563 607 688 590 687 -3782 6616 3338 212 49 -206 -83 0 -2
1534184480.9203575 644 563 607 688 590 688 -3656 6830 2920 337 275 43 -83 4 -1
1534184480.982983 643 563 606 688 590 688 -3768 6768 3130 264 194 -208 -83 1 -2
1534184481.0453262 644 563 606 688 590 688 -3712 6812 2878 558 444 208 -83 2 -3
1534184481.1232421 644 563 607 688 590 688 -3722 6794 2936 163 308 125 -82 2 -3
1534184481.202133 644 563 607 688 590 688 -3806 6746 3000 366 212 -59 -85 2 -3
1534184481.248998 644 564 607 688 590 688 -3720 6842 2882 419 217 19 -84 3 -2
1534184481.3194444 644 563 606 688 590 688 -3750 6746 2936 306 149 25 -83 2 -2
1534184481.3720424 643 563 606 688 590 688 -3794 6742 2928 200 156 -4 -81 3 -2
1534184481.4345295 643 563 606 688 590 688 -3712 6836 2966 34 79 -34 -82 0 -2
1534184481.4970138 644 563 607 688 590 688 -3742 6762 2980 284 118 1 -85 3 -3
1534184481.5751207 644 563 607 688 590 688 -3752 6818 2920 202 88 -123 -84 1 -2
1534184481.6428316 644 563 607 688 590 688 -3778 6780 2936 259 152 67 -83 2 -1
1534184481.7017684 644 563 607 688 590 688 -3758 6764 2950 178 274 7 -84 3 -2
1534184481.7642574 643 563 606 688 590 688 -3740 6836 2966 159 191 25 -82 4 -3
1534184481.837137 643 563 606 688 590 688 -3776 6774 2912 271 156 89 -83 2 -5
1534184481.8883061 644 563 606 688 590 688 -3776 6760 2954 197 170 -10 -83 0 -1
1534184481.9674506 644 563 606 688 590 688 -3762 6846 2938 213 194 4 -83 -1 -3
1534184482.0215797 644 563 606 688 590 688 -3804 6784 2948 180 203 86 -84 1 -2
1534184482.0981064 644 563 606 688 590 688 -3798 6754 2982 -28 323 -19 -83 3 -4
1534184482.1627882 644 563 607 688 590 687 -3704 6808 2972 413 220 -3 -81 2 -2
1534184482.2207284 644 563 606 688 590 688 -3844 6732 2860 366 155 -37 -83 1 -1
1534184482.2834735 643 563 607 688 590 688 -3830 6780 2938 156 312 85 -83 4 -2
1534184482.3602958 644 563 606 688 590 688 -3748 6790 2922 270 214 -25 -83 4 -3
1534184482.4211524 644 563 606 688 590 688 -3824 6756 2938 128 85 35 -84 2 -2
1534184482.4836376 644 563 606 688 590 688 -3756 6782 2888 265 16 -92 -83 2 -3
1534184482.5521102 644 563 606 688 590 688 -3824 6750 2976 408 41 17 -85 4 -4
1534184482.6184988 644 563 606 688 590 687 -3798 6780 2902 171 50 -76 -83 2 -2
1534184482.6830997 644 563 606 688 590 688 -3816 6744 2934 145 161 62 -81 2 -4
1534184482.7489233 643 563 606 688 590 688 -3802 6774 2926 114 164 106 -85 4 -2
1534184482.8118157 643 563 606 688 590 687 -3816 6744 2944 226 101 51 -83 4 -2
1534184482.8675325 644 563 607 688 590 688 -3790 6752 2994 115 170 -8 -82 2 -4
1534184482.931528 643 563 606 688 590 688 -3814 6748 2912 153 247 -59 -83 4 -3
1534184483.0096343 644 563 607 688 590 688 -3844 6718 3008 349 264 64 -82 3 -2
1534184483.0723765 644 563 606 688 590 688 -3780 6754 2884 60 269 13 -82 4 -3
1534184483.1538134 643 563 606 688 590 687 -3748 6776 2958 645 251 184 -82 6 -3
1534184483.2027535 643 563 606 688 590 687 -3766 6804 2842 64 96 28 -83 3 -2
1534184483.2534616 644 563 606 688 590 687 -3840 6754 2950 454 318 65 -83 3 -2
1534184483.3329558 643 563 606 688 590 687 -3788 6800 2868 193 101 -35 -83 2 -1
1534184483.3875616 644 563 606 688 590 688 -3830 6756 2898 200 127 227 -83 3 -3
1534184483.4500477 644 563 606 688 590 688 -3778 6770 2930 78 -10 -45 -83 5 -2
1534184483.5283167 644 563 606 688 590 688 -3802 6788 2938 365 -55 47 -84 4 0
