1534184185.6525135 649 568 609 693 597 692 -7696 -62 3012 231 143 98 -4 79 53
1534184185.7150254 649 567 608 693 596 692 -7666 0 2896 242 161 119 -5 78 50
1534184185.7774863 649 568 609 693 596 691 -7712 2 2900 208 122 -16 -5 79 52
1534184185.8399706 650 567 609 693 596 692 -7666 34 3022 182 79 -46 -5 78 52
1534184185.9024556 649 567 609 693 597 692 -7606 18 3024 191 158 -25 -3 78 51
1534184185.964941 649 567 609 693 597 692 -7660 24 3030 284 188 64 -6 79 52
1534184186.0393786 650 568 609 693 597 691 -7706 16 2908 178 154 -45 -5 78 51
1534184186.0873635 650 568 609 693 597 691 -7674 26 3028 256 109 34 -3 78 52
1534184186.165471 650 568 609 693 597 691 -7704 22 2988 229 152 -16 -4 80 53
1534184186.2298775 649 568 609 693 597 692 -7656 18 2940 187 181 -76 -4 77 52
1534184186.406983 650 568 609 693 597 692 -7708 28 2984 231 103 -17 -3 78 52
1534184186.453847 649 567 609 693 596 691 -7664 16 2966 236 138 -32 -4 80 53
1534184186.5211327 649 567 609 693 596 691 -7688 -90 2936 235 115 -33 -3 80 52
1534184186.5597463 649 568 609 693 596 691 -7692 10 2900 295 116 128 -4 79 50
1534184186.60661 650 568 609 693 596 691 -7692 -60 2962 177 174 -44 -2 79 54
1534184186.6378539 650 568 609 693 597 692 -7670 16 3044 255 127 -1 -7 78 53
1534184186.6690967 650 568 609 693 596 692 -7712 -44 2884 246 139 76 -5 79 51
1534184186.7443845 649 568 609 693 596 692 -7654 -12 2946 215 117 43 -4 81 51
1534184186.806219 649 568 609 693 596 692 -7684 36 2952 175 179 -79 -2 79 52
1534184186.870049 649 568 609 693 597 691 -7696 -34 2972 266 75 108 -5 79 52
1534184186.9338782 649 567 609 693 597 691 -7690 -4 2932 270 148 63 -5 80 51
1534184187.0176542 649 568 609 693 596 692 -7690 8 2948 266 112 62 -3 78 50
1534184187.078503 649 567 609 693 596 692 -7670 -28 2928 220 158 71 -3 79 54
1534184187.1413274 649 567 609 693 596 692 -7712 -14 2886 191 176 -5 -3 79 52
1534184187.1852074 649 568 609 693 597 692 -7648 -4 2968 239 124 30 -4 78 52
1534184187.248039 649 568 609 693 597 692 -7640 10 2900 248 125 37 -3 79 51
1534184187.312868 649 568 609 693 597 692 -7710 -30 2960 240 99 55 -6 80 50
1534184187.3747003 650 568 609 693 596 691 -7672 -8 2982 244 164 -35 -3 78 52
1534184187.4415264 650 567 609 693 596 691 -7706 -14 2922 199 186 -151 -3 78 53
1534184187.5043538 650 568 609 693 597 692 -7678 12 3046 272 126 195 -3 79 52
1534184187.5740306 649 568 609 693 597 691 -7702 -76 2910 167 153 -4 -5 77 50
1534184187.6208935 649 568 609 693 597 692 -7702 32 2894 267 105 144 -3 79 53
1534184187.6833797 649 568 609 693 597 692 -7680 -16 2976 199 159 -9 -3 79 53
1534184187.7591424 649 568 609 693 596 691 -7704 -20 2916 265 51 67 -3 80 51
1534184187.8226976 649 568 608 693 597 691 -7720 0 2930 251 144 165 -4 77 51
1534184187.8851833 649 567 609 693 596 692 -7722 8 2968 191 152 -85 -2 78 53
1534184187.947669 649 568 609 693 596 691 -7652 -34 2944 276 114 104 -3 79 53
1534184188.0138264 649 567 609 693 596 692 -7664 14 2926 234 172 -14 -3 78 53
1534184188.0704744 649 568 609 693 596 691 -7684 -34 2996 266 122 -9 -5 80 53
1534184188.1328557 649 567 609 693 596 692 -7684 40 2918 228 137 79 -4 79 54
1534184188.2079809 649 567 609 693 597 691 -7698 -18 2952 233 97 36 -5 79 52
1534184188.256996 650 568 609 693 596 691 -7670 -46 2956 204 116 92 -4 78 53
1534184188.3194826 649 568 609 693 596 692 -7634 68 2914 290 110 205 -3 79 51
1534184188.382186 649 568 610 693 596 691 -7666 -74 2924 207 168 -45 -4 78 53
1534184188.4490976 649 568 609 693 596 691 -7674 44 2948 245 85 69 -2 81 51
1534184188.5222664 650 568 609 693 596 692 -7700 -14 2934 223 146 77 -2 80 52
1534184188.5714087 649 568 609 693 596 692 -7714 -22 2988 245 101 50 -2 81 53
1534184188.6341004 650 568 609 693 596 692 -7694 28 3010 219 155 66 -4 78 51
1534184188.7143102 650 568 609 693 596 691 -7726 -28 2980 270 143 124 -3 79 52
1534184188.7728755 649 567 609 693 596 691 -7648 68 2954 223 98 239 -5 79 53
1534184188.8353634 650 568 609 693 596 692 -7674 -16 3008 228 -23 216 -1 80 53
1534184188.897848 649 567 609 693 596 691 -7774 48 2860 277 -36 113 -5 79 52
1534184188.9603345 649 568 609 694 596 691 -7660 132 2976 169 81 115 -4 78 52
1534184189.0228279 649 568 609 693 596 691 -7602 64 3028 298 105 99 -6 77 54
1534184189.0854852 649 567 609 693 596 691 -7638 90 3048 247 213 53 -3 81 52
1534184189.1477897 650 568 609 693 596 691 -7690 76 2954 267 161 231 -4 79 51
1534184189.2232196 649 568 609 693 596 691 -7682 -54 2872 379 54 271 -3 77 54
1534184189.2738235 649 567 609 693 596 691 -7718 142 2934 483 -64 894 -4 78 53
1534184189.351931 649 567 609 693 596 691 -7694 212 2968 591 112 1453 -6 80 52
1534184189.414416 650 568 609 693 597 692 -7682 276 3000 1070 202 1752 -6 78 54
1534184189.4952004 649 568 609 693 597 691 -7734 346 3056 1155 -284 4115 -8 78 52
1534184189.553567 649 568 609 693 597 691 -7632 1142 3030 1374 -82 2481 -10 79 52
1534184189.6160524 649 568 609 693 596 691 -7642 1164 2920 527 181 120 -12 77 52
1534184189.6882508 649 568 609 693 596 691 -7668 840 3032 250 142 236 -12 77 52
1534184189.7558806 649 567 609 693 597 691 -7610 984 3050 474 91 508 -14 76 53
1534184189.8201241 650 567 609 693 596 691 -7604 1124 2990 440 -35 165 -14 75 52
1534184189.8827288 649 567 609 693 596 691 -7630 1056 3024 361 165 -141 -15 77 51
1534184189.9450357 649 568 609 693 597 691 -7578 1034 3048 302 117 -58 -15 77 50
1534184190.023489 649 567 609 693 596 692 -7648 1044 2990 220 35 52 -15 76 51
1534184190.0863228 649 568 609 693 597 691 -7578 984 3052 258 155 -10 -14 76 52
1534184190.1488035 649 568 609 693 597 691 -7592 998 3016 321 155 65 -13 76 52
1534184190.2210512 650 567 609 693 596 692 -7674 1062 3014 130 135 -91 -13 76 52
1534184190.2740326 649 567 609 693 597 692 -7618 994 3018 288 115 156 -12 78 52
1534184190.3521385 650 567 609 693 597 692 -7412 1018 3138 -184 405 -627 -15 77 51
1534184190.416711 649 567 608 693 596 691 -7494 1010 3084 -107 611 784 -12 77 51
1534184190.493931 649 567 609 693 596 691 -7874 872 2732 712 -566 1319 -14 78 52
1534184190.5637448 649 567 608 693 596 691 -8344 1196 3046 1192 -6233 2680 -17 76 51
1534184190.6214056 649 568 609 693 596 691 -8068 1346 3482 -474 -5645 -580 -14 74 51
1534184190.7058818 650 568 609 693 596 691 -7616 1306 3184 960 -2287 -2505 -16 69 55
1534184190.7739892 649 568 609 693 595 691 -7148 982 3084 -914 -3390 -4641 -13 70 56
1534184190.8364758 649 568 609 693 596 691 -7092 2004 3976 -258 365 -24 -11 69 55
1534184190.9124827 650 568 609 693 596 691 -7216 780 4240 1640 981 2418 -13 67 56
1534184190.9831154 650 568 609 693 596 691 -7526 466 3728 1250 269 -2122 -11 64 56
1534184191.0383165 650 568 609 693 596 692 -7510 312 3806 51 1919 -1812 -12 65 56
1534184191.1164215 649 568 609 693 597 692 -6892 26 3670 1794 1061 4896 -10 67 54
1534184191.1896768 650 568 609 694 596 692 -7134 1036 3606 -400 1719 -1306 -12 69 54
1534184191.2606475 650 568 609 693 597 692 -7530 278 3310 -556 1035 -1127 -13 72 53
1534184191.3205678 650 568 609 693 597 691 -7450 342 3270 426 228 987 -9 73 53
1534184191.3830526 650 568 609 693 597 691 -7410 706 3374 232 278 -40 -10 74 54
1534184191.4455392 650 568 609 693 597 692 -7518 570 3452 76 564 -116 -10 73 51
1534184191.524376 650 568 609 693 597 691 -7536 544 3246 335 290 176 -10 72 53
1534184191.5868614 650 568 609 693 597 691 -7492 566 3368 329 218 333 -11 75 54
1534184191.6493475 650 568 609 693 597 692 -7556 616 3282 145 141 -111 -10 73 53
1534184191.7212014 650 568 609 693 597 691 -7548 534 3280 274 207 73 -11 75 53
1534184191.773936 650 568 609 693 597 692 -7484 552 3308 299 158 168 -12 76 53
1534184191.8520403 650 568 609 693 597 692 -7542 600 3310 175 190 46 -10 74 53
1534184191.9145267 650 568 609 693 597 692 -7504 616 3284 274 207 35 -9 73 53
1534184191.9821906 650 568 609 693 597 692 -7532 528 3312 184 131 -35 -10 73 51
1534184192.0381167 650 568 609 693 597 692 -7530 628 3360 216 201 144 -10 73 53
1534184192.1160715 650 568 609 693 597 692 -7514 562 3304 256 197 119 -11 74 53
1534184192.1853712 649 568 609 693 597 691 -7544 576 3262 335 234 278 -10 72 52
1534184192.2470994 650 568 609 693 597 691 -7500 626 3322 141 164 -191 -11 75 52
1534184192.305876 649 568 609 693 597 692 -8400 1052 3448 1878 968 373 -10 73 53
1534184192.3837376 650 568 609 694 597 691 -7386 324 3402 1740 -196 -722 -9 75 52
1534184192.4462047 650 568 609 694 597 691 -7512 378 3278 625 -18 262 -12 77 54
1534184192.5139616 650 568 609 693 597 692 -7514 724 3314 13 258 498 -12 75 53
1534184192.5702264 650 568 609 693 597 692 -7506 600 3264 -4 189 -15 -14 75 51
1534184192.6325684 650 567 609 694 597 691 -7492 638 3214 120 -4 374 -12 74 51
1534184192.7089078 649 568 609 693 597 691 -7470 672 3108 -569 -584 901 -11 75 53
1534184192.771424 650 568 609 693 597 692 -7474 696 3364 226 -304 828 -12 74 52
1534184192.8339083 650 567 609 693 597 691 -7510 792 3326 -10 -188 270 -11 73 53
1534184192.896395 650 567 609 693 597 691 -7436 712 3420 202 65 248 -12 72 55
1534184192.9772854 650 568 609 693 597 691 -7434 702 3406 181 164 170 -13 72 53
1534184193.0400887 650 568 609 693 597 692 -7528 730 3450 180 478 60 -12 71 53
1534184193.0918496 650 568 609 693 597 691 -7500 676 3372 137 419 7 -12 73 53
1534184193.1698146 650 568 609 693 597 692 -7492 692 3394 264 369 240 -12 74 52
1534184193.2382028 650 568 609 693 597 691 -7532 770 3310 328 319 197 -13 74 53
1534184193.290166 650 568 609 693 597 692 -7464 748 3420 214 171 118 -12 73 53
1534184193.3682745 650 568 609 693 597 692 -7490 720 3316 304 217 261 -14 74 53
1534184193.430759 650 568 609 694 597 692 -7524 820 3350 227 115 124 -13 73 53
1534184193.5058868 650 568 609 693 597 692 -7522 774 3328 284 142 20 -13 72 54
1534184193.5527499 649 568 609 693 597 692 -7462 730 3364 285 129 162 -14 73 54
1534184193.630858 650 568 609 693 597 692 -7476 790 3354 245 48 152 -13 72 53
1534184193.6936052 650 568 609 693 597 691 -7528 756 3316 306 136 80 -13 73 52
1534184193.7636862 650 568 609 693 597 691 -7378 406 3246 51 -1065 116 -13 73 54
1534184193.8218548 650 568 609 693 597 691 -7038 1480 2774 635 -2901 -3372 -12 74 52
1534184193.8999627 650 568 609 693 597 692 -7282 -400 3770 584 -1844 3442 -13 73 52
1534184193.9761755 650 568 609 693 596 691 -6912 1566 3860 970 -1773 2608 -13 68 56
1534184194.0375175 650 568 609 693 595 691 -7738 -102 3662 1478 -2825 2656 -15 66 55
1534184194.100036 649 568 609 693 595 691 -7396 234 4358 457 71 2065 -16 62 57
1534184194.1781092 649 568 609 693 595 691 -7910 86 3856 1368 -2515 1563 -16 61 56
1534184194.2529016 649 568 609 693 595 691 -7046 2370 4142 -1264 -77 -5664 -18 62 58
1534184194.3065882 649 568 609 693 595 692 -6732 1980 4646 114 953 212 -15 60 59
1534184194.384876 649 568 609 693 595 691 -7154 630 4114 519 1708 540 -15 61 59
1534184194.4471812 650 568 609 693 596 692 -7218 1580 4142 -177 4967 -2523 -16 59 57
1534184194.5238492 650 568 609 693 596 691 -7294 972 4482 295 1946 -893 -16 62 55
1534184194.5863419 649 568 609 693 596 691 -7230 744 3790 -495 1250 -697 -17 66 54
1534184194.6489134 650 568 609 693 596 691 -7352 660 3650 -314 715 -56 -12 66 55
1534184194.7296472 649 568 609 694 597 692 -7370 680 3670 185 477 -146 -13 69 57
1534184194.789239 649 568 609 693 597 691 -7308 732 3584 58 191 -175 -14 69 55
1534184194.8517258 650 568 609 693 597 692 -7370 650 3678 102 395 -83 -12 69 52
1534184194.9142516 650 568 609 693 597 691 -7352 720 3606 216 418 457 -13 69 56
1534184194.9903414 650 568 609 693 597 692 -7354 804 3642 269 227 61 -13 71 54
1534184195.0528257 650 568 609 693 596 691 -7386 722 3566 89 254 -155 -14 70 54
1534184195.115512 649 568 609 693 597 692 -7394 728 3632 314 202 234 -15 71 54
1534184195.1777966 650 568 609 693 597 692 -7390 722 3622 137 258 -80 -13 70 55
1534184195.2555766 649 568 609 693 597 691 -7370 756 3540 194 332 61 -12 70 54
1534184195.3064976 650 568 609 693 597 692 -7372 712 3616 283 117 64 -13 71 53
1534184195.3846035 650 568 609 693 597 691 -7418 698 3610 200 246 -11 -14 70 53
1534184195.4488266 650 568 609 693 597 692 -7356 714 3564 138 245 94 -13 68 54
1534184195.522046 650 568 609 693 597 691 -7396 714 3592 228 258 -54 -14 71 54
1534184195.5689123 650 568 609 693 597 691 -7424 724 3554 188 204 -76 -12 72 55
1534184195.6470196 650 568 609 693 597 692 -7376 644 3530 251 152 31 -14 69 55
1534184195.7095044 650 568 609 693 597 691 -7410 748 3568 239 191 -47 -13 72 54
1534184195.7739332 650 568 609 693 597 691 -7412 666 3644 222 171 -8 -13 69 53
1534184195.836424 650 568 609 693 597 691 -7384 682 3510 249 196 42 -12 69 51
1534184195.8989701 650 568 609 693 597 691 -7418 722 3572 212 159 -3 -14 70 53
1534184195.9743872 650 568 609 693 597 691 -7404 720 3564 215 106 74 -12 71 55
1534184196.0395749 650 568 609 693 597 692 -7402 712 3550 235 175 72 -13 71 54
1534184196.10206 650 568 609 693 597 691 -7396 716 3506 191 159 200 -14 71 53
1534184196.1645463 650 568 609 693 597 691 -7400 760 3518 197 173 -4 -12 71 54
1534184196.2344213 650 568 609 693 597 691 -7404 676 3570 287 156 48 -12 70 57
1534184196.2916567 650 568 609 693 597 692 -7442 722 3508 331 143 137 -12 71 53
1534184196.3541417 650 568 609 693 597 691 -7396 760 3490 210 132 -36 -12 70 53
1534184196.4166286 650 568 609 693 597 691 -7440 696 3436 227 168 9 -13 70 52
1534184196.4968731 650 568 609 693 597 692 -7406 632 3504 265 103 253 -14 72 54
1534184196.5543091 650 568 609 693 597 691 -7358 798 3586 317 29 195 -14 70 56
1534184196.6166632 650 568 609 693 597 691 -7426 822 3528 132 176 -70 -12 70 54
1534184196.6925464 650 568 609 693 597 691 -7446 676 3512 271 95 163 -13 72 54
1534184196.7570298 650 568 609 693 597 691 -7396 776 3530 233 56 -1 -15 73 54
1534184196.8199534 650 568 609 693 597 691 -7396 744 3524 333 133 121 -14 70 54
1534184196.8824801 650 568 609 693 597 691 -7342 680 3580 -49 -319 -106 -12 70 54
1534184196.944925 649 568 608 693 597 691 -6984 642 3622 -178 228 38 -13 70 54
1534184197.0243268 650 568 609 693 597 691 -7052 1322 3462 -202 -410 -2197 -14 71 55
1534184197.0868113 650 568 609 693 596 691 -7200 -64 3376 236 -2630 -7 -14 71 55
1534184197.1649194 650 568 609 692 596 690 -6926 1422 3342 -591 1020 -309 -13 67 56
1534184197.2323844 650 568 609 693 595 691 -7148 254 3864 439 -63 1309 -11 69 57
1534184197.2887485 649 568 609 693 595 692 -7248 1236 3696 -1186 3466 -14 -12 67 56
1534184197.366708 649 567 608 693 594 691 -7636 -320 4364 1046 -728 560 -11 69 57
1534184197.4290805 648 568 609 692 594 691 -7492 -432 4218 473 -801 2755 -12 64 56
1534184197.506933 649 567 609 693 594 691 -7410 -444 4106 1534 -1903 4428 -11 63 57
1534184197.569419 648 568 609 693 594 691 -7198 1930 4122 792 -2135 -217 -12 63 59
1534184197.647526 649 568 609 693 595 691 -7342 862 3598 -2570 5144 -11020 -15 62 56
1534184197.726331 649 568 609 693 596 692 -7982 -1524 3748 3652 -1860 7228 -10 66 55
1534184197.7880743 650 568 609 693 596 691 -6830 1436 3774 -298 1607 -2011 -10 65 57
1534184197.8661764 649 568 609 693 596 692 -7296 526 3874 -1019 983 -1227 -10 67 57
1534184197.928662 649 568 609 693 596 691 -7462 -96 3400 -45 1016 -569 -9 70 57
1534184198.0013778 649 568 609 693 596 691 -7358 426 3710 565 -243 664 -9 71 55
1534184198.055329 649 568 609 693 596 691 -7320 514 3714 205 354 -105 -9 69 55
1534184198.1176028 649 568 608 693 596 691 -7314 252 3714 251 233 -99 -8 71 57
1534184198.2055275 650 568 609 693 596 691 -7396 364 3648 220 275 187 -8 70 58
1534184198.26212 650 568 609 693 596 691 -7382 414 3670 288 284 384 -8 72 56
1534184198.3204794 650 568 609 693 596 691 -7374 380 3620 162 220 44 -9 70 55
1534184198.3828855 649 568 609 693 596 691 -7334 408 3680 327 217 292 -8 72 54
1534184198.445578 650 568 609 693 597 691 -7390 422 3632 217 200 -24 -8 70 56
1534184198.5212038 650 568 609 693 596 691 -7384 442 3650 307 213 72 -10 71 55
1534184198.5856 650 568 609 693 597 691 -7404 390 3572 320 158 175 -10 72 57
1534184198.6483417 650 568 609 693 596 691 -7384 412 3686 251 161 88 -9 69 56
1534184198.7145853 650 568 609 693 596 692 -7420 398 3694 220 235 28 -9 69 55
1534184198.7748203 650 568 609 693 596 691 -7352 408 3624 299 171 88 -9 70 56
1534184198.8373063 649 568 609 693 596 691 -7400 522 3618 219 219 101 -10 70 56
1534184198.8997898 650 568 609 693 597 691 -7388 346 3632 243 129 115 -10 69 56
1534184198.9744399 650 568 609 693 597 691 -7382 456 3524 171 216 44 -9 69 53
1534184199.0396001 650 568 609 693 597 691 -7384 398 3616 240 134 89 -10 70 55
1534184199.102089 650 568 609 692 597 691 -7358 454 3624 290 82 145 -8 69 55
1534184199.1645718 649 568 608 693 596 691 -7380 422 3628 237 174 0 -9 70 55
1534184199.2296348 649 568 609 693 597 692 -7406 446 3560 250 166 72 -8 70 57
1534184199.289693 650 568 609 693 597 691 -7384 442 3632 257 145 131 -8 68 56
1534184199.3521793 650 568 609 693 597 691 -7406 424 3606 149 221 -189 -9 70 55
1534184199.414663 650 568 609 693 597 691 -7394 378 3538 442 248 265 -8 71 55
1534184199.490482 650 568 609 693 597 691 -7406 448 3594 223 300 12 -9 69 56
1534184199.5538244 649 568 609 693 596 691 -7422 484 3638 157 146 -203 -8 67 55
1534184199.6164405 650 568 609 693 597 691 -7372 364 3528 343 231 -32 -9 68 56
1534184199.6843333 650 568 609 693 597 692 -7438 428 3548 331 168 11 -10 73 56
1534184199.7509518 650 568 609 693 597 691 -7434 428 3556 319 307 214 -10 70 55
1534184199.8042548 650 568 609 693 597 691 -7384 406 3542 183 58 56 -9 70 55
1534184199.86674 650 568 608 693 596 691 -7440 398 3558 162 136 123 -10 70 57
1534184199.929322 649 568 609 693 597 690 -7408 502 3668 325 97 185 -9 70 55
1534184200.0096407 650 568 609 693 597 691 -7398 472 3598 226 135 69 -11 71 53
1534184200.070697 650 568 609 693 597 691 -7412 478 3568 134 148 -24 -11 69 55
1534184200.1488056 650 568 609 693 597 691 -7464 428 3594 179 137 -50 -9 71 56
1534184200.2056868 650 568 609 693 597 691 -7398 476 3572 216 151 38 -10 72 55
1534184200.2568052 650 568 609 693 597 691 -7420 472 3594 238 40 100 -11 70 52
1534184200.3351727 650 568 609 693 597 691 -7406 426 3600 331 119 183 -8 71 55
1534184200.3973963 650 568 609 693 597 692 -7422 318 3668 88 -217 364 -10 70 56
1534184200.4658792 650 568 608 693 597 692 -7396 582 3658 294 239 354 -9 71 57
1534184200.5229137 650 568 609 693 596 692 -7494 722 3578 -37 600 573 -10 70 53
1534184200.5854106 650 567 609 693 597 691 -7348 576 3746 477 -645 -672 -10 70 55
1534184200.6636531 650 568 609 693 596 691 -7724 296 4094 3304 -1666 2483 -9 70 55
1534184200.7389941 649 568 609 693 596 691 -7420 1332 3572 1527 -880 536 -12 69 55
1534184200.8052256 649 568 609 693 595 691 -7016 1218 4218 -89 -1030 -1493 -15 66 53
1534184200.867709 649 568 609 692 594 691 -7086 1434 3666 -923 851 -961 -15 64 54
1534184200.9458177 649 567 608 693 594 691 -6976 1096 3494 -295 -617 -415 -14 65 56
1534184201.0194938 648 568 609 692 594 691 -6980 1630 4102 -564 1052 -199 -16 65 57
1534184201.0873418 649 568 609 693 594 691 -6870 1770 4296 794 -123 1678 -14 64 54
1534184201.1496162 649 568 609 693 594 691 -7440 704 3732 563 -441 465 -17 63 56
1534184201.2240179 649 568 609 693 594 691 -7476 856 3958 -523 1137 -672 -16 65 56
1534184201.287943 649 568 609 693 595 691 -7536 804 3480 -223 1564 -5712 -16 64 56
1534184201.350427 649 568 609 693 596 691 -5398 566 3664 170 802 -2325 -12 67 54
1534184201.4285357 649 568 609 693 596 691 -7224 220 3606 108 522 154 -13 66 57
1534184201.5086553 649 568 609 693 596 691 -7288 468 3820 417 183 248 -12 67 56
1534184201.5549595 649 568 609 693 596 691 -7312 652 3726 216 98 -27 -13 67 54
1534184201.6174493 649 568 609 693 596 691 -7274 524 3796 307 319 5 -13 71 55
1534184201.6856506 649 568 609 693 596 691 -7320 480 3712 254 267 62 -14 65 53
1534184201.7531826 649 568 609 693 596 691 -7366 566 3718 91 429 388 -14 70 56
1534184201.8045568 649 568 609 693 596 692 -7312 586 3682 -31 395 146 -12 67 55
1534184201.8825483 650 568 609 693 596 692 -7310 552 3768 260 202 169 -12 72 54
1534184201.9450326 650 568 609 693 596 691 -7364 608 3646 154 276 95 -12 70 56
1534184202.013774 650 568 609 693 596 692 -7374 562 3718 216 253 5 -11 70 55
1534184202.0708456 650 568 608 693 596 691 -7376 592 3726 146 144 40 -11 70 56
1534184202.13328 649 568 609 693 596 692 -7308 714 3742 55 273 -229 -13 69 56
1534184202.21213 650 568 609 693 596 691 -7292 810 3802 -1343 726 77 -13 67 55
1534184202.2741392 650 568 608 693 596 691 -7386 328 3496 -1264 514 -109 -12 68 56
1534184202.3366258 649 568 608 693 596 690 -7430 -8 3470 240 354 -225 -11 69 56
1534184202.3992925 650 568 609 693 596 691 -7380 444 3678 1003 -276 896 -7 68 55
1534184202.4807475 650 568 608 693 596 691 -7418 818 3630 207 666 -647 -9 70 55
1534184202.5389087 649 568 609 693 596 692 -7318 462 3682 575 11 -48 -12 70 55
1534184202.6013923 650 568 609 693 596 691 -7362 330 3508 1443 140 18 -11 68 54
1534184202.664007 650 568 609 693 596 691 -7438 658 3576 1986 72 983 -11 70 55
1534184202.7473204 650 568 608 693 596 691 -7214 1080 3786 1468 186 225 -11 69 53
1534184202.8042493 650 568 608 693 596 690 -7422 694 3598 585 524 -751 -12 70 54
1534184202.8667355 650 568 608 693 597 691 -7644 48 3138 110 31 -1403 -17 69 54
1534184202.9450254 650 568 609 693 596 691 -7432 246 3544 1121 -552 2041 -14 72 52
1534184203.0167253 649 568 609 693 597 691 -7344 1030 3644 684 -241 2272 -13 69 54
1534184203.0699549 649 568 608 693 597 691 -7370 1330 3696 304 37 629 -14 67 54
1534184203.1479664 650 568 609 693 597 691 -7372 882 3612 91 337 -239 -18 69 55
1534184203.2150633 649 568 609 692 597 691 -7364 890 3560 283 139 348 -17 69 54
1534184203.2724123 650 568 608 693 597 692 -7376 994 3620 258 151 144 -16 69 52
1534184203.3346765 650 568 609 693 597 690 -7346 966 3596 252 113 97 -17 68 54
1534184203.3972738 649 568 609 693 597 691 -7354 928 3638 291 133 196 -16 69 52
1534184203.480728 649 568 609 693 597 691 -7360 1014 3596 285 154 283 -15 70 54
1534184203.5384705 650 568 608 693 596 692 -7340 1010 3600 298 173 75 -17 67 54
1534184203.6009548 650 568 609 693 596 691 -7368 972 3576 267 173 -28 -17 69 54
1534184203.6634402 649 568 609 693 597 690 -7358 1004 3534 290 163 67 -20 69 53
1534184203.74185 650 568 609 693 596 691 -7388 948 3554 233 170 82 -16 67 53
1534184203.805262 650 568 609 693 597 691 -7400 1018 3554 316 131 103 -17 67 55
1534184203.8675654 650 568 608 693 597 691 -7368 996 3596 266 129 -12 -16 70 52
1534184203.9300485 649 568 609 693 596 691 -7404 930 3576 276 130 238 -17 70 53
1534184204.0068872 650 569 609 693 597 691 -7370 1222 3692 -321 485 -1093 -17 69 54
1534184204.0694616 650 568 608 693 597 691 -7228 664 3416 -514 128 -108 -18 68 53
1534184204.1474812 649 568 608 693 596 690 -7122 1018 3478 -288 269 1067 -16 67 55
1534184204.2148716 650 568 608 692 596 691 -7022 1264 3964 239 -854 97 -17 68 52
1534184204.2739232 649 568 608 692 596 690 -7578 170 3382 556 276 1757 -17 69 52
1534184204.3364618 649 568 608 692 595 690 -7384 946 2836 679 -1140 2559 -14 67 57
1534184204.4145164 648 568 609 692 595 690 -7484 822 3906 1568 -5068 4110 -16 66 53
1534184204.4930916 649 568 608 692 594 691 -7336 1156 3290 -1368 700 -1013 -18 62 54
1534184204.555187 648 568 608 692 594 691 -7140 1526 4032 -632 1103 -1755 -19 64 53
1534184204.6175988 648 568 609 692 594 691 -7218 1430 4004 507 -44 1134 -18 61 56
1534184204.6975248 648 568 608 692 594 690 -7356 1236 3730 623 -405 358 -18 63 55
1534184204.7700005 649 568 608 693 595 691 -7604 848 3620 1963 -2120 -231 -18 62 53
1534184204.8357277 649 568 609 693 596 691 -6962 1266 4488 2632 720 -2255 -19 62 56
1534184204.8984084 649 568 608 692 596 691 -6904 1966 3678 -901 1968 -1553 -21 62 54
1534184204.9834507 649 568 609 692 596 691 -7346 822 3734 -1189 1350 -3277 -19 64 53
1534184205.040106 649 568 609 693 596 691 -7356 544 3722 189 255 109 -18 67 55
1534184205.102592 649 567 608 693 596 691 -7284 1064 3852 562 226 482 -16 69 55
1534184205.1820643 649 568 609 692 596 691 -7346 1000 3658 84 556 -318 -18 66 54
1534184205.2484143 649 568 608 693 596 690 -7272 936 3660 87 431 158 -17 67 54
1534184205.3037808 649 568 609 692 596 691 -7294 938 3742 192 215 140 -16 67 54
1534184205.3662786 649 568 608 693 596 691 -7370 1060 3680 161 506 91 -16 68 54
1534184205.4443305 649 568 609 692 596 691 -7298 900 3720 229 116 -35 -19 68 51
1534184205.5128348 649 568 608 692 596 691 -7294 970 3622 230 195 81 -17 68 53
1534184205.5707817 649 568 609 692 596 691 -7312 946 3700 210 203 81 -18 68 53
1534184205.6332653 649 568 609 693 596 691 -7366 940 3660 192 246 58 -14 68 54
1534184205.7061174 650 568 609 693 596 691 -7314 958 3656 284 183 17 -18 66 55
1534184205.7568796 649 568 609 692 596 691 -7316 914 3688 184 185 79 -17 67 54
1534184205.8350172 649 568 609 692 596 691 -7318 974 3670 342 164 207 -17 67 53
1534184205.8976552 649 568 608 693 596 690 -7386 960 3602 207 306 -66 -16 68 54
1534184205.9599593 650 568 608 693 596 691 -7278 896 3670 241 359 245 -18 69 51
1534184206.0224435 649 568 608 692 596 690 -7332 980 3662 277 259 166 -16 67 54
1534184206.1005504 649 568 608 692 596 691 -7372 958 3646 210 279 163 -18 67 53
1534184206.163036 649 568 608 692 597 691 -7342 1036 3584 273 277 275 -19 65 52
1534184206.2326658 649 568 608 692 597 691 -7322 980 3652 184 166 73 -16 68 55
1534184206.289345 649 568 609 692 596 691 -7378 1038 3598 251 216 6 -17 69 55
1534184206.3518467 650 568 608 692 596 691 -7376 966 3650 253 147 67 -16 69 53
1534184206.414317 649 568 609 692 596 691 -7346 992 3574 282 178 170 -15 71 53
1534184206.4943442 649 568 608 693 596 691 -7340 986 3626 224 139 155 -18 69 54
1534184206.5559247 650 568 608 692 596 691 -7344 1016 3548 241 197 120 -17 69 52
1534184206.6183527 650 568 608 693 597 690 -7346 978 3578 228 118 167 -17 68 52
1534184206.6902869 649 568 608 692 596 691 -7370 1024 3626 202 131 90 -17 71 52
1534184206.7559643 650 568 609 692 596 691 -7332 1044 3644 301 89 163 -17 69 53
1534184206.81828 650 568 609 692 597 691 -7370 1016 3560 192 209 -79 -18 69 54
1534184206.880808 650 568 608 692 597 691 -7358 1054 3632 313 117 147 -20 68 55
1534184206.9588735 650 568 608 693 596 691 -7392 1064 3588 224 92 -19 -18 67 53
1534184207.0238698 650 568 609 693 596 691 -7362 1050 3578 240 114 43 -18 69 55
1534184207.0863562 649 568 609 692 597 691 -7364 1054 3558 205 140 28 -18 68 53
1534184207.1488411 649 568 609 692 597 691 -7376 992 3540 279 134 99 -20 68 52
1534184207.2220948 650 568 609 693 596 691 -7362 1054 3532 255 90 -16 -19 69 54
1534184207.272403 650 568 609 693 597 691 -7350 1060 3650 222 99 57 -20 69 54
1534184207.3505108 650 568 608 692 596 691 -7374 1058 3602 257 90 93 -17 69 54
1534184207.4131687 649 568 608 692 597 691 -6758 1548 3824 -1252 1756 -2953 -18 70 54
1534184207.4939437 650 568 608 692 596 691 -7572 706 3340 734 -229 847 -17 68 52
1534184207.5553052 649 568 608 692 597 690 -7512 900 3392 853 -1440 785 -14 69 52
1534184207.61779 650 568 608 692 596 690 -7380 850 3656 70 -3445 3143 -18 70 54
1534184207.6938164 649 568 609 692 596 690 -6876 1722 3878 -384 666 2749 -18 66 53
1534184207.7566843 649 568 608 692 596 690 -7180 1510 3466 -315 -1382 -510 -18 65 55
1534184207.8347917 649 568 609 692 596 690 -7244 1070 4032 -974 1061 115 -18 62 54
1534184207.897276 649 568 608 692 595 690 -7358 904 3810 -141 2097 1031 -18 63 56
1534184207.975815 649 568 608 693 596 691 -7342 546 3932 412 -1071 1181 -16 65 54
1534184208.0388155 649 568 609 693 596 690 -7214 1592 3836 616 -1572 -197 -18 66 57
1534184208.1167433 649 568 609 692 596 690 -7116 2108 4298 -379 1459 -3470 -17 65 54
1534184208.1898227 649 568 609 693 596 691 -7498 620 3966 2805 -1604 3502 -17 65 55
1534184208.256196 649 568 609 693 596 690 -7080 1910 3898 357 1492 1120 -17 63 54
1534184208.3204193 649 568 608 693 596 691 -6956 1470 3742 1052 -135 -1454 -20 63 55
1534184208.3987122 649 568 608 692 596 691 -7464 1592 3860 -1332 2823 -2963 -21 63 53
1534184208.4683328 649 568 609 692 596 691 -7374 744 3666 -279 774 -639 -20 66 54
1534184208.5243518 650 568 608 692 596 691 -7348 1016 3654 444 230 516 -17 67 54
1534184208.602658 650 568 608 692 596 690 -7280 1256 3694 262 295 -118 -18 66 54
1534184208.6649437 649 568 608 692 596 691 -7348 954 3622 78 373 -295 -15 67 53
1534184208.736349 649 568 609 692 596 691 -7302 1080 3680 329 225 286 -17 66 53
1534184208.7879765 650 568 608 693 596 691 -7368 1144 3528 283 190 5 -18 68 54
1534184208.866084 649 568 608 692 596 691 -7332 1054 3610 227 190 -63 -17 67 53
1534184208.9286304 649 568 608 693 596 691 -7334 1060 3596 217 251 80 -17 68 56
1534184209.0011735 650 568 608 692 596 691 -7310 1072 3606 288 223 152 -17 66 54
1534184209.0547886 649 569 607 692 596 691 -7362 1134 3648 316 173 65 -16 70 54
1534184209.1170592 649 568 608 693 596 691 -7360 1098 3608 234 205 5 -18 69 53
1534184209.1970954 649 568 609 692 596 691 -7330 1082 3570 217 140 5 -18 68 52
1534184209.263404 649 568 608 692 596 691 -7346 1132 3634 255 140 -4 -16 69 53
1534184209.32208 649 568 609 692 596 691 -7372 1048 3564 240 189 -13 -16 68 52
1534184209.384348 649 568 608 692 596 690 -7358 1100 3616 233 159 -31 -17 70 54
1534184209.4624574 650 568 608 692 596 691 -7334 1042 3582 205 180 37 -19 68 53
1534184209.5237818 650 568 608 692 596 691 -7342 1130 3556 212 100 50 -17 67 55
1534184209.5862677 650 568 609 692 596 691 -7346 1014 3564 163 199 -78 -17 71 54
1534184209.648773 650 568 608 692 596 690 -7328 1106 3640 280 130 110 -19 68 54
1534184209.7317426 649 568 608 693 596 691 -7330 1052 3602 236 173 -142 -17 69 53
1534184209.7872884 649 568 608 692 596 690 -7308 1078 3594 238 116 18 -18 68 54
1534184209.8498054 650 568 609 692 596 691 -7366 1094 3588 177 165 -68 -18 66 54
1534184209.9280758 650 568 608 693 597 690 -7372 1040 3538 277 174 154 -16 68 53
1534184209.9946496 650 568 608 692 596 690 -7342 1090 3580 182 86 0 -17 68 52
1534184210.0539262 649 568 608 693 596 691 -7344 1064 3662 181 107 100 -16 68 54
1534184210.1164107 649 568 608 693 596 691 -7352 1092 3572 295 164 16 -17 68 54
1534184210.195829 649 568 608 692 596 691 -7362 1036 3540 333 159 -19 -17 68 54
1534184210.2622736 649 568 608 693 597 690 -7336 1078 3544 353 207 -12 -18 69 52
1534184210.3202083 649 568 608 692 596 690 -7366 1072 3598 283 157 -2 -19 68 54
1534184210.3828776 649 568 609 692 596 691 -7362 1096 3584 251 166 8 -18 69 54
1534184210.4594305 649 568 608 692 596 691 -7352 1104 3498 253 134 75 -18 70 52
1534184210.523 649 569 608 692 596 691 -7340 1028 3640 267 138 105 -18 68 54
1534184210.5854864 650 568 608 692 596 690 -7390 1166 3518 331 99 112 -18 68 54
1534184210.6479745 649 568 609 692 597 691 -7364 1072 3622 112 247 -154 -17 67 55
1534184210.726549 649 568 608 692 596 691 -7346 1116 3598 437 94 155 -18 66 54
1534184210.7891414 649 568 609 693 596 690 -7540 1144 3532 -466 1139 -1033 -20 69 54
1534184210.8672485 649 568 608 692 597 691 -7896 1050 3410 1014 -339 761 -18 69 52
1534184210.9297445 649 568 608 692 596 690 -7124 1148 4348 51 -247 -218 -17 69 52
1534184211.0040936 649 568 608 692 596 691 -7076 1718 4828 790 -788 2392 -16 65 53
1534184211.0728872 649 568 608 692 595 691 -7396 1812 3412 -152 1121 760 -19 63 56
1534184211.135372 648 568 608 692 594 691 -7404 1242 2802 602 -5107 -553 -19 66 53
1534184211.2122073 648 568 609 692 594 691 -6834 2194 4046 -802 10 -1544 -18 64 56
1534184211.2722826 648 568 608 692 594 691 -7012 1636 3832 400 264 618 -19 62 57
1534184211.3347652 649 568 609 692 594 691 -7640 550 3576 -19 773 671 -17 61 55
1534184211.412871 648 568 609 692 595 691 -6888 968 4148 465 -1037 2236 -17 62 56
1534184211.4849184 649 568 609 693 595 690 -7174 1802 3808 1554 2134 1173 -19 61 54
1534184211.553867 649 568 609 693 595 691 -7374 1606 3752 1898 1963 -1224 -19 62 53
1534184211.6163523 649 568 608 692 596 691 -7062 1184 3642 1945 -1673 -686 -21 65 56
1534184211.6959362 649 569 609 692 596 691 -7178 1824 3736 -562 1203 -1733 -21 64 51
1534184211.7569242 649 568 608 692 596 691 -7322 1016 3598 -107 619 -1398 -20 66 53
1534184211.8350313 649 568 608 692 596 691 -7356 1254 3616 421 124 326 -20 67 55
1534184211.8975594 649 568 608 692 596 691 -7260 1382 3636 92 196 -203 -20 67 54
1534184211.9717157 649 568 608 693 596 691 -7322 1170 3538 145 270 -158 -20 65 53
1534184212.0370665 649 568 608 692 596 690 -7346 1268 3556 276 222 245 -18 69 53
1534184212.0997488 649 568 608 692 596 690 -7328 1348 3554 253 137 93 -19 67 53
1534184212.1620355 649 568 609 693 596 691 -7362 1194 3494 234 207 93 -20 69 53
1534184212.249699 650 568 608 692 596 691 -7356 1344 3502 206 221 -34 -20 69 54
1534184212.2894285 650 568 608 693 596 691 -7324 1260 3560 224 154 65 -19 68 53
1534184212.3675342 649 568 608 693 596 691 -7328 1270 3550 165 167 -28 -19 69 54
1534184212.4300182 649 568 608 693 596 690 -7322 1280 3582 228 152 78 -18 68 52
1534184212.4901648 649 568 608 692 596 691 -7330 1324 3566 288 153 25 -18 67 53
1534184212.5684075 649 568 609 693 596 691 -7360 1232 3534 213 147 -65 -20 70 53
1534184212.6307597 649 568 608 692 596 691 -7332 1296 3518 302 162 101 -20 67 53
1534184212.7032974 649 568 608 692 596 691 -7392 1218 3544 245 108 -43 -20 67 52
1534184212.7567146 649 568 608 693 596 690 -7346 1258 3558 246 152 10 -19 70 53
1534184212.8348227 649 569 608 692 596 691 -7342 1320 3544 227 138 91 -19 66 54
1534184212.8973103 649 568 608 693 596 691 -7386 1242 3532 196 183 -17 -20 69 53
1534184212.969696 650 568 608 693 596 691 -7354 1242 3494 224 105 -56 -21 69 54
1534184213.023343 650 568 608 692 596 691 -7322 1228 3488 207 144 24 -20 67 53
1534184213.101447 649 568 608 692 596 690 -7376 1260 3582 177 159 104 -17 69 54
1534184213.1639326 649 568 608 692 596 690 -7350 1200 3544 264 97 117 -19 68 52
1534184213.2347438 650 568 609 692 596 691 -7340 1314 3494 209 174 10 -21 70 53
1534184213.288658 649 568 608 693 596 691 -7360 1226 3538 234 108 99 -19 68 53
1534184213.3513198 649 568 608 693 596 691 -7336 1278 3646 262 92 134 -18 69 52
1534184213.4292517 649 568 608 692 596 690 -7394 1246 3542 206 126 -20 -18 69 54
1534184213.4992847 649 568 608 692 596 691 -7334 1266 3558 187 171 45 -19 67 53
1534184213.5700111 649 568 608 692 596 691 -7348 1262 3542 287 136 41 -19 67 51
1534184213.616874 650 568 609 692 596 691 -7400 1258 3574 307 147 -6 -18 68 52
1534184213.6968372 650 568 608 692 596 691 -7378 1282 3466 234 154 21 -19 66 52
1534184213.764601 649 568 608 693 596 691 -7354 1244 3508 231 127 140 -18 68 51
1534184213.8206897 650 568 608 693 596 691 -7358 1310 3540 193 147 9 -20 69 53
1534184213.8832884 649 568 608 692 596 690 -7358 1224 3514 216 161 62 -20 69 52
1534184213.9614706 649 568 608 692 596 691 -7338 1304 3538 187 146 18 -19 71 51
1534184214.021348 649 568 608 692 596 691 -7362 1264 3552 260 106 -24 -20 70 53
1534184214.0838337 649 568 608 692 596 690 -7374 1290 3464 298 128 58 -17 68 51
1534184214.1463177 649 569 608 692 596 691 -7366 1262 3562 258 127 163 -19 68 52
1534184214.229056 649 568 608 692 596 690 -7314 1324 3538 208 147 67 -18 70 53
1534184214.2898138 649 568 609 692 596 690 -7256 1366 3624 -381 1280 -1529 -19 69 52
1534184214.3679228 649 569 608 692 596 690 -7208 1070 3516 -236 897 -601 -18 68 53
1534184214.430613 649 568 608 692 596 690 -7140 1746 3436 1695 -1529 1635 -17 72 54
1534184214.5066466 649 568 609 692 596 691 -7228 1284 3456 12 -960 1623 -19 67 53
1534184214.5691333 649 568 608 692 596 691 -6998 1584 4260 -51 2016 2672 -21 66 50
1534184214.6472385 649 568 608 692 595 691 -7274 1994 3724 -316 -1308 1467 -22 64 53
1534184214.7150536 649 568 609 692 595 690 -7256 1552 4530 145 -1282 70 -22 63 52
1534184214.7733917 649 569 608 692 595 690 -7652 1136 3072 759 -1326 522 -21 61 55
1534184214.8514986 649 568 608 692 595 691 -7018 1928 3832 -621 163 -4582 -22 62 54
1534184214.9139843 649 568 609 692 595 691 -7312 1294 4126 1254 -863 2004 -21 62 55
1534184214.9970698 649 568 608 692 595 691 -7384 1892 3740 -1219 4771 -6853 -21 62 53
1534184215.0540602 649 568 608 692 595 690 -7478 16 3414 1319 -707 -1108 -17 64 55
1534184215.1322553 650 568 609 693 595 691 -7284 1496 3786 910 773 3488 -16 65 55
1534184215.201634 649 568 608 692 596 691 -7066 1816 3834 20 348 -350 -18 68 55
1534184215.2704494 649 568 608 693 596 691 -7400 982 3514 103 1028 -1292 -20 65 52
1534184215.3286412 649 568 608 692 596 691 -7378 1104 3530 652 37 677 -18 67 52
1534184215.3912175 649 568 608 692 596 690 -7304 1328 3664 383 253 229 -18 68 53
1534184215.469394 649 568 608 692 596 692 -7330 1206 3584 193 256 -7 -19 66 52
1534184215.5239234 650 568 608 692 596 691 -7362 1282 3586 367 187 223 -20 68 54
1534184215.6020308 649 568 608 692 596 690 -7300 1284 3596 263 249 115 -19 68 52
1534184215.6645148 649 568 608 692 596 690 -7344 1240 3520 288 180 93 -20 66 54
1534184215.7357898 649 568 608 693 596 691 -7388 1252 3608 145 180 -2 -21 68 53
1534184215.7895114 650 568 608 692 596 691 -7408 1290 3520 204 150 16 -19 70 53
1534184215.867515 649 568 608 692 596 691 -7352 1264 3550 192 209 37 -21 69 53
1534184215.9302142 649 568 608 692 596 691 -7326 1222 3552 228 117 57 -20 67 52
1534184215.989971 649 568 608 692 596 691 -7328 1262 3580 183 180 -88 -19 67 54
1534184216.0525753 650 568 608 693 596 692 -7344 1238 3570 274 157 96 -19 68 54
1534184216.130774 649 568 608 692 596 691 -7310 1234 3534 205 129 -11 -19 69 52
1534184216.1997159 649 568 608 692 596 691 -7354 1214 3536 271 119 22 -18 67 53
1534184216.257166 649 568 608 692 596 691 -7364 1256 3480 204 137 46 -20 68 50
1534184216.3196483 649 568 608 692 596 691 -7338 1246 3558 264 125 92 -19 69 52
1534184216.3977668 649 568 608 692 596 691 -7326 1202 3608 227 137 54 -19 67 53
1534184216.4633996 649 568 608 692 596 691 -7372 1278 3580 238 113 29 -19 67 52
1534184216.522305 649 568 608 692 596 691 -7314 1198 3596 252 166 46 -19 68 53
1534184216.5847821 649 569 608 692 596 691 -7322 1264 3500 159 167 -16 -18 68 51
1534184216.6630075 649 568 608 692 596 690 -7358 1252 3598 250 117 143 -21 70 52
1534184216.7309382 649 568 608 692 596 690 -7318 1230 3550 202 186 -60 -18 70 54
1534184216.789625 649 568 608 692 596 691 -7366 1284 3474 231 171 28 -18 68 52
1534184216.8521106 649 568 609 692 596 691 -7370 1250 3528 248 123 90 -20 69 53
1534184216.9302187 650 568 608 692 596 691 -7344 1230 3534 227 116 14 -18 67 53
1534184216.9937956 649 568 609 692 596 691 -7362 1278 3534 244 193 7 -20 70 54
1534184217.053137 649 568 608 692 596 691 -7348 1242 3554 210 143 62 -18 67 53
1534184217.1155295 650 568 608 692 596 691 -7368 1324 3530 233 140 31 -19 69 53
1534184217.1779222 649 568 608 692 596 691 -7368 1220 3528 227 121 71 -16 66 53
1534184217.256914 650 569 608 693 596 691 -7354 1276 3550 225 115 -2 -19 67 52
1534184217.3193972 649 568 609 692 596 691 -7368 1264 3452 188 142 -121 -19 69 51
1534184217.3821023 650 568 608 692 596 691 -7334 1204 3496 293 82 117 -19 68 54
1534184217.4591267 650 569 609 692 596 691 -7338 1232 3504 261 168 -59 -18 70 54
1534184217.522755 650 568 608 692 596 690 -7382 1266 3474 166 181 -103 -19 67 52
1534184217.600863 650 568 608 693 596 690 -7358 1292 3526 312 123 95 -19 68 54
1534184217.6477256 650 568 608 692 596 691 -7368 1242 3572 268 127 5 -19 68 54
1534184217.7238426 649 568 608 692 596 691 -7342 1242 3542 243 172 21 -19 67 55
1534184217.789755 649 569 608 692 596 691 -7322 1282 3506 214 175 -9 -19 68 54
1534184217.852241 649 569 609 692 596 691 -7382 1244 3544 238 129 49 -19 69 54
1534184217.9148653 650 568 608 692 596 691 -7224 1416 3484 34 321 -600 -18 70 54
1534184217.9896064 650 568 608 693 596 690 -7488 1248 3628 277 130 401 -19 69 54
1534184218.0546288 650 568 608 692 596 690 -7510 1276 3676 499 -1406 1213 -19 68 54
1534184218.1171103 649 568 608 692 596 690 -7646 1316 3774 469 -1410 121 -17 67 52
1534184218.1971653 649 569 608 692 596 690 -7552 1160 3628 364 -3340 975 -19 65 53
1534184218.2845328 649 568 608 692 596 690 -7180 1434 3718 1030 -1017 1461 -18 63 56
1534184218.3374748 649 568 609 692 595 690 -7298 1480 3358 -873 2294 1137 -20 63 53
1534184218.4002256 649 568 608 692 595 691 -6986 1614 3830 -912 -52 -684 -20 63 53
1534184218.47984 649 568 608 692 594 690 -6794 1540 4200 -1056 2116 -185 -19 63 54
1534184218.5388823 648 568 608 692 594 691 -6994 1512 4050 -729 1526 -406 -20 63 53
1534184218.616987 649 568 608 692 594 691 -6962 2194 4296 720 -535 1504 -20 65 56
1534184218.6890662 649 568 608 693 594 691 -7350 1080 3610 707 -587 -822 -19 60 55
1534184218.7594502 649 568 608 692 595 691 -7174 1752 4054 207 2879 -3239 -22 61 54
1534184218.8218262 649 568 608 692 595 691 -7358 974 3602 679 994 -3116 -18 61 55
1534184218.8844063 649 568 608 692 596 691 -6336 1312 3846 505 1951 861 -19 64 54
1534184218.9691403 649 568 608 692 596 690 -7334 1366 3632 -658 1090 -1316 -20 66 53
1534184219.0237348 649 569 608 692 596 691 -7386 870 3548 173 462 -105 -17 67 53
1534184219.0864205 649 568 608 692 596 691 -7346 1210 3624 406 253 452 -17 67 53
1534184219.1643283 649 569 608 692 596 691 -7344 1220 3618 173 279 -135 -18 67 54
1534184219.2352104 649 568 608 692 596 691 -7340 1134 3660 164 326 211 -17 66 53
1534184219.2893012 649 568 608 692 596 690 -7328 1160 3534 320 212 149 -18 68 52
1534184219.3672156 649 568 608 692 596 691 -7336 1226 3546 149 239 -112 -18 69 53
1534184219.429636 649 568 608 692 596 691 -7354 1138 3532 321 145 123 -17 69 53
1534184219.5037603 649 568 608 692 596 690 -7350 1148 3598 218 219 -8 -16 67 52
1534184219.5707083 649 568 608 693 596 691 -7360 1164 3528 234 161 35 -18 69 53
1534184219.6331425 649 568 608 692 596 691 -7364 1190 3606 277 138 68 -18 67 53
1534184219.6976194 649 568 608 692 596 691 -7370 1154 3574 262 153 7 -19 69 53
1534184219.768232 649 569 608 692 596 691 -7372 1206 3520 248 123 104 -19 67 54
1534184219.8209057 649 568 608 692 596 691 -7360 1132 3580 196 171 -56 -19 69 51
1534184219.8990119 649 568 608 692 596 691 -7334 1166 3542 230 106 69 -17 70 53
1534184219.967094 649 568 608 693 596 691 -7380 1166 3626 235 142 31 -18 70 54
1534184220.0231767 649 568 608 692 596 691 -7380 1204 3530 199 175 -32 -18 70 53
1534184220.0856626 649 568 608 692 596 691 -7362 1128 3530 252 113 48 -19 69 53
1534184220.1639569 650 568 608 692 596 691 -7334 1184 3550 214 186 40 -15 69 53
1534184220.2325752 649 568 608 692 596 691 -7336 1156 3552 224 155 27 -19 69 55
1534184220.2893429 649 568 608 692 596 691 -7366 1222 3568 256 142 23 -18 69 52
1534184220.3518293 650 568 608 692 596 691 -7356 1120 3530 247 156 48 -19 69 55
1534184220.4300656 650 568 608 692 596 691 -7380 1204 3556 213 145 33 -19 68 54
1534184220.4961402 650 568 608 693 596 691 -7352 1150 3600 227 157 -3 -16 66 53
1534184220.5535164 650 568 608 692 596 691 -7316 1186 3648 254 110 116 -20 67 53
1534184220.6159916 649 568 608 692 596 690 -7368 1150 3578 203 221 -23 -18 68 54
1534184220.6957433 650 568 608 692 596 691 -7358 1200 3560 286 127 90 -19 68 55
1534184220.7622771 650 568 608 692 596 691 -7352 1156 3518 200 133 -76 -18 68 52
1534184220.8203144 650 568 608 692 596 691 -7340 1146 3548 276 151 89 -15 67 53
1534184220.8827982 650 568 609 692 596 691 -7342 1166 3604 244 165 13 -17 69 54
1534184220.9609046 649 569 608 692 596 691 -7346 1156 3534 273 139 31 -18 67 51
1534184221.023851 649 568 608 692 596 691 -7404 1188 3504 245 111 43 -17 69 52
1534184221.0863385 650 568 608 692 596 691 -7356 1104 3604 304 151 135 -19 68 53
1534184221.1490524 649 569 608 693 596 691 -7378 1196 3516 230 126 26 -18 69 52
1534184221.2270796 649 569 608 692 596 690 -7344 1166 3530 235 146 -10 -18 67 54
1534184221.2901015 650 568 608 693 597 691 -7330 1174 3532 174 175 -13 -18 67 54
1534184221.3525882 650 569 608 692 596 690 -7348 1168 3518 301 147 33 -20 68 52
1534184221.4150808 649 569 608 692 596 691 -7370 1138 3552 259 130 -74 -17 69 54
1534184221.492911 650 569 608 693 597 690 -7370 1142 3564 289 85 174 -18 67 55
1534184221.5550025 649 569 608 692 596 691 -7376 1198 3504 203 178 -54 -20 70 54
1534184221.6174932 649 569 608 692 596 691 -7344 1128 3546 248 133 76 -20 70 54
1534184221.6892908 649 569 608 692 596 691 -7320 1198 3580 245 133 2 -17 70 54
1534184221.7567968 649 569 608 693 596 691 -7404 1174 3582 278 144 31 -19 68 54
1534184221.819974 650 569 608 692 596 691 -7378 1176 3564 246 128 -9 -20 68 53
1534184221.8823442 649 569 608 692 596 691 -7358 1172 3522 233 147 35 -19 70 56
1534184221.9448388 649 568 608 692 596 691 -7478 918 3454 72 65 406 -19 66 53
1534184222.019642 649 568 608 692 596 690 -7326 1182 3544 82 -307 596 -19 69 53
1534184222.086249 650 568 608 692 596 691 -7702 988 3550 379 -1412 2612 -17 68 54
1534184222.1488268 649 568 608 692 596 690 -7552 962 3658 516 -2301 2186 -17 67 54
1534184222.228242 649 568 608 692 596 690 -7502 1264 3326 667 -2965 2565 -21 64 55
1534184222.2878597 649 568 608 692 596 690 -7386 1450 3658 307 -45 2519 -21 64 53
1534184222.3503456 649 568 608 692 596 690 -7200 1668 3656 122 334 590 -19 63 55
1534184222.4284787 649 569 608 692 595 690 -7122 1952 4412 -226 -1011 -1002 -19 62 54
1534184222.5037875 649 568 609 692 595 690 -7020 1386 4368 -583 -19 -77 -20 61 53
1534184222.569983 649 568 608 692 595 691 -6980 1448 4240 -905 434 -636 -17 59 55
1534184222.6326702 649 568 608 692 595 690 -7226 1084 3598 200 -353 1279 -18 63 55
1534184222.711495 649 568 608 693 595 691 -6876 1832 3914 284 -121 -683 -16 64 55
1534184222.7724583 649 569 608 692 595 691 -7306 1412 3702 443 397 635 -18 61 55
1534184222.8359575 649 568 608 693 595 691 -7134 1664 4082 387 316 936 -21 60 55
1534184222.9140642 649 568 608 693 595 691 -6990 1688 4196 884 -653 1749 -19 59 56
1534184222.9858963 648 568 608 693 595 691 -7220 1168 3700 241 508 103 -21 61 55
1534184223.039586 649 568 608 693 595 690 -7024 1944 3902 708 2266 -1092 -20 60 55
1534184223.117696 649 568 608 692 595 691 -7204 1646 3718 75 1375 -5587 -20 62 52
1534184223.1856453 649 568 608 692 596 691 -7324 808 3762 503 816 -342 -20 65 55
1534184223.255114 649 569 608 692 596 691 -7120 1422 3794 580 975 515 -19 66 54
1534184223.3200154 649 568 608 692 596 691 -7296 1308 3666 69 700 -855 -19 66 55
1534184223.3827627 649 568 608 693 596 691 -7366 1020 3556 232 365 -81 -19 70 52
1534184223.4452364 649 568 608 692 596 691 -7312 1368 3646 406 202 255 -19 67 53
1534184223.5231826 649 568 608 692 596 691 -7314 1166 3520 94 278 -382 -18 68 53
1534184223.5869029 649 568 608 692 596 690 -7366 1232 3582 321 194 156 -17 71 52
1534184223.6492562 649 568 608 692 596 691 -7318 1238 3558 229 194 -35 -19 68 53
1534184223.7231758 649 568 608 693 596 691 -7350 1226 3550 191 226 43 -19 69 54
1534184223.7877364 649 568 608 692 596 691 -7330 1224 3532 285 159 -30 -17 68 52
1534184223.8502216 649 568 608 692 596 691 -7372 1194 3590 254 173 102 -19 67 53
1534184223.9127617 649 568 608 692 596 691 -7330 1200 3542 202 170 -36 -18 68 53
1534184223.9899676 649 569 608 692 596 691 -7310 1246 3566 271 141 69 -18 68 53
1534184224.053278 649 569 608 693 596 691 -7382 1216 3530 311 159 16 -17 66 54
1534184224.11576 649 568 608 692 596 691 -7378 1218 3596 194 173 -91 -18 69 53
1534184224.1879935 649 569 608 692 596 691 -7326 1200 3510 261 147 112 -19 70 53
1534184224.2575133 649 568 608 693 596 690 -7354 1244 3548 220 165 -13 -19 66 53
1534184224.3360612 649 568 608 692 596 691 -7368 1200 3584 248 146 5 -18 69 54
1534184224.3829246 649 569 608 692 596 691 -7378 1226 3540 164 134 -38 -19 68 53
1534184224.4454103 649 569 608 692 596 690 -7346 1200 3562 271 138 116 -18 69 51
1534184224.522 649 568 608 693 596 690 -7374 1216 3510 176 193 -11 -20 69 53
1534184224.584485 649 568 608 692 596 691 -7384 1256 3478 162 132 -66 -17 69 52
1534184224.6469722 649 569 608 693 596 690 -7354 1156 3516 276 101 -66 -19 67 52
1534184224.724492 649 568 608 692 596 690 -7348 1188 3514 291 167 -86 -19 69 54
1534184224.7880647 649 568 608 692 596 691 -7338 1194 3468 338 142 -35 -17 69 53
1534184224.850549 649 568 608 692 596 691 -7350 1154 3626 245 199 21 -19 69 53
1534184224.9130373 649 569 608 692 596 691 -7342 1272 3540 273 237 306 -19 69 53
1534184224.9911425 649 568 608 692 596 690 -7422 1110 3400 167 89 314 -17 70 53
1534184225.0538616 649 568 607 692 596 691 -7342 1386 3528 120 156 179 -18 68 52
1534184225.1161146 649 569 608 692 596 691 -7360 1142 3542 150 94 53 -19 69 52
1534184225.1785975 650 568 608 693 596 691 -7366 1240 3522 197 118 -1 -19 69 52
1534184225.2550645 649 569 608 692 596 691 -7358 1196 3546 223 108 -48 -18 70 52
1534184225.320948 650 568 608 693 596 691 -7384 1208 3562 208 219 -147 -18 69 52
1534184225.3834324 649 568 608 693 596 691 -7346 1144 3516 339 95 80 -17 72 53
1534184225.4459176 649 569 608 692 596 691 -7376 1210 3540 195 133 -52 -18 67 50
1534184225.5200613 649 569 608 692 596 691 -7338 1212 3512 171 114 2 -20 68 53
1534184225.5878468 650 568 608 692 596 691 -7384 1174 3560 235 125 102 -18 70 53
1534184225.6564553 650 568 608 692 596 691 -7378 1220 3526 218 102 -31 -17 69 53
1534184225.7209466 650 568 608 692 596 691 -7360 1162 3566 270 163 81 -19 68 53
1534184225.7741253 649 568 608 692 596 691 -7374 1200 3534 254 101 81 -17 69 51
1534184225.8522322 650 568 608 693 596 690 -7430 1166 3506 139 152 -24 -20 71 51
1534184225.9147153 650 569 608 692 596 690 -7328 1196 3506 217 147 14 -18 69 52
1534184225.9862819 649 568 608 692 596 691 -7398 1186 3508 151 213 -57 -18 70 53
1534184226.0522978 649 568 608 692 596 690 -7368 1232 3536 323 90 146 -16 69 53
1534184226.120117 650 569 608 692 596 691 -7334 1192 3516 189 135 -82 -20 70 55
1534184226.1859424 650 568 608 692 596 691 -7362 1088 3486 362 65 111 -16 68 54
1534184226.2517653 650 568 608 692 596 690 -7384 1282 3474 234 180 33 -19 68 53
1534184226.3265674 649 568 608 692 596 691 -7392 1180 3570 181 130 37 -18 68 53
1534184226.3993719 649 568 608 692 596 690 -7370 1242 3512 161 188 -67 -18 69 51
1534184226.4582174 649 569 608 692 596 690 -7396 1156 3498 276 126 23 -17 67 53
1534184226.5180545 649 569 608 692 596 690 -7380 1184 3524 287 182 -53 -17 68 52
1534184226.5848756 649 568 607 692 596 691 -7348 1140 3498 353 117 -19 -19 68 55
1534184226.6497023 649 568 607 692 596 690 -7352 1176 3460 233 98 65 -19 69 51
1534184226.7145288 649 568 608 692 596 691 -7400 1170 3526 250 137 0 -21 67 55
1534184226.7813513 649 569 608 692 596 691 -7438 1212 3454 279 111 150 -19 69 53
1534184226.8481715 649 568 608 692 596 690 -7368 1250 3550 171 73 111 -18 67 52
1534184226.9070675 649 569 608 692 596 691 -7468 1180 3554 7 203 -149 -18 72 54
1534184226.9808512 650 568 608 692 596 690 -7326 1234 3378 309 15 297 -18 70 53
1534184227.0381026 650 568 608 692 596 691 -7374 1156 3510 158 125 113 -19 68 53
1534184227.1137803 650 569 608 692 596 690 -7386 1216 3506 211 173 159 -17 68 55
1534184227.1720767 650 568 608 692 596 690 -7368 1204 3562 92 129 -16 -19 70 53
1534184227.2470698 650 568 608 692 596 691 -7358 1232 3588 224 -12 254 -17 70 55
