1533769744.361957 637 626 659 637 652 601 5282 -5972 -1920 63 194 -24 20 -33 -106
1533769744.440064 637 625 659 636 652 601 5370 -5770 -2018 514 242 33 21 -33 -105
1533769744.511363 637 625 660 636 652 601 5288 -5782 -1904 206 84 58 19 -32 -108
1533769744.5791836 637 625 659 636 652 601 5428 -5660 -1948 385 353 -126 19 -32 -106
1533769744.6417034 637 625 659 636 652 601 5356 -5870 -1872 347 174 74 21 -34 -107
1533769744.7209995 636 625 659 635 652 601 5472 -5572 -1946 639 468 26 20 -33 -104
1533769744.7898157 638 625 659 636 652 601 5288 -5898 -1934 -4 327 -51 20 -32 -105
1533769744.846266 637 625 659 635 652 600 5196 -5804 -1988 574 747 153 19 -30 -105
1533769744.924171 638 626 660 637 652 602 5578 -6006 -1490 59 224 183 19 -31 -106
1533769744.9868026 639 626 660 637 653 602 5270 -5934 -1918 -66 106 -200 20 -32 -107
1533769745.0963845 638 626 660 637 653 602 5414 -5878 -1778 379 400 -257 21 -33 -105
1533769745.2057319 639 625 660 637 652 602 5390 -5936 -1716 248 -105 -13 21 -34 -105
1533769745.2690635 639 626 660 637 653 603 5448 -5810 -1774 309 -288 385 20 -35 -104
1533769745.3111315 638 626 660 637 652 603 5436 -5926 -1644 -305 -1026 673 21 -33 -105
1533769745.3598204 638 626 660 637 653 602 5180 -5978 -2100 -235 -847 556 19 -32 -106
1533769745.4240727 638 625 660 637 653 602 5294 -5838 -2060 341 -60 196 23 -32 -108
1533769745.497665 638 625 660 637 652 602 5402 -5868 -1772 -4 -151 103 22 -31 -108
1533769745.5691803 638 626 660 637 653 602 4996 -6046 -2238 380 -18 88 23 -29 -109
1533769745.638909 638 625 660 637 652 602 5076 -5992 -2108 415 114 209 22 -29 -108
1533769745.7070422 638 626 660 637 652 602 5260 -5858 -2054 -25 79 -153 22 -30 -108
1533769745.8170235 638 626 660 637 653 602 5222 -5900 -2136 142 217 -105 23 -30 -107
1533769745.8468862 638 625 660 637 653 602 5178 -6080 -1956 225 306 -100 22 -31 -106
1533769745.9093707 638 625 660 637 653 602 5354 -5792 -1966 279 257 -186 21 -28 -105
1533769745.9876401 638 625 660 637 653 602 5218 -5946 -2014 291 186 -202 21 -31 -109
1533769746.0655196 638 625 660 637 653 602 5244 -5956 -1964 372 253 -238 22 -29 -107
1533769746.130157 637 625 660 636 653 600 5226 -5968 -1946 189 149 -14 20 -32 -108
1533769746.1926444 637 625 659 635 652 599 5230 -5842 -1984 283 216 -51 21 -31 -108
1533769746.2643464 637 625 660 635 653 600 5350 -5854 -1910 377 295 -196 18 -31 -108
1533769746.3486683 637 625 660 636 653 600 5220 -5948 -2040 216 251 -170 21 -31 -104
1533769746.407836 638 625 660 636 653 600 5266 -6036 -1878 -130 356 -431 20 -32 -106
1533769746.529618 637 625 660 636 653 600 5724 -5566 -1862 -691 249 -490 20 -31 -105
1533769746.5642304 637 625 660 636 653 600 5426 -5680 -1888 -1143 114 -1 20 -33 -106
1533769746.6267495 636 625 659 635 653 600 5428 -5860 -1876 470 441 -161 19 -32 -106
1533769746.6892347 637 625 660 635 653 600 5384 -5702 -2084 337 67 54 21 -30 -105
1533769746.7736564 636 625 659 635 653 599 5394 -5654 -1962 728 462 -29 18 -33 -108
1533769746.8450756 636 625 660 635 653 599 5330 -5898 -1954 650 385 -113 18 -33 -106
1533769746.9075212 636 625 659 634 653 598 5410 -5822 -1922 432 105 159 20 -32 -105
1533769746.9856286 635 624 660 634 653 598 5442 -5820 -1816 109 146 -219 20 -33 -107
1533769747.0573273 635 624 659 634 653 598 5488 -5812 -1864 363 274 -258 19 -32 -106
1533769747.125584 636 624 659 634 653 598 5326 -5828 -2006 592 414 -133 18 -32 -104
1533769747.2193117 635 625 660 634 653 598 5366 -5936 -1754 532 359 35 20 -34 -103
1533769747.26811 637 625 659 635 653 599 5394 -5676 -1854 650 462 -73 19 -32 -104
1533769747.32505 636 625 659 635 653 599 5636 -5682 -1654 320 242 -92 20 -34 -104
1533769747.4033628 636 625 660 635 652 598 5408 -5776 -1818 444 478 62 17 -32 -105
1533769747.4656434 636 625 659 634 653 598 5448 -5804 -1770 927 875 -269 19 -34 -104
1533769747.5497332 636 625 659 634 653 598 5554 -5684 -1626 323 343 -306 20 -32 -105
1533769747.610867 636 625 660 634 653 598 5538 -5992 -1496 -4 497 -169 18 -35 -102
1533769747.6889734 681 640 667 681 662 663 5570 -5872 -1592 279 418 -212 19 -35 -101
1533769747.7624302 682 640 667 683 663 665 5684 -5702 -1538 581 558 -442 18 -32 -101
1533769747.8292608 682 640 667 682 663 664 5656 -5746 -1496 361 360 -290 18 -33 -102
1533769747.9073696 682 640 667 682 663 664 5628 -5646 -1510 641 595 -84 17 -31 -103
1533769747.969854 682 640 667 683 663 666 5554 -5788 -1368 639 160 256 17 -35 -99
1533769748.0445771 683 640 667 684 663 666 5560 -5682 -1568 400 310 -404 19 -34 -101
1533769748.114669 683 640 667 684 663 666 5582 -5856 -1354 784 235 -91 20 -33 -101
1533769748.1725655 683 641 667 684 663 666 5690 -5702 -1352 447 348 -11 15 -34 -103
1533769748.2533948 683 641 667 685 663 667 5606 -5614 -1406 438 397 3 18 -34 -101
1533769748.3230715 684 641 667 685 663 667 5642 -5722 -1322 -19 174 -151 18 -35 -99
1533769748.3774078 684 641 667 685 663 667 5608 -5808 -1334 132 108 76 18 -34 -99
1533769748.4554758 684 641 667 685 664 668 5670 -5686 -1412 -318 -19 251 18 -34 -100
1533769748.538411 684 641 667 685 663 668 5672 -5786 -1244 7 210 -62 18 -36 -100
1533769748.6109169 684 641 667 685 663 667 5616 -5762 -1430 -223 -84 230 18 -33 -99
1533769748.6579025 683 640 667 684 663 666 5708 -5716 -1242 12 46 47 17 -33 -98
1533769748.7385695 682 640 667 683 663 665 5520 -5850 -1470 -41 -126 177 17 -34 -103
1533769748.805608 683 640 667 684 663 666 5650 -5658 -1406 9 37 -120 18 -35 -99
1533769748.8614223 681 640 667 682 663 664 5538 -5748 -1536 -235 -165 44 17 -37 -101
1533769748.9395328 683 640 667 683 663 665 5550 -5798 -1508 278 143 114 19 -33 -101
1533769749.0151088 683 641 667 683 663 665 5608 -5752 -1428 113 -8 127 19 -34 -99
1533769749.080553 682 640 667 683 663 665 5586 -5708 -1466 356 175 -48 18 -33 -101
1533769749.1422446 682 640 667 683 663 664 5554 -5718 -1564 162 95 10 18 -34 -102
1533769749.2202795 683 640 667 684 663 666 5550 -5674 -1580 255 146 -4 18 -37 -100
1533769749.2970634 682 640 667 683 663 665 5660 -5632 -1586 184 82 75 18 -34 -99
1533769749.359319 682 640 667 683 663 665 5554 -5792 -1506 171 189 -94 17 -36 -101
1533769749.4244077 682 640 667 683 663 665 5574 -5782 -1512 241 166 33 17 -34 -101
1533769749.48699 683 641 667 684 663 665 5574 -5736 -1490 388 252 -26 20 -34 -99
1533769749.5631752 683 640 667 684 663 665 5538 -5740 -1558 291 120 46 19 -34 -103
1533769749.6254249 682 640 667 683 663 664 5602 -5756 -1408 230 125 -9 19 -33 -101
1533769749.6879127 680 640 666 681 663 662 5572 -5806 -1446 247 96 97 18 -35 -99
1533769749.7709467 681 640 667 682 663 664 5570 -5678 -1514 219 115 0 18 -36 -103
1533769749.8289144 682 640 667 683 663 665 5570 -5704 -1564 11 96 -74 20 -36 -101
1533769749.9072287 682 640 666 683 663 664 5548 -5792 -1524 168 195 14 17 -35 -100
1533769749.9851887 683 640 667 684 663 666 5590 -5652 -1582 237 117 -13 17 -36 -101
1533769750.0488732 683 640 667 684 664 666 5556 -5838 -1396 -28 75 -116 19 -34 -102
1533769750.1181633 683 640 667 684 663 665 5528 -5814 -1524 220 138 24 20 -34 -102
1533769750.173546 681 640 667 683 663 664 5660 -5658 -1548 280 174 -12 19 -35 -100
1533769750.2583542 681 640 667 682 663 663 5522 -5750 -1524 62 182 -110 17 -35 -103
1533769750.3135586 681 640 667 683 664 664 5580 -5740 -1488 194 29 98 17 -33 -101
1533769750.3917987 681 640 667 682 663 663 5664 -5616 -1416 343 202 -40 17 -34 -100
1533769750.4542458 683 640 667 684 664 666 5510 -5814 -1478 120 160 -131 18 -33 -103
1533769750.5381377 683 641 667 685 664 667 5556 -5694 -1478 313 168 104 17 -34 -102
1533769750.5962088 684 641 667 685 664 667 5562 -5688 -1456 103 133 -103 17 -35 -99
1533769750.674222 684 640 667 685 664 667 5564 -5804 -1500 271 169 -112 16 -36 -101
1533769750.7464983 684 640 667 685 664 667 5586 -5796 -1478 341 86 92 17 -34 -101
1533769750.8130631 683 640 667 685 664 667 5606 -5692 -1482 153 126 -42 19 -34 -102
1533769750.8755622 685 641 667 686 664 668 5608 -5776 -1484 158 94 -26 20 -34 -99
1533769750.9536538 685 641 667 686 664 668 5588 -5786 -1448 357 177 61 17 -36 -100
1533769751.0252209 685 641 667 686 664 668 5540 -5726 -1538 246 254 -83 18 -33 -104
1533769751.0950475 685 641 667 686 664 669 5548 -5840 -1458 157 124 -26 17 -34 -101
1533769751.1562908 685 641 667 687 664 669 5558 -5734 -1536 267 113 34 19 -34 -99
1533769751.2320516 686 641 667 687 664 669 5622 -5646 -1412 319 121 43 19 -34 -100
1533769751.2970963 686 641 667 687 665 670 5620 -5704 -1534 209 239 -123 17 -34 -100
1533769751.376275 686 641 667 687 664 669 5574 -5832 -1394 117 193 -77 18 -33 -101
1533769751.438937 685 641 667 687 664 670 5632 -5674 -1638 176 -86 147 18 -34 -101
1533769751.514995 686 641 667 687 664 669 5596 -5702 -1436 305 205 -182 17 -35 -102
1533769751.5800588 683 640 667 684 663 665 5596 -5830 -1506 1246 574 -128 21 -34 -99
1533769751.6422856 681 640 667 683 663 664 5680 -5812 -1374 575 692 -274 17 -32 -99
1533769751.7266545 678 639 666 679 663 659 5708 -5794 -1240 -93 293 -24 17 -33 -100
1533769751.7964678 685 641 667 686 664 668 5552 -5722 -1456 877 859 -259 18 -34 -96
1533769751.8613825 686 641 667 686 665 669 5598 -5712 -1222 46 164 177 18 -37 -99
1533769751.9238663 686 642 667 687 665 670 5608 -5682 -1424 432 416 -355 18 -34 -101
1533769752.0073931 686 642 667 687 665 670 5596 -5654 -1358 591 1031 -602 19 -35 -99
1533769752.0799325 687 642 668 688 665 671 5870 -5660 -988 748 837 -433 17 -34 -97
1533769752.1424258 687 642 668 688 665 671 5638 -5712 -1298 230 421 -211 17 -36 -98
1533769752.2049541 686 642 667 687 664 671 5828 -5870 -774 482 305 -455 15 -35 -96
1533769752.2837968 684 641 667 686 662 671 5820 -5642 -1082 239 289 81 16 -35 -96
1533769752.3536165 684 641 667 687 662 674 5756 -5562 -1120 220 459 -267 18 -36 -98
1533769752.4240806 685 642 667 687 662 674 5748 -5658 -1094 397 511 -219 17 -36 -97
1533769752.486793 684 642 667 686 662 674 5848 -5612 -984 646 777 -338 15 -34 -95
1533769752.5638576 682 641 667 685 661 673 5898 -5534 -946 1073 1171 -650 17 -37 -96
1533769752.6263444 683 641 668 686 662 674 5932 -5438 -628 1313 1136 -671 15 -35 -95
1533769752.7044516 683 641 667 686 662 674 5876 -5458 -710 267 502 -139 16 -36 -91
1533769752.785993 683 641 667 686 662 673 5970 -5412 -864 250 715 -390 15 -34 -92
1533769752.8430707 686 642 668 688 663 675 5884 -5512 -748 322 648 -476 14 -37 -90
1533769752.9106185 691 643 668 693 666 677 5998 -5588 -616 831 421 150 13 -36 -91
1533769752.973105 695 645 669 696 668 681 5978 -5532 -532 1124 484 24 14 -38 -91
1533769753.0487826 691 643 668 692 667 676 5958 -5382 -528 441 490 -246 15 -36 -89
1533769753.117175 674 638 666 675 661 656 6082 -5322 -406 492 322 -19 12 -36 -88
1533769753.173156 673 637 666 672 662 652 5954 -5570 -432 265 14 108 15 -37 -90
1533769753.2544744 668 635 665 667 660 650 6054 -5668 -332 -429 -388 476 15 -37 -87
1533769753.3137813 678 637 667 677 666 655 5918 -5706 -472 283 296 -386 14 -35 -89
1533769753.3918707 694 641 669 695 671 678 5928 -5606 -316 263 105 -299 15 -35 -91
1533769753.469919 692 641 669 692 670 674 6032 -5550 -368 -480 -197 -207 14 -35 -89
1533769753.532896 702 644 671 702 673 688 5866 -5664 -670 344 355 -128 14 -37 -89
1533769753.595277 701 644 671 701 672 689 5808 -5814 -776 1663 1449 -882 15 -37 -90
1533769753.6733837 687 639 669 689 669 671 6052 -4816 -352 -2734 -14 -822 13 -38 -88
1533769753.74553 675 637 667 676 663 654 5860 -5626 -734 -468 -517 941 13 -36 -88
1533769753.8146136 656 630 664 658 657 637 5936 -5494 -514 261 362 -101 14 -37 -89
1533769753.8770995 663 633 665 665 658 652 5984 -5512 -484 193 116 -22 13 -38 -88
1533769753.9397535 660 633 665 662 656 650 5978 -5464 -476 196 73 38 14 -38 -90
1533769754.0155368 658 633 665 662 655 650 5966 -5472 -470 204 120 65 15 -35 -89
1533769754.0809116 655 632 664 658 654 647 5924 -5502 -576 182 10 218 13 -35 -88
1533769754.1574876 653 632 664 658 653 647 6014 -5480 -518 165 306 -187 13 -36 -90
1533769754.2198246 652 632 664 657 653 646 5898 -5546 -612 287 206 -24 12 -35 -89
1533769754.286534 655 632 664 659 654 646 6006 -5490 -448 12 -111 94 12 -35 -90
1533769754.35625 652 631 664 657 654 644 5920 -5582 -472 210 206 -116 14 -36 -90
1533769754.4231522 655 632 664 659 654 647 5912 -5556 -574 127 -1 252 15 -35 -89
1533769754.4855862 653 632 664 657 652 647 6006 -5470 -604 145 201 -79 14 -37 -91
1533769754.5579324 654 633 664 659 653 649 5932 -5536 -598 194 186 26 13 -34 -89
1533769754.6105962 670 636 666 673 662 655 5980 -5500 -524 128 118 90 13 -36 -88
1533769754.6887028 669 636 666 671 662 651 5904 -5558 -562 196 174 -81 14 -37 -88
1533769754.759626 672 636 666 673 663 654 5926 -5508 -538 115 66 62 14 -36 -90
1533769754.8439069 666 635 665 668 661 646 6010 -5516 -502 207 206 -18 16 -37 -91
1533769754.8907812 668 635 666 670 662 649 5944 -5566 -552 117 128 -42 15 -36 -90
1533769754.9532564 666 635 665 667 661 648 5918 -5556 -498 97 46 127 14 -37 -88
1533769755.0278232 664 634 665 665 659 647 5960 -5462 -602 254 199 79 13 -36 -90
1533769755.0805428 669 635 666 670 663 647 5964 -5492 -572 93 140 -56 14 -37 -88
1533769755.1575854 671 636 666 671 664 650 5894 -5554 -600 351 155 21 14 -34 -89
1533769755.2300224 671 636 666 671 663 649 6036 -5418 -530 173 67 133 14 -38 -88
1533769755.2973475 670 635 665 670 663 647 5938 -5576 -560 110 120 -84 14 -38 -89
1533769755.3613353 668 635 665 669 663 647 5962 -5542 -602 211 52 -1 15 -35 -92
1533769755.4240394 671 636 666 672 664 650 5900 -5544 -646 311 102 137 17 -36 -90
1533769755.5019255 671 636 666 671 664 649 5992 -5494 -552 156 77 78 14 -37 -89
1533769755.5635896 670 634 666 669 663 646 5918 -5556 -586 221 169 -87 15 -38 -89
1533769755.626075 671 636 666 670 663 648 5950 -5488 -664 209 128 22 14 -38 -87
1533769755.6887012 670 636 666 670 663 647 5932 -5608 -562 121 59 -11 14 -37 -90
1533769755.7661974 669 636 665 670 663 647 5940 -5520 -656 206 53 11 15 -38 -90
1533769755.8301718 668 635 666 668 663 645 5974 -5556 -526 194 196 -86 13 -35 -91
1533769755.8929174 668 635 666 669 663 645 5912 -5512 -682 111 66 28 15 -36 -90
1533769755.953092 668 635 666 668 663 646 6004 -5470 -518 24 93 -44 15 -35 -90
1533769756.0325956 669 635 666 669 663 646 5858 -5608 -640 286 199 51 12 -37 -91
1533769756.101756 669 635 665 669 663 646 5946 -5540 -574 237 190 -70 14 -36 -90
1533769756.1831958 668 635 665 668 663 644 5954 -5516 -584 119 177 -82 15 -36 -89
1533769756.238533 668 635 665 669 663 646 5924 -5502 -624 152 274 -113 13 -37 -89
1533769756.2967384 667 635 665 668 663 645 5968 -5484 -628 129 43 72 15 -38 -91
1533769756.3611422 667 635 666 667 663 643 5940 -5554 -516 358 189 -221 13 -37 -89
1533769756.4398484 666 635 665 666 662 642 5916 -5558 -586 286 68 43 15 -37 -87
1533769756.5083227 667 635 666 667 663 643 5964 -5520 -540 317 272 -186 13 -36 -90
1533769756.5644894 667 635 665 667 663 644 5916 -5518 -552 338 197 -138 14 -38 -88
1533769756.642778 668 635 665 668 663 645 5970 -5508 -634 291 262 -130 13 -37 -89
1533769756.7050843 669 636 666 670 663 647 5946 -5516 -552 254 311 -115 14 -35 -90
1533769756.7811985 669 636 666 670 663 646 5956 -5522 -550 155 149 -65 15 -36 -89
1533769756.8749282 671 636 666 671 664 649 5986 -5518 -448 282 178 -102 14 -37 -89
1533769756.9061713 670 636 666 670 663 648 5962 -5482 -592 289 59 -4 12 -35 -88
1533769756.9842784 667 635 666 667 662 643 5988 -5442 -544 321 -50 -60 15 -38 -87
1533769757.0549886 663 634 665 664 662 640 6062 -5416 -512 124 102 -18 14 -39 -91
1533769757.1230438 666 634 665 666 663 643 5614 -5604 -522 822 131 -58 12 -36 -89
1533769757.1886094 665 634 665 666 662 644 5930 -5458 -466 156 319 -405 14 -38 -89
1533769757.261573 654 632 664 657 656 642 6002 -5568 -386 141 320 -334 14 -34 -89
1533769757.3145971 676 638 667 676 665 657 5980 -5754 -356 -68 52 -288 12 -37 -87
1533769757.3921978 684 641 669 686 668 670 6002 -5200 -704 109 -315 -613 12 -37 -88
1533769757.455487 691 642 670 690 671 678 6050 -5196 -792 126 341 -794 14 -37 -88
1533769757.5583303 707 647 672 708 675 702 6058 -5464 -420 215 405 -387 10 -37 -87
1533769757.5956755 711 647 673 711 677 707 6018 -5262 -616 193 59 -352 12 -37 -87
1533769757.6738865 714 646 673 711 679 708 6142 -5410 -414 -133 85 -126 11 -37 -89
1533769757.7460847 710 645 672 706 677 703 5850 -5892 -494 522 1031 -212 11 -38 -88
1533769757.8133018 654 631 666 662 652 666 6154 -5038 180 -5342 1439 489 11 -38 -85
1533769757.875571 655 632 666 662 651 668 6230 -5308 -662 564 -251 791 12 -38 -87
1533769757.9380236 632 625 662 641 646 637 6080 -5224 -790 764 115 195 10 -36 -87
1533769758.0202057 667 633 666 669 664 653 6034 -5308 -514 86 158 165 11 -36 -86
1533769758.0800784 662 631 666 663 662 646 6070 -5386 -610 440 -147 367 11 -37 -86
1533769758.1575882 661 631 665 662 662 643 6078 -5354 -616 125 -28 63 12 -37 -86
1533769758.236333 662 631 665 662 662 642 6080 -5382 -706 160 -83 141 12 -37 -85
1533769758.2919178 659 630 665 659 662 638 6038 -5368 -688 305 126 45 12 -38 -87
1533769758.3580983 653 628 664 652 660 628 6064 -5464 -672 117 71 -10 13 -38 -86
1533769758.424307 652 628 664 653 661 627 6032 -5442 -640 313 147 -27 14 -37 -85
1533769758.486583 652 627 664 652 661 625 6058 -5418 -642 328 -52 250 11 -38 -87
1533769758.5611925 650 627 663 649 660 622 6118 -5370 -622 135 50 64 11 -38 -86
1533769758.6259778 650 627 663 649 660 623 5960 -5526 -664 159 74 25 12 -36 -88
1533769758.6884637 647 626 663 647 659 621 6004 -5414 -702 339 74 153 11 -37 -87
1533769758.7597773 645 626 663 645 658 618 6146 -5366 -656 8 183 -29 11 -38 -89
1533769758.813901 643 626 663 644 657 619 5960 -5536 -666 261 121 35 15 -37 -87
1533769758.8920083 643 625 662 643 658 615 6064 -5350 -648 143 69 76 14 -37 -87
1533769758.9547577 644 625 662 643 659 615 6016 -5458 -714 215 267 -134 13 -38 -87
1533769759.0274503 640 625 662 640 658 611 5936 -5474 -698 122 68 26 12 -37 -88
1533769759.0814488 639 624 662 639 658 609 6072 -5404 -682 177 89 -20 12 -36 -88
1533769759.1508336 638 623 662 637 658 607 5974 -5476 -762 230 97 -34 13 -38 -89
1533769759.228828 637 624 661 637 658 607 6086 -5378 -672 242 65 -29 12 -37 -89
1533769759.2970078 635 623 661 634 656 603 5988 -5462 -668 316 211 -49 12 -37 -88
1533769759.360479 634 622 661 633 656 602 6024 -5398 -718 200 68 37 12 -37 -87
1533769759.4229643 633 622 661 632 655 602 5980 -5454 -704 297 186 -68 12 -37 -87
1533769759.4854498 634 623 661 633 657 602 6044 -5412 -700 198 47 10 13 -36 -87
1533769759.581034 634 623 661 633 657 601 6024 -5440 -648 272 203 -73 11 -39 -89
1533769759.6278996 634 623 661 633 657 601 5992 -5456 -802 192 91 58 14 -36 -87
1533769759.690646 635 623 661 633 657 601 6042 -5376 -598 204 204 -132 13 -37 -88
1533769759.7662802 635 623 661 634 658 601 5980 -5444 -736 233 138 6 11 -37 -87
1533769759.831731 635 623 661 633 657 601 6100 -5370 -678 122 79 -23 12 -37 -88
1533769759.8942158 634 623 661 633 658 600 5994 -5458 -746 255 131 -8 11 -35 -88
1533769759.9568064 634 623 661 633 657 600 6040 -5420 -676 309 157 43 12 -36 -90
1533769760.0337589 634 623 661 633 657 600 6086 -5388 -658 197 108 2 13 -37 -87
1533769760.1014528 634 623 661 633 658 600 5990 -5468 -652 311 181 -51 12 -37 -88
1533769760.1567683 635 623 661 633 658 600 6068 -5354 -720 173 -6 191 13 -35 -87
1533769760.2503057 634 623 661 633 658 600 6038 -5502 -616 56 252 -147 13 -36 -88
1533769760.3028984 634 623 661 633 658 600 5998 -5494 -744 236 2 113 12 -37 -88
1533769760.3605492 634 623 661 633 657 600 6064 -5402 -600 158 193 -99 12 -39 -88
1533769760.4230936 635 623 661 633 657 600 5908 -5530 -718 252 61 20 10 -38 -90
1533769760.5014606 635 623 661 633 658 600 6112 -5368 -702 206 62 78 13 -36 -90
1533769760.5627894 634 623 661 633 657 600 5976 -5468 -698 215 164 -83 13 -36 -86
1533769760.6250622 634 623 661 633 658 599 6058 -5364 -766 236 123 68 12 -36 -88
1533769760.7031686 634 623 661 633 658 599 6014 -5448 -670 230 164 -105 13 -36 -88
1533769760.7743871 634 623 661 632 658 599 6044 -5440 -712 228 150 44 13 -34 -87
1533769760.828455 635 623 661 632 658 598 6042 -5402 -694 211 209 -53 12 -38 -89
1533769760.922143 635 623 661 632 658 599 6020 -5390 -740 146 105 -43 11 -37 -88
1533769760.9688518 634 623 661 633 658 599 6098 -5370 -580 194 234 -138 12 -37 -89
1533769761.0477512 635 624 661 633 658 599 6042 -5490 -726 274 173 -73 11 -36 -87
1533769761.116963 634 623 661 633 658 599 6010 -5446 -634 280 195 -114 11 -36 -89
1533769761.1719098 635 623 661 633 658 600 6034 -5384 -722 405 231 -45 12 -37 -85
1533769761.2506208 634 623 661 633 658 600 6098 -5438 -602 306 123 4 14 -38 -87
1533769761.3148625 634 623 661 633 658 600 6070 -5358 -656 346 214 -139 11 -38 -88
1533769761.3767092 635 623 661 633 658 600 6072 -5396 -574 391 273 -199 13 -39 -86
1533769761.4548144 635 623 661 633 658 600 6078 -5344 -624 211 269 -185 12 -37 -88
1533769761.5293107 641 625 662 639 660 607 4484 -3560 -938 731 678 -1086 12 -37 -85
1533769761.6111078 642 625 662 640 661 607 6186 -5054 -862 545 -107 268 13 -37 -87
1533769761.6577387 637 624 662 634 659 602 6048 -5306 -326 249 257 -126 8 -39 -85
1533769761.7334256 618 620 659 618 650 594 6178 -5278 -518 -7 -66 -249 12 -36 -89
1533769761.8026943 642 625 663 639 662 610 6174 -5308 -646 -603 -150 12 11 -37 -85
1533769761.8606472 676 636 668 674 671 658 5970 -5616 -886 -304 243 -239 11 -37 -86
1533769761.9386914 698 644 672 697 678 689 6046 -5402 -530 328 153 499 10 -38 -87
1533769762.010239 699 641 671 696 678 683 6046 -5378 -656 -153 41 -216 10 -36 -87
1533769762.076294 704 643 672 701 680 692 6120 -5326 -726 16 91 147 13 -36 -87
1533769762.1425214 700 641 671 698 679 687 6000 -5632 -790 364 475 -170 13 -37 -87
1533769762.2049298 644 625 663 642 650 633 6024 -5244 -686 -555 1391 -359 11 -37 -88
1533769762.3010821 673 634 668 673 671 652 6320 -5332 -554 -642 -467 615 10 -36 -88
1533769762.3532836 614 616 660 620 649 594 5908 -5528 -830 106 372 23 11 -37 -88
1533769762.4076612 630 620 661 629 658 597 6158 -5242 -564 -22 51 114 14 -37 -87
1533769762.486717 632 620 662 630 659 597 6106 -5386 -658 201 -43 113 12 -37 -88
1533769762.5569541 632 620 661 629 659 597 6052 -5374 -772 135 -139 52 12 -37 -86
1533769762.6110272 632 620 661 629 659 596 6092 -5326 -716 344 216 -21 13 -36 -87
1533769762.689264 632 621 661 629 659 596 6102 -5400 -674 314 82 235 10 -37 -87
1533769762.7600346 631 620 661 628 659 595 6108 -5320 -786 362 144 -10 12 -37 -87
1533769762.8139803 632 621 661 629 658 596 6108 -5434 -688 387 231 -46 11 -38 -87
1533769762.8922193 632 621 661 629 659 595 6034 -5430 -692 231 191 -2 10 -38 -89
1533769762.9704514 632 621 661 629 659 596 6132 -5286 -678 268 274 -13 13 -38 -86
1533769763.030896 631 621 661 628 658 595 5972 -5496 -662 175 172 -89 13 -36 -87
1533769763.0984817 631 621 661 628 658 595 6074 -5410 -658 239 258 82 11 -37 -87
1533769763.1588194 631 621 661 628 658 595 6162 -5340 -696 154 151 -9 13 -37 -87
1533769763.2214968 630 620 660 628 658 594 6026 -5442 -592 194 193 -90 13 -37 -86
1533769763.2984607 629 621 661 627 657 594 6030 -5412 -684 70 77 86 11 -36 -87
1533769763.360995 629 621 661 626 657 594 6058 -5382 -700 161 119 -28 11 -37 -88
1533769763.4240935 629 620 660 627 657 594 6038 -5410 -622 112 29 45 13 -35 -86
1533769763.4865823 627 620 661 626 657 594 6054 -5394 -698 167 72 -54 12 -35 -87
1533769763.564063 629 621 661 627 657 594 6034 -5438 -622 186 108 17 11 -36 -87
1533769763.6265495 629 621 660 627 657 594 6036 -5410 -738 192 110 -60 11 -36 -86
1533769763.6890342 630 621 661 627 657 594 6060 -5428 -648 186 113 -8 11 -35 -87
1533769763.763736 632 621 661 629 658 595 6098 -5388 -620 241 156 7 12 -36 -88
1533769763.8263204 633 621 661 630 659 595 6070 -5410 -622 226 91 4 11 -36 -90
1533769763.8889606 634 621 661 630 660 595 6050 -5412 -660 255 141 -114 12 -35 -87
1533769763.967073 633 622 661 631 660 595 6012 -5412 -624 127 111 43 13 -37 -89
1533769764.0342677 633 622 661 631 660 595 6108 -5406 -662 98 173 12 12 -39 -87
1533769764.1021283 634 622 661 631 660 596 6050 -5412 -774 245 145 21 15 -36 -87
1533769764.1582997 634 622 661 631 660 595 6102 -5374 -620 111 209 -69 12 -37 -84
1533769764.2394946 633 622 661 630 660 595 6020 -5374 -720 390 415 -272 11 -38 -87
1533769764.312971 634 622 661 631 660 595 6054 -5466 -612 -5 87 119 13 -36 -87
1533769764.3611374 634 622 661 630 660 595 5992 -5412 -676 395 333 -211 12 -39 -87
1533769764.4400277 634 622 661 631 660 595 6062 -5376 -672 199 -26 181 12 -36 -88
1533769764.5112815 634 622 661 631 660 595 6074 -5360 -664 427 262 -192 10 -38 -85
1533769764.564554 634 622 661 631 660 595 6056 -5364 -686 246 -2 -13 12 -35 -87
1533769764.6426609 634 622 661 631 660 595 6078 -5410 -576 29 11 -19 10 -38 -88
1533769764.7051463 634 622 661 631 660 595 6058 -5402 -692 236 142 -91 14 -38 -87
1533769764.7815814 634 622 661 631 660 595 6066 -5360 -680 319 139 -129 11 -39 -88
1533769764.8444765 634 622 661 631 660 595 6098 -5310 -652 334 165 -112 11 -37 -87
1533769764.9071746 634 622 661 630 660 595 6076 -5330 -736 328 118 -71 12 -36 -88
1533769764.9850674 635 622 661 631 661 595 6124 -5252 -656 442 23 56 12 -38 -87
1533769765.0469475 639 623 662 634 663 597 6058 -5472 -554 417 33 -247 12 -38 -89
1533769765.121593 638 623 662 634 664 596 6098 -5460 -542 386 46 -659 11 -37 -87
1533769765.1824682 638 623 662 632 663 596 6180 -5298 -642 264 -92 -86 9 -38 -89
1533769765.255004 630 620 661 626 661 590 6110 -5368 -642 47 297 -77 10 -36 -88
1533769765.3126094 685 639 669 682 674 669 6096 -5534 -494 -208 426 -293 11 -37 -86
1533769765.3767796 686 638 669 684 676 670 6016 -5412 -642 29 20 668 10 -37 -88
1533769765.4589634 668 632 667 667 670 658 6050 -5322 -602 37 -21 234 10 -35 -86
1533769765.525757 679 634 669 674 674 664 6056 -5356 -712 -66 -7 -65 12 -35 -88
1533769765.5939622 684 633 670 680 674 673 6072 -5368 -756 542 237 227 11 -36 -87
1533769765.6723204 657 624 665 654 666 633 6104 -5826 -414 166 1156 -158 12 -36 -85
1533769765.7344651 663 629 667 660 665 651 7074 -4788 -262 1874 849 -1293 9 -36 -86
1533769765.7977192 658 628 666 656 664 642 5950 -5484 -676 -350 -497 925 11 -39 -86
1533769765.8604074 650 625 664 648 662 633 6052 -5338 -758 309 318 -86 9 -37 -87
1533769765.935985 648 625 664 647 661 630 6172 -5356 -450 30 -8 80 12 -38 -86
1533769766.0043821 622 615 660 622 655 590 6018 -5454 -620 69 -208 128 11 -33 -86
1533769766.0712023 621 615 660 621 655 588 6128 -5300 -714 203 -65 77 12 -36 -85
1533769766.1262324 619 615 660 620 654 587 6022 -5390 -646 409 232 -75 11 -38 -85
1533769766.204338 621 616 660 622 656 588 6160 -5242 -674 173 70 39 13 -35 -88
1533769766.2728944 621 616 660 621 655 588 6038 -5460 -634 152 95 -47 10 -38 -86
1533769766.3577213 619 616 660 619 654 586 6048 -5410 -646 186 221 -42 12 -36 -88
1533769766.4082892 624 618 660 623 657 589 6072 -5406 -672 330 189 -78 11 -37 -86
1533769766.471292 625 618 660 623 658 589 6088 -5364 -614 188 238 29 11 -38 -89
1533769766.5438135 625 618 660 623 658 589 6064 -5386 -698 100 182 -93 13 -38 -86
1533769766.6096187 623 618 660 622 657 588 6068 -5422 -572 210 105 52 10 -39 -86
1533769766.6721034 623 618 660 622 657 588 6108 -5344 -598 83 127 -53 10 -40 -87
1533769766.7465475 624 618 660 622 657 589 6020 -5414 -620 201 135 -17 12 -38 -85
1533769766.812396 624 618 660 623 657 589 6080 -5400 -666 293 97 149 10 -39 -85
1533769766.8769076 625 619 660 623 657 590 6072 -5294 -584 93 109 -24 12 -37 -85
1533769766.9393938 625 619 660 623 658 590 5992 -5474 -680 204 156 7 11 -37 -87
1533769767.0539687 625 619 661 623 658 591 6154 -5294 -714 261 94 -42 13 -38 -86
1533769767.081269 624 619 660 623 657 590 6040 -5424 -576 96 171 -40 11 -38 -87
1533769767.1437912 615 617 659 616 652 587 6094 -5378 -728 305 175 22 13 -37 -86
1533769767.2062378 609 615 660 623 657 590 6072 -5390 -644 98 -18 32 12 -38 -86
1533769767.2799547 627 620 661 625 659 591 6074 -5336 -660 287 80 -68 10 -38 -87
1533769767.345237 628 620 661 625 659 591 6046 -5378 -648 191 72 6 11 -36 -87
1533769767.4077876 629 620 661 626 660 592 6050 -5350 -724 135 127 9 12 -37 -86
1533769767.4700167 630 620 661 627 660 592 6038 -5418 -570 124 82 -43 11 -38 -85
1533769767.5438378 629 620 661 626 660 592 6116 -5326 -714 89 33 -40 12 -37 -86
1533769767.6109104 630 620 661 626 660 592 6056 -5414 -618 267 159 -104 9 -39 -87
1533769767.6731956 631 621 661 627 660 592 6072 -5344 -738 255 86 55 13 -38 -86
1533769767.7478209 631 621 662 627 660 592 6062 -5388 -634 101 171 -130 11 -36 -86
1533769767.814059 630 620 661 627 660 592 6088 -5404 -682 231 121 30 11 -38 -87
1533769767.8762903 631 621 661 627 661 592 6100 -5306 -714 182 92 101 12 -37 -87
1533769767.9388053 631 621 661 627 660 592 6126 -5354 -642 335 368 -136 10 -36 -88
1533769768.0177288 631 621 661 627 661 592 6032 -5426 -706 173 162 97 11 -37 -86
1533769768.0792975 631 621 661 627 661 592 6148 -5330 -612 321 281 -82 12 -36 -87
1533769768.1411564 631 621 661 627 661 592 6018 -5408 -748 165 78 -22 12 -38 -87
1533769768.2216804 631 621 661 627 660 592 6108 -5244 -538 357 240 -101 10 -38 -87
1533769768.2909663 631 621 661 627 661 592 6046 -5338 -716 354 250 -178 11 -36 -86
1533769768.377088 631 621 661 627 660 592 6090 -5368 -578 504 138 -237 12 -37 -86
1533769768.4236858 630 621 661 627 661 592 6140 -5288 -580 412 73 -56 11 -37 -87
1533769768.4863055 630 621 661 626 661 592 6034 -5340 -584 355 249 -153 12 -37 -87
1533769768.5635858 629 621 661 626 659 591 6144 -5330 -552 400 88 -27 11 -37 -85
1533769768.626207 629 620 661 625 660 591 6110 -5412 -584 603 267 -102 9 -36 -87
1533769768.6888928 629 620 661 626 660 591 6122 -5412 -576 117 169 -51 10 -38 -88
1533769768.765001 630 621 661 626 661 592 6130 -5292 -628 320 22 166 9 -37 -85
1533769768.831095 630 621 661 626 661 592 6032 -5384 -488 310 69 -55 9 -37 -86
1533769768.8934414 628 620 661 624 660 591 6182 -5244 -478 249 -98 19 11 -38 -86
1533769768.9560747 628 620 661 625 661 590 6020 -5606 -610 281 -6 -95 12 -37 -88
1533769769.054768 626 619 661 621 658 588 6252 -5160 -602 453 244 182 11 -36 -85
1533769769.1008828 668 635 668 662 666 660 6092 -5494 -462 -491 28 19 10 -39 -88
1533769769.1574256 675 636 669 669 667 670 6176 -5314 -714 -133 71 116 10 -36 -87
1533769769.235531 683 634 670 677 675 675 6110 -5322 -780 -217 59 22 12 -37 -85
1533769769.303574 696 633 671 680 673 683 6032 -5406 -612 211 27 320 10 -38 -86
1533769769.3604634 693 631 671 691 672 695 6158 -5318 -634 158 -15 207 10 -36 -87
1533769769.4394593 691 630 671 692 667 703 6142 -5294 -750 141 113 255 11 -37 -84
1533769769.5067902 685 630 670 692 670 702 6130 -5434 -868 597 954 -17 11 -37 -87
1533769769.562582 643 620 664 647 652 644 6076 -5606 68 477 -1232 236 9 -38 -86
1533769769.6406887 629 618 662 636 646 639 5768 -5708 -998 -1371 -1086 1414 11 -37 -88
1533769769.7320719 633 621 663 640 647 649 5924 -5508 -812 -453 -574 296 12 -36 -89
1533769769.7883217 659 624 666 658 665 642 5982 -5572 -682 -575 -1516 353 15 -36 -91
1533769769.8601403 625 613 661 625 658 591 5908 -5590 -1190 -1355 -1339 -246 12 -35 -90
1533769769.9228816 625 614 661 625 658 590 5970 -5368 -1388 -462 -424 179 12 -35 -93
1533769770.0043726 625 614 661 624 659 589 5832 -5586 -1156 -226 -302 93 12 -36 -96
1533769770.0643587 626 614 661 625 658 589 5760 -5364 -1508 -142 -121 -268 14 -36 -94
1533769770.1410978 626 615 661 625 659 590 5958 -5360 -1466 441 264 -167 14 -37 -94
1533769770.2033277 628 616 661 625 660 590 5912 -5414 -1182 567 410 -28 12 -37 -95
1533769770.286728 628 616 661 625 660 590 5886 -5348 -1344 -54 508 -159 14 -38 -96
1533769770.3597026 627 617 661 625 660 589 5956 -5530 -1186 -418 808 -544 14 -36 -94
1533769770.4395134 628 617 661 626 661 590 5856 -5648 -1418 -1040 2261 -1380 14 -37 -94
1533769770.4865584 628 617 661 625 660 590 6364 -4964 -884 69 1301 -874 12 -36 -91
1533769770.5711884 628 617 661 626 661 590 6032 -5188 -1186 340 -104 371 12 -39 -91
1533769770.639711 628 617 661 626 661 590 6088 -5372 -1112 233 61 180 10 -37 -91
1533769770.7021954 628 617 661 625 661 590 6070 -5344 -1118 464 293 -232 11 -37 -91
1533769770.7779148 629 618 661 626 661 590 6054 -5332 -1184 914 523 -27 9 -36 -91
1533769770.846482 629 618 661 626 661 590 6442 -6150 -1206 1125 1601 -1129 9 -39 -90
1533769770.9089694 630 618 662 627 662 590 6410 -5746 -520 -1647 1812 -53 9 -38 -89
1533769770.9871366 615 616 659 613 651 584 6034 -5128 -892 -2328 3182 -846 10 -41 -88
1533769771.0555282 616 616 660 617 655 586 6276 -5270 -594 -2658 1985 -962 10 -38 -84
1533769771.1492577 625 618 661 623 660 588 6372 -4690 -894 -1502 2080 -963 7 -39 -82
1533769771.1961207 627 619 661 623 661 589 6368 -4900 -690 -503 818 553 6 -40 -81
1533769771.2771144 627 619 661 624 660 589 6376 -5148 -1030 -1678 2446 -1259 6 -38 -78
1533769771.349341 623 618 661 621 658 588 6704 -5160 -476 -1259 2055 -1741 5 -38 -79
1533769771.4232163 626 619 661 623 660 589 6110 -4090 -1438 -2017 4035 -1722 5 -40 -78
1533769771.4864311 612 615 660 616 654 585 7012 -4740 -122 2110 1228 633 2 -42 -73
1533769771.5489182 611 616 660 613 652 584 6594 -4576 -550 -427 1247 -321 0 -41 -70
1533769771.6270235 609 615 659 611 651 583 6376 -5408 126 -362 2209 -1043 0 -42 -70
1533769771.70513 611 615 659 612 652 584 6442 -3662 -1054 -1135 2146 -2639 0 -40 -68
1533769771.77751 608 614 659 610 651 583 7604 -3076 -442 287 1332 -1624 -2 -41 -69
1533769771.8769867 602 613 658 606 647 581 7160 -4172 242 825 -2162 3556 -6 -40 -65
1533769771.9083433 608 615 659 610 650 583 6728 -4404 -474 230 -482 -393 -4 -41 -67
1533769771.9863353 600 613 658 604 646 586 6618 -4092 -904 -455 1153 -1403 -2 -40 -67
1533769772.056919 622 617 661 621 658 587 7344 -4066 56 -53 -283 259 -2 -39 -67
1533769772.1259496 623 618 661 622 658 588 6676 -4548 -362 570 186 -347 -4 -40 -65
1533769772.189776 624 618 661 622 658 588 7066 -4300 -474 467 22 -34 -4 -40 -67
1533769772.2599552 624 618 661 623 658 588 6850 -4192 -544 768 75 -40 -4 -37 -69
1533769772.3299887 624 618 661 623 658 588 6952 -4572 -68 444 1867 -1608 -4 -39 -67
1533769772.3926687 624 618 661 622 658 588 7080 -3912 -308 845 417 -467 -4 -38 -68
1533769772.4552398 621 618 660 620 656 587 6766 -4262 -2 1915 520 554 -5 -38 -65
1533769772.5522635 623 618 661 622 658 588 7072 -4262 0 506 204 -210 -6 -39 -67
1533769772.5958407 622 618 661 621 657 588 6836 -4034 -230 1655 506 164 -7 -38 -64
1533769772.658088 623 618 661 621 658 588 6936 -4388 254 524 16 -12 -5 -38 -64
1533769772.7343392 623 618 661 622 657 588 7248 -4148 10 229 -400 214 -4 -39 -64
1533769772.803145 626 619 661 624 659 589 6816 -4512 -22 -70 -1082 577 -6 -39 -64
1533769772.8616536 626 618 661 624 659 589 6900 -4112 -256 -292 -1285 484 -5 -39 -68
1533769772.9395368 626 618 661 624 659 589 6842 -4060 -444 1198 -1539 1233 -4 -40 -70
1533769773.0186765 626 619 661 624 659 589 6506 -4656 -482 646 -2510 1997 -3 -40 -71
1533769773.0793035 626 619 661 624 659 589 6604 -4724 -556 -35 -691 289 -3 -41 -71
1533769773.1577494 626 619 661 623 659 588 6724 -4486 -586 389 -548 425 -1 -40 -73
1533769773.2764332 625 619 661 623 659 588 6662 -4572 -654 69 -740 242 -2 -39 -74
1533769773.3123364 625 619 661 623 659 588 6714 -4768 -810 1338 362 23 -1 -41 -74
1533769773.3632014 626 619 661 623 659 588 6670 -4530 -620 -186 351 -184 -1 -41 -72
1533769773.4300234 624 619 661 622 658 588 6680 -4464 -660 -96 210 200 0 -39 -73
1533769773.4968438 623 619 661 621 658 588 6548 -4658 -556 49 146 305 -1 -41 -75
1533769773.5656676 624 619 661 622 659 588 6606 -4606 -660 -110 275 -90 0 -41 -74
1533769773.6344755 625 619 661 622 659 588 6646 -4628 -620 178 443 -140 -2 -42 -75
1533769773.7022946 624 619 661 622 658 588 6690 -4598 -636 24 341 -127 -1 -39 -75
1533769773.7711093 626 620 661 623 659 588 6590 -4600 -716 -45 114 -234 -2 -40 -74
1533769773.8439157 626 620 661 623 659 588 6678 -4568 -556 226 40 -164 -1 -41 -74
1533769773.9526243 625 620 661 623 659 588 6746 -4654 -402 211 -202 -57 0 -41 -74
1533769774.0154564 626 620 661 623 660 588 6660 -4606 -840 724 410 88 -3 -39 -73
1533769774.0493655 627 620 661 624 660 588 6710 -4700 -398 646 -28 229 -1 -38 -74
1533769774.113195 627 620 661 624 660 589 6706 -4444 -752 -246 -163 132 -2 -41 -73
1533769774.182016 627 620 661 624 660 589 6696 -4640 -832 -234 151 -270 1 -39 -74
1533769774.249829 627 620 661 624 660 589 6600 -4730 -702 648 501 -574 0 -39 -76
1533769774.3206408 627 620 661 624 660 589 6866 -4306 -674 585 -195 -109 -1 -41 -74
1533769774.38452 628 620 661 624 660 589 6626 -4660 -416 819 232 216 -1 -40 -73
1533769774.4553754 627 620 661 625 660 589 6668 -4514 -762 596 100 357 1 -41 -75
1533769774.51223 628 620 661 625 660 589 6660 -4666 -690 549 571 -35 -2 -41 -73
1533769774.6215777 628 620 661 625 661 589 6704 -4664 -394 273 135 91 0 -41 -75
1533769774.6528208 628 620 661 624 660 589 6722 -4508 -444 -23 34 -80 0 -41 -77
1533769774.7130673 628 620 661 625 661 589 6554 -4680 -694 -7 -163 23 0 -41 -74
1533769774.7755527 628 620 661 625 660 589 6790 -4570 -400 127 18 -7 -1 -40 -73
1533769774.8536956 628 620 662 625 661 589 6638 -4642 -556 -19 -183 225 1 -39 -74
1533769774.924754 628 620 661 625 661 589 6744 -4540 -714 -104 -200 -5 -1 -40 -73
1533769774.990544 628 620 661 625 660 589 6592 -4642 -732 420 -9 -37 2 -41 -76
1533769775.0603576 628 620 661 625 660 589 6694 -4568 -694 -196 -88 -125 -2 -41 -74
1533769775.1291728 628 620 661 625 660 589 6642 -4528 -812 412 153 -83 -1 -41 -76
1533769775.1979895 628 620 661 625 660 589 6770 -4532 -384 240 128 100 -1 -40 -74
1533769775.3176754 628 621 661 625 661 589 6676 -4608 -730 249 292 168 0 -40 -76
1533769775.3934703 628 620 661 625 660 589 6694 -4650 -570 379 733 -101 0 -40 -74
1533769775.426379 628 620 661 625 661 589 6682 -4670 -566 137 146 231 0 -40 -75
1533769775.4672701 628 620 661 625 661 589 6644 -4630 -634 -185 242 -74 0 -39 -73
1533769775.5360863 629 620 661 625 661 589 6712 -4580 -578 -329 118 -329 0 -41 -74
1533769775.6049018 629 621 661 625 661 589 6674 -4684 -610 -15 -104 -84 1 -39 -73
1533769775.673718 628 620 661 625 661 589 6768 -4430 -662 -236 -243 -70 0 -38 -74
1533769775.7405386 628 620 661 625 660 589 6698 -4548 -696 374 -338 2 -1 -41 -74
1533769775.7974432 628 620 661 625 661 589 6686 -4548 -710 940 128 4 -2 -40 -75
1533769775.8728082 628 620 661 625 661 589 6646 -4612 -580 833 -5 426 0 -41 -75
1533769775.9745996 628 620 661 625 660 589 6646 -4664 -576 407 -85 226 -4 -39 -75
