1534195568.6390133 657 564 596 701 597 696 3708 6872 -2542 179 -30 -90 -109 47 -63
1534195568.7170951 657 564 596 700 597 696 3782 6970 -2510 363 374 -89 -108 48 -66
1534195568.7854137 657 564 596 700 597 696 3914 6922 -2584 235 122 63 -109 49 -66
1534195568.8449645 658 564 596 701 597 695 3690 6916 -2524 176 264 2 -109 49 -66
1534195568.9076467 657 564 596 701 597 696 3910 6948 -2578 247 -9 40 -110 48 -63
1534195568.9855556 658 564 596 701 597 696 3698 6960 -2516 214 161 116 -108 49 -65
1534195569.0480406 657 564 596 700 597 696 3850 6850 -2594 221 11 -81 -108 50 -65
1534195569.1105273 657 564 596 701 597 696 3708 7008 -2462 244 170 141 -106 49 -64
1534195569.188634 657 564 596 700 597 696 3856 6860 -2548 300 137 -20 -107 48 -67
1534195569.2620864 657 564 596 700 597 696 3766 6948 -2510 236 73 34 -109 49 -65
1534195569.4108655 657 564 596 701 597 696 3798 6872 -2572 204 105 80 -110 48 -66
1534195569.473351 657 564 596 701 597 696 3724 6892 -2536 318 239 -59 -107 50 -65
1534195569.563607 657 564 596 700 597 696 3924 6974 -2620 211 -47 -102 -108 50 -66
1534195569.6423676 657 564 597 700 597 695 3736 6958 -2512 227 363 152 -109 47 -63
1534195569.6912374 657 564 596 700 597 696 3830 6886 -2588 212 3 -90 -108 50 -62
1534195569.740107 657 564 596 701 597 696 3808 7004 -2642 219 243 78 -109 48 -66
1534195569.7770076 657 564 596 700 597 696 3738 6846 -2556 244 128 -59 -110 48 -65
1534195569.8458242 657 564 596 701 597 696 3832 6998 -2514 236 63 58 -108 50 -63
1534195569.893697 657 564 596 701 597 696 3776 6884 -2640 201 145 111 -109 49 -65
1534195569.9475641 657 564 596 701 597 696 3730 6944 -2546 290 117 -45 -107 48 -63
1534195570.0143743 657 564 596 700 597 696 3810 6962 -2498 190 86 85 -108 47 -65
1534195570.0851862 657 564 596 700 597 696 3766 6892 -2590 268 209 75 -110 47 -64
1534195570.15799 657 564 596 701 597 696 3822 6898 -2514 216 114 -71 -109 48 -65
1534195570.244759 657 564 596 701 596 696 3876 6942 -2598 211 124 -7 -111 50 -63
1534195570.3036003 657 564 596 700 597 696 3774 6940 -2534 237 55 19 -110 48 -63
1534195570.353468 657 564 596 700 597 696 3836 6986 -2602 280 114 9 -107 47 -63
1534195570.4222853 658 564 596 701 596 696 3788 6900 -2528 244 131 39 -109 50 -64
1534195570.4901037 657 564 596 700 597 695 3814 6942 -2562 284 132 -7 -109 48 -64
1534195570.5579224 657 564 596 701 596 695 3782 6900 -2534 236 134 62 -108 48 -63
1534195570.6275418 657 564 596 700 597 696 3768 6892 -2532 264 198 -55 -105 50 -62
1534195570.709259 657 564 595 700 596 696 3816 7020 -2504 186 102 -3 -107 48 -66
1534195570.7880473 658 564 596 700 596 695 3742 6908 -2580 223 318 104 -110 46 -64
1534195570.8933165 658 564 596 700 596 696 3720 6792 -2540 236 55 -139 -109 48 -65
1534195570.9245586 657 564 596 701 597 696 3840 6920 -2550 361 213 20 -110 49 -66
1534195570.9558015 658 564 596 701 597 696 3862 6838 -2590 281 281 -26 -108 47 -64
1534195571.0339081 657 564 596 700 597 696 3788 6944 -2512 374 203 112 -110 48 -64
1534195571.108329 657 564 595 701 597 696 3864 6896 -2600 285 76 130 -109 47 -66
1534195571.1761477 657 564 596 700 597 695 3770 6952 -2578 249 -71 82 -108 48 -63
1534195571.2438455 657 564 596 701 597 696 3804 6912 -2566 321 -129 84 -108 47 -66
1534195571.3136935 657 564 596 701 596 696 3750 6942 -2652 341 157 196 -110 49 -64
1534195571.3918 657 564 596 700 597 696 3894 6830 -2558 140 -414 37 -110 49 -66
1534195571.4518356 657 564 596 701 597 696 3742 6970 -2560 367 317 251 -111 48 -66
1534195571.5217872 657 564 596 701 597 696 3856 6828 -2606 291 -145 61 -110 46 -65
1534195571.579089 658 564 596 701 596 696 3778 6980 -2518 393 350 78 -108 47 -64
1534195571.6468124 657 564 596 700 597 696 3980 6824 -2666 180 167 -17 -109 51 -65
1534195571.7142665 657 564 596 701 597 696 3714 6868 -2474 45 150 -68 -109 48 -67
1534195571.7925732 656 564 596 700 596 696 3798 6908 -2592 422 192 98 -109 47 -63
1534195571.8548605 657 564 596 700 596 696 3894 6904 -2660 334 31 206 -108 48 -64
1534195571.9173453 657 564 596 700 597 695 3832 6930 -2624 319 70 54 -111 47 -66
1534195571.995451 657 564 596 701 597 696 3852 6812 -2620 93 -97 112 -109 49 -65
1534195572.0735579 657 564 596 701 597 696 3786 6900 -2596 280 198 -11 -108 47 -66
1534195572.1360435 657 564 596 700 596 696 3866 6904 -2654 278 224 -15 -108 48 -64
1534195572.1980069 657 564 596 700 597 696 3834 6846 -2624 195 156 35 -110 48 -66
1534195572.273917 657 564 596 700 596 695 3896 6892 -2560 218 144 -26 -109 47 -64
1534195572.329326 657 564 596 700 596 696 3840 6924 -2630 217 157 67 -107 48 -64
1534195572.4074893 657 564 596 700 597 695 3818 6836 -2616 175 13 -8 -107 47 -65
1534195572.46977 657 564 596 700 597 695 3850 6926 -2642 215 179 15 -109 47 -64
1534195572.5322554 657 564 596 700 596 695 3784 6882 -2522 194 95 -23 -109 47 -64
1534195572.6105752 657 564 596 700 596 695 3870 6868 -2692 336 89 58 -109 47 -64
1534195572.68062 657 564 595 700 597 695 3852 6952 -2568 211 208 75 -108 47 -66
1534195572.7565272 657 564 595 700 596 696 3898 6912 -2666 210 77 20 -108 49 -63
1534195572.812931 657 564 596 700 597 696 3732 6840 -2616 176 8 61 -109 47 -65
1534195572.8756006 657 564 596 700 596 696 3896 6850 -2642 189 146 -22 -107 47 -66
1534195572.9379983 657 564 596 700 596 696 3814 6906 -2610 207 93 55 -109 48 -65
1534195573.0189085 657 564 596 700 597 696 3566 6730 -2660 346 788 691 -107 48 -65
1534195573.0793443 657 564 595 700 596 695 3938 6728 -2530 -568 1495 600 -109 45 -66
1534195573.1635473 657 564 595 700 596 695 4418 6990 -1986 -1102 -736 3565 -107 47 -64
1534195573.2284212 657 563 594 699 596 693 3702 5642 -2686 542 -2778 1649 -109 47 -61
1534195573.2975216 656 562 592 698 595 692 3594 7194 -2446 2130 669 2862 -110 45 -57
1534195573.3756318 656 562 591 697 595 691 4234 5630 -2776 2719 690 4557 -109 45 -55
1534195573.4537365 655 561 590 696 594 690 3952 4960 -2210 335 -699 2286 -107 44 -58
1534195573.5204997 655 561 590 696 594 689 4148 5220 -2168 -17 1082 1788 -105 39 -60
1534195573.5798497 655 561 589 696 594 689 3824 5368 -2372 -454 706 1275 -106 38 -59
1534195573.6620762 655 561 589 696 594 689 3930 6038 -2356 -1009 711 -5 -104 36 -56
1534195573.732071 655 561 589 696 594 691 5010 7146 -2158 -524 1052 632 -105 38 -56
1534195573.7981339 656 562 591 697 594 692 5174 7366 -1992 1524 -1577 -1703 -107 37 -55
1534195573.8762443 656 563 593 699 595 693 5524 6952 -2730 3139 -3344 -6281 -107 39 -53
1534195573.954347 656 563 594 700 595 694 2368 5154 -2082 1302 -2830 1335 -108 43 -61
1534195574.027888 656 563 595 700 595 695 4694 7376 -2526 -291 2907 1051 -107 44 -64
1534195574.0934515 656 563 595 700 596 696 4212 6530 -2892 -272 -82 -785 -108 43 -61
1534195574.1740923 657 564 595 700 596 696 3942 6596 -2634 258 -692 389 -109 42 -63
1534195574.2283494 657 564 596 701 596 696 4148 6670 -2658 422 177 -126 -108 40 -62
1534195574.2982943 657 564 597 701 596 696 4086 6632 -2722 -74 122 -124 -108 43 -62
1534195574.3764012 657 564 597 701 596 697 4096 6366 -2600 80 -28 -91 -108 41 -61
1534195574.4389896 656 564 596 701 596 697 4322 6992 -2596 32 79 65 -111 43 -61
1534195574.5148208 657 564 597 700 596 697 4024 6638 -2660 376 -300 -189 -110 42 -62
1534195574.579353 657 564 597 701 596 697 4122 6654 -2586 325 47 -36 -111 41 -62
1534195574.6516404 657 563 597 701 596 696 4168 6748 -2700 289 -73 -20 -109 42 -62
1534195574.7114902 657 564 597 701 596 697 4010 6674 -2636 414 49 -69 -109 42 -61
1534195574.789312 657 564 597 701 596 696 4200 6702 -2758 313 -12 -15 -110 42 -61
1534195574.8607595 657 564 597 701 596 697 4016 6696 -2692 241 112 -92 -110 44 -62
1534195574.9234278 657 564 597 701 596 697 4082 6748 -2622 208 101 -36 -107 42 -63
1534195574.997807 657 564 597 701 596 697 4088 6714 -2650 247 -119 -64 -111 42 -64
1534195575.0638597 657 564 597 701 596 697 4024 6870 -2682 327 272 -25 -110 42 -61
1534195575.135081 657 564 597 701 596 697 4020 6668 -2672 239 -59 -42 -110 42 -61
1534195575.195886 657 564 597 701 596 697 4080 6718 -2692 217 56 -4 -108 43 -63
1534195575.2742503 657 564 597 701 596 697 3988 6818 -2556 -1105 1406 -835 -108 44 -63
1534195575.336478 657 564 597 701 596 696 4026 6672 -2684 242 -103 -295 -110 42 -60
1534195575.4145832 656 564 597 701 596 697 4100 6814 -2710 492 205 270 -109 43 -58
1534195575.4796796 657 564 597 701 596 697 3996 6614 -2630 185 -40 -168 -107 44 -62
1534195575.5645847 657 564 597 701 596 696 3834 5752 -2666 -420 2444 2 -109 45 -61
1534195575.6267786 656 563 596 700 595 696 4720 6672 -2494 -2163 364 3064 -109 42 -62
1534195575.6984718 656 563 594 700 595 695 3434 6462 -2494 -1012 -1028 1873 -110 42 -56
1534195575.774868 656 562 592 698 595 693 5218 7464 -2310 -891 -421 2388 -111 41 -54
1534195575.8496695 656 562 591 697 594 691 5688 7158 -2296 -1700 1711 -1017 -109 42 -49
1534195575.912927 655 561 590 696 594 690 6142 6564 -1922 -625 -215 -875 -109 40 -48
1534195575.9955368 655 561 589 696 594 690 5712 6070 -2384 -1042 1543 -2964 -107 41 -45
1534195576.0618248 655 561 589 696 594 690 4408 5342 -2550 -54 2351 -207 -108 41 -44
1534195576.1385703 655 561 589 696 594 691 4234 6400 -1834 1079 -202 136 -107 39 -45
1534195576.212372 655 561 591 697 594 692 4872 7104 -2328 726 -308 -1660 -111 40 -45
1534195576.2910528 656 562 592 698 594 693 4852 7064 -2244 3921 -1032 -1516 -110 42 -45
1534195576.3455539 656 563 594 699 595 695 4410 6314 -2860 -448 -2341 -5959 -109 40 -51
1534195576.4234676 656 563 595 699 595 695 2534 5894 -1926 547 1715 1212 -111 45 -54
1534195576.4983065 656 563 595 700 595 695 4470 7638 -2584 54 1713 2247 -110 42 -55
1534195576.563755 656 563 596 700 596 696 4368 6336 -2398 1053 3275 836 -112 42 -58
1534195576.6435592 656 563 597 700 595 697 4664 6426 -2632 -550 1886 214 -111 38 -59
1534195576.710975 657 563 597 701 596 696 4928 6630 -1690 650 -6182 2739 -107 37 -61
1534195576.7910476 657 564 597 701 596 696 2818 5394 -2028 -3953 -4300 -9120 -108 38 -60
1534195576.862 657 564 597 701 596 696 3584 6886 -2264 -2541 3031 -20 -108 40 -61
1534195576.924486 656 564 597 701 596 697 4456 7436 -1496 -2098 732 -2564 -106 43 -55
1534195577.0109537 657 564 597 701 596 697 4416 7054 -2076 -450 1337 -1356 -107 42 -52
1534195577.0792 657 564 597 701 596 697 4916 6786 -2156 2158 -3315 4215 -105 42 -50
1534195577.158433 657 564 597 701 596 697 2376 7234 -2506 -1442 -2475 -2180 -106 40 -51
1534195577.2278607 657 564 597 701 596 696 4698 6506 -2230 898 -152 2746 -108 38 -53
1534195577.2966375 657 564 597 701 596 697 3988 6102 -2236 -844 -180 645 -107 35 -52
1534195577.3591235 657 564 598 701 596 697 5078 6744 -1554 -2035 961 -851 -106 32 -50
1534195577.437229 657 564 597 701 596 698 4094 6432 -2078 -372 -2873 -1072 -108 33 -47
1534195577.5174532 656 564 597 701 596 696 4356 6834 -1578 -116 959 277 -109 35 -46
1534195577.577467 657 564 597 701 596 697 4552 6764 -1856 -533 1914 20 -109 34 -44
1534195577.658699 657 564 597 701 596 697 4198 6678 -1590 -395 465 -48 -108 34 -45
1534195577.72937 657 564 597 701 596 697 4844 6986 -1536 373 683 442 -109 33 -42
1534195577.7970984 656 564 597 701 596 697 4634 6690 -1464 -278 100 -191 -107 34 -43
1534195577.8597236 657 564 598 701 596 697 4636 6740 -1426 53 -75 150 -109 34 -41
1534195577.922259 657 564 597 701 596 697 4594 6824 -1400 291 -349 82 -109 35 -43
1534195578.0051448 657 564 598 702 596 697 4518 6702 -1506 384 -82 125 -109 35 -42
1534195578.0652156 657 564 598 701 596 697 4430 6818 -1412 502 822 -41 -109 36 -43
1534195578.1278057 657 564 597 701 596 697 4636 6652 -1598 649 605 20 -107 35 -42
1534195578.19667 657 564 597 701 596 697 4598 6812 -1388 24 55 -12 -108 36 -41
1534195578.2791908 657 564 598 701 596 696 4392 6716 -1494 158 810 -121 -109 35 -42
1534195578.343607 657 564 598 701 596 697 4130 6526 -1350 304 414 1173 -110 34 -43
1534195578.4060214 657 564 597 701 595 696 4718 6606 -1598 115 445 761 -108 33 -41
1534195578.4920514 656 564 595 700 596 696 5518 7032 -1168 1817 -3247 4803 -109 35 -42
1534195578.5483806 656 563 594 699 595 695 6076 7068 -1144 193 880 6048 -105 32 -41
1534195578.6351993 655 562 592 698 595 693 4234 6080 -1418 1617 -3391 1270 -106 29 -41
1534195578.6976926 655 562 591 698 595 692 3296 5918 -2526 -852 212 -343 -107 26 -41
1534195578.7786343 655 561 590 697 594 691 4632 6102 -2046 -747 1074 -273 -105 28 -40
1534195578.8458936 655 561 589 696 594 690 5242 6510 -1258 -1184 555 -2496 -105 28 -39
1534195578.924031 655 561 589 696 594 689 5192 5758 -1910 -831 2184 -1111 -107 29 -33
1534195578.9968936 655 561 589 696 594 691 4158 6686 -1000 671 -390 -226 -104 29 -33
1534195579.063579 655 562 590 697 594 691 4838 7092 -1190 479 1074 -356 -106 32 -31
1534195579.1463854 655 563 592 698 595 693 5828 7242 -1500 5495 -1251 -1508 -106 33 -31
1534195579.2108932 656 563 594 700 595 694 4482 7054 -1612 3816 -5948 -1592 -107 31 -40
1534195579.2895868 656 564 595 700 595 695 3308 5306 -2352 -409 2912 1162 -109 39 -45
1534195579.344673 656 563 595 700 595 696 4830 7052 -2288 47 -99 378 -109 35 -50
1534195579.4229462 656 564 596 700 595 696 4232 6506 -2128 721 366 388 -107 36 -51
1534195579.4936652 657 564 596 701 595 696 4550 6516 -2306 29 363 25 -109 34 -52
1534195579.5606902 656 564 596 700 595 696 4476 6634 -2128 217 224 181 -106 36 -49
1534195579.6231751 657 564 597 701 595 696 4558 6600 -2232 -13 223 -85 -108 34 -50
1534195579.6953979 657 564 597 701 595 696 4444 6578 -2184 233 65 91 -109 36 -51
1534195579.7673256 656 564 597 701 596 697 4532 6634 -2156 287 124 31 -108 35 -49
1534195579.8276134 656 564 597 701 596 696 4472 6650 -2232 -71 305 -92 -110 36 -49
1534195579.8900995 656 564 597 701 595 697 4422 6614 -2130 162 156 -90 -106 34 -48
1534195579.9682095 656 564 597 701 595 697 4336 6804 -2104 356 664 -40 -110 33 -50
1534195580.0433085 657 564 597 701 595 697 4456 6570 -2234 600 482 -62 -109 33 -48
1534195580.111478 656 564 597 701 595 697 4516 6488 -2232 195 -68 92 -109 35 -49
1534195580.181186 656 564 597 701 596 696 4508 6680 -2156 -103 -51 -15 -110 35 -49
1534195580.2455983 656 564 598 701 596 697 4390 6552 -2156 -31 59 37 -109 34 -51
1534195580.313233 657 564 598 701 596 697 4482 6646 -2098 55 256 -69 -108 33 -50
1534195580.375714 656 564 597 701 595 697 4460 6614 -2216 229 131 -22 -109 32 -49
1534195580.4538262 656 564 598 701 596 697 4450 6682 -2042 236 -106 124 -108 34 -49
1534195580.5319266 656 564 598 701 595 697 4482 6640 -2150 242 165 9 -107 35 -48
1534195580.578799 656 564 598 701 595 697 4448 6612 -2128 -177 233 -80 -110 35 -48
1534195580.66007 656 564 598 701 596 697 4528 6710 -2006 46 21 -18 -109 33 -51
1534195580.728342 656 564 598 701 595 697 4424 6618 -2050 -314 605 -129 -111 33 -49
1534195580.7984202 656 564 598 701 596 697 4456 6624 -2072 81 -13 -30 -107 36 -48
1534195580.8610778 656 564 598 701 595 697 4512 6728 -1988 168 35 54 -110 33 -48
1534195580.923392 656 564 598 701 595 697 3534 5932 -1908 991 1860 2758 -107 35 -48
1534195581.0103698 657 564 597 701 595 697 5460 6556 -2102 -1343 2231 500 -106 34 -48
1534195581.0777133 656 563 597 700 595 696 4060 6144 -1644 -1033 74 -362 -109 32 -47
1534195581.1543705 656 563 594 699 595 695 4198 5404 -1820 -2543 3877 947 -109 31 -43
1534195581.2263331 656 562 593 698 595 693 7640 7070 -1048 -152 423 4405 -106 34 -39
1534195581.2971275 655 561 591 697 594 691 4636 6578 -1404 -2076 429 -208 -103 29 -37
1534195581.3603702 654 560 590 695 593 689 5558 5612 -1914 -2426 1239 -2632 -107 27 -35
1534195581.4384763 653 559 589 695 593 689 5252 6120 -1152 -4959 6046 5863 -105 30 -32
1534195581.5149775 653 557 588 694 591 689 5358 6154 -514 846 107 -1576 -105 29 -25
1534195581.578753 652 557 588 694 591 689 4890 7062 0 2189 -1251 -1800 -107 28 -24
1534195581.658831 653 559 590 695 593 690 5602 6876 -1044 4598 -2559 1540 -105 31 -24
1534195581.730724 655 561 592 697 594 692 6654 7672 -1094 3320 -5807 -6118 -107 30 -30
1534195581.7973895 656 562 594 699 594 695 1916 5902 -786 5725 -6921 78 -108 28 -36
1534195581.860092 656 563 595 699 595 695 5262 6596 -2198 716 6241 675 -109 32 -46
1534195581.9536035 656 563 595 700 595 695 5146 5598 -2964 569 -654 -1038 -107 31 -51
1534195582.0137906 656 563 596 700 595 695 4718 6760 -1870 -526 -718 774 -105 30 -53
1534195582.0763845 656 563 596 700 595 696 4504 6682 -1870 129 1208 -645 -105 30 -52
1534195582.1562614 656 564 596 700 595 696 4732 6458 -2242 29 232 129 -106 30 -52
1534195582.2271872 656 564 597 700 595 696 4564 6590 -2066 -63 653 -234 -107 30 -52
1534195582.2955542 657 564 597 700 595 696 4694 6500 -2014 61 401 -138 -104 32 -51
1534195582.360711 656 564 597 701 595 696 4560 6496 -2020 -88 281 26 -105 30 -50
1534195582.4231963 657 564 597 701 595 697 4674 6676 -1936 -88 617 -302 -106 33 -51
1534195582.5020494 657 564 597 701 595 696 4600 6444 -2000 -41 32 -70 -106 31 -48
1534195582.5625682 656 564 597 701 596 697 4684 6636 -1822 89 200 -79 -106 31 -50
1534195582.6404147 657 564 597 701 595 697 4700 6560 -1900 -18 528 -199 -105 33 -51
1534195582.7105782 656 564 598 700 595 696 4626 6486 -1962 122 105 -181 -106 33 -48
1534195582.7790468 656 564 597 701 595 697 4624 6572 -1850 227 156 -16 -105 34 -48
1534195582.8455117 656 564 597 701 595 697 4652 6516 -1894 109 222 -59 -106 32 -48
1534195582.9077842 656 564 597 701 595 697 4620 6538 -1866 91 231 -242 -105 31 -48
1534195582.9866748 656 564 598 701 595 697 4596 6536 -1834 38 283 -107 -105 31 -49
1534195583.0463836 657 564 598 701 596 697 4626 6608 -1826 148 238 -114 -107 34 -49
1534195583.124539 657 564 598 701 595 697 4658 6600 -1806 258 93 64 -106 34 -48
1534195583.1811981 656 564 597 701 595 697 4564 6554 -1810 -8 398 -117 -104 32 -48
1534195583.259968 656 564 598 701 595 697 4600 6558 -1870 0 171 -74 -105 34 -48
1534195583.3292272 656 564 598 701 595 697 4750 6744 -1648 93 264 -75 -105 34 -47
1534195583.3917136 656 564 598 701 595 698 4684 6566 -1800 -264 157 -63 -107 32 -47
1534195583.469821 656 564 598 701 595 697 4666 6786 -1650 -130 334 -245 -104 33 -48
1534195583.5414586 656 564 598 701 595 697 4500 6634 -1780 -308 778 -509 -105 33 -45
1534195583.61014 656 563 598 701 595 697 4412 6696 -1568 100 153 -75 -108 34 -45
1534195583.6798854 656 563 598 701 595 697 4696 6778 -1634 61 357 -164 -107 34 -46
1534195583.7437983 656 564 598 701 595 697 4528 6730 -1662 172 95 29 -104 34 -45
1534195583.8121715 656 564 598 701 595 697 4536 6740 -1546 108 18 -87 -107 34 -46
1534195583.8746567 657 564 598 701 595 698 4590 6680 -1668 535 67 130 -105 35 -43
1534195583.9527946 656 563 597 701 595 696 4486 6484 -1494 910 634 912 -107 36 -46
1534195584.0291657 656 563 597 701 595 697 4712 6632 -1506 -889 1770 -489 -106 34 -45
1534195584.0943558 656 563 596 700 595 696 3934 5902 -1696 -953 -1889 729 -105 34 -46
1534195584.1689816 655 563 594 699 595 695 4812 6012 -2560 -1496 297 -233 -106 34 -44
1534195584.2279797 655 562 593 699 595 694 4200 6434 -1614 -1308 -2005 2234 -105 34 -44
1534195584.3132343 655 562 591 697 594 692 4958 6766 -1948 556 -1274 -1197 -105 30 -42
1534195584.375814 654 561 590 696 594 690 5306 6804 -1938 -1775 4552 2710 -104 34 -40
1534195584.453824 654 561 589 695 594 690 4488 7304 -1022 -311 -96 1572 -105 34 -38
1534195584.531646 654 561 589 695 593 690 5960 6764 -1494 -1550 -828 -701 -104 34 -35
1534195584.5941322 654 561 589 696 593 690 5290 6838 -1630 747 835 -1711 -103 33 -36
1534195584.6775696 655 561 590 696 594 691 4574 6686 -1700 615 2556 -1268 -103 34 -36
1534195584.7517927 654 562 592 698 594 692 4888 7964 -1200 6287 -1517 -1500 -103 35 -35
1534195584.8134134 655 563 593 699 594 694 4476 6162 -2644 -555 -1808 -5518 -104 37 -41
1534195584.8915837 656 563 595 699 595 695 2916 5868 -1648 57 619 2007 -104 39 -44
1534195584.9540067 656 563 595 700 595 695 4822 7232 -2020 173 -407 607 -107 39 -46
1534195585.0296047 656 563 596 700 595 696 4196 6760 -2042 -381 -771 -73 -104 37 -47
1534195585.0920918 656 563 596 700 595 696 4122 7012 -1722 -586 -4 -222 -108 38 -46
1534195585.1778471 656 563 596 700 595 696 4066 6674 -1936 -456 964 -125 -107 36 -43
1534195585.2488189 656 563 596 700 595 697 4380 6838 -1904 340 -409 218 -108 38 -43
1534195585.313426 656 564 597 701 595 696 4144 6882 -1848 12 -6 115 -106 38 -43
1534195585.3759112 656 564 597 701 595 697 4342 6886 -1856 236 4 -48 -109 38 -43
1534195585.4383965 656 563 597 701 595 697 4270 6862 -1766 193 75 41 -109 37 -42
1534195585.5200589 656 563 597 701 595 697 4332 6888 -1944 107 286 -216 -109 35 -44
1534195585.5780046 656 564 597 701 595 697 4224 6920 -1778 -74 404 -424 -106 36 -41
1534195585.6581354 656 563 598 701 595 696 4218 6772 -1830 565 46 254 -108 38 -41
1534195585.71711 656 563 597 701 595 696 4386 7018 -1854 299 476 -167 -107 37 -43
1534195585.7979293 656 563 598 701 595 696 4170 6830 -1794 -25 230 -119 -109 38 -41
1534195585.860414 656 564 598 701 595 697 4254 6890 -1908 257 -185 -62 -109 38 -42
1534195585.922901 656 563 598 701 595 697 4312 6966 -1774 -25 204 -7 -109 38 -42
1534195586.0059702 656 564 597 701 595 697 4180 6950 -1730 170 172 -80 -107 41 -42
1534195586.0614603 656 564 598 701 595 697 4230 6814 -1834 169 414 88 -108 37 -42
1534195586.142519 656 563 597 701 595 698 4302 6920 -1714 186 6 -158 -109 38 -43
1534195586.2107866 656 564 597 701 595 697 4232 7018 -1786 144 507 52 -110 36 -42
1534195586.2776105 656 564 597 701 595 697 4200 6832 -1840 219 161 2 -108 37 -41
1534195586.343441 656 563 597 701 595 697 4192 6844 -1758 112 125 -153 -109 38 -43
1534195586.4057267 656 563 598 701 595 697 4272 7004 -1720 215 333 99 -110 37 -42
1534195586.4854336 656 564 597 701 595 697 4184 6804 -1778 -117 189 -324 -109 40 -40
1534195586.5478022 656 563 598 701 595 697 4302 6876 -1764 -63 -41 61 -109 40 -43
1534195586.622738 656 563 598 701 595 697 4194 6924 -1722 161 62 -30 -107 38 -41
1534195586.6805687 655 563 597 701 595 697 4296 6544 -1900 68 1660 1084 -109 38 -40
1534195586.7673466 655 563 596 701 595 696 5372 7558 -1462 -2821 -1581 1491 -109 38 -40
1534195586.8287487 655 563 595 700 595 696 3842 6124 -1484 -951 -120 417 -106 38 -37
1534195586.906857 656 562 593 699 595 694 3360 5634 -2012 2205 3343 -4220 -108 34 -35
1534195586.9693422 655 562 592 698 594 693 3902 6150 -2374 947 -3651 878 -109 37 -36
1534195587.0479429 655 562 591 698 594 693 3036 7062 -1218 -813 -1543 528 -107 39 -36
1534195587.1267889 655 562 590 697 594 692 3394 7036 -1720 -1004 651 3817 -107 38 -35
1534195587.1958458 654 561 589 697 593 690 4096 6646 -2046 -1398 1805 -610 -109 37 -30
1534195587.2733147 654 561 588 696 593 691 5446 6812 -1730 18 -1724 -1682 -108 35 -27
1534195587.3436499 655 562 589 697 593 691 3942 6386 -1832 -790 -666 -4187 -108 35 -28
1534195587.4061341 654 561 590 697 594 692 4664 8676 -1024 2910 -3085 1008 -108 36 -27
1534195587.4922564 656 562 591 698 594 693 4184 6450 -2312 3742 1039 1015 -108 39 -26
1534195587.5630276 655 563 593 699 594 695 3886 6404 -2436 -428 -846 519 -109 37 -34
1534195587.6300967 655 563 594 700 595 695 3706 6988 -1552 19 1036 1408 -109 35 -37
1534195587.6953578 655 563 595 700 595 695 4240 6672 -2162 184 947 72 -110 36 -34
1534195587.7641125 655 563 595 700 595 696 4156 6960 -2088 172 248 209 -112 36 -38
1534195587.8265977 655 563 596 700 595 696 4224 6794 -1956 96 268 38 -110 35 -36
1534195587.9047024 656 563 596 701 595 696 4220 6910 -1914 146 187 210 -110 33 -36
1534195587.976038 655 563 596 701 595 696 4264 6810 -1982 394 149 112 -112 34 -35
1534195588.030985 656 563 596 700 595 696 4248 6940 -1932 235 279 51 -113 35 -36
1534195588.109303 656 563 596 700 595 696 4194 6866 -1996 120 408 -47 -111 34 -35
1534195588.1802304 656 563 597 700 595 696 4212 6910 -1974 79 300 2 -109 34 -33
1534195588.2476249 656 563 597 701 595 696 4168 6820 -1946 194 275 60 -110 35 -38
1534195588.3136184 656 563 597 701 595 696 4254 6850 -1900 110 305 -148 -109 33 -34
1534195588.376124 655 563 597 701 595 697 4188 6904 -1944 194 238 -4 -111 33 -35
1534195588.4385905 655 563 597 701 595 696 4238 6894 -1872 245 25 39 -110 34 -36
1534195588.5217645 656 563 597 701 595 696 4228 6908 -1900 168 229 -52 -114 36 -37
1534195588.5793762 656 563 597 701 595 697 4236 6884 -1848 225 46 115 -109 34 -36
1534195588.660377 655 563 597 701 595 696 4170 6884 -1880 115 536 -149 -111 33 -34
1534195588.7264035 656 563 598 701 595 697 4160 6810 -1952 150 39 -50 -111 34 -34
1534195588.7973466 656 563 597 701 595 697 4192 6840 -1876 361 183 105 -111 34 -35
1534195588.8613636 655 563 597 701 595 697 4186 6818 -1954 62 173 -104 -109 36 -35
1534195588.9394705 656 563 598 701 595 697 4182 6884 -1924 270 451 -83 -113 34 -34
1534195589.005353 656 563 598 701 595 697 4224 6850 -1876 169 280 -183 -110 33 -35
1534195589.0621715 656 563 598 701 595 697 4106 6882 -1926 188 241 -27 -110 35 -35
1534195589.1439247 656 563 597 701 595 697 4278 6860 -1934 220 191 -89 -110 35 -35
1534195589.1959949 656 563 597 701 595 697 4198 6922 -1874 179 0 15 -110 35 -34
1534195589.276783 656 563 598 701 595 697 4188 6820 -1834 313 55 42 -111 36 -35
1534195589.3446724 656 563 598 701 595 697 4222 6948 -1800 363 -25 112 -112 35 -34
1534195589.407373 655 563 598 701 595 697 4258 6944 -1888 231 211 -29 -112 33 -35
1534195589.4854612 656 563 597 701 595 697 4218 6882 -1872 149 256 -120 -110 34 -35
1534195589.5474472 656 563 598 701 595 697 4196 6944 -1844 173 174 -11 -108 36 -35
1534195589.6222625 656 563 598 701 595 697 4180 6854 -1878 191 205 -9 -112 36 -33
1534195589.6799424 656 563 597 701 595 697 4094 6922 -1842 223 354 -5 -111 35 -35
1534195589.760782 656 563 597 701 595 697 4284 6874 -1922 238 37 -107 -111 37 -35
1534195589.8276772 656 563 598 701 595 697 4152 6956 -1794 183 173 17 -111 35 -35
1534195589.8901608 655 563 598 701 595 697 4194 6840 -1888 187 26 29 -110 33 -33
1534195589.9528522 655 563 598 701 595 697 4144 6888 -1828 316 127 87 -110 34 -35
1534195590.0326881 656 563 598 701 594 696 4168 6876 -1842 231 100 -10 -111 37 -34
1534195590.0946217 656 563 598 701 595 697 4012 6856 -1752 98 436 -163 -110 34 -35
1534195590.173944 656 563 597 701 595 696 4234 6844 -2244 -1016 2984 662 -110 35 -35
1534195590.2460508 655 563 596 700 594 696 4356 7578 -1360 -505 -1406 1654 -110 35 -33
1534195590.3303928 655 562 594 699 594 694 4416 7442 -2056 371 -1159 -1478 -109 33 -30
1534195590.3928797 654 562 592 698 594 692 3610 6916 -1852 1502 -3076 1443 -107 37 -32
1534195590.455551 654 561 591 696 593 691 4798 6548 -1456 227 2391 -243 -107 36 -31
1534195590.5355752 653 560 589 695 593 690 3958 6448 -1266 377 374 1483 -106 34 -31
1534195590.5946224 654 560 589 695 593 689 4154 6348 -1892 -655 1027 -905 -109 35 -30
1534195590.663962 654 560 589 695 593 689 4204 7006 -1372 149 1176 -36 -105 33 -29
1534195590.7496128 654 561 590 696 593 690 4568 8108 -1630 1322 -990 -538 -107 36 -24
1534195590.8134546 654 562 592 697 593 692 4662 7650 -1248 5137 531 530 -108 38 -27
1534195590.8915632 655 562 594 698 594 694 4654 6574 -2554 -1852 280 -6099 -107 35 -33
1534195590.9542437 655 562 595 699 594 696 2520 5858 -1578 169 2314 2712 -108 41 -36
1534195591.0397642 655 562 595 700 594 695 5088 7082 -2392 -45 -494 224 -108 39 -41
1534195591.0947573 655 563 596 700 594 695 3924 6948 -1668 97 -357 446 -108 37 -40
1534195591.164003 655 563 597 700 594 696 4236 6948 -1918 299 603 -57 -109 36 -41
1534195591.2422185 655 563 596 700 594 697 4236 6934 -1826 245 115 333 -109 38 -40
1534195591.298155 656 563 596 701 594 696 4216 6804 -1900 253 387 22 -109 36 -39
1534195591.3762612 655 563 597 700 594 696 4300 6812 -1902 86 11 -19 -109 35 -41
1534195591.438748 655 563 597 701 594 696 4198 6894 -1876 195 303 85 -107 37 -40
1534195591.5150473 655 563 597 700 594 696 4284 6958 -1900 385 -38 104 -108 36 -39
1534195591.5779884 656 563 597 700 594 697 4334 6900 -1862 259 190 124 -109 34 -38
1534195591.6530054 655 563 597 701 594 697 4148 6866 -1814 73 340 -115 -109 37 -39
1534195591.7122326 656 563 598 701 595 697 4272 6856 -1932 175 96 1 -109 36 -39
1534195591.780914 655 563 598 701 594 697 4202 6852 -1762 88 266 -119 -109 35 -39
1534195591.843524 655 563 598 701 594 697 4214 6904 -1790 183 189 -14 -109 35 -38
1534195591.9215016 655 563 597 701 594 697 4206 6842 -1842 210 127 35 -108 37 -39
1534195591.992548 655 563 598 701 594 697 4122 6740 -1872 346 22 22 -109 39 -39
1534195592.0607975 655 563 597 701 594 696 4212 6894 -1866 200 133 -6 -108 37 -38
1534195592.1234202 656 563 598 701 594 697 4270 6948 -1866 311 31 17 -109 37 -39
1534195592.1814532 656 563 597 701 595 697 4212 6910 -1762 189 238 -9 -109 37 -39
1534195592.26366 655 563 598 701 594 697 4280 6918 -1828 133 118 -6 -108 36 -39
1534195592.3287847 655 563 597 701 594 697 4188 6928 -1750 95 192 42 -108 38 -39
1534195592.3910506 655 563 598 701 595 697 4210 6856 -1810 167 220 -51 -109 37 -36
1534195592.4535365 656 563 597 701 595 697 4224 6932 -1834 249 22 94 -109 36 -37
1534195592.5313833 655 563 598 701 594 696 4156 6852 -1862 210 157 51 -109 38 -36
1534195592.593938 656 563 598 701 594 697 4220 6886 -1854 181 22 -79 -110 38 -38
1534195592.663809 656 563 598 701 595 697 4246 6914 -1776 213 123 56 -108 37 -37
1534195592.7394495 656 563 598 701 595 697 4192 6840 -1812 71 144 -37 -109 36 -40
1534195592.7971148 656 563 598 701 594 697 4136 6904 -1772 301 220 40 -111 35 -37
1534195592.8596005 656 563 598 701 594 697 4256 6948 -1820 87 93 -64 -110 37 -37
1534195592.9379172 656 563 598 701 594 697 4184 6966 -1770 299 218 96 -110 35 -37
1534195593.0119007 656 563 598 701 594 697 4212 6872 -1860 123 151 -33 -107 39 -37
1534195593.080513 655 563 598 701 594 697 4196 6876 -1752 264 148 14 -108 37 -36
1534195593.1488411 655 563 598 701 594 697 4212 6930 -1816 283 128 -56 -109 36 -35
1534195593.2134266 655 563 598 701 594 697 4222 6884 -1826 241 92 97 -110 35 -37
1534195593.2824934 656 563 597 701 594 697 4246 6874 -1854 270 76 64 -109 35 -36
1534195593.3454294 656 563 598 701 595 697 4230 6892 -1782 192 111 -3 -110 36 -36
1534195593.4079163 656 563 598 701 594 697 4204 6870 -1880 113 185 -80 -109 38 -38
1534195593.491724 655 563 598 701 594 697 4260 7098 -1692 927 1240 1661 -111 37 -37
1534195593.547488 655 562 597 700 594 697 4532 6998 -1488 -475 366 1807 -109 35 -37
1534195593.6344118 655 562 595 699 594 695 5244 6816 -1298 -906 3126 -786 -110 36 -36
1534195593.6967418 654 561 593 698 593 692 4910 7496 -1808 -811 -212 1617 -109 36 -34
1534195593.7767413 653 560 591 696 593 691 4662 6624 -2110 16 453 -1282 -106 36 -33
1534195593.8446667 653 560 590 696 592 689 5530 6882 -1420 -1616 3190 1870 -106 33 -32
1534195593.9071345 652 559 589 695 592 689 4578 6886 -842 177 -594 14 -106 32 -30
1534195593.9905374 653 559 589 695 591 688 3854 7330 -1084 196 -1138 225 -107 33 -27
1534195594.0629935 653 559 590 695 592 689 4968 7070 -1508 -1046 -73 -2693 -105 37 -27
1534195594.1339786 654 560 591 696 592 689 4558 8062 -374 3801 -3063 1984 -106 37 -27
1534195594.1962051 654 561 592 698 593 692 4756 5444 -3328 3455 -1426 -6076 -106 36 -26
1534195594.2812831 655 562 594 699 593 694 2652 5826 -2906 633 -5710 530 -105 32 -42
1534195594.3437686 655 562 595 699 594 694 3672 7432 -760 -502 2447 2646 -108 38 -43
1534195594.4218752 655 562 596 700 594 695 4746 6682 -2614 1125 1679 -472 -110 34 -41
1534195594.5023303 655 563 596 700 594 696 3968 6988 -2004 -121 356 -175 -110 37 -39
1534195594.5632613 655 562 596 700 594 696 4276 6932 -2094 690 1179 -306 -108 37 -42
1534195594.6345625 655 563 596 700 594 696 4190 6516 -2294 124 -130 71 -109 34 -42
1534195594.6969156 655 563 596 700 594 696 4100 6816 -2104 -34 411 -253 -109 38 -41
1534195594.7749057 655 563 597 701 594 696 4250 6940 -2114 361 67 112 -108 36 -42
1534195594.84309 656 563 597 700 594 696 4216 6874 -1970 -10 318 -105 -108 35 -43
1534195594.9056146 655 563 597 701 594 697 4220 6874 -2162 471 196 279 -109 35 -43
1534195594.9682636 655 563 597 701 594 697 4162 6742 -2106 66 122 -154 -108 37 -43
1534195595.0473046 656 563 598 701 594 697 4206 6944 -2140 276 163 123 -108 37 -42
1534195595.118304 655 563 597 701 594 697 4164 6806 -2060 301 49 5 -108 37 -41
1534195595.1808138 655 563 598 701 594 697 4226 6812 -2106 435 -40 114 -109 35 -38
1534195595.2432992 656 563 598 701 594 697 4252 6906 -2080 240 198 96 -109 36 -41
1534195595.321406 656 563 598 701 594 697 4214 6832 -2064 39 291 -145 -109 37 -42
1534195595.383973 655 563 597 701 594 697 4150 6750 -2170 239 125 16 -109 38 -42
1534195595.4463778 655 563 598 701 594 697 4202 6886 -2034 326 132 95 -110 37 -41
1534195595.528106 656 563 598 701 594 696 4232 6818 -2118 128 13 88 -109 35 -41
1534195595.5937767 655 563 598 701 594 697 4170 6828 -2124 251 265 -3 -108 36 -44
1534195595.6632612 655 563 598 701 594 697 4168 6724 -2084 71 64 -80 -108 36 -44
1534195595.728266 655 563 597 701 594 697 4214 6894 -2032 169 362 26 -109 36 -41
1534195595.7966533 655 563 597 701 594 697 4122 6794 -2086 66 214 -129 -111 36 -42
1534195595.8591404 655 563 598 701 594 697 4268 6888 -2156 194 238 -64 -108 38 -41
1534195595.9372456 655 563 597 701 594 697 4120 6856 -2002 97 237 -62 -111 36 -40
1534195596.0063486 655 563 598 701 594 697 4234 6794 -2126 154 221 -86 -110 36 -39
1534195596.0618699 655 563 598 701 594 697 4194 6866 -1968 206 107 -3 -109 38 -41
1534195596.1435874 655 563 598 701 594 697 4230 6932 -1966 195 330 -31 -108 37 -41
1534195596.2129865 655 563 598 701 594 697 4192 6826 -1996 90 294 -130 -109 39 -41
1534195596.2817833 655 563 598 701 594 697 4168 6938 -1974 37 490 -155 -111 38 -39
1534195596.3449516 655 563 598 701 594 696 4156 6848 -1938 49 215 -130 -109 39 -41
1534195596.407595 655 563 598 701 594 697 4126 6912 -1990 160 183 -35 -109 36 -40
1534195596.4899607 655 563 598 701 594 697 4140 6890 -1924 277 208 -12 -109 38 -40
1534195596.5623453 655 563 598 701 594 697 3344 6694 -1694 660 -124 524 -107 36 -39
1534195596.6248305 655 562 597 701 594 696 4724 6966 -1786 -849 1041 871 -109 38 -41
1534195596.6964154 655 562 597 700 594 696 3266 6228 -1578 -706 5572 652 -111 36 -41
1534195596.7645319 654 562 595 700 594 695 4760 6690 -1514 -1183 1509 356 -108 37 -36
1534195596.8426797 655 561 594 699 593 694 3596 7264 -922 -267 -3742 -171 -104 37 -33
1534195596.9051254 654 561 591 698 593 693 4406 7252 -1466 -356 4 1461 -109 38 -29
1534195596.988611 653 561 591 697 593 692 5148 7398 -1420 1829 -1278 2564 -108 38 -30
1534195597.046511 654 560 590 696 592 692 5950 7858 -2034 1517 2063 1102 -107 35 -30
1534195597.1243608 653 560 589 696 592 691 5498 6684 -1250 907 1277 1283 -105 32 -34
1534195597.196709 653 560 589 696 592 691 5240 6906 -1790 -1389 380 -1541 -105 31 -35
1534195597.2956312 653 560 589 696 592 692 4750 7172 -1328 -1150 799 -1009 -104 34 -34
1534195597.3424954 653 560 590 696 592 692 4864 7828 -1078 3180 -2305 803 -104 35 -31
1534195597.420602 654 561 592 698 593 693 5494 6664 -2434 723 351 -5739 -104 34 -31
1534195597.4972413 654 562 594 699 593 694 3342 6302 -1594 -259 -5655 -1537 -107 37 -38
1534195597.5608046 655 562 595 699 594 695 3426 6762 -1412 737 525 1990 -108 42 -34
1534195597.6389143 655 562 595 699 594 695 4442 6748 -2256 317 -443 -258 -110 38 -37
1534195597.6970603 655 562 596 700 594 696 4002 7068 -1796 72 -319 281 -108 36 -38
1534195597.7768137 654 562 596 700 594 696 4070 6858 -1984 292 182 -67 -110 37 -37
1534195597.8443916 655 562 596 700 594 696 4134 6946 -1996 409 -137 136 -109 39 -37
1534195597.906877 655 562 597 700 594 696 4142 6918 -1850 307 225 97 -109 38 -39
1534195597.9894857 655 562 596 700 594 696 4146 6934 -1888 129 320 -162 -108 37 -39
1534195598.0464554 655 562 597 700 594 696 4140 6902 -1966 126 280 -20 -110 38 -36
1534195598.1089294 655 562 597 701 594 697 4146 6930 -1964 232 64 -52 -109 36 -38
1534195598.179984 655 562 597 701 594 697 4106 6974 -1844 189 547 86 -111 38 -38
1534195598.2618766 655 563 597 700 594 697 4174 6892 -1940 121 -135 -174 -109 36 -40
1534195598.3149064 655 562 597 700 594 696 4072 6930 -1884 318 203 88 -107 38 -37
1534195598.393014 655 562 597 700 594 697 4220 6884 -1940 103 35 -225 -110 37 -37
1534195598.4554977 655 562 597 700 594 697 4138 6980 -1780 297 244 127 -110 37 -37
1534195598.5379212 655 562 597 701 594 697 4156 7008 -1892 484 174 123 -110 38 -38
1534195598.5938222 655 562 597 701 594 697 4150 6866 -1962 -69 201 -180 -110 37 -34
1534195598.6803975 655 562 598 701 594 697 4104 6780 -1916 161 222 -26 -111 38 -36
1534195598.7453952 655 562 597 701 593 697 4126 6940 -1856 101 124 -97 -109 38 -37
1534195598.8127394 655 562 597 701 594 697 3974 7102 -1896 325 316 88 -109 37 -38
1534195598.875214 655 562 597 701 594 696 4194 6842 -1986 176 147 -150 -110 38 -40
1534195598.9533222 655 562 598 701 594 697 3914 7100 -1932 437 470 266 -108 36 -39
1534195599.021167 655 562 597 700 594 697 4170 6888 -1960 257 80 33 -110 37 -37
1534195599.0780787 655 562 597 701 594 696 4122 6972 -1752 213 221 58 -107 38 -37
1534195599.157173 655 562 598 701 594 697 4144 6848 -1892 71 209 -123 -110 38 -37
1534195599.2122877 655 562 598 701 594 697 4110 6944 -1830 281 121 50 -110 37 -36
1534195599.2811177 655 562 598 701 594 697 4162 6976 -1850 250 44 26 -108 36 -38
1534195599.359225 655 562 597 701 594 696 4038 6668 -1760 204 1279 454 -110 38 -38
1534195599.4217098 655 562 597 700 593 697 3990 6674 -1898 -83 942 285 -108 37 -37
1534195599.5028417 654 562 596 700 593 696 3764 6938 -1544 -412 992 2267 -108 37 -37
1534195599.5621197 654 562 595 699 593 695 4332 6568 -1596 -77 -318 533 -106 39 -33
1534195599.645835 654 561 594 699 593 694 3494 6948 -1370 50 -2032 -1062 -107 35 -33
1534195599.7134557 653 560 592 697 592 692 4956 6930 -2126 1356 -3449 -654 -106 35 -31
1534195599.7903051 653 560 590 696 592 690 5716 7944 -2278 411 -1407 708 -105 36 -31
1534195599.8599713 653 560 590 696 592 690 4448 6462 -1898 -3094 1518 -3645 -106 34 -31
1534195599.9378846 653 559 589 695 592 689 4554 6464 -1830 1159 1478 -2229 -106 36 -29
1534195600.0080497 652 559 589 695 592 689 3924 6876 -1640 1190 42 -507 -107 42 -27
1534195600.0779462 653 560 589 695 592 690 3518 6672 -1558 101 915 -658 -103 40 -30
1534195600.1523194 653 560 590 695 592 691 3534 7954 -1592 -1545 5959 -4537 -104 41 -29
1534195600.2177453 653 560 592 697 592 692 4216 7584 -1610 3610 -1740 -3800 -103 45 -26
1534195600.2983446 654 561 594 699 593 694 2040 8756 -998 2185 -627 4165 -105 51 -32
1534195600.3608289 654 562 595 699 593 694 4448 7016 -1784 376 3503 2714 -104 51 -37
1534195600.4389393 654 562 595 699 593 695 3600 7152 -1910 -128 -459 257 -106 46 -41
1534195600.5104918 655 562 596 699 593 695 3816 7210 -1660 615 -66 1210 -108 47 -39
1534195600.5787754 654 562 596 700 593 695 3944 7108 -1978 162 -283 374 -107 45 -40
1534195600.6511912 654 562 596 700 594 695 3792 7084 -1656 182 -633 418 -106 45 -40
1534195600.712526 654 562 597 700 593 695 3788 7102 -1810 438 387 228 -107 43 -40
1534195600.7961612 654 562 597 700 593 696 3804 7038 -1580 1490 1189 329 -106 43 -41
1534195600.8586469 655 562 597 700 594 696 4258 6850 -2184 435 480 245 -105 44 -42
1534195600.9211333 655 562 597 700 593 696 3880 7102 -1806 -148 -485 77 -107 44 -42
1534195601.0013351 655 562 597 700 594 696 3928 7046 -1792 172 263 -111 -106 43 -42
1534195601.0675147 655 562 597 700 593 696 3940 7014 -1882 159 81 23 -108 42 -42
1534195601.1304934 655 562 597 700 594 696 3902 7036 -1958 249 231 35 -106 41 -42
1534195601.1951158 655 562 597 700 594 697 4024 7000 -2016 60 -196 -118 -105 41 -43
1534195601.2758796 654 562 597 700 594 697 3904 7106 -1800 272 265 182 -107 43 -44
1534195601.343201 654 562 598 700 593 697 4016 7028 -1904 106 94 -16 -106 41 -44
1534195601.405706 655 562 597 700 593 696 3858 7010 -1902 87 230 -66 -108 42 -42
1534195601.4837537 655 562 597 701 593 697 3990 6992 -1918 195 232 -66 -106 42 -41
1534195601.5463731 654 562 597 701 593 697 3984 7056 -1858 354 119 34 -106 42 -44
1534195601.6133747 655 562 597 701 593 696 3978 7004 -1856 188 162 16 -108 43 -40
1534195601.6858444 654 562 597 700 593 697 3964 7052 -1876 175 90 23 -106 43 -41
1534195601.7516694 655 562 598 701 594 696 3940 6998 -1832 302 171 68 -107 43 -43
1534195601.8204865 655 562 597 700 594 697 4064 7086 -1950 393 124 92 -106 41 -41
1534195601.8883042 655 562 597 700 594 697 3976 6950 -1848 332 221 24 -105 42 -44
1534195601.9561234 655 562 598 701 593 697 4030 7088 -1986 59 121 -44 -107 41 -43
1534195602.0239425 655 562 597 701 593 697 3864 6986 -1876 319 158 23 -108 43 -43
1534195602.092758 655 562 598 701 593 697 4028 6962 -1938 114 90 -79 -107 43 -40
1534195602.1685553 654 562 597 701 593 696 3984 7034 -1866 238 9 -69 -105 42 -42
1534195602.2423584 655 562 598 700 593 697 3964 6978 -1834 217 96 12 -108 42 -42
1534195602.3061876 654 562 598 700 593 697 4074 6976 -1892 204 -52 -64 -107 42 -42
1534195602.362038 654 562 597 700 593 697 3938 7072 -1846 63 -7 -54 -107 43 -42
1534195602.4328523 654 562 598 701 593 697 3932 7040 -1852 186 -16 -20 -107 44 -41
1534195602.4996736 654 562 598 701 593 697 4014 7018 -1814 280 76 28 -108 42 -41
1534195602.5646174 654 562 598 700 593 697 3954 7040 -1922 251 133 53 -107 41 -43
1534195602.631685 655 562 597 701 593 697 3972 6974 -1788 89 9 -78 -109 41 -43
1534195602.7012987 654 562 598 701 594 697 3978 7120 -1942 199 351 70 -107 44 -41
1534195602.7710583 655 562 598 701 593 697 3878 7038 -1852 99 212 -133 -107 41 -42
1534195602.8283503 655 562 598 701 593 697 3960 7048 -1790 189 292 -93 -108 42 -41
1534195602.9064558 655 562 598 701 593 697 3942 7012 -1848 202 518 -124 -109 41 -41
1534195602.978526 655 561 598 701 593 696 3944 7046 -1902 273 312 -15 -108 43 -40
1534195603.0411978 654 562 597 701 593 697 4016 7026 -1800 161 149 -78 -107 41 -42
1534195603.103497 655 562 597 701 593 697 3966 7054 -1898 94 -28 12 -107 42 -41
1534195603.1838348 654 562 597 700 593 696 3890 7048 -1770 156 -16 -50 -107 43 -42
