1534185143.4311244 631 550 589 676 578 672 1850 8194 -1162 231 417 506 -61 -19 -1
1534185143.5036147 631 550 588 675 578 672 1756 8040 -1308 -73 570 21 -61 -16 0
1534185143.5723681 632 550 589 675 578 672 1780 8186 -1052 -69 260 -71 -60 -17 -2
1534185143.631736 631 550 588 675 578 672 1712 7952 -1338 181 277 81 -61 -18 -1
1534185143.6939852 631 551 588 676 578 673 1768 8088 -856 -573 1025 73 -60 -17 -2
1534185143.7732017 631 551 588 675 577 672 1776 8024 -1118 7 347 103 -60 -15 -1
1534185143.8334777 631 551 588 676 578 672 1850 8024 -1070 -369 1070 288 -61 -16 -1
1534185143.911584 631 551 588 676 577 672 1868 8050 -970 -138 1183 88 -60 -16 -1
1534185143.974227 631 551 588 675 577 673 1922 8232 -884 -1364 1063 256 -60 -16 3
1534185144.0488744 631 551 588 676 577 672 1972 8186 -680 610 -355 -211 -59 -16 4
1534185144.1477456 631 551 588 676 577 672 1806 8070 -1070 284 66 337 -57 -15 3
1534185144.1946087 631 551 588 675 577 672 2020 8090 -832 287 116 -27 -60 -16 4
1534185144.2732263 631 551 588 675 577 673 1898 8082 -872 282 23 316 -60 -18 4
1534185144.3151135 632 551 589 675 577 672 1882 8068 -890 93 119 -171 -59 -15 2
1534185144.3671334 631 551 588 675 578 672 1914 8164 -958 156 61 662 -58 -17 4
1534185144.429618 631 551 588 675 577 672 2070 8122 -918 260 83 -514 -59 -16 3
1534185144.5077264 631 550 588 675 577 672 1758 8130 -796 -119 461 510 -60 -18 2
1534185144.5702114 631 550 588 676 578 672 1960 7942 -874 136 104 40 -59 -15 4
1534185144.6326964 631 550 588 675 577 672 1964 8170 -740 -381 710 348 -59 -17 2
1534185144.695181 631 550 588 675 577 673 1834 7848 -634 -139 356 -264 -56 -16 3
1534185144.7872953 631 550 588 676 577 673 1920 8120 -846 667 -214 538 -59 -17 3
1534185144.8442183 631 551 588 675 577 672 2028 8100 -634 -25 212 -296 -57 -18 6
1534185144.897282 631 550 588 675 578 672 1934 8004 -962 609 -315 394 -58 -17 5
1534185144.9753766 631 550 588 676 577 673 2040 8144 -668 13 211 221 -57 -16 5
1534185145.0425203 631 550 588 675 577 672 1910 7976 -918 359 146 -346 -57 -16 3
1534185145.099236 631 551 588 675 577 673 2034 8072 -612 427 22 36 -59 -18 6
1534185145.1616187 631 550 588 675 577 672 1928 8006 -832 529 -2 -265 -56 -16 2
1534185145.2243593 631 550 588 675 577 672 1934 8086 -776 66 310 149 -57 -17 6
1534185145.3024006 631 550 588 675 577 672 2028 8106 -870 25 230 179 -58 -19 2
1534185145.3656402 631 550 588 675 577 672 2068 8086 -632 -233 462 97 -58 -17 7
1534185145.4281273 631 551 588 675 577 672 2042 8118 -832 44 354 213 -59 -17 4
1534185145.490614 631 550 588 675 577 672 1920 8064 -610 173 -99 -197 -57 -17 3
1534185145.5656917 631 550 588 675 577 672 1972 8112 -730 192 314 47 -57 -19 4
1534185145.6314085 631 551 588 675 577 672 1798 8064 -578 -573 774 164 -58 -16 5
1534185145.699354 631 550 588 675 577 672 2066 7940 -758 -422 482 923 -57 -18 7
1534185145.7648537 631 551 588 676 577 672 1900 8196 -756 925 34 398 -56 -17 5
1534185145.8366644 631 550 588 675 578 672 1580 7174 -544 -5523 1444 -2685 -58 -19 6
1534185145.8994153 631 549 588 674 578 672 2694 8182 -272 213 -389 -4284 -56 -14 8
1534185145.9619007 631 548 588 674 578 671 1510 8338 -128 -222 2236 3583 -54 -12 8
1534185146.0425553 631 549 588 674 578 671 1856 8398 258 -399 1263 2546 -54 -13 8
1534185146.1273303 630 549 588 673 578 671 3042 7990 -268 -1718 -1213 -3458 -52 -14 11
1534185146.183051 630 548 588 671 577 671 580 8226 -256 -859 1501 -656 -51 -14 11
1534185146.2511606 629 548 588 670 577 671 2520 8280 540 398 -517 601 -53 -13 10
1534185146.3170755 628 548 588 670 576 670 874 7956 46 -1978 1806 -3337 -50 -14 9
1534185146.37956 629 548 588 669 576 671 1902 8458 594 -316 441 3399 -50 -12 12
1534185146.4560263 629 546 588 669 576 671 2604 8190 510 2278 266 1057 -48 -14 13
1534185146.5300584 629 547 588 672 576 671 1724 8686 -1996 -1524 -1278 -2914 -48 -15 11
1534185146.5987034 631 549 589 674 577 671 -676 5506 1874 976 -4344 435 -51 -13 10
1534185146.661185 631 549 589 674 577 671 2374 7744 -706 4163 -720 -4788 -48 -19 15
1534185146.7236724 631 549 589 675 577 671 1720 8470 -200 975 197 662 -53 -17 14
1534185146.8092816 631 549 589 674 577 671 1742 8074 -108 -112 -1 -978 -54 -16 7
1534185146.865994 631 549 589 675 577 671 1474 8158 -104 -36 -345 348 -53 -15 11
1534185146.92848 632 550 589 675 577 671 1526 8048 40 734 -265 -606 -53 -17 10
1534185146.9909637 631 549 589 674 577 671 1792 8344 -154 1662 103 -9 -54 -15 9
1534185147.0763872 631 550 589 675 577 671 1346 8026 -298 4331 -1780 1978 -55 -17 7
1534185147.1318362 632 550 589 675 577 672 2128 7786 -800 3223 -482 3433 -55 -17 7
1534185147.209942 632 550 589 675 577 672 1846 7600 -888 663 -1148 -558 -56 -21 4
1534185147.280697 631 550 589 675 577 672 2180 8308 -878 964 -56 178 -57 -24 1
1534185147.348751 632 550 589 675 577 671 1818 7914 -856 774 -842 -241 -58 -21 2
1534185147.4136758 632 550 589 675 577 672 1786 8022 -888 129 137 152 -58 -22 3
1534185147.4761603 631 550 589 675 577 672 1990 7992 -868 161 926 702 -59 -22 2
1534185147.546037 631 550 589 675 577 672 1914 7980 -982 -73 -75 -11 -57 -23 3
1534185147.5998228 632 550 589 675 577 672 2206 8072 -772 -88 497 618 -57 -21 2
1534185147.6779306 632 551 589 675 577 672 1958 8070 -994 472 1015 339 -57 -23 0
1534185147.7404149 632 550 589 675 577 672 2180 7906 -816 -623 464 314 -58 -24 2
1534185147.8120148 632 550 589 675 577 672 2178 8086 -756 551 254 556 -56 -21 3
1534185147.8669522 632 550 589 674 577 672 2212 8048 -972 35 22 -336 -56 -22 4
1534185147.92944 632 550 589 675 577 672 2220 8184 -904 -295 799 924 -58 -24 4
1534185148.0075488 632 550 589 675 577 672 2488 7754 -602 -594 286 698 -57 -24 2
1534185148.0801485 632 550 589 674 577 672 2584 8162 -1114 586 512 -910 -54 -23 4
1534185148.1456985 632 550 589 674 577 672 2124 7686 -578 -2497 304 -5670 -56 -22 3
1534185148.2082372 631 549 588 673 577 672 1302 9116 -104 -206 2403 -1450 -55 -21 5
1534185148.2869637 631 548 588 673 577 671 1614 7694 -16 366 2785 4502 -56 -15 7
1534185148.3497875 630 547 588 672 576 671 2406 7468 -962 2251 -183 -655 -54 -17 6
1534185148.4278948 630 548 588 671 577 671 1636 8206 -492 -3874 2372 -2712 -55 -21 4
1534185148.4903789 630 547 588 670 576 671 1904 8292 490 2130 -934 1488 -53 -16 7
1534185148.5628278 630 548 588 670 576 671 1554 7290 -510 1043 77 5573 -51 -15 7
1534185148.632276 629 546 588 669 575 670 2756 8122 -272 -1811 1464 -6370 -53 -16 6
1534185148.6948435 629 546 588 668 575 670 2076 8076 136 -8535 1446 2701 -52 -18 4
1534185148.7712061 629 547 588 669 575 670 1886 8346 718 3062 68 -1019 -51 -13 10
1534185148.8493407 629 546 588 670 575 670 2244 8534 292 3170 452 -4056 -47 -14 10
1534185148.911826 630 547 589 672 576 671 2616 10778 -1362 -4676 -5298 14442 -52 -13 9
1534185148.9743104 631 549 589 674 576 671 2750 7980 286 6327 -2424 -5293 -49 -19 12
1534185149.0554729 631 549 589 674 576 670 1232 8294 -482 270 -430 -1202 -51 -22 10
1534185149.116268 631 549 589 674 576 671 2334 7952 -154 -302 345 762 -56 -18 8
1534185149.1787558 631 549 589 674 576 671 1876 8082 -208 -479 -41 -351 -52 -21 8
1534185149.2412393 631 549 589 674 576 671 2040 8078 -62 -255 -77 33 -53 -20 8
1534185149.3239017 631 549 589 674 576 671 2010 8076 -120 541 -191 -128 -54 -17 7
1534185149.3812656 632 549 589 674 576 671 1882 8020 -196 518 -57 11 -52 -19 7
1534185149.443857 631 549 589 674 576 671 1936 8116 -74 1028 3 -304 -53 -21 8
1534185149.5062373 631 548 589 674 576 672 1952 8108 -270 786 -257 333 -52 -20 8
1534185149.5848925 631 548 589 674 576 671 2072 8138 -148 201 86 -7 -53 -20 6
1534185149.6473098 631 548 589 674 576 671 1990 8154 -318 489 223 39 -52 -19 9
1534185149.709765 631 549 589 674 576 671 1898 8144 -214 610 222 89 -53 -18 7
1534185149.7814436 632 549 589 674 576 671 2022 8166 -360 568 581 1161 -55 -19 8
1534185149.8482332 632 549 589 674 576 671 1944 8092 -400 341 276 122 -55 -19 4
1534185149.9141505 631 549 588 674 576 671 2180 8060 -400 114 -205 181 -55 -18 8
1534185149.9766324 631 548 589 674 576 671 1968 8104 -314 310 -2 221 -55 -21 7
1534185150.0433285 632 549 589 674 576 672 1954 8058 -474 -6 48 468 -52 -20 7
1534185150.0993714 631 549 589 674 577 672 2442 7502 -38 -351 -399 -1279 -53 -21 7
1534185150.1774786 631 549 589 674 576 671 1448 8118 -284 -196 646 177 -53 -20 7
1534185150.2458282 631 548 589 673 576 672 2356 7624 -270 -533 327 -801 -54 -20 8
1534185150.315901 631 548 589 673 576 671 2018 8318 264 1227 1843 1188 -54 -19 7
1534185150.38246 630 547 588 672 576 671 2528 8586 -272 2482 4461 3034 -51 -19 11
1534185150.44495 630 546 588 671 575 670 2494 7496 -958 1470 -1578 -6222 -51 -18 7
1534185150.525427 629 546 588 670 575 670 1076 8164 212 -981 1393 -954 -53 -18 7
1534185150.5837817 628 546 588 669 574 671 2294 8232 -12 1467 -133 -282 -55 -14 6
1534185150.6618955 627 545 588 668 573 670 844 8018 -1024 -1270 1443 3073 -53 -16 6
1534185150.7243745 627 545 588 668 573 670 1630 8256 328 2154 174 -2070 -52 -16 5
1534185150.8008375 627 544 588 667 572 670 2048 7372 -776 -5203 705 1577 -52 -15 5
1534185150.8656106 627 545 588 668 573 670 2858 8366 1032 1215 640 -5547 -54 -14 6
1534185150.9280932 629 546 588 670 574 670 -926 9274 -2210 2758 -1462 2704 -50 -15 9
1534185151.0062003 630 548 589 673 574 671 944 6108 1832 -5003 8077 15430 -57 -11 8
1534185151.0821846 630 549 589 673 574 672 3380 6726 -332 9630 -13452 -8244 -50 -22 11
1534185151.14484 630 549 589 673 575 671 1620 7864 -1346 -1897 -1317 -132 -50 -25 9
1534185151.2227733 630 549 589 673 575 671 2790 7722 -272 1590 -2150 672 -56 -24 4
1534185151.2837605 631 549 589 673 575 672 1674 7874 -1382 -172 -394 -2223 -54 -23 3
1534185151.366316 631 549 590 674 575 671 2468 8192 -572 592 -115 1406 -55 -25 0
1534185151.4288058 631 549 589 674 575 672 2358 7762 -1040 -552 142 -566 -54 -26 3
1534185151.491284 631 549 589 674 575 672 2348 8180 -856 78 687 252 -55 -25 5
1534185151.5743892 631 549 589 674 575 671 2422 8050 -764 65 -51 188 -56 -24 3
1534185151.6159341 631 549 589 674 575 672 2508 7976 -830 2 851 1098 -56 -25 3
1534185151.6940415 631 549 590 674 575 672 2394 8030 -598 -313 652 478 -56 -26 2
1534185151.7623904 631 549 589 674 575 672 2314 7750 -740 304 -266 98 -52 -25 3
1534185151.8282142 631 549 589 674 575 672 2468 7930 -654 97 358 -61 -54 -25 4
1534185151.8957012 631 549 589 674 575 672 2378 7870 -764 618 -302 -277 -53 -26 5
1534185151.9579337 631 549 589 674 575 672 2348 7986 -662 -462 216 82 -53 -23 4
1534185152.0204191 631 549 589 674 575 672 2520 7796 -564 -202 437 619 -52 -25 4
1534185152.095839 631 549 589 674 575 672 2618 7956 -622 -535 189 550 -54 -25 4
1534185152.1628382 631 549 589 674 575 672 2552 7960 -684 798 -722 -180 -53 -27 4
1534185152.240883 631 549 589 674 575 672 2694 7602 -376 -1056 -194 -1997 -53 -26 4
1534185152.3058653 631 549 589 673 576 672 2740 7654 -458 -2590 -30 -6093 -52 -25 4
1534185152.3671615 631 548 589 673 575 671 1268 8108 -396 -2006 8 39 -53 -22 6
1534185152.4297793 631 547 589 673 576 671 2472 7818 -2 -787 728 1096 -55 -20 7
1534185152.4921327 631 547 589 673 575 670 2072 8866 602 -3818 2675 -3636 -51 -22 9
1534185152.573816 630 547 589 672 575 670 862 8058 62 1391 -456 2480 -50 -19 10
1534185152.630641 630 546 589 670 575 670 2816 7478 218 -1154 1174 -706 -53 -17 8
1534185152.7087464 630 546 589 669 574 670 790 8168 332 -925 784 -1861 -50 -18 11
1534185152.780582 628 546 589 669 574 670 1858 8096 1138 1847 -436 1233 -48 -15 11
1534185152.8500717 626 544 590 667 572 669 1074 8210 -374 -529 1052 -540 -50 -17 11
1534185152.9125578 626 544 590 667 572 670 2210 8050 1184 1091 -378 611 -49 -17 9
1534185152.9750435 626 544 590 668 572 670 2016 8388 114 3304 39 2329 -48 -18 7
1534185153.0519216 628 545 588 670 573 670 2142 8958 -938 -191 -8 5788 -49 -18 8
1534185153.1148562 629 546 589 673 574 671 1786 5842 2408 -3832 1258 433 -49 -20 12
1534185153.1927083 630 547 589 673 574 671 2626 8452 -430 6973 -4716 -4561 -44 -23 13
1534185153.2630906 630 548 589 673 574 671 2000 7308 -594 951 1647 1534 -48 -23 8
1534185153.3289142 631 548 589 673 575 672 2712 7948 40 1525 -2586 99 -52 -25 5
1534185153.3962893 631 548 589 673 575 672 2278 7722 -512 -291 1055 542 -51 -24 1
1534185153.4587748 631 548 589 673 574 671 2448 8194 -440 599 -922 1399 -51 -26 5
1534185153.5212586 631 548 589 673 574 672 2406 7768 -494 -591 1351 766 -50 -26 3
1534185153.6008146 631 548 589 674 575 672 2640 7982 -282 359 -365 36 -49 -27 6
1534185153.663295 631 548 589 674 575 671 2460 8062 -656 -62 949 825 -51 -26 7
1534185153.7257998 631 548 589 674 575 671 2626 7958 -56 -133 256 24 -49 -26 5
1534185153.7955465 631 549 589 674 575 672 2714 7870 -374 152 637 528 -48 -28 7
1534185153.849297 631 549 589 674 575 672 2702 7952 -168 202 231 447 -49 -28 6
1534185153.9273324 631 548 589 674 575 672 2518 7946 -288 249 314 53 -48 -29 5
1534185153.9898176 631 548 589 673 575 672 2644 7816 -330 381 -248 -3 -48 -25 7
1534185154.0599687 631 548 589 673 575 672 2590 7848 -282 323 -32 -105 -50 -27 6
1534185154.1165679 630 548 589 674 575 672 2648 7934 -344 -792 1220 1232 -51 -29 3
1534185154.194945 630 548 589 674 575 672 2884 7918 -236 623 -568 113 -47 -28 8
1534185154.2689865 631 549 589 673 575 672 2574 7838 -336 -397 768 615 -48 -27 6
1534185154.3264136 630 548 589 674 575 672 3006 7472 -4 677 7 -322 -49 -29 4
1534185154.3820364 631 547 589 673 575 671 1504 8020 -256 -1965 1891 -4737 -47 -27 7
1534185154.4603465 630 548 589 673 575 671 2082 7720 354 -385 1648 -781 -49 -27 7
1534185154.5354557 631 546 589 672 575 671 3402 7580 -142 -2984 2765 2665 -49 -26 8
1534185154.5992277 630 546 590 671 574 671 2874 8074 110 3466 1433 650 -47 -26 10
1534185154.661536 629 545 589 669 573 670 2966 7414 -336 -754 -277 1009 -46 -24 11
1534185154.7396603 627 544 589 668 572 670 2460 8002 560 -274 1533 1558 -45 -23 9
1534185154.8000467 625 543 589 667 570 670 3294 7722 2 1382 -907 -1110 -44 -22 8
1534185154.8765395 625 542 589 667 569 669 1484 7984 -16 679 596 -2059 -44 -23 8
1534185154.9303908 625 543 589 667 569 669 3068 7880 276 2339 -70 1430 -47 -22 8
1534185155.0087485 626 543 588 669 571 670 770 8722 -2194 -1349 -153 -1580 -46 -22 5
1534185155.0846157 628 546 589 673 573 671 1922 5498 2596 -6342 2031 9918 -51 -21 6
1534185155.146802 629 547 589 673 573 672 4336 5680 -156 12137 -11838 -8000 -43 -30 10
1534185155.2249103 629 547 589 673 573 671 654 7774 -1456 447 -323 -1203 -44 -32 8
1534185155.2936127 630 548 589 673 574 671 2860 7644 -588 21 112 1900 -54 -29 0
1534185155.3506794 630 547 589 673 574 672 2528 8038 -836 -141 706 -420 -52 -30 1
1534185155.428787 630 548 590 673 574 672 2534 7856 -798 -661 778 1096 -51 -26 1
1534185155.4913256 630 548 589 673 574 672 2872 7772 -624 -330 940 594 -51 -29 2
1534185155.563829 630 548 589 673 574 672 2582 7848 -354 -338 218 303 -51 -27 3
1534185155.630304 630 548 589 673 574 671 2844 7892 -690 -86 -194 884 -51 -29 4
1534185155.6927888 630 548 589 673 574 671 2790 7814 -602 392 -26 -147 -50 -29 4
1534185155.7651644 630 548 589 673 574 672 2700 7832 -552 -117 470 237 -49 -29 5
1534185155.8316772 630 548 589 673 574 672 2854 7826 -528 143 590 168 -47 -30 1
1534185155.8837774 630 548 589 673 574 671 2856 7804 -414 -79 -148 228 -50 -29 5
1534185155.9618833 631 548 589 673 574 672 2768 7806 -528 -194 6 560 -50 -30 3
1534185156.0243685 630 548 590 673 574 671 3028 7750 -442 -28 484 1030 -47 -30 5
1534185156.1004019 630 548 589 673 574 672 3710 6592 -468 1054 -1017 -3587 -47 -31 3
1534185156.16289 630 548 589 672 574 671 2402 8150 -478 -1181 1551 197 -49 -30 6
1534185156.2409954 630 546 589 672 574 671 1936 7708 -200 -1907 2366 1289 -49 -27 7
1534185156.3132668 629 546 589 671 574 671 2676 8324 280 4583 3277 3378 -46 -28 6
1534185156.3659043 628 544 589 669 572 670 3032 7622 -996 -337 -1146 -121 -47 -26 7
1534185156.4440098 627 544 589 668 570 670 2224 8072 184 865 938 -2387 -47 -26 7
1534185156.5064948 626 543 588 667 569 670 3302 7686 -408 -765 263 1531 -50 -25 3
1534185156.5826523 624 542 587 666 568 669 2068 7996 -488 -505 346 -737 -47 -24 4
1534185156.646337 624 542 587 666 568 669 2374 8114 -72 -1787 76 221 -46 -24 5
1534185156.7088225 624 542 588 666 568 669 2328 8144 98 134 394 2679 -45 -25 6
1534185156.7825077 626 543 588 668 569 669 3668 8568 456 3345 -644 -1453 -43 -25 5
1534185156.8500433 627 545 589 672 571 670 1582 386 -3638 -6242 -4929 8353 -47 -26 7
1534185156.9126785 628 546 589 672 572 670 4590 6448 1196 4075 -3335 -3111 -48 -31 8
1534185156.9906344 629 546 589 673 573 671 2152 8258 -834 2962 -834 -2115 -41 -31 10
1534185157.0642474 629 547 589 672 573 671 3082 7654 156 -1238 -396 596 -48 -29 8
1534185157.1159365 630 547 589 673 573 671 2910 7856 -460 653 318 49 -45 -30 7
1534185157.1942897 630 547 589 673 573 671 3036 7760 -176 -234 306 650 -45 -30 7
1534185157.2613707 630 547 589 673 573 671 2936 7794 -238 137 345 68 -46 -28 6
1534185157.3274565 629 547 589 673 573 671 2846 7870 -84 521 -115 -50 -47 -28 7
1534185157.3808384 629 547 589 673 573 671 2992 7852 -70 -386 497 827 -46 -27 8
1534185157.4591231 630 547 589 673 573 671 3050 7674 -160 -184 242 447 -45 -31 7
1534185157.521431 630 547 589 673 573 671 3134 7824 -168 306 -192 -4 -47 -31 8
1534185157.5916195 629 546 589 673 573 671 2984 7734 -36 -39 567 353 -45 -31 7
1534185157.6632516 630 547 589 673 573 671 3032 7806 -288 64 -85 615 -44 -31 10
1534185157.7101166 629 547 589 673 573 671 3128 7656 -14 -37 424 172 -44 -30 5
1534185157.7905126 629 547 589 673 573 671 2830 7790 -38 -1071 459 1404 -44 -28 9
1534185157.8508055 629 547 589 673 573 671 3226 7650 -50 840 25 713 -44 -31 10
1534185157.9132898 629 547 589 673 573 670 3272 7798 -518 -395 487 1195 -42 -31 10
1534185157.9913964 629 547 589 673 573 671 3642 7570 698 1341 -523 -687 -42 -33 9
1534185158.0612183 629 547 589 673 573 671 2688 7864 -248 -502 391 -332 -42 -30 11
1534185158.130938 630 547 589 673 573 671 3358 7390 -234 -253 513 -1319 -42 -31 10
1534185158.1934378 629 547 589 672 573 670 3002 7386 144 1054 716 1250 -44 -33 8
1534185158.2711442 630 547 589 672 573 670 2934 7918 -306 -1595 2199 -3289 -43 -31 8
1534185158.340435 629 545 589 670 573 670 2586 7932 1058 -274 1194 4518 -42 -28 10
1534185158.3981023 627 545 589 669 571 670 3230 7582 -16 1993 -702 -3192 -41 -27 11
1534185158.4762852 625 542 588 667 569 669 1648 8182 -274 -338 1805 -1516 -41 -28 12
1534185158.5510204 624 542 588 665 567 669 3682 7606 742 797 -299 -1867 -44 -22 10
1534185158.614733 623 540 587 663 566 669 3160 7712 560 3007 -921 1827 -42 -24 11
1534185158.6772645 623 540 587 664 566 668 3452 7312 -422 -2759 224 -1884 -43 -24 9
1534185158.759098 624 540 587 666 567 669 2026 9110 2204 8192 -658 3169 -44 -27 9
1534185158.8325257 625 542 588 669 569 670 1808 7926 -4454 -7321 -1644 3003 -44 -26 10
1534185158.8965814 627 545 589 671 571 670 6728 6926 3500 1523 535 1802 -46 -28 3
1534185158.9745681 628 545 589 671 572 670 1628 8138 -888 3769 -1869 -7223 -37 -31 13
1534185159.0464113 628 545 589 671 572 671 3250 7588 74 -1543 531 2801 -47 -32 8
1534185159.1005602 628 546 589 672 572 670 2954 7746 136 431 108 -1431 -44 -30 8
1534185159.1630435 628 546 589 672 573 670 3030 7766 76 -384 328 457 -45 -31 9
1534185159.2255278 628 546 588 672 572 670 2898 7748 0 440 24 -102 -45 -30 10
1534185159.3018203 628 546 589 672 573 670 2930 7758 134 -122 86 469 -44 -32 10
1534185159.3645544 629 546 589 672 573 670 2988 7742 18 -120 -284 261 -45 -30 11
1534185159.4268386 629 546 588 672 573 671 3052 7776 200 -211 77 443 -45 -31 11
1534185159.4893215 629 548 589 672 573 671 3028 7784 94 153 -31 126 -42 -31 9
1534185159.5650766 630 547 590 672 574 670 3070 7698 152 34 -198 297 -42 -29 11
1534185159.630795 630 548 589 673 573 671 3028 7740 234 92 307 -85 -44 -31 9
1534185159.6776588 630 547 589 673 574 671 3000 7754 76 86 -118 298 -42 -32 9
1534185159.758593 630 547 589 672 574 671 3178 7672 160 275 131 -172 -41 -32 8
1534185159.8224225 629 546 589 672 573 670 2944 7784 80 -137 43 604 -44 -31 7
1534185159.8810267 629 546 589 672 574 671 3150 7698 166 56 221 298 -43 -31 10
1534185159.9435127 629 546 589 672 573 670 3014 7700 94 124 -107 554 -44 -32 10
1534185160.0061865 629 546 589 672 573 670 3248 7676 266 -17 -7 95 -43 -33 10
1534185160.0842109 629 546 589 672 573 670 3096 7670 132 -277 128 604 -43 -30 10
1534185160.1476185 629 546 589 673 573 670 3236 7694 412 271 138 246 -41 -33 10
1534185160.2101023 629 546 589 673 574 670 3404 7342 506 -117 -251 -510 -42 -33 10
1534185160.2831469 629 546 589 672 574 670 2906 7450 260 680 716 -3874 -40 -32 10
1534185160.350472 629 545 589 671 573 670 2964 7612 176 318 -450 -1624 -43 -31 11
1534185160.4129574 629 545 589 671 573 670 2644 7222 206 -1912 285 629 -43 -29 9
1534185160.491063 628 545 589 670 573 670 2740 7488 466 -1562 1748 -2301 -42 -28 10
1534185160.5645063 627 546 589 669 573 670 3360 7772 454 -799 -527 1026 -41 -27 12
1534185160.6297495 627 544 588 668 571 669 2850 7638 530 434 -940 -1799 -42 -29 11
1534185160.6923342 625 543 588 667 569 670 3500 7810 76 -1699 -152 1891 -42 -29 11
1534185160.7728367 624 542 588 666 567 669 3458 7492 1442 3804 -1018 1091 -41 -29 8
1534185160.8422055 623 540 587 666 566 669 3622 7332 316 -4958 -351 2193 -38 -29 9
1534185160.8964846 623 541 587 666 566 668 3394 8048 860 4944 450 456 -38 -30 9
1534185160.9747021 625 543 588 668 568 669 1350 9578 -2372 3633 1459 2084 -39 -31 7
1534185161.0493913 627 544 589 672 571 670 6778 6808 3638 -4236 5789 6382 -43 -29 7
1534185161.1137967 627 545 589 672 572 670 1878 7852 482 5216 -2910 -7684 -34 -33 13
1534185161.1763499 628 545 589 672 572 671 3174 7674 134 -2063 453 3058 -41 -32 12
1534185161.257414 628 545 589 672 572 671 3664 7558 576 886 -386 -1631 -39 -31 10
1534185161.324919 629 546 589 672 572 670 2948 7748 394 -786 364 859 -40 -32 11
1534185161.3825204 629 546 589 673 573 670 3410 7540 506 -59 -33 27 -42 -33 12
1534185161.4450908 630 547 590 673 574 670 3100 7704 438 -320 -235 707 -37 -33 11
1534185161.5231135 629 546 589 673 573 671 3322 7576 586 -140 3 307 -37 -34 13
1534185161.587445 629 547 589 673 573 672 3206 7628 550 -207 -634 411 -40 -33 13
1534185161.6480691 630 549 589 673 573 671 3412 7524 502 -134 -25 261 -38 -34 12
1534185161.7260258 629 546 590 673 573 671 3274 7572 458 139 -239 148 -38 -33 11
1534185161.7919304 630 549 589 673 574 671 3630 7534 606 -121 346 486 -37 -34 13
1534185161.859387 630 548 590 673 574 671 3212 7568 496 779 -65 -621 -36 -35 11
1534185161.9149964 630 548 590 673 574 671 3480 7570 538 299 63 -38 -37 -35 11
1534185161.9774578 629 547 589 673 574 671 3244 7590 672 335 270 31 -37 -34 12
1534185162.0542815 630 547 590 673 574 671 3442 7566 456 198 208 268 -36 -34 11
1534185162.1161618 629 548 589 673 574 671 3232 7578 712 261 7 -162 -38 -33 12
1534185162.1786404 629 548 590 673 574 671 3378 7570 428 9 211 112 -38 -34 14
1534185162.2411242 629 546 589 673 573 671 3330 7586 530 131 84 273 -39 -33 11
1534185162.3160238 629 547 589 673 574 671 3432 7570 510 205 168 -162 -38 -34 12
1534185162.366851 629 547 589 673 574 671 3360 7546 582 179 -26 316 -37 -36 12
1534185162.4449573 629 547 589 673 573 671 3332 7586 528 45 305 255 -37 -33 13
1534185162.507463 629 547 589 673 574 670 3482 7480 534 -229 224 686 -37 -34 11
1534185162.5778246 629 547 589 673 574 671 3530 7512 506 49 74 139 -37 -33 11
1534185162.6312664 629 546 589 673 574 670 3354 7578 486 -553 -794 -65 -36 -33 12
1534185162.7093222 629 547 589 672 574 671 2836 7486 330 743 559 1338 -37 -35 12
1534185162.783325 629 547 589 671 574 670 2882 7204 1000 -1651 49 -3947 -35 -36 11
1534185162.8535824 629 545 589 671 573 670 2586 7758 1030 4201 -135 3096 -34 -34 12
1534185162.915282 627 545 589 670 573 670 4026 6882 -130 707 437 -1050 -36 -33 12
1534185162.977981 626 544 589 668 571 670 2938 7796 436 -1997 1192 -339 -36 -32 8
1534185163.0603657 624 542 588 667 568 669 2952 7338 682 -1914 1605 4782 -37 -33 8
1534185163.1308599 623 541 588 666 567 669 3710 7194 -760 -1318 -1617 -2662 -33 -32 10
1534185163.1933434 623 541 588 666 567 668 3952 7046 1850 413 -398 -462 -33 -33 11
1534185163.271641 623 542 588 667 567 669 2910 7902 84 1559 1501 -1794 -31 -32 12
1534185163.333643 624 542 588 668 568 669 2802 9278 1652 8218 -1192 4035 -33 -31 11
1534185163.4120185 626 544 589 672 571 671 1412 3104 942 -16135 -781 -85 -34 -31 12
1534185163.474291 627 545 589 672 571 671 4078 7102 1266 10749 -2178 -5716 -35 -37 12
1534185163.5559611 627 545 589 672 571 670 2298 8242 -166 -1249 475 811 -37 -33 13
1534185163.6146662 628 546 589 673 572 671 3894 7430 562 23 -472 -163 -40 -32 9
1534185163.6771944 627 545 589 673 572 671 2696 7866 214 23 373 557 -38 -34 11
1534185163.7552602 628 546 589 673 572 671 3622 7488 502 -515 171 211 -37 -34 11
1534185163.8164537 628 546 589 673 573 670 3108 7716 246 398 37 -42 -39 -34 10
1534185163.878939 628 546 589 673 573 671 3306 7634 470 -242 -81 559 -40 -34 10
1534185163.9414637 628 546 589 672 573 671 3390 7524 510 328 83 -203 -39 -32 10
1534185164.0039093 628 546 589 673 573 671 3196 7618 452 -56 202 107 -39 -34 10
1534185164.0845664 628 546 589 672 573 670 3298 7578 398 234 262 258 -38 -34 10
1534185164.148145 629 546 589 673 573 670 3332 7560 536 -9 200 282 -40 -34 10
1534185164.210794 629 546 589 673 573 671 3272 7602 464 157 -142 78 -39 -34 12
1534185164.281229 629 546 589 673 573 670 3328 7566 364 335 320 223 -37 -34 11
1534185164.3428216 628 546 589 673 573 670 3252 7586 568 49 7 43 -36 -33 11
1534185164.4132347 628 546 589 673 573 671 3290 7662 312 56 204 503 -38 -35 11
1534185164.460097 628 547 589 673 573 670 3426 7520 542 -15 139 177 -40 -35 12
1534185164.5382044 629 546 589 673 573 670 3304 7622 412 197 -1 271 -38 -33 12
1534185164.600091 629 546 589 673 573 671 3266 7664 1020 976 619 463 -39 -35 13
1534185164.662786 628 546 589 672 573 670 3154 7934 104 1027 -57 -1531 -37 -35 11
1534185164.740683 629 546 589 672 573 670 3196 7758 290 -59 -85 1113 -39 -33 11
1534185164.8114483 629 546 589 672 573 671 4602 6936 1462 -753 -575 163 -39 -34 10
1534185164.866055 629 546 589 672 573 671 3174 7736 322 -545 772 813 -36 -36 11
1534185164.9441612 628 546 589 672 573 670 3788 7482 816 -1089 1018 -3813 -38 -35 13
1534185165.0068524 629 546 588 671 573 670 2866 7070 296 -1626 324 -713 -36 -34 12
1534185165.0834992 628 545 588 670 573 670 2818 7928 1616 5343 1465 2396 -37 -34 11
1534185165.1459837 625 543 588 667 569 669 4808 7268 -240 -1285 -126 1290 -38 -32 10
1534185165.2240906 623 542 588 666 567 669 3006 7204 718 49 77 -3252 -33 -33 12
1534185165.2959068 623 542 587 666 566 669 4222 6804 3090 -3635 -280 4453 -35 -34 9
1534185165.3642025 622 541 587 666 565 669 3626 7028 742 2081 216 -3888 -32 -32 12
1534185165.4267297 621 539 587 665 565 669 4022 7968 1178 -813 632 7039 -32 -31 13
1534185165.4891732 621 539 587 665 564 668 2886 7826 724 3270 716 -2230 -31 -33 11
1534185165.5721834 622 540 587 666 565 668 4164 8032 1242 5277 194 -1991 -31 -31 8
1534185165.631376 624 542 588 671 568 670 1378 7968 -2584 -8902 -2634 5192 -34 -31 10
1534185165.7094812 626 544 589 672 570 670 5426 6108 2238 7903 -1070 -4082 -38 -35 9
1534185165.7830229 627 544 589 672 571 671 1774 8242 -246 2388 -2226 -3220 -33 -35 13
1534185165.8500483 626 544 588 672 571 671 3798 7450 280 547 572 2630 -41 -33 10
1534185165.9127092 627 545 589 672 571 671 2988 7830 166 1456 -17 -13 -38 -34 10
1534185165.9750202 627 545 589 672 571 670 3446 7456 66 -840 112 436 -40 -34 9
1534185166.0532193 627 544 589 672 572 671 3408 7574 92 1166 630 812 -40 -33 8
1534185166.1148267 628 545 589 672 572 671 3108 7550 44 603 775 1103 -38 -34 9
1534185166.177312 627 544 589 673 572 672 3220 8278 466 2926 -2167 6054 -41 -36 7
1534185166.2584605 628 544 589 673 573 671 4586 7942 -162 5160 10305 29295 -36 -36 9
1534185166.3302703 628 546 590 673 573 672 8460 1962 2530 -4575 8706 32767 -27 -44 7
1534185166.3961377 628 546 590 673 572 672 7396 5356 -3060 2820 17541 23237 -3 -45 16
1534185166.4742424 628 547 590 673 572 670 6580 318 4014 -27641 32767 29710 17 -44 17
1534185166.5475945 628 547 590 673 573 671 5562 -578 5980 -32768 10174 16054 37 -21 31
1534185166.6160479 628 548 590 673 573 671 5102 -5636 7244 -5814 6249 10816 72 7 18
1534185166.6785333 629 548 590 673 573 670 5990 -4392 3446 -6470 -6550 -3131 77 12 12
1534185166.7621899 628 548 590 673 573 672 5376 -3830 2760 -3297 -5931 -10077 84 13 1
1534185166.8332803 628 548 590 673 573 672 6272 -3154 2090 -556 -5189 -14441 83 5 -4
1534185166.9001834 628 548 590 673 573 672 7496 -1978 2514 5271 -176 -17343 80 -8 -7
1534185166.971178 628 548 590 673 573 671 7512 -674 3018 6954 -613 -14007 72 -22 -7
1534185167.0336637 629 548 590 673 573 672 7646 754 2394 5295 -746 -7266 63 -30 -2
1534185167.1122856 629 548 590 673 573 672 7588 740 2850 964 1081 -292 52 -37 1
1534185167.183553 629 548 590 673 573 672 7616 468 2658 -795 -1415 1939 51 -39 2
1534185167.2442803 629 548 590 673 573 672 7596 68 2534 -167 -248 1126 51 -37 2
1534185167.3113122 629 548 590 673 573 672 7676 306 2542 737 519 -756 52 -37 -1
1534185167.3662515 628 548 590 673 573 672 7636 334 2664 1128 178 -936 52 -36 -1
1534185167.4287367 628 548 590 673 573 672 7618 396 2630 277 216 23 50 -37 1
1534185167.491223 629 548 590 673 573 672 7640 382 2600 5 -114 402 51 -37 1
1534185167.563058 629 548 590 673 573 672 7654 338 2582 88 3 1 53 -37 0
1534185167.626481 628 548 590 673 573 672 7626 378 2602 284 198 -63 52 -38 0
