1534181597.9745696 684 601 644 727 635 723 7454 896 2926 239 127 26 -60 -54 -6
1534181598.0397644 683 601 645 727 635 724 7522 926 2954 290 121 150 -59 -53 -7
1534181598.1062207 683 601 644 727 635 724 7426 832 2966 295 186 -25 -60 -53 -5
1534181598.1717846 683 601 645 727 635 723 7500 914 3010 278 171 28 -59 -54 -7
1534181598.2364683 683 601 644 727 635 724 7470 860 2902 199 106 36 -59 -52 -6
1534181598.3001125 684 601 644 727 635 725 7492 938 2950 52 116 38 -58 -53 -7
1534181598.3655555 683 601 645 727 635 724 7514 860 3028 182 128 107 -62 -54 -7
1534181598.4313917 684 601 644 727 635 724 7462 832 2918 288 225 -26 -59 -55 -7
1534181598.4970417 683 601 644 727 635 725 7488 880 2940 243 27 -23 -58 -54 -6
1534181598.8723185 683 601 645 727 635 724 7528 906 3076 157 217 160 -59 -50 -7
1534181598.9115617 683 601 644 727 635 724 7528 940 2998 289 273 -100 -58 -53 -5
1534181598.9497604 683 601 644 727 635 724 7462 822 2928 305 200 50 -58 -54 -6
1534181599.014522 683 601 644 727 635 724 7508 902 3026 168 92 54 -60 -55 -5
1534181599.088195 683 601 645 727 635 724 7438 864 2910 152 149 -32 -58 -52 -8
1534181599.1658776 683 601 644 727 635 724 7494 870 3030 207 229 125 -59 -51 -5
1534181599.2322788 684 601 645 727 635 723 7402 940 2934 336 197 33 -60 -53 -7
1534181599.272676 684 601 645 727 635 724 7432 876 2970 359 146 179 -59 -55 -4
1534181599.3220887 683 601 644 727 635 724 7524 896 2986 193 295 2 -60 -52 -5
1534181599.3716097 683 601 645 727 635 724 7428 854 2884 281 372 -275 -59 -53 -7
1534181599.4043434 683 601 644 727 635 724 7354 894 3074 320 49 138 -59 -53 -5
1534181599.437229 683 601 644 727 635 724 7516 900 2890 24 22 156 -58 -51 -5
1534181599.469724 683 601 645 727 635 724 7416 870 2996 254 119 -53 -59 -52 -6
1534181599.5042422 683 601 645 727 635 724 7464 970 3006 336 231 159 -59 -52 -6
1534181599.5353973 683 601 644 727 635 724 7466 898 2906 370 249 -123 -60 -52 -6
1534181599.6047547 683 601 644 727 635 724 7444 924 3076 296 184 155 -59 -51 -8
1534181599.698871 683 601 644 727 635 723 7442 862 2956 478 276 -16 -60 -53 -6
1534181599.7779307 683 601 644 727 635 724 7444 962 3136 189 161 2 -59 -52 -8
1534181599.8434098 683 601 645 727 635 724 7484 890 3002 168 232 -34 -60 -53 -8
1534181599.8772364 683 601 644 727 635 724 7416 882 2982 256 217 28 -60 -53 -4
1534181599.9130523 683 601 645 727 635 723 7470 936 3186 192 36 12 -60 -49 -5
1534181599.9474862 683 601 645 727 635 724 7386 936 2988 229 163 72 -60 -52 -5
1534181600.0005708 683 601 644 727 635 724 7452 928 3024 323 46 -10 -59 -52 -6
1534181600.0673168 683 601 644 727 635 724 7510 896 3106 293 150 59 -61 -53 -6
1534181600.1449447 683 601 645 727 635 724 7480 958 2984 488 236 -91 -59 -51 -7
1534181600.2055912 683 601 644 727 635 724 7460 942 3088 512 449 -1 -59 -51 -6
1534181600.2621388 684 601 644 727 635 724 7442 992 2996 527 408 109 -61 -52 -6
1534181600.328369 684 601 644 727 635 723 7408 964 3082 359 378 -35 -59 -51 -6
1534181600.3961327 683 601 644 727 635 725 7516 988 3054 -41 -14 -108 -59 -50 -5
1534181600.4609213 683 601 644 727 635 724 7314 994 3100 8 -156 167 -60 -51 -7
1534181600.526837 683 601 644 727 635 724 7456 930 3002 251 214 -80 -62 -53 -4
1534181600.605222 683 601 644 727 635 724 7468 962 3098 32 -40 -23 -60 -51 -7
1534181600.661275 684 601 644 727 635 724 7408 994 3026 283 235 144 -60 -52 -6
1534181600.7220905 683 601 644 726 635 724 7448 920 3082 183 95 -17 -61 -55 -5
1534181600.7877977 683 601 644 727 635 724 7456 980 2962 149 320 89 -60 -54 -4
1534181600.8531377 683 601 644 727 635 723 7438 824 2810 501 115 39 -61 -52 -6
1534181600.919218 683 601 644 727 635 724 7564 900 3066 -52 385 -223 -61 -52 -6
1534181600.9872916 683 601 645 727 635 724 7358 1120 3120 136 507 -213 -59 -52 -3
1534181601.0533137 683 601 644 727 635 724 7394 1126 3354 -28 30 -63 -61 -51 -7
1534181601.1200662 683 601 645 727 635 724 7414 908 3016 210 103 197 -61 -52 -4
1534181601.1873014 683 601 645 727 635 724 7472 972 3126 273 128 -167 -60 -50 -5
1534181601.258265 683 601 644 727 635 724 7364 970 3024 286 25 77 -61 -52 -5
1534181601.3190215 683 601 645 727 635 724 7568 752 3080 -169 275 -171 -62 -52 -6
1534181601.386895 683 601 645 727 635 724 7382 1020 3164 -151 67 -463 -60 -53 -6
1534181601.453152 683 601 644 727 635 724 7090 1298 3100 330 508 96 -62 -52 -4
1534181601.5217555 683 600 644 727 635 724 7148 928 3070 1089 1411 166 -63 -53 -3
1534181601.5902874 683 601 644 726 635 724 8052 682 3460 -3769 -903 -482 -60 -51 -4
1534181601.660358 683 601 645 726 635 723 6784 598 3150 -1589 1071 1085 -60 -50 0
1534181601.7301352 683 601 645 726 635 724 6670 1852 3468 1839 3749 3503 -63 -52 0
1534181601.7992923 683 602 645 726 635 724 7882 2164 4984 -183 1891 3760 -64 -46 5
1534181601.869959 683 602 646 726 635 724 6516 1498 3016 -5971 -5552 1311 -64 -45 5
1534181601.9802976 683 603 647 726 635 724 7936 2626 4570 -2021 2447 5998 -61 -43 5
1534181602.0349925 683 603 647 726 635 725 7398 -670 4088 -657 -1847 -1636 -58 -43 9
1534181602.0813274 683 603 647 726 635 725 7800 354 2766 -665 -2512 -1932 -53 -47 7
1534181602.151157 683 603 647 726 635 724 8018 174 4644 -6787 -9044 3350 -53 -49 7
1534181602.2222002 683 602 645 727 635 724 7060 -170 2134 3956 4540 -5989 -53 -50 5
1534181602.2935245 683 602 646 727 634 724 5722 1676 2904 -1150 -1713 2002 -49 -54 3
1534181602.3611205 683 602 646 727 635 724 7268 226 3524 -385 -284 4594 -54 -55 5
1534181602.4304852 683 602 645 727 635 724 8290 -902 2486 -580 -829 1277 -52 -58 3
1534181602.4957385 683 601 645 727 634 724 7278 -728 2736 -1 268 -756 -48 -57 1
1534181602.5665097 683 602 646 727 635 724 7236 302 2782 -1980 1334 -142 -48 -59 2
1534181602.7052085 683 601 645 727 635 724 7612 -284 2976 -56 251 -308 -47 -60 3
1534181602.8497574 682 601 645 727 634 724 7552 -274 2750 23 72 -204 -45 -57 6
1534181602.9152532 683 601 645 727 635 724 7620 -206 3048 -211 460 -186 -47 -56 3
1534181602.9567578 683 601 645 727 635 724 7476 -82 2796 -61 248 -305 -48 -58 4
1534181602.9911377 683 601 645 727 635 724 7524 -260 2844 -599 -261 89 -47 -58 6
1534181603.0393786 683 601 645 727 635 725 7626 -106 2700 -1494 -718 -275 -47 -57 5
1534181603.0924282 683 601 645 727 635 724 7632 84 2548 -1368 -1699 417 -48 -60 4
1534181603.1445558 683 601 645 727 635 725 7552 -498 2818 -53 -467 3023 -47 -58 6
1534181603.1911461 683 601 645 727 635 724 8512 -914 3330 -982 -2411 2730 -45 -61 4
1534181603.2438073 683 601 645 727 635 724 7628 -38 1682 -630 125 -3584 -42 -60 4
1534181603.4086988 683 601 645 727 635 725 7880 -520 2300 -2406 77 2668 -42 -63 2
1534181603.4858902 683 601 644 727 635 724 6114 -1266 2626 3292 3871 2811 -40 -62 4
1534181603.5379174 683 601 644 727 635 725 6828 -584 2300 -663 -694 -4581 -36 -66 6
1534181603.5719023 683 601 645 727 635 724 6624 -162 3064 6713 -4002 -8156 -40 -65 7
1534181603.6070092 683 601 645 727 635 723 8596 486 2352 3273 3790 -1695 -47 -62 1
1534181603.6612127 683 601 645 727 635 724 7716 -140 2942 3295 1021 1189 -49 -57 3
1534181603.7267427 683 601 645 727 634 724 7834 -22 2732 11 -759 -542 -49 -57 4
1534181603.793216 683 601 645 727 634 724 7396 -4 2724 351 -1929 147 -50 -58 0
1534181603.857841 683 601 645 727 634 725 7916 -36 3344 815 635 996 -50 -57 0
1534181603.9278698 683 601 645 727 635 724 7486 -290 2752 -1652 300 1049 -50 -59 1
1534181604.050074 683 601 645 727 635 725 7484 -510 2674 -642 1125 158 -47 -60 0
1534181604.1910515 683 601 645 726 635 725 7470 -210 2942 -2071 2040 -1591 -47 -61 1
1534181604.2703154 683 601 645 726 636 724 7380 112 3224 723 2684 2432 -49 -60 3
1534181604.3259132 683 601 645 727 636 724 7410 -378 3420 463 918 -507 -48 -58 7
1534181604.3619974 683 601 645 727 636 724 7302 -452 3406 1176 80 247 -47 -59 10
1534181604.3958907 682 601 645 727 635 724 7384 -204 3204 -2 174 -15 -47 -59 6
1534181604.4341323 683 601 645 726 635 724 7310 -672 3376 515 -244 -389 -49 -57 6
1534181604.4841464 683 601 645 727 635 724 7162 -60 3078 543 540 -163 -46 -58 7
1534181604.5351505 683 601 645 726 635 724 7276 -206 3254 284 440 -169 -49 -59 7
1534181604.6026373 683 601 645 726 635 723 7340 -256 3304 716 828 -111 -48 -58 8
1534181604.704865 683 601 645 727 635 723 7260 62 3136 1251 1505 -242 -47 -58 6
1534181604.7869675 683 601 645 727 635 724 7272 -132 3702 290 -18 -183 -50 -56 8
1534181604.8660634 682 601 645 727 635 724 7202 -220 3596 1116 548 83 -49 -56 7
1534181604.90299 683 601 645 726 635 724 7122 66 3244 875 1170 -329 -49 -57 9
1534181604.9379156 682 601 645 726 635 724 7092 -48 3402 148 2671 666 -48 -56 8
1534181605.0019965 682 601 645 727 635 724 7388 -344 4772 -566 2077 1224 -51 -55 9
1534181605.067061 682 601 645 726 635 724 6934 -94 3746 364 353 -500 -49 -53 9
1534181605.1353974 683 601 645 726 635 723 7104 -240 4086 -605 139 301 -48 -53 12
1534181605.202915 683 601 645 726 635 724 7034 -264 4020 403 199 -159 -48 -51 11
1534181605.2707546 683 601 645 726 635 723 6980 -130 3898 422 503 -29 -50 -53 13
1534181605.4115176 683 601 645 726 635 724 6996 -172 3794 354 252 -118 -50 -54 14
1534181605.4930441 682 601 645 726 635 724 6130 -404 3864 -481 -444 1194 -48 -53 13
1534181605.5698543 683 601 645 726 635 723 6686 -232 4302 1132 1155 1617 -50 -53 15
1534181605.61651 682 601 645 726 635 724 6988 -874 4548 1445 1491 -1462 -46 -55 13
1534181605.654901 682 601 645 725 634 723 7888 -822 4294 1102 1112 -365 -47 -53 13
1534181605.698535 682 602 646 725 635 723 6726 290 3668 -1153 -1386 398 -48 -51 14
1534181605.7605116 682 602 647 725 635 723 6316 904 4574 1266 6193 8072 -46 -50 13
1534181605.83005 682 603 647 725 635 723 7310 -432 5130 -500 199 2690 -50 -49 15
1534181605.9008589 683 603 647 725 635 724 6864 502 5094 -2561 -1639 1531 -46 -48 16
1534181605.9689505 682 603 647 725 635 724 6910 -154 4946 -174 665 1708 -44 -44 17
1534181606.1469712 682 603 647 725 635 724 7610 -1930 4246 1375 2703 -1440 -44 -47 18
1534181606.3142426 682 602 647 726 635 724 6720 122 4996 -4249 379 1374 -45 -47 20
1534181606.3837879 682 602 646 725 635 724 6966 -890 4024 1817 1858 -5395 -45 -44 21
1534181606.4297762 682 602 646 726 635 724 5342 1226 5388 590 245 -1030 -45 -44 20
1534181606.4677663 682 602 646 726 635 724 6254 12 5034 -1215 -3176 5764 -49 -45 23
1534181606.5170643 682 602 646 726 635 724 6946 -1698 4192 3120 -626 3553 -45 -45 21
1534181606.579519 682 601 645 726 635 723 6530 -836 4142 629 713 -2022 -39 -51 20
1534181606.6310523 682 602 645 726 635 723 6536 -438 5038 -853 39 -287 -41 -50 16
1534181606.678489 682 602 645 726 635 724 6570 -576 4478 156 -93 142 -42 -50 17
1534181606.7232857 682 602 645 726 635 723 6602 -630 4526 -10 -21 -15 -43 -51 18
1534181606.8980122 682 602 645 726 635 724 6608 -522 4592 141 398 -50 -44 -49 16
1534181606.989815 682 602 645 726 635 723 6534 -646 4580 285 -211 91 -41 -50 22
1534181607.0637994 682 601 645 726 635 723 6582 -534 4344 413 252 -74 -42 -50 19
1534181607.105866 682 601 645 726 635 723 6616 -590 4666 -97 19 47 -43 -52 20
1534181607.144066 682 601 645 726 635 723 6544 -710 4434 338 43 135 -42 -49 20
1534181607.1808553 682 601 645 726 635 724 6716 -676 4768 -53 -399 -113 -42 -51 19
1534181607.2304466 682 601 645 726 635 723 6592 -614 4322 545 454 53 -41 -52 19
1534181607.2819374 682 601 645 726 635 723 6616 -656 4524 400 291 105 -43 -50 20
1534181607.3299046 682 601 645 726 635 724 6528 -502 4410 423 -85 39 -41 -49 18
1534181607.3779104 682 601 645 726 635 724 6668 -672 4466 -33 17 36 -42 -49 18
1534181607.4657314 682 601 646 726 635 723 6488 -550 4440 284 131 22 -43 -50 18
1534181607.544706 682 601 645 726 635 724 6646 -582 4568 145 79 60 -41 -49 18
1534181607.6227825 682 601 645 726 635 723 6634 -696 4640 56 -202 121 -42 -52 19
1534181607.6607962 682 601 645 726 635 724 6614 -658 4392 234 192 110 -42 -51 18
1534181607.6957743 682 601 645 726 635 723 6616 -566 4476 -23 -34 -36 -43 -49 19
1534181607.7357504 682 601 645 726 635 724 6692 -762 4458 94 29 125 -41 -52 18
1534181607.7914786 682 601 645 726 635 724 6586 -648 4452 289 246 8 -42 -51 17
1534181607.8589458 682 601 645 726 635 724 6582 -638 4528 76 185 73 -41 -50 17
1534181607.9229622 682 601 645 726 635 723 6626 -638 4476 220 171 77 -43 -48 19
1534181607.9897268 682 601 645 726 635 723 6514 -614 4360 508 250 -22 -43 -50 19
1534181608.0839567 682 601 645 726 635 724 6636 -616 4474 66 230 53 -41 -52 18
1534181608.160788 682 601 645 726 635 723 6528 -682 4404 389 166 45 -41 -50 20
1534181608.219613 682 601 645 726 635 724 6706 -670 4530 173 48 70 -41 -49 17
1534181608.255578 682 601 645 726 635 724 6578 -666 4454 253 181 31 -40 -51 19
1534181608.3166914 682 601 645 726 635 723 6658 -678 4470 339 200 12 -43 -50 18
1534181608.3827636 682 601 645 726 635 724 6588 -680 4484 246 196 12 -41 -50 22
1534181608.4508595 682 601 645 726 635 723 6614 -636 4446 184 147 -37 -42 -51 19
1534181608.516802 682 601 645 726 635 723 6586 -664 4398 354 196 41 -42 -51 18
1534181608.584527 682 601 645 726 635 724 6640 -658 4570 261 198 -52 -41 -49 19
1534181608.651837 682 601 645 726 635 724 6596 -674 4530 126 313 -15 -43 -49 20
1534181608.793394 682 601 645 726 635 724 6610 -612 4602 290 390 -248 -43 -51 17
1534181608.9496534 682 601 645 726 635 724 6554 -620 4586 362 172 217 -44 -52 17
1534181609.0235682 682 601 645 726 635 724 6572 -614 4444 333 256 -45 -40 -50 21
1534181609.0706432 682 601 645 726 635 724 6614 -588 4478 143 341 -174 -44 -50 19
1534181609.1055264 682 601 645 726 635 724 6588 -560 4596 39 -54 0 -43 -50 21
1534181609.1416414 682 601 645 726 635 724 6560 -658 4508 124 145 -124 -45 -49 20
1534181609.1785626 682 601 645 725 634 723 6608 -678 4842 815 621 805 -43 -49 17
1534181609.224891 682 601 645 726 635 723 6876 -398 4746 197 -860 523 -41 -49 19
1534181609.273716 681 601 645 725 635 723 7304 -798 4982 -244 416 1830 -40 -51 20
1534181609.3286994 682 602 645 725 634 723 7324 -406 4478 -97 -1365 -2977 -42 -50 20
1534181609.4495943 682 602 646 725 635 724 6432 30 5794 1025 1026 3421 -45 -47 19
1534181609.5303462 682 603 647 725 635 724 7010 -876 6580 -1834 -2338 609 -43 -47 19
1534181609.6108844 682 603 647 725 635 724 6670 -300 5732 -2364 -2412 -1394 -40 -47 21
1534181609.6484864 682 603 647 725 634 724 6214 -550 5140 -935 1941 810 -42 -46 19
1534181609.6866186 682 604 647 725 635 724 7510 -1100 5340 -164 508 784 -41 -45 20
1534181609.7516625 682 604 647 725 635 724 6566 -1384 4252 4810 3254 -2257 -38 -45 22
1534181609.8250446 682 603 647 725 635 724 6412 -350 5252 -1624 -2605 1306 -41 -46 20
1534181609.897158 682 602 646 725 635 724 7358 -1608 4484 6635 -1005 -3216 -43 -44 20
1534181609.9677315 682 602 646 726 635 724 4810 1760 3122 2498 593 -2265 -44 -48 16
1534181610.037793 682 602 646 726 635 723 6316 -576 5024 -6205 -3084 4886 -50 -48 14
1534181610.2119255 682 602 646 726 635 724 6816 -642 4146 -2957 -1276 1597 -46 -49 12
1534181610.3474152 682 602 646 726 635 724 6832 -854 3948 688 906 -526 -42 -51 15
1534181610.4116287 682 602 645 726 635 724 6654 -504 4644 -1110 226 -265 -42 -51 15
1534181610.4481733 683 601 645 726 635 724 6702 -560 4408 411 177 285 -43 -50 14
1534181610.4794006 682 601 645 726 635 724 6718 -630 4162 108 116 79 -42 -51 16
1534181610.5105133 682 601 645 726 635 724 6580 -654 4150 -50 568 -119 -41 -52 16
1534181610.545557 682 602 645 726 634 724 6760 -550 4408 181 124 27 -41 -51 15
1534181610.5909686 682 601 645 726 635 724 6680 -768 4240 84 348 87 -39 -51 16
1534181610.6498303 682 601 645 726 634 723 6658 -666 4402 -190 -126 48 -42 -52 17
1534181610.7146106 682 601 645 726 634 724 6738 -658 4312 97 54 153 -40 -51 16
1534181610.8517356 682 601 646 726 635 724 6738 -752 4392 143 230 -27 -39 -48 14
1534181610.9514542 682 602 645 726 635 724 6568 -664 4312 300 70 167 -41 -50 17
1534181611.0088139 682 601 645 726 634 724 6740 -720 4356 81 31 73 -40 -51 18
1534181611.0485723 682 601 645 726 635 724 6704 -732 4276 98 294 1 -43 -50 17
1534181611.0864632 682 601 645 726 635 724 6634 -624 4388 220 174 10 -41 -52 17
1534181611.1234074 682 601 645 726 635 724 6714 -722 4322 114 121 55 -39 -51 15
1534181611.17153 682 601 645 726 635 724 6722 -672 4378 14 46 -4 -41 -51 17
1534181611.238532 682 601 645 726 634 723 6628 -704 4330 400 165 71 -40 -52 17
1534181611.303663 682 601 645 726 634 724 6730 -752 4408 156 111 53 -42 -50 16
1534181611.3726203 682 601 645 726 635 723 6646 -670 4374 260 250 110 -42 -51 18
1534181611.4864137 682 601 645 726 635 724 6698 -662 4246 121 92 -30 -41 -50 18
1534181611.5605388 682 601 645 725 634 724 6634 -712 4274 316 214 55 -41 -49 17
1534181611.6393938 682 601 645 726 635 724 6724 -654 4332 168 115 -11 -41 -50 17
1534181611.6794393 682 601 645 726 635 724 6728 -744 4402 55 128 69 -41 -50 19
1534181611.718427 682 601 645 726 635 723 6620 -672 4252 581 175 36 -40 -50 16
1534181611.764501 682 601 645 726 635 724 6730 -838 4400 57 31 -38 -40 -50 16
1534181611.8306305 682 601 645 726 635 723 6646 -692 4446 143 122 65 -41 -50 16
1534181611.8966186 682 601 645 726 635 723 6692 -754 4328 346 249 7 -41 -52 16
1534181611.9635196 682 601 645 726 635 723 6710 -742 4302 174 181 -70 -40 -49 17
1534181612.031588 682 601 645 726 634 723 6690 -676 4304 -270 623 25 -40 -51 17
1534181612.200135 682 601 645 726 635 723 6674 -742 4388 191 290 -265 -40 -51 19
1534181612.293552 682 601 645 726 635 723 6654 -738 4400 14 183 52 -41 -51 17
1534181612.3623857 682 601 646 726 635 724 6682 -662 4434 254 359 -72 -39 -50 18
1534181612.411271 682 601 645 726 635 723 6628 -708 4348 277 192 -8 -41 -49 17
1534181612.448323 682 601 645 726 635 723 6748 -754 4472 350 350 -56 -41 -51 17
1534181612.48544 682 601 645 726 635 724 6644 -724 4400 386 391 18 -41 -49 18
1534181612.5224025 681 601 645 726 635 724 6598 -636 4422 117 60 -44 -42 -51 17
1534181612.564783 682 601 645 726 635 724 6668 -748 4434 -49 13 -67 -42 -50 19
1534181612.6285417 682 601 645 726 635 724 6694 -732 4494 258 39 -125 -41 -51 18
1534181612.6944916 682 601 645 726 635 724 6644 -660 4334 377 78 113 -41 -50 20
1534181612.78844 682 601 645 726 635 723 6638 -622 4296 466 55 190 -41 -50 19
1534181612.882301 682 601 645 726 634 723 6584 -764 4376 198 62 -187 -41 -48 19
1534181612.9443521 681 601 645 726 634 724 6546 -474 4168 1595 972 969 -41 -51 18
1534181612.9852867 682 601 645 726 634 723 6826 -1078 4468 -425 -581 1274 -40 -50 19
1534181613.0380516 682 601 645 725 635 723 6762 -870 4728 -2612 -719 382 -43 -52 18
1534181613.1125696 682 601 645 725 634 724 7114 -728 4326 -1115 -2360 -505 -41 -51 17
1534181613.1826527 681 602 645 725 634 724 7494 -1038 4088 -592 -2159 -183 -37 -51 18
1534181613.2514865 682 602 646 725 634 724 7036 -818 3926 3480 2305 887 -38 -51 16
1534181613.3206115 682 602 646 725 634 724 6728 -1746 3824 544 1365 2632 -39 -51 15
1534181613.3944402 682 603 647 725 635 725 6270 -2334 4420 -2093 -709 3392 -37 -52 19
1534181613.493058 682 603 647 725 635 724 5212 -1840 3462 -988 -1344 -1011 -30 -52 18
1534181613.583794 682 604 647 725 635 725 5614 -2574 3680 -2356 265 4225 -31 -53 19
1534181613.6652374 682 603 648 725 635 725 7648 -2324 4870 1419 -13 -1276 -26 -53 18
1534181613.70125 682 603 647 725 635 725 7002 -570 4648 -6 -1001 -862 -29 -51 21
1534181613.7504053 682 602 647 725 635 725 5134 -412 2648 -3087 -2161 1032 -30 -52 19
1534181613.8230598 682 602 646 725 634 724 7380 -2550 4648 5898 2548 -4267 -24 -57 17
1534181613.8911943 681 602 646 726 635 724 5560 120 3340 747 -1967 -13 -32 -58 18
1534181613.9644096 682 602 646 725 634 724 6968 -2342 3756 -1887 -1023 1672 -31 -58 15
1534181614.0347195 682 602 646 726 634 724 6992 -1850 2950 514 1558 -12 -28 -61 13
1534181614.104445 682 602 645 725 634 724 6748 -1484 4094 -838 1110 -255 -30 -60 13
1534181614.2884736 682 601 645 726 634 724 6892 -1430 4172 326 770 -790 -29 -61 16
1534181614.3928127 682 602 645 725 634 724 6776 -1674 3676 226 196 553 -30 -57 18
1534181614.4532907 682 601 645 725 634 723 6788 -1646 3828 527 1653 -289 -30 -58 17
1534181614.4892359 681 601 645 725 634 724 6724 -1524 4172 -149 204 -18 -30 -58 17
1534181614.532811 682 602 645 726 634 724 6704 -1540 4042 442 -22 266 -29 -60 17
1534181614.5825179 682 602 645 725 634 724 6804 -1734 3740 175 289 -256 -29 -58 19
1534181614.635482 682 601 645 726 634 724 6838 -1496 4248 -82 181 -189 -31 -58 19
1534181614.6789243 682 601 645 725 634 724 6714 -1522 3882 579 140 93 -28 -57 18
1534181614.7213786 682 602 645 725 635 724 6796 -1560 3970 78 141 -67 -30 -59 18
1534181614.7902815 681 601 645 726 634 724 6764 -1510 4036 147 333 16 -30 -57 15
1534181614.9547806 681 601 645 726 634 724 6734 -1600 3982 242 231 -133 -29 -58 19
1534181615.0281973 682 601 645 725 634 724 6700 -1494 3950 347 272 41 -31 -56 18
1534181615.0951736 682 601 645 726 634 723 6772 -1548 3970 228 104 87 -29 -57 19
1534181615.1302152 682 601 645 725 634 724 6808 -1512 4122 352 129 88 -30 -59 18
1534181615.1661966 682 601 645 725 635 723 6716 -1532 4006 485 190 82 -31 -55 18
1534181615.2112594 682 601 645 725 634 724 6786 -1520 3962 230 205 -51 -29 -56 18
1534181615.2613702 682 601 645 726 634 724 6692 -1550 3948 294 119 79 -29 -56 19
1534181615.3284109 681 601 645 726 635 724 6794 -1550 4030 164 255 21 -32 -57 18
1534181615.3963141 682 601 645 725 634 723 6748 -1510 4014 265 240 -29 -31 -58 19
1534181615.4645445 682 601 645 725 634 723 6750 -1582 3950 376 238 -5 -29 -55 18
1534181615.592523 681 601 645 725 635 723 6754 -1486 4102 168 85 -7 -32 -57 18
1534181615.6991355 681 601 645 725 634 724 6726 -1534 3982 221 249 6 -28 -57 17
1534181615.7822323 682 601 645 726 634 724 6706 -1536 4066 423 298 -38 -28 -57 19
1534181615.8243935 681 601 645 725 635 724 6724 -1474 4022 234 193 177 -31 -56 19
1534181615.863618 681 601 645 726 634 724 6744 -1554 4050 200 465 22 -30 -56 20
1534181615.907288 682 601 645 726 634 724 6624 -1520 4150 187 544 53 -29 -53 18
1534181615.9472792 682 601 645 726 634 724 6758 -1642 4054 155 128 93 -29 -55 19
1534181616.001288 682 601 645 726 635 724 6554 -1440 4090 116 435 -66 -31 -55 20
1534181616.0693636 681 601 645 726 634 723 6668 -1558 4112 400 434 133 -31 -57 18
1534181616.1366415 682 601 645 725 635 724 6720 -1548 4024 217 401 24 -29 -55 19
1534181616.261886 682 601 645 725 634 724 6660 -1446 4052 359 210 66 -29 -58 20
1534181616.3605142 682 601 645 726 635 723 6676 -1516 4126 260 154 -113 -29 -55 20
1534181616.4211326 682 601 645 725 634 724 6598 -1468 4088 328 267 153 -31 -56 18
1534181616.4591973 682 601 645 726 634 724 6764 -1590 4216 676 485 -125 -31 -55 21
1534181616.495279 682 601 645 726 634 724 6562 -1454 4110 503 481 71 -31 -57 18
1534181616.5465925 682 601 645 726 634 724 6678 -1526 4122 -178 547 -51 -32 -56 20
1534181616.61508 682 601 645 725 634 724 6646 -1424 4228 122 116 -239 -29 -57 22
1534181616.6822972 682 601 645 726 635 724 6654 -1568 4120 -29 382 51 -30 -55 21
1534181616.7511547 682 601 645 726 634 724 6600 -1410 4110 497 263 -385 -30 -55 23
1534181616.8196733 681 601 645 726 634 724 6620 -1488 4226 685 329 132 -32 -55 21
1534181616.9991302 682 601 645 725 635 723 6692 -1448 4180 457 408 -144 -30 -54 25
1534181617.0989714 682 601 645 725 634 724 6350 -1238 4448 404 -37 1172 -32 -55 22
1534181617.186914 682 601 645 725 634 723 6970 -1530 4194 2011 2070 1847 -32 -55 22
1534181617.2281873 681 601 645 725 634 723 6516 -1894 4312 2674 -267 -2184 -31 -53 21
1534181617.2813141 681 602 645 725 634 723 7942 -1708 4524 2661 1389 -2963 -31 -53 20
1534181617.3362596 681 602 646 725 634 724 7316 -1566 5266 -588 3012 3125 -36 -51 19
1534181617.3841805 681 603 647 725 635 724 7256 -1996 4782 -1404 -1060 -604 -33 -49 21
1534181617.4160495 681 603 647 725 635 724 7216 -1334 4922 -692 1179 6 -33 -52 24
1534181617.4570978 682 603 647 725 635 725 7116 -2422 5376 3631 4275 4440 -34 -49 24
1534181617.528963 682 603 648 725 635 724 7068 -1662 5430 -85 -1258 -578 -32 -46 24
1534181617.6882148 682 603 647 725 635 724 5590 -624 4154 -182 -2446 -2001 -33 -47 27
1534181617.8500118 681 602 646 725 634 724 7540 -2278 3884 -2536 -5791 851 -35 -50 22
1534181617.9914103 681 602 645 725 635 723 6268 -976 3824 1292 -880 -8190 -31 -51 19
1534181618.0500169 681 602 645 725 634 724 5720 -120 4612 -479 1397 4448 -36 -53 18
1534181618.0869842 682 602 646 725 635 724 6982 -914 4720 4867 1459 577 -39 -55 19
1534181618.1210127 681 601 645 725 634 723 6896 -1506 3738 1263 92 11 -34 -53 21
1534181618.1627414 681 601 645 726 634 724 6452 -1246 4192 -1606 934 -755 -38 -52 18
1534181618.208151 682 601 645 726 634 724 6434 -628 4638 -550 -256 -451 -38 -53 19
1534181618.2552278 681 601 645 726 635 723 6668 -1316 4178 -606 -794 778 -34 -53 20
1534181618.3051069 682 601 645 725 634 724 6806 -1242 4284 -712 -409 -111 -35 -54 20
1534181618.4220352 682 601 645 726 635 723 6628 -1080 4128 -74 -532 -606 -33 -54 20
1534181618.4906654 681 601 645 726 635 723 6700 -1074 4040 147 -583 7 -35 -56 21
1534181618.5540628 681 601 645 725 634 723 6762 -772 4076 810 -111 205 -36 -55 21
1534181618.595993 681 601 645 726 635 724 7048 -1316 3874 -231 -897 326 -34 -55 19
1534181618.6309748 681 601 645 726 634 724 6798 -1158 3896 383 168 -27 -36 -57 18
1534181618.6732295 681 601 645 726 635 723 6780 -1164 4260 127 37 174 -35 -53 18
1534181618.7190785 681 601 645 726 634 724 6708 -1026 3838 457 156 -100 -36 -54 17
1534181618.7841194 681 601 645 726 634 723 6858 -1280 4032 -473 -165 -184 -37 -56 14
1534181618.852064 681 601 645 726 635 723 6384 -946 3556 370 286 -406 -37 -56 18
1534181618.9210508 681 601 645 726 634 723 6696 -1016 4202 10 -133 291 -36 -56 17
1534181619.1283154 681 601 645 726 634 723 6688 -1020 3598 649 128 311 -36 -56 17
1534181619.2239387 681 601 645 725 634 723 7022 -1504 4040 -548 -529 -102 -36 -58 15
1534181619.3040092 681 601 645 726 634 723 6688 -1328 3640 -383 304 16 -36 -56 17
1534181619.351284 681 601 645 726 634 724 6554 -796 4254 52 207 -173 -34 -57 17
1534181619.3925238 681 601 645 726 634 723 6892 -1398 3830 235 252 592 -33 -56 19
1534181619.432129 682 601 645 726 634 723 6774 -1128 4236 615 602 116 -37 -55 19
1534181619.4813426 681 601 645 726 634 723 6730 -1120 4010 262 190 -68 -36 -55 19
1534181619.52856 681 601 645 725 634 723 6728 -1320 3988 42 34 -159 -33 -57 18
1534181619.5862207 681 601 645 726 634 724 6426 -1296 3962 156 -126 -164 -35 -55 19
1534181619.6382196 681 601 645 726 634 723 6830 -1266 4136 -80 242 223 -35 -55 17
1534181619.7478635 682 601 645 726 634 723 6690 -1120 4036 446 360 -260 -36 -56 16
1534181619.810883 681 601 645 726 634 724 6756 -1174 4238 164 187 121 -35 -55 16
1534181619.8609123 682 601 645 726 634 723 6764 -1148 4088 330 288 49 -37 -57 19
1534181619.8959754 682 601 645 725 634 723 6770 -1186 4112 468 287 -50 -35 -54 19
1534181619.9440553 681 601 645 726 634 724 6692 -1154 4240 181 269 -9 -34 -56 17
1534181620.0120893 681 601 645 726 634 724 6742 -1224 4194 158 241 -49 -36 -56 18
1534181620.0790577 681 601 645 726 634 724 6738 -1136 4250 -77 105 122 -35 -57 20
1534181620.1451712 681 601 645 726 635 723 6718 -1096 4222 259 11 55 -36 -55 19
1534181620.2139332 681 601 645 726 634 724 6802 -1238 4072 156 251 -106 -34 -55 18
1534181620.2840452 682 601 644 726 634 723 6640 -1146 4102 314 81 -59 -34 -56 17
1534181620.4124222 681 601 645 726 634 723 6318 -886 3904 105 -292 509 -33 -55 19
1534181620.4932537 682 601 645 725 634 723 6440 -1068 3822 1866 825 1181 -35 -56 20
1534181620.577861 682 601 645 725 634 723 6892 -1510 4512 -2188 -516 -491 -35 -54 17
1534181620.6168334 681 601 645 725 634 723 5684 -318 3398 2171 499 -3767 -36 -53 17
1534181620.6559753 682 601 646 725 634 723 6480 -318 4718 4251 289 1785 -37 -55 19
1534181620.7020524 681 602 646 725 634 723 6798 -2182 4114 -155 -511 1032 -38 -54 20
1534181620.7771246 682 602 647 725 635 724 6438 -2030 3944 -3839 -1533 2884 -35 -51 19
1534181620.8439355 682 603 647 725 635 724 6496 -1082 3822 40 876 953 -31 -52 17
1534181620.914956 682 603 648 726 635 724 6312 -2892 3744 -173 2916 1800 -30 -54 20
1534181620.9861352 682 604 648 725 635 724 5642 -1288 3188 2169 630 -1529 -28 -53 20
1534181621.1799545 681 603 648 725 635 724 6638 -972 4354 2846 2285 -5649 -29 -53 20
1534181621.3417914 681 602 646 725 634 724 7390 -1666 4612 -4931 -7807 -1736 -35 -49 22
1534181621.4048145 681 602 646 725 634 724 8110 -1916 4648 5671 304 -4019 -36 -50 23
1534181621.44189 681 602 645 725 634 723 4976 1144 3682 1468 822 2030 -42 -53 17
1534181621.4849439 681 601 645 726 634 723 7022 -1118 4354 -1420 -3163 5133 -44 -53 16
1534181621.537259 681 602 645 726 634 723 7342 -1840 3156 3072 -813 1156 -40 -58 16
1534181621.5880032 682 601 646 726 634 723 6932 -990 3818 -859 207 -534 -35 -60 10
1534181621.6409636 681 601 645 726 634 723 6734 -794 4092 666 179 174 -38 -59 11
1534181621.6859763 681 601 645 725 634 723 6872 -1066 3826 333 -189 1022 -38 -59 13
1534181621.7281425 681 601 645 726 634 723 7104 -1070 3892 388 -23 76 -38 -58 11
1534181621.8603966 681 601 645 726 634 724 6996 -1184 3720 270 63 -47 -37 -60 8
1534181621.9677067 681 601 645 726 634 723 6828 -962 3920 -1 204 -50 -38 -60 12
1534181622.0225995 681 601 645 725 634 723 6898 -1172 3696 70 946 340 -38 -59 10
1534181622.0643418 681 601 645 725 634 724 7016 -1098 4068 -186 337 -4 -36 -60 11
1534181622.0997167 681 601 645 725 633 723 6880 -954 3782 570 319 -236 -36 -59 12
1534181622.1337705 681 601 645 726 634 723 6876 -1110 3922 229 110 316 -36 -59 12
1534181622.1850722 681 601 645 725 634 723 6928 -1176 3820 103 356 8 -35 -57 12
1534181622.2350538 681 601 645 726 634 723 6938 -1002 4062 211 403 -14 -36 -59 11
1534181622.294962 681 601 645 725 634 723 6952 -1172 3838 314 277 58 -36 -59 11
1534181622.3617105 681 601 645 726 634 723 6754 -1096 3884 248 462 -16 -36 -57 12
1534181622.452736 681 601 645 726 634 723 6886 -1116 3906 312 126 62 -36 -60 11
1534181622.5437784 681 601 645 725 634 723 6920 -1114 3996 13 94 166 -37 -56 12
1534181622.6082761 681 601 645 726 634 723 6964 -1032 3868 379 139 -15 -37 -61 13
1534181622.6426303 681 601 645 725 634 723 6864 -1116 4010 138 230 112 -36 -61 12
1534181622.6980639 681 601 645 725 634 723 6866 -1194 3908 340 80 125 -37 -59 14
1534181622.7658668 681 601 645 725 634 723 6834 -1116 3944 275 390 -37 -37 -59 11
1534181622.8329608 681 601 645 725 634 722 6890 -1038 3906 369 129 73 -36 -58 15
1534181622.8994617 681 601 645 725 634 723 6882 -1116 3912 1 154 74 -35 -60 12
1534181622.9667437 681 601 645 725 634 723 6892 -1260 3880 278 398 198 -35 -58 12
1534181623.0352087 682 601 645 725 634 724 6840 -1058 4054 -238 642 82 -36 -56 13
1534181623.1837916 681 601 645 725 634 723 6786 -1246 3942 78 418 243 -38 -60 14
1534181623.3223543 682 601 645 725 634 723 6934 -1144 3912 -738 670 253 -35 -59 12
1534181623.3847194 682 601 645 725 634 724 6734 -1210 4090 350 332 -114 -35 -57 12
1534181623.4307287 682 601 645 726 634 723 6688 -1164 4006 15 248 299 -36 -56 13
1534181623.464651 681 601 645 726 634 723 6914 -1290 4130 -75 27 40 -35 -58 14
1534181623.5140858 681 601 645 725 634 723 6716 -1232 4020 179 256 -105 -37 -59 15
1534181623.56311 681 601 645 726 634 723 6798 -1242 4092 60 289 -7 -35 -59 15
1534181623.613988 681 601 645 725 634 723 6792 -1192 4022 174 245 -43 -35 -57 15
1534181623.6598737 681 601 645 726 634 723 6838 -1296 3924 355 400 -80 -34 -58 16
1534181623.7138216 682 601 645 725 634 723 6776 -1196 4136 158 301 -169 -36 -57 16
1534181623.8649027 682 601 644 726 634 723 6784 -1172 3972 366 176 -85 -33 -57 16
1534181623.9737747 682 601 644 725 634 723 6742 -1250 4044 -64 539 -471 -36 -58 15
1534181624.0536933 682 601 645 725 634 724 6754 -1160 4248 267 179 123 -37 -56 16
1534181624.111801 682 601 645 725 634 723 6838 -1298 4028 197 367 -152 -36 -57 17
1534181624.1514025 682 601 644 725 634 723 6704 -1112 4132 61 238 -93 -35 -58 16
1534181624.1940448 682 601 645 726 634 723 6698 -1108 4138 179 374 31 -35 -57 18
1534181624.2351012 681 601 645 725 634 723 6778 -1178 4068 193 171 -114 -35 -55 18
1534181624.2752686 681 601 645 725 634 723 6770 -1100 4130 -80 426 -178 -35 -55 16
1534181624.3295646 682 601 645 725 634 723 6732 -1198 4074 539 303 -178 -36 -54 16
1534181624.4006574 681 601 645 726 634 723 6408 -1168 3970 1123 1125 1051 -34 -55 18
1534181624.50999 682 601 645 725 634 723 6514 -1086 3938 -206 989 1785 -33 -54 19
1534181624.6675632 681 601 645 725 634 723 6162 -918 3092 -2885 -955 95 -33 -56 18
1534181624.729593 681 601 645 725 634 723 5610 -234 2568 4241 799 -6108 -31 -57 19
1534181624.7730556 681 602 646 725 634 723 5974 378 4142 120 363 1749 -34 -53 21
1534181624.810782 681 602 646 725 634 724 7602 -1210 5384 -1485 -2043 892 -39 -50 20
1534181624.8545754 681 603 647 725 634 723 7070 -672 4970 -2640 -442 2621 -36 -50 20
1534181624.9017434 681 603 648 726 634 724 7974 -2942 5692 -837 1660 192 -37 -51 20
1534181624.9616115 682 603 648 726 634 724 6766 -1950 4616 163 236 -2234 -33 -51 20
1534181625.0362396 681 603 648 725 634 724 7038 -2322 4354 1778 -1057 -3183 -33 -51 22
1534181625.107915 682 603 647 725 634 724 7832 -1308 4794 -2740 -6868 2730 -32 -49 20
1534181625.2446108 681 602 647 726 634 723 6620 -1948 3026 6752 -1075 -6257 -32 -52 18
1534181625.321549 681 602 646 726 634 723 4292 1518 1782 2838 -2419 -3783 -35 -59 13
1534181625.38329 682 601 646 726 634 723 7202 -918 4040 -2862 -451 5951 -41 -57 6
1534181625.417488 682 601 646 726 634 723 7504 -1642 3142 -178 -34 927 -41 -61 7
1534181625.4618397 681 601 646 726 634 723 7136 -1018 3306 -216 351 -1321 -36 -61 7
1534181625.5286667 682 601 645 725 634 723 7024 -838 3744 190 261 441 -37 -62 8
1534181625.5959344 681 601 646 726 634 723 7208 -1166 3298 -35 -91 -122 -37 -61 5
1534181625.6616943 682 601 645 726 634 723 7116 -1070 3248 -3 692 -69 -36 -63 7
1534181625.7315707 681 601 646 726 634 723 7204 -1010 3598 -442 -56 -279 -37 -59 9
1534181625.7995465 681 601 645 725 634 723 7056 -1052 3632 341 -150 -97 -37 -58 9
1534181626.046806 682 601 645 725 634 723 7244 -1030 3250 246 -1165 -1280 -39 -59 9
1534181626.1597362 682 601 646 726 634 723 7028 -828 3272 -103 939 -250 -37 -60 8
1534181626.1984532 682 601 645 726 634 723 7222 -944 3582 -407 -40 -85 -40 -61 8
1534181626.2346852 682 601 645 725 634 723 7130 -906 3144 -103 670 76 -37 -62 10
1534181626.2826777 682 601 645 725 634 723 7100 -1014 3602 -643 1380 318 -38 -61 9
1534181626.327692 682 601 645 726 634 723 7106 -968 3494 813 246 91 -38 -59 10
1534181626.3777874 681 601 645 726 634 723 7178 -1146 3612 -417 371 52 -39 -58 11
1534181626.4240081 682 601 645 726 634 723 7060 -918 3544 396 499 -55 -36 -59 10
1534181626.4695373 681 601 645 725 634 723 7140 -1106 3554 -150 121 51 -38 -59 13
1534181626.514102 681 601 645 726 634 723 7024 -926 3520 268 268 34 -39 -60 11
1534181626.5965195 682 601 645 726 634 722 7058 -1052 3556 42 801 235 -35 -59 11
1534181626.6651263 682 601 645 726 634 723 7008 -940 3582 564 225 -187 -37 -60 12
1534181626.7134025 682 601 645 725 634 723 7080 -1120 3526 112 356 216 -37 -61 12
1534181626.7505357 682 601 645 726 634 723 7026 -920 3576 329 215 -94 -37 -60 12
1534181626.8147254 682 601 645 725 634 724 7118 -1078 3632 80 405 208 -37 -60 13
1534181626.881551 682 601 645 726 634 723 6998 -1062 3506 265 712 88 -37 -59 13
1534181626.9495993 682 601 646 726 634 723 7044 -1062 3718 -60 510 105 -38 -62 12
1534181627.0174918 681 601 645 726 634 723 6980 -1120 3532 354 205 -36 -37 -59 15
1534181627.0830564 681 601 645 725 634 723 7076 -1038 3744 5 245 -3 -36 -59 14
1534181627.150169 682 601 645 726 634 724 6984 -1078 3682 227 261 54 -36 -58 11
1534181627.2723773 682 601 645 726 634 723 7038 -1088 3606 308 270 23 -34 -59 14
1534181627.3344517 682 601 645 726 634 723 6982 -1110 3600 121 638 28 -37 -59 16
1534181627.3814049 682 601 645 726 634 723 6986 -1024 3664 374 304 26 -35 -60 14
1534181627.4173634 681 601 645 726 634 723 7064 -1132 3630 77 188 58 -36 -58 15
1534181627.482447 682 601 646 725 634 723 6972 -1098 3642 52 725 31 -37 -57 16
1534181627.55182 682 601 646 725 633 723 7012 -1060 3894 -162 116 -98 -36 -57 14
1534181627.6179368 682 601 645 726 634 723 6980 -1138 3634 25 241 83 -36 -58 12
1534181627.686478 682 601 645 725 634 723 7084 -1140 3908 -67 251 -72 -38 -56 16
1534181627.756392 682 601 645 726 634 722 6934 -1166 3682 -345 199 -251 -37 -59 17
1534181627.8280997 681 601 645 725 634 723 7016 -1186 3828 -349 1217 -376 -37 -58 18
1534181627.9778523 681 601 645 725 634 723 6902 -982 3982 31 458 -346 -37 -56 17
1534181628.1479595 681 601 645 726 634 723 6888 -938 3924 966 223 357 -38 -56 16
1534181628.2173226 681 601 645 726 634 723 7078 -1250 4134 1391 -363 196 -37 -55 16
1534181628.2664266 681 601 645 725 633 723 7114 -1334 3816 1159 229 534 -36 -57 16
1534181628.3022947 681 601 645 725 634 723 6806 -970 3872 681 -473 567 -36 -57 17
1534181628.340659 681 601 645 725 634 723 6870 -898 3526 750 163 696 -36 -58 16
1534181628.3763907 681 601 645 725 634 723 7026 -1268 3788 1286 858 1752 -36 -59 16
1534181628.4154172 681 601 645 725 633 723 7106 -996 4194 907 721 -857 -35 -56 14
1534181628.4646583 681 601 646 725 633 723 6426 -738 3962 3131 795 -3109 -38 -57 16
1534181628.5225074 681 602 647 725 634 723 7398 -2084 4448 490 1078 1206 -38 -57 13
1534181628.682101 682 602 647 725 634 723 6622 -1954 4746 735 -601 -2179 -38 -55 15
1534181628.7679052 681 603 648 725 634 723 6226 -2330 3166 2590 5785 4872 -38 -53 15
1534181628.8365283 682 603 649 725 634 723 6160 -472 3762 4346 4519 -2597 -37 -53 17
1534181628.8813426 681 603 648 725 634 724 6524 -476 4294 4757 5018 3331 -37 -54 18
1534181628.9162996 681 603 649 725 634 724 6192 -406 4872 396 -855 -1854 -41 -49 20
1534181628.9534955 681 603 648 725 634 724 6062 152 4512 -2128 -2421 -2228 -41 -50 20
1534181629.0145764 682 602 646 726 634 723 7100 -1178 3936 -3219 -2261 -566 -43 -49 18
1534181629.0844522 681 602 646 726 634 723 5332 822 4330 581 -2333 -1226 -42 -53 18
1534181629.153358 682 601 646 726 634 723 7120 -1066 3806 -573 46 2536 -46 -54 17
1534181629.225498 682 601 645 726 634 723 7228 -1184 4016 158 695 -921 -41 -52 16
1534181629.3600085 681 601 645 726 634 723 6582 -464 4296 -397 229 -169 -40 -53 14
1534181629.478244 682 601 645 726 634 723 6900 -746 4068 -505 -171 134 -41 -54 19
1534181629.5532906 682 601 645 726 634 723 6730 -692 4320 1686 670 -284 -42 -53 17
1534181629.6002831 681 601 646 725 634 723 6738 -784 4166 -137 -202 420 -42 -53 16
1534181629.6434383 681 601 645 725 634 723 6798 -816 3980 346 221 125 -41 -53 18
1534181629.6804116 681 601 645 726 634 722 6772 -738 4160 67 344 -56 -43 -53 16
1534181629.7172606 681 601 645 726 634 722 6814 -766 4172 386 20 252 -40 -56 18
1534181629.7653182 682 601 645 725 633 723 6750 -790 4242 55 -37 -118 -41 -55 14
1534181629.832864 681 601 645 725 634 723 6812 -754 4186 -23 226 193 -39 -53 16
1534181629.9002144 681 601 645 726 634 723 6774 -730 4162 505 248 163 -42 -54 17
1534181630.0974202 681 601 645 725 634 722 6778 -814 4148 -43 135 51 -40 -54 16
1534181630.2043216 682 601 646 725 633 723 6772 -704 4148 517 176 20 -41 -53 17
1534181630.3014038 681 601 645 726 634 723 6804 -912 4156 -27 42 69 -41 -51 15
1534181630.3402004 681 601 646 725 634 723 6808 -784 4066 124 75 -56 -40 -52 14
1534181630.3742738 682 601 645 725 634 723 6788 -824 4170 177 142 45 -40 -54 16
1534181630.4112918 681 601 645 725 634 722 6794 -790 4108 244 238 57 -40 -53 17
1534181630.4554787 681 601 645 725 633 722 6852 -830 4230 172 -89 5 -42 -54 18
1534181630.501206 680 601 645 725 634 723 6762 -814 4226 75 164 59 -41 -52 17
1534181630.549264 681 601 646 725 634 722 6844 -898 4130 -19 147 -79 -40 -53 17
1534181630.5944686 681 601 645 725 634 723 6772 -832 4144 273 249 26 -40 -53 17
1534181630.724475 682 601 645 725 634 722 6804 -766 4258 251 243 -42 -41 -54 15
1534181630.8214908 681 601 645 725 634 723 6832 -894 4170 -48 202 50 -41 -54 19
1534181630.9173834 681 601 645 725 634 723 6714 -832 4188 300 313 -7 -41 -53 16
1534181631.003321 681 601 645 725 634 723 6806 -814 4236 196 210 30 -39 -53 20
1534181631.0407524 681 601 645 725 634 724 6746 -800 4136 222 169 69 -39 -53 16
1534181631.0731432 681 601 645 725 634 723 6792 -866 4314 67 110 -32 -40 -53 17
1534181631.109397 681 601 645 726 634 723 6750 -822 4214 233 262 -5 -40 -51 19
1534181631.1461923 682 601 645 725 634 723 6792 -840 4244 151 111 -11 -39 -52 18
1534181631.1822546 681 601 645 725 634 723 6802 -882 4280 121 223 1 -41 -53 20
1534181631.2193277 681 601 645 725 634 723 6746 -728 4262 237 185 40 -40 -55 17
1534181631.3582528 681 601 645 725 634 723 6730 -884 4184 119 103 55 -40 -53 18
1534181631.43909 681 601 645 726 634 723 6694 -812 4024 87 606 66 -41 -53 19
1534181631.4981422 681 601 645 725 633 723 6754 -732 4350 117 310 13 -41 -51 19
1534181631.5327713 681 601 645 725 634 723 6798 -882 4264 19 94 87 -41 -52 20
1534181631.5661883 681 601 645 726 634 723 6764 -750 4356 252 53 102 -40 -54 18
1534181631.6112847 681 601 645 726 634 722 6780 -854 4280 249 123 24 -39 -52 20
1534181631.67823 681 601 645 725 634 723 6730 -808 4328 126 114 -41 -39 -52 19
1534181631.746247 681 600 645 725 633 722 6684 -1034 3990 420 463 684 -41 -54 22
1534181631.8143015 681 601 645 725 633 723 6804 -878 4324 -422 198 636 -39 -53 20
1534181631.8871937 681 600 645 725 633 723 6700 -1058 4090 -1845 -366 1044 -38 -52 22
1534181631.9890904 681 601 646 725 634 723 6542 -936 4528 -503 506 346 -37 -52 19
1534181632.1182654 681 601 646 725 634 723 6344 -684 3532 1113 963 -1922 -36 -54 22
1534181632.2291086 681 601 646 725 634 723 6528 -1350 4226 -2488 -727 550 -39 -51 20
1534181632.2710886 681 602 646 725 634 723 7276 -2070 4302 -1659 -849 -1199 -37 -51 22
1534181632.30871 681 602 647 725 634 723 6828 -1474 4440 -3085 21 1407 -34 -52 22
1534181632.350293 682 602 647 725 634 723 7076 -3442 3330 -2869 -323 3061 -33 -53 22
1534181632.3900802 682 603 648 725 634 724 8528 -3506 4864 979 2889 -508 -26 -52 24
1534181632.4541159 681 603 649 725 634 724 6466 -2342 4446 243 -1126 -1260 -23 -52 26
1534181632.5248718 681 603 648 725 634 724 7272 -2170 4198 1365 3209 -100 -24 -50 28
1534181632.5985932 681 602 647 725 634 724 4994 -1278 2218 5351 -3394 1631 -28 -50 26
1534181632.7803397 681 602 647 725 634 723 7324 -1766 4880 -1931 -2488 2423 -28 -51 23
1534181632.8900638 682 601 646 725 633 723 7154 -2048 4334 4715 -158 -4415 -30 -52 23
1534181632.99163 681 602 646 726 634 724 5650 -730 3270 -2557 1085 1958 -29 -53 22
1534181633.048654 682 601 646 725 634 723 6900 -2136 4658 -3110 1816 1080 -33 -56 21
1534181633.095299 681 601 646 726 634 724 6482 -1590 4176 1291 0 -792 -27 -54 24
1534181633.1420105 681 601 645 726 634 723 6558 -1758 4102 -330 149 -53 -30 -54 26
1534181633.1831615 681 601 646 725 634 724 6682 -1634 4212 712 142 -57 -27 -52 24
1534181633.229552 681 601 646 726 634 723 6538 -1758 4120 569 537 -282 -30 -52 25
1534181633.2760115 681 601 645 725 633 723 6542 -1640 4216 172 114 -171 -29 -52 25
1534181633.3253064 681 601 645 725 634 724 6580 -1662 4288 0 148 -222 -28 -53 24
1534181633.4183593 681 601 645 725 633 723 6596 -1636 4162 388 377 -181 -31 -52 24
1534181633.4950264 681 601 645 725 634 724 6568 -1620 4226 195 229 -280 -30 -52 27
1534181633.5449874 682 601 645 726 634 723 6564 -1500 4296 359 58 89 -31 -51 26
1534181633.5838675 682 601 646 726 634 723 6626 -1714 4170 194 266 -105 -29 -51 27
1534181633.6391058 681 601 645 726 634 723 6542 -1638 4184 66 251 -167 -30 -51 24
1534181633.7061498 682 601 645 726 634 723 6646 -1606 4316 -100 214 -289 -29 -53 26
1534181633.7765183 681 601 645 726 634 723 6534 -1546 4238 323 275 75 -29 -51 26
1534181633.842145 682 601 645 726 634 723 6554 -1596 4280 303 222 3 -30 -53 27
1534181633.910047 682 601 646 725 634 723 6574 -1622 4296 369 356 19 -29 -52 27
1534181633.9801035 682 601 645 726 634 722 6490 -1582 4264 317 299 -30 -28 -53 27
1534181634.1370373 682 601 645 725 634 722 6608 -1606 4380 559 525 127 -30 -53 26
1534181634.252016 682 601 645 725 634 724 6528 -1636 4204 255 239 -94 -32 -53 28
1534181634.3018205 681 601 645 726 634 723 6496 -1552 4334 208 201 6 -30 -52 29
1534181634.3349411 681 601 646 726 634 723 6568 -1582 4298 192 291 -19 -30 -54 29
1534181634.3720856 681 601 645 725 633 723 6436 -1532 4266 399 392 29 -30 -51 28
1534181634.4200227 681 601 645 725 634 723 6600 -1690 4426 335 413 -322 -30 -51 27
1534181634.4641151 682 601 645 725 633 723 6472 -1512 4414 208 307 55 -30 -51 26
1534181634.5180454 681 601 645 726 634 724 6600 -1646 4404 67 401 -49 -30 -50 27
1534181634.5859702 682 601 645 725 634 722 6382 -1512 4400 303 376 -59 -31 -50 29
1534181634.6530914 682 601 645 726 634 723 6512 -1566 4370 91 105 58 -32 -52 27
1534181634.8150973 682 601 646 726 634 724 6498 -1506 4400 292 359 -108 -30 -49 29
1534181634.9270318 681 601 645 725 634 723 6492 -1522 4498 119 220 -87 -32 -49 30
1534181635.0149658 682 601 645 726 634 723 6408 -1568 4398 177 166 -41 -30 -49 29
1534181635.1013215 681 601 645 725 634 722 6506 -1544 4438 203 179 -39 -30 -54 29
1534181635.1479578 682 601 645 726 634 723 6444 -1566 4492 258 173 3 -31 -50 31
1534181635.1848798 682 601 646 725 634 723 6434 -1538 4392 273 96 -35 -31 -47 29
1534181635.2239707 682 601 645 726 634 723 6464 -1540 4376 74 21 -153 -29 -50 30
1534181635.2761483 682 601 645 725 634 723 6394 -1472 4450 124 91 106 -32 -52 28
1534181635.323066 681 601 645 726 633 723 6316 -1356 4280 158 37 28 -29 -51 27
1534181635.3675053 681 601 645 725 634 723 6540 -1654 4422 648 367 206 -32 -49 27
1534181635.4518557 681 601 645 725 633 723 6402 -1620 4414 1031 699 77 -29 -49 28
1534181635.5188587 681 601 645 725 634 723 6404 -1482 4600 768 1123 1852 -32 -50 29
1534181635.6109626 681 601 646 725 633 723 6248 -984 4948 796 -252 -867 -29 -50 30
1534181635.6478596 681 601 645 725 633 722 6838 -1336 5052 -2734 -2211 -2743 -33 -50 29
1534181635.6828554 681 601 646 725 633 723 6420 -1076 4522 -2651 -2816 1874 -31 -45 28
1534181635.752876 681 602 647 725 633 723 6454 -1174 4188 -1075 -830 770 -30 -48 26
1534181635.820021 681 602 647 725 633 723 6186 -2108 3938 578 1058 25 -29 -48 27
1534181635.8899283 681 602 647 725 633 724 7022 -2590 4394 635 420 1001 -30 -49 28
1534181635.9610245 681 603 648 725 634 724 6384 -1682 3472 1042 836 2623 -27 -50 28
1534181636.0295913 681 603 648 725 634 723 6952 -2524 3896 241 1062 869 -25 -49 24
1534181636.227095 682 602 648 725 634 723 6644 -1562 4866 -728 -3295 -1066 -25 -49 28
1534181636.3308852 681 601 646 725 633 723 7610 -2054 4530 5931 -2788 -5825 -24 -49 26
1534181636.3988008 681 601 646 725 634 723 7532 -1830 4056 12282 3019 -9489 -29 -52 26
1534181636.4348197 681 601 646 726 633 723 5182 1074 4920 -1330 528 5240 -39 -48 20
1534181636.476472 681 601 646 725 633 723 7064 -1736 3944 -2511 -1300 7682 -46 -51 17
1534181636.5331173 681 601 646 725 634 723 7474 -1812 4094 898 -14 -2121 -38 -55 17
1534181636.5858822 681 601 646 725 633 723 6516 -770 3952 228 111 -1065 -35 -54 15
1534181636.6351442 682 601 646 725 634 723 6776 -1088 4204 -562 -24 19 -37 -54 15
1534181636.6880443 682 601 645 726 634 723 6800 -1144 4092 -100 334 -489 -37 -55 14
1534181636.7380712 681 601 645 726 634 723 6770 -926 4274 236 183 13 -36 -55 16
1534181636.8670213 681 601 645 725 634 723 6720 -1084 3976 190 223 39 -37 -53 17
1534181636.9747477 681 601 646 725 634 724 6864 -1094 4208 18 -174 8 -38 -55 17
1534181637.038817 681 601 646 725 634 723 6744 -1074 4090 266 353 -11 -35 -55 17
1534181637.0798528 682 601 645 726 634 722 6778 -1072 4060 182 343 48 -37 -52 17
1534181637.1197596 682 601 645 725 634 724 6762 -1082 4176 -63 23 20 -36 -55 16
1534181637.1568913 681 601 646 725 634 723 6802 -1000 4162 300 199 43 -39 -55 16
1534181637.2059338 682 601 645 726 633 723 6762 -1098 4000 2 -247 -352 -35 -55 16
1534181637.2751844 682 601 646 725 634 723 6786 -1026 4230 -220 -135 -2 -37 -53 19
1534181637.3419294 681 601 645 726 633 723 6788 -1074 4114 261 189 48 -37 -55 17
1534181637.4089959 681 601 645 725 634 723 6834 -1078 4130 93 83 49 -38 -54 18
1534181637.5248663 682 601 645 726 634 723 6780 -1008 4056 224 97 6 -37 -54 18
1534181637.6916344 681 601 645 726 634 723 6788 -1052 4140 98 -16 -38 -37 -54 17
1534181637.769691 681 601 645 726 634 723 6754 -1086 4064 296 106 129 -36 -55 15
1534181637.8196974 682 601 645 726 633 723 6832 -1070 4108 376 -138 138 -36 -55 18
1534181637.8620827 681 601 645 726 634 724 6690 -1060 3984 392 219 -154 -36 -55 16
1534181637.8967109 681 601 645 726 633 723 6818 -1036 4070 247 -71 189 -38 -55 18
1534181637.9337454 681 601 645 726 634 723 6782 -1028 4052 317 146 -82 -35 -54 16
1534181637.9729383 681 601 645 726 634 723 6828 -1040 4188 68 -63 71 -37 -54 18
1534181638.0161407 681 601 645 726 634 723 6810 -1118 4122 175 119 -52 -38 -54 16
1534181638.0823326 681 601 645 725 634 723 6814 -1078 4034 277 149 61 -35 -56 18
1534181638.1896453 681 601 645 725 634 723 6844 -986 4116 292 126 46 -38 -55 17
1534181638.2621803 681 601 645 726 634 724 6858 -1070 4010 311 26 316 -36 -55 17
1534181638.3467276 681 601 645 726 634 723 6804 -1072 4050 277 -63 -29 -38 -55 14
1534181638.3826404 681 601 645 725 634 722 6746 -1034 4048 137 105 -40 -36 -55 18
1534181638.4198227 681 600 645 725 634 723 6798 -1090 4108 282 137 157 -36 -55 17
1534181638.4857626 681 601 645 726 633 723 6848 -1152 3980 217 249 -9 -39 -55 15
1534181638.555845 681 601 645 725 634 723 6806 -986 4090 169 278 -140 -34 -56 15
1534181638.624918 681 601 645 726 634 724 6826 -1106 3952 427 232 52 -36 -55 15
1534181638.6918817 681 601 645 725 633 723 6794 -992 4108 190 150 -118 -35 -54 16
1534181638.757817 681 601 645 725 633 723 6800 -1116 4034 201 46 -21 -38 -54 15
1534181638.835573 681 601 645 726 634 723 6742 -996 4144 185 224 -152 -36 -55 19
1534181638.9176486 681 601 645 726 634 723 6874 -1130 4010 265 204 124 -36 -50 18
1534181638.9856055 681 601 645 726 634 722 6726 -998 4056 329 183 -42 -36 -55 16
1534181639.0275993 681 600 645 725 634 724 6860 -1028 3958 278 38 312 -38 -55 18
1534181639.0947266 681 601 645 725 634 722 6788 -980 4202 235 96 -200 -36 -55 15
1534181639.1628702 681 600 645 726 634 723 6806 -1060 4028 331 -40 386 -35 -55 17
1534181639.2308 681 600 645 725 634 723 6900 -1106 4028 368 217 -76 -36 -54 17
1534181639.2998557 681 601 645 726 634 723 6734 -1016 4120 206 333 -97 -38 -56 16
1534181639.3668618 681 601 645 725 633 723 6796 -1014 4074 310 75 153 -36 -55 16
1534181639.4347441 681 600 645 725 634 723 6788 -1064 4002 243 222 -109 -39 -57 16
1534181639.5650477 681 600 645 725 633 723 6802 -1012 4070 229 149 -22 -38 -56 17
1534181639.7137225 681 600 645 725 634 723 6818 -1060 4062 311 150 52 -37 -55 14
1534181639.7978907 681 601 645 726 634 723 6814 -1006 4120 203 220 -70 -36 -53 16
1534181639.8867652 681 601 645 725 634 723 6780 -1038 4178 167 57 66 -38 -55 18
1534181639.923547 681 601 645 725 634 723 6816 -1034 4064 220 112 32 -36 -53 17
