1534185525.5790799 623 543 582 665 569 664 -2086 7832 1860 601 6 -15 -80 30 -61
1534185525.6450472 623 543 582 665 568 664 -2196 7912 1876 331 302 36 -79 30 -61
1534185525.7158475 623 543 581 665 569 664 -2088 7906 1822 -18 286 110 -80 29 -62
1534185525.781831 622 543 581 665 568 664 -2014 7884 1932 92 239 -110 -79 28 -62
1534185525.8443105 622 543 582 665 568 664 -2200 7932 2022 443 75 -41 -78 30 -61
1534185525.920658 622 543 582 665 568 664 -1982 7870 1774 455 10 141 -78 29 -59
1534185525.978912 623 543 582 665 569 664 -2056 7888 1890 173 42 -20 -77 28 -62
1534185526.041398 623 543 582 665 569 663 -2068 7868 1862 630 75 -53 -79 30 -61
1534185526.1131303 622 543 581 665 569 664 -2196 7910 1742 505 159 146 -78 28 -61
1534185526.1896267 623 543 582 665 569 664 -2032 7846 1798 -72 425 31 -78 30 -61
1534185526.276792 623 543 582 665 569 664 -2036 7890 1934 202 24 48 -77 28 -62
1534185526.3392763 623 543 582 665 569 664 -2134 7874 1836 272 24 -76 -78 28 -60
1534185526.4017622 623 543 582 665 569 664 -2062 7810 1820 205 -82 84 -77 28 -61
1534185526.4486258 622 543 582 665 569 664 -2010 7894 1810 360 -111 111 -78 28 -62
1534185526.5267332 623 543 582 665 568 664 -2008 7866 1828 -510 92 -254 -80 29 -61
1534185526.5973394 623 543 582 665 569 664 -2038 7838 1918 402 -167 439 -79 30 -61
1534185526.666897 623 543 581 665 568 664 -2122 7886 1928 130 247 -166 -79 28 -62
1534185526.7295048 623 543 581 665 569 664 -2050 7878 1854 554 51 171 -78 30 -60
1534185526.7919905 622 543 582 665 568 663 -2106 7814 1812 472 177 -254 -79 29 -62
1534185526.8544767 622 543 581 665 568 664 -2216 7876 1800 492 99 53 -78 30 -62
1534185526.9436493 622 543 582 665 568 664 -2044 7824 1798 180 -27 49 -78 29 -62
1534185526.9961576 622 543 582 665 569 664 -2108 7928 1884 436 -39 -19 -77 29 -62
1534185527.0586429 623 543 581 665 568 664 -2124 7906 1616 648 303 108 -79 28 -61
1534185527.1314623 623 543 582 665 569 664 -2064 7904 1866 -176 235 -128 -79 29 -62
1534185527.198265 623 543 581 665 568 664 -2060 7864 1774 472 99 63 -78 28 -64
1534185527.2613306 623 543 582 665 568 664 -2176 7914 1872 -37 84 -18 -78 29 -62
1534185527.3394372 622 543 582 665 569 664 -1990 7896 1670 373 -288 416 -79 29 -65
1534185527.4119573 623 543 582 665 568 664 -2012 7878 1822 187 152 -40 -80 30 -63
1534185527.4639559 622 543 581 664 569 663 -2102 7884 1748 92 274 6 -76 30 -63
1534185527.5421472 623 543 581 665 568 664 -2032 7900 1770 -113 399 -112 -78 28 -63
1534185527.613515 622 543 581 665 568 664 -1994 7902 1912 94 287 60 -77 30 -62
1534185527.6760662 623 543 582 665 569 664 -2066 7898 1894 788 -369 112 -79 28 -61
1534185527.7386672 622 543 582 665 569 664 -2116 7906 1716 381 125 -246 -78 27 -63
1534185527.816593 623 542 581 665 568 664 -1944 7870 1824 613 -104 117 -79 30 -63
1534185527.8790793 623 543 581 665 568 664 -2072 7926 1722 756 316 145 -77 29 -62
1534185527.9471548 622 543 582 665 568 663 -2060 7906 1746 107 157 63 -79 29 -65
1534185528.0096548 623 543 581 665 568 664 -2062 7904 1820 559 108 -11 -78 30 -64
1534185528.0965555 623 543 581 665 568 664 -3306 8586 2730 1139 2057 -1312 -78 30 -64
1534185528.1695492 622 543 581 665 568 663 -2120 7924 1470 -2182 -1980 1912 -79 28 -66
1534185528.2288244 622 543 582 665 569 664 -2062 7886 674 12824 18495 -7307 -79 28 -63
1534185528.3069298 623 543 582 665 569 664 -3300 7356 898 -7398 -13755 806 -76 30 -65
1534185528.3851814 623 543 583 666 570 664 -1848 8728 724 4994 4804 3592 -74 31 -73
1534185528.457587 623 543 583 667 571 664 -2906 7802 658 -7601 -3715 -664 -76 31 -69
1534185528.526228 624 544 584 668 572 665 -1378 7530 814 4622 1933 -222 -73 29 -69
1534185528.6000476 624 544 584 668 572 665 -2494 7868 408 -1075 7941 -5970 -75 30 -69
1534185528.6729367 623 544 584 667 571 665 -3678 8270 -640 -2646 -2538 1300 -75 28 -67
1534185528.7451737 623 543 582 665 569 664 -1988 8400 4108 -6317 -16333 -652 -75 31 -67
1534185528.807679 623 543 582 665 569 664 -1790 8122 -1762 7339 1883 -1268 -77 31 -65
1534185528.8857665 623 543 582 665 569 665 -3196 8354 2118 -13602 -1241 -1736 -73 28 -73
1534185528.9630125 623 543 582 665 569 664 -2274 7670 2776 4429 -117 1043 -78 31 -64
1534185529.0410252 623 543 582 665 569 664 -1734 7614 1136 446 1669 -165 -77 32 -61
1534185529.10988 623 543 582 665 569 664 -2638 7956 2080 -1301 1630 -867 -78 29 -64
1534185529.1810892 623 544 582 665 569 664 -2084 7748 1644 2646 -591 1286 -78 28 -62
1534185529.2440932 623 543 582 665 569 664 -2370 7942 1802 -286 -529 260 -78 30 -63
1534185529.3229532 623 543 582 665 569 664 -2170 7826 1692 1648 1211 -127 -77 31 -61
1534185529.3921204 623 543 582 665 569 664 -2340 7894 1506 111 -570 507 -77 29 -64
1534185529.4609191 623 544 582 665 569 664 -2088 7786 1730 853 -761 263 -77 28 -62
1534185529.5265057 623 543 582 665 568 664 -2416 7872 1798 1266 2128 -902 -78 30 -64
1534185529.6045015 623 543 582 665 568 664 -2222 7526 1670 1410 1756 -3152 -79 31 -64
1534185529.6751978 622 543 582 665 569 664 -2848 7692 1420 1518 887 2116 -75 33 -63
1534185529.747132 623 543 582 665 569 664 -2554 7932 384 -1353 -7520 3239 -75 31 -67
1534185529.8184984 623 544 583 666 570 664 -2250 8088 2320 3060 3586 1825 -77 29 -65
1534185529.8901482 623 544 583 667 571 664 -1822 8210 1408 1984 -1171 2670 -75 29 -65
1534185529.9639542 623 544 584 667 571 665 -1328 7690 1268 -1888 3106 -3503 -76 27 -68
1534185530.027291 623 545 584 668 572 665 -2614 7664 738 3160 1222 509 -75 28 -67
1534185530.103015 624 545 584 668 572 665 -2026 7842 1274 6442 4388 630 -75 30 -67
1534185530.1735206 623 545 584 668 572 665 -2940 8642 578 5635 2685 1134 -73 29 -71
1534185530.2458262 624 545 584 667 572 665 -2150 7670 124 -7208 -10655 6685 -71 28 -76
1534185530.3083968 624 544 583 666 570 665 -2172 8988 2490 -4361 -5982 -3798 -70 23 -74
1534185530.3921614 623 544 583 665 569 665 -174 7786 -2226 775 -5186 1655 -75 25 -73
1534185530.464467 624 544 583 665 569 664 -2262 8038 3088 -13673 1138 -2782 -74 25 -73
1534185530.5269487 623 544 583 665 569 664 -2260 7950 2764 3620 1830 -422 -76 31 -63
1534185530.6053162 623 544 583 665 569 665 -2188 7846 1602 563 9 1196 -77 28 -61
1534185530.6744587 624 544 582 665 569 664 -1910 7966 2198 998 -227 349 -78 29 -63
1534185530.7294729 623 544 583 665 569 664 -1792 7822 1850 1971 -53 230 -76 29 -61
1534185530.8075793 624 544 582 665 569 664 -1976 7950 1606 552 -437 -240 -77 29 -63
1534185530.870065 623 544 583 665 569 664 -1918 7984 1766 1143 451 295 -77 28 -65
1534185530.952022 623 544 582 665 569 664 -1986 7970 1694 92 -625 -317 -79 27 -64
1534185531.0123906 623 544 582 665 569 664 -1874 7960 1570 637 332 126 -78 28 -66
1534185531.0875642 623 544 582 665 569 664 -2008 8008 1712 43 181 -229 -75 27 -65
1534185531.1695898 623 544 582 665 569 664 -1896 7872 1686 237 -230 207 -77 29 -64
1534185531.2132757 623 544 583 665 569 664 -2016 7984 1736 836 168 67 -78 29 -66
1534185531.2913833 623 544 582 665 569 664 -1836 7942 1464 10 38 -100 -78 30 -65
1534185531.3538675 623 544 582 665 569 665 -1898 7926 1892 673 -31 132 -78 28 -65
1534185531.427414 623 544 582 665 569 664 -1898 7994 1516 1789 -2 334 -78 29 -67
1534185531.4950683 623 544 582 665 569 665 -1878 8074 1448 697 -514 317 -78 27 -65
1534185531.5575404 623 544 582 665 569 664 -2068 8080 1528 -2444 -698 386 -75 28 -68
1534185531.6297843 624 544 582 665 569 664 -1844 8226 1610 365 -1486 -232 -78 29 -66
1534185531.708757 622 544 583 665 569 664 -1558 7530 1422 4192 2795 169 -78 28 -69
1534185531.7768996 624 544 583 666 570 664 -2440 8338 2112 2803 1730 -986 -75 27 -65
1534185531.8550067 623 544 584 666 571 665 -1978 8288 1030 4025 -1122 4359 -73 29 -69
1534185531.9199462 624 545 584 667 571 665 -1758 8256 354 1661 -1091 889 -74 28 -70
1534185531.9796245 624 545 585 668 572 665 -1508 8192 1736 204 5049 -1515 -74 28 -73
1534185532.057731 625 546 586 668 573 666 -2034 8258 684 1448 -962 232 -75 26 -72
1534185532.1288297 625 545 586 668 573 666 -2100 8460 934 5751 772 2662 -74 28 -73
1534185532.1967616 625 545 586 668 572 666 -1366 8226 -320 -2718 1118 -2452 -72 24 -76
1534185532.2771087 624 545 584 666 570 665 -2968 8602 2910 -3166 -1575 1841 -70 25 -77
1534185532.3397753 624 544 583 666 570 665 -584 7546 -838 -4006 -1232 -1700 -74 29 -74
1534185532.4266226 623 545 583 666 569 665 -3062 8392 2902 -6732 -3575 -2523 -75 27 -72
1534185532.4961069 624 544 583 665 569 664 -1840 7780 1498 571 1581 -132 -77 31 -64
1534185532.558372 623 544 583 665 569 665 -2030 7906 2130 217 -397 618 -76 32 -63
1534185532.6299133 623 544 583 666 569 664 -2090 7898 1902 1734 755 -149 -76 33 -61
1534185532.697931 623 544 583 665 569 665 -1942 7948 1624 1109 -332 1033 -78 33 -64
1534185532.7606103 624 544 583 665 569 664 -1910 7952 1726 974 197 5 -77 29 -67
1534185532.8385243 623 544 583 665 569 665 -1950 7930 1652 621 177 141 -76 30 -65
1534185532.9090378 624 544 583 665 569 665 -1858 7964 1588 1101 49 68 -78 30 -66
1534185532.9641116 624 544 582 666 569 665 -1808 7918 1550 924 29 117 -76 31 -65
1534185533.042224 624 544 583 666 569 665 -1932 7992 1476 682 -34 18 -79 31 -66
1534185533.1112194 624 544 583 665 569 665 -1836 7970 1456 472 106 -86 -77 30 -68
1534185533.1794434 623 544 583 665 569 664 -1896 8008 1502 1271 74 341 -76 30 -67
1534185533.2600958 623 544 583 665 569 664 -1716 8004 1538 395 -237 198 -76 30 -69
1534185533.3071516 623 544 583 665 569 664 -1922 8020 1238 758 65 -263 -75 28 -68
1534185533.369574 623 544 583 665 569 665 -1892 8100 1456 -80 128 52 -75 30 -69
1534185533.4517567 624 544 583 665 569 664 -1914 8006 1540 655 140 199 -76 30 -68
1534185533.511764 623 544 583 665 569 664 -1864 8060 1458 724 24 282 -76 31 -67
1534185533.5888984 623 544 582 665 569 664 -1780 8048 1304 1917 -228 414 -77 28 -69
1534185533.6599376 623 544 582 665 569 664 -1982 7956 1338 1218 1323 -834 -76 30 -70
1534185533.7293391 624 544 583 665 569 664 -1672 7954 1498 -877 827 -804 -76 31 -69
1534185533.7918262 623 544 582 665 569 664 -1980 7180 770 2116 2606 -819 -75 30 -69
1534185533.8699317 623 544 583 666 569 665 -2680 8288 990 -922 -1748 3269 -76 31 -71
1534185533.9472604 624 545 584 667 571 665 -1160 7926 922 -543 -319 -975 -75 29 -71
1534185534.0097542 625 545 585 668 572 666 -2096 8186 1742 3358 3986 -2169 -76 31 -69
1534185534.0852294 624 545 585 668 573 666 -1894 8142 1468 3187 1809 1890 -74 29 -71
1534185534.15764 624 545 586 669 573 666 -2532 8214 1786 5691 4838 -5522 -72 28 -70
1534185534.2287016 625 546 585 668 572 666 -2468 8382 -528 -1389 -5572 6194 -71 26 -77
1534185534.2916687 623 545 584 666 570 664 -2168 9130 2752 -5580 -5413 -2625 -71 28 -78
1534185534.369777 624 544 583 666 569 665 -1206 7816 -2710 2209 2900 828 -72 27 -76
1534185534.4473772 624 545 583 666 569 665 -2782 8958 2954 -10497 617 -2901 -73 26 -77
1534185534.509864 623 544 583 665 569 664 -2094 8058 1830 3917 -665 928 -74 29 -68
1534185534.5879982 624 544 583 665 569 665 -1970 8012 984 270 114 586 -77 31 -67
1534185534.654811 623 544 583 665 569 665 -1810 7938 1864 729 -11 161 -77 30 -70
1534185534.7138321 623 544 583 665 569 665 -1890 8030 1200 2174 -22 442 -77 28 -68
1534185534.791939 623 544 583 665 569 664 -1836 8146 1302 -561 -82 125 -76 29 -69
1534185534.8544273 624 545 583 665 569 664 -1818 7980 1490 1263 -13 192 -75 30 -70
1534185534.930203 624 544 583 665 569 665 -1888 8038 1354 666 296 -31 -76 29 -69
1534185534.995488 623 544 583 665 569 664 -1860 8070 1320 865 261 17 -74 29 -71
1534185535.05796 623 544 583 665 569 664 -1814 8000 1282 425 -4 61 -76 28 -69
1534185535.1288288 623 544 583 665 569 664 -1778 8024 1240 456 -127 172 -78 28 -69
1534185535.1977868 623 544 582 665 569 664 -1872 8030 1328 745 -106 74 -74 29 -73
1534185535.2602687 623 544 582 665 569 664 -1770 8044 1164 298 -286 222 -74 29 -71
1534185535.3383756 623 544 582 665 569 664 -1864 8130 1250 1165 178 38 -75 30 -71
1534185535.4086258 623 544 583 665 569 664 -2096 7670 628 -2202 193 -1575 -72 25 -72
1534185535.479944 624 544 583 665 569 664 -1996 8126 1646 -563 -563 -1249 -75 29 -73
1534185535.5424345 623 544 583 665 569 664 -1886 8210 1432 1945 -1342 1314 -74 30 -70
1534185535.6147792 623 544 583 665 569 664 -1878 7688 -306 -996 -70 -1849 -74 27 -74
1534185535.6941235 623 544 583 665 569 664 -1486 8010 1614 679 1556 812 -75 29 -74
1534185535.7604542 623 544 583 665 569 665 -1844 8260 1382 3882 -20 1690 -73 28 -75
1534185535.8227453 623 544 583 666 569 665 -2198 8820 -208 3219 -153 3827 -73 27 -76
1534185535.9060977 624 545 584 667 571 665 -1442 8256 478 1784 927 -1781 -69 28 -78
1534185535.9783187 624 545 585 668 572 666 -2156 7920 564 -1504 2325 -1819 -71 25 -78
1534185536.0408022 625 546 585 669 573 666 -2072 8480 1724 -55 317 2374 -70 28 -79
1534185536.1152546 625 546 586 669 573 666 -2064 8046 958 -753 2541 -2366 -69 29 -74
1534185536.1904633 624 545 585 667 571 665 -2810 8836 746 -5129 1444 -563 -71 28 -75
1534185536.259497 623 545 583 666 569 665 -1064 6138 1120 -366 -8314 7178 -72 29 -73
1534185536.323571 623 545 583 666 569 665 -1288 8014 980 -7618 2734 -4661 -76 28 -73
1534185536.407142 623 544 583 666 569 664 -2284 7876 2148 2373 -1842 1319 -77 26 -68
1534185536.462779 623 544 583 666 569 665 -1956 8066 814 558 169 201 -76 28 -69
1534185536.540721 623 544 583 665 569 665 -1924 8108 1692 572 -1127 723 -75 29 -69
1534185536.6103008 624 544 583 665 569 664 -1728 8030 970 1891 522 198 -76 28 -69
1534185536.679054 624 545 583 666 569 665 -1808 8152 1368 -2 406 -98 -75 27 -71
1534185536.7448504 624 544 583 665 569 665 -1738 8030 1208 1666 61 315 -75 29 -70
1534185536.8073378 624 544 583 666 569 664 -1724 8086 978 429 -263 249 -75 28 -71
1534185536.8698294 623 544 583 666 569 665 -1752 8060 1178 798 -393 293 -75 26 -73
1534185536.9520402 624 544 583 665 569 664 -1914 8126 978 486 129 -240 -73 27 -71
1534185537.01099 623 544 583 665 569 664 -1664 8058 1078 609 43 201 -72 28 -72
1534185537.0884683 623 544 583 665 569 664 -1750 8082 1098 801 -379 323 -76 27 -73
1534185537.1555927 623 544 583 666 569 664 -1792 8146 876 799 55 -159 -75 26 -73
1534185537.2122297 623 544 583 666 569 665 -1898 8138 1132 1281 -555 652 -74 27 -75
1534185537.2904189 624 544 583 666 569 664 306 7018 -2312 -2047 -1795 -2552 -73 28 -74
1534185537.3684444 624 544 583 665 569 664 -2412 8854 1838 1511 -844 2133 -74 28 -77
1534185537.4439392 624 545 583 666 569 664 -1550 8446 772 5908 7770 -4088 -72 28 -74
1534185537.5110571 624 545 583 666 570 664 -2202 8142 -430 -1935 -4364 1703 -69 29 -78
1534185537.58409 624 545 584 667 571 664 -2042 9108 414 3574 468 2212 -70 29 -80
1534185537.6576023 624 545 585 668 572 665 -2418 8100 -204 -6479 -769 -4080 -70 26 -78
1534185537.7132206 624 546 586 669 573 665 -1438 8266 598 -636 1727 -406 -69 31 -79
1534185537.791365 624 546 586 669 573 666 -2236 7866 434 -373 -1040 904 -71 29 -74
1534185537.85392 624 546 586 669 573 666 -2496 8392 1082 -4634 1606 179 -72 29 -76
1534185537.9414604 623 545 584 666 570 665 -2668 8712 4714 -5771 -4296 -19 -73 30 -72
1534185538.0116684 623 545 583 666 569 665 -1780 8106 -1628 5180 5067 -1387 -75 31 -66
1534185538.0886059 623 545 583 666 569 665 -2754 8394 3198 -5444 -1303 507 -76 29 -69
1534185538.1694365 623 545 583 666 569 665 -1932 8142 1648 5675 -525 1020 -78 32 -64
1534185538.2132037 624 545 583 666 569 665 -1796 7922 1408 164 -76 135 -77 30 -64
1534185538.291307 624 545 583 666 569 664 -2012 8192 1614 2707 -252 1027 -76 27 -67
1534185538.353793 624 545 583 666 569 664 -1654 7972 972 660 -457 523 -77 29 -68
1534185538.4327807 624 545 583 666 569 665 -1852 8130 1352 887 66 166 -77 29 -70
1534185538.4940143 624 544 583 666 569 665 -1810 8012 1140 294 -283 345 -76 29 -71
1534185538.556504 623 544 583 665 569 665 -1798 8058 1392 1143 400 -51 -75 25 -70
1534185538.6286902 624 545 583 666 569 665 -1782 8060 1192 625 -531 294 -74 27 -70
1534185538.6965787 624 545 583 666 569 665 -1758 8112 1114 1083 100 67 -76 28 -70
1534185538.7746868 624 545 583 666 569 665 -1582 8004 944 116 -247 61 -75 28 -72
1534185538.8527944 624 545 583 666 569 664 -1788 8158 1274 617 -330 183 -76 27 -72
1534185538.9106255 624 544 583 666 569 664 -1766 8072 1122 1606 68 77 -75 30 -74
1534185538.9792078 623 544 583 666 569 664 -1854 8250 1234 2318 -705 1141 -75 28 -75
1534185539.0416937 624 544 583 666 569 664 -1186 7696 318 2596 2544 -456 -71 26 -76
1534185539.1129029 623 544 583 666 569 665 -1808 8502 364 8072 4834 3453 -74 27 -74
1534185539.1975114 623 545 584 667 570 664 -2244 8512 -618 -1286 -1773 -3195 -70 26 -78
1534185539.259999 624 545 585 668 571 665 -2084 8024 -176 65 -408 1719 -67 26 -80
1534185539.338478 624 546 586 668 572 665 -1644 8208 -476 -2795 -1247 -1585 -68 29 -79
1534185539.411864 625 546 586 669 573 666 -1704 8324 1978 3379 2834 1127 -70 28 -78
1534185539.4804711 625 547 586 669 572 666 -1438 8290 512 11570 6629 -2588 -71 28 -76
1534185539.5585759 623 546 585 667 570 665 -2740 8356 -2908 -14792 -2191 -291 -66 26 -83
1534185539.6306922 624 545 584 666 569 665 -1162 7020 994 2031 -6846 6288 -68 27 -84
1534185539.700011 623 545 583 666 569 664 -216 7286 -1480 614 1681 263 -72 22 -77
1534185539.7609584 624 545 583 666 569 665 -1904 8618 1560 -4976 1056 -2042 -70 20 -81
1534185539.839066 624 545 583 666 569 665 -1708 8178 534 1296 311 404 -72 24 -77
1534185539.9095166 624 545 583 666 569 664 -1400 8124 644 -564 -393 74 -72 23 -79
1534185539.9639163 624 545 583 666 569 664 -1454 8256 792 442 952 -360 -72 22 -77
1534185540.0420227 624 545 583 666 569 664 -1520 8178 780 -387 -246 64 -72 23 -75
1534185540.1129718 623 545 583 666 569 664 -1542 8216 768 179 737 -381 -75 23 -75
1534185540.1822855 623 544 583 666 569 665 -1482 8204 822 573 -218 317 -73 24 -76
1534185540.2444632 623 544 583 666 569 665 -1572 8258 616 357 92 -172 -73 21 -76
1534185540.3074157 624 544 583 666 569 664 -1650 8284 712 337 562 16 -72 25 -78
1534185540.369917 624 544 583 666 569 665 -1630 8170 722 103 636 -117 -72 23 -75
1534185540.4471838 624 544 583 666 569 665 -1626 8258 812 874 -311 257 -73 23 -77
1534185540.5096693 623 544 583 666 569 665 -1536 8250 710 585 -138 -125 -69 23 -75
1534185540.5879064 624 544 583 666 569 664 -1540 8168 568 400 202 245 -72 23 -77
1534185540.6554182 623 544 583 666 569 664 -1584 8258 786 133 -324 -55 -72 24 -76
1534185540.7130542 623 544 583 666 569 665 -780 7422 164 1684 2236 -388 -72 24 -75
1534185540.7911632 624 544 583 666 569 665 -1936 8376 676 1584 193 1084 -73 24 -78
1534185540.8536482 624 544 583 666 569 665 -1666 8348 556 1055 729 -751 -71 24 -80
1534185540.9336965 624 544 583 666 569 665 -1316 7534 -114 69 484 1306 -71 23 -79
1534185540.994944 623 544 583 666 569 665 -1684 8282 1134 6559 3057 473 -72 25 -78
1534185541.0574305 623 544 584 667 570 665 -2098 8068 -594 2617 162 1826 -70 21 -79
1534185541.128901 624 545 585 668 572 666 -1576 8722 -92 6547 8552 -3404 -68 21 -82
1534185541.211413 625 546 586 669 573 665 -2250 8094 -272 -2825 -9616 7164 -64 24 -86
1534185541.2895958 624 546 586 669 573 666 -1052 8434 -230 -1083 4112 -2327 -66 23 -84
1534185541.352005 624 545 585 668 572 666 -2990 8732 -356 -13872 1813 -4716 -68 21 -83
1534185541.4367576 624 545 584 666 569 665 -2814 8796 3402 -1661 -2467 5465 -71 24 -78
1534185541.4951544 623 545 583 666 569 665 -954 8018 282 -2461 510 -2216 -75 27 -69
1534185541.5777874 623 545 583 666 569 665 -2258 7846 1068 5989 -399 450 -71 23 -73
1534185541.651278 624 545 583 666 569 665 -1602 7954 -202 -64 960 -254 -76 22 -74
1534185541.7142296 624 544 583 666 569 664 -1938 8232 1146 535 -69 -267 -73 21 -77
1534185541.7767146 624 544 583 666 569 665 -1644 8072 352 2911 -1205 818 -74 23 -74
1534185541.8391995 624 544 583 666 569 664 -1566 8114 278 7 170 93 -72 23 -78
1534185541.9162652 624 544 583 666 569 664 -1782 8290 558 299 -329 81 -73 24 -79
1534185541.9798293 624 544 583 666 569 665 -1640 8194 320 1220 -246 48 -72 23 -78
1534185542.0425346 623 544 583 666 569 664 -1662 8164 186 -712 -808 458 -71 24 -77
1534185542.1143212 624 544 583 666 569 665 -1496 8158 580 -252 -258 -195 -72 24 -80
1534185542.1911025 623 544 583 666 569 664 -1718 8208 448 575 -349 81 -72 22 -77
1534185542.26125 624 544 583 666 569 664 -1588 8184 396 -491 -281 -147 -75 23 -78
1534185542.323736 624 544 583 666 569 664 -1800 8258 462 130 -123 135 -73 23 -78
1534185542.386224 623 544 583 666 569 664 -1648 8226 668 380 232 -104 -72 23 -77
1534185542.465096 624 544 583 666 569 665 -1614 8170 374 604 -493 533 -71 23 -78
1534185542.5275817 623 544 583 666 569 664 -2318 8048 -188 -2457 -3230 2177 -72 26 -79
1534185542.609889 624 544 583 666 569 664 -1040 7910 210 5381 3733 -2527 -74 24 -78
1534185542.6793473 624 544 583 666 569 664 -1562 7858 332 8143 6068 491 -72 22 -78
1534185542.7437701 623 544 584 667 570 665 -1818 8328 -1044 3364 1452 -5012 -70 23 -83
1534185542.8220782 623 545 585 668 571 665 -2618 8130 -2092 -3314 -4671 3580 -65 25 -88
1534185542.8843625 624 546 586 669 572 665 -928 8404 1368 1254 6208 -7183 -66 28 -88
1534185542.9641314 624 546 586 669 573 666 -2290 7472 -1320 1067 3931 -2249 -66 27 -82
1534185543.0422375 624 546 586 669 573 666 -2124 8064 1778 11873 13639 -3786 -68 28 -84
1534185543.114035 623 545 585 667 571 665 -4378 8058 -1320 -17594 -11289 -773 -64 24 -87
1534185543.1934917 623 545 583 666 570 665 120 4944 -1162 1339 -3234 5035 -66 27 -87
1534185543.2593794 624 545 583 666 570 665 -2006 8670 256 -5722 -1293 -5088 -72 26 -77
1534185543.3372722 624 545 583 666 569 665 -2126 7702 1522 -616 1003 -999 -74 27 -78
1534185543.4077039 624 545 583 666 569 665 -2338 7910 988 -305 -2122 877 -77 31 -70
1534185543.4783325 624 545 583 666 569 665 -2422 8042 1132 1666 -639 321 -75 32 -71
1534185543.5409822 623 545 583 666 569 665 -2326 7988 728 987 -583 225 -75 30 -72
1534185543.6126397 623 545 583 666 569 665 -2278 8026 870 749 -279 732 -74 29 -75
1534185543.6831627 623 545 583 666 569 665 -2394 8038 888 1225 276 -61 -75 30 -74
1534185543.744123 623 544 583 666 569 664 -2232 8002 598 1837 301 663 -73 31 -75
1534185543.806608 623 544 583 666 569 664 -2232 8068 574 224 69 178 -76 30 -78
1534185543.8692524 623 544 583 666 569 664 -2344 8086 672 1073 53 178 -73 31 -77
1534185543.9474115 623 545 583 666 569 664 -2172 8054 580 233 54 691 -73 30 -78
1534185544.009686 623 544 583 666 569 664 -2148 8058 692 583 104 141 -74 28 -76
1534185544.085684 623 544 583 666 569 664 -2180 8096 534 115 -434 -22 -71 28 -77
1534185544.1511881 623 544 583 666 569 664 -2150 8084 598 645 -177 7 -73 29 -77
1534185544.2127638 623 544 583 666 569 664 -2414 8348 878 1399 -481 742 -73 27 -76
1534185544.2754478 623 544 583 666 569 664 -1996 8116 830 2474 2200 -49 -73 28 -80
1534185544.3533587 623 544 583 665 569 664 -2226 7344 -722 275 -1471 229 -72 28 -77
1534185544.4351406 623 545 583 666 570 664 -2428 8412 660 4014 -1049 6067 -72 31 -79
1534185544.4947681 623 545 584 667 571 665 -1678 8552 578 -23 -426 -2390 -71 28 -81
1534185544.5730534 624 545 585 668 572 665 -2122 7984 506 -1362 -1064 3050 -70 27 -84
1534185544.645568 624 546 585 669 573 666 -1122 7698 240 -1676 2278 -1293 -72 25 -80
1534185544.714082 624 546 586 669 574 666 -2588 8176 248 3993 2439 1323 -71 25 -78
1534185544.7765694 624 546 586 669 573 666 -1730 8246 -406 1862 -3063 1300 -71 28 -78
1534185544.854677 623 545 585 667 571 665 -3374 8680 1530 -15670 -2596 -4168 -69 25 -82
1534185544.9366252 623 545 584 665 570 664 -162 5146 -1670 12649 -3249 7475 -73 28 -77
1534185544.9950283 624 545 583 666 570 665 -1354 7358 94 -8045 2402 -3315 -74 28 -73
1534185545.0806103 624 545 583 666 569 665 -2394 7836 2180 1002 456 -226 -74 30 -77
1534185545.153601 624 545 583 666 569 665 -1788 7924 718 1682 -1095 1513 -76 30 -71
1534185545.2139864 624 545 583 666 569 665 -1840 8040 914 1808 781 87 -75 29 -74
1534185545.2765434 623 544 583 666 569 665 -2206 8146 838 1469 527 184 -74 28 -75
1534185545.3389568 623 544 583 666 569 665 -1690 8136 628 1860 -524 130 -74 30 -77
1534185545.4170742 624 544 583 666 569 665 -2116 8082 204 595 1740 -225 -72 27 -76
1534185545.4795504 623 544 583 666 569 665 -1676 7988 696 -1030 -2119 237 -73 30 -79
1534185545.5576549 623 545 583 666 569 664 -2338 8264 562 2322 944 -1036 -72 26 -79
1534185545.6309636 623 544 583 666 569 665 -2148 8130 430 2010 18 -428 -69 29 -80
1534185545.7016344 623 544 583 665 569 664 -1936 8134 354 1695 467 -777 -73 30 -80
1534185545.7615414 623 544 583 665 569 664 -2224 8206 238 2004 -2 -22 -72 30 -83
1534185545.8369691 623 544 583 666 569 664 -2198 8128 -92 1609 858 275 -70 30 -82
1534185545.895322 623 544 583 665 569 664 -2056 8060 -18 -394 -556 81 -70 29 -86
1534185545.9728239 623 544 582 665 569 664 -1822 8026 54 -203 1267 298 -70 29 -84
1534185546.029459 623 544 583 665 569 664 -2216 8112 286 -845 -652 -979 -69 30 -85
1534185546.1097336 623 544 583 665 569 664 -2236 8202 318 515 -687 287 -68 27 -82
1534185546.1784494 623 544 583 666 569 665 -2020 8120 -40 941 631 297 -69 28 -82
1534185546.2456136 623 544 583 665 569 665 -2224 8152 314 1207 834 344 -69 31 -82
1534185546.3082967 623 544 583 665 569 664 -2192 8070 -86 1334 783 -29 -68 31 -86
1534185546.3705845 623 544 583 665 569 664 -1840 8100 70 957 -372 -10 -69 30 -86
1534185546.4513736 623 544 582 665 569 664 -2188 7978 -196 238 207 -1067 -67 31 -87
