1534352297.3810215 632 530 561 709 535 700 7922 -1440 1006 223 815 -406 -9 -62 16
1534352297.4591262 632 529 561 709 534 701 7782 -1528 1200 475 98 750 -10 -61 19
1534352297.5269709 632 529 561 710 535 700 7772 -1588 1346 781 829 26 -10 -62 18
1534352297.5975354 632 529 561 710 534 701 7938 -1672 1282 -133 732 -530 -10 -59 17
1534352297.6640873 631 529 561 711 535 701 7524 -1334 1238 141 948 -205 -11 -61 19
1534352297.7265723 631 529 561 709 535 701 8010 -1710 1254 -109 570 354 -10 -60 21
1534352297.8046803 632 529 561 711 535 701 8010 -1712 1522 380 1369 -490 -10 -62 19
1534352297.876186 632 529 562 711 536 701 7690 -1552 1640 1386 1471 -492 -12 -60 20
1534352297.944744 632 529 561 709 535 701 7912 -1624 1658 -550 -65 -709 -12 -58 21
1534352298.0167456 631 530 561 709 534 701 7796 -1408 1494 285 907 -2008 -13 -57 22
1534352298.1154726 632 530 561 709 534 701 7918 -940 1780 13 1183 -150 -14 -58 25
1534352298.1623363 632 530 562 710 534 701 7708 -1338 1678 -346 1021 -17 -16 -57 22
1534352298.2404435 632 530 561 709 535 701 7702 -1228 1862 177 1183 -812 -15 -57 25
1534352298.2873065 632 530 561 709 535 701 7780 -1138 1918 460 1257 311 -15 -58 24
1534352298.3654144 631 529 561 709 534 701 7336 -1034 2178 2453 1947 -715 -16 -53 27
1534352298.4280035 632 529 561 709 535 701 8094 -928 1904 -926 -1 -1693 -15 -56 25
1534352298.4903848 632 529 561 710 536 701 7768 -1156 1846 818 922 471 -18 -56 24
1534352298.5708559 632 530 561 710 535 701 7658 -1286 1966 82 265 -572 -17 -56 26
1534352298.6315043 632 529 561 711 535 701 7656 -892 1990 533 575 72 -17 -56 25
1534352298.69399 632 529 561 711 535 701 7642 -1106 2098 311 -151 -135 -18 -55 26
1534352298.7720976 631 529 561 709 535 701 7756 -1080 1804 -31 -96 -1031 -18 -55 27
1534352298.845925 632 530 562 709 535 700 7986 -912 2050 495 353 -183 -19 -55 24
1534352298.9132009 632 529 561 709 534 701 7730 -982 1976 532 818 -608 -19 -53 26
1534352298.9758656 632 530 561 709 534 701 7766 -906 1850 639 796 -232 -19 -54 27
1534352299.0382166 632 530 561 710 535 701 7560 -902 2118 1062 748 -246 -22 -58 27
1534352299.1158497 632 530 561 709 535 701 7834 -814 2156 -14 552 -279 -19 -53 26
1534352299.1882176 632 530 561 710 535 701 7630 -892 2258 -137 357 -852 -24 -53 25
1534352299.249339 632 530 561 709 534 700 7754 -664 2148 285 288 -205 -22 -53 26
1534352299.3118238 632 530 561 711 535 701 7604 -740 2152 484 754 82 -23 -53 27
1534352299.3899312 632 529 561 709 535 701 7614 -774 2238 624 555 -113 -21 -55 27
1534352299.4680364 632 529 561 708 535 701 7748 -764 2050 2166 430 451 -23 -53 28
1534352299.5347457 632 529 561 710 535 700 7632 -674 2352 670 372 -352 -21 -51 26
1534352299.606553 632 530 561 709 535 701 7846 -796 2480 1228 566 254 -25 -53 27
1534352299.6624033 632 529 561 710 535 701 7692 -660 2460 188 409 -159 -23 -52 28
1534352299.7296512 631 530 562 709 534 701 7770 -646 2418 811 490 560 -24 -50 27
1534352299.7921371 631 529 561 708 535 701 7490 -464 2356 749 1207 925 -24 -52 29
1534352299.8657224 632 529 562 710 534 701 7536 -1032 2266 976 895 672 -24 -49 30
1534352299.931284 632 529 561 710 535 700 7738 -684 2908 1565 918 -461 -23 -52 27
1534352300.0042849 631 529 562 711 535 701 7530 -824 2708 -400 -79 -999 -24 -52 28
1534352300.0746052 632 529 561 711 535 701 7642 -632 2442 -929 -159 -265 -27 -49 29
1534352300.1514266 631 529 561 710 535 700 7480 -524 2416 -676 516 -318 -24 -50 28
1534352300.2122476 632 529 561 709 535 701 7528 -820 2378 -684 121 -24 -23 -49 29
1534352300.2780042 631 530 561 708 534 700 7762 -660 2780 -405 301 10 -22 -48 29
1534352300.3459406 631 530 561 708 535 701 7610 -944 2576 44 -62 -696 -23 -49 31
1534352300.4119008 631 529 561 709 535 701 7696 -580 2636 -38 -360 -306 -22 -50 30
1534352300.4745684 631 529 562 709 535 701 7654 -652 2364 -125 32 -294 -23 -48 28
1534352300.5479093 631 530 561 709 535 700 7638 -606 2570 343 217 191 -23 -49 30
1534352300.6189857 631 530 561 710 535 701 7644 -700 2352 -17 -137 -293 -24 -49 30
1534352300.6803856 632 529 561 710 535 700 7686 -652 2498 307 271 282 -25 -49 29
1534352300.7428734 631 530 561 710 535 700 7556 -654 2616 178 185 -158 -24 -49 29
1534352300.8235025 632 530 562 710 535 701 7768 -566 2482 -193 -39 -208 -24 -51 31
1534352300.8820658 631 529 561 709 535 701 7640 -776 2440 488 374 -52 -24 -50 31
1534352300.9445522 631 529 561 710 535 701 7464 -588 2416 124 -58 -459 -25 -50 30
1534352301.026266 632 530 562 708 535 701 7726 -628 2470 26 -196 122 -23 -49 29
1534352301.0931532 632 530 561 710 535 701 7710 -558 2504 400 360 310 -24 -47 29
1534352301.14561 632 529 561 708 535 701 7654 -588 2482 331 140 -56 -25 -48 28
1534352301.2155278 632 529 561 710 535 701 7590 -702 2570 484 -39 -124 -25 -48 29
1534352301.2961278 631 529 562 707 535 701 7700 -500 2374 134 -81 -192 -24 -48 28
1534352301.3489091 632 529 562 710 535 701 7758 -562 2362 72 86 -192 -25 -51 29
1534352301.4270208 631 530 561 708 534 701 7792 -478 2268 50 583 56 -25 -49 30
1534352301.4895005 632 529 561 709 535 700 7528 -714 2584 1103 1373 776 -24 -47 30
1534352301.5602615 631 530 561 710 535 701 7482 -648 2694 9 44 -331 -25 -48 29
1534352301.614326 631 530 562 708 534 701 7648 -556 2456 93 -116 -181 -25 -49 29
1534352301.6925344 632 530 561 710 535 700 7636 -668 2542 483 313 437 -21 -48 28
1534352301.7549198 632 529 561 709 536 701 7524 -506 2572 162 177 126 -27 -49 29
1534352301.8334398 632 530 561 709 535 700 7710 -734 2570 -271 -160 -421 -25 -47 30
1534352301.8951757 631 530 561 709 535 700 7564 -528 2588 681 468 -85 -25 -46 30
1534352301.9576964 632 530 561 711 535 701 7630 -532 2418 -98 -35 -466 -25 -48 29
1534352302.034777 631 529 561 711 535 701 7680 -658 2670 385 146 420 -25 -49 30
1534352302.10427 632 530 561 711 536 700 7564 -380 2440 213 139 -624 -23 -48 29
1534352302.1716807 631 529 561 710 535 701 7590 -638 2510 418 205 352 -23 -50 28
1534352302.2228293 631 529 561 711 535 701 7674 -516 2520 33 4 66 -25 -48 30
1534352302.2854056 631 529 562 709 535 701 7668 -586 2642 302 129 81 -23 -46 28
1534352302.3668678 632 530 561 709 535 701 7584 -642 2474 281 144 173 -25 -48 29
1534352302.4289882 632 529 561 709 535 701 7668 -440 2538 154 2 162 -25 -48 30
1534352302.4913116 632 529 562 708 535 701 7602 -614 2556 111 -181 -102 -27 -50 29
1534352302.5670488 632 529 562 710 535 700 7568 -530 2480 221 77 -250 -25 -50 30
1534352302.6306183 632 529 561 711 535 701 7678 -542 2522 90 89 42 -25 -49 29
1534352302.6932878 631 529 561 710 535 701 7494 -574 2462 372 206 -173 -26 -47 30
1534352302.755589 631 530 561 709 534 701 7620 -598 2416 186 31 24 -25 -48 29
1534352302.8299036 632 529 561 710 535 701 7566 -516 2406 245 -8 -44 -25 -48 28
1534352302.896698 631 529 561 708 535 700 7730 -570 2758 435 161 715 -24 -48 27
1534352302.959351 632 529 561 709 535 700 7690 -552 2558 841 -133 -18 -25 -49 30
1534352303.0312457 632 529 561 709 535 701 7706 -808 2396 959 24 897 -25 -49 29
1534352303.1015475 632 530 561 710 535 700 7612 -362 2638 1514 -170 2351 -24 -49 27
1534352303.1662114 631 529 562 710 535 700 7176 -778 2796 640 -1066 2940 -24 -49 27
1534352303.244352 631 530 562 710 535 701 7604 -896 2338 -1482 -3241 4528 -23 -49 26
1534352303.306953 632 529 561 710 535 701 7774 -1924 1796 -1561 -6239 13697 -20 -55 27
1534352303.382024 632 529 561 710 535 701 7482 -2664 1358 282 -2740 6944 -9 -61 22
1534352303.4601321 632 530 561 709 535 700 7220 -3310 1286 -1402 -4810 8210 -1 -63 17
1534352303.5352066 631 529 562 709 535 701 7312 -4136 1190 -8365 -15316 5105 7 -67 14
1534352303.6068144 632 529 561 709 535 700 6064 -3846 -2318 -7902 -4568 -3594 18 -71 6
1534352303.6779222 632 529 561 709 535 700 7380 -2694 -676 1464 4206 -1927 23 -77 -8
1534352303.7404077 632 529 562 709 535 700 7380 -3782 -576 -501 -2815 5293 18 -77 -5
1534352303.8197246 632 530 562 709 535 700 7132 -4202 -766 -329 483 -1663 20 -77 -5
1534352303.8818123 631 529 561 710 535 701 7382 -3350 -826 -1183 -5402 -1305 22 -79 -7
1534352303.9599202 632 529 561 709 534 700 6934 -3348 -1578 -910 -987 -290 19 -77 -10
1534352304.0361147 631 529 562 709 534 700 7366 -3486 -1380 -401 -319 -37 19 -78 -13
1534352304.1092086 632 529 561 710 535 701 6886 -3310 -1618 -119 1004 -263 19 -79 -12
1534352304.1781151 632 529 561 709 535 701 7522 -3458 -514 742 -1442 1320 19 -77 -13
1534352304.2562203 632 530 561 709 536 701 6544 -3830 -2106 -2215 -3407 -1708 18 -76 -12
1534352304.3278286 631 529 561 709 535 700 7114 -3372 -2370 -672 524 -1262 21 -79 -15
1534352304.3961623 631 529 562 707 535 700 7030 -3194 -2000 511 678 -77 21 -79 -20
1534352304.4586115 632 530 561 710 535 701 7130 -3234 -1288 1216 -318 508 18 -79 -18
1534352304.540012 632 529 561 710 535 701 7252 -3370 -1806 927 -4277 2127 20 -79 -19
1534352304.5984085 632 529 561 709 535 700 6582 -3662 -2608 1468 -1068 802 21 -77 -21
1534352304.6767147 632 530 561 708 534 700 6738 -3460 -2626 -257 -165 109 24 -81 -24
1534352304.7390008 632 529 561 710 535 701 6808 -3700 -2024 502 172 -107 23 -80 -26
1534352304.8254285 632 529 561 709 535 701 6956 -3524 -2484 -385 -136 -296 21 -77 -27
1534352304.8957143 631 529 561 709 535 701 6946 -3560 -2428 61 866 -294 24 -79 -26
1534352304.9582002 631 529 561 709 534 701 6926 -3428 -2078 286 336 19 25 -79 -25
1534352305.0332994 631 530 561 709 535 701 6850 -3634 -2234 104 635 -165 23 -80 -24
1534352305.104395 632 529 561 710 536 700 6892 -3372 -2358 -171 950 -811 21 -78 -23
1534352305.1640875 631 529 561 710 534 701 6970 -3402 -2070 11 463 -396 24 -79 -23
1534352305.2420063 631 529 561 709 534 701 6980 -3380 -2242 -187 362 -388 22 -79 -24
1534352305.3045075 631 530 561 708 535 701 7012 -3648 -2234 -243 -194 233 20 -79 -24
1534352305.3807695 632 529 561 710 536 701 6984 -3234 -2130 433 850 -311 18 -79 -24
1534352305.4430995 631 529 561 709 536 701 6948 -3436 -2136 -118 326 -264 21 -78 -24
1534352305.5287218 632 530 561 709 535 701 7030 -3504 -2186 -143 501 -321 19 -79 -23
1534352305.5987072 631 529 561 709 535 701 7118 -3176 -2076 252 895 -616 21 -78 -20
1534352305.662665 631 529 561 709 535 701 7056 -3352 -2092 6 397 -321 18 -80 -22
1534352305.7251515 631 529 562 710 536 701 7072 -3258 -2102 33 888 -596 22 -78 -19
1534352305.8090162 632 530 562 710 536 701 7114 -3326 -2026 -967 2411 -1738 19 -80 -20
1534352305.880571 632 529 561 708 534 700 7136 -2614 -1840 222 2827 -1890 19 -79 -20
1534352305.9432325 632 530 561 709 535 701 7420 -2914 -1460 -125 554 167 15 -79 -16
1534352306.021881 632 529 562 709 536 700 7300 -2988 -1684 -53 618 -435 14 -78 -16
1534352306.0912602 631 529 561 708 534 701 7360 -2688 -1716 94 689 -218 14 -77 -12
1534352306.1478055 632 530 561 709 534 701 7340 -3018 -1638 -383 502 -447 13 -78 -13
1534352306.2259328 632 529 561 710 535 701 7298 -2712 -1554 542 500 36 13 -77 -14
1534352306.2886584 632 530 561 709 535 700 7392 -2870 -1668 199 199 86 12 -77 -12
1534352306.3746247 631 529 561 710 535 701 7298 -2766 -1520 156 188 -252 13 -77 -15
1534352306.4285939 631 530 562 709 535 701 7374 -2790 -1612 8 438 -538 12 -77 -13
1534352306.491275 631 530 562 710 535 701 7508 -2818 -1638 -10 60 -158 13 -77 -12
1534352306.576882 631 529 561 709 534 701 7454 -2740 -1642 -304 359 -894 13 -77 -12
1534352306.6466932 632 529 561 708 534 701 7396 -2608 -1568 247 342 -74 10 -77 -12
1534352306.7176018 631 529 561 709 535 700 7474 -2772 -1580 -312 250 -391 11 -77 -12
1534352306.780127 632 529 561 710 535 701 7570 -2598 -1612 -203 1154 -919 12 -79 -13
1534352306.8484137 632 529 562 709 534 701 7474 -2448 -1578 -759 3084 -266 8 -77 -9
1534352306.9279916 631 530 561 709 534 701 7508 -2492 -1148 19 702 -714 7 -76 -10
1534352306.9905155 632 530 561 709 536 701 7568 -2426 -1428 -90 270 -90 11 -77 -8
1534352307.0703473 631 530 561 709 534 701 7658 -2486 -1242 -16 460 -369 10 -73 -7
1534352307.131185 632 529 562 709 536 700 7628 -2488 -1286 25 334 -52 9 -75 -8
1534352307.1952198 631 530 561 709 535 701 7572 -2442 -1294 -69 393 -219 7 -76 -6
1534352307.257668 632 530 562 710 536 700 7540 -2370 -1246 9 528 -141 11 -75 -6
1534352307.3339362 632 529 562 710 536 701 7636 -2420 -1310 27 217 -95 10 -75 -6
1534352307.3952422 632 529 562 710 536 701 7584 -2336 -1160 49 454 -257 9 -76 -7
1534352307.4576774 632 530 562 711 536 700 7662 -2422 -1184 7 209 47 8 -76 -6
1534352307.532944 632 530 561 709 535 701 7612 -2346 -1220 217 239 -136 8 -75 -4
1534352307.5987694 631 529 561 710 536 701 7598 -2334 -1226 231 115 50 9 -76 -6
1534352307.6616805 631 529 561 709 535 701 7684 -2358 -1252 -24 206 -145 6 -76 -6
1534352307.7397833 632 530 562 710 536 701 7618 -2400 -1170 55 247 -154 7 -74 -6
1534352307.7866848 632 529 561 710 535 700 7646 -2346 -1200 177 170 -39 7 -76 -6
1534352307.865636 631 529 561 710 535 701 7668 -2386 -1170 175 274 -58 10 -74 -3
1534352307.928375 632 529 561 708 535 700 7660 -2286 -1220 107 198 -114 7 -74 -4
1534352307.9906087 632 529 562 709 535 701 7634 -2346 -1156 57 143 -7 9 -74 -3
1534352308.0686948 631 530 561 710 535 700 7676 -2300 -1196 69 178 -128 8 -76 -5
1534352308.1300004 631 529 561 709 535 700 7660 -2312 -1178 117 239 -78 7 -76 -6
1534352308.1924922 631 529 562 710 534 701 7686 -2304 -1200 14 150 -85 7 -77 -5
1534352308.255112 631 530 562 710 535 701 7656 -2358 -1118 10 225 -161 8 -74 -4
1534352308.3343797 631 530 561 709 535 701 7644 -2280 -1200 76 133 77 7 -74 -5
1534352308.3966665 631 529 561 710 535 701 7662 -2264 -1154 125 232 -215 7 -74 -2
1534352308.4593792 631 529 561 710 534 701 7674 -2340 -1210 192 148 108 8 -74 -4
1534352308.5375545 631 529 562 709 535 701 7688 -2278 -1182 164 240 -101 8 -75 -4
1534352308.5987165 631 529 561 709 535 700 7638 -2244 -1178 119 143 13 8 -74 -6
1534352308.6612322 631 529 561 709 535 701 7690 -2392 -1152 183 132 -73 6 -75 -4
1534352308.7237046 631 530 561 709 535 701 7678 -2192 -1196 185 191 64 9 -76 -4
1534352308.8020105 631 529 562 710 535 701 7678 -2358 -1084 114 42 -166 8 -75 -5
1534352308.8644836 631 530 561 709 534 701 7672 -2250 -1202 278 236 107 5 -74 -5
1534352308.9272442 631 530 561 709 535 701 7700 -2178 -1264 144 96 -20 9 -74 -4
1534352308.9895232 632 530 561 709 535 701 7714 -2310 -1096 145 91 -102 7 -75 -4
1534352309.0651765 632 530 561 708 534 701 7644 -2210 -1232 224 236 84 7 -74 -5
1534352309.1312957 631 529 561 708 534 701 7694 -2278 -1228 89 50 -86 4 -75 -4
1534352309.1938188 631 529 561 710 535 701 7660 -2150 -1148 250 58 139 7 -75 -4
1534352309.2564657 631 530 562 710 536 701 7672 -2400 -1208 177 174 -85 6 -75 -4
1534352309.3324292 631 530 562 710 535 701 7684 -2144 -1194 64 82 145 8 -74 -2
1534352309.3969157 631 529 562 710 536 700 7648 -2256 -1178 239 219 -40 4 -74 -2
1534352309.459281 631 529 562 710 535 701 7680 -2234 -1164 138 82 -4 9 -75 -4
1534352309.530193 632 529 562 709 535 700 7682 -2314 -1214 188 98 -72 6 -72 -4
1534352309.597128 631 529 562 709 535 701 7692 -2182 -1190 298 115 114 7 -75 -3
1534352309.6622157 631 529 561 709 534 701 7676 -2198 -1168 316 133 14 6 -73 -2
1534352309.7246997 631 529 561 709 535 701 7690 -2204 -1266 144 64 -31 5 -75 -3
1534352309.7871857 631 529 561 709 535 701 7616 -2286 -1146 100 174 -13 6 -75 -5
1534352309.8632221 631 529 561 709 535 701 7678 -2224 -1310 91 256 -175 8 -73 -5
1534352309.92806 631 529 562 709 534 701 7626 -2148 -1224 178 240 -124 6 -76 -3
1534352309.9902706 631 529 562 709 536 700 7626 -2222 -1184 187 264 107 7 -76 -5
1534352310.0657005 631 530 562 710 535 700 7658 -2190 -1228 48 -25 -201 7 -73 -5
1534352310.1307325 631 529 562 709 536 700 7708 -2314 -1246 30 110 -7 9 -74 -6
1534352310.19549 632 529 561 710 535 700 7610 -2128 -1230 335 232 -92 7 -73 -4
1534352310.2580075 631 529 561 709 535 701 7684 -2238 -1272 268 132 101 8 -74 -5
1534352310.3323405 632 529 562 709 535 701 7690 -2102 -1184 148 142 -124 8 -74 -1
1534352310.3956213 631 529 562 710 536 700 7700 -2280 -1180 181 77 -8 6 -76 -3
1534352310.4581454 631 529 562 709 535 701 7696 -2114 -1218 177 115 -111 5 -74 -6
1534352310.5311437 632 529 561 710 535 700 7676 -2330 -1182 117 72 -60 4 -75 -4
1534352310.5980525 631 529 561 710 536 701 7694 -2136 -1180 181 137 95 8 -73 -4
1534352310.661424 632 529 561 709 536 701 7688 -2272 -1164 347 205 33 6 -74 -4
1534352310.7241876 631 529 562 709 535 701 7744 -2040 -1310 97 -1 -16 8 -75 -4
1534352310.7863946 631 529 561 709 535 701 7686 -2296 -1138 276 288 -122 6 -74 -5
1534352310.8631756 631 529 561 709 535 700 7722 -2174 -1264 171 -6 130 6 -72 -5
1534352310.927745 631 530 561 709 535 701 7716 -2062 -1180 290 270 33 7 -77 -4
1534352310.9902518 631 529 561 708 535 701 7668 -2226 -1162 31 -40 -141 8 -74 -3
1534352311.0647957 631 530 562 709 535 701 7714 -2160 -1274 157 242 77 7 -74 -4
1534352311.1280513 631 529 561 709 535 701 7656 -2164 -1164 118 81 -81 7 -73 -4
1534352311.179352 631 529 561 708 535 701 7722 -2128 -1204 182 16 -22 9 -75 -5
1534352311.2574337 631 529 562 710 535 701 7730 -2188 -1254 276 212 92 7 -74 -5
1534352311.3201756 631 529 562 709 535 701 7702 -2150 -1246 15 -13 -92 7 -73 -3
1534352311.382404 632 529 561 709 535 701 7720 -2172 -1274 240 258 -8 7 -74 -5
1534352311.4449358 631 529 561 708 535 701 7712 -2140 -1148 194 74 113 7 -73 -5
1534352311.5223825 632 529 562 708 534 701 7694 -2236 -1264 56 18 -87 7 -73 -1
1534352311.586212 631 529 561 709 534 701 7686 -2196 -1098 208 1 2 6 -76 -5
1534352311.6462934 631 529 561 709 535 701 7702 -2224 -1238 250 157 93 6 -74 -4
1534352311.7087774 632 529 561 709 534 701 7682 -2074 -1206 185 76 -25 8 -75 -3
1534352311.771264 632 529 561 710 536 701 7732 -2214 -1316 172 115 -80 6 -76 -4
1534352311.8493652 631 530 562 709 535 700 7688 -2194 -1224 235 74 87 6 -75 -4
1534352311.9126241 631 529 561 709 536 700 7736 -2056 -1270 92 35 69 7 -75 -3
1534352311.9751139 632 529 562 709 535 700 7640 -2374 -1208 -90 201 -239 6 -72 -5
1534352312.0471754 631 529 562 710 535 701 7722 -2064 -1236 23 204 -107 6 -75 -3
1534352312.114809 631 529 562 709 536 701 7702 -2252 -1242 228 148 26 6 -74 -5
1534352312.177298 632 529 561 710 536 701 7694 -2060 -1248 94 13 -11 6 -75 -3
1534352312.2398157 631 529 561 708 534 701 7662 -2218 -1202 154 177 -206 7 -76 -5
1534352312.3022687 632 529 561 710 536 700 7696 -2154 -1196 243 78 119 9 -76 -3
1534352312.3806655 632 529 562 709 535 701 7746 -2200 -1272 181 107 -122 6 -76 -5
1534352312.4432313 632 529 562 711 535 701 7676 -2038 -1102 300 154 157 6 -74 -3
1534352312.5058713 632 529 561 709 536 701 7758 -2132 -1340 204 82 -96 6 -74 -5
1534352312.5657406 632 529 562 710 536 701 7658 -2154 -1156 273 177 48 6 -77 -4
1534352312.6468368 632 529 561 709 535 701 7700 -2132 -1308 170 98 -76 8 -74 -5
1534352312.7115216 631 529 561 709 535 701 7710 -2122 -1206 193 132 80 7 -73 -3
1534352312.774139 631 529 561 709 535 701 7672 -2078 -1232 165 50 -148 8 -73 -4
1534352312.8431196 631 529 561 709 535 700 7728 -2268 -1202 261 173 167 6 -75 -4
1534352312.897805 631 529 562 709 535 701 7734 -1966 -1288 125 82 58 7 -75 -3
1534352312.9759133 631 529 561 709 534 701 7682 -2196 -1206 179 80 -90 6 -74 -3
1534352313.048662 631 529 562 709 536 701 7716 -2134 -1266 270 112 110 8 -74 -3
1534352313.1119597 631 529 562 709 535 701 7700 -2072 -1296 207 170 -97 8 -75 -5
1534352313.1637325 631 529 561 709 535 701 7688 -2198 -1234 53 23 -195 6 -74 -4
1534352313.2419548 632 529 562 708 535 701 7722 -2140 -1248 296 163 136 6 -75 -4
1534352313.304274 631 529 561 709 535 701 7710 -2128 -1220 132 -5 -25 8 -74 -4
1534352313.3778443 631 530 561 709 534 701 7638 -2242 -1236 153 178 -38 6 -74 -7
1534352313.428843 631 530 562 709 535 701 7828 -1996 -1258 133 87 90 6 -74 -5
1534352313.5083182 631 529 562 709 536 701 7690 -2124 -1240 394 339 30 8 -73 -6
1534352313.5769355 631 529 561 709 534 701 7730 -2184 -1234 -46 -102 -62 6 -74 -6
1534352313.6321545 631 529 561 708 535 700 7732 -2060 -1276 253 216 36 6 -75 -5
1534352313.7102597 631 529 561 709 535 701 7492 -2168 -1072 507 -477 273 5 -74 -5
1534352313.7727818 631 529 562 709 535 701 6942 -2254 -1566 -989 -214 183 8 -74 -3
1534352313.852251 631 529 562 709 535 701 7940 -2150 -1512 -561 -1844 -1013 6 -75 -6
1534352313.912196 631 529 561 710 535 700 7734 -1958 -1660 1045 -323 214 7 -75 -6
1534352313.974766 632 530 561 708 534 700 7682 -2186 -1540 69 -158 122 8 -76 -7
1534352314.048743 631 529 561 709 534 700 7694 -2090 -1530 98 -464 342 8 -75 -8
1534352314.116329 632 529 562 709 534 701 7628 -2338 -1658 -157 -889 1823 9 -77 -9
1534352314.1946726 632 530 561 709 535 700 7580 -2402 -1802 -673 -431 511 8 -76 -9
1534352314.2569203 632 529 562 709 535 700 7760 -2216 -1540 1366 585 -230 10 -74 -11
1534352314.3351717 631 529 561 709 534 701 7502 -2268 -1706 -249 -7 -282 9 -77 -11
1534352314.3963838 632 529 561 709 534 700 7570 -2140 -1660 59 320 -18 10 -76 -12
1534352314.4589024 631 529 562 709 535 701 7574 -2396 -1648 173 376 -211 10 -77 -10
1534352314.5422645 632 529 561 708 534 701 7592 -2176 -1640 -121 224 -244 9 -75 -8
1534352314.5982304 631 529 561 708 533 701 7684 -2256 -1708 78 336 -431 12 -75 -11
1534352314.6763744 631 529 561 709 535 701 7646 -2218 -1660 45 189 -28 6 -76 -9
1534352314.738822 631 529 561 709 536 701 7532 -2242 -1630 282 241 -283 10 -76 -9
1534352314.8013108 631 529 561 709 535 701 7644 -2180 -1572 195 247 293 10 -74 -10
1534352314.8818233 631 529 561 710 535 700 7682 -2260 -1698 206 269 -231 8 -77 -10
1534352314.9445763 631 529 561 708 535 700 7580 -2190 -1634 292 92 149 9 -74 -8
1534352315.0200183 631 529 561 709 536 700 7592 -2060 -1634 379 290 -59 10 -75 -11
1534352315.0935185 631 529 561 709 534 701 7614 -2210 -1722 185 104 107 9 -77 -11
1534352315.147132 631 529 561 709 535 701 7608 -2230 -1566 251 86 -55 6 -76 -9
1534352315.209615 631 529 561 709 535 701 7630 -2184 -1654 276 208 63 6 -76 -9
1534352315.2721372 631 529 561 709 535 701 7616 -2134 -1656 232 47 13 7 -76 -10
1534352315.3538885 631 530 561 709 535 700 7596 -2210 -1652 308 172 -37 9 -77 -8
1534352315.4162135 631 529 561 709 534 701 7624 -2076 -1660 224 143 164 8 -75 -7
1534352315.4787583 631 529 562 709 535 700 7622 -2148 -1594 363 271 -53 9 -74 -10
1534352315.5573227 631 529 561 709 535 700 7646 -2204 -1648 217 104 -45 11 -76 -7
1534352315.6153755 631 529 561 708 534 701 7606 -2168 -1612 252 171 110 7 -76 -8
1534352315.6779552 631 529 562 708 534 701 7610 -2088 -1656 227 135 -29 9 -76 -9
1534352315.7559667 631 529 561 709 534 701 7620 -2128 -1720 165 -10 -86 9 -75 -10
1534352315.8269253 631 529 562 710 536 700 7644 -2138 -1602 198 72 -286 9 -76 -10
1534352315.8819416 631 529 562 709 536 701 7620 -2252 -1704 90 -516 -19 6 -75 -7
1534352315.960573 631 529 561 709 534 701 7702 -2098 -1712 268 397 -190 10 -76 -8
1534352316.0308821 631 529 561 709 536 701 7662 -2190 -1676 -52 136 -10 8 -73 -10
1534352316.098654 631 529 562 710 536 700 7596 -2012 -1616 219 226 -32 8 -72 -12
1534352316.161142 631 529 561 709 535 701 7656 -2168 -1710 146 123 179 6 -76 -12
1534352316.2236593 631 529 562 709 535 700 7642 -2186 -1618 119 308 -170 8 -77 -10
1534352316.3074777 631 530 561 709 535 701 7624 -2100 -1758 -429 -120 -642 9 -73 -11
1534352316.363515 631 529 561 708 535 701 7666 -1998 -1680 191 491 19 9 -74 -9
1534352316.4415941 631 529 562 708 534 701 7620 -2094 -1626 147 274 -85 7 -74 -7
1534352316.5040793 631 529 561 710 534 701 7626 -2036 -1688 166 80 -113 7 -76 -7
1534352316.573455 631 529 561 709 535 701 7642 -2152 -1708 74 140 -51 7 -76 -7
1534352316.631067 631 529 560 709 534 701 7632 -2076 -1592 42 -32 -132 7 -76 -8
1534352316.6935387 631 529 561 709 534 700 7646 -2086 -1648 286 266 -3 8 -77 -10
1534352316.771645 631 529 562 709 534 701 7690 -2114 -1606 105 19 11 6 -74 -8
1534352316.8364227 631 529 561 709 533 700 7656 -2060 -1646 235 95 6 9 -75 -9
1534352316.8975666 631 529 561 709 535 700 7644 -2076 -1630 170 89 37 7 -77 -7
1534352316.9606884 631 529 561 708 535 701 7678 -2100 -1658 121 118 -81 7 -75 -11
1534352317.0323474 631 529 561 709 534 701 7628 -2124 -1694 157 -52 61 8 -75 -8
1534352317.1104558 631 529 562 709 534 701 7692 -2102 -1644 341 175 -58 9 -76 -8
1534352317.1573184 631 529 561 709 535 700 7642 -2028 -1622 210 75 143 6 -73 -6
1534352317.235428 631 529 561 709 535 701 7666 -2074 -1720 283 168 -57 8 -75 -8
1534352317.3039634 631 529 561 709 534 701 7658 -2088 -1670 227 144 108 6 -76 -10
1534352317.3648965 632 529 561 709 534 701 7626 -2046 -1624 221 167 135 5 -76 -10
1534352317.4273815 631 529 560 710 535 701 7634 -2076 -1670 33 200 -475 7 -74 -9
1534352317.489868 631 529 562 708 535 701 7700 -2092 -1654 70 334 -19 7 -75 -7
1534352317.5639303 631 529 562 708 534 700 7670 -2034 -1456 174 137 -132 8 -75 -9
1534352317.6392565 631 529 562 708 534 700 7658 -2090 -1702 110 86 -36 7 -76 -9
1534352317.6951668 631 530 561 709 534 701 7676 -2036 -1586 127 179 -81 6 -76 -7
1534352317.7732754 631 529 561 708 534 701 7676 -2038 -1650 140 190 -55 7 -74 -8
1534352317.8390841 631 529 562 709 534 701 7664 -1932 -1622 189 169 85 6 -74 -9
1534352317.8957324 631 529 562 708 534 701 7668 -2110 -1660 110 103 -64 7 -73 -9
1534352317.9582188 631 529 561 708 536 701 7668 -2062 -1648 134 58 -23 9 -77 -7
1534352318.0399332 631 529 561 708 535 701 7656 -2076 -1632 235 162 -28 7 -74 -10
1534352318.1065598 631 529 561 709 535 700 7688 -1940 -1720 184 95 120 5 -73 -9
1534352318.1637285 631 529 560 708 536 700 7648 -2126 -1614 322 203 -129 7 -74 -8
1534352318.2262125 632 529 562 709 535 701 7668 -1910 -1720 180 46 197 7 -75 -7
1534352318.309292 631 529 562 708 536 701 7730 -2054 -1680 128 259 -141 7 -74 -10
1534352318.3642352 632 529 561 709 535 701 7748 -2030 -1662 167 -21 412 7 -74 -7
1534352318.4423394 631 529 561 709 535 701 7620 -2254 -1980 2164 2635 679 7 -75 -8
1534352318.50483 631 529 561 710 535 700 7708 -2178 -1030 1651 1819 -1147 9 -76 -7
1534352318.5855157 631 529 560 709 535 701 7392 -3032 -1154 -59 1536 2117 5 -74 -4
1534352318.6474123 631 529 561 709 535 701 7660 -2194 -852 -3422 3814 -375 8 -71 -2
1534352318.7254798 631 529 561 707 535 701 8216 -1754 -946 -1286 1067 -5378 8 -75 0
1534352318.7879689 631 529 562 708 535 700 7824 -1030 -1784 5096 4811 3073 5 -71 3
1534352318.8653946 631 529 562 710 535 701 7040 -2930 -1352 2633 12777 17415 6 -71 6
1534352318.9278803 631 529 562 709 535 701 6378 -3812 2680 9408 -750 353 11 -68 14
1534352318.9905407 631 529 561 708 534 701 8254 -2474 244 -6052 6034 986 15 -67 17
1534352319.074487 631 529 561 710 535 701 7096 -3022 622 -5112 9874 6947 14 -65 21
1534352319.1459546 631 529 561 709 534 701 4320 -6172 3000 -1768 -1488 -4788 24 -59 26
1534352319.208475 631 529 562 710 535 701 7312 -3084 2566 -2089 -8007 -13507 29 -57 31
1534352319.2865493 631 529 562 709 534 700 5854 -2596 -82 -6454 -14076 -11689 18 -60 28
1534352319.369233 631 529 561 710 536 701 7404 1310 -2362 2041 -10095 -7389 9 -67 13
1534352319.429563 631 529 561 709 534 701 10440 -1042 -2878 4240 -9335 2658 1 -70 2
1534352319.5130193 631 529 561 710 535 701 7728 -1226 -3524 4112 -1614 4288 -3 -71 -7
1534352319.5840757 631 529 561 709 536 700 9652 -1704 -2912 3502 4995 5713 1 -75 -13
1534352319.6456494 631 529 561 709 534 701 5244 -2252 -2044 4351 5706 10943 6 -74 -11
1534352319.7237265 631 529 562 709 535 700 8138 -3246 -912 2945 11393 5199 14 -75 -7
1534352319.7864707 631 529 561 709 535 701 7394 -4382 -112 843 5172 5652 22 -71 2
1534352319.8647552 631 529 561 710 536 701 7484 -2786 -1900 -6532 7823 2822 25 -70 11
1534352319.9274375 631 529 561 708 535 700 6188 -3340 -340 10468 17235 18709 29 -67 13
1534352320.0129788 631 529 561 708 535 700 3688 -5358 3306 5914 13965 10348 38 -60 27
1534352320.0869694 631 529 561 710 535 701 4148 -7116 4552 12376 11168 14353 45 -45 42
1534352320.1449313 631 529 561 709 535 701 4882 -4724 2540 3248 4834 248 43 -30 52
1534352320.2232702 631 529 561 709 535 701 4134 -6302 3856 12652 18510 16622 43 -24 57
1534352320.2857504 631 529 561 710 535 701 1208 -4210 4140 9117 32767 12172 39 -6 66
1534352320.36501 631 529 561 709 535 700 -5506 -7354 13832 15043 18832 17228 35 28 75
1534352320.4431176 631 529 561 708 535 700 -2946 -4412 8406 -5252 -147 -5390 22 58 74
1534352320.5056393 631 529 561 710 535 701 -1420 -6700 5502 -7412 12775 -472 22 67 76
1534352320.5794036 631 529 561 709 535 700 -2168 -4548 3178 -1561 11259 1358 40 76 68
1534352320.6576583 631 529 562 710 535 701 -3722 -4936 4978 19 -4644 -7906 45 84 66
1534352320.7356205 631 529 561 709 535 700 -3324 -5648 4086 -2504 -26404 -20789 46 82 70
1534352320.8094776 631 529 561 709 535 700 3086 -6356 5228 319 -24866 -15453 61 57 74
1534352320.8787365 631 529 561 709 535 700 3950 -6054 4194 882 -15751 -11098 61 18 74
1534352320.9409864 631 529 561 710 535 700 7656 -1312 3302 5165 -9332 -9433 54 -3 68
1534352321.0269587 632 529 562 709 535 700 7448 -3576 3414 9940 -25315 -1748 39 -23 63
1534352321.0980787 631 529 561 709 535 700 4292 -4128 3678 1501 -6635 3615 30 -36 62
1534352321.1625278 632 529 561 709 535 700 6116 -5356 3912 -2417 -7220 -5939 32 -52 55
1534352321.24063 632 529 561 709 535 700 7146 -4068 2922 -8238 -24359 -5948 29 -59 52
1534352321.3248994 631 529 561 709 535 700 6798 -4016 600 1839 -25664 -5160 26 -72 37
1534352321.3805113 631 529 561 708 535 700 7134 -2394 -1130 -6196 -23471 -5963 12 -91 1
1534352321.458603 631 530 561 709 535 700 7288 -2056 -4514 -2567 -21724 -11697 7 -93 -28
1534352321.5450008 631 529 561 709 535 700 6354 -1858 -6300 8364 -32768 -21561 -6 -87 -53
1534352321.6146264 631 530 561 709 535 700 1810 -1946 -7184 -7818 -14538 -18562 -24 -71 -86
1534352321.692671 631 529 561 710 535 701 3054 -864 -8422 62 -10814 -2623 -43 -40 -113
1534352321.770773 631 530 561 710 535 700 4154 250 -7550 -1290 -6145 -4404 -49 -28 -116
1534352321.850557 632 528 561 708 535 700 3188 598 -7274 -6096 -20950 -1012 -50 -21 -119
1534352321.9116573 632 530 562 710 535 700 2492 266 -5746 -2859 -25879 -8486 -55 -7 -122
1534352321.9896815 631 529 562 710 535 700 -2904 2014 -6462 2159 -846 19980 -60 18 -126
1534352322.0792923 631 529 563 709 535 700 -4946 644 -7090 9536 -22429 807 -62 33 -120
1534352322.1417792 631 529 562 709 535 701 -5580 696 -6488 -1064 -2026 -2511 -55 46 -122
1534352322.2198856 631 530 561 709 535 701 -2784 680 -6934 11881 17185 -5620 -52 55 -119
1534352322.2824223 631 529 562 708 535 701 -4176 146 -8358 1031 1443 1884 -43 47 -122
1534352322.3656013 631 529 561 709 535 700 -3470 -374 -8080 626 2683 -92 -39 46 -122
1534352322.4283304 631 529 562 709 535 701 -2312 -956 -7634 -1573 -308 1079 -37 44 -125
1534352322.515879 631 530 560 709 535 701 -2750 312 -8182 -2344 2174 2557 -39 42 -126
1534352322.588167 631 530 563 710 535 701 -3028 236 -8288 -1749 2183 2374 -43 39 -125
1534352322.6470113 631 529 559 708 535 701 -1970 1162 -7984 -855 3243 788 -43 40 -124
1534352322.7249472 631 529 562 709 535 701 -1572 1290 -7870 532 1737 1095 -46 34 -125
1534352322.802955 631 529 563 709 535 700 -2138 912 -8090 10542 -47 -4722 -47 33 -124
1534352322.8815975 631 529 560 708 535 700 -1954 -1104 -8248 5313 -5712 -294 -43 32 -126
1534352322.9443536 631 529 562 709 535 700 -2644 -1414 -8068 4742 -3263 -655 -33 39 -132
1534352323.0278435 632 530 559 708 535 701 -2950 -786 -7958 -519 685 338 -28 43 -134
1534352323.1002834 631 529 561 709 535 701 -2714 -1158 -7734 447 -462 637 -28 45 -133
1534352323.1623616 631 529 561 708 535 700 -3304 -890 -7810 727 -455 358 -27 45 -132
1534352323.2403607 631 529 559 708 535 701 -3010 -1086 -7608 2414 1511 162 -26 44 -134
1534352323.3184683 631 529 563 709 535 701 -2510 -1506 -7608 3018 942 -636 -25 45 -135
1534352323.3809674 631 529 560 708 535 701 -2716 -1616 -7658 -190 299 609 -22 44 -136
1534352323.4591243 631 529 561 710 535 701 -2780 -1580 -7788 430 976 383 -19 44 -137
1534352323.5374644 631 529 562 710 535 701 -2770 -1540 -7850 -679 1874 1266 -24 44 -136
1534352323.6092713 631 529 561 709 535 701 -2808 -1428 -8198 1325 6182 165 -25 41 -136
1534352323.6778343 631 529 561 709 535 700 -1324 -1108 -7288 194 5443 -258 -23 37 -137
1534352323.7404525 631 529 562 709 534 700 -760 -1370 -7654 -328 625 1500 -23 32 -138
1534352323.8281286 631 529 560 709 535 700 -1414 -1524 -8224 238 -966 500 -26 28 -139
1534352323.8965285 632 529 562 709 535 700 -1882 -1464 -8186 296 -278 197 -24 30 -138
1534352323.9599476 631 529 560 709 535 701 -1672 -1228 -8048 166 -18 -286 -22 30 -138
1534352324.0315673 631 529 559 708 535 700 -1878 -1202 -8066 517 -105 -66 -23 29 -138
1534352324.1152587 631 529 561 708 535 701 -1834 -1398 -7992 -316 5 345 -23 30 -138
1534352324.1777444 631 529 562 708 535 701 -1774 -1330 -8108 157 60 91 -25 30 -137
1534352324.2558494 631 529 561 709 535 700 -1792 -1328 -8040 -273 -20 296 -24 29 -137
1534352324.3265133 631 529 559 709 535 701 -1712 -1236 -8012 521 100 -42 -24 32 -137
1534352324.3996434 631 529 562 709 535 700 -1802 -1360 -7988 -36 -305 292 -26 32 -137
1534352324.4620864 631 529 563 709 535 700 -1898 -1244 -8050 -162 58 -69 -24 31 -139
1534352324.5430741 631 529 562 709 535 700 -1736 -1196 -8170 161 -365 342 -24 31 -137
1534352324.613037 631 529 561 709 535 700 -1924 -1254 -7996 152 73 -37 -24 32 -135
1534352324.6753829 631 529 562 709 535 701 -1914 -1168 -7954 -50 209 179 -25 31 -138
1534352324.7534902 631 529 561 709 535 701 -1870 -1338 -8066 344 36 262 -26 33 -137
1534352324.8253057 631 529 560 709 535 700 -1922 -1202 -8100 59 457 -19 -26 30 -137
1534352324.896599 631 529 563 708 535 700 -1864 -1118 -7936 473 60 -279 -27 32 -137
1534352324.9601192 631 529 562 709 535 701 -1862 -1248 -7976 331 140 -64 -27 30 -136
1534352325.03168 631 529 561 709 535 701 -1722 -1210 -8052 136 -483 279 -27 32 -138
1534352325.0984373 631 529 561 708 535 701 -2230 -1022 -8134 -124 -42 120 -28 33 -137
1534352325.1765609 631 529 563 709 535 701 -1668 -1316 -7954 62 366 205 -28 31 -137
1534352325.2390802 631 529 562 708 535 700 -1742 -1212 -8208 695 -148 87 -25 30 -136
1534352325.323995 632 529 563 709 535 701 -1928 -1054 -8130 47 664 -341 -26 31 -138
1534352325.3822837 631 529 560 709 535 700 -1716 -1102 -7920 276 -182 179 -27 32 -138
1534352325.4603932 631 529 562 709 535 700 -1902 -1068 -7996 -414 -966 743 -26 32 -139
1534352325.5435343 631 529 562 709 535 700 -2146 -1266 -8062 -727 -631 888 -27 33 -136
1534352325.6140733 631 529 562 709 535 700 -1948 -744 -8160 -202 -83 204 -28 32 -139
1534352325.6765578 631 529 560 708 535 701 -2018 -1032 -7950 -283 -17 374 -30 33 -136
1534352325.754807 631 529 560 708 535 700 -2170 -880 -8086 -270 223 235 -30 31 -135
1534352325.8292475 631 529 561 709 535 701 -1858 -794 -8124 -193 286 316 -27 33 -138
1534352325.8964596 631 529 562 709 535 701 -1746 -998 -7996 -1382 -2374 2136 -29 30 -136
1534352325.9760616 631 529 561 708 534 701 -2224 -600 -8094 92 -1448 536 -29 31 -137
1534352326.048411 631 529 562 708 535 701 -3022 -590 -8164 -751 -476 658 -32 33 -135
1534352326.1131225 631 529 563 709 535 701 -2058 -696 -7956 45 1060 -212 -31 34 -134
1534352326.1911929 631 529 561 709 535 700 -2124 -686 -7924 -172 -397 339 -32 32 -135
1534352326.2536762 631 529 562 709 535 700 -2532 -546 -8086 37 565 -39 -31 34 -133
1534352326.331021 631 529 563 710 535 701 -2070 -632 -8060 193 377 96 -31 34 -135
1534352326.3963318 631 529 562 710 535 701 -2200 -622 -8020 3 -141 272 -32 36 -135
1534352326.4590416 631 530 560 709 535 700 -2254 -570 -8072 -45 282 14 -31 31 -137
1534352326.5369556 631 529 562 709 535 700 -2212 -446 -8096 192 54 68 -33 34 -134
1534352326.6078303 631 529 560 709 535 701 -2222 -432 -8058 262 340 -327 -31 33 -135
1534352326.6636486 631 529 562 709 535 701 -2302 -534 -8084 457 231 57 -34 34 -131
1534352326.7419693 631 529 561 709 535 700 -2288 -594 -8106 -589 55 469 -33 33 -133
1534352326.8229644 631 529 562 709 535 701 -2442 -316 -7972 -1505 -1296 1866 -32 34 -135
1534352326.881513 631 529 562 709 535 701 -2352 -262 -8026 -74 -95 177 -35 33 -135
1534352326.9602988 630 529 561 708 535 701 -2486 -324 -8072 199 292 -93 -36 30 -134
1534352327.0344822 631 529 563 709 535 701 -2402 -330 -8068 188 393 -120 -36 32 -135
1534352327.1102154 631 529 561 708 535 700 -2308 -314 -7998 300 212 -73 -35 32 -134
1534352327.1636493 631 529 558 710 535 700 -2320 -316 -8030 -431 -260 712 -36 32 -133
1534352327.2415886 631 529 561 709 535 700 -2268 -204 -7954 61 -397 592 -35 32 -133
1534352327.317871 631 529 561 710 535 700 -2354 -276 -7996 230 588 -304 -36 34 -132
1534352327.3806534 631 529 561 709 535 700 -2302 -194 -8074 340 -155 23 -37 33 -135
1534352327.4429436 631 529 561 708 535 701 -2430 -230 -8034 118 302 -5 -36 33 -133
1534352327.5288987 631 529 560 708 535 701 -2326 -210 -7934 -67 -107 289 -37 31 -132
1534352327.599332 631 529 562 709 535 700 -2390 -120 -8094 60 -157 287 -38 33 -134
1534352327.6636117 631 529 562 708 535 700 -2294 -114 -7972 221 250 -29 -37 33 -133
1534352327.726273 631 529 560 709 535 700 -2388 -272 -8112 201 -86 268 -38 34 -133
1534352327.8089359 631 529 564 710 535 701 -2326 -116 -7908 121 243 35 -37 32 -134
1534352327.8796997 631 529 561 709 535 700 -2458 -178 -8038 492 135 -208 -34 34 -134
1534352327.9420083 631 529 563 709 535 700 -2386 -154 -8020 171 499 -55 -35 33 -132
1534352328.0044606 631 529 561 709 535 701 -2376 -150 -7998 124 5 152 -37 33 -134
1534352328.0877216 631 529 561 708 535 701 -2446 -192 -8050 -191 306 53 -37 32 -133
1534352328.1462574 631 529 558 709 535 701 -2342 -114 -8024 98 -4 94 -38 32 -133
1534352328.2085745 631 529 560 708 535 701 -2428 -158 -8014 40 92 35 -38 33 -133
1534352328.2869418 631 529 563 710 535 700 -2406 -72 -7990 219 371 -49 -38 31 -133
1534352328.3595548 631 528 561 709 535 700 -2406 -142 -8026 25 79 112 -36 31 -132
1534352328.4129953 631 529 560 709 535 700 -2320 -4 -7964 413 -98 127 -36 33 -131
1534352328.490958 631 529 562 709 535 701 -2418 -268 -8124 224 -38 62 -38 32 -132
1534352328.5667439 631 529 561 709 535 700 -2422 -18 -7878 -22 479 -128 -38 32 -132
1534352328.6300945 631 529 561 708 535 700 -2124 -196 -8046 289 -375 -18 -39 32 -132
1534352328.7081416 631 529 562 708 535 701 -2522 -42 -8052 135 -224 -139 -39 32 -134
1534352328.7709007 631 529 561 709 535 701 -2474 -70 -8058 103 300 99 -38 32 -132
1534352328.847776 631 529 562 710 535 700 -2402 -166 -8016 120 -178 232 -39 33 -133
1534352328.9102623 631 529 560 708 535 700 -2460 -26 -7980 438 378 -188 -37 35 -133
1534352328.9734457 631 529 561 708 536 701 -2510 -100 -8000 64 359 -10 -39 35 -131
1534352329.047755 631 529 560 709 535 700 -2514 -72 -8052 566 70 250 -37 35 -132
1534352329.1145158 631 529 561 709 535 700 -2306 -222 -8084 -19 177 -35 -36 34 -134
1534352329.1926224 631 529 562 709 535 700 -2464 -58 -7928 392 176 38 -36 34 -133
1534352329.2551413 631 529 562 709 535 701 -2400 -210 -8098 14 268 31 -39 32 -130
1534352329.33048 631 529 562 710 535 700 -2398 24 -7994 363 261 -20 -38 34 -131
1534352329.3960598 631 529 561 709 534 701 -2340 -186 -8106 160 107 18 -36 32 -132
1534352329.4586384 631 529 560 708 535 701 -2442 -78 -8018 121 120 62 -37 32 -134
1534352329.5375214 631 529 560 708 535 701 -2226 -146 -7976 67 189 -106 -39 33 -134
1534352329.606486 631 529 561 709 535 700 -2430 -148 -8064 258 99 107 -39 33 -134
1534352329.664187 631 529 559 709 535 701 -2420 -74 -7972 444 393 -23 -37 32 -132
1534352329.7422945 631 529 562 709 535 701 -2306 -36 -7978 572 1071 -569 -39 32 -132
1534352329.8050308 631 529 561 709 535 700 -2320 -274 -8080 59 -128 330 -37 32 -133
1534352329.8813276 631 529 562 709 535 700 -2330 -172 -8028 -49 268 87 -36 34 -133
1534352329.9438214 631 529 560 709 535 700 -2258 -114 -8036 403 93 -69 -37 32 -131
1534352330.0225182 631 529 560 709 535 701 -2348 -166 -8144 23 70 83 -36 33 -130
1534352330.0791306 631 529 559 708 535 700 -2328 -92 -8104 251 40 127 -38 32 -133
1534352330.1570134 631 529 560 709 535 700 -2358 -190 -8068 76 206 -46 -37 30 -132
1534352330.2194967 631 529 561 709 535 700 -2220 -128 -8114 194 164 38 -38 31 -133
1534352330.2978518 631 529 563 709 535 700 -2294 -158 -8136 288 399 -77 -38 31 -134
1534352330.3639019 631 529 561 708 535 701 -2152 -132 -8030 244 342 -121 -37 30 -132
1534352330.4263685 631 529 563 708 535 700 -2398 -84 -7804 691 439 37 -38 31 -133
1534352330.5044746 630 529 563 710 536 701 -2528 -364 -8240 881 946 636 -37 31 -132
1534352330.5849378 631 529 561 709 535 701 -2070 20 -7952 40 2016 349 -37 31 -134
1534352330.6468682 631 529 564 709 535 701 -1988 388 -8110 2829 2507 476 -38 31 -133
1534352330.709172 631 529 563 708 535 701 -1794 -652 -9068 48 662 2128 -36 30 -133
1534352330.7872488 631 529 561 708 535 700 -2392 138 -7992 888 5725 -1459 -35 25 -132
1534352330.8634746 631 529 561 708 535 701 -1232 -270 -8032 1740 4383 1164 -35 23 -134
1534352330.9279814 631 529 561 709 536 700 -566 -534 -8588 486 8195 -949 -35 18 -135
1534352331.00796 631 529 560 709 535 701 -1026 -408 -8546 -216 6880 -116 -33 12 -134
1534352331.0817635 631 529 561 709 535 701 682 -1486 -8410 4666 13754 -7194 -36 6 -129
1534352331.1459308 631 529 561 707 535 700 908 42 -7324 3462 19400 -1545 -31 -5 -130
1534352331.223899 631 529 561 708 535 700 2542 40 -6858 7015 19271 -4892 -32 -19 -126
1534352331.310838 631 529 561 709 535 701 5390 -2282 -5438 17127 24358 -12090 -33 -33 -118
1534352331.3805213 630 529 562 710 535 700 6418 -1588 -4898 2668 13290 -3366 -27 -50 -106
1534352331.442972 631 529 561 709 535 701 6884 -1390 -3846 304 14067 -2979 -27 -59 -97
1534352331.5299077 631 530 560 708 535 700 7392 -1292 -3512 4872 4305 -4251 -28 -66 -87
1534352331.598147 631 529 561 708 535 701 7846 -1596 -3258 -988 4942 -2216 -32 -68 -84
1534352331.6764033 631 529 562 709 535 700 7542 -1216 -2632 -241 6295 -5915 -33 -71 -78
1534352331.7387767 631 529 561 709 535 701 7280 2 -2280 -1753 3793 -1859 -40 -72 -74
1534352331.8211732 631 529 562 709 535 701 8126 -812 -2232 1036 4454 505 -47 -74 -67
1534352331.8800237 632 529 561 708 535 700 7912 -908 -1734 -1908 2296 1044 -47 -77 -63
1534352331.9581356 631 530 562 709 535 701 7464 532 -1352 -1251 3495 2371 -47 -78 -55
1534352332.0481303 631 529 562 708 535 700 7482 -1648 -1188 -2610 2994 2443 -46 -78 -52
1534352332.1154358 631 529 560 709 535 701 7450 -1372 -1230 -673 10587 2870 -44 -82 -47
1534352332.1783936 631 529 561 708 535 700 9452 -902 -320 44 8936 -300 -40 -86 -37
1534352332.2410262 630 529 561 708 535 701 7772 -1176 180 96 3509 -3127 -42 -84 -22
1534352332.3253896 630 529 563 710 535 701 10216 1782 44 -2602 3732 5318 -45 -85 -17
1534352332.3958821 631 529 561 709 535 700 7432 -682 1396 -795 6979 2643 -46 -83 -10
1534352332.4584005 630 530 560 708 535 701 8204 -1050 1432 1598 5588 4073 -43 -80 -2
1534352332.5380514 631 528 561 709 535 700 7718 -804 2224 5794 6471 3103 -36 -80 5
1534352332.5980427 631 529 561 708 535 701 7494 -934 2534 -784 3457 85 -39 -76 11
1534352332.6761496 631 530 562 709 535 700 7228 -1410 1914 -8277 -5313 5629 -39 -72 14
1534352332.7542546 631 527 562 709 535 700 8322 -812 1622 -1048 2103 -1974 -29 -73 14
1534352332.822404 631 529 561 709 535 700 7808 -2522 1538 2107 -333 5929 -29 -76 13
1534352332.8816292 631 529 562 709 535 700 7506 -2652 2006 991 298 1106 -27 -76 13
1534352332.959739 631 529 562 709 535 701 7178 -1236 1978 -5688 -255 -1292 -24 -78 12
1534352333.036324 631 529 562 709 534 700 7350 -1962 1798 1208 -326 -2777 -21 -78 9
1534352333.098188 631 529 562 708 535 700 8332 -1944 1524 -1370 973 651 -20 -81 10
1534352333.160786 631 529 561 709 535 700 8004 -2680 2062 52 3205 -62 -23 -82 8
1534352333.2388375 631 529 561 708 534 700 7180 -2314 2304 -1277 -5 -1459 -22 -80 11
1534352333.3012655 631 529 562 709 535 701 7918 -1294 2318 786 4041 301 -24 -83 11
1534352333.3823743 631 529 561 709 535 701 7150 -2168 1818 1160 2981 5377 -25 -80 11
1534352333.4448586 630 529 562 709 535 700 6232 -2882 3524 1815 3206 3797 -20 -80 9
1534352333.5278113 631 529 561 708 535 700 6720 -2382 2570 -1417 3968 1235 -16 -80 12
1534352333.5955217 632 529 562 709 536 700 7438 -2506 2122 349 -341 31 -19 -80 14
1534352333.661913 631 529 562 709 535 701 7284 -2692 2786 -298 716 542 -18 -79 15
1534352333.7243967 630 529 561 709 534 700 6652 -2794 2872 153 634 1205 -18 -81 16
1534352333.8027103 631 529 562 708 535 701 6500 -2686 3450 -265 968 -742 -16 -79 16
1534352333.8650303 631 529 561 708 535 701 6892 -3034 2796 -723 1389 2111 -17 -81 15
1534352333.9430966 631 529 562 709 535 700 7178 -2734 2020 -1158 -601 -936 -15 -84 16
1534352334.0185494 630 529 561 709 534 700 7196 -2332 3204 -2415 1887 321 -15 -80 16
1534352334.0910764 631 529 561 708 534 701 7146 -3074 2674 -1366 1610 1419 -13 -79 17
1534352334.1625729 631 529 562 709 535 701 6532 -2810 2954 -1172 1484 -136 -13 -82 18
1534352334.2250547 630 529 562 709 535 700 7256 -2518 2804 -327 -1537 -1094 -12 -81 19
1534352334.3098526 631 529 561 709 535 700 6912 -2800 2500 -820 -1537 -2237 -14 -82 20
1534352334.3804708 631 529 562 709 535 700 6624 -2658 3130 -736 -904 -612 -14 -82 17
1534352334.4429405 631 529 562 708 535 700 6994 -3244 2998 1352 215 1783 -15 -82 15
1534352334.522496 631 529 561 709 535 701 6682 -2516 2968 114 -1302 -251 -18 -82 17
1534352334.5959442 631 529 562 708 535 700 6518 -3046 2498 -160 -2417 -1045 -17 -83 16
1534352334.6604524 631 529 562 709 535 700 6396 -2728 2968 1049 -9571 -2292 -17 -85 14
1534352334.7384126 631 529 561 708 534 700 8312 -2184 888 -436 -1628 -6096 -18 -87 9
1534352334.8007884 631 529 562 709 535 701 7746 -2020 1086 1523 -8466 -4347 -20 -85 3
1534352334.8978791 631 529 562 709 535 701 8004 -1600 800 2787 -3490 -6806 -27 -84 -4
1534352334.944778 630 529 561 708 535 700 9272 -1110 -70 1700 -7001 -3446 -31 -86 -7
1534352335.03085 631 529 561 709 535 701 6562 -448 362 -957 -10619 -8497 -39 -85 -16
1534352335.1037984 631 529 561 709 535 700 7346 -294 -818 -2161 -3750 3337 -45 -81 -26
1534352335.1767044 630 529 561 709 535 700 8256 -104 -2148 27 -14995 -11003 -48 -80 -28
1534352335.2394052 631 529 562 709 535 700 8512 130 -2212 1261 -8001 -4772 -52 -79 -34
1534352335.3229766 630 529 561 709 535 701 7930 784 -2720 -2557 663 -358 -59 -72 -47
1534352335.3797233 631 529 561 709 535 700 8208 798 -2682 -3063 599 2270 -60 -68 -48
1534352335.4578288 631 529 561 709 534 700 8844 1596 -2664 7607 5595 9455 -57 -70 -46
1534352335.5413857 631 529 561 708 535 700 7404 -1502 -2296 -523 -2544 -1167 -53 -72 -42
1534352335.61461 631 529 561 709 536 700 7596 952 -2882 2876 -3956 2787 -50 -74 -48
1534352335.6770961 631 529 561 708 535 701 7156 -1420 -2962 3320 7801 3549 -47 -72 -51
1534352335.7552686 631 529 561 708 535 701 8532 -718 -1900 -2941 2352 109 -43 -78 -52
1534352335.8317327 631 529 562 709 535 701 7752 -844 -2066 -2656 3340 484 -41 -79 -48
1534352335.8973546 631 529 562 709 535 700 7264 1096 -1094 206 795 294 -44 -81 -41
1534352335.9598439 631 529 561 709 535 700 8346 -704 -1954 -544 -426 2595 -41 -82 -38
1534352336.0459917 631 529 561 709 534 700 8042 -1052 -1732 2113 660 3680 -41 -84 -37
1534352336.1149082 631 529 561 709 535 699 7938 -468 -1678 -859 447 -1771 -37 -85 -37
1534352336.17743 630 528 561 708 534 700 7964 -1100 -1938 -474 -1652 1455 -40 -85 -36
1534352336.255503 631 529 561 709 535 700 7828 -776 -1806 -116 -211 -470 -38 -85 -38
1534352336.3389733 631 529 561 708 535 700 7848 -542 -2000 -72 -470 -530 -36 -85 -38
1534352336.3962798 631 529 561 707 536 700 7796 -714 -1914 1051 621 844 -40 -84 -38
1534352336.474391 631 528 561 709 534 700 7898 -910 -1878 475 490 567 -40 -84 -39
1534352336.544711 630 529 562 709 535 701 8004 -938 -1976 -29 -184 201 -40 -85 -38
1534352336.6122992 631 529 561 708 535 701 7808 -718 -1894 173 63 66 -40 -84 -38
1534352336.6747859 630 530 561 708 534 700 7906 -946 -1940 327 423 -288 -38 -83 -37
1534352336.7374969 631 529 561 709 535 700 7808 -818 -1960 133 -56 68 -38 -85 -36
1534352336.8173227 630 529 561 708 534 700 7850 -876 -1974 323 163 2 -39 -84 -36
1534352336.8799093 630 529 561 709 535 701 7824 -890 -1908 313 259 83 -38 -85 -36
1534352336.942447 631 529 561 708 534 701 7936 -832 -1928 77 92 5 -38 -85 -39
1534352337.0349717 631 529 561 708 534 700 7842 -824 -2014 305 115 140 -38 -84 -38
1534352337.085845 630 528 561 707 534 700 7864 -870 -1880 91 -38 7 -39 -84 -38
1534352337.1477406 631 529 561 708 535 700 7928 -828 -1950 79 -139 -43 -41 -86 -35
1534352337.2103372 630 530 562 708 536 700 7848 -860 -1982 239 23 331 -39 -84 -38
1534352337.2885878 630 529 562 708 535 701 7864 -880 -1912 182 200 155 -37 -83 -38
1534352337.3600936 631 529 560 708 536 701 7844 -876 -1998 90 206 150 -40 -86 -41
1534352337.4277766 631 529 562 709 534 700 7868 -836 -1928 192 137 16 -41 -86 -36
1534352337.4905107 631 529 561 708 535 700 7882 -892 -1992 312 157 121 -38 -84 -37
1534352337.5668883 630 529 561 709 534 701 7860 -894 -1896 234 129 -21 -39 -85 -36
1534352337.6296797 630 529 561 709 535 700 7854 -892 -1908 191 322 -17 -38 -85 -36
1534352337.6921656 631 528 561 709 535 702 7802 -854 -1936 36 38 1 -37 -85 -38
1534352337.754656 630 529 561 708 535 701 7856 -874 -1840 248 -9 106 -38 -85 -36
1534352337.8366702 631 528 561 708 534 700 7910 -866 -1914 318 123 45 -37 -84 -38
1534352337.896386 631 530 561 707 536 700 7818 -926 -1948 186 154 -21 -38 -85 -37
1534352337.9745042 631 529 562 708 535 700 7928 -912 -1938 123 -16 109 -39 -86 -38
1534352338.0427227 631 530 561 709 536 701 7814 -852 -1882 195 30 24 -37 -87 -38
1534352338.098053 631 529 561 708 536 701 7884 -932 -1970 203 159 -34 -40 -85 -38
1534352338.1761618 631 530 562 709 535 701 7872 -934 -1968 248 127 44 -37 -84 -38
1534352338.2386496 630 529 562 709 534 701 7886 -910 -1934 293 -43 120 -39 -85 -39
1534352338.3013597 631 529 561 709 535 700 7832 -824 -1898 340 22 52 -37 -84 -37
1534352338.396333 631 529 562 709 535 700 7824 -900 -1944 284 258 167 -40 -83 -36
1534352338.4432251 630 528 561 708 535 700 7890 -986 -2026 320 242 385 -37 -86 -39
1534352338.522665 631 529 562 708 536 700 7918 -940 -1972 317 199 213 -39 -83 -39
1534352338.592025 630 528 561 709 535 700 7808 -896 -1826 224 255 124 -38 -86 -38
1534352338.6457536 631 529 561 709 536 701 7838 -974 -1960 267 130 77 -39 -84 -37
1534352338.7239404 631 529 562 709 536 700 7836 -1028 -1916 168 -23 116 -38 -86 -37
1534352338.7864177 631 529 561 708 535 701 7884 -884 -1942 324 59 -14 -36 -85 -37
1534352338.866812 631 528 561 708 535 699 7796 -960 -1934 202 145 28 -36 -87 -37
1534352338.9287126 631 529 561 709 534 700 7868 -956 -1948 271 141 84 -36 -84 -39
1534352338.9912336 631 528 562 708 534 701 7750 -864 -1866 626 284 255 -37 -86 -37
1534352339.072812 630 529 561 708 534 700 7952 -1098 -2030 464 58 128 -37 -85 -37
1534352339.1324294 631 529 561 709 535 700 7898 -1132 -1932 190 200 -57 -36 -87 -38
1534352339.210534 631 529 562 709 536 700 7910 -1042 -1990 -395 671 -373 -36 -86 -37
1534352339.2732482 631 528 562 709 535 700 7786 -916 -1894 -110 -84 434 -37 -86 -37
1534352339.3562691 631 528 561 708 535 701 7968 -976 -1912 298 315 -195 -36 -86 -36
1534352339.416773 630 529 562 708 535 701 7900 -680 -1736 955 2676 431 -39 -84 -36
1534352339.4948795 631 529 562 708 535 700 8338 -840 -1094 1591 3135 177 -37 -86 -34
1534352339.5639637 631 529 561 709 535 700 7890 -1184 -1050 447 -829 819 -36 -85 -32
1534352339.6319995 630 528 562 708 534 700 8570 -690 -1074 260 -2282 5101 -36 -83 -35
1534352339.7150788 631 529 561 708 535 701 6928 -2116 -2626 -1055 -8430 5244 -33 -82 -36
1534352339.777563 631 529 562 708 535 700 7402 -1878 -2734 1310 1369 1235 -26 -83 -44
1534352339.8630073 631 529 562 708 535 700 6990 -2134 -2794 1388 6495 1586 -24 -85 -47
1534352339.9265773 631 529 561 708 535 700 7814 -2200 -798 -2704 9586 4180 -23 -83 -45
1534352340.0046802 631 529 561 708 535 699 9496 800 -108 22245 -6962 22780 -20 -88 -32
1534352340.0825577 631 529 561 708 536 700 5016 -7218 -1686 14686 -9655 654 -1 -91 -30
1534352340.145792 631 529 562 708 535 700 5986 -3080 -2106 5601 8485 1691 4 -87 -55
1534352340.2083123 631 529 561 709 535 701 7326 -2876 678 -3505 6081 777 8 -88 -54
1534352340.2863784 631 529 561 709 535 700 6502 -4496 -246 148 3094 -703 5 -91 -40
1534352340.3612165 631 529 562 709 535 701 7068 -4444 -386 782 5464 2349 9 -93 -38
1534352340.4291878 631 529 561 709 536 701 7174 -4598 1132 -2609 9146 1368 10 -93 -31
1534352340.491637 630 529 561 709 535 701 6840 -4298 1498 11 8148 1604 15 -94 -22
1534352340.5633762 631 529 561 709 535 701 6108 -4230 1496 -709 9671 194 13 -93 -14
1534352340.6320593 631 529 561 709 535 700 6206 -4142 2724 1740 10458 566 14 -93 -3
1534352340.7101703 631 529 561 708 535 700 5226 -4792 3178 4828 5764 4879 14 -89 6
1534352340.7726529 631 529 561 708 535 701 5238 -4738 3268 2064 5466 3098 19 -90 12
1534352340.8515112 631 529 561 708 535 700 5050 -5094 3950 877 4900 2798 18 -89 16
1534352340.9127598 631 529 562 708 535 701 5494 -4854 3706 2467 3969 -152 20 -85 25
1534352340.991078 631 529 561 708 535 700 4930 -4242 3596 1788 3206 1067 21 -82 26
1534352341.0649116 631 529 562 710 535 701 4392 -5600 4508 -4781 1566 -11439 18 -81 30
1534352341.1291845 631 529 561 708 535 700 7122 -1824 3518 270 -863 -4849 17 -82 32
1534352341.1916673 631 529 562 707 534 700 5742 -4770 4010 6 3796 2692 3 -84 29
1534352341.2698693 631 529 562 707 535 700 5286 -4382 4788 1324 1185 6102 4 -86 31
1534352341.3408651 631 529 562 709 535 700 3848 -4334 4224 -1629 2481 4272 7 -84 30
1534352341.4119844 631 529 562 708 535 701 4658 -5270 2624 -230 -1426 -2425 10 -85 29
1534352341.4743483 631 529 562 709 535 701 4056 -4692 6022 4768 182 3296 12 -83 25
1534352341.5493898 631 529 561 707 535 701 4564 -4880 4336 2537 54 664 11 -84 29
1534352341.6139946 631 529 562 708 535 700 4962 -4548 4724 3042 224 512 9 -84 27
1534352341.6764803 631 529 561 708 535 700 4424 -4800 4674 -69 1721 -159 9 -84 30
1534352341.7390692 631 529 562 708 534 701 4720 -4834 4372 31 -1886 -1757 8 -84 28
1534352341.8171551 631 529 562 710 535 700 4740 -4026 4870 638 169 -228 9 -83 26
1534352341.897631 630 529 561 708 535 701 4758 -4368 4528 663 419 -196 6 -84 27
1534352341.9457948 631 529 561 708 535 700 4664 -4386 4644 245 295 -54 6 -83 27
1534352342.0199566 631 529 562 709 535 700 4744 -4584 4560 -25 649 -98 6 -83 26
1534352342.0854673 631 529 561 707 535 700 4660 -4178 4758 1079 585 91 6 -82 26
1534352342.1445284 630 529 562 710 534 701 4662 -4170 4528 858 140 32 8 -81 24
1534352342.2071466 631 529 562 708 534 700 4526 -4260 4996 -96 -403 -39 7 -80 26
1534352342.2852986 631 529 561 707 535 701 4830 -4696 4910 -1422 -808 1348 4 -80 26
1534352342.3579123 630 529 562 708 535 700 4690 -4464 4608 -1299 -337 -163 6 -80 26
1534352342.4111357 631 529 562 709 535 701 4878 -4426 4646 526 -93 1501 11 -79 26
1534352342.4890413 631 529 562 709 536 700 4720 -4342 4502 -575 -296 304 12 -79 26
1534352342.5707254 631 529 562 710 535 700 5034 -4532 3934 1548 1293 1789 12 -79 27
1534352342.631595 631 529 561 708 535 700 4418 -4464 4340 513 1718 972 16 -80 26
1534352342.6940424 631 529 561 707 535 700 4636 -4642 4600 584 1800 1629 15 -76 27
1534352342.7567859 631 529 561 709 535 700 4486 -4730 4718 715 1623 536 17 -75 28
1534352342.8385725 631 529 562 709 535 700 3864 -4728 5020 593 1197 215 17 -74 28
1534352342.8971596 631 529 561 708 535 700 3854 -4876 4974 559 666 581 18 -72 29
1534352342.975126 631 529 561 709 535 700 4140 -5062 4612 1405 1637 2254 17 -71 31
1534352343.0457492 631 529 562 710 535 700 3880 -4512 5366 1318 1624 1034 17 -69 31
1534352343.1166365 631 529 562 708 535 700 3254 -4488 5500 1038 2110 1679 19 -65 34
1534352343.1779013 631 529 561 709 535 700 3418 -4694 5516 1198 -1568 270 20 -67 33
1534352343.2557485 631 529 562 709 535 701 2722 -4304 5590 2881 -2034 -845 21 -63 35
1534352343.3281546 631 529 562 709 535 700 3338 -4126 5410 397 -1436 1472 20 -64 36
1534352343.3967655 631 529 561 709 535 700 3552 -4702 5590 -296 -901 337 20 -66 33
1534352343.4590883 630 529 561 709 535 700 3582 -4492 5326 -643 -1460 -493 22 -67 35
1534352343.5400624 631 529 562 708 535 700 3848 -4624 4912 -665 -508 -1508 21 -68 33
1534352343.6128151 630 529 562 708 535 700 3680 -4550 5486 -1690 -3083 -3143 20 -68 31
1534352343.6752656 631 529 562 708 535 700 3730 -4954 5058 -3523 -4215 -10063 22 -69 30
1534352343.7534962 631 529 562 708 535 701 4490 -4008 4486 -2810 -4224 -5023 18 -72 25
1534352343.8356361 630 529 562 708 536 700 5046 -4334 3748 -3276 -10851 -3239 12 -76 21
1534352343.8959708 631 529 561 709 534 700 5790 -3510 3220 -471 -15397 -9137 12 -79 13
1534352343.9740376 631 529 562 709 535 700 6478 -4200 1932 -642 -9562 904 5 -85 0
1534352344.0505953 631 529 562 709 535 700 7094 -3742 1734 -2427 -15455 -5161 1 -89 -12
1534352344.1136699 631 529 562 709 536 699 7180 -3260 -310 -4036 -18885 -9176 1 -90 -24
1534352344.1917963 631 529 562 709 535 702 6880 -2212 -2026 -4344 -23622 -10794 -8 -88 -45
1534352344.2698536 631 529 561 708 535 700 7562 -1512 -5600 -1890 -18119 -5076 -19 -83 -69
1534352344.3580165 631 529 561 708 535 700 6330 -1398 -4430 -1497 -16344 -7162 -31 -68 -89
1534352344.427845 631 529 561 709 536 700 5450 -968 -5468 5481 -24378 -4032 -35 -59 -105
1534352344.5059466 631 529 561 707 534 701 3130 -1866 -7840 -1916 -5893 2097 -35 -39 -123
1534352344.58132 631 529 561 708 536 701 2898 270 -7540 -2430 2881 -1936 -36 -21 -134
1534352344.659561 631 529 561 708 535 700 4250 -482 -7260 3833 -1303 -1564 -43 -17 -132
1534352344.737533 631 529 562 709 536 700 5352 -510 -7512 9750 8684 738 -41 -15 -136
1534352344.8075776 631 529 561 709 535 700 5748 -2972 -6192 6313 -5660 3782 -38 -20 -133
1534352344.8801706 630 529 562 708 535 700 3902 -936 -7346 -1871 -15719 1496 -26 -21 -140
1534352344.958276 631 529 561 708 535 701 2428 -3434 -7348 -731 -20338 7711 -26 -8 -143
1534352345.0355272 631 529 563 709 535 700 -12 -1840 -7570 -7850 -14937 3247 -25 10 -148
1534352345.1121879 631 529 560 707 536 701 -902 -1060 -8080 3623 -10947 -1594 -31 27 -147
1534352345.1748846 631 529 561 708 535 700 -1762 -1222 -8056 6821 -11960 -2678 -35 42 -143
1534352345.2530496 630 529 561 707 535 700 -2464 -3016 -7308 8504 -7829 -6126 -30 55 -142
1534352345.342054 631 529 561 708 535 700 -3522 -3158 -7034 3705 -5015 -2208 -18 68 -142
1534352345.411154 631 529 562 708 535 700 -2666 -3180 -7324 2583 -2578 -389 -10 77 -139
1534352345.4890397 631 529 561 708 535 700 -3330 -3298 -6972 4233 -4 -4893 -6 81 -139
1534352345.564965 631 529 562 708 535 700 -2320 -3798 -6820 9658 -3606 -5289 0 82 -140
1534352345.630664 631 529 561 708 535 700 -2976 -4916 -5950 2009 1964 -8774 9 85 -138
1534352345.7088563 630 529 561 708 535 701 -1946 -5120 -6202 -519 213 -1438 16 85 -139
1534352345.7715251 631 529 561 708 535 700 -2180 -4734 -6616 -1024 1094 -3460 22 87 -136
1534352345.8592794 631 529 561 708 535 701 -1774 -4476 -6722 1412 121 -3003 20 83 -135
1534352345.9271085 631 529 562 708 535 700 -1904 -4956 -6436 -1076 4304 -2851 22 84 -137
1534352346.00519 630 529 560 708 535 700 -1346 -4618 -6748 -2749 9559 989 24 82 -137
1534352346.0852938 631 529 562 708 535 700 -1098 -4494 -6728 -9102 15009 -1239 21 73 -142
1534352346.1481779 631 529 560 708 535 700 70 -2982 -6358 -7053 32767 181 16 61 -144
1534352346.2261155 631 529 562 708 535 700 6072 -2776 -6834 9348 21032 2867 7 30 -150
1534352346.2886534 631 529 562 708 535 700 4942 -4830 -6274 3399 5656 1778 6 -2 -148
1534352346.3754966 630 529 561 708 535 700 3610 -4722 -5658 -4059 6251 -1745 16 -14 -142
1534352346.4431539 631 529 562 709 535 700 4006 -4430 -4128 -7207 16650 -1725 15 -17 -143
1534352346.5258107 631 529 561 708 535 700 5698 -2388 -4478 -2667 23935 1055 9 -30 -137
1534352346.5973155 631 529 562 709 535 701 8640 -3796 -464 5994 8172 3245 4 -53 -121
1534352346.6618562 630 529 562 708 535 701 5744 -4300 -3302 4191 7845 3853 7 -67 -107
1534352346.739959 630 529 561 709 536 699 6732 -3870 -1256 5154 13975 -1628 12 -72 -103
1534352346.818351 630 529 561 708 535 700 7960 -3790 -1148 10786 12603 -78 18 -79 -89
1534352346.8789327 630 528 561 708 535 700 7232 -3378 634 9566 9050 -1541 18 -85 -77
1534352346.9570708 631 529 562 709 535 701 5910 -3256 1216 4366 8354 912 22 -92 -62
1534352347.029691 631 529 562 710 535 700 6642 -4756 2470 1409 4144 913 24 -93 -54
1534352347.101406 631 529 561 707 535 700 7134 -3620 1500 632 -1123 -977 26 -95 -45
1534352347.1626837 630 529 561 706 535 701 6800 -3704 2802 1621 2316 106 24 -94 -44
1534352347.240758 631 528 561 709 535 700 6672 -4188 2420 3366 3898 -849 26 -96 -42
1534352347.3116984 631 530 562 709 535 700 6210 -3722 2928 123 547 -828 26 -95 -38
1534352347.3804283 631 528 562 708 535 701 6208 -3686 2886 -936 3280 -52 24 -95 -40
1534352347.4429674 631 528 561 707 535 700 6536 -3774 2816 -88 1934 -23 24 -97 -39
1534352347.521023 631 528 561 708 535 700 6298 -3912 3104 -479 1432 -37 23 -96 -35
1534352347.5937407 631 529 561 707 535 700 6164 -3896 3142 -469 -520 -1145 22 -96 -35
1534352347.6616037 631 529 561 709 535 699 6260 -3882 3344 -1002 1071 -1553 23 -96 -33
1534352347.7399373 631 529 561 708 535 700 6068 -4748 3460 -6134 -384 -7884 23 -101 -33
1534352347.8021963 630 529 562 709 535 700 6496 -2906 2656 -12519 -5952 -8820 15 -96 -35
1534352347.8812768 630 529 561 708 535 701 6976 -2752 1122 -14405 -9231 -3392 4 -94 -41
1534352347.959436 630 529 562 711 535 701 7504 -2200 -442 -9144 -5664 -2450 -5 -92 -46
1534352348.0424201 631 529 561 707 535 700 7308 -2508 -468 -12963 -14988 -5409 -11 -91 -54
1534352348.1143906 630 529 562 710 535 701 7418 -1570 -3146 -13452 -15184 -3120 -18 -86 -63
1534352348.1924193 631 529 561 708 534 700 7172 -1014 -3034 -8698 -10010 -3591 -29 -77 -74
1534352348.2704918 630 529 561 707 535 700 6994 -844 -4466 -6174 -7677 -16 -35 -71 -80
1534352348.3448737 630 529 562 708 535 699 6898 -314 -4548 -2807 -7299 -83 -44 -66 -82
1534352348.4117537 631 529 561 708 535 700 6906 -146 -5672 -3498 -9463 -2413 -45 -64 -86
1534352348.4898431 631 529 561 709 535 700 6038 60 -5674 2098 -11058 -260 -49 -58 -91
1534352348.566782 631 529 561 709 535 700 5196 -270 -5872 8212 -20290 -11 -50 -50 -99
1534352348.6302142 631 529 561 708 535 700 2616 -1962 -7748 4534 -16573 838 -47 -37 -114
1534352348.7085924 631 529 562 711 536 700 2156 -548 -8192 -3047 -7138 -2020 -37 -22 -130
1534352348.7866852 631 529 561 709 535 701 1164 -442 -8380 -2393 -4587 2000 -43 -10 -129
1534352348.8645608 631 529 562 709 535 701 1100 828 -7938 1792 381 -3731 -44 -4 -130
1534352348.9271414 631 529 561 708 535 701 1576 -540 -8074 2021 -455 -2870 -46 0 -131
1534352349.0051897 630 528 562 707 534 700 1662 -544 -8190 -521 -1167 439 -47 4 -130
1534352349.0801773 631 529 561 709 535 700 1954 -372 -7820 1383 -245 -436 -49 6 -132
1534352349.1482077 631 529 561 707 535 700 1476 -776 -7906 -297 -909 -905 -48 7 -130
1534352349.210694 630 529 560 709 534 700 1080 -102 -8010 85 -380 -275 -49 8 -133
1534352349.286918 630 529 562 708 535 700 1500 12 -8378 772 308 1072 -47 7 -131
1534352349.3487535 631 529 561 707 535 700 1366 582 -8482 1356 2164 2322 -52 7 -131
1534352349.4112396 630 529 562 709 535 700 1912 -28 -8106 8457 811 475 -49 8 -132
1534352349.4896097 631 529 562 708 535 700 -10 -968 -7824 7739 -2696 -296 -44 6 -135
1534352349.5698893 631 529 561 708 535 701 1034 -1846 -8132 18441 23920 616 -35 8 -139
1534352349.6305544 631 529 562 709 535 700 3306 -3958 -5934 17047 32767 6289 -19 -7 -138
1534352349.708734 631 529 561 709 535 700 4668 -4358 -4810 15283 32760 -5070 2 -38 -129
1534352349.7867877 631 529 561 708 535 700 6752 -4456 1192 22044 18100 -14345 15 -68 -101
1534352349.8653476 631 529 561 708 535 700 7430 428 -1338 -3588 -3901 -10888 14 -85 -71
1534352349.9434836 631 529 561 708 534 701 7618 -2856 1296 6312 1431 -11087 -10 -86 -75
1534352350.0059407 630 529 561 708 535 700 7732 434 50 -9003 5520 -1391 -13 -86 -68
1534352350.0894413 631 529 561 708 535 700 13018 -2174 1454 2159 3395 -494 -22 -86 -63
1534352350.1623113 631 529 561 708 535 700 7338 -760 566 -13170 -4312 -601 -27 -91 -48
1534352350.2247615 629 529 561 708 535 700 6746 -2494 162 -10994 -3096 21404 -33 -88 -52
1534352350.3028681 631 529 561 708 535 701 7554 -3162 -564 -8004 -7228 -7149 -8 -93 -53
1534352350.3805733 631 529 561 708 535 700 7716 -2392 -1300 -1883 764 3043 -9 -90 -57
1534352350.4586813 630 529 561 708 535 700 8458 -3346 -294 -2382 -21507 7440 -12 -89 -62
1534352350.5337772 631 529 561 709 535 700 6762 -4426 -88 -5264 -16394 1279 -6 -86 -69
1534352350.6146913 631 529 561 709 535 700 4618 -3026 -5116 -12346 -30254 -14317 -6 -79 -85
1534352350.6772249 631 529 561 708 534 700 4016 -2552 -4538 -9835 -32768 -13924 -17 -61 -109
1534352350.770908 630 529 562 708 535 701 1852 2656 -5528 -10820 -19221 -12570 -34 -29 -131
1534352350.8458185 631 529 562 708 535 700 -484 592 -7614 -13348 -12811 3515 -59 2 -129
1534352350.9130428 631 529 561 708 535 700 492 4398 -9614 299 -1553 -8413 -60 22 -132
1534352350.9911482 630 529 561 708 534 700 4498 -1250 -6652 22933 1877 -6523 -70 29 -124
1534352351.069372 630 528 562 709 536 699 -446 -314 -8348 -158 -11040 -4823 -55 27 -138
1534352351.1472123 631 529 561 708 535 700 -128 -1378 -8428 -10100 -12800 -1686 -42 43 -141
1534352351.2096663 631 528 561 708 535 700 -544 292 -10078 2824 -7105 -1168 -47 57 -136
1534352351.2877066 631 528 561 708 535 700 -1406 532 -4604 12344 5775 18394 -49 66 -128
1534352351.3650699 630 529 560 708 535 700 -2202 -1772 -7986 3817 -98 -2884 -42 58 -132
1534352351.4431782 630 529 562 708 535 701 -2448 -2066 -8756 3768 2262 -1600 -38 61 -134
1534352351.5056994 631 529 562 708 535 700 -1214 -762 -7832 -861 11615 125 -34 63 -135
1534352351.5971851 630 529 563 709 535 700 -2436 -2084 -7788 5448 27815 -13403 -33 56 -137
1534352351.6621375 631 529 561 708 535 700 460 -2004 -6488 9629 19166 -5398 -26 40 -140
1534352351.7401943 631 529 561 708 535 700 5074 -3556 -8020 6860 8226 5671 -17 21 -144
1534352351.802597 631 529 561 708 535 700 3798 -3206 -6782 1090 -1077 693 -8 8 -145
1534352351.8837311 631 529 561 708 535 700 4060 -2676 -7340 -185 946 3930 -6 2 -146
1534352351.9591887 631 529 561 708 535 699 3844 -3838 -6342 -1460 -5729 7001 -5 5 -146
1534352352.0360122 631 529 562 709 535 700 2686 -3324 -5378 -26466 -18902 10140 -4 7 -147
1534352352.123472 630 529 561 709 535 701 -1854 1870 -9160 -11860 -7626 -1912 -20 17 -147
1534352352.1912904 631 528 561 708 535 700 -772 480 -7658 6460 7249 -631 -44 30 -138
1534352352.2581124 631 528 559 708 536 700 2452 24 -7134 17403 17236 -5300 -41 26 -138
1534352352.3328502 630 529 562 709 535 700 3936 -3638 -8502 16842 -1059 -633 -31 15 -141
1534352352.3943877 630 529 561 708 535 700 2922 -5468 -6822 3577 -3609 455 -8 12 -147
1534352352.472362 631 529 561 709 535 700 2458 -5392 -6706 -14271 -12637 9249 5 15 -148
1534352352.5553033 630 528 561 708 535 700 -1334 600 -7132 -22156 -7132 1098 -3 24 -147
1534352352.6310358 631 529 561 708 535 700 -162 3196 -6540 10539 18837 -3471 -31 34 -143
1534352352.693373 631 528 562 709 535 700 2720 -2432 -5926 32006 22202 -6371 -36 23 -138
1534352352.771481 630 529 562 709 535 700 7060 -10532 -6954 8937 -219 5659 -11 4 -142
1534352352.8663366 631 529 561 708 535 700 3840 -5534 -4480 -30983 -20622 8708 16 -10 -142
1534352352.9411392 630 529 562 708 535 700 -3154 4124 -7478 -17787 1896 3206 2 4 -145
1534352353.0059638 631 529 561 708 534 700 2696 1904 -6750 13354 14681 -2346 -33 19 -141
1534352353.0797653 631 529 561 708 535 701 3950 -2660 -5708 24920 14374 1407 -34 5 -136
1534352353.155563 631 529 561 708 534 700 7248 -7834 -7688 16522 -1644 4295 -11 -9 -138
1534352353.2333558 631 529 561 708 535 700 3436 -7802 -5668 -17199 -17528 3852 12 -15 -139
1534352353.307157 631 529 562 708 535 700 26 -1982 -5374 -32399 -10048 3599 15 -6 -142
1534352353.383957 631 529 562 708 535 700 -642 3636 -7338 -3187 15538 -3128 -17 12 -146
1534352353.4557588 630 529 561 708 534 700 4792 -750 -6372 15757 11457 5873 -38 8 -135
1534352353.5325544 631 529 561 708 535 700 3718 -4320 -7886 8412 -3971 -3120 -30 -9 -137
1534352353.6163292 631 529 561 708 535 700 4208 -4198 -6744 -6076 -200 1363 -13 -11 -142
1534352353.6791117 631 529 561 708 535 700 3244 -1496 -7298 -9779 -6850 955 -10 -9 -140
1534352353.7415967 631 529 561 708 534 699 1556 -780 -7362 393 -4020 -1298 -23 -6 -140
1534352353.8255627 631 529 561 708 535 700 2052 -2306 -7648 4113 472 442 -25 -1 -140
1534352353.8983648 631 529 561 708 535 700 2868 -2538 -7604 -78 -1106 -300 -22 1 -141
1534352353.9701388 631 529 561 708 535 701 2234 -2270 -7722 -735 -985 1871 -23 1 -141
1534352354.0457785 630 529 562 708 535 700 4424 -3430 -6902 -12853 -4276 3540 -22 4 -140
1534352354.1127589 631 529 561 708 534 700 364 506 -8080 128 3471 -4162 -30 5 -141
1534352354.1752443 630 529 561 708 534 700 242 444 -7604 6561 1918 -3135 -39 7 -136
1534352354.2533474 630 529 560 708 535 701 846 -1078 -6384 18501 21936 -2502 -36 7 -135
1534352354.34132 631 529 562 708 536 701 7152 -5334 -7336 11895 11451 -381 -21 -6 -139
1534352354.3956037 630 529 562 708 535 700 7518 -6936 -5182 -12326 -5543 875 -6 -24 -134
1534352354.47375 630 529 562 708 534 700 2472 664 -5326 -32768 -21083 2737 -4 -26 -134
1534352354.5575202 631 529 561 709 535 701 98 4494 -7988 -3445 7593 -634 -36 -10 -133
1534352354.6295438 631 529 562 709 535 701 3656 -352 -7194 15535 2746 692 -54 -6 -124
1534352354.7045004 631 529 562 708 535 701 2046 -1950 -8110 5889 2298 -896 -42 -11 -130
1534352354.7785347 630 528 561 708 534 701 4440 -2868 -7674 -731 -1022 798 -33 -12 -131
1534352354.8567715 630 528 561 708 534 700 3974 -1438 -7370 -7031 -7950 1424 -30 -13 -131
1534352354.9325688 630 529 562 708 535 700 1236 1144 -7532 -2527 -4639 -2102 -35 -10 -131
1534352355.0043771 631 529 561 708 535 701 2308 -1008 -8004 6752 1467 461 -42 -1 -130
1534352355.0891492 630 529 561 708 535 700 2794 -1402 -7548 4310 1607 -1172 -37 -3 -135
1534352355.1739247 630 529 561 708 534 700 310 134 -8212 9161 1872 -2141 -33 -3 -137
1534352355.2477245 631 529 560 707 534 700 4432 -3654 -6340 19950 21720 -3899 -28 -2 -136
1534352355.3045735 631 529 561 708 535 700 7252 -5182 -6984 -3053 -2174 1575 -10 -17 -134
1534352355.3783758 631 528 559 708 535 700 4298 -3102 -6756 -9644 -7476 1068 -6 -22 -135
1534352355.4531765 630 529 561 708 534 699 1374 -684 -7344 -6580 -5094 177 -14 -16 -135
1534352355.5259812 631 528 561 708 535 700 3798 -1704 -7250 -373 -656 1777 -24 -8 -136
1534352355.5957937 630 528 562 709 535 700 2220 -1524 -7720 304 801 -10 -24 -6 -134
1534352355.6685991 631 529 562 708 534 700 3202 -2016 -7396 -63 -1411 174 -26 -4 -139
1534352355.7298367 630 529 560 708 536 701 2638 -1670 -7500 816 226 49 -25 -5 -136
1534352355.8088129 631 529 561 708 535 700 2786 -1752 -7668 106 -694 168 -24 -5 -138
1534352355.8810163 631 528 561 708 535 700 3154 -1914 -7766 913 -385 -246 -24 -6 -136
1534352355.944022 630 529 561 708 534 700 2162 -1964 -7592 321 -932 -102 -25 -4 -137
1534352356.0255775 630 528 562 708 535 701 2576 -2052 -7666 131 1347 -442 -24 -2 -138
1534352356.0947573 631 529 562 708 535 700 3032 -1802 -7238 -139 2098 -978 -24 -2 -138
