1534184525.0113904 643 563 604 687 589 686 -5062 6594 218 254 111 77 -89 32 -5
1534184525.0623627 643 563 604 687 589 687 -5108 6634 240 287 163 3 -88 31 -2
1534184525.1381998 643 563 604 687 589 687 -5028 6656 252 260 191 147 -91 32 -1
1534184525.2050858 643 562 604 687 589 686 -5110 6602 344 203 131 -2 -91 30 -4
1534184525.264427 643 563 604 687 589 687 -5030 6614 264 230 197 126 -90 32 -2
1534184525.3371859 643 562 604 687 589 686 -5070 6576 300 247 94 -89 -90 32 -1
1534184525.388202 643 562 604 688 589 687 -5074 6594 272 197 88 35 -89 31 -2
1534184525.4667904 644 563 604 688 589 687 -5016 6616 298 225 47 -41 -91 33 -3
1534184525.5205076 644 563 604 687 589 687 -5044 6578 264 271 94 96 -90 32 -2
1534184525.59648 644 563 604 688 589 687 -5064 6598 304 156 85 -101 -88 31 -4
1534184525.6840346 643 563 604 688 589 686 -5074 6582 232 276 86 21 -89 32 -3
1534184525.7465208 643 562 604 687 589 687 -5058 6584 328 238 40 -59 -89 30 -2
1534184525.8090057 643 563 604 687 589 687 -5094 6590 250 236 131 115 -90 31 -2
1534184525.8689167 643 562 604 688 589 686 -5014 6604 274 197 75 -64 -90 31 -1
1534184525.919742 643 563 604 688 589 687 -5092 6600 354 270 103 52 -91 29 -3
1534184525.9851809 643 563 604 688 589 687 -5080 6586 302 289 78 -3 -89 31 -4
1534184526.0500078 643 563 604 688 589 687 -5058 6546 316 259 161 63 -90 30 -2
1534184526.1032803 643 562 604 688 589 687 -5034 6592 220 228 110 11 -92 34 -4
1534184526.1657667 643 563 604 688 589 687 -5120 6548 388 302 183 64 -89 33 -3
1534184526.2376914 643 563 604 688 589 687 -5076 6616 240 292 104 66 -91 32 -1
1534184526.3187919 643 563 604 688 589 686 -5126 6562 262 258 230 114 -90 31 -2
1534184526.3816237 643 563 604 687 589 686 -5028 6614 254 216 218 108 -91 30 -3
1534184526.4426093 643 563 603 687 589 686 -5130 6620 202 307 145 117 -88 33 -3
1534184526.504565 643 562 604 687 589 686 -5024 6652 308 55 163 11 -89 31 -2
1534184526.5670512 643 563 604 688 589 687 -5070 6632 202 311 57 6 -90 30 -3
1534184526.6339598 643 563 604 688 589 687 -5126 6614 268 243 118 20 -89 31 -4
1534184526.6856587 643 563 605 687 589 687 -4992 6604 224 341 93 76 -89 28 -2
1534184526.7481728 643 563 604 687 589 687 -5102 6564 266 143 37 -51 -89 31 -4
1534184526.8262506 643 562 604 687 589 687 -5028 6630 256 356 170 155 -89 30 -3
1534184526.8949306 643 562 604 687 589 686 -5086 6584 270 174 122 -64 -91 31 -3
1534184526.9628453 643 563 604 687 589 687 -5048 6594 300 297 181 127 -89 31 -4
1534184527.0209942 643 562 604 688 589 687 -5088 6594 246 279 168 85 -91 30 -3
1534184527.0834806 643 562 604 688 589 686 -5072 6596 218 228 277 161 -90 32 -2
1534184527.1459656 643 563 604 687 589 687 -5040 6622 272 257 297 213 -89 31 -2
1534184527.20845 643 562 604 687 589 686 -5010 6632 240 255 148 96 -91 30 -3
1534184527.2865582 643 562 604 687 589 686 -5084 6594 222 246 -11 12 -89 32 -2
1534184527.3540456 643 562 604 688 589 687 -5060 6598 222 237 115 -25 -91 33 -3
1534184527.4045675 643 562 604 687 589 687 -5050 6626 254 302 108 92 -89 34 -3
1534184527.4844875 643 563 604 688 589 687 -5032 6578 304 197 117 52 -91 32 -3
1534184527.5504248 643 563 604 688 589 687 -5058 6636 196 287 131 201 -90 31 -3
1534184527.6200416 643 562 604 688 589 687 -5048 6628 212 266 87 -65 -91 33 -4
1534184527.6766949 643 562 604 688 589 687 -5032 6626 240 227 82 18 -90 31 -2
1534184527.7278368 644 562 604 688 589 686 -5056 6596 208 379 25 24 -90 31 -3
1534184527.8060744 643 563 604 687 589 686 -5010 6628 170 175 217 -20 -90 31 -3
1534184527.87115 643 563 604 687 589 686 -5038 6630 260 232 122 17 -89 32 -3
1534184527.9336352 643 562 604 687 589 687 -5066 6594 228 283 54 25 -89 30 -6
1534184527.988012 643 563 604 688 589 687 -5036 6582 212 229 64 -48 -91 31 -4
1534184528.066276 643 563 604 688 589 687 -5064 6612 254 281 156 44 -91 32 -3
1534184528.1223445 643 563 604 688 589 687 -5082 6640 300 217 157 58 -92 31 -3
1534184528.1848288 643 562 604 688 589 687 -5058 6612 232 234 96 41 -90 34 -3
1534184528.247322 643 562 604 688 589 687 -5086 6600 290 223 158 -2 -91 30 -4
1534184528.3254223 643 562 604 688 589 686 -2326 5342 1020 242 -428 -291 -89 32 -4
1534184528.3984807 643 562 604 688 589 686 -4948 6144 594 469 1077 1422 -90 33 -3
1534184528.4514384 643 563 604 688 589 686 -4728 6782 -88 1782 1697 103 -89 31 -2
1534184528.5215826 643 563 604 688 589 686 -5196 6314 -86 999 -2733 724 -89 27 -5
1534184528.603602 644 563 605 688 590 687 -5420 6272 112 -1394 771 4146 -91 32 -5
1534184528.6701825 645 563 605 690 591 686 -5772 6274 -498 826 3508 -244 -91 31 -5
1534184528.7326682 645 563 605 691 591 687 -4650 6880 -144 -1998 -731 -6778 -91 30 -4
1534184528.8107755 646 564 606 692 592 687 -5148 7138 922 -334 742 126 -89 30 -3
1534184528.880255 647 564 605 692 592 687 -4678 6986 416 1455 1969 -282 -88 30 0
1534184528.9489362 646 564 605 693 592 687 -4872 6868 -200 814 519 4243 -90 31 0
1534184529.0202425 645 563 605 692 592 687 -5020 6908 -216 -1078 -3091 -3299 -90 28 -2
1534184529.0932915 645 563 606 690 591 687 -5836 6006 1230 -3085 -3868 -1884 -88 29 -3
1534184529.154027 644 563 605 689 590 687 -5348 6308 812 -33 -5102 -6581 -88 31 -1
1534184529.2321334 643 563 605 688 590 686 -5218 6880 676 1874 1939 -1275 -89 30 3
1534184529.2948022 643 563 605 688 590 687 -5600 6248 826 -128 169 -2030 -87 36 -1
1534184529.370439 644 563 605 688 590 687 -5914 5728 1078 486 161 -869 -89 38 -1
1534184529.4337337 643 563 605 688 590 686 -5564 6066 790 325 1122 653 -90 39 0
1534184529.5012236 644 563 605 688 590 687 -5698 6054 802 280 432 25 -88 38 -2
1534184529.5523927 644 563 605 688 590 687 -5734 6040 850 497 566 171 -90 40 0
1534184529.6377194 644 563 605 688 589 686 -5632 5942 430 956 -518 -258 -88 38 -2
1534184529.7002528 644 563 605 688 589 687 -5542 5866 818 636 187 120 -89 42 -3
1534184529.7628365 644 563 605 688 590 687 -5912 6162 404 525 -338 -1907 -88 38 0
1534184529.8367147 644 563 604 688 589 687 -5820 5874 610 290 -1411 -122 -90 40 0
1534184529.9018476 643 563 604 688 589 687 -4790 5224 618 3485 -3435 -1427 -90 44 -2
1534184529.9742682 643 563 604 688 589 687 -6062 6016 504 876 752 622 -89 43 -4
1534184530.0360427 644 563 604 687 589 687 -5656 5816 838 149 425 1425 -91 41 -5
1534184530.1115904 644 563 604 687 589 687 -5722 6084 680 -1107 2195 1810 -91 41 -6
1534184530.1690285 643 563 604 687 589 687 -6010 5780 1114 174 -2360 319 -89 39 -4
1534184530.2470062 644 563 604 687 589 687 -5458 6174 480 1083 688 1208 -89 43 -5
1534184530.3243937 643 563 604 687 589 687 -5376 6282 658 941 -204 -2186 -93 40 -4
1534184530.371537 643 563 604 687 589 687 -6362 5382 654 5381 483 -4649 -92 40 -5
1534184530.4546554 644 563 604 687 589 687 -6078 5744 260 3189 1584 541 -92 43 -10
1534184530.518923 644 563 604 687 589 687 -6028 6046 -340 2173 1068 3341 -94 46 -13
1534184530.5945368 643 563 604 687 589 687 -5856 5914 -184 785 951 460 -93 42 -15
1534184530.653182 643 562 604 687 589 687 -5820 5944 -92 92 1671 502 -94 43 -16
1534184530.731289 643 563 604 687 589 687 -5774 6026 -228 168 2200 531 -95 42 -15
1534184530.7937734 643 563 604 687 589 687 -5720 6016 -494 -127 1782 648 -94 43 -20
1534184530.8700979 644 562 604 688 589 687 -5706 6076 -436 306 1080 892 -93 43 -16
1534184530.934606 644 563 604 687 589 688 -5612 6140 -544 49 746 345 -95 43 -19
1534184531.003526 644 563 604 687 589 687 -5610 6158 -516 118 416 38 -94 40 -19
1534184531.0698035 644 563 604 687 589 687 -5652 6082 -510 285 253 224 -93 41 -19
1534184531.1382823 643 563 605 687 589 687 -5656 6126 -512 185 360 186 -94 40 -18
1534184531.2007682 643 563 604 687 589 687 -5654 6004 -192 44 1328 1469 -95 40 -18
1534184531.2790666 644 563 605 687 589 687 -5576 6024 -512 -156 1755 1453 -93 41 -17
1534184531.3517544 644 563 605 688 590 687 -5544 6400 -616 -6 -351 -1685 -92 41 -18
1534184531.4033446 644 563 605 688 590 688 -5844 6376 184 58 -262 787 -93 41 -17
1534184531.4920864 645 563 605 689 591 688 -6046 6076 -132 -1927 -3248 4833 -93 42 -13
1534184531.5510433 645 564 605 690 591 688 -5890 6106 -436 560 -2597 1821 -92 38 -15
1534184531.620022 646 564 606 692 592 689 -5706 6178 -830 733 519 2527 -94 36 -12
1534184531.6981294 647 564 606 692 592 689 -6240 5544 -468 1255 772 5426 -94 36 -16
1534184531.7606134 648 565 606 692 592 689 -5230 6152 -264 -626 -1699 1810 -95 36 -16
1534184531.8453577 647 565 606 692 592 689 -4016 7492 -590 1912 1913 5745 -94 30 -16
1534184531.9204662 646 564 606 690 592 688 -4228 7208 -1038 -1170 -1193 -2639 -95 24 -17
1534184531.9877467 645 563 605 689 590 688 -5176 6104 -56 2087 -3363 -4657 -94 22 -17
1534184532.0601628 644 563 605 688 590 688 -4466 6532 -60 -1108 -3933 -3596 -94 29 -20
1534184532.1362083 644 563 605 688 590 688 -5210 6352 42 -1057 2280 -92 -95 33 -17
1534184532.2013047 644 563 605 688 590 688 -5722 6056 302 -119 -131 -873 -93 33 -16
1534184532.2637901 644 563 605 688 590 687 -5298 6348 54 563 3509 3176 -93 34 -15
1534184532.3448768 644 563 605 688 590 687 -5162 6494 -152 394 1134 1032 -95 31 -15
1534184532.403214 644 563 605 688 589 687 -4890 6786 -298 404 1093 967 -93 31 -15
1534184532.4841638 644 563 605 688 590 688 -5246 6386 -300 -192 1467 -280 -93 31 -15
1534184532.5505693 645 563 605 688 590 688 -5538 6154 86 1118 1408 827 -94 32 -15
1534184532.6216786 645 563 605 688 590 688 -5334 6440 -224 957 1467 817 -94 32 -14
1534184532.6841655 644 563 605 688 589 687 -4918 6720 -610 699 524 565 -94 31 -13
1534184532.7466516 644 563 605 688 590 687 -5024 6664 -500 214 -133 -499 -93 31 -17
1534184532.827143 644 563 605 688 589 687 -5212 6504 -346 360 1046 550 -95 31 -17
1534184532.8878717 644 563 605 688 589 687 -4992 6690 -644 428 488 284 -94 32 -18
1534184532.9656394 644 563 605 688 589 687 -5002 6592 -548 276 94 -300 -93 30 -17
1534184533.021348 644 563 605 688 589 687 -5142 6540 -410 433 601 358 -93 30 -16
1534184533.1010997 644 563 605 688 590 687 -4940 6690 -594 404 905 404 -96 31 -18
1534184533.1537814 644 563 605 688 589 687 -5030 6630 -602 323 415 58 -93 31 -16
1534184533.2318897 644 563 605 688 589 687 -4998 6634 -592 258 119 71 -96 29 -18
1534184533.2943754 644 563 605 688 590 688 -5050 6610 -590 341 360 127 -95 32 -19
1534184533.3714046 644 563 605 688 589 687 -4954 6644 -696 322 411 177 -94 28 -19
1534184533.4382396 644 563 605 688 589 687 -5006 6642 -786 357 284 108 -96 32 -16
1534184533.503659 644 563 605 688 590 687 -4988 6660 -652 329 356 89 -92 31 -17
1534184533.5753849 644 563 605 687 589 687 -4972 6638 -756 348 370 223 -96 32 -18
1534184533.638036 644 563 605 688 589 687 -4966 6686 -750 205 179 41 -95 31 -18
1534184533.7006562 644 563 605 688 589 687 -4972 6646 -720 344 76 51 -95 29 -17
1534184533.7630062 644 563 605 688 589 687 -4944 6598 -772 272 227 39 -95 28 -18
1534184533.8433545 644 563 605 687 589 687 -4942 6690 -804 304 285 172 -92 31 -19
1534184533.9039721 644 563 605 688 589 687 -4938 6682 -740 172 194 34 -94 31 -20
1534184533.9780653 644 563 605 688 590 686 -4918 6688 -748 258 254 134 -93 28 -17
1534184534.0458899 644 563 605 688 589 688 -4950 6680 -740 240 138 49 -95 31 -19
1534184534.1116905 644 563 605 687 589 687 -4944 6678 -808 255 177 9 -94 32 -18
1534184534.1682913 644 563 605 687 589 687 -4958 6648 -758 235 87 21 -95 30 -18
1534184534.2466488 644 563 605 687 589 687 -4980 6752 -820 -27 -67 -305 -94 29 -16
1534184534.317578 644 563 604 687 589 687 -4396 7230 -954 -131 346 -2357 -95 32 -18
1534184534.3862255 644 563 605 688 589 687 -5368 6436 -516 -189 -512 -659 -94 30 -18
1534184534.4599936 644 563 605 688 590 687 -4774 6954 -1204 -764 -972 189 -95 30 -19
1534184534.5206363 644 563 605 689 590 687 -4414 6942 -524 727 -1762 -956 -95 28 -17
1534184534.6017122 645 564 606 691 591 688 -4666 6852 -208 -281 -935 772 -98 25 -17
1534184534.6681776 646 564 606 692 592 689 -4928 6596 -560 -686 1641 3186 -94 28 -17
1534184534.7306075 647 564 606 692 592 688 -4540 6794 -1052 -447 2454 6951 -96 25 -14
1534184534.8166645 647 564 606 692 592 688 -4750 6756 -916 -738 -672 2153 -92 22 -14
1534184534.8856719 647 564 606 691 592 688 -4242 7334 -888 -2418 -3829 -4279 -92 20 -11
1534184534.961865 646 563 606 690 591 688 -4942 7208 308 -263 -680 -2110 -93 21 -14
1534184535.0247118 644 563 605 689 590 687 -4848 6570 -122 27 -4459 -2178 -93 25 -11
1534184535.1044104 645 563 605 688 590 687 -3526 6118 -20 2176 5869 1162 -95 26 -11
1534184535.1683028 644 563 605 688 590 688 -4036 7184 -1002 2172 2680 427 -93 24 -14
1534184535.230985 644 563 605 688 590 687 -4834 6906 -720 1103 2135 -11 -96 24 -15
1534184535.310399 644 563 605 688 590 688 -4810 6910 -806 1094 40 -33 -94 25 -17
1534184535.371114 644 563 605 688 590 687 -4456 7018 -986 383 140 -442 -96 28 -18
1534184535.4499545 644 563 605 688 590 688 -4640 6902 -856 170 -664 -1104 -95 26 -18
1534184535.519379 644 563 605 688 590 687 -4796 6766 -700 176 -49 -475 -95 25 -17
1534184535.590425 644 563 605 688 589 687 -4726 6814 -756 125 293 -24 -93 26 -18
1534184535.65359 644 563 605 688 590 686 -4710 6814 -826 216 74 -208 -94 29 -18
1534184535.715853 644 563 605 688 590 687 -4774 6784 -764 194 -6 -182 -94 28 -17
1534184535.7939596 644 563 605 688 590 687 -4788 6750 -766 242 155 -77 -94 29 -17
1534184535.8658788 644 563 605 688 589 687 -4786 6812 -768 254 141 -23 -96 27 -16
1534184535.9191687 644 563 604 688 589 687 -4786 6782 -778 320 334 95 -95 27 -18
1534184535.9988275 644 563 605 688 589 687 -4762 6794 -656 219 -98 -256 -93 27 -18
1534184536.0685441 644 563 605 688 589 687 -4838 6754 -788 144 -61 -316 -96 28 -17
1534184536.1355746 644 563 605 687 589 687 -4842 6736 -770 302 11 -84 -94 29 -18
1534184536.1980102 644 563 605 687 589 687 -4808 6730 -808 353 79 -14 -96 29 -16
1534184536.2607539 644 563 605 688 589 687 -4854 6734 -772 135 52 -130 -97 28 -16
1534184536.3376768 644 563 605 688 589 687 -4798 6776 -746 294 142 83 -96 28 -17
1534184536.4030457 644 563 605 688 589 687 -4820 6758 -786 242 99 18 -94 26 -16
1534184536.470323 644 563 606 688 589 687 -4844 6718 -720 239 127 -4 -93 29 -16
1534184536.5370457 644 563 605 688 590 688 -4860 6730 -704 269 53 -70 -95 29 -19
1534184536.605696 644 563 605 688 590 687 -4880 6720 -764 185 240 129 -95 27 -15
1534184536.668751 644 563 605 687 590 687 -4806 6794 -822 250 69 -31 -95 29 -16
1534184536.731496 644 563 605 688 589 688 -4920 6724 -652 289 167 59 -94 28 -19
1534184536.7939703 644 563 605 688 589 688 -4788 6752 -754 251 34 -25 -94 29 -16
1534184536.8711314 643 563 605 688 589 687 -4880 6690 -736 294 89 -42 -93 29 -17
1534184536.9337482 644 562 605 687 589 687 -4852 6742 -848 224 88 0 -95 28 -16
1534184537.0035834 644 563 605 688 589 688 -4854 6746 -726 262 90 -45 -96 30 -17
1534184537.0660694 644 563 605 688 589 687 -4858 6720 -618 220 226 104 -96 28 -16
1534184537.1287048 644 563 604 688 589 687 -4854 6726 -846 387 205 242 -94 29 -17
1534184537.2066603 644 563 605 687 590 687 -4858 6714 -722 132 238 122 -94 31 -17
1534184537.2691693 643 563 605 687 589 687 -4802 6754 -812 234 193 68 -94 28 -19
1534184537.3424828 643 563 605 688 589 687 -4826 6764 -782 221 143 1 -95 28 -18
1534184537.4030976 643 563 605 687 589 687 -4678 6756 -798 293 -9 -117 -94 31 -17
1534184537.4796321 644 563 605 688 589 687 -4688 6678 -826 270 713 -157 -94 28 -17
1534184537.550747 644 563 604 688 590 687 -4662 6864 -734 387 -243 -1023 -95 28 -17
1534184537.622207 644 563 605 688 590 687 -4626 6850 -1088 494 -1252 -695 -95 28 -16
1534184537.684754 644 563 605 689 590 687 -4822 6820 -386 700 -500 -790 -95 27 -16
1534184537.7627978 645 563 605 690 591 688 -4864 6998 -982 3461 1911 1116 -96 27 -16
1534184537.8358772 645 563 606 690 591 687 -4328 7172 -914 843 1406 1825 -96 27 -20
1534184537.9013133 645 564 606 691 592 688 -4918 6772 -1224 598 1079 6557 -94 25 -20
1534184537.978781 646 564 606 691 592 688 -4224 7318 -1554 1001 -550 4457 -94 23 -21
1534184538.0509453 646 564 606 691 592 688 -4336 7118 -1258 1603 -570 1103 -94 17 -21
1534184538.12054 647 564 606 691 592 688 -4164 7160 -1446 82 -1386 -401 -95 18 -22
1534184538.183285 646 563 606 691 592 688 -4648 7092 -788 838 835 2722 -93 18 -23
1534184538.2613773 645 563 605 690 591 688 -4150 7472 -1750 -1524 436 -2688 -92 15 -23
1534184538.3395581 645 563 606 689 591 688 -4784 6778 -958 -2604 -2910 -3487 -95 15 -22
1534184538.4034784 644 563 605 689 590 687 -3972 7062 -540 -959 -468 -395 -95 22 -20
1534184538.4815707 644 563 605 688 590 687 -4106 7100 -772 274 1548 -1644 -95 22 -18
1534184538.5516772 644 563 605 688 590 687 -4920 6734 -624 -172 1838 -738 -97 23 -18
1534184538.6325305 644 563 605 688 590 688 -4744 6652 -628 1305 290 338 -94 25 -17
1534184538.6858163 644 563 605 688 590 687 -4568 6928 -946 736 191 185 -93 26 -17
1534184538.748517 644 563 605 688 590 687 -4672 6890 -958 329 118 -167 -96 23 -17
1534184538.8264077 644 563 604 688 590 687 -4688 6860 -868 428 231 167 -94 24 -19
1534184538.8878615 643 563 605 688 590 687 -4622 6900 -922 190 226 137 -94 24 -21
1534184538.9633694 644 563 605 688 590 687 -4594 6870 -958 325 175 114 -96 25 -20
1534184539.0213714 644 563 605 688 590 687 -4606 6886 -900 188 128 -10 -94 24 -19
1534184539.098501 643 563 605 688 590 687 -4606 6860 -874 264 75 -71 -95 24 -21
1534184539.1538913 644 563 605 688 590 687 -4658 6846 -1008 193 106 -91 -96 26 -20
1534184539.231999 644 563 605 688 590 687 -4620 6862 -916 290 98 -40 -96 23 -19
1534184539.294483 644 563 605 688 590 687 -4664 6870 -908 417 181 168 -93 26 -18
1534184539.371204 644 563 605 688 590 687 -4602 6858 -922 296 213 165 -95 25 -18
1534184539.4381022 644 563 605 688 590 687 -4636 6870 -1012 233 150 24 -97 24 -17
1534184539.5039074 644 563 605 688 590 687 -4626 6896 -908 220 88 89 -97 25 -18
1534184539.5691473 644 563 605 688 589 688 -4570 6906 -930 132 -2 -81 -95 25 -18
1534184539.6365025 644 563 605 687 590 688 -4646 6818 -888 253 220 94 -95 28 -20
1534184539.698986 644 562 605 688 590 687 -4610 6896 -938 232 217 118 -96 26 -18
1534184539.7614713 643 563 605 688 589 687 -4614 6898 -898 229 147 33 -95 24 -21
1534184539.8414428 644 563 605 688 589 687 -4608 6900 -924 272 200 86 -95 26 -17
1534184539.9031665 643 562 605 688 589 686 -4594 6892 -932 213 197 125 -94 26 -18
1534184539.9779775 644 563 604 688 589 687 -4606 6872 -920 233 152 49 -94 25 -20
1534184540.035009 644 563 605 688 590 687 -4578 6900 -964 209 169 51 -94 25 -21
1534184540.1090693 643 563 604 688 589 687 -4610 6896 -946 296 44 -9 -98 27 -19
1534184540.1679966 643 563 605 688 589 687 -4594 6832 -944 244 78 12 -95 23 -20
1534184540.2303977 644 563 605 687 589 687 -4638 6886 -986 265 155 82 -96 26 -18
1534184540.308508 644 562 604 687 589 686 -4594 6882 -978 286 165 128 -96 25 -18
1534184540.3710887 644 563 604 688 589 686 -4628 6892 -998 174 175 54 -94 27 -19
1534184540.4459763 644 563 604 687 589 686 -4586 6912 -940 288 165 115 -96 27 -20
1534184540.5047996 643 563 604 687 589 687 -4618 6866 -1010 270 152 50 -96 24 -20
1534184540.5830026 643 562 604 687 589 687 -4076 6734 -902 -7 -321 -535 -92 24 -20
1534184540.6690867 643 563 605 688 589 687 -4692 6578 -700 139 852 477 -96 23 -21
1534184540.716064 643 563 605 687 590 687 -4472 6772 -898 -1140 1278 941 -94 25 -18
1534184540.7785892 643 563 605 688 590 687 -4364 6798 -1068 -1148 90 200 -97 25 -18
1534184540.8639984 644 563 605 688 590 687 -4728 6504 -1268 -653 533 1389 -96 22 -17
1534184540.9351091 645 563 605 689 591 687 -4674 6684 -556 -118 3410 -175 -94 26 -16
1534184541.005368 646 563 606 690 591 688 -4640 6682 -896 -2521 839 1586 -94 23 -15
1534184541.0678544 646 564 606 691 592 688 -4710 6422 -156 -1420 613 -402 -92 27 -14
1534184541.1366673 646 564 606 691 592 688 -4690 6866 -400 -370 -529 -1581 -93 25 -12
1534184541.2147722 647 564 606 691 592 687 -4768 6150 140 -1006 -396 -1933 -93 26 -9
1534184541.277258 647 564 607 691 592 688 -3942 7654 -1102 788 -200 912 -92 27 -10
1534184541.3715246 646 564 606 691 592 688 -4332 7366 -548 1040 1602 846 -92 26 -11
1534184541.43401 646 563 606 689 591 688 -4988 6416 -366 395 -2633 -3080 -91 24 -10
1534184541.505067 644 563 605 688 590 687 -4720 6570 -700 2988 -880 -1013 -93 28 -9
1534184541.5675514 644 563 606 688 590 688 -4212 6698 -680 1507 -647 225 -94 29 -15
1534184541.6383283 644 563 606 688 590 688 -4860 6698 -706 66 -24 -1466 -95 31 -18
1534184541.7008123 644 563 606 688 590 687 -5306 6440 -416 -104 424 -527 -95 27 -14
1534184541.7790253 643 563 605 688 590 687 -4884 6706 -776 722 726 1026 -94 31 -18
1534184541.8514385 644 563 605 688 590 688 -4882 6730 -826 399 262 324 -95 29 -17
1534184541.9184134 644 563 605 688 590 687 -4916 6670 -796 252 324 218 -94 29 -16
1534184541.9880602 644 563 605 688 590 687 -4930 6678 -774 375 378 368 -94 28 -18
1534184542.0519753 644 563 605 688 590 687 -4882 6706 -782 358 290 285 -95 29 -18
1534184542.1207044 644 563 605 688 590 688 -4906 6750 -838 431 328 226 -95 28 -15
1534184542.183191 644 563 605 688 590 688 -4812 6790 -788 440 120 171 -95 28 -16
1534184542.2456765 644 563 605 687 590 687 -4866 6742 -884 149 148 -45 -95 29 -19
1534184542.3251219 644 563 605 688 590 687 -4856 6752 -872 328 171 59 -95 28 -18
1534184542.3878 644 563 606 688 589 687 -4862 6706 -922 130 160 11 -94 28 -20
1534184542.4625099 643 563 605 687 590 687 -4812 6744 -820 314 205 216 -94 27 -17
1534184542.5256348 644 563 605 688 589 687 -4828 6714 -852 179 137 -5 -95 28 -17
1534184542.5972366 643 563 605 688 590 687 -4834 6702 -796 246 149 -59 -97 29 -18
1534184542.6517453 643 563 605 688 589 686 -4838 6704 -836 206 227 38 -93 29 -19
1534184542.7298505 643 563 605 688 589 687 -4828 6766 -852 253 155 81 -95 28 -18
1534184542.7923882 644 562 605 688 590 686 -4796 6760 -868 204 111 98 -96 29 -17
1534184542.8544703 644 563 605 688 589 687 -4836 6738 -808 324 144 58 -97 29 -19
1534184542.9329505 643 563 605 688 590 687 -4836 6744 -838 367 183 100 -95 28 -17
1534184542.9879515 644 563 606 688 590 687 -4830 6726 -888 191 87 -40 -96 31 -16
1534184543.0660598 644 563 606 687 590 687 -4808 6760 -968 302 247 221 -96 29 -18
1534184543.1356964 643 563 605 687 589 687 -4782 6790 -844 232 130 61 -94 28 -18
1534184543.2004106 644 563 605 688 590 687 -4830 6768 -830 365 151 142 -96 30 -17
1534184543.2628114 644 563 605 688 589 687 -4794 6740 -914 262 183 44 -97 26 -19
1534184543.33703 644 563 605 688 589 688 -4788 6800 -916 254 181 7 -93 31 -18
1534184543.403553 643 563 606 688 589 687 -4804 6732 -844 274 309 172 -96 29 -18
1534184543.4730265 644 563 605 688 589 687 -4770 6784 -916 425 213 111 -93 29 -20
1534184543.536417 643 563 605 688 589 687 -4786 6794 -958 457 139 72 -94 28 -19
1534184543.6059327 643 563 605 688 589 687 -4704 6770 -964 400 1 106 -96 27 -20
1534184543.6694815 644 563 605 688 589 686 -4736 6650 -792 228 423 334 -97 28 -18
1534184543.7319655 643 563 605 688 589 687 -4698 6782 -1110 -58 245 -714 -95 28 -20
1534184543.8123178 643 563 605 688 589 687 -4768 6914 -740 -344 1121 263 -95 27 -20
1534184543.871034 644 562 605 688 590 687 -4700 6658 -1018 -344 980 879 -95 31 -19
1534184543.953806 644 563 605 688 590 686 -4514 7050 -892 -748 -757 -1623 -95 27 -18
1534184544.019034 644 563 606 688 590 686 -4718 6876 -840 837 -646 -640 -94 28 -17
1534184544.1032414 645 563 605 689 590 687 -4924 6384 -964 372 -57 3711 -93 28 -18
1534184544.1677353 645 563 605 690 591 687 -4690 6684 -824 2212 3902 4357 -92 28 -17
1534184544.2302084 645 563 606 690 591 687 -4622 6970 -1188 1422 3070 3266 -95 26 -15
1534184544.3083167 646 564 606 690 591 688 -3664 7644 -1332 1036 924 -1747 -94 22 -17
1534184544.3795357 646 564 606 690 591 688 -4084 7286 -1310 779 -279 9 -95 19 -17
1534184544.4344757 645 563 606 690 591 688 -4352 7102 -872 380 983 -933 -94 21 -19
1534184544.5046217 646 563 606 691 591 688 -4282 7024 -1060 261 23 -129 -93 22 -19
1534184544.5901484 645 564 606 691 591 688 -4380 6880 -1322 -539 -711 241 -92 24 -19
1534184544.6538348 646 563 606 690 591 688 -4688 7014 -1246 -710 -825 -2490 -96 21 -17
1534184544.7319412 644 563 605 688 590 687 -5456 6532 -714 1423 646 -91 -96 22 -17
1534184544.7944279 644 563 604 688 590 688 -4070 7102 -650 -336 -2451 1216 -95 25 -17
1534184544.870666 644 563 605 688 590 687 -3888 7334 -1264 -485 235 -1486 -94 26 -18
1534184544.9497957 644 563 606 688 590 687 -4932 6700 -988 -1217 -766 -3695 -96 25 -18
1534184545.019064 644 563 605 688 590 686 -5236 6418 -598 -181 130 -830 -94 29 -18
1534184545.0816972 644 563 605 688 590 687 -4926 6676 -836 919 520 883 -93 32 -15
1534184545.1441581 644 563 605 688 590 688 -4696 6802 -974 394 231 215 -94 31 -14
1534184545.2221272 644 563 605 688 590 687 -4904 6668 -872 132 15 -396 -98 30 -19
1534184545.2846136 644 563 605 688 590 688 -4904 6698 -832 345 215 153 -94 32 -18
1534184545.3549314 644 563 605 688 590 687 -4824 6720 -894 241 130 25 -95 30 -18
1534184545.417411 644 563 605 688 589 687 -4932 6724 -876 207 226 22 -94 31 -17
1534184545.4967656 644 562 605 688 590 687 -4906 6706 -780 391 514 469 -94 31 -19
1534184545.551717 644 563 605 688 590 687 -4774 6752 -912 -13 487 40 -94 31 -17
1534184545.635476 643 563 605 687 590 687 -4946 6668 -898 -704 -3510 -1297 -94 30 -19
1534184545.7002842 644 563 605 688 590 687 -4986 6490 -622 -1110 52 -87 -92 30 -17
1534184545.762577 644 563 605 687 590 687 -4912 6498 -638 -639 -287 -648 -94 33 -18
1534184545.848259 644 563 604 688 590 687 -4920 6870 -456 -1123 2176 -975 -95 31 -13
1534184545.919425 645 562 603 688 589 687 -5474 5394 -958 215 3043 -1632 -92 33 -12
1534184545.9926574 645 562 604 688 589 687 -5082 6548 -846 2462 -2709 -2858 -95 36 -15
1534184546.0515506 644 563 604 688 589 687 -5494 5858 -352 -148 -4126 -803 -96 38 -18
1534184546.134809 644 563 604 688 589 686 -5174 6388 -514 -866 268 3705 -95 41 -17
1534184546.200386 643 563 604 687 589 687 -4884 6282 40 126 -181 589 -95 40 -13
1534184546.2628713 643 563 604 687 589 687 -5278 6686 -384 167 2373 2148 -95 37 -15
1534184546.343094 643 563 604 687 589 687 -4666 6024 -736 2517 3336 3555 -96 37 -14
1534184546.402455 644 563 604 687 589 687 -5228 6548 -380 -852 1808 1499 -94 37 -14
1534184546.486654 644 563 604 687 589 687 -4890 6956 -926 -2278 207 -3388 -96 34 -15
1534184546.5515428 643 563 604 687 589 687 -4924 6374 -992 431 -2253 -3665 -95 36 -13
1534184546.631714 643 563 604 687 589 687 -5402 6060 158 2172 -1358 -2813 -95 38 -13
1534184546.699536 644 563 604 687 590 687 -5472 6230 -322 1897 1271 428 -94 40 -11
1534184546.7621453 643 563 604 687 589 687 -5678 6404 -816 2158 4856 1576 -94 42 -14
1534184546.845486 644 563 605 687 589 687 -5510 6382 -1270 1988 1020 -220 -95 42 -19
1534184546.918368 643 563 605 688 589 687 -5332 6286 -1090 2150 1824 1438 -95 42 -19
1534184546.9860804 644 563 605 688 589 687 -5214 6384 -1468 964 375 918 -95 41 -22
1534184547.0500214 644 562 604 687 589 687 -5158 6446 -1352 386 -16 -135 -96 39 -24
1534184547.1205113 644 563 605 688 589 687 -3732 5930 -846 361 -654 -1396 -94 40 -22
1534184547.1831448 644 563 604 687 589 687 -4988 5992 -1114 132 -500 560 -96 38 -24
1534184547.2611039 644 562 604 688 589 687 -4978 6510 -1576 -1418 -1152 749 -95 41 -24
1534184547.3447154 645 563 605 689 590 687 -4806 6662 -1430 -1504 -762 -730 -95 38 -22
1534184547.4043064 645 563 605 690 591 687 -4778 6576 -1226 -313 -3097 -4174 -98 35 -20
1534184547.4896948 645 563 605 691 591 688 -5704 5936 -648 12 -1443 -583 -94 38 -18
1534184547.551863 646 564 606 691 592 688 -5532 6184 -602 1293 862 3469 -93 41 -19
1534184547.6213126 646 564 606 692 592 688 -5300 6404 -436 1090 663 2735 -95 38 -17
1534184547.6994202 646 564 606 692 592 688 -5900 5830 -712 -113 -179 2056 -93 35 -18
1534184547.7619045 646 563 606 692 592 688 -4880 6718 -1024 -401 -595 151 -94 40 -19
1534184547.8424275 646 564 605 691 591 688 -4186 7418 -1094 24 4695 2926 -93 33 -16
1534184547.9041905 646 563 606 690 591 687 -5068 6520 -1216 -228 -1679 -6750 -95 28 -18
1534184547.9897459 645 563 605 688 590 687 -188 7752 -2028 3579 -3744 -5087 -95 33 -20
1534184548.0518587 645 563 605 688 590 688 -4670 6788 -1322 104 790 -606 -95 35 -21
1534184548.121203 645 563 605 688 590 687 -5466 6286 -964 130 36 -1254 -96 34 -23
1534184548.1837442 644 563 605 688 590 687 -5412 6286 -1098 769 -61 90 -96 39 -22
1534184548.2619658 644 563 604 688 590 687 -5196 6354 -1172 308 -466 -304 -97 39 -21
1534184548.3406003 644 563 605 688 590 687 -5352 6280 -1056 237 -45 -226 -95 40 -21
1534184548.4022603 644 563 605 688 590 687 -5250 6356 -1072 363 219 179 -98 37 -22
1534184548.4769814 644 563 605 688 590 688 -5264 6392 -1020 295 266 167 -96 40 -21
1534184548.5362473 644 563 605 688 590 687 -5244 6374 -1140 295 287 20 -94 39 -22
1534184548.615201 644 563 605 688 590 687 -5314 6360 -1058 278 150 -147 -95 38 -21
1534184548.6837785 644 563 604 688 589 687 -5280 6344 -1088 255 327 61 -95 39 -22
1534184548.7462642 644 563 604 688 590 687 -5330 6342 -1234 284 128 11 -94 39 -22
1534184548.8090043 644 562 605 688 589 688 -5292 6326 -1106 226 103 19 -97 37 -20
1534184548.887591 644 562 604 688 589 687 -5328 6380 -1146 399 229 90 -96 37 -20
1534184548.954414 644 562 604 688 590 687 -5278 6348 -1098 417 22 -56 -95 38 -23
1534184549.018566 644 563 604 688 589 687 -5316 6314 -1112 305 67 22 -98 39 -22
1534184549.0909505 644 563 605 688 589 688 -5332 6344 -1122 315 87 -37 -96 38 -21
1534184549.153364 644 562 604 688 590 687 -5304 6322 -1128 181 116 -61 -95 39 -24
1534184549.2159266 644 563 604 688 589 687 -5300 6366 -1102 282 87 42 -96 38 -22
1534184549.2939568 644 563 605 688 589 687 -5312 6378 -1166 310 94 47 -96 38 -22
1534184549.3635192 644 563 605 688 589 687 -5290 6302 -1122 252 105 -29 -95 40 -24
1534184549.419786 644 562 604 688 589 687 -5326 6284 -1062 306 85 5 -95 38 -22
1534184549.4986086 644 562 604 688 589 687 -5314 6330 -1082 328 159 163 -96 40 -24
1534184549.5665982 644 562 604 688 589 688 -5318 6320 -1236 208 163 -2 -96 40 -22
1534184549.6352494 643 562 605 688 589 687 -5340 6350 -1134 270 208 112 -94 40 -21
1534184549.701069 643 563 604 688 589 688 -5260 6314 -1180 223 212 26 -97 40 -25
1534184549.7635567 644 562 604 687 589 687 -5298 6312 -1206 273 90 17 -95 38 -22
1534184549.8374083 644 563 605 688 589 687 -5326 6298 -1124 317 97 66 -93 40 -21
1534184549.9027014 644 562 605 688 589 687 -5314 6312 -1112 236 186 79 -95 38 -25
1534184549.975001 644 562 604 688 589 687 -5306 6356 -1232 507 129 137 -96 40 -23
1534184550.034554 644 563 605 688 589 687 -5360 6330 -1148 250 132 61 -97 38 -22
1534184550.104171 643 563 604 688 589 687 -5302 6328 -1192 239 101 46 -98 39 -24
1534184550.182277 644 562 604 688 589 687 -4020 6694 -1012 162 -761 -1904 -96 38 -21
1534184550.2447622 644 563 604 688 589 687 -5230 6208 -946 402 2522 1486 -95 39 -24
1534184550.324714 644 563 604 688 589 687 -4906 6476 -1506 694 1020 -153 -94 37 -20
1534184550.3862958 644 562 605 688 590 687 -5126 6640 -1130 20 -423 101 -95 38 -22
1534184550.465603 644 563 604 689 590 687 -5284 6400 -1484 592 -128 -344 -96 36 -22
1534184550.5361907 645 563 605 690 591 687 -5306 6498 -1376 -980 -599 1085 -94 38 -23
1534184550.609485 646 563 605 690 591 687 -5330 6324 -1570 -369 1309 1419 -93 36 -21
1534184550.6698291 646 564 606 691 592 688 -5484 6144 -1614 -147 401 4606 -97 37 -23
1534184550.7478895 647 564 606 692 592 688 -5066 6488 -1200 1104 214 2940 -94 34 -22
1534184550.810474 646 564 606 692 592 689 -5418 6280 -918 401 1287 1859 -97 32 -23
1534184550.8885684 647 564 606 692 592 688 -4304 7060 -1920 633 -78 1876 -94 31 -21
1534184550.9638636 646 564 606 691 592 688 -4030 7488 -1722 726 810 -1377 -96 29 -25
1534184551.0341856 645 563 605 689 590 687 -5814 6060 -852 -606 -11546 -9931 -95 29 -24
1534184551.10412 645 563 605 688 590 687 -5262 5938 -504 996 -2832 -61 -96 36 -22
1534184551.1668415 644 563 605 688 590 687 -4664 6820 -1314 272 3757 420 -96 37 -26
1534184551.244898 644 563 605 688 590 687 -5604 6160 -1128 61 391 -1674 -96 37 -26
1534184551.3074586 645 563 605 688 590 688 -5738 6032 -740 114 427 141 -96 39 -25
1534184551.3863747 644 563 604 688 589 687 -5446 6320 -1100 407 577 164 -95 42 -24
1534184551.4543703 644 563 605 688 590 687 -5370 6232 -1066 138 212 -153 -96 41 -26
1534184551.5191395 644 563 605 688 590 687 -5548 6196 -1008 265 448 49 -96 40 -24
1534184551.5944877 644 563 605 688 589 687 -5434 6244 -1144 147 282 -114 -96 41 -25
1534184551.6529994 644 563 604 688 589 687 -5482 6194 -1008 256 372 27 -97 39 -26
1534184551.7152352 644 563 605 688 590 687 -5444 6216 -1178 63 304 11 -96 42 -24
1534184551.7933416 644 563 605 688 589 687 -5512 6176 -1072 221 407 -21 -96 42 -26
1534184551.855872 644 563 604 688 590 687 -5430 6186 -1082 324 469 153 -96 40 -26
1534184551.9339356 644 562 604 687 589 686 -5470 6204 -1106 166 217 -38 -96 43 -25
1534184552.006012 644 563 604 687 589 687 -5452 6224 -1116 337 253 117 -95 42 -25
1534184552.0739021 644 563 604 687 590 686 -5474 6156 -1136 129 190 35 -94 42 -26
1534184552.1367548 643 563 604 688 589 687 -5442 6246 -1128 248 128 4 -97 43 -25
1534184552.198981 644 563 605 688 589 687 -5452 6240 -1214 228 119 13 -98 40 -26
1534184552.2770896 644 563 605 688 589 687 -5462 6240 -1114 209 171 44 -94 42 -25
1534184552.3460014 644 563 605 688 589 687 -5466 6230 -1140 271 165 58 -97 41 -25
1534184552.40368 644 563 604 688 589 687 -5444 6242 -1120 201 89 -68 -97 40 -25
1534184552.4944942 644 562 604 687 589 687 -5450 6196 -1156 286 162 123 -97 41 -25
1534184552.5359113 644 563 604 688 589 686 -5412 6216 -1138 243 123 92 -96 40 -25
1534184552.619285 644 562 604 688 589 687 -5462 6204 -1126 250 66 -34 -96 40 -25
1534184552.6863666 644 562 604 688 589 687 -5488 6186 -1154 182 153 -28 -95 42 -25
1534184552.7488523 643 563 604 688 589 687 -5428 6230 -1126 237 171 29 -94 41 -25
1534184552.8113394 644 562 604 687 589 687 -5500 6192 -1114 193 139 -9 -94 41 -27
1534184552.8872993 644 563 604 688 589 687 -5444 6196 -1150 244 102 38 -96 42 -25
1534184552.9607298 644 563 605 688 589 687 -5422 6186 -1238 257 213 22 -96 40 -24
1534184553.0203228 644 563 605 688 590 686 -5462 6208 -1074 228 162 120 -98 40 -25
1534184553.0979078 644 562 604 687 589 687 -5414 6206 -1168 232 176 8 -95 41 -27
1534184553.1685078 644 563 605 687 589 687 -5470 6204 -1100 294 140 14 -95 41 -25
1534184553.2309947 644 562 604 688 589 687 -5446 6202 -1174 347 169 15 -95 43 -25
1534184553.2934823 643 563 604 687 589 687 -5442 6244 -1126 302 228 158 -97 39 -26
1534184553.3559656 644 563 604 687 589 687 -5432 6204 -1144 229 213 76 -96 41 -25
1534184553.4342887 644 563 604 687 589 687 -5438 6232 -1188 242 125 24 -97 41 -24
1534184553.5042503 644 562 604 687 589 687 -5722 6458 -1348 -219 -24 -805 -96 40 -26
1534184553.5667353 643 563 604 688 589 687 -5484 6360 -1380 462 1966 649 -95 40 -24
1534184553.6495407 644 563 605 688 589 687 -5502 6272 -1338 302 673 1114 -96 41 -26
1534184553.716156 644 563 605 688 590 687 -5606 6410 -1122 84 571 1055 -95 40 -25
1534184553.7787154 645 563 605 689 590 687 -5612 6074 -1514 -65 782 -1558 -95 39 -26
1534184553.8694668 645 563 605 689 590 687 -5580 5868 -1732 -258 -3179 145 -95 38 -26
1534184553.9184527 645 563 605 690 591 687 -5828 5796 -1174 282 1426 695 -94 40 -24
1534184554.003688 646 563 605 691 591 687 -5868 5594 -1182 -747 -60 2131 -95 44 -24
1534184554.0758724 646 563 606 691 592 688 -5460 5970 -1178 -845 1056 1146 -94 42 -24
1534184554.1360707 646 564 606 691 592 688 -5116 6206 -1336 44 1820 2981 -96 40 -26
1534184554.2141824 647 564 606 691 592 688 -5138 6324 -1046 -178 241 554 -94 39 -23
1534184554.2766259 646 563 605 691 591 688 -5166 6470 -1480 1194 1623 1977 -95 37 -23
1534184554.362119 645 563 605 689 591 688 -4772 6728 -1994 780 -1543 -1929 -96 32 -23
1534184554.4341648 645 563 605 688 590 687 -5024 6286 -786 325 -3497 -1427 -97 32 -27
1534184554.5037408 645 563 605 688 590 687 -4502 6710 -1534 486 1936 -607 -98 37 -25
1534184554.585302 644 563 605 688 590 687 -5366 6342 -1390 -239 -141 -2542 -97 38 -26
1534184554.6371353 644 563 605 688 590 687 -5782 5956 -1116 55 -386 -717 -94 39 -27
1534184554.715401 644 563 605 688 590 687 -5398 6272 -1180 526 533 716 -95 41 -26
1534184554.7777271 644 562 605 688 590 687 -5296 6336 -1318 205 207 -67 -96 38 -24
1534184554.8554745 644 563 605 688 590 687 -5488 6194 -1184 150 223 24 -96 42 -25
1534184554.91782 645 563 604 688 590 687 -5404 6272 -1234 362 424 273 -95 41 -25
1534184554.9930625 644 563 605 688 589 687 -5370 6224 -1278 179 183 92 -94 41 -25
1534184555.0517645 644 563 605 688 590 687 -5422 6214 -1220 342 164 154 -95 40 -26
1534184555.1207814 644 563 605 688 589 687 -5376 6246 -1262 173 181 -2 -95 41 -25
1534184555.183456 644 563 604 688 590 687 -5444 6192 -1220 279 139 89 -97 41 -27
1534184555.2613726 644 562 604 688 590 686 -5372 6250 -1198 233 178 58 -96 41 -26
1534184555.333819 644 562 605 688 590 688 -5380 6262 -1296 212 133 60 -94 40 -24
1534184555.3877764 644 563 604 688 589 687 -5418 6236 -1200 221 221 61 -95 40 -27
1534184555.4703987 644 563 604 688 589 687 -5388 6228 -1348 207 143 20 -96 42 -25
1534184555.5346427 644 563 605 688 589 688 -5456 6224 -1204 227 130 5 -96 40 -25
1534184555.6061463 644 562 605 688 589 687 -5386 6240 -1242 269 200 136 -96 40 -27
1534184555.6676817 644 563 605 688 589 687 -5436 6242 -1304 131 125 -87 -95 41 -27
1534184555.7303736 644 563 604 688 590 687 -5334 6264 -1264 300 137 25 -96 40 -28
1534184555.8082752 644 563 605 688 589 687 -5380 6246 -1264 247 113 -5 -96 39 -26
1534184555.8708916 644 563 604 688 589 688 -5366 6218 -1224 202 168 13 -95 40 -26
1534184555.9574456 644 563 604 688 589 687 -5394 6240 -1358 243 113 -3 -94 40 -24
1534184556.003367 644 563 604 687 589 686 -5424 6252 -1190 229 126 15 -96 42 -26
1534184556.0828614 644 563 604 688 589 687 -5410 6204 -1204 198 139 1 -95 41 -26
1534184556.1358216 644 563 604 688 589 687 -5410 6272 -1240 259 74 4 -98 40 -24
1534184556.2141845 644 563 604 688 589 687 -5396 6224 -1262 214 80 -15 -95 41 -24
1534184556.276587 644 562 604 688 589 687 -5392 6224 -1178 273 86 23 -97 41 -26
1534184556.3538826 644 563 605 688 589 687 -5362 6228 -1282 158 108 -28 -96 41 -27
1534184556.4196415 644 563 605 688 589 687 -5402 6236 -1276 283 125 43 -95 40 -25
1534184556.4877877 644 563 605 688 589 687 -5374 6258 -1238 234 88 -14 -94 40 -25
1534184556.5504234 643 563 604 688 589 687 -5456 6220 -1258 257 162 91 -95 40 -26
1534184556.6208086 644 563 605 688 589 687 -5420 6238 -1294 261 258 166 -97 42 -26
1534184556.6832955 644 563 604 687 589 687 -5248 6272 -1244 244 18 -20 -93 41 -26
1534184556.7615128 644 562 604 687 589 686 -5430 6272 -1276 52 547 389 -97 38 -25
1534184556.8342445 644 563 604 688 589 687 -5676 6390 -1316 366 1220 2162 -96 41 -27
1534184556.9020178 644 562 605 688 589 687 -5574 6300 -1302 249 1453 1383 -95 40 -25
1534184556.976883 645 563 605 688 590 688 -5200 6426 -1488 -27 -398 1207 -93 39 -26
1534184557.034198 645 563 605 689 590 687 -4478 7168 -1318 254 2514 990 -95 36 -27
1534184557.120171 645 563 605 690 591 688 -5466 6180 -1612 -2047 -1678 980 -97 35 -27
1534184557.1838462 646 563 606 690 591 687 -5290 6312 -1094 641 -391 4958 -95 36 -23
1534184557.2619276 646 563 606 691 592 688 -5468 6244 -706 165 -776 -314 -95 35 -20
1534184557.3425717 646 564 606 691 592 688 -5186 6576 -1116 -31 -351 806 -97 31 -22
1534184557.3875961 647 564 606 691 592 687 -4844 6780 -1112 472 1050 170 -94 34 -18
1534184557.4709713 646 563 605 691 592 688 -5488 6344 -920 420 354 2632 -96 32 -20
1534184557.5343037 646 563 606 690 591 688 -4606 6928 -1074 2108 1273 4016 -96 31 -21
1534184557.6193733 645 563 605 689 591 688 -5264 6936 -1402 -1282 -5288 -7643 -95 28 -22
1534184557.6840951 644 563 604 688 590 688 -5334 6290 -568 28 -1682 -3020 -98 30 -23
1534184557.746581 644 563 605 688 590 686 -5048 6344 -774 -566 -571 -589 -95 37 -22
1534184557.8319001 645 563 605 688 590 687 -5270 6276 -720 334 1345 -2012 -95 37 -21
1534184557.9013708 644 563 605 688 590 687 -5720 5982 -480 2252 2699 818 -95 41 -18
1534184557.9735365 644 563 605 688 590 688 -5516 6294 -1354 983 1834 1448 -97 40 -21
1534184558.0357893 644 563 605 688 589 687 -5080 6534 -1378 378 -84 -316 -96 40 -24
1534184558.1107395 645 563 604 688 590 687 -5480 6154 -1114 470 0 -73 -95 38 -24
1534184558.1682746 644 563 605 688 590 687 -5338 6354 -1250 530 192 284 -94 38 -24
1534184558.2464144 644 563 604 688 590 687 -5302 6290 -1186 298 96 -93 -95 39 -25
1534184558.3164513 644 563 604 688 589 688 -5354 6350 -1262 420 152 42 -96 39 -26
1534184558.3713791 644 563 604 688 589 687 -5296 6350 -1260 355 207 70 -96 37 -25
1534184558.450456 644 562 605 688 589 686 -5322 6352 -1252 256 234 25 -96 39 -26
1534184558.519098 644 562 604 688 589 687 -5232 6360 -1202 355 148 -158 -95 38 -27
1534184558.5907216 645 563 605 688 589 687 -5340 6264 -1332 -40 1 -938 -94 38 -25
1534184558.6550725 644 563 605 688 589 686 -5526 6138 -1278 283 -365 -527 -97 40 -26
1534184558.7329257 644 563 605 687 589 686 -5574 6094 -1112 203 447 357 -96 40 -26
1534184558.7954109 644 563 605 688 589 687 -5286 6364 -1122 303 1392 1596 -96 44 -26
1534184558.8702774 644 563 604 688 589 687 -5130 6408 -1374 424 412 98 -96 40 -26
1534184558.9392133 644 563 604 687 589 687 -5442 6286 -1146 135 189 -400 -97 42 -27
1534184559.0052626 644 563 604 688 589 687 -5366 6236 -1242 537 129 104 -95 40 -28
1534184559.0677462 644 563 605 687 589 687 -5312 6260 -1436 186 74 -170 -96 39 -27
1534184559.137799 644 563 604 688 589 686 -5286 6304 -1286 229 186 -16 -94 39 -26
1534184559.2002845 644 562 604 687 590 687 -5312 6372 -1182 30 387 87 -97 39 -26
1534184559.2783911 644 562 604 688 590 687 -5346 6152 -1512 45 488 12 -95 41 -27
1534184559.352893 644 562 605 688 589 686 -5350 6340 -1212 156 349 12 -97 40 -27
1534184559.418792 644 563 604 687 589 686 -5382 6252 -1338 257 143 29 -96 41 -24
1534184559.4874153 644 562 605 687 589 686 -5394 6208 -1296 208 120 -276 -96 40 -28
1534184559.550104 644 563 604 687 589 687 -5340 6310 -1284 297 255 184 -97 40 -26
1534184559.621024 643 563 604 688 589 687 -5320 6272 -1368 451 290 103 -95 40 -26
1534184559.6835108 644 563 605 688 589 688 -5344 6194 -1428 -8 43 -418 -97 39 -27
1534184559.7617786 644 563 605 687 589 687 -5446 6228 -1160 15 582 398 -94 42 -26
1534184559.831344 644 563 605 687 589 686 -5362 6258 -1312 323 237 -7 -95 40 -26
1534184559.8882825 644 562 604 688 589 687 -5336 6282 -1404 231 -2 -109 -96 39 -25
1534184559.9669826 644 563 604 687 589 687 -5354 6224 -1286 220 61 37 -97 41 -26
1534184560.020611 644 563 604 688 589 687 -5404 6216 -1368 210 115 -7 -96 41 -26
1534184560.1253173 644 562 604 687 589 686 -5360 6192 -1286 142 250 26 -96 40 -26
1534184560.1706083 643 563 603 687 589 687 -5336 6280 -1324 212 273 16 -93 40 -26
1534184560.2306924 644 562 604 687 589 687 -5432 6176 -1302 135 167 -198 -96 41 -26
1534184560.309805 644 563 604 687 589 687 -5352 6252 -1324 323 207 -9 -96 39 -26
1534184560.3687449 644 563 605 687 589 687 -5412 6178 -1458 231 180 -98 -97 41 -27
1534184560.4468398 644 562 604 687 589 687 -5444 6214 -1240 111 148 -133 -95 41 -26
1534184560.504387 643 563 604 687 589 687 -5420 6204 -1336 325 220 64 -97 40 -25
1534184560.5840788 644 562 604 688 589 687 -5394 6206 -1344 154 103 -123 -96 44 -26
1534184560.653082 644 562 604 687 589 687 -5450 6194 -1222 202 117 128 -95 41 -26
1534184560.7157915 644 563 604 687 589 687 -5342 6234 -1314 190 63 -116 -96 42 -26
1534184560.801881 644 563 604 688 589 687 -5474 6178 -1260 245 52 -58 -94 41 -25
1534184560.8627234 644 562 605 687 589 687 -5458 6190 -1310 209 148 101 -97 42 -26
1534184560.9202902 644 562 604 687 589 687 -5394 6242 -1310 245 58 -122 -96 43 -26
1534184560.9872563 644 563 604 688 589 686 -5412 6228 -1276 260 39 -17 -96 41 -27
1534184561.068106 644 562 604 687 589 687 -5448 6216 -1286 318 -3 -80 -96 43 -25
1534184561.1374972 643 562 604 687 589 686 -5442 6148 -1194 238 190 208 -95 43 -25
1534184561.2013974 644 562 604 687 589 687 -5428 6196 -1450 53 22 -87 -95 41 -26
1534184561.2638776 644 562 605 687 589 686 -5526 6172 -1142 277 180 -45 -94 41 -26
1534184561.3427062 644 562 604 687 589 686 -5390 6210 -1386 504 155 149 -96 42 -27
1534184561.401061 644 563 605 687 589 687 -5448 6164 -1320 130 191 17 -96 42 -25
1534184561.4871693 644 562 605 687 589 687 -5440 6174 -1344 102 241 91 -97 42 -26
1534184561.5335202 643 562 605 687 589 687 -5396 6266 -1348 230 272 79 -96 42 -25
1534184561.6139188 644 562 604 687 589 687 -5458 6210 -1278 184 64 20 -95 40 -24
1534184561.6692924 643 562 605 687 589 687 -5458 6194 -1266 315 64 92 -96 42 -27
