1533765998.3633866 695 710 689 693 715 733 6630 -3734 -2864 20 -78 -17 41 -26 -55
1533765998.4291945 696 710 689 692 715 734 6606 -3906 -2900 788 312 97 43 -28 -54
1533765998.4914296 695 710 689 692 714 734 6666 -3798 -2848 1596 460 255 39 -25 -54
1533765998.571319 695 710 689 692 715 733 6650 -3942 -2650 1139 489 405 40 -27 -54
1533765998.631619 695 710 689 692 715 734 6590 -3982 -2720 -175 -109 109 40 -26 -52
1533765998.7099092 695 711 689 692 714 734 6586 -4094 -2572 413 283 218 40 -26 -52
1533765998.7811527 695 710 689 692 715 734 6654 -3850 -2648 482 434 -16 42 -25 -51
1533765998.8480675 695 710 689 692 714 734 6676 -3862 -2608 48 126 76 42 -24 -51
1533765998.9147627 695 710 689 692 715 733 6642 -3990 -2638 364 332 203 43 -25 -53
1533765998.977453 695 711 689 692 714 733 6588 -4116 -2734 740 549 194 42 -26 -53
1533765999.0798175 695 710 689 692 714 734 6614 -4046 -2610 -185 47 94 43 -24 -53
1533765999.1994863 695 711 689 692 715 733 6702 -4022 -2536 -246 -11 -106 41 -24 -53
1533765999.246347 695 710 689 692 714 734 6576 -4132 -2640 624 282 73 41 -24 -51
1533765999.2932105 695 710 689 692 714 733 6558 -3818 -2800 419 232 -183 43 -26 -50
1533765999.3360274 695 710 689 692 714 733 6734 -3904 -2474 156 155 73 43 -24 -53
1533765999.399096 695 710 689 692 715 733 6556 -4216 -2522 319 90 -15 41 -24 -51
1533765999.4615793 695 710 688 692 715 733 6684 -3888 -2598 579 533 -59 43 -24 -52
1533765999.524067 694 710 689 692 714 733 6604 -4046 -2566 377 92 297 41 -24 -50
1533765999.6023116 694 710 689 691 715 732 6598 -4094 -2578 573 187 44 40 -24 -50
1533765999.6646605 694 710 689 691 714 732 6676 -4016 -2450 507 263 10 42 -22 -51
1533765999.7427633 695 710 689 691 714 732 6624 -4080 -2496 121 304 -57 40 -22 -52
1533765999.8120902 694 710 689 691 714 732 6624 -4126 -2466 471 250 174 42 -23 -52
1533765999.878915 694 710 689 691 714 732 6502 -4208 -2558 179 89 54 42 -23 -51
1533765999.9443202 694 710 689 691 714 732 6680 -4082 -2506 693 297 17 43 -26 -51
1533766000.0151336 694 710 689 690 714 732 6660 -4000 -2606 201 164 21 42 -24 -52
1533766000.0841808 694 710 689 691 714 733 6576 -4160 -2386 250 221 190 44 -24 -52
1533766000.151798 694 710 689 691 714 732 6602 -4072 -2550 583 351 69 41 -25 -49
1533766000.2140405 694 710 689 691 713 733 6614 -4004 -2348 798 261 188 42 -23 -48
1533766000.2767823 694 710 689 691 714 733 6526 -4308 -2466 656 278 360 40 -23 -49
1533766000.3599298 694 710 689 691 714 732 6538 -4242 -2320 632 379 116 43 -22 -49
1533766000.429816 693 709 688 690 713 732 6590 -4214 -2394 469 287 218 41 -22 -51
1533766000.4921973 697 710 689 693 715 736 6598 -4178 -2212 455 207 248 45 -23 -50
1533766000.554892 697 711 689 694 715 736 6580 -4256 -2370 471 557 359 44 -22 -50
1533766000.6318636 697 710 689 694 715 736 6608 -4266 -2244 481 287 53 43 -23 -49
1533766000.69435 696 711 689 694 715 736 6584 -4260 -2268 333 193 37 43 -24 -47
1533766000.772458 697 710 689 694 715 736 6564 -4314 -2206 712 355 160 45 -21 -47
1533766000.8420534 696 710 689 694 714 736 6614 -4236 -2262 701 230 295 44 -23 -48
1533766000.896884 696 710 689 693 714 736 6540 -4334 -2168 381 289 43 44 -21 -49
1533766000.964774 696 710 689 694 714 736 6552 -4186 -2278 963 427 190 45 -24 -48
1533766001.0382013 696 710 689 694 715 736 6604 -4348 -2090 470 202 269 44 -22 -47
1533766001.1479402 696 710 689 694 714 736 6540 -4416 -2230 321 305 236 46 -19 -48
1533766001.1791825 696 710 689 693 714 736 6548 -4380 -2052 552 174 160 40 -21 -47
1533766001.2554927 696 711 689 694 714 736 6538 -4416 -2126 548 253 137 44 -19 -44
1533766001.3244073 696 711 689 694 714 736 6510 -4428 -2152 535 297 367 44 -21 -46
1533766001.3932247 696 710 689 694 715 736 6552 -4336 -2066 704 304 264 43 -22 -47
1533766001.4621313 696 710 689 693 714 736 6488 -4482 -2016 546 101 316 45 -20 -43
1533766001.5323827 695 711 689 693 714 735 6434 -4580 -2130 461 228 440 46 -21 -45
1533766001.598266 696 711 689 694 715 736 6516 -4668 -1770 934 365 143 46 -19 -45
1533766001.660752 696 710 689 694 714 736 6404 -4590 -1994 215 126 123 47 -20 -45
1533766001.738859 696 711 689 693 715 736 6472 -4532 -1930 260 198 74 46 -20 -45
1533766001.843331 696 710 689 693 714 736 6514 -4610 -1902 539 182 154 44 -21 -45
1533766001.87624 696 710 689 693 715 736 6442 -4574 -1946 473 293 64 47 -18 -46
1533766001.9284112 696 711 689 693 714 735 6476 -4684 -1868 167 180 58 48 -18 -44
1533766002.012774 696 710 689 693 714 736 6432 -4704 -1756 395 331 183 46 -17 -45
1533766002.0809717 696 710 689 693 715 736 6470 -4624 -1932 361 199 99 47 -18 -44
1533766002.1476326 696 710 689 693 714 736 6450 -4702 -1818 406 184 50 47 -20 -44
1533766002.2101195 696 711 689 694 714 736 6470 -4618 -1896 139 125 83 45 -19 -46
1533766002.2726052 696 711 689 693 715 736 6418 -4616 -1848 408 297 60 47 -18 -44
1533766002.3545825 696 711 689 693 714 736 6414 -4690 -1824 321 225 182 46 -17 -45
1533766002.4143424 695 710 689 693 715 736 6436 -4706 -1740 310 262 208 47 -17 -45
1533766002.4924507 696 710 689 693 714 735 6446 -4700 -1804 270 96 161 47 -17 -44
1533766002.5549357 695 710 689 693 714 735 6438 -4706 -1776 248 177 122 47 -18 -44
1533766002.615351 695 711 689 692 714 735 6434 -4694 -1748 164 194 158 46 -17 -44
1533766002.6934612 695 711 689 693 714 735 6450 -4692 -1840 340 200 67 48 -17 -44
1533766002.7561786 695 710 689 693 714 735 6440 -4704 -1776 208 105 -66 45 -19 -45
1533766002.8355787 695 710 689 693 714 735 6462 -4688 -1730 365 237 40 49 -19 -43
1533766002.898779 695 710 689 693 714 735 6432 -4754 -1776 298 295 63 46 -15 -43
1533766002.9615202 695 710 689 692 714 735 6424 -4794 -1756 46 3 -54 45 -16 -43
1533766003.0381665 694 710 689 692 714 734 6288 -4556 -1828 980 440 269 46 -17 -42
1533766003.111249 694 710 689 692 713 734 6432 -4746 -1658 119 316 -119 46 -18 -43
1533766003.1821244 693 710 688 690 713 732 6422 -4404 -1854 546 395 28 47 -17 -42
1533766003.2446218 696 710 689 694 714 736 6448 -4772 -1560 443 550 -328 48 -20 -44
1533766003.3071709 699 710 690 697 714 740 6576 -4254 -1830 709 664 -74 47 -18 -42
1533766003.3857303 693 709 689 690 713 732 6498 -4920 -1436 404 680 -344 45 -18 -42
1533766003.4457152 689 708 688 683 710 727 6504 -4598 -1638 452 330 94 47 -16 -40
1533766003.5238197 691 708 688 688 712 729 6394 -4732 -1618 -234 102 -418 46 -16 -42
1533766003.595872 675 703 685 670 706 708 6452 -4542 -1656 -126 15 -256 46 -16 -41
1533766003.6633594 681 703 676 677 707 716 6478 -4416 -1650 748 575 133 45 -17 -40
1533766003.7256906 697 706 624 696 712 740 6492 -4588 -1556 512 393 30 45 -18 -40
1533766003.7881706 697 705 651 697 712 741 6522 -4622 -1468 102 166 -90 45 -17 -38
1533766003.8924444 698 704 655 699 712 744 6548 -4706 -1394 190 192 -137 45 -16 -41
1533766003.9298186 696 702 657 694 704 743 6452 -4688 -1394 -79 78 144 45 -15 -39
1533766003.9923043 697 703 651 699 714 742 6422 -4744 -1604 -327 7 87 44 -15 -40
1533766004.0760849 700 703 656 701 712 746 6456 -4822 -1570 137 191 233 45 -16 -41
1533766004.132317 701 702 663 700 707 748 6436 -4820 -1506 571 224 191 44 -16 -40
1533766004.210426 699 702 665 699 708 747 6458 -4838 -1634 904 228 394 48 -18 -41
1533766004.2730672 691 700 671 690 707 735 6470 -4740 -1500 2198 1210 281 48 -17 -39
1533766004.3567498 698 702 685 698 710 744 6380 -4940 -1270 1880 381 722 45 -14 -37
1533766004.4144027 699 703 671 700 711 746 6520 -5012 -742 -677 -205 -1435 46 -14 -40
1533766004.4925523 698 705 659 699 711 745 6584 -4558 -1470 -628 -363 -484 48 -14 -41
1533766004.5809507 696 705 669 694 711 739 6494 -4684 -1430 -775 -536 -118 45 -17 -39
1533766004.6319435 687 705 665 683 709 725 6510 -4778 -1274 548 343 124 44 -16 -39
1533766004.694465 696 708 668 693 712 737 6486 -4752 -1324 193 54 -7 44 -16 -40
1533766004.77265 696 708 664 693 713 736 6500 -4622 -1438 -124 -141 -40 44 -18 -38
1533766004.8516803 698 709 669 696 713 739 6562 -4668 -1408 -24 -118 -116 44 -17 -39
1533766004.9142864 697 709 668 694 714 738 6482 -4710 -1342 221 118 65 43 -17 -39
1533766004.977038 686 707 668 681 710 722 6504 -4710 -1436 139 74 58 43 -16 -38
1533766005.0543733 678 706 667 671 708 709 6472 -4650 -1450 -133 -51 18 46 -16 -41
1533766005.1241298 672 705 667 664 706 701 6492 -4766 -1380 232 181 46 45 -17 -40
1533766005.1946938 674 705 667 665 707 703 6482 -4634 -1460 263 239 -32 45 -17 -41
1533766005.2728019 673 706 668 665 708 702 6514 -4760 -1460 37 62 10 45 -15 -42
1533766005.3266747 673 706 668 664 707 701 6494 -4724 -1488 64 169 -42 44 -15 -41
1533766005.3818083 674 707 669 665 708 702 6438 -4720 -1438 103 115 41 46 -16 -40
1533766005.4599164 674 707 668 665 708 702 6538 -4700 -1542 118 142 -28 46 -15 -39
1533766005.522617 675 708 669 666 709 703 6512 -4776 -1394 141 96 20 44 -17 -40
1533766005.5990849 677 709 669 668 709 704 6472 -4648 -1512 331 251 19 44 -17 -41
1533766005.6636553 675 708 667 664 710 701 6480 -4668 -1550 252 97 1 45 -18 -39
1533766005.7263944 671 709 666 660 708 695 6498 -4724 -1396 98 133 -15 45 -17 -41
1533766005.7886262 668 708 666 654 708 689 6492 -4686 -1436 87 96 -27 45 -17 -42
1533766005.868801 712 718 674 707 723 751 6504 -4782 -1428 42 131 -12 47 -17 -40
1533766005.9455438 712 720 676 707 723 751 6506 -4724 -1512 88 23 -7 46 -16 -40
1533766005.9925628 712 720 676 707 724 751 6416 -4738 -1442 175 133 -85 45 -16 -41
1533766006.0572164 714 722 674 707 726 750 6516 -4656 -1524 224 118 17 47 -18 -40
1533766006.1366541 714 722 675 707 726 751 6514 -4722 -1468 244 83 70 46 -16 -39
1533766006.19914 715 724 676 707 727 750 6482 -4642 -1506 258 236 -48 44 -17 -39
1533766006.2772593 711 722 675 704 725 748 6466 -4676 -1512 123 138 -98 45 -17 -42
1533766006.3445823 709 720 674 702 724 745 6504 -4746 -1460 10 101 -12 44 -17 -39
1533766006.3977096 708 720 674 702 723 744 6506 -4760 -1592 114 40 37 45 -17 -40
1533766006.475983 707 719 675 700 723 743 6490 -4672 -1478 281 197 -31 45 -16 -40
1533766006.5383668 706 719 673 700 722 743 6484 -4744 -1482 65 68 -55 45 -16 -41
1533766006.6307771 706 718 675 701 722 744 6506 -4702 -1432 103 142 -43 45 -17 -38
1533766006.6776402 706 718 673 700 722 743 6500 -4694 -1522 195 120 -59 45 -16 -39
1533766006.7401555 706 717 673 701 722 744 6478 -4692 -1512 303 240 68 44 -15 -41
1533766006.8226826 706 716 673 701 720 745 6496 -4732 -1518 98 97 -120 44 -17 -43
1533766006.892529 705 716 672 700 720 744 6522 -4704 -1476 331 267 -33 46 -19 -42
1533766006.9454603 704 716 671 699 720 742 6504 -4770 -1480 84 70 72 45 -15 -41
1533766007.026237 704 716 672 699 720 742 6506 -4714 -1522 116 95 -32 44 -17 -41
1533766007.0942996 704 716 672 699 720 742 6486 -4730 -1480 249 190 24 44 -17 -42
1533766007.147998 703 715 672 699 719 741 6506 -4708 -1570 231 139 46 45 -17 -40
1533766007.2261136 701 715 671 694 718 736 6464 -4672 -1462 22 67 -25 45 -17 -41
1533766007.3042102 703 715 672 698 719 741 6406 -4854 -1480 -89 70 -92 45 -16 -42
1533766007.3659523 704 715 675 699 719 743 6470 -4922 -1594 371 318 38 47 -15 -40
1533766007.42861 705 715 678 701 720 744 6454 -4842 -1530 -56 -71 -296 46 -18 -41
1533766007.4910953 704 714 678 701 719 744 6526 -4754 -1496 -358 54 -413 45 -16 -40
1533766007.5780966 699 708 676 698 714 743 6572 -4626 -1618 -864 -285 -451 48 -19 -40
1533766007.6476004 695 705 676 694 712 739 6568 -4684 -1562 -20 113 102 46 -17 -42
1533766007.710086 693 703 674 693 710 737 6424 -4660 -1612 -439 -120 -201 45 -16 -42
1533766007.7881916 690 702 670 695 710 742 6512 -4922 -1532 -519 37 -307 46 -18 -41
1533766007.8575275 681 701 666 696 715 738 6564 -4624 -1642 259 79 447 47 -18 -43
1533766007.9131107 675 699 663 691 715 730 6464 -4798 -1522 17 -92 312 46 -16 -41
1533766008.008325 683 699 653 702 718 741 6510 -4678 -1804 -419 -310 43 47 -19 -41
1533766008.0659773 686 700 640 703 715 746 6504 -4596 -1788 -113 -196 92 46 -16 -43
1533766008.1305914 690 698 691 709 717 751 6518 -4686 -1674 111 4 17 46 -17 -43
1533766008.193339 693 700 692 712 718 755 6538 -4522 -1838 33 17 98 47 -17 -42
1533766008.255567 690 691 686 710 717 748 6442 -4674 -1772 184 186 -215 47 -15 -42
1533766008.338453 694 699 689 712 722 749 6574 -4668 -1796 1181 832 269 45 -18 -43
1533766008.397192 696 697 686 712 726 745 6552 -4906 -1346 1498 1435 132 46 -16 -43
1533766008.4752967 700 711 622 715 727 757 6604 -4702 -1452 50 -94 -265 47 -16 -41
1533766008.538027 698 708 652 714 725 756 6492 -4606 -1832 77 -258 91 45 -16 -41
1533766008.6149423 701 712 679 713 727 754 6470 -4696 -1568 595 93 144 44 -17 -42
1533766008.6945455 669 702 687 678 716 713 6514 -4754 -1446 562 305 163 46 -16 -41
1533766008.741408 701 713 696 715 728 757 6458 -4760 -1536 -456 -62 -100 45 -15 -41
1533766008.8238034 705 717 697 717 732 758 6448 -4698 -1628 -6 68 -157 46 -16 -41
1533766008.891776 703 716 697 716 730 757 6544 -4658 -1496 383 111 13 45 -18 -42
1533766008.9460092 714 727 699 718 738 758 6526 -4740 -1594 190 88 56 45 -18 -42
1533766009.0266595 698 714 697 710 728 750 6472 -4726 -1600 331 176 27 47 -17 -41
1533766009.0958984 691 711 695 703 725 742 6468 -4698 -1482 191 196 -63 43 -17 -42
1533766009.1507702 690 710 695 702 724 742 6478 -4680 -1694 -78 9 159 47 -17 -42
1533766009.228877 690 711 695 702 725 741 6516 -4722 -1584 465 109 156 46 -17 -42
1533766009.301666 688 711 694 701 724 740 6516 -4704 -1398 362 264 113 43 -19 -42
1533766009.396783 690 712 695 703 725 743 6446 -4728 -1544 190 23 74 45 -17 -42
1533766009.4436471 690 711 695 702 725 741 6424 -4718 -1614 298 168 -144 46 -18 -43
1533766009.5061312 688 712 694 699 724 737 6518 -4714 -1496 -233 129 -242 46 -17 -43
1533766009.5764449 687 711 694 698 723 737 6452 -4658 -1694 84 156 47 47 -18 -40
1533766009.632351 688 711 694 700 723 739 6450 -4734 -1560 263 129 55 47 -15 -41
1533766009.7079043 688 711 694 700 723 738 6498 -4736 -1566 218 169 -65 47 -18 -40
1533766009.779471 690 712 695 701 725 740 6466 -4766 -1544 108 170 115 46 -17 -41
1533766009.8503675 689 712 695 701 724 740 6460 -4702 -1600 78 51 -31 44 -18 -40
1533766009.9152477 688 711 695 700 723 739 6512 -4704 -1636 65 101 -76 46 -17 -41
1533766009.977928 688 711 694 700 723 738 6444 -4676 -1604 -40 80 -109 46 -18 -43
1533766010.058094 687 711 694 699 723 738 6450 -4782 -1528 199 233 135 45 -18 -40
1533766010.1229098 689 713 695 700 725 738 6440 -4684 -1656 145 86 77 46 -16 -41
1533766010.1790977 691 715 695 699 726 738 6464 -4692 -1584 261 139 -3 45 -16 -41
1533766010.257206 693 716 695 700 727 737 6474 -4670 -1644 174 38 -77 47 -16 -42
1533766010.3279886 694 719 696 701 730 738 6470 -4724 -1554 322 236 79 44 -15 -43
1533766010.3814733 701 726 697 703 735 739 6390 -4778 -1512 111 156 44 45 -16 -39
1533766010.4598238 693 717 695 700 728 737 6502 -4690 -1622 184 179 -145 47 -17 -42
1533766010.5210953 688 713 694 698 724 737 6452 -4680 -1588 155 141 -4 47 -15 -40
1533766010.6039033 688 712 695 698 724 736 6508 -4670 -1542 231 165 -32 46 -18 -41
1533766010.663775 685 710 694 697 722 736 6468 -4712 -1548 219 77 94 47 -18 -40
1533766010.7575867 686 711 695 697 723 735 6476 -4724 -1560 132 94 93 46 -17 -41
1533766010.804366 685 711 694 697 722 735 6436 -4714 -1618 275 160 -33 46 -18 -44
1533766010.8740883 687 712 694 698 723 735 6466 -4716 -1624 255 142 41 47 -15 -42
1533766010.9282644 688 713 694 698 724 735 6472 -4632 -1676 237 90 -40 45 -14 -41
1533766011.010567 686 712 694 696 723 734 6448 -4744 -1532 152 128 38 46 -16 -41
1533766011.078414 687 712 694 697 723 736 6446 -4756 -1600 -4 25 -103 47 -14 -40
1533766011.1464493 686 712 694 698 722 736 6482 -4644 -1600 211 101 -75 46 -16 -42
1533766011.209173 686 711 694 698 722 736 6442 -4698 -1508 151 161 24 46 -15 -40
1533766011.2715802 687 711 694 698 723 736 6450 -4764 -1672 204 124 23 45 -16 -42
1533766011.355386 687 712 694 697 723 736 6460 -4690 -1588 125 137 -36 47 -14 -41
1533766011.4286962 686 711 694 697 723 735 6434 -4804 -1564 113 83 -11 45 -16 -42
1533766011.4910817 685 711 694 696 722 734 6460 -4738 -1674 76 120 -104 47 -17 -42
1533766011.5535643 685 710 694 696 721 734 6444 -4722 -1714 85 164 -109 45 -18 -44
1533766011.6150918 684 711 694 696 721 734 6444 -4632 -1694 -223 -96 23 47 -16 -39
1533766011.6932852 684 710 693 695 721 734 6426 -4600 -1586 -27 87 -157 47 -17 -41
1533766011.7556827 685 709 694 696 721 734 6490 -4460 -1708 625 542 -165 46 -17 -42
1533766011.838222 684 710 694 695 722 732 6292 -4944 -1396 -508 12 -415 45 -18 -42
1533766011.8969462 683 705 693 696 718 735 6490 -4754 -1564 -1201 -509 -435 47 -17 -40
1533766011.9752274 678 702 693 693 717 731 6514 -4700 -1754 -581 -275 -590 46 -16 -42
1533766012.0545292 690 706 694 702 721 742 6526 -4650 -1806 -16 231 -433 44 -16 -42
1533766012.1349769 699 710 694 705 724 745 6544 -4650 -1728 325 95 209 43 -18 -45
1533766012.182029 691 704 692 699 718 741 6572 -4604 -1726 -97 -136 207 45 -17 -42
1533766012.2599604 690 703 692 699 718 739 6446 -4618 -1904 -24 164 -88 45 -17 -44
1533766012.330753 700 709 694 707 725 747 6390 -4708 -1896 678 741 -81 46 -16 -44
1533766012.398748 697 708 694 706 723 747 6526 -4596 -1690 263 366 160 44 -17 -42
1533766012.4612367 696 708 694 705 724 746 6624 -4690 -1520 582 373 319 46 -16 -44
1533766012.5237489 693 708 694 701 723 742 6488 -4594 -1692 741 391 278 45 -16 -42
1533766012.605938 694 710 694 702 724 741 6488 -4594 -1598 860 531 63 46 -18 -41
1533766012.6755378 693 708 694 703 722 744 6484 -4790 -1408 450 280 255 44 -17 -42
1533766012.7403812 697 712 695 705 726 745 6410 -4750 -1650 493 203 333 45 -16 -40
1533766012.8263474 702 717 694 709 731 749 6462 -4782 -1456 318 121 103 44 -17 -42
1533766012.8814833 694 711 630 703 724 744 6458 -4736 -1514 -85 -71 -122 46 -16 -41
1533766012.9439778 694 712 646 703 725 743 6464 -4804 -1528 18 23 -97 44 -17 -42
1533766013.0179513 692 711 659 701 724 741 6526 -4752 -1492 153 83 80 45 -17 -42
1533766013.084668 691 711 667 699 723 739 6468 -4732 -1570 116 67 -5 47 -18 -42
1533766013.1387737 693 714 673 700 726 738 6470 -4694 -1602 208 42 -43 46 -16 -42
1533766013.2170784 693 714 677 699 726 737 6532 -4642 -1554 160 134 -28 46 -17 -41
1533766013.2793653 698 719 682 703 730 741 6442 -4738 -1578 94 44 16 47 -17 -43
1533766013.3565018 692 713 681 699 724 738 6490 -4748 -1532 121 140 36 48 -17 -41
1533766013.4141328 690 713 685 697 724 736 6470 -4732 -1632 315 81 70 47 -17 -44
1533766013.4921825 690 712 685 698 723 738 6484 -4716 -1632 282 173 -10 46 -16 -42
1533766013.560659 688 711 684 696 722 736 6500 -4636 -1548 184 34 -44 48 -15 -42
1533766013.61557 687 711 685 694 722 733 6398 -4794 -1536 91 127 32 45 -16 -41
1533766013.6936827 690 713 686 697 724 736 6462 -4740 -1620 190 141 -18 47 -16 -40
1533766013.7561674 691 714 686 697 724 736 6482 -4626 -1636 216 110 -6 47 -16 -41
1533766013.8325095 693 713 686 700 725 738 6494 -4732 -1572 198 78 -10 46 -15 -40
1533766013.898556 694 715 687 700 726 739 6448 -4744 -1610 186 140 2 47 -14 -42
1533766013.9610622 693 715 687 699 726 738 6466 -4768 -1650 203 112 26 45 -17 -41
1533766014.025496 693 715 687 699 725 738 6464 -4712 -1680 282 215 21 45 -16 -42
1533766014.1061509 693 715 687 699 726 739 6430 -4678 -1612 295 223 -113 46 -16 -42
1533766014.1764858 694 717 687 700 727 739 6382 -4772 -1568 -34 148 -51 47 -16 -41
1533766014.2424164 693 715 687 700 726 739 6472 -4754 -1654 37 157 19 46 -18 -40
1533766014.3102086 692 714 687 700 725 739 6452 -4730 -1630 141 158 50 46 -16 -43
1533766014.3797832 693 715 686 700 726 739 6438 -4768 -1580 244 207 -31 48 -17 -41
1533766014.445731 694 716 686 700 726 738 6468 -4708 -1588 46 124 -25 47 -15 -40
1533766014.5083485 693 715 686 699 725 738 6410 -4724 -1654 159 157 61 48 -18 -39
1533766014.5845454 695 717 687 700 727 738 6458 -4706 -1580 120 118 -47 46 -17 -43
1533766014.6460938 694 717 686 700 727 739 6440 -4754 -1588 227 199 1 46 -17 -42
1533766014.7087226 693 716 684 700 726 739 6456 -4710 -1596 248 141 -51 45 -16 -41
1533766014.7868972 694 716 684 700 726 739 6438 -4704 -1610 278 210 35 47 -16 -42
1533766014.8778555 693 715 681 699 726 738 6452 -4788 -1562 138 93 -41 45 -15 -42
1533766014.914498 693 715 682 699 726 738 6404 -4744 -1616 224 117 -27 47 -16 -41
1533766014.9928339 693 716 679 698 726 736 6522 -4646 -1612 283 226 -81 47 -14 -44
1533766015.0553403 694 717 680 699 727 737 6432 -4734 -1626 113 55 21 46 -15 -42
1533766015.1303065 687 713 679 695 724 733 6492 -4738 -1626 237 177 65 45 -15 -44
1533766015.1979184 690 714 685 697 725 735 6394 -4756 -1586 313 111 -41 48 -16 -42
1533766015.260403 692 716 682 698 727 737 6404 -4736 -1582 83 108 -160 47 -15 -41
1533766015.3348083 695 716 673 702 727 742 6424 -4736 -1644 187 89 2 48 -17 -43
1533766015.4003499 696 718 676 703 728 742 6442 -4726 -1602 374 259 44 44 -14 -40
1533766015.4628353 694 716 673 702 727 741 6444 -4722 -1640 85 74 -50 46 -18 -41
1533766015.5409427 693 715 669 701 726 740 6422 -4770 -1620 147 135 -64 48 -15 -42
1533766015.6087837 692 716 667 699 727 737 6454 -4726 -1544 180 187 -38 47 -13 -44
1533766015.66289 693 715 673 700 726 738 6490 -4722 -1652 69 66 -113 45 -15 -40
1533766015.7409942 693 715 678 701 726 741 6468 -4720 -1604 91 103 -235 47 -15 -41
1533766015.8034813 694 715 677 701 726 741 6468 -4738 -1598 8 25 -219 48 -17 -41
1533766015.8809474 691 712 688 701 724 741 6552 -4562 -1932 621 -116 5 46 -17 -42
1533766015.9460413 691 712 694 701 724 741 6524 -4716 -1390 -55 -21 -270 46 -17 -41
1533766016.0220733 691 711 694 701 723 741 6472 -4492 -1768 -78 -263 -176 45 -16 -44
1533766016.0927153 681 710 693 687 722 724 6478 -4520 -1852 489 361 -172 47 -16 -41
1533766016.147388 676 707 691 679 719 714 6514 -4624 -1878 171 75 -130 47 -18 -44
1533766016.24086 698 711 696 710 727 752 6534 -4616 -1644 -120 -204 -23 46 -16 -43
1533766016.2878962 699 710 696 708 726 749 6564 -4552 -1768 58 162 -140 46 -17 -43
1533766016.3699732 698 712 693 701 724 743 6516 -4598 -1696 18 -24 -76 45 -19 -41
1533766016.4279838 694 706 693 701 719 743 6484 -4626 -1766 33 177 23 47 -17 -41
1533766016.5060892 699 706 695 706 721 747 6562 -4568 -1798 156 113 125 43 -16 -45
1533766016.5752604 695 701 694 705 718 746 6524 -4564 -1788 225 255 -39 46 -17 -43
1533766016.6325119 694 698 694 705 718 746 6472 -4558 -1870 507 539 247 45 -18 -43
1533766016.710618 695 698 694 705 718 747 6514 -4950 -1620 1204 1451 409 47 -18 -43
1533766016.7731035 696 700 695 705 719 747 6370 -4504 -1780 1950 1668 -310 45 -18 -43
1533766016.856913 700 706 696 707 723 747 6590 -4756 -1324 249 167 -81 45 -17 -42
1533766016.9280019 705 711 696 708 727 748 6512 -4610 -1618 -14 -187 71 46 -16 -41
1533766016.9906826 705 712 697 708 728 747 6490 -4620 -1478 50 62 178 45 -16 -40
1533766017.0583441 704 713 697 707 728 746 6472 -4748 -1452 126 110 193 45 -16 -41
1533766017.1287227 704 713 696 706 728 745 6516 -4612 -1546 11 54 59 44 -17 -41
1533766017.1944182 706 716 697 706 729 745 6462 -4670 -1566 -194 -2 71 45 -16 -40
1533766017.256807 702 714 696 703 727 742 6476 -4710 -1558 -95 -51 65 45 -17 -39
1533766017.3319263 705 716 696 704 728 744 6470 -4782 -1654 144 109 64 46 -15 -40
1533766017.3968296 703 713 695 704 726 744 6518 -4678 -1650 336 137 11 47 -17 -41
1533766017.459118 694 708 692 697 720 724 6486 -4696 -1518 140 127 25 48 -14 -40
1533766017.5218527 700 710 693 702 721 743 6444 -4718 -1626 94 161 17 48 -18 -39
1533766017.6246355 700 709 694 703 721 746 6432 -4644 -1578 327 108 -103 46 -16 -42
1533766017.6629298 704 712 694 705 724 747 6482 -4712 -1594 172 131 -67 46 -14 -41
1533766017.7410367 706 715 695 706 726 748 6512 -4714 -1596 77 73 -21 46 -16 -41
1533766017.8037374 707 716 695 707 727 748 6456 -4762 -1530 67 75 21 47 -16 -42
1533766017.87633 704 711 694 705 722 749 6442 -4696 -1688 253 160 35 45 -16 -42
1533766017.945509 706 713 694 706 724 749 6492 -4686 -1536 281 210 -75 48 -17 -40
1533766018.012429 706 714 694 706 725 749 6446 -4744 -1564 90 48 -56 46 -16 -40
1533766018.0803874 706 714 695 707 725 750 6462 -4666 -1600 124 121 32 48 -16 -41
1533766018.1362903 708 715 695 707 726 750 6482 -4700 -1574 324 149 -13 47 -18 -40
1533766018.2143993 704 712 694 706 723 749 6452 -4702 -1636 112 84 -77 47 -16 -40
1533766018.292504 705 712 694 706 724 749 6496 -4734 -1546 136 79 80 46 -16 -41
1533766018.3517299 707 715 695 708 726 750 6462 -4730 -1566 239 196 9 46 -17 -41
1533766018.4143424 706 714 695 707 725 750 6480 -4638 -1608 177 141 -38 47 -17 -42
1533766018.4768448 706 713 695 707 726 750 6460 -4668 -1578 89 72 -1 46 -15 -42
1533766018.5549335 706 713 695 707 725 750 6488 -4754 -1558 116 111 -19 46 -15 -42
1533766018.6149175 706 713 695 707 725 749 6492 -4642 -1594 290 130 -24 47 -17 -40
1533766018.693024 706 713 695 707 725 750 6450 -4678 -1648 210 128 17 47 -17 -42
1533766018.7555118 705 712 695 706 724 749 6428 -4730 -1604 214 122 -42 46 -17 -41
1533766018.8301115 706 713 695 708 725 749 6482 -4748 -1578 176 133 66 47 -16 -42
1533766018.89687 707 714 695 708 726 750 6492 -4650 -1628 232 146 -31 47 -16 -40
1533766018.974976 706 713 695 708 725 750 6488 -4700 -1656 240 135 -54 47 -16 -40
1533766019.036652 706 713 695 708 725 750 6444 -4730 -1526 203 105 33 47 -16 -42
1533766019.1047566 707 714 695 708 726 750 6492 -4710 -1588 152 157 24 45 -17 -42
1533766019.1633642 706 714 695 708 726 749 6494 -4656 -1556 253 157 12 45 -15 -41
1533766019.2412233 708 715 696 709 727 750 6454 -4666 -1636 203 119 -37 45 -16 -39
1533766019.3037248 711 718 696 709 730 751 6472 -4718 -1584 134 158 -3 45 -17 -41
1533766019.3791838 710 718 696 709 729 751 6464 -4728 -1594 263 155 -60 45 -17 -42
1533766019.4451618 709 717 696 708 728 750 6532 -4668 -1662 147 114 -66 48 -17 -42
1533766019.5076468 709 716 696 708 728 749 6472 -4726 -1592 80 -13 29 44 -15 -41
1533766019.5841358 706 713 696 707 726 749 6436 -4762 -1582 286 192 44 45 -16 -42
1533766019.6620994 706 712 695 707 725 749 6540 -4666 -1606 252 96 -21 48 -17 -43
1533766019.7091732 706 713 695 707 725 749 6464 -4672 -1628 153 106 -4 47 -17 -41
1533766019.7714052 706 712 695 707 725 749 6472 -4686 -1592 138 74 2 46 -18 -40
1533766019.8536408 707 713 695 708 726 749 6454 -4680 -1588 283 190 -9 46 -17 -44
1533766019.914298 707 714 696 708 726 750 6496 -4694 -1602 141 89 -56 46 -16 -42
1533766019.9765277 708 714 696 708 726 749 6468 -4682 -1594 49 103 -53 46 -18 -42
1533766020.0546167 707 715 696 708 727 750 6466 -4674 -1650 55 114 -23 43 -15 -41
1533766020.1282997 707 715 696 708 727 749 6422 -4570 -1658 -148 -50 -89 47 -18 -42
1533766020.1947358 707 715 696 708 727 750 6434 -4614 -1792 579 295 228 47 -19 -40
1533766020.257222 706 712 695 708 725 751 6462 -4690 -1610 -696 -361 -621 47 -17 -43
1533766020.3606975 704 708 695 707 722 750 6538 -4640 -1756 267 -111 424 46 -16 -42
1533766020.3985531 692 707 692 689 719 727 6370 -4778 -1832 -33 128 -412 48 -16 -41
1533766020.4766839 680 703 691 678 716 713 6538 -4612 -1740 -338 34 -286 46 -17 -43
1533766020.5392606 694 703 693 694 721 732 6636 -4394 -1752 -385 -346 24 46 -17 -44
1533766020.6166906 701 704 696 704 724 743 6492 -4632 -1804 194 320 -258 45 -16 -45
1533766020.6794343 699 698 695 705 720 745 6520 -4292 -1844 -20 -128 27 47 -16 -41
1533766020.7572837 699 705 696 698 726 734 6406 -4754 -1660 -10 209 -126 45 -15 -43
1533766020.8289564 705 705 692 702 730 734 6552 -4634 -1820 202 107 169 48 -18 -44
1533766020.8967018 688 695 691 690 719 725 6496 -4746 -1918 185 414 -64 48 -18 -45
1533766020.9591875 690 696 692 693 719 733 6432 -4668 -1832 906 740 354 47 -18 -43
1533766021.05413 696 701 675 697 723 734 6454 -4640 -1696 1079 845 -108 47 -17 -44
1533766021.108562 698 704 695 700 724 738 6424 -4668 -1624 703 407 -113 46 -15 -41
1533766021.1668544 699 703 682 700 724 739 6612 -4598 -1478 107 -194 -73 46 -14 -41
1533766021.2451932 698 704 695 697 723 737 6506 -4480 -1752 -107 -191 -11 44 -17 -41
1533766021.318105 685 703 693 683 720 717 6504 -4660 -1690 322 41 115 47 -16 -42
1533766021.3812518 684 705 692 681 722 715 6500 -4630 -1624 37 4 -23 46 -16 -42
1533766021.4437373 696 707 692 695 725 731 6516 -4654 -1612 151 74 65 47 -18 -42
1533766021.5062203 694 708 685 692 725 728 6506 -4626 -1684 190 174 35 46 -16 -42
1533766021.5871716 697 708 639 696 726 733 6500 -4602 -1706 115 110 18 47 -18 -39
1533766021.6453419 695 707 637 694 725 730 6470 -4648 -1654 191 98 0 46 -17 -41
1533766021.7232141 694 707 637 693 724 730 6466 -4658 -1632 228 162 7 46 -17 -42
1533766021.785701 693 707 637 691 724 726 6492 -4608 -1752 311 195 65 47 -17 -41
1533766021.8560386 694 709 639 691 726 726 6462 -4674 -1728 246 121 44 46 -18 -40
1533766021.9142277 699 711 637 694 727 731 6486 -4642 -1698 221 95 0 46 -17 -43
1533766021.9923332 687 709 637 681 723 710 6460 -4594 -1632 277 223 -68 47 -15 -41
1533766022.059952 707 714 643 705 731 742 6488 -4668 -1708 197 103 28 46 -17 -43
1533766022.1158535 690 710 643 684 725 718 6502 -4610 -1620 262 196 1 47 -16 -42
1533766022.193959 682 708 642 674 722 705 6456 -4618 -1690 215 130 -47 47 -16 -41
1533766022.256677 699 712 647 696 728 731 6456 -4736 -1642 109 86 0 47 -17 -40
1533766022.3300636 697 711 650 694 727 730 6504 -4670 -1784 157 42 -40 48 -17 -42
1533766022.412401 697 714 649 694 729 730 6466 -4694 -1684 273 186 2 46 -16 -40
1533766022.4592643 699 712 655 695 727 732 6530 -4644 -1626 131 138 -96 45 -18 -42
1533766022.5373695 699 711 656 695 727 732 6512 -4812 -1466 -774 -334 -378 46 -17 -41
1533766022.6106505 698 711 657 694 727 731 6480 -4640 -1740 -830 -182 -450 46 -17 -41
1533766022.6782036 691 709 658 686 724 721 6458 -4572 -1856 -682 -168 -257 44 -17 -42
1533766022.7406876 695 710 653 691 726 727 6468 -4542 -1920 -228 -256 -253 48 -18 -42
1533766022.8280437 697 710 658 693 726 729 6516 -4600 -1990 -419 -211 -278 46 -17 -42
1533766022.8969047 702 715 665 696 730 732 6530 -4598 -1886 21 -100 -157 46 -19 -44
1533766022.9595706 705 717 667 699 732 735 6456 -4692 -1836 -930 -177 -413 48 -21 -44
1533766023.0401492 706 717 667 700 732 737 6474 -4436 -2148 -582 -237 -577 45 -18 -46
1533766023.1373756 708 718 663 703 733 740 6604 -4276 -2102 -552 -149 -517 45 -19 -42
1533766023.1842868 707 717 661 702 732 739 6616 -4048 -2316 -381 50 -326 44 -19 -46
1533766023.2513041 706 717 692 702 732 739 6566 -4258 -2340 -560 64 -318 45 -18 -48
1533766023.3258185 712 718 693 708 733 746 6678 -4206 -2102 249 648 -405 45 -20 -46
1533766023.3966308 712 717 693 708 733 747 6604 -4154 -2314 118 -419 276 44 -20 -46
1533766023.4612663 714 718 692 710 734 750 6514 -4542 -2048 599 492 387 44 -21 -47
1533766023.5237517 714 717 691 712 734 751 6476 -4460 -2156 424 34 -27 44 -18 -46
1533766023.5980017 717 718 690 713 734 754 6704 -4222 -2112 277 66 113 44 -18 -47
1533766023.660488 717 717 684 714 734 754 6544 -4390 -2170 -165 63 126 45 -19 -46
1533766023.7232041 719 719 682 716 735 755 6482 -4336 -2316 271 215 -5 46 -20 -48
1533766023.8167017 720 720 682 717 737 756 6688 -4248 -2062 238 29 -5 44 -20 -47
1533766023.874308 717 717 683 716 734 757 6530 -4336 -2204 225 365 155 44 -18 -46
1533766023.931222 719 718 684 716 735 756 6590 -4326 -2074 177 197 -135 43 -20 -47
1533766024.0125322 720 719 679 716 736 757 6614 -4362 -2076 399 237 43 43 -20 -47
1533766024.081918 718 718 679 715 735 756 6560 -4284 -2132 90 158 -284 46 -20 -45
1533766024.1513665 718 718 678 714 735 755 6636 -4256 -2154 177 158 -118 44 -18 -45
1533766024.2138515 716 719 674 713 734 752 6624 -4372 -2084 -4 122 -86 44 -19 -46
1533766024.2861257 713 719 674 707 733 745 6582 -4304 -2164 133 67 -81 47 -19 -45
1533766024.3571844 714 719 674 708 735 746 6592 -4310 -2064 424 339 -70 44 -19 -46
1533766024.4140084 714 720 674 708 735 745 6566 -4270 -2216 95 68 -168 45 -19 -44
1533766024.5077338 713 720 675 707 735 744 6638 -4340 -2086 137 12 -78 43 -21 -45
1533766024.562253 714 719 673 708 735 746 6608 -4280 -2076 366 228 -62 42 -19 -46
1533766024.629855 711 717 673 707 732 745 6568 -4258 -2166 243 233 54 44 -19 -48
1533766024.6925144 713 718 673 707 734 745 6598 -4268 -2098 118 175 -101 42 -19 -45
1533766024.7704499 711 717 672 706 732 745 6584 -4242 -2142 211 247 -92 46 -20 -47
1533766024.8381522 710 717 672 706 733 744 6624 -4304 -2098 249 61 -16 43 -20 -46
1533766024.898254 710 715 669 706 731 745 6626 -4296 -2190 109 110 -121 46 -19 -46
1533766024.976529 709 714 671 705 730 745 6612 -4228 -2128 84 73 -107 43 -21 -47
1533766025.037889 707 714 673 704 730 743 6690 -4208 -2158 18 -66 -97 44 -20 -46
1533766025.1136634 708 714 672 705 730 744 6604 -4304 -2020 166 226 -51 43 -19 -46
1533766025.2135258 703 712 671 701 727 740 6614 -4300 -2094 39 150 -156 43 -21 -46
1533766025.2481835 708 713 672 705 729 744 6572 -4240 -2290 25 -167 -455 43 -22 -44
1533766025.3224027 711 716 673 708 732 746 6620 -4002 -2282 413 288 -296 42 -22 -47
1533766025.3917766 713 717 674 708 733 748 6670 -4206 -2012 143 263 167 42 -22 -47
1533766025.4464202 713 718 674 709 734 748 6538 -4298 -2192 296 146 175 45 -20 -45
1533766025.5247881 713 718 676 709 733 748 6626 -4224 -2220 443 97 59 44 -20 -45
1533766025.597059 714 718 676 709 734 748 6652 -4044 -2152 169 281 -20 42 -20 -47
1533766025.6634662 711 717 675 707 733 746 6624 -4154 -2224 -8 152 233 44 -19 -46
1533766025.7259514 708 717 675 703 732 742 6530 -4372 -2148 100 182 -53 45 -22 -44
1533766025.788437 709 717 675 704 732 742 6700 -4166 -2166 381 403 -30 42 -19 -46
1533766025.881593 708 717 674 702 732 739 6676 -4170 -2106 221 335 45 42 -20 -44
1533766025.9408834 704 715 674 699 730 736 6556 -4434 -2128 341 216 -41 43 -19 -45
1533766026.0094588 706 715 675 702 731 739 6652 -4212 -2050 359 272 40 45 -22 -45
1533766026.0766363 704 714 674 701 730 738 6564 -4448 -2138 91 129 119 45 -21 -46
1533766026.131835 706 713 674 703 730 742 6572 -4210 -2240 -12 44 -169 44 -21 -46
1533766026.2142816 706 714 674 703 729 741 6778 -3932 -2286 -357 252 -349 46 -20 -44
1533766026.2823284 707 715 674 703 730 741 6692 -4086 -2230 -198 122 142 43 -20 -45
1533766026.3562813 708 716 674 703 731 741 6518 -4378 -2152 220 254 -62 42 -22 -44
1533766026.4123127 708 715 674 703 731 741 6666 -4300 -2010 903 268 53 43 -19 -46
1533766026.4791558 707 714 674 703 729 741 6716 -4232 -1900 595 24 118 44 -21 -45
1533766026.571551 705 714 674 702 729 741 6594 -4652 -2132 92 -383 -647 45 -21 -45
1533766026.6311734 698 711 673 694 726 731 6632 -4488 -1820 827 119 384 44 -20 -46
1533766026.6936886 701 711 673 698 727 735 6630 -4100 -2118 -29 124 -56 44 -20 -48
1533766026.7561443 702 711 672 699 727 737 6712 -4150 -2228 61 186 111 42 -22 -46
1533766026.8380063 702 711 672 699 727 737 6536 -4476 -2078 84 164 138 43 -22 -46
1533766026.8960845 702 711 672 699 726 737 6604 -4186 -2146 -82 335 -296 44 -20 -46
1533766026.9655054 702 711 672 699 726 737 6702 -4200 -2188 102 26 -29 44 -19 -46
1533766027.0392714 702 711 671 699 726 737 6678 -4432 -1982 433 53 297 43 -21 -45
1533766027.11274 701 711 671 698 726 736 6582 -4278 -2132 104 64 -103 47 -21 -45
1533766027.167546 701 710 671 697 726 735 6704 -4084 -2180 -18 71 -234 42 -20 -46
1533766027.261317 701 711 671 698 726 737 6642 -4412 -1924 369 301 132 44 -20 -46
1533766027.3082361 701 710 670 698 726 736 6652 -4194 -2164 162 23 35 44 -20 -45
1533766027.386581 701 710 670 698 726 735 6664 -4270 -2068 88 109 -51 43 -20 -46
