1533770594.3918364 607 616 643 605 666 581 3156 -5850 -4786 63 206 -295 80 -4 -84
1533770594.4542356 608 616 643 605 666 581 2882 -5894 -4994 -62 216 -20 79 -3 -84
1533770594.5167203 607 616 643 605 666 581 3126 -5906 -4684 329 80 23 80 -2 -87
1533770594.595052 608 616 643 605 666 581 2872 -6056 -4682 331 248 -82 81 -2 -84
1533770594.6573124 607 616 643 605 666 581 3112 -5800 -4940 -149 61 -45 80 -2 -86
1533770594.719798 608 616 643 606 666 581 3062 -5836 -4820 300 215 108 81 -2 -87
1533770594.8027236 608 616 643 605 666 581 2930 -5946 -4848 189 171 -72 81 -2 -83
1533770594.8695316 608 616 643 605 666 581 3054 -5720 -4878 592 -42 153 78 -1 -85
1533770594.940064 608 616 643 606 666 581 2954 -6090 -4916 -310 427 -52 81 -2 -84
1533770595.0065055 608 616 643 606 667 581 2940 -5932 -4874 -281 69 68 81 -3 -84
1533770595.1009662 608 616 643 605 666 581 3074 -5706 -4864 184 217 -18 82 -3 -85
1533770595.1946929 609 616 643 606 667 582 2922 -5870 -4746 94 238 109 80 -1 -85
1533770595.251172 609 616 643 606 667 582 2976 -5928 -4880 57 153 -156 79 -2 -84
1533770595.290403 610 617 643 607 668 582 2970 -5796 -5058 250 231 77 80 -3 -85
1533770595.3442512 610 616 643 607 667 582 2946 -5952 -4778 338 168 66 81 -3 -85
1533770595.4110732 610 616 643 607 667 582 2962 -5850 -4864 107 75 174 81 -1 -83
1533770595.4778938 610 616 644 607 668 582 2984 -5910 -4892 331 178 32 80 -4 -85
1533770595.544715 611 617 643 607 668 582 3016 -5900 -4808 86 181 153 82 -2 -86
1533770595.6125348 611 617 643 607 668 582 2856 -6058 -4816 303 140 58 81 -1 -85
1533770595.678357 611 617 644 608 668 582 3056 -5894 -4852 -16 1 -92 81 -1 -84
1533770595.7741015 611 617 643 607 668 582 2938 -5988 -4788 242 175 71 81 -2 -85
1533770595.8110027 611 617 644 608 668 582 2940 -5864 -4932 43 53 -27 81 -2 -86
1533770595.8778305 612 617 644 608 668 583 3022 -5816 -4924 305 108 55 81 -2 -83
1533770595.9446456 612 617 644 608 668 583 2956 -5946 -4852 48 151 -15 81 0 -85
1533770596.0134625 611 617 644 608 668 582 2940 -6048 -4772 298 106 -168 81 -1 -85
1533770596.0792873 611 617 643 608 668 583 2958 -5842 -5026 17 16 -64 79 -2 -86
1533770596.1451101 612 617 643 608 668 582 3012 -5814 -5000 299 150 18 83 0 -86
1533770596.2053711 611 617 644 608 668 582 2970 -5904 -4898 30 105 -52 81 -2 -85
1533770596.2678654 612 617 644 608 668 583 3058 -5858 -4844 321 222 -7 81 -2 -86
1533770596.3481944 612 617 644 608 669 582 2920 -5770 -5026 156 235 -125 80 -2 -84
1533770596.435676 611 617 643 608 668 582 3052 -5910 -4730 274 238 -41 81 -1 -85
1533770596.4825394 612 617 644 608 668 583 2906 -5952 -4836 45 56 -193 82 -2 -85
1533770596.545025 612 617 644 608 668 583 3078 -5772 -4994 -151 170 340 81 -2 -83
1533770596.6137228 612 617 644 608 669 583 3012 -5846 -4868 -11 199 -54 81 -2 -86
1533770596.675949 611 617 643 608 668 583 2972 -5870 -4902 24 206 121 80 1 -86
1533770596.7540553 612 617 644 608 668 583 2990 -5798 -4910 -74 52 101 81 -3 -86
1533770596.8165407 612 617 644 608 668 583 2948 -5798 -4982 284 196 31 81 -2 -84
1533770596.8878603 612 617 643 608 668 583 3044 -5868 -4848 186 123 33 82 -3 -84
1533770596.9574246 612 617 644 608 668 583 2954 -5746 -5024 290 112 -227 81 -4 -84
1533770597.0247068 612 617 644 608 668 583 2998 -5980 -4788 295 -46 -103 82 -3 -86
1533770597.1169508 612 617 644 608 669 583 3052 -5798 -4846 16 26 34 80 -2 -86
1533770597.1481948 612 617 644 608 668 583 3018 -5796 -4918 313 93 96 81 -1 -86
1533770597.226699 612 617 644 608 668 583 3056 -5780 -4912 120 182 -116 80 -1 -86
1533770597.290596 612 617 644 608 668 583 2940 -5828 -4908 172 187 -94 82 -1 -85
1533770597.3606853 612 617 644 608 668 583 3066 -5904 -4764 279 172 80 83 0 -85
1533770597.4206107 612 617 643 608 668 583 3110 -5792 -4882 63 191 -64 82 -2 -85
1533770597.4853752 612 617 644 608 668 583 2962 -5762 -4936 74 -82 17 81 -2 -85
1533770597.5478604 612 617 644 608 668 583 2878 -5834 -4888 596 243 -24 81 0 -87
1533770597.6259685 612 617 644 608 669 583 3058 -5740 -5052 391 339 98 81 -2 -83
1533770597.695696 612 617 644 608 668 583 2814 -6036 -4888 306 402 329 82 -1 -84
1533770597.786795 612 617 644 608 668 583 2866 -6036 -4764 -263 126 200 81 -3 -85
1533770597.8306 612 617 644 608 668 583 3156 -5672 -4922 181 140 1 83 -2 -86
1533770597.887687 612 617 644 608 668 583 2842 -5898 -4930 708 427 234 84 0 -85
1533770597.9655182 612 617 644 608 668 583 3024 -5904 -4830 -40 202 209 80 -2 -85
1533770598.032322 612 617 644 608 668 583 3098 -5736 -4946 68 230 11 84 -2 -84
1533770598.0899587 612 617 644 608 669 583 2990 -5878 -4850 459 158 -23 81 0 -86
1533770598.152445 612 617 644 608 668 583 2970 -5898 -4894 363 129 78 82 0 -84
1533770598.2326715 612 617 644 608 668 583 3056 -5866 -4718 -137 11 102 82 -2 -86
1533770598.2858005 612 618 644 608 669 583 2996 -5776 -4876 66 152 44 82 -3 -85
1533770598.3649833 612 617 644 608 668 583 2996 -5848 -4940 66 153 62 83 -2 -87
1533770598.435206 612 617 644 608 669 583 3018 -5744 -4960 163 101 -119 82 -2 -86
1533770598.4987981 612 617 644 608 669 583 2946 -5924 -4832 65 95 17 82 -1 -86
1533770598.5533235 612 617 644 608 668 583 2948 -5934 -4920 158 125 -95 82 -1 -83
1533770598.6314263 612 617 644 608 669 583 2942 -5846 -4962 33 167 5 80 -3 -86
1533770598.6939118 612 617 644 608 668 583 3040 -5754 -4940 197 170 17 81 -3 -85
1533770598.7563968 612 617 644 608 669 583 2944 -5994 -4782 164 173 -24 81 -1 -84
1533770598.8190732 612 617 644 608 668 583 2906 -5808 -5018 238 54 37 82 -2 -84
1533770598.8891737 612 617 644 608 668 583 2924 -5826 -4948 220 75 49 81 -3 -85
1533770598.9658704 612 617 644 608 668 583 2954 -5924 -4998 628 -97 106 81 0 -85
1533770599.0336862 613 617 644 608 669 583 2938 -5792 -4830 606 3 170 81 0 -86
1533770599.102225 613 617 644 608 669 583 3012 -5892 -4810 313 62 35 82 0 -86
1533770599.1505797 613 617 644 608 669 583 2926 -5996 -4822 379 135 -62 81 -1 -84
1533770599.222636 613 617 644 608 669 583 2962 -5924 -4914 361 -21 113 81 0 -84
1533770599.2851222 612 617 644 608 669 583 2898 -5946 -4866 276 187 31 81 0 -84
1533770599.36529 612 618 644 608 669 583 3090 -5802 -4828 268 -13 -10 83 -2 -85
1533770599.4202116 612 617 644 608 668 583 2972 -5896 -4714 509 240 2 82 1 -84
1533770599.4991348 612 617 644 608 668 583 2938 -5930 -4816 341 156 -49 81 -1 -85
1533770599.5540996 613 617 644 608 668 583 2960 -5930 -4826 339 177 23 81 0 -85
1533770599.6322205 612 618 644 608 668 583 2844 -5974 -4856 183 120 49 81 -1 -85
1533770599.6969733 612 617 644 608 669 583 3008 -5840 -4896 243 93 10 81 0 -83
1533770599.7710917 613 618 644 608 669 583 2924 -6004 -4712 345 88 96 84 0 -85
1533770599.8288627 613 618 644 608 669 583 2996 -5878 -4766 400 192 -84 84 0 -84
1533770599.888996 613 618 644 608 669 583 2966 -5946 -4710 302 64 -30 82 1 -85
1533770599.9621336 612 618 644 608 669 583 2916 -5954 -4766 436 203 15 80 -1 -85
1533770600.0298576 613 618 644 608 669 584 2930 -5944 -4786 102 106 -41 82 -1 -84
1533770600.088064 613 618 644 608 669 583 2918 -6012 -4694 306 145 46 82 -1 -85
1533770600.1503913 613 618 644 608 669 583 2982 -5972 -4772 323 183 -90 82 -3 -83
1533770600.2308302 613 618 644 608 669 583 2886 -5914 -4880 429 142 68 83 0 -84
1533770600.2878225 613 618 644 608 669 583 3080 -6120 -4730 -213 -199 -182 81 0 -82
1533770600.3604586 613 618 644 608 669 583 2928 -5918 -4866 186 141 20 80 -1 -83
1533770600.4411294 613 618 644 608 669 583 2976 -5926 -4816 80 -66 66 81 0 -84
1533770600.4995935 613 618 644 608 669 583 2962 -5928 -4722 403 186 -45 82 0 -84
1533770600.569225 613 618 644 608 669 583 3142 -6020 -4718 -22 -133 128 83 -1 -84
1533770600.63785 613 617 644 608 669 583 2960 -5884 -4682 313 180 -145 82 -2 -85
1533770600.704672 611 617 644 607 668 583 3056 -6038 -4670 130 -120 73 82 0 -86
1533770600.7722104 605 616 643 603 664 581 2902 -5940 -4712 29 991 -56 82 -2 -84
1533770600.8389366 600 614 643 598 661 579 2856 -5984 -4840 -250 58 -53 81 1 -84
1533770600.9078205 613 638 645 599 656 613 2782 -6126 -4988 -367 147 260 82 1 -84
1533770600.9745774 635 641 650 617 671 616 2936 -5978 -4964 864 17 443 80 -1 -86
1533770601.0377483 641 648 652 620 671 606 2990 -5962 -4732 179 -508 489 82 0 -86
1533770601.110861 628 636 649 614 670 610 2762 -6016 -4754 328 137 58 83 1 -86
1533770601.173347 625 634 649 614 672 605 2916 -5892 -4654 -74 -76 -13 83 1 -85
1533770601.243868 629 641 649 615 674 606 2734 -6054 -5160 227 634 -366 82 0 -85
1533770601.31395 594 613 643 594 658 577 1886 -5618 -4434 316 2893 -1681 84 1 -84
1533770601.3732917 597 612 643 598 659 579 3200 -6134 -4666 -2001 -682 -134 82 0 -83
1533770601.4517336 571 606 640 578 644 570 2836 -5772 -5036 -294 96 224 82 1 -85
1533770601.5199265 592 610 642 594 657 577 3116 -5802 -4886 459 -57 -66 82 -1 -84
1533770601.582412 594 611 642 595 657 577 2988 -5850 -4862 15 -65 154 82 -1 -85
1533770601.6448975 590 610 642 592 655 576 3000 -5826 -4900 460 54 -73 82 -2 -84
1533770601.722329 586 609 641 589 652 574 2968 -5966 -4798 327 201 97 81 -3 -84
1533770601.8194065 596 611 642 597 658 578 2954 -5872 -4946 391 101 2 82 -1 -85
1533770601.8558264 597 612 642 598 659 578 2970 -5840 -4822 218 149 -59 80 0 -88
1533770601.9183128 595 611 643 597 658 578 2984 -5922 -4840 262 225 59 81 -1 -84
1533770601.9807973 598 612 643 598 659 578 2954 -5912 -4846 304 177 12 81 -2 -85
1533770602.0414808 594 611 642 595 656 577 3016 -5834 -4836 40 51 5 82 -2 -86
1533770602.1195872 599 612 643 599 660 579 2984 -5954 -4730 483 241 43 81 -1 -84
1533770602.1820743 605 614 644 604 663 581 2980 -5934 -4824 237 191 -4 82 -2 -82
1533770602.2445922 606 614 644 604 664 581 2978 -5912 -4808 310 143 -84 80 -1 -83
1533770602.3070455 606 614 643 605 665 582 2922 -5980 -4852 305 219 -13 81 0 -86
1533770602.3888783 607 614 644 605 664 582 2998 -5906 -4870 258 131 41 80 -2 -84
1533770602.466656 607 614 644 605 665 582 2998 -5970 -4832 296 246 48 83 1 -83
1533770602.5214822 606 614 644 605 664 582 2938 -5978 -4916 268 147 -23 82 -1 -85
1533770602.5839016 606 614 644 605 664 581 3040 -5892 -4828 281 117 62 81 -2 -84
1533770602.6461933 607 614 644 605 665 582 3032 -6058 -4680 472 212 -161 82 -3 -84
1533770602.7247152 607 614 644 605 665 582 2910 -5904 -4856 216 83 77 82 -2 -83
1533770602.786778 607 615 644 605 665 582 3038 -6018 -4714 149 201 19 83 0 -83
1533770602.8572445 607 615 644 605 665 582 2988 -5932 -4830 279 131 16 81 0 -83
1533770602.9203296 606 614 643 604 664 581 3026 -5978 -4700 99 78 3 79 -1 -81
1533770602.9829283 608 615 644 606 665 582 3028 -5910 -4786 400 162 17 82 -1 -83
1533770603.053653 608 614 644 606 665 582 3154 -5836 -4804 225 212 -145 83 0 -84
1533770603.1159198 608 615 644 606 665 582 2754 -6136 -4764 287 -19 341 83 0 -82
1533770603.18974 608 615 644 606 665 582 3094 -5840 -4796 257 -78 67 82 -2 -83
1533770603.255332 608 615 644 606 665 582 2972 -6024 -4728 408 153 28 81 0 -84
1533770603.324442 608 615 644 606 665 582 2898 -6086 -4752 490 259 -24 80 -2 -83
1533770603.3883436 608 615 644 606 666 582 2928 -6016 -4744 225 -4 64 81 1 -83
1533770603.454429 608 615 644 606 666 582 3008 -5928 -4752 450 66 31 83 1 -84
1533770603.5067751 608 615 644 606 666 582 2934 -6062 -4780 275 116 50 82 -1 -84
1533770603.5849 608 615 644 606 666 582 2924 -6030 -4752 307 189 54 82 -1 -84
1533770603.6475189 608 615 644 606 666 582 2956 -6026 -4772 91 133 -40 83 -1 -83
1533770603.7209332 609 615 644 606 666 582 2946 -6042 -4670 398 202 43 82 0 -82
1533770603.7857802 608 615 644 606 666 582 2940 -5996 -4742 130 153 -39 83 0 -83
1533770603.8552275 608 615 644 606 666 582 2960 -5966 -4730 342 177 31 82 -2 -85
1533770603.9204998 608 615 644 606 666 582 3158 -6152 -4156 84 90 171 81 2 -81
1533770603.987404 609 615 644 606 666 582 3000 -5860 -4624 -29 111 122 82 0 -83
1533770604.054405 608 615 645 606 666 582 3156 -5858 -4528 -103 74 262 82 -1 -83
1533770604.1166615 605 613 644 604 664 581 2846 -5980 -4638 -188 45 249 83 -1 -83
1533770604.1791477 604 622 645 600 658 595 2988 -5856 -4872 15 160 154 82 1 -84
1533770604.2567198 607 634 646 598 654 614 2884 -5908 -4762 210 113 176 83 0 -85
1533770604.3192017 622 638 649 608 663 614 2848 -6010 -4870 -17 -360 273 83 1 -85
1533770604.3900664 602 622 645 599 661 589 2844 -6090 -4770 -135 -58 58 84 -1 -83
1533770604.4725294 628 643 650 611 669 616 2844 -6022 -4974 45 290 -5 84 1 -84
1533770604.52081 628 643 650 608 669 614 2856 -6012 -5154 1105 801 -257 84 2 -85
1533770604.5832803 595 615 643 595 660 578 2640 -5902 -4512 467 3478 -1004 82 2 -84
1533770604.661489 584 609 641 587 651 574 2960 -6322 -4606 -791 -398 111 81 1 -81
1533770604.7335608 593 610 642 595 657 578 2974 -5776 -4792 -108 -12 121 81 1 -81
1533770604.7879045 590 610 642 593 655 576 3022 -5942 -4768 253 230 -47 83 1 -82
1533770604.8669107 589 609 642 592 655 576 2960 -5930 -4748 53 48 210 81 -1 -81
1533770604.9356918 590 609 642 593 654 576 3058 -6130 -4600 -47 138 -121 84 0 -84
1533770604.9897032 587 609 642 591 653 576 3004 -5894 -4924 175 54 29 81 -2 -83
1533770605.0544453 589 609 642 593 654 576 3110 -6086 -4556 50 75 106 82 -2 -81
1533770605.135277 592 610 642 595 656 577 2952 -5902 -4964 394 173 4 84 -3 -83
1533770605.1999545 588 609 642 592 654 576 3000 -5992 -4700 106 102 56 83 -2 -85
1533770605.255752 590 609 642 593 654 576 3058 -5940 -4756 304 240 -51 82 0 -83
1533770605.3325043 590 609 642 593 654 576 2968 -5988 -4858 424 158 5 81 0 -85
1533770605.3891804 589 610 642 592 654 576 3064 -5920 -4718 -106 36 50 82 1 -84
1533770605.4637613 587 609 641 589 651 574 3022 -5946 -4694 322 239 52 84 0 -83
1533770605.5224793 593 611 642 595 656 578 3044 -5962 -4764 303 116 4 81 0 -82
1533770605.5849657 595 611 642 596 657 578 3010 -5960 -4756 241 116 10 81 0 -82
1533770605.6475172 592 610 642 594 655 577 3120 -5976 -4718 380 189 -19 82 0 -82
1533770605.7305858 602 612 643 601 662 580 2940 -6014 -4696 420 274 -57 82 -1 -82
1533770605.8061707 606 613 644 605 664 582 2992 -5950 -4802 114 78 -95 84 0 -82
1533770605.8563368 607 613 644 605 664 582 3046 -6012 -4694 404 204 -7 83 0 -82
1533770605.9188366 607 614 644 606 664 582 2986 -6040 -4648 252 158 -30 83 2 -83
1533770605.988629 607 614 644 606 664 582 3018 -5968 -4662 204 238 -13 84 -1 -83
1533770606.0567424 607 613 644 605 664 582 3004 -5988 -4666 316 186 -22 79 -1 -81
1533770606.1192262 607 614 644 606 665 582 3006 -6064 -4700 176 125 -6 81 -1 -83
1533770606.1983836 607 614 644 605 665 582 3030 -5954 -4650 136 128 74 82 0 -82
1533770606.2560828 607 614 644 605 665 582 3036 -5978 -4696 278 186 10 83 0 -82
1533770606.330372 607 614 644 605 664 582 3044 -5976 -4732 134 90 -28 82 1 -84
1533770606.3882432 606 614 644 605 664 582 3052 -6006 -4616 89 125 32 83 1 -82
1533770606.4821095 607 614 644 605 664 582 2968 -5938 -4660 150 182 -92 81 1 -81
1533770606.5220897 606 614 644 605 665 582 2958 -6016 -4802 300 195 28 81 -1 -82
1533770606.5848207 606 614 644 605 664 582 3050 -6002 -4742 13 23 -89 83 0 -81
1533770606.6470556 606 614 644 605 664 582 3022 -6004 -4718 178 201 20 83 0 -82
1533770606.727461 607 614 644 605 664 582 3066 -5878 -4738 427 78 128 82 -1 -83
1533770606.7876997 607 614 644 605 664 582 2976 -6046 -4664 146 177 -46 81 -1 -81
1533770606.8616536 605 614 644 604 663 581 3066 -5972 -4712 113 63 102 82 0 -83
1533770606.9207346 605 613 644 604 663 581 3018 -5948 -4734 411 205 -30 83 0 -83
1533770606.9900815 591 611 642 593 655 577 3058 -5922 -4806 51 92 49 81 -1 -81
1533770607.053959 594 611 642 596 657 578 3042 -5984 -4618 326 144 -4 81 0 -82
1533770607.1476846 593 611 642 595 656 577 3002 -5876 -4802 159 196 129 83 -1 -82
1533770607.1934578 596 612 642 596 658 578 3086 -6034 -4684 -79 10 -55 82 1 -81
1533770607.2561479 599 613 643 600 661 580 3074 -5898 -4698 498 229 142 81 0 -83
1533770607.3252118 599 612 643 599 659 579 3100 -5966 -4584 30 91 -7 82 -1 -81
1533770607.3879864 604 613 643 603 663 581 3042 -5958 -4676 574 176 37 83 0 -82
1533770607.4582083 603 614 643 603 662 581 3054 -6034 -4592 283 119 11 82 -2 -82
1533770607.521318 597 612 643 597 658 578 3116 -5902 -4748 360 275 -63 84 0 -83
1533770607.583626 594 611 643 595 657 577 2954 -6076 -4670 121 240 106 82 0 -81
1533770607.6461096 604 613 644 603 664 581 3028 -6062 -4664 402 67 -71 83 0 -82
1533770607.7260273 600 613 643 600 660 580 3102 -5988 -4662 209 133 96 82 0 -82
1533770607.786916 595 611 643 596 657 578 3014 -5974 -4656 101 110 -141 81 2 -83
1533770607.8590443 588 610 642 595 657 578 2994 -6018 -4636 163 145 31 83 0 -81
1533770607.9192042 606 614 644 604 664 582 2790 -5990 -5226 71 -189 251 82 -2 -83
1533770607.9888833 601 613 643 600 660 580 2844 -6076 -4628 311 89 -34 84 -1 -83
1533770608.0572338 588 609 642 592 653 576 3096 -5962 -4348 -102 177 -176 83 2 -84
1533770608.1197877 609 618 645 606 663 590 3026 -6072 -4288 -1510 -53 305 81 0 -82
1533770608.2007442 615 622 647 610 666 596 2902 -6140 -5092 -187 -254 993 82 0 -83
1533770608.2556853 617 625 647 610 666 599 2950 -6052 -4644 371 -225 -3 83 1 -84
1533770608.3357866 615 622 647 609 666 594 2842 -6106 -4798 86 335 -141 82 1 -81
1533770608.4041054 612 626 647 604 665 595 3000 -5994 -4882 201 210 -65 82 1 -83
1533770608.486382 599 618 645 597 661 582 2672 -6200 -5100 533 545 -293 81 2 -83
1533770608.5366666 608 616 645 605 668 583 2834 -5878 -4444 -25 1513 -311 85 3 -82
1533770608.59915 607 614 644 605 665 582 2994 -6148 -4602 -1307 -728 53 83 1 -83
1533770608.6616335 606 613 644 605 665 582 3002 -5848 -4812 649 75 117 81 -2 -82
1533770608.7381706 605 612 644 604 664 582 3128 -5950 -4640 130 198 -241 83 0 -83
1533770608.8102322 596 611 643 598 659 579 3030 -5922 -4786 210 80 155 81 0 -83
1533770608.873049 587 609 641 591 653 575 2994 -5990 -4626 34 178 -78 81 1 -82
1533770608.9355397 585 608 641 589 652 575 3022 -6052 -4770 282 121 17 83 -1 -82
1533770609.0113208 602 612 643 602 662 580 3020 -5934 -4736 290 160 -44 82 -2 -81
1533770609.069742 585 608 641 588 651 575 3038 -5836 -4760 69 71 167 81 1 -82
1533770609.147662 591 610 642 593 654 576 3006 -6014 -4664 195 160 43 84 1 -82
1533770609.210801 590 610 642 593 654 577 3012 -5902 -4830 278 179 -39 82 -1 -83
1533770609.271113 595 610 643 596 657 578 3126 -5992 -4578 43 135 -6 82 2 -83
1533770609.3413548 583 608 641 587 650 574 3004 -5962 -4850 449 165 16 83 1 -83
1533770609.4046185 583 608 641 587 650 574 3054 -5980 -4754 32 83 39 84 -1 -85
1533770609.4732068 583 608 641 587 650 574 2982 -5972 -4758 289 220 -73 82 0 -83
1533770609.5374436 582 608 641 586 649 574 3026 -5906 -4640 125 100 33 84 -1 -82
1533770609.6001587 583 608 641 587 650 574 3040 -5976 -4692 240 160 -87 83 0 -81
1533770609.6624143 584 608 641 588 651 575 3042 -5990 -4706 287 142 53 83 0 -82
1533770609.7400684 584 609 641 588 651 575 3034 -5912 -4746 256 169 -54 83 -1 -82
1533770609.814781 584 608 641 588 651 574 3038 -6012 -4722 295 135 39 82 1 -82
1533770609.8724883 584 608 641 588 650 574 3010 -5956 -4656 209 136 -51 82 -1 -82
1533770609.9352274 583 608 641 587 650 574 3106 -5972 -4684 186 72 68 82 0 -82
1533770610.0051074 584 608 641 588 651 574 3062 -5948 -4722 179 68 3 82 -1 -81
1533770610.0587037 585 609 641 589 651 575 3080 -5976 -4712 188 168 -65 83 -3 -81
1533770610.1368105 581 608 641 586 649 574 3008 -5980 -4638 363 80 75 82 1 -82
1533770610.2045126 584 608 641 588 650 574 3050 -5950 -4728 250 133 31 81 0 -82
1533770610.2554898 586 609 642 589 652 575 3036 -5924 -4706 113 126 66 82 1 -83
1533770610.3387136 582 608 641 586 649 574 3120 -5954 -4526 273 206 -36 81 -3 -81
1533770610.4034514 586 609 641 589 652 575 2930 -6042 -4776 395 175 24 83 0 -83
1533770610.485624 581 608 641 585 648 573 3140 -5904 -4696 -35 87 -71 82 0 -83
1533770610.52235 584 609 641 588 651 575 2992 -6116 -4620 318 225 24 82 2 -80
1533770610.600662 584 609 641 588 651 574 3008 -5906 -4788 162 143 74 82 -1 -82
1533770610.6630359 581 608 641 586 649 574 3150 -6020 -4556 156 106 12 84 1 -83
1533770610.722897 586 609 641 589 652 575 3048 -5962 -4710 463 173 -6 81 -1 -81
1533770610.8026783 580 608 641 585 648 573 3152 -5828 -4646 99 131 -74 82 0 -84
1533770610.8681037 583 609 641 587 650 574 3028 -6018 -4566 179 102 68 83 0 -80
1533770610.935306 583 608 641 586 649 574 3062 -5998 -4630 280 196 -52 83 0 -81
1533770611.0012891 581 608 641 585 649 574 3146 -5914 -4680 198 72 28 82 -1 -79
1533770611.063521 585 609 641 588 651 575 2970 -6132 -4614 260 95 -180 82 1 -81
1533770611.1414943 585 609 641 589 651 575 3146 -5884 -4744 270 284 -13 82 0 -82
1533770611.188359 589 610 642 592 654 576 2956 -6020 -4812 160 253 49 82 0 -81
1533770611.268487 586 609 642 588 651 575 3048 -6020 -4656 86 109 -38 81 -3 -83
1533770611.335865 584 609 641 587 650 575 3080 -6000 -4710 302 107 -11 81 1 -82
1533770611.3886185 581 608 641 586 650 574 3078 -5972 -4716 198 213 -45 80 -1 -84
1533770611.4719748 605 613 644 604 664 582 3066 -5970 -4716 189 179 -11 82 -1 -82
1533770611.5367563 606 614 644 605 664 582 2918 -6098 -4814 85 184 7 83 -2 -81
1533770611.599361 606 613 644 605 663 582 3072 -5938 -4572 -67 -147 232 82 0 -84
1533770611.6718326 605 613 644 605 663 582 2948 -5998 -4670 56 -223 230 83 1 -81
1533770611.7394276 605 612 646 606 663 583 2920 -6050 -4960 190 -95 231 83 -1 -82
1533770611.8218093 609 628 646 600 656 602 3094 -5902 -4776 343 -846 591 82 0 -81
1533770611.8716059 605 623 646 600 657 594 2910 -6048 -4750 57 54 111 84 2 -81
1533770611.9388447 623 643 650 607 665 615 3012 -5956 -4766 308 41 -91 82 2 -81
1533770611.9890676 639 648 651 617 674 621 3026 -5984 -4936 127 64 18 82 1 -83
1533770612.0698006 630 642 651 616 674 615 2878 -5922 -4732 875 1107 -614 84 3 -81
1533770612.1324263 593 614 643 593 658 577 3674 -5764 -3778 -211 206 -464 83 0 -81
1533770612.209773 585 610 642 588 653 575 2898 -5736 -5120 -544 218 203 81 0 -82
1533770612.2704303 582 609 641 586 650 574 3062 -5908 -4718 588 48 4 82 -1 -82
1533770612.34263 599 612 644 600 660 580 3066 -5968 -4792 -59 180 -90 82 -1 -84
1533770612.403383 607 613 644 605 665 582 2974 -6004 -4796 480 152 -26 83 0 -82
1533770612.488886 608 613 645 606 665 583 3042 -5948 -4748 235 195 -75 82 -1 -82
1533770612.5384636 607 613 644 606 665 583 3014 -5974 -4758 276 255 33 83 -2 -81
1533770612.6011975 607 613 645 606 664 583 3022 -5956 -4812 109 117 2 84 -2 -80
1533770612.6801372 607 613 644 605 664 582 3080 -5922 -4698 404 213 -53 81 -1 -82
1533770612.7391732 605 613 644 604 663 582 3040 -5952 -4742 198 49 47 83 0 -84
1533770612.8018572 588 609 642 591 653 576 2998 -5958 -4740 214 153 28 82 2 -84
1533770612.8724341 592 610 642 594 656 577 3062 -5924 -4686 56 94 35 81 0 -81
1533770612.9402316 605 613 644 604 664 582 3064 -5976 -4612 96 113 16 82 -1 -80
1533770613.0072558 601 612 644 601 661 580 3048 -5874 -4734 184 151 -5 82 -1 -82
1533770613.0732975 601 612 643 601 661 580 3092 -5956 -4714 223 132 -10 83 1 -83
1533770613.1513417 601 612 644 600 660 580 3028 -5986 -4662 298 143 -45 84 0 -81
1533770613.2088058 601 612 644 601 661 580 3050 -5948 -4730 217 109 66 81 -1 -82
1533770613.2713602 603 612 644 602 662 581 3080 -5978 -4698 175 132 -54 81 2 -84
1533770613.3424468 602 612 644 602 661 581 3000 -6006 -4758 260 139 -56 83 1 -83
1533770613.4041483 580 607 641 585 648 573 3020 -6014 -4802 152 96 61 81 -3 -83
1533770613.4756696 578 607 640 583 647 572 3050 -5952 -4814 147 101 63 82 -1 -81
1533770613.5361326 574 606 640 580 645 571 3026 -5930 -4860 287 68 10 82 -2 -83
1533770613.5983794 583 608 641 588 651 574 3048 -6014 -4708 133 114 -33 83 -2 -82
1533770613.6608634 584 608 641 588 651 575 3034 -5992 -4790 304 197 28 81 1 -81
1533770613.740025 580 608 641 588 651 575 3102 -5920 -4774 45 118 -54 81 0 -81
1533770613.8228097 582 608 641 587 650 574 3052 -5942 -4770 193 107 39 82 0 -85
1533770613.872687 582 608 641 587 650 574 3062 -6036 -4690 68 121 -46 82 -2 -83
1533770613.9419885 581 608 641 586 650 574 3024 -5878 -4834 292 263 -6 82 -2 -84
1533770614.0095835 579 607 641 584 647 573 3076 -6006 -4722 118 102 -48 84 2 -81
1533770614.07006 590 610 642 593 655 577 3102 -5876 -4788 408 113 69 82 0 -82
1533770614.1358464 583 608 641 591 654 577 3044 -5936 -4676 101 55 47 84 1 -82
1533770614.2056954 582 608 641 586 649 574 3036 -6004 -4704 444 163 -2 82 1 -81
1533770614.272591 581 608 641 585 649 573 2956 -6000 -4720 336 168 71 80 -1 -82
1533770614.3377042 582 608 641 587 650 573 3074 -5938 -4796 28 81 39 81 -1 -81
1533770614.3893151 597 611 643 599 659 579 3134 -5928 -4706 291 86 65 82 1 -83
1533770614.4868622 593 610 643 595 656 578 2938 -5994 -4796 206 97 -11 82 1 -81
1533770614.5214443 600 612 644 600 660 581 3118 -5986 -4666 3 74 -22 82 1 -84
1533770614.584075 604 613 645 604 662 582 3038 -5966 -4702 378 144 44 82 1 -83
1533770614.6596267 605 613 644 604 663 583 3052 -5940 -4706 161 102 7 81 0 -81
1533770614.7297492 606 613 644 604 663 583 3086 -5982 -4686 120 131 37 83 1 -81
1533770614.78805 605 613 645 604 663 583 3038 -5958 -4766 409 153 -39 81 1 -81
1533770614.861501 605 613 645 604 662 583 3090 -5948 -4722 70 81 -70 83 0 -82
1533770614.91933 605 613 645 604 663 583 3046 -5902 -4836 497 186 160 81 -1 -84
1533770614.9933872 605 613 645 604 663 583 3088 -5970 -4732 64 96 37 83 0 -81
1533770615.047261 605 613 645 604 663 583 3096 -6006 -4638 354 152 111 82 1 -83
1533770615.1246505 605 613 645 604 663 583 2990 -6060 -4628 290 0 14 81 0 -83
1533770615.1871374 604 613 644 603 662 582 3080 -5922 -4718 362 142 56 82 0 -82
1533770615.2568395 604 613 644 603 662 583 3036 -6050 -4600 73 137 -93 80 0 -81
1533770615.325024 604 613 645 604 663 583 3042 -6046 -4678 308 211 117 81 -1 -80
1533770615.3880708 604 613 644 603 662 582 3156 -5928 -4698 191 182 -119 82 0 -83
1533770615.460738 603 613 644 603 662 582 2908 -6002 -4710 160 139 -72 82 -2 -82
1533770615.5175836 603 612 644 603 662 582 3118 -5976 -4714 219 152 -81 82 -1 -81
1533770615.5955198 604 613 644 603 662 582 3028 -5988 -4728 296 159 58 83 0 -81
1533770615.6580813 604 613 644 603 662 582 3110 -5956 -4694 43 -268 224 83 -1 -81
1533770615.7298617 604 613 644 603 662 582 2942 -6022 -4552 123 140 -61 82 2 -81
1533770615.8018947 604 612 645 603 662 582 2942 -5844 -5066 563 1059 117 82 -1 -82
1533770615.855602 604 612 645 604 663 583 2938 -6088 -4860 401 61 1 80 -1 -84
1533770615.918087 616 619 647 610 666 594 3012 -5926 -4514 137 -306 264 83 2 -80
1533770615.9898214 615 630 648 607 661 606 2944 -6292 -4884 -14 -530 389 82 0 -83
1533770616.0573459 623 628 649 612 668 603 2880 -6132 -4928 187 -133 157 83 0 -82
1533770616.1329653 610 628 647 602 664 598 2936 -6002 -4604 297 -34 9 84 1 -82
1533770616.2015371 617 628 648 608 669 598 2968 -6100 -4674 254 223 -126 83 1 -83
1533770616.2611513 606 619 646 603 666 586 2898 -6042 -4766 114 91 -72 82 -1 -82
1533770616.3379376 596 615 645 596 661 580 3026 -6274 -4940 498 576 -630 82 -1 -83
1533770616.3933399 600 616 645 598 663 582 3400 -6224 -3600 -539 113 12 83 2 -80
1533770616.4884894 597 616 645 601 665 583 2912 -5768 -5084 -179 168 -9 82 -3 -81
1533770616.5379317 594 615 644 593 659 579 3216 -5942 -4766 304 80 -190 81 -2 -82
1533770616.6002111 606 615 645 604 666 584 2916 -6076 -4708 -301 -20 206 83 1 -83
1533770616.6629517 604 614 645 603 664 583 3104 -5938 -4706 195 125 -126 80 -2 -82
1533770616.744391 598 612 644 599 659 581 3058 -5862 -4690 -16 244 17 82 -1 -83
1533770616.8032675 592 610 643 594 656 579 3068 -5946 -4726 57 327 -45 82 -1 -83
1533770616.8733366 603 612 645 603 662 583 3058 -5874 -4724 234 184 42 82 -1 -83
1533770616.9467149 605 613 645 604 663 583 3172 -5882 -4674 54 292 -223 84 -2 -82
1533770617.014737 607 614 645 606 665 584 3020 -5942 -4768 208 197 28 80 -1 -82
1533770617.068971 608 613 646 607 665 584 3082 -5860 -4786 68 143 -65 80 0 -84
1533770617.1820955 609 613 645 607 666 584 3118 -5984 -4706 85 341 -206 81 0 -82
1533770617.216007 609 613 645 607 666 585 3150 -5944 -4746 405 127 -22 82 -1 -84
1533770617.2716758 609 614 645 607 666 584 3224 -5884 -4890 192 334 -197 81 0 -81
1533770617.3497832 609 613 645 607 666 584 3206 -6034 -4850 330 326 -67 81 0 -82
1533770617.4080524 609 613 646 607 666 584 3242 -5790 -4780 682 1835 -80 81 -2 -83
1533770617.4878857 609 614 645 607 666 585 3254 -5990 -4620 800 816 -165 84 0 -83
1533770617.5524457 611 617 646 608 669 585 2578 -5864 -4894 2265 4347 -12 81 -2 -80
1533770617.6151652 613 618 646 609 670 586 3460 -6156 -3994 2553 2444 212 82 -2 -79
1533770617.6965728 614 620 646 609 672 586 3838 -5674 -3616 1090 909 236 82 -3 -76
1533770617.7567647 616 622 647 610 674 587 3324 -6410 -4218 -281 320 -626 81 1 -72
1533770617.8468614 619 626 647 610 677 588 4030 -5486 -3884 3486 1508 -60 81 -1 -70
1533770617.9036386 621 627 647 611 678 588 3076 -6794 -3838 1022 2713 -620 81 0 -71
1533770617.9780169 603 623 645 598 667 582 3708 -6124 -3852 889 6941 -1330 82 -5 -68
1533770618.0426726 600 622 645 596 666 581 4370 -6452 -2634 2049 3792 -816 80 0 -63
1533770618.1051583 597 621 644 592 662 579 3922 -6388 -3332 -739 -505 -46 80 0 -57
1533770618.1896763 588 619 643 588 659 577 4022 -5930 -3530 -2401 -1011 -340 81 0 -56
1533770618.2541878 590 619 643 589 659 578 3892 -6394 -3550 -1181 -646 -335 79 -2 -60
1533770618.3333383 581 616 642 583 653 575 4078 -6242 -3528 -130 -391 -332 79 -3 -61
1533770618.3890193 578 615 642 581 652 574 3986 -6090 -3838 -955 214 -533 79 -2 -64
1533770618.4735804 576 615 641 580 651 573 4218 -5946 -3594 -425 279 -515 81 -2 -66
1533770618.5373056 576 614 641 580 651 573 4046 -5956 -3770 -651 -240 -280 79 -5 -66
1533770618.6156566 615 623 646 610 675 586 4050 -6070 -3672 -668 -140 -201 79 -6 -67
1533770618.6859264 616 624 646 610 674 587 4030 -6064 -3768 -976 -60 -545 79 -6 -65
1533770618.7400508 613 624 646 608 672 585 4244 -6000 -3958 68 -37 -64 77 -5 -68
1533770618.821873 614 624 647 608 673 586 4206 -5742 -3992 297 -282 203 80 -5 -69
1533770618.8884003 614 624 646 609 674 586 4028 -5910 -3834 -91 -7 -252 78 -5 -67
1533770618.9579375 615 625 647 609 674 586 4018 -5990 -4114 635 -56 239 79 -7 -68
1533770619.0262916 617 627 647 610 676 587 4262 -5850 -3870 479 18 -144 78 -4 -70
1533770619.091168 615 630 647 606 676 586 4028 -6082 -3840 -332 -625 305 81 -5 -69
1533770619.153653 616 630 647 608 677 587 4000 -5968 -3866 25 -129 -137 78 -5 -69
1533770619.2384126 606 628 645 600 671 583 4108 -5922 -3894 -261 -121 91 80 -5 -67
1533770619.3024411 619 631 647 610 680 588 4028 -6030 -4050 190 24 -154 78 -4 -70
1533770619.3616517 613 626 646 607 675 586 4102 -5770 -4092 262 76 15 79 -4 -69
1533770619.4241388 614 626 646 607 674 585 3964 -6050 -3982 216 307 2 79 -4 -69
1533770619.5040908 617 626 647 610 676 587 3936 -5902 -4134 129 145 -137 78 -5 -70
1533770619.569702 617 626 646 610 676 587 4142 -5678 -4096 358 494 -274 76 -5 -70
1533770619.6321874 618 627 647 611 676 587 3968 -5896 -3940 -124 8 35 77 -6 -69
1533770619.7083223 618 628 647 611 677 587 3974 -5892 -4022 121 207 -188 78 -5 -70
1533770619.7750964 619 628 647 611 678 587 4036 -5704 -4182 93 -25 203 78 -4 -70
1533770619.8419197 621 630 647 612 679 588 4172 -5764 -3928 719 470 80 79 -3 -68
1533770619.9446428 620 630 647 612 679 588 4056 -5852 -4012 57 54 8 80 -7 -71
1533770619.9805477 619 629 647 611 678 587 3938 -5868 -4008 320 -30 251 79 -3 -70
1533770620.0423803 618 627 647 611 677 587 3984 -5832 -4046 -13 -81 196 77 -5 -69
1533770620.1092002 618 628 647 611 677 587 3996 -5790 -4138 271 302 46 78 -5 -70
1533770620.1770198 618 628 647 611 677 587 3948 -5926 -4070 252 262 182 77 -5 -68
1533770620.2428432 617 627 647 610 677 586 4016 -5808 -4026 37 88 70 79 -5 -70
1533770620.3106618 617 626 647 610 676 587 4024 -5814 -4000 532 517 153 80 -5 -70
1533770620.379478 606 624 645 603 670 583 4122 -6030 -3922 -469 -7 -163 78 -5 -71
1533770620.4482925 602 623 644 599 667 582 3970 -5852 -4126 550 304 -161 78 -6 -68
1533770620.5191064 599 622 644 597 665 581 4104 -5772 -3936 658 206 -101 80 -3 -68
1533770620.6048527 595 621 643 594 663 579 4046 -6042 -3822 338 -91 -250 79 -5 -70
1533770620.6551542 603 623 645 600 668 582 3954 -5884 -4106 264 -222 57 79 -5 -67
