1534352203.0554419 633 526 561 712 532 712 -6988 -1356 4050 256 137 15 167 465 -137
1534352203.1232603 632 526 562 711 532 711 -6986 -1360 4092 201 119 18 41 116 -38
1534352203.1910794 632 526 562 710 533 709 -6990 -1376 4036 236 73 -2 44 113 -36
1534352203.2588007 631 526 562 710 533 708 -6990 -1342 4042 197 130 16 40 116 -35
1534352203.3167555 631 526 562 709 534 707 -6982 -1370 3994 200 79 7 42 114 -35
1534352203.37924 631 526 562 709 534 706 -6944 -1320 4056 220 209 19 42 114 -35
1534352203.4573479 631 526 562 709 534 705 -7006 -1372 4086 224 87 -26 41 117 -35
1534352203.5198321 631 527 562 709 534 705 -6960 -1368 4084 164 113 31 43 116 -36
1534352203.582318 631 527 562 709 535 704 -6990 -1344 4034 214 229 46 41 116 -35
1534352203.6649227 631 527 562 709 535 704 -6954 -1384 4062 183 44 -23 42 114 -36
1534352203.863602 631 527 562 709 535 704 -7002 -1338 4018 259 151 20 42 115 -34
1534352203.9124713 631 527 562 709 535 703 -6948 -1326 4090 197 131 27 41 116 -35
1534352203.9665835 632 528 562 709 536 704 -6986 -1362 4024 195 109 31 41 118 -34
1534352204.0577128 632 528 562 709 536 704 -6978 -1328 4036 235 115 -18 44 116 -33
1534352204.1247296 632 528 562 709 536 703 -7014 -1342 4038 219 192 65 42 116 -34
1534352204.1559718 632 528 562 709 536 703 -6984 -1322 4072 233 99 39 43 115 -36
1534352204.229426 632 528 563 710 536 703 -6972 -1328 4014 234 147 34 43 115 -36
1534352204.2723114 632 528 562 710 536 703 -6988 -1336 4102 192 115 45 42 115 -34
1534352204.2992692 632 529 563 710 537 703 -6988 -1334 4052 233 127 34 41 117 -35
1534352204.3461323 632 529 563 710 537 703 -6976 -1376 4042 205 127 21 42 116 -36
1534352204.408618 633 529 563 710 537 703 -6982 -1366 4030 219 141 -11 42 115 -34
1534352204.4711034 633 529 563 710 537 703 -6962 -1350 3988 198 96 15 40 117 -33
1534352204.5492094 632 529 563 710 537 703 -6976 -1308 3996 224 180 55 42 115 -33
1534352204.6117277 633 529 563 710 537 703 -6972 -1382 4048 220 140 59 44 116 -35
1534352204.6742113 633 529 563 710 537 703 -6974 -1320 4042 172 43 28 40 116 -35
1534352204.7474594 633 529 563 710 537 703 -6974 -1336 4034 225 172 81 40 117 -35
1534352204.8216174 633 529 563 710 537 703 -6994 -1374 4014 208 135 21 41 115 -35
1534352204.8904343 633 529 563 710 537 703 -6994 -1412 4052 73 142 114 42 114 -35
1534352204.9515986 634 529 563 710 537 703 -6994 -1354 4046 273 146 21 40 114 -33
1534352205.0140831 633 529 563 710 537 702 -6956 -1374 3994 243 145 68 43 117 -34
1534352205.1078126 633 530 563 710 537 702 -6970 -1318 4094 185 136 23 42 116 -34
1534352205.170297 633 530 563 710 537 703 -7000 -1374 4052 260 62 -25 42 117 -37
1534352205.2302828 633 530 563 711 537 702 -7010 -1346 4080 206 207 33 43 116 -37
1534352205.2959695 633 530 563 710 537 703 -6980 -1362 4016 205 127 19 41 116 -35
1534352205.3610187 633 530 563 710 537 702 -6994 -1342 4068 225 86 -2 41 117 -36
1534352205.4234533 634 530 563 710 537 702 -7020 -1334 3978 206 166 38 42 116 -34
1534352205.4861615 633 530 563 710 537 702 -7004 -1342 4066 242 96 15 39 117 -36
1534352205.5687482 633 530 563 710 537 702 -7010 -1380 4026 216 146 49 41 115 -35
1534352205.6325014 634 530 563 711 537 702 -6990 -1342 3992 182 148 33 42 118 -34
1534352205.7038443 634 530 563 711 537 703 -6988 -1356 4066 258 145 1 42 118 -36
1534352205.7635896 633 530 563 711 537 702 -6976 -1332 4058 201 140 2 43 115 -34
1534352205.8383627 633 530 563 711 537 702 -6980 -1328 4098 175 116 13 42 115 -33
1534352205.8968778 633 530 563 711 537 702 -7010 -1346 4086 227 144 6 40 116 -36
1534352205.9692929 633 530 563 710 537 702 -7000 -1342 3996 205 131 -18 42 115 -36
1534352206.0429513 633 530 563 711 537 702 -7018 -1344 4058 214 115 -5 40 118 -36
1534352206.0987723 633 530 563 711 537 702 -7018 -1330 4050 234 115 40 42 115 -34
1534352206.1797452 633 530 563 711 537 702 -7072 -1358 4134 193 106 20 40 115 -37
1534352206.2470143 633 530 563 711 537 702 -7002 -1336 4010 217 153 35 41 116 -36
1534352206.3169315 633 530 563 711 537 701 -6946 -1342 3924 228 124 -19 42 117 -35
1534352206.3814132 633 530 563 711 537 702 -7094 -1342 4128 215 166 26 42 116 -34
1534352206.4594097 633 530 563 711 537 702 -6938 -1384 4050 184 61 -19 42 115 -34
1534352206.5218954 633 530 563 711 537 703 -6968 -1334 4086 207 168 -20 41 115 -34
1534352206.5913048 633 530 563 711 537 702 -6960 -1342 4046 222 103 -10 41 116 -36
1534352206.6474977 634 530 563 711 537 702 -6882 -1340 3986 182 135 -4 41 116 -33
1534352206.7283363 634 530 563 711 537 703 -7096 -1364 4106 221 100 -17 42 114 -36
1534352206.7966359 633 530 563 711 537 702 -6962 -1342 4036 194 154 28 45 116 -34
1534352206.8631408 634 530 563 710 537 703 -6996 -1344 4014 177 116 5 42 114 -34
1534352206.9254787 634 530 564 711 537 702 -7022 -1370 4072 232 125 18 42 116 -35
1534352206.987961 633 530 563 711 537 702 -6978 -1378 4066 226 120 54 41 115 -36
1534352207.065725 634 530 563 711 537 702 -6978 -1364 4016 242 82 4 43 114 -35
1534352207.130123 633 530 563 711 537 702 -6986 -1328 4100 185 165 38 41 115 -34
1534352207.2022197 634 530 563 711 537 702 -6960 -1356 4082 224 104 39 41 115 -35
1534352207.2633705 633 530 563 711 537 702 -6994 -1386 4036 217 110 6 42 116 -37
1534352207.3326454 634 530 563 711 537 702 -6992 -1326 4084 183 209 26 41 115 -35
1534352207.3953013 634 530 563 711 537 702 -6992 -1340 4014 215 51 17 41 115 -34
1534352207.45772 634 530 563 711 537 702 -7008 -1358 4070 179 170 81 42 116 -36
1534352207.5388632 633 530 563 711 537 701 -7004 -1352 4010 213 79 -1 40 116 -34
1534352207.5997765 633 530 563 711 537 702 -6986 -1360 4046 249 155 21 42 117 -34
1534352207.6755922 633 530 563 711 537 702 -6968 -1378 4042 203 159 20 41 116 -35
1534352207.7328744 634 530 563 711 537 702 -6946 -1358 4074 251 71 -1 42 115 -36
1534352207.81242 634 530 563 711 537 702 -6994 -1304 4024 219 193 59 42 117 -36
1534352207.865146 633 530 563 711 537 702 -6962 -1350 4050 216 -30 -28 42 116 -35
1534352207.9431992 634 530 563 711 537 701 -7000 -1358 4032 179 263 82 42 119 -36
1534352208.0159326 634 530 563 711 537 702 -6978 -1346 4000 222 22 -31 41 115 -36
1534352208.0836642 634 530 563 711 537 702 -7002 -1364 4016 213 180 38 43 116 -34
1534352208.1521883 634 530 563 711 537 702 -7016 -1350 4080 234 127 41 42 116 -35
1534352208.215744 633 530 563 711 537 702 -6972 -1376 4024 272 71 1 42 116 -36
1534352208.286297 634 530 563 711 537 702 -6998 -1344 4038 191 203 45 41 115 -36
1534352208.3531187 633 530 563 711 537 702 -6976 -1346 4062 207 52 26 44 116 -38
1534352208.4141004 633 530 563 711 537 702 -6980 -1338 4056 199 120 21 42 114 -34
1534352208.4900358 633 530 563 711 537 702 -6982 -1360 4020 209 238 65 42 114 -36
1534352208.5487676 633 530 563 711 537 702 -6988 -1344 4012 237 16 -23 43 113 -34
1534352208.6162841 633 530 563 711 537 702 -6988 -1396 4032 170 220 45 42 115 -35
1534352208.6946623 633 530 563 711 537 701 -7002 -1304 4070 220 129 -18 43 115 -34
1534352208.762939 633 530 563 711 537 702 -7002 -1318 4078 262 131 31 42 114 -33
1534352208.8301623 633 530 563 711 537 701 -6962 -1362 4048 237 131 11 41 116 -35
1534352208.8962057 633 530 563 711 537 702 -6978 -1358 3992 197 97 -4 42 115 -32
1534352208.9586895 633 530 563 711 537 702 -7002 -1318 4040 192 236 59 41 113 -35
1534352209.0245614 633 530 563 711 537 702 -6982 -1380 4042 243 3 -47 41 115 -37
1534352209.099058 633 530 564 711 537 702 -6976 -1310 4022 174 202 33 41 113 -37
1534352209.17941 633 530 563 711 537 701 -6992 -1336 4094 232 120 15 42 116 -34
1534352209.2314851 633 530 563 711 537 702 -6978 -1348 3978 210 86 30 41 117 -35
1534352209.3043973 633 530 563 711 537 702 -6964 -1356 4044 215 163 34 42 117 -34
1534352209.3660088 633 530 563 711 537 702 -6974 -1362 4006 233 70 -3 42 115 -35
1534352209.4284954 633 530 563 711 537 702 -7020 -1332 4046 234 184 68 43 115 -36
1534352209.5066004 633 530 563 711 537 702 -6978 -1382 4056 222 95 22 41 116 -36
1534352209.5746062 633 530 563 711 537 702 -6996 -1352 4050 208 103 -4 40 115 -35
1534352209.6340992 633 530 563 711 537 702 -6974 -1374 4014 178 159 50 42 116 -37
1534352209.7096217 633 530 563 711 537 701 -6962 -1320 4026 222 47 -9 40 115 -36
1534352209.7788064 633 530 563 711 537 702 -6998 -1376 4056 221 160 -14 42 116 -35
1534352209.866539 633 530 563 711 537 702 -6998 -1374 4042 218 127 -7 42 117 -36
1534352209.9136653 633 530 563 711 537 702 -7006 -1372 4008 241 106 23 42 118 -37
1534352209.9760609 633 530 563 711 537 701 -6954 -1346 4038 191 135 11 41 115 -36
1534352210.0495603 633 530 563 711 537 702 -6998 -1326 4024 250 181 2 42 115 -36
1534352210.11558 633 530 564 711 537 702 -6952 -1364 4028 225 29 -8 42 116 -37
1534352210.1848183 633 530 563 711 537 701 -6982 -1372 4096 206 274 48 43 116 -35
1534352210.2472165 633 530 563 711 537 702 -7010 -1326 4020 251 85 6 39 116 -34
1534352210.317915 633 530 563 711 537 702 -6978 -1336 4028 174 144 8 42 115 -36
1534352210.3790298 633 530 563 710 537 702 -6988 -1372 4080 187 184 20 41 116 -36
1534352210.4417794 633 530 563 711 537 702 -6980 -1372 4004 242 70 -1 41 115 -35
1534352210.5196183 633 530 563 711 537 702 -7016 -1358 4028 223 219 55 41 117 -36
1534352210.5837102 634 530 563 711 537 702 -6976 -1354 4054 233 60 -22 40 116 -37
1534352210.6462004 633 530 563 711 537 702 -6992 -1314 3978 187 155 41 41 113 -35
1534352210.71506 633 530 563 711 537 702 -6978 -1372 4038 222 170 38 39 116 -34
1534352210.7931635 633 530 563 711 537 702 -6990 -1348 4012 259 57 -16 43 115 -36
1534352210.8498356 633 530 563 711 537 701 -6996 -1316 4106 185 212 9 41 113 -36
1534352210.9123216 633 530 563 711 537 702 -7018 -1334 3994 224 32 4 41 113 -37
1534352210.9905474 633 530 563 711 537 702 -6994 -1368 4026 198 171 55 40 118 -35
1534352211.062577 633 530 563 711 537 702 -6994 -1356 4090 227 60 -16 40 115 -37
1534352211.1155055 633 530 563 711 537 702 -6988 -1364 4032 197 143 1 41 117 -33
1534352211.2017024 634 530 563 711 537 702 -6988 -1350 4076 215 118 7 40 117 -34
1534352211.264006 633 530 563 711 537 702 -6982 -1348 4082 203 147 -12 42 115 -36
1534352211.3337033 634 530 563 711 537 701 -6972 -1360 4014 216 88 33 43 114 -38
1534352211.3961866 633 530 563 711 537 702 -6978 -1368 3986 249 113 6 42 116 -35
1534352211.458718 633 530 563 711 537 702 -6968 -1370 4096 203 153 47 42 115 -36
1534352211.5211592 633 530 563 711 537 702 -6994 -1346 4042 221 50 12 40 116 -35
1534352211.5993786 633 530 563 710 537 702 -7004 -1364 4040 242 177 49 40 116 -36
1534352211.6731105 634 530 563 711 537 701 -6960 -1352 4048 214 121 -19 42 117 -36
1534352211.7316225 633 530 563 711 537 701 -7000 -1364 4048 214 168 20 41 115 -36
1534352211.8073635 633 530 563 711 537 702 -6982 -1346 4044 245 98 22 42 116 -38
1534352211.879974 633 530 563 711 537 702 -7020 -1350 4018 212 129 9 43 114 -34
1534352211.9426777 633 530 563 711 537 702 -6950 -1362 4022 212 110 42 41 115 -36
1534352212.0049424 633 530 563 711 537 702 -7010 -1330 3980 239 160 14 41 115 -36
1534352212.0791798 633 530 563 711 537 702 -6978 -1322 4054 204 104 18 42 118 -34
1534352212.1452725 633 530 563 711 537 702 -6996 -1348 4074 232 130 8 40 114 -36
1534352212.2144 633 530 563 711 537 702 -6972 -1372 4040 211 144 28 41 115 -37
1534352212.2818067 633 530 563 711 537 702 -6962 -1342 4032 218 139 30 42 117 -35
1534352212.347483 633 530 563 711 537 702 -6996 -1356 4018 210 158 23 42 117 -33
1534352212.4099686 633 530 563 711 537 702 -6980 -1324 4046 200 142 3 41 118 -34
1534352212.472537 633 530 563 711 537 702 -6994 -1380 4050 221 162 27 41 114 -35
1534352212.553719 634 530 563 711 537 702 -6978 -1354 4024 257 182 40 41 117 -32
1534352212.6154826 633 530 563 710 537 701 -6956 -1350 4016 222 100 7 42 114 -34
1534352212.6888857 633 530 563 710 537 702 -7022 -1362 4042 205 179 20 43 114 -35
1534352212.746595 633 530 563 711 537 702 -7008 -1342 4092 263 48 -25 43 115 -35
1534352212.8250282 633 530 563 710 537 701 -6998 -1326 4042 190 176 51 41 115 -36
1534352212.880325 633 530 563 711 537 702 -6988 -1352 4000 229 127 24 42 118 -34
1534352212.9585292 634 530 563 711 537 702 -6976 -1352 4020 262 160 15 39 113 -35
1534352213.020897 633 530 563 711 537 701 -6978 -1342 4036 226 108 38 41 116 -36
1534352213.0970685 634 530 563 711 537 702 -6998 -1340 4028 208 187 36 41 116 -36
1534352213.1658604 633 530 563 711 537 702 -6940 -1346 4098 233 78 -15 40 118 -33
1534352213.2331893 633 530 563 711 537 702 -6980 -1354 3982 207 189 26 41 116 -35
1534352213.3013458 633 530 563 711 537 702 -6996 -1354 4046 226 106 13 41 116 -36
1534352213.3647919 633 530 563 710 537 702 -6990 -1348 4000 219 112 13 43 118 -36
1534352213.4274085 633 530 563 711 537 702 -6986 -1382 4102 202 122 60 41 115 -35
1534352213.5054276 633 530 563 710 537 702 -6998 -1380 4008 231 49 -12 42 114 -36
1534352213.573285 633 530 563 710 537 702 -6998 -1376 4024 219 183 54 43 116 -33
1534352213.6308727 633 530 563 711 537 702 -7000 -1348 4034 247 62 24 40 115 -36
1534352213.7087343 633 530 563 710 537 702 -6976 -1328 4024 214 140 24 42 118 -37
1534352213.7650661 633 530 563 711 537 702 -6982 -1392 4046 224 143 56 41 115 -34
1534352213.8431766 634 530 563 710 537 702 -6980 -1360 4074 239 116 16 41 116 -36
1534352213.9212816 633 530 563 711 537 701 -6980 -1320 4080 194 93 -2 42 114 -34
1534352213.9681456 633 530 563 710 537 702 -6948 -1310 4072 179 152 48 43 116 -34
1534352214.0473397 633 530 563 711 537 701 -6998 -1374 4102 206 80 -8 42 117 -34
1534352214.11496 633 530 563 711 537 702 -6974 -1320 4030 241 197 40 43 116 -35
1534352214.1833155 634 530 563 711 537 701 -6930 -1356 4058 232 120 -2 41 117 -36
1534352214.2490268 633 530 563 711 537 702 -6954 -1346 4028 227 132 29 42 116 -37
1534352214.319306 633 530 563 710 537 701 -6956 -1356 3992 201 122 0 43 116 -35
1534352214.3796093 633 530 563 711 537 702 -7002 -1358 4062 227 152 29 40 116 -35
1534352214.4419134 633 530 563 710 537 702 -6986 -1362 3956 220 100 -9 39 115 -34
1534352214.5199842 633 530 563 711 537 702 -6994 -1332 3982 222 178 9 42 115 -35
1534352214.59966 633 530 563 710 537 702 -6996 -1376 4050 223 107 31 41 115 -36
1534352214.6465256 633 530 563 710 537 702 -7012 -1342 3996 199 199 58 44 114 -37
1534352214.7242227 633 530 563 710 537 702 -6990 -1350 4046 238 65 9 40 115 -36
1534352214.7923148 633 530 563 711 537 702 -6998 -1358 3978 197 132 27 41 116 -34
1534352214.8493676 633 530 563 710 537 702 -6990 -1358 4010 250 141 42 41 116 -36
1534352214.9275086 632 530 563 711 537 701 -6996 -1344 4050 281 94 14 44 115 -37
1534352214.9899592 633 530 563 711 537 702 -6962 -1334 4032 196 122 -6 45 114 -36
1534352215.0638149 633 530 563 711 537 702 -7002 -1332 4044 213 154 32 42 113 -36
1534352215.1302464 633 530 563 710 537 702 -6976 -1356 4004 229 112 31 41 118 -34
1534352215.1998327 633 530 563 710 537 702 -6992 -1360 4050 216 196 24 40 115 -35
1534352215.2630734 633 530 563 710 537 702 -7012 -1340 4042 222 55 -5 42 115 -35
1534352215.3345613 633 530 563 711 537 702 -7000 -1348 4046 220 171 42 43 115 -35
1534352215.3966668 633 530 563 710 537 702 -6966 -1358 4106 214 97 12 42 116 -36
1534352215.4591613 633 530 563 711 537 702 -6952 -1318 4016 232 147 25 43 114 -36
1534352215.521633 633 530 563 711 537 702 -6988 -1364 4070 228 96 18 40 116 -35
1534352215.600563 633 530 563 710 537 702 -6984 -1372 3998 209 106 28 41 117 -35
1534352215.6733387 633 530 563 711 537 702 -7014 -1340 4092 221 127 -8 42 116 -36
1534352215.731828 633 530 563 710 537 702 -6996 -1336 4042 257 137 21 42 114 -36
1534352215.8087156 633 530 563 711 537 701 -7030 -1316 4036 225 136 21 41 117 -36
1534352215.8643975 633 530 563 710 537 702 -6992 -1360 4034 227 178 30 43 117 -34
1534352215.9423175 633 530 563 710 537 702 -6964 -1344 4038 231 110 -2 42 118 -36
1534352216.0048058 633 530 563 710 537 702 -6960 -1352 4040 202 75 12 42 116 -35
1534352216.0806272 633 530 563 710 537 702 -6986 -1366 4046 213 178 56 43 116 -35
1534352216.1467495 633 530 563 710 537 702 -6992 -1348 4094 204 132 23 41 114 -36
1534352216.2140746 633 530 563 710 537 702 -6984 -1324 4028 218 62 4 40 116 -37
1534352216.279277 633 530 563 710 537 702 -6992 -1336 4076 223 215 20 40 114 -34
1534352216.3502607 633 530 563 711 537 702 -6972 -1348 4022 228 103 36 44 116 -35
1534352216.4127464 633 530 563 710 537 702 -6986 -1348 4022 203 101 31 41 116 -37
1534352216.4752607 633 530 563 710 537 702 -6968 -1354 4014 205 143 -9 43 115 -36
1534352216.5536141 633 530 563 710 537 702 -6990 -1364 4064 239 73 -8 43 116 -35
1534352216.61635 633 530 563 710 537 701 -7000 -1368 4044 193 165 15 43 115 -34
1534352216.6877239 633 530 563 711 537 702 -6990 -1354 4116 215 84 2 42 115 -36
1534352216.7475116 633 530 563 711 537 702 -6996 -1352 4012 171 137 30 43 117 -34
1534352216.8239264 634 530 563 710 537 701 -6972 -1324 4070 229 172 22 40 115 -37
1534352216.8799055 633 530 563 711 537 702 -7000 -1350 4020 220 76 26 41 115 -34
1534352216.958011 633 530 563 710 537 702 -7004 -1368 4024 225 184 28 41 114 -37
1534352217.0205026 633 530 563 710 537 702 -6972 -1370 4030 230 88 6 42 114 -35
1534352217.0937927 633 530 563 710 537 701 -7010 -1324 4042 192 122 19 42 117 -34
1534352217.1468337 633 530 563 711 537 702 -6976 -1328 4058 225 140 11 43 114 -36
1534352217.215604 633 530 563 710 537 702 -6958 -1386 4046 236 90 -29 42 116 -36
1534352217.3007667 632 530 563 711 537 702 -6982 -1324 4006 195 174 32 42 116 -36
1534352217.365783 633 530 563 710 537 702 -6992 -1334 4050 216 104 -10 43 117 -35
1534352217.4282682 633 530 563 711 537 701 -6940 -1324 4026 205 123 17 40 117 -36
1534352217.490753 634 530 563 710 537 702 -6978 -1352 4086 229 154 24 42 114 -33
1534352217.5697021 633 530 563 711 537 702 -6998 -1366 4050 207 88 -1 42 113 -36
1534352217.6315734 633 530 563 711 537 702 -6994 -1374 4032 216 189 45 41 115 -35
1534352217.706073 633 530 563 711 537 702 -7024 -1352 4082 245 101 16 44 114 -36
1534352217.7641199 633 530 563 710 537 701 -6968 -1324 4022 227 129 39 42 117 -34
1534352217.8396928 633 530 563 710 537 702 -6998 -1348 4018 225 97 0 41 116 -34
1534352217.8967588 633 530 563 710 537 702 -7010 -1318 4050 221 163 49 41 114 -36
1534352217.9748662 633 530 563 711 537 702 -7006 -1364 3994 201 115 -10 42 115 -35
1534352218.037355 633 530 563 710 537 702 -6998 -1356 4046 200 162 35 42 113 -37
1534352218.1140742 633 530 563 710 537 702 -6986 -1332 4044 224 150 21 40 115 -35
1534352218.1794548 632 530 563 710 537 702 -6994 -1326 4048 232 99 1 40 114 -34
1534352218.2333856 633 530 563 710 537 702 -6980 -1360 4052 200 151 31 42 116 -36
1534352218.3163004 633 530 563 710 537 702 -6984 -1346 4002 232 101 17 44 117 -35
1534352218.3807528 633 530 563 711 537 702 -6976 -1348 4008 222 168 31 42 117 -35
1534352218.4432387 633 530 563 710 537 702 -6988 -1382 4010 221 85 -6 40 117 -35
1534352218.5057237 633 530 563 711 537 702 -6992 -1346 4032 244 140 -3 41 115 -34
1534352218.5884707 633 530 563 710 537 701 -6970 -1368 4010 223 148 22 41 116 -38
1534352218.6477585 633 530 563 711 537 702 -6986 -1346 4058 228 90 24 43 115 -34
1534352218.7160246 633 530 563 710 537 702 -7000 -1352 4052 204 137 22 43 115 -33
1534352218.7903116 633 530 563 710 537 702 -6970 -1328 4044 219 159 -7 44 117 -36
1534352218.8473291 633 530 563 711 537 702 -6988 -1346 4058 241 122 18 42 116 -35
1534352218.925405 633 530 563 710 537 701 -6952 -1350 4034 209 149 8 40 116 -35
1534352218.9878867 633 530 563 710 537 702 -6984 -1332 4048 193 95 14 41 116 -35
1534352219.060023 633 530 563 710 537 702 -6988 -1314 4066 213 167 49 42 116 -34
1534352219.115021 633 530 563 710 537 702 -6944 -1344 4044 193 120 20 42 115 -35
1534352219.1969974 633 530 563 711 537 702 -7014 -1342 4014 195 135 30 41 117 -36
1534352219.2632878 633 530 563 710 537 702 -6976 -1382 4052 216 108 35 43 116 -34
1534352219.3494055 633 530 563 710 536 702 -7014 -1342 4094 209 128 46 41 115 -36
1534352219.3962703 633 530 563 710 537 702 -7008 -1356 4042 255 82 18 41 115 -35
1534352219.4589024 633 530 563 710 537 702 -7004 -1326 3964 212 134 37 39 115 -36
1534352219.521241 633 530 563 710 536 702 -7006 -1372 4060 206 122 31 42 115 -35
1534352219.599838 633 530 562 710 537 702 -6996 -1356 4006 202 129 14 41 116 -35
1534352219.6727104 633 530 563 710 536 702 -6982 -1346 3986 213 126 17 43 115 -34
1534352219.7325299 633 530 563 710 536 702 -6990 -1352 4050 209 146 50 42 119 -35
1534352219.8085296 633 530 563 710 536 702 -7004 -1366 4064 220 131 29 41 117 -36
1534352219.8650353 633 530 563 711 537 702 -7002 -1322 4072 224 105 19 42 116 -34
1534352219.942984 633 530 563 710 537 702 -7014 -1368 4068 217 95 13 41 115 -36
1534352220.0054479 633 530 563 710 536 702 -6986 -1344 4012 227 173 59 40 114 -35
1534352220.0784154 633 530 563 710 537 702 -6984 -1344 4050 191 83 13 42 115 -35
1534352220.1464148 633 530 563 711 537 702 -6968 -1382 4064 248 123 16 43 114 -34
1534352220.2153234 633 530 563 710 536 701 -6968 -1352 4062 228 120 43 43 114 -35
1534352220.2835815 633 530 563 711 537 702 -6982 -1366 4020 222 118 15 41 117 -35
1534352220.3488233 633 530 563 710 537 702 -6978 -1344 4072 229 153 33 42 115 -36
1534352220.4113367 633 530 563 711 536 702 -6974 -1334 4090 224 92 22 39 116 -34
1534352220.4739485 633 530 563 711 536 702 -6996 -1346 4014 246 146 36 41 117 -34
1534352220.554661 633 530 563 710 536 701 -6998 -1358 4040 210 111 37 41 114 -34
1534352220.6153507 633 530 563 710 536 702 -6968 -1348 4062 230 92 0 41 116 -35
1534352220.6917012 633 530 563 711 537 702 -6958 -1328 3994 201 144 13 41 116 -37
1534352220.747376 633 530 563 710 537 702 -6976 -1318 4010 249 136 18 41 116 -35
1534352220.8248603 633 530 563 710 536 701 -7008 -1352 4040 201 146 24 43 116 -35
1534352220.8809123 633 530 563 710 536 702 -6990 -1354 4050 239 144 44 40 114 -36
1534352220.9589732 633 530 563 710 537 702 -6998 -1352 4072 182 105 -2 43 117 -34
1534352221.0214052 633 530 563 710 536 702 -6984 -1360 4018 228 198 46 40 114 -33
1534352221.0973258 633 530 563 710 536 702 -6980 -1390 4056 213 109 12 42 116 -32
1534352221.165374 632 530 563 710 537 702 -7000 -1356 3994 202 112 18 41 116 -35
1534352221.2320573 633 530 563 710 536 701 -7008 -1358 4004 232 173 17 40 116 -36
1534352221.3003566 633 530 563 710 536 702 -6980 -1370 4044 219 68 -6 42 115 -36
1534352221.3644123 633 530 563 710 536 702 -6982 -1344 4020 219 138 27 41 116 -34
1534352221.4269402 633 530 563 710 536 702 -6984 -1338 4066 220 106 24 44 115 -33
1534352221.4893916 633 530 563 710 536 702 -6988 -1366 4068 253 128 18 42 114 -36
1534352221.572496 633 530 563 710 536 701 -6976 -1344 4028 252 140 32 41 117 -35
1534352221.6300628 633 530 563 710 536 701 -7008 -1338 4064 223 110 13 41 117 -35
1534352221.7079031 633 530 563 710 536 702 -6966 -1386 4060 181 99 27 42 117 -35
1534352221.7644024 633 530 563 710 536 701 -6980 -1358 4048 226 150 16 43 116 -35
1534352221.84417 633 530 563 710 536 702 -6988 -1378 4054 197 102 14 41 115 -36
1534352221.8972867 633 530 563 710 536 702 -6974 -1344 4058 243 122 42 41 117 -35
1534352221.9752722 633 530 563 710 536 701 -6978 -1352 4072 242 142 10 41 116 -37
1534352222.0593038 633 530 563 710 536 701 -6994 -1336 3996 225 143 33 41 115 -33
1534352222.1151652 633 530 563 710 536 702 -6968 -1370 4044 206 109 5 44 116 -35
1534352222.183643 633 530 563 710 536 702 -6972 -1372 4006 202 108 26 43 116 -35
1534352222.248408 633 530 563 710 537 702 -6964 -1354 4010 235 143 26 43 117 -35
1534352222.319027 633 530 563 711 537 702 -7012 -1362 4018 219 144 23 43 117 -37
1534352222.3801582 633 530 562 710 536 702 -7002 -1356 4010 179 120 -3 41 115 -36
1534352222.4426432 633 530 563 710 536 701 -6982 -1364 4102 238 160 10 40 115 -35
1534352222.5207505 633 530 563 710 536 702 -6982 -1342 4044 202 140 9 42 117 -35
1534352222.5897434 633 530 563 711 536 702 -6968 -1344 4016 220 109 9 42 115 -36
1534352222.6464581 633 530 563 710 536 702 -6966 -1320 4050 217 115 20 42 115 -36
1534352222.730537 633 530 563 711 536 702 -6994 -1358 4070 226 80 12 41 116 -34
1534352222.7931147 633 530 563 710 536 701 -6990 -1338 4090 193 153 10 42 117 -35
1534352222.8486996 632 530 563 710 536 702 -7010 -1362 4012 230 130 20 41 116 -33
1534352222.9268064 633 530 563 710 537 702 -6980 -1330 4052 189 168 34 41 116 -37
1534352222.9892936 632 530 563 710 536 702 -7004 -1356 4026 220 141 35 43 115 -35
1534352223.0652626 633 530 563 710 536 702 -7034 -1340 3994 212 101 12 42 116 -34
1534352223.1305506 633 530 563 710 536 702 -7000 -1324 4050 216 126 1 40 119 -36
1534352223.200833 633 530 563 710 536 702 -6994 -1338 4048 219 184 21 41 115 -35
1534352223.2640457 633 530 563 710 536 702 -6978 -1338 4012 223 117 -7 42 116 -36
1534352223.33203 633 530 563 710 536 702 -7010 -1358 3994 234 122 15 42 115 -35
1534352223.4099078 633 530 563 711 536 702 -7032 -1378 4068 205 124 25 41 119 -35
1534352223.4724598 632 530 562 710 536 702 -6954 -1360 4044 217 125 23 42 116 -34
1534352223.5403252 633 530 563 710 536 702 -7012 -1350 4086 173 254 69 40 116 -34
1534352223.600245 633 530 563 710 536 701 -6818 -1338 3930 217 -38 -10 40 116 -34
1534352223.6778595 633 530 563 710 536 701 -7028 -1382 4096 128 411 42 41 119 -33
1534352223.7475047 633 530 563 710 536 702 -7054 -1436 4126 224 60 -119 44 117 -34
1534352223.816934 633 530 563 710 536 701 -6942 -1394 4008 218 169 -33 43 115 -36
1534352223.8789988 633 530 563 710 536 702 -5598 -876 2930 256 224 -30 42 116 -35
1534352223.9416614 633 530 562 710 536 701 -7430 -1434 4386 256 9 -67 41 117 -36
1534352224.0197518 633 530 563 710 536 702 -6522 -1218 3692 203 190 92 42 117 -35
1534352224.1001222 633 530 563 710 536 702 -6996 -1368 4036 227 75 -23 41 116 -35
1534352224.1553662 633 530 563 710 536 702 -6876 -1328 3922 220 90 10 41 116 -36
1534352224.2229996 633 530 563 710 536 702 -7072 -1378 4068 228 186 18 39 117 -36
1534352224.2907326 633 530 563 710 536 701 -6998 -1380 4084 201 55 -20 42 116 -36
1534352224.3486311 633 530 563 710 536 702 -6988 -1342 4042 197 202 41 42 117 -37
1534352224.4268656 633 530 563 710 536 702 -6986 -1360 4048 213 131 28 41 118 -36
1534352224.4892201 633 530 563 710 536 702 -6842 -1188 3904 232 132 -28 42 115 -36
1534352224.5672135 633 530 563 710 536 702 -6906 -1374 3782 488 -690 1008 42 115 -36
1534352224.6305182 632 530 563 711 536 701 -7172 -898 4074 588 1668 -42 42 116 -35
1534352224.7114315 633 530 563 710 536 702 -7728 -1402 1470 4620 -9903 -6868 42 116 -35
1534352224.7861178 633 530 562 711 536 702 -5270 -2412 6338 402 -12684 -11988 43 116 -32
1534352224.8488567 633 530 562 710 536 702 -5436 -1082 6420 3213 -472 2104 52 108 -14
1534352224.9269614 633 530 563 710 536 701 -6678 -1166 6468 -3189 -409 2937 54 104 -12
1534352225.0050678 632 530 562 710 536 702 -7486 -3190 5926 -6665 2181 -4746 52 110 -17
1534352225.0677278 633 530 563 711 536 702 -5976 -5422 7152 -24892 1935 -7116 51 108 -21
1534352225.1459138 633 530 563 710 536 702 -7228 -4680 4840 -27802 1619 -25075 57 113 -33
1534352225.2333984 633 530 563 710 536 702 -4538 -6298 1824 -32768 2147 -31941 71 114 -46
1534352225.3121653 633 530 563 710 536 701 -1576 -5508 -1260 -24168 5976 -30526 90 102 -69
1534352225.3816862 633 530 562 710 536 701 1970 -4716 -3210 -11314 861 -14801 99 78 -93
1534352225.4597387 633 530 562 710 536 702 2678 -6904 -2110 -2665 -4018 -7015 98 53 -111
1534352225.5376716 633 530 562 710 536 702 3052 -7392 -3190 -2167 -47 -1346 96 49 -114
1534352225.6001616 632 530 562 710 536 701 2826 -7090 -3676 -3043 -1931 -36 95 48 -116
1534352225.6828763 633 530 562 710 537 702 2772 -6832 -3480 -4373 -2456 1281 92 49 -118
1534352225.7479365 632 530 562 710 536 702 2834 -6336 -3136 -10872 -7869 4290 90 52 -121
1534352225.833163 633 530 563 710 536 701 1570 -3618 -4288 -11140 -8576 6802 83 61 -127
1534352225.8957005 633 530 562 711 536 702 942 -4458 -5236 4842 -3984 4850 69 72 -134
1534352225.9739575 633 530 563 710 536 701 -86 -4204 -5050 3396 -6905 10300 59 82 -134
1534352226.053927 633 530 562 710 536 702 -834 -4910 -5446 -3386 -6272 6333 61 91 -126
1534352226.1147532 632 530 563 711 536 701 -2180 -3682 -5644 8069 -5278 397 54 102 -125
1534352226.2034533 632 530 562 710 536 701 -3016 -8142 -2838 15408 -372 7608 51 109 -120
1534352226.2782607 632 530 562 710 536 701 -1436 -7618 -4550 1293 5004 580 60 110 -110
1534352226.349945 633 530 562 711 536 701 -474 -5422 -2996 16747 1816 -3513 63 109 -113
1534352226.4280531 633 530 562 710 536 701 -2528 -7878 -1958 20402 -1892 3036 76 109 -105
1534352226.4905746 632 530 562 710 536 702 -2132 -7386 -560 8554 -8837 2481 83 106 -93
1534352226.574241 633 530 562 710 536 702 -2536 -6826 338 8813 -3099 2519 86 111 -78
1534352226.631855 633 530 563 710 536 702 -3198 -6402 1106 5388 162 -5708 86 116 -63
1534352226.7208488 632 530 563 710 536 702 -1130 -9008 4228 20315 -1655 3588 87 117 -59
1534352226.7942386 633 530 563 710 536 702 -3028 -6324 2474 2228 -1595 4056 89 112 -50
1534352226.8646615 633 530 563 710 537 701 -2902 -6726 2328 10260 -2905 3966 88 118 -44
1534352226.9427702 633 530 563 710 536 702 -3888 -5648 4058 6300 -1080 2752 81 119 -39
1534352227.005253 633 530 563 711 536 702 -3908 -5658 4622 122 -1214 -772 77 122 -32
1534352227.0885236 632 530 563 710 537 702 -4322 -5888 3620 -597 -1644 -1688 75 121 -30
1534352227.1464493 633 530 563 710 536 701 -3422 -6084 4422 197 -882 -4141 76 121 -30
1534352227.2312598 632 530 563 710 536 702 -3316 -5934 4778 2613 1617 3526 79 117 -26
1534352227.30485 633 530 563 711 537 702 -3706 -5340 4430 1516 1356 879 75 118 -28
1534352227.3643932 633 530 563 710 536 702 -3216 -5866 4304 -767 -102 -1142 77 118 -28
1534352227.4423778 633 530 563 710 536 701 -3498 -5964 4164 -1216 586 -206 77 120 -28
1534352227.5205328 633 530 562 710 536 702 -3556 -5948 4038 1054 3212 1725 79 117 -29
1534352227.5923479 633 530 563 711 536 702 -3770 -5620 3790 -536 679 654 77 118 -30
1534352227.6622388 633 530 563 711 536 701 -3710 -5992 3906 504 815 271 75 119 -31
1534352227.7337625 633 530 562 711 536 701 -4082 -5780 3740 163 841 -538 74 119 -34
1534352227.8030496 633 530 562 710 536 702 -3364 -5774 3848 2206 830 -626 76 118 -33
1534352227.8657103 633 530 562 710 536 702 -3500 -5954 4026 -663 652 -921 76 120 -34
1534352227.9438257 633 530 563 710 537 702 -3934 -5792 3878 -480 1322 -615 78 118 -32
1534352228.0063024 633 530 563 710 536 701 -4118 -6184 3766 -1177 -515 -83 80 118 -35
1534352228.088937 633 530 563 710 536 702 -3818 -6114 3656 101 624 -362 79 118 -35
1534352228.1459963 633 530 563 710 536 702 -3798 -5960 3554 238 -115 304 81 120 -37
1534352228.2312496 634 530 563 709 536 702 -3780 -5928 3652 883 -1090 -146 77 118 -36
1534352228.3038325 632 530 563 709 536 701 -3936 -5738 3658 953 -1615 -647 79 119 -37
1534352228.36555 632 530 563 710 536 702 -3694 -5806 3958 79 -709 -1458 80 119 -34
1534352228.443628 633 530 563 710 536 702 -3754 -5848 3688 2762 -726 -3087 78 116 -32
1534352228.5061176 633 530 562 710 536 701 -3030 -6386 4642 229 -586 -456 79 116 -30
1534352228.5900621 633 530 563 710 536 701 -3538 -5540 3946 -742 314 -88 81 116 -31
1534352228.646827 633 530 563 710 536 702 -3430 -6130 4108 304 249 -128 80 117 -31
1534352228.7305138 633 530 562 710 536 702 -3300 -6164 4082 320 1001 347 81 113 -33
1534352228.7987595 633 530 563 710 537 701 -3580 -5930 3926 429 367 587 80 115 -32
1534352228.8656118 633 530 563 710 536 702 -3524 -5908 4244 326 -7 -92 82 117 -32
1534352228.928061 633 530 562 709 536 701 -3646 -5824 4028 -534 295 175 82 114 -30
1534352229.0063646 633 530 563 710 536 701 -3456 -5990 3856 -268 147 -368 82 115 -33
1534352229.0767012 632 530 562 710 536 702 -3592 -5908 4064 369 111 71 81 116 -33
1534352229.1316013 633 530 562 710 536 700 -3556 -5996 4140 679 365 29 80 116 -31
1534352229.2153134 632 530 562 709 536 701 -3608 -5790 3798 974 1090 268 80 116 -33
1534352229.2730753 633 530 563 710 536 701 -3328 -6042 4228 536 770 -363 80 115 -32
1534352229.3500404 632 530 562 710 536 701 -3542 -5936 3860 -290 185 -212 81 115 -33
1534352229.4127073 632 530 563 711 536 702 -3650 -5948 4062 92 359 71 80 116 -36
1534352229.4906335 633 530 562 711 536 702 -3536 -5948 3878 -29 352 -85 80 116 -33
1534352229.5617845 633 530 562 711 536 702 -3570 -5960 3922 148 377 150 82 116 -35
1534352229.631208 633 530 562 710 536 702 -3600 -5928 3902 136 335 147 82 115 -33
1534352229.6993413 632 530 563 709 536 701 -3540 -5916 3892 -196 25 58 81 115 -35
1534352229.7637303 632 530 563 712 536 701 -3668 -5968 3802 95 224 207 81 116 -35
1534352229.8491545 632 530 563 711 536 701 -3648 -5946 3924 1087 543 -11 80 116 -34
1534352229.8959827 633 530 563 710 536 701 -3686 -5910 3876 182 217 150 82 117 -34
1534352229.9740915 633 530 563 710 537 702 -3630 -6146 3956 -65 -107 -387 82 115 -32
1534352230.0473511 632 530 562 711 536 701 -3624 -5940 3742 -296 426 137 82 117 -36
1534352230.1140003 632 530 562 709 536 701 -3520 -5940 3604 206 154 216 82 117 -36
1534352230.1877344 633 530 563 711 536 702 -3608 -5924 4026 173 -425 -32 81 116 -34
1534352230.2486365 633 530 562 711 536 703 -3690 -5886 3922 2 -5 -61 83 118 -35
1534352230.322957 633 530 563 709 536 702 -3258 -6158 3832 993 617 1270 82 116 -34
1534352230.381264 634 530 563 712 536 702 -3790 -5958 3528 828 -1984 2113 82 117 -36
1534352230.4593692 632 530 563 710 536 702 -3662 -5690 4384 1407 -533 707 80 118 -33
1534352230.537169 633 530 562 710 536 702 -3926 -5636 4246 -149 371 272 79 118 -34
1534352230.5967376 633 530 562 710 536 702 -3590 -5962 4054 -21 863 279 79 119 -33
1534352230.6748471 634 530 562 710 537 702 -3852 -5780 3710 -364 163 1602 79 119 -34
1534352230.7468112 632 530 562 710 536 701 -4008 -5536 4276 -128 231 416 78 121 -34
1534352230.8190584 632 530 562 710 536 702 -3938 -5788 3968 -432 609 -193 77 120 -33
1534352230.8795319 632 530 562 711 536 701 -3898 -5802 3608 -894 188 -850 76 120 -34
1534352230.957676 633 529 563 708 536 701 -4046 -5730 3946 -223 -180 -754 76 120 -35
1534352231.0357442 632 530 563 710 536 702 -4058 -5804 4030 -903 -1517 -1433 78 118 -35
1534352231.112598 632 530 563 710 536 701 -3286 -6094 3958 -2239 -1361 -1838 78 121 -38
1534352231.1879797 633 530 562 709 536 702 -3346 -6410 4236 -2974 -2275 -1646 80 119 -35
1534352231.2636445 633 530 562 710 536 701 -3050 -8068 5406 -10117 2815 4955 82 115 -36
1534352231.338163 633 530 562 710 536 701 -2974 -6946 2366 -21554 -7481 -4842 84 118 -35
1534352231.4127574 633 530 563 711 536 702 -3774 -6634 1844 -11351 -3404 -219 84 119 -49
1534352231.4754303 633 530 563 710 537 702 -2832 -6768 -742 -13318 -6616 3953 83 121 -55
1534352231.561917 632 530 562 710 536 701 -4602 -6320 -626 -8073 -6013 823 80 124 -60
1534352231.632471 633 530 563 711 536 701 -3284 -7384 70 -12078 -2962 -2653 77 128 -57
1534352231.7112772 633 530 562 710 536 703 -3062 -7682 902 -23846 7520 -3950 75 127 -60
1534352231.7879994 632 530 562 710 536 701 -1202 -3130 -2490 -32768 10863 9917 73 128 -72
1534352231.8487897 632 530 563 710 536 702 -2188 278 -15282 88 24285 -9357 58 124 -96
1534352231.9268968 633 530 562 710 536 702 2448 -11018 -7572 15889 6219 11491 23 103 -131
1534352232.0050046 633 530 562 710 536 702 -1730 -6552 -6206 -19006 4694 1779 39 86 -139
1534352232.0861607 633 530 562 709 536 701 -1014 -3040 -8994 -2392 9318 5745 35 82 -142
1534352232.146139 633 530 562 709 536 702 990 -3724 -6892 1045 10827 4225 20 78 -149
1534352232.23064 633 530 562 710 535 701 2626 -2348 -5212 -5637 726 6420 19 63 -151
1534352232.3031576 633 530 562 710 536 701 3698 -1862 -6660 -377 5457 3510 18 55 -156
1534352232.3623252 633 530 562 710 536 701 4208 -3922 -5884 9300 6152 4616 11 51 -156
1534352232.4404325 633 530 563 711 535 701 1390 -3742 -6884 4424 -10927 1118 19 46 -157
1534352232.5186422 633 530 562 710 537 702 2564 -4420 -6196 9295 -12963 -679 22 51 -154
1534352232.600282 632 530 562 710 536 702 1312 -4766 -5554 23177 -20249 -1658 32 63 -151
1534352232.679824 632 530 563 711 536 702 -2230 -7690 -3808 27503 -32768 -12945 53 79 -140
1534352232.7638276 632 530 562 710 536 701 -5548 -7108 4132 32767 -11720 3882 76 109 -103
1534352232.8269486 632 530 562 711 536 701 -2440 -7378 196 887 3429 -4780 94 114 -31
1534352232.8954043 633 530 562 710 536 701 -2050 -7096 2852 7263 10645 1149 92 114 -27
1534352232.9735959 633 530 562 710 536 701 -1662 -6858 1668 -3132 -15959 -24108 92 114 -29
1534352233.035936 632 530 562 710 536 701 3240 -7572 160 11822 -6088 -1124 97 105 -28
1534352233.1163678 632 530 562 710 536 702 -502 -7942 5206 21726 -7676 -6895 108 84 -19
1534352233.197172 632 530 562 710 536 701 1674 -6922 5500 -1222 -10128 -1853 98 87 1
1534352233.2645404 632 530 562 710 536 701 2132 -7314 5190 7730 -5798 7200 95 76 9
1534352233.3379307 632 530 562 711 536 702 -434 -7266 5982 -11639 -6049 518 94 75 15
1534352233.3971577 633 530 562 711 536 702 1644 -6894 2742 -104 -2204 -1371 91 77 17
1534352233.475086 633 530 563 709 536 701 1414 -6534 5202 -3826 -1043 3074 97 73 14
1534352233.5509949 633 530 562 709 536 702 1598 -6304 3022 -6909 8063 3364 95 74 16
1534352233.6144552 632 530 562 710 536 702 1008 -7042 2622 -2647 3454 1028 100 78 8
1534352233.6913266 633 530 563 711 536 701 1060 -8184 3496 -3737 2567 -970 100 81 3
1534352233.7468622 633 530 562 709 536 701 216 -7730 2698 -12391 5171 4217 103 82 1
1534352233.8301086 633 530 562 710 536 702 -378 -7412 270 -8989 876 4112 105 89 -6
1534352233.8950264 633 530 562 708 536 702 308 -7748 1554 -21375 284 6573 106 92 -18
1534352233.9731464 633 530 563 710 536 701 -620 -7628 -1698 -23588 3188 5094 108 95 -28
1534352234.0511186 632 530 563 710 536 702 -2514 -6256 -3884 -6587 2786 3546 102 102 -47
1534352234.116307 632 530 562 709 536 701 -198 -7406 -3236 -4038 -904 5567 98 108 -60
1534352234.200876 632 530 563 710 536 701 -1556 -6490 -2070 -10800 3170 6192 98 110 -63
1534352234.264264 633 530 562 710 536 701 -5412 -5372 -7562 -20944 2499 11597 89 116 -70
1534352234.346761 633 530 562 709 536 701 -2686 -4830 -6748 3875 57 502 74 122 -83
1534352234.4124546 633 530 562 710 536 701 -2198 -6364 -4520 7683 -271 326 70 124 -85
1534352234.4905322 633 530 562 710 536 702 -2826 -5928 -4094 -1561 -1239 3968 75 122 -82
1534352234.5676606 633 530 562 710 536 702 -3344 -5212 -5958 455 -2708 -110 72 124 -81
1534352234.6298857 633 530 562 710 536 702 -2606 -5274 -5008 -1227 -371 1054 71 130 -79
1534352234.7170842 632 530 562 710 536 701 -3150 -5496 -5014 -1964 1260 2289 69 130 -78
1534352234.780295 633 530 562 710 536 702 -3200 -4722 -5454 -1384 1492 1396 68 133 -78
1534352234.8493867 633 530 562 711 536 701 -3168 -5978 -5722 2256 1279 104 66 131 -83
1534352234.9431143 633 530 562 710 536 701 -3350 -5202 -5646 1766 751 2321 63 130 -81
1534352235.005599 633 530 562 710 535 702 -3052 -5412 -4894 2899 1245 -43 64 130 -83
1534352235.0814025 633 530 562 710 535 702 -3598 -5956 -4996 -1932 -316 686 64 130 -82
1534352235.1474593 633 530 562 710 536 701 -3100 -5542 -5108 -2925 994 1191 62 129 -83
1534352235.2272847 633 530 563 711 536 702 -3426 -4990 -5776 1322 -76 -970 61 130 -84
1534352235.301441 632 530 562 710 536 701 -3030 -5178 -5608 3160 -1890 -897 62 131 -83
1534352235.3648186 633 530 562 710 536 702 -3406 -5496 -4378 -55 -1642 637 65 131 -82
1534352235.442895 633 530 562 710 536 701 -2964 -6584 -3816 -2782 -1777 618 64 131 -81
1534352235.5209706 633 530 563 710 536 701 -3634 -5378 -6116 390 -2714 -321 62 133 -81
1534352235.59576 632 530 562 711 536 702 -3482 -5472 -4648 2525 -2327 -751 60 134 -78
1534352235.675393 632 530 562 710 536 701 -3480 -5622 -4526 2923 -2813 -1839 62 133 -77
1534352235.7318647 633 530 562 710 536 702 -3248 -5788 -4702 1751 -2012 339 65 132 -74
1534352235.8169057 632 530 562 710 535 701 -3644 -5846 -3566 4130 -2617 38 66 133 -71
1534352235.8793116 632 530 561 710 536 702 -4282 -5520 -3466 2338 2264 1227 68 133 -65
1534352235.957422 633 530 562 710 535 702 -3674 -5930 -4072 -437 1717 28 68 135 -65
1534352236.0199044 633 530 562 710 536 701 -3330 -5996 -4482 523 -236 -700 67 135 -65
1534352236.1063144 633 530 563 710 536 701 -3380 -5820 -4546 1800 -1619 686 63 134 -65
1534352236.1812499 633 530 562 710 536 701 -4254 -6280 -3368 4127 -3237 2498 67 135 -66
1534352236.2488701 632 530 562 710 536 702 -4048 -5930 -3638 1318 -1899 1303 65 136 -60
1534352236.3297694 632 530 563 711 536 702 -4484 -5776 -3058 1437 -1292 -976 67 137 -58
1534352236.396657 633 530 562 709 536 702 -4582 -5938 -3278 2234 -1881 -4295 64 140 -55
1534352236.4748092 633 530 562 711 536 702 -4000 -6528 -2916 -361 -537 -595 66 138 -55
1534352236.5536697 632 530 563 710 536 702 -3894 -5902 -2306 -10598 4052 3072 69 137 -50
1534352236.6291385 633 530 562 711 536 701 -4172 -4630 -3548 -19848 7462 9331 66 136 -55
1534352236.7048988 633 530 562 710 536 701 -5296 -4600 -6698 -6086 -898 -1487 54 139 -69
1534352236.7799587 633 530 562 710 536 702 -3680 -4438 -5508 2238 -2795 -5906 44 137 -76
1534352236.849389 633 530 562 710 536 701 -4698 -4454 -5264 3288 -1167 3052 52 139 -73
1534352236.9277706 633 530 562 711 536 702 -4444 -4962 -4678 1876 -5106 -3609 51 140 -70
1534352237.0056024 633 530 562 710 536 702 -4398 -5096 -4992 1509 -2214 -5267 53 138 -67
1534352237.0808966 633 530 562 710 536 702 -4202 -5030 -3482 5976 3573 -8344 57 138 -64
1534352237.1474962 632 530 562 710 536 701 -3082 -5886 -5176 400 -2755 -1219 67 133 -61
1534352237.2157593 633 530 562 711 536 701 -4112 -4400 -3190 28097 15025 1715 73 132 -59
1534352237.3009908 633 530 562 710 536 701 -2612 -6300 -2716 99 2065 1129 73 131 -56
1534352237.3635633 633 530 562 710 536 701 -4610 -5860 -4070 7638 4364 4348 73 130 -56
1534352237.4416695 633 530 562 710 536 701 -3502 -6352 -2636 170 1566 -579 69 132 -60
1534352237.5043037 633 530 562 710 536 702 -3594 -6690 -3258 662 1231 147 70 132 -55
1534352237.582294 632 530 562 710 536 702 -3334 -6668 -3070 -3185 -759 -3870 71 131 -57
1534352237.660368 633 530 562 710 536 701 -3420 -6072 -2878 -1443 3731 3616 72 130 -60
1534352237.7317414 633 530 562 710 536 701 -3132 -6014 -2840 -19323 -1747 -3789 72 130 -59
1534352237.8213425 632 530 562 710 536 701 -3156 -4018 -6314 -18203 -8662 4218 68 129 -69
1534352237.8952563 632 530 562 710 536 702 -5124 -3014 -6994 -5729 2667 8873 65 133 -73
1534352237.957741 632 530 562 710 536 701 -4094 -2540 -6426 -1679 662 5798 53 137 -78
1534352238.043067 633 530 562 710 536 702 -5164 -2160 -7134 -3158 4801 8022 44 138 -79
1534352238.1156578 633 530 562 710 536 701 -4134 -2510 -6302 -4282 3433 -2077 34 142 -86
1534352238.1933339 633 530 562 710 536 701 -4062 -2498 -7202 -1314 695 -2765 30 141 -92
1534352238.2625375 633 530 562 710 536 701 -3428 -1906 -7408 2465 2123 987 30 137 -98
1534352238.338257 632 530 562 710 536 702 -3542 -2434 -7268 3023 114 5691 33 137 -95
1534352238.4121523 633 530 562 710 536 702 -3970 -2662 -6936 -1135 -758 11943 29 135 -96
1534352238.4747632 632 530 562 710 536 701 -5112 -1286 -6470 6996 -3203 4045 19 137 -95
1534352238.5615451 632 530 562 710 536 702 -4994 -1236 -4974 5376 6247 -9742 10 140 -94
1534352238.6301112 632 530 562 711 536 702 -3568 -2912 -6536 -3398 8323 -9899 18 139 -93
1534352238.715653 633 530 562 710 536 702 -1930 -3496 -9908 -19512 -17006 3838 30 132 -103
1534352238.792788 633 530 562 710 536 702 -4468 -1608 -8256 7730 -4558 20911 23 135 -100
1534352238.8640716 632 530 562 710 536 701 -6372 634 -4452 23459 739 -3528 2 142 -88
1534352238.9266658 633 530 562 710 536 701 -5404 222 -4428 1563 6354 -16185 1 140 -88
1534352239.0047 632 530 562 710 536 701 -2202 -4186 -6010 -20058 3190 -8089 23 140 -90
1534352239.093254 633 530 562 710 536 701 -2972 -2440 -11434 -14450 -17356 12541 31 134 -100
1534352239.1632562 632 530 562 710 536 701 -5730 -284 -6376 22701 -2659 13281 7 140 -94
1534352239.2312372 633 530 562 710 536 701 -6706 682 -4058 18386 2529 -15555 -7 143 -80
1534352239.3175037 633 529 562 710 536 702 -4396 -916 -4650 -2964 14144 -14819 8 143 -87
1534352239.3963625 632 530 562 710 536 702 -2082 -4340 -7956 -24272 -10747 -7215 31 138 -95
1534352239.4744694 632 530 562 710 536 701 -3536 -1866 -11222 -6228 -20237 19375 29 131 -103
1534352239.5369747 632 530 562 710 536 702 -6816 -62 -4050 28271 4107 8520 13 145 -80
1534352239.616824 633 530 562 710 536 701 -6476 94 -3648 11154 8501 -23220 -6 142 -77
1534352239.6985075 632 530 562 710 536 702 -3806 -3542 -5576 -8892 10050 -18979 16 141 -85
1534352239.7784333 633 530 562 710 536 701 -1408 -3548 -10598 -30014 -25024 -2571 40 135 -98
1534352239.849319 633 530 562 710 536 702 -4330 -1256 -7626 11403 -3963 28987 38 135 -96
1534352239.9276912 633 530 562 710 536 702 -6832 -520 -4388 23083 7291 -1186 10 145 -78
1534352239.989912 632 530 562 710 536 702 -5316 16 -4304 8521 8099 -19711 0 141 -85
1534352240.0792391 632 530 562 710 536 702 -2106 -3902 -6764 -22881 -4466 -12924 24 138 -95
1534352240.1600566 632 530 562 710 536 701 -2648 -2206 -11468 -11892 -18140 13380 36 134 -101
1534352240.2334695 633 530 562 710 536 701 -6350 -320 -5632 24825 7087 15783 21 143 -88
1534352240.3087218 632 530 562 710 536 702 -6242 -456 -3700 14632 4743 -14208 2 146 -80
1534352240.3797238 632 530 562 710 536 701 -3524 -2202 -5962 -13845 4369 -16587 16 140 -93
1534352240.4577947 633 530 562 710 536 701 -2410 -2758 -11550 -25282 -20553 3881 35 136 -99
1534352240.5358498 633 530 562 710 536 702 -4688 -798 -7148 21024 99 23262 26 138 -95
1534352240.609152 632 530 562 710 536 702 -6690 -48 -3620 22150 3952 -4713 3 143 -81
1534352240.6820538 633 530 562 710 536 701 -5372 426 -4296 1773 10346 -15753 6 141 -88
1534352240.7485998 632 529 562 710 536 701 -2678 -3602 -7262 -23303 -4641 -12499 27 139 -94
1534352240.840859 632 530 562 710 536 701 -2292 -2740 -12104 -13522 -21442 8017 35 133 -102
1534352240.9114294 633 530 562 710 536 701 -5724 -892 -5756 27145 8253 13601 23 143 -90
1534352240.9739382 633 530 562 710 536 701 -6144 -504 -2924 14201 684 -11854 6 145 -82
1534352241.0658307 633 530 562 710 536 701 -3856 -2104 -5384 -15429 8131 -12899 20 141 -87
1534352241.129986 633 530 562 711 536 702 -2734 -3136 -11106 -24520 -17437 -104 33 137 -95
1534352241.2198968 633 530 562 710 536 701 -4024 -840 -7984 19097 -3085 20821 24 139 -96
1534352241.2798374 632 530 562 710 536 702 -6804 42 -2986 23759 6249 95 9 147 -80
1534352241.348355 632 530 562 710 536 701 -5044 -472 -4008 -5026 7463 -15722 10 143 -88
1534352241.426565 632 530 562 710 536 701 -2680 -3044 -8362 -23140 -6448 -9149 22 141 -94
1534352241.5044744 633 530 562 710 536 701 -3124 -1920 -10514 34 -10464 12728 25 138 -100
1534352241.5903451 633 530 562 710 536 701 -6040 -556 -4722 24390 7539 8162 15 144 -88
1534352241.6675236 633 530 562 710 536 701 -5784 -696 -3324 5815 5539 -13602 9 142 -87
1534352241.740772 632 530 562 710 536 701 -3100 -2732 -6886 -20022 1897 -14518 21 141 -94
1534352241.8210053 633 530 562 710 536 702 -2732 -1384 -12164 -14336 -16081 4060 32 135 -103
1534352241.8812819 632 530 562 710 536 701 -4860 -1190 -6474 22087 5337 16390 23 143 -96
1534352241.9594197 633 530 562 710 536 702 -5974 -890 -3086 16053 4029 -6575 10 146 -90
1534352242.0376816 633 530 562 710 536 701 -3916 -1444 -5894 -16956 2469 -13626 16 139 -94
1534352242.1164587 632 530 562 710 536 701 -2638 -2302 -11420 -21299 -18264 760 29 137 -101
1534352242.200853 633 530 562 710 536 702 -4698 -962 -6628 23950 5872 17412 18 142 -95
1534352242.264196 633 530 562 710 536 702 -6218 -586 -3232 16100 1958 -3248 5 145 -88
1534352242.3485816 633 530 562 710 536 702 -4270 -1292 -4690 -11293 6871 -13012 12 141 -95
1534352242.4266882 632 530 562 710 536 701 -2384 -2566 -9718 -18973 -11764 -6240 23 140 -99
1534352242.5047948 632 530 562 710 536 701 -3454 -1456 -9120 13301 -5854 17437 21 141 -99
1534352242.5784378 633 530 562 710 536 702 -6360 76 -3310 24403 4367 4679 12 145 -86
1534352242.6461296 632 530 562 710 536 701 -5202 -498 -3488 -6512 6671 -12542 9 142 -87
1534352242.7304144 633 530 562 710 536 701 -3842 -2588 -9198 -21896 -2286 -8673 19 140 -94
1534352242.807615 633 530 562 711 536 701 -2914 -1546 -10392 -1362 -9197 6893 18 139 -101
1534352242.8798594 633 530 562 710 536 701 -6032 74 -4570 26599 13129 6524 15 143 -92
1534352242.9425683 632 530 562 710 536 702 -5124 -1282 -4094 1055 4582 -15927 10 140 -93
1534352243.0204535 633 530 562 710 536 702 -1842 -2964 -9440 -24703 -13321 -8183 24 135 -103
1534352243.09989 632 529 562 710 536 701 -4012 -1092 -10640 9495 -601 22578 28 138 -103
1534352243.203949 633 530 562 710 536 702 -5768 -1138 -4274 22963 4097 193 10 145 -93
1534352243.2485816 632 530 562 710 536 702 -4362 -1114 -4276 -4760 60 -10766 8 140 -98
1534352243.3330786 632 530 562 710 536 701 -3318 -2488 -7316 -13011 6206 -2440 22 139 -99
1534352243.4111848 632 530 562 710 536 702 -2884 -1914 -11368 -10420 -13609 3999 22 135 -105
1534352243.4736707 633 530 562 711 536 701 -4866 -884 -6776 21438 1681 10004 9 138 -99
1534352243.560482 633 530 562 710 536 701 -5666 -534 -2922 14419 1322 -3327 6 141 -93
1534352243.6288416 632 530 562 710 536 701 -4330 -1426 -5000 -11618 8035 -8709 12 140 -92
1534352243.717124 632 530 562 710 536 701 -2308 -3102 -10180 -18681 -10274 -6091 20 136 -99
1534352243.7948737 632 530 562 710 536 702 -3640 -1938 -9390 15933 -5337 18239 16 135 -101
1534352243.8653455 632 530 562 710 536 701 -6520 -1504 -3562 20445 2370 2006 4 142 -87
1534352243.9433415 633 530 562 710 536 702 -5054 -86 -2872 -4323 4328 -17257 1 138 -90
1534352244.0058255 633 530 562 710 536 701 -2694 -3252 -7400 -22013 913 -11384 17 138 -93
1534352244.0936954 633 530 562 710 536 702 -3592 -148 -12758 -5740 -7868 9624 23 136 -102
1534352244.1628666 632 530 562 710 536 702 -4930 -960 -5672 18025 2242 11680 12 144 -94
1534352244.2325613 633 530 562 710 536 701 -6548 736 -3554 16081 9766 -6662 1 142 -92
1534352244.3182662 632 530 562 710 536 702 -4116 -2860 -7602 -20215 -340 -19269 9 139 -101
1534352244.3955429 633 530 562 710 536 701 -2292 -1142 -13566 -20677 -25907 4342 25 134 -110
1534352244.4734225 632 530 562 710 536 702 -5044 -1398 -3682 30828 11830 23548 17 144 -93
1534352244.5482528 632 530 562 711 536 702 -6842 -596 -2032 9514 4646 -14483 -5 145 -87
1534352244.6137855 633 530 562 710 536 701 -3854 -1632 -9840 -26702 -7512 -22919 8 138 -99
1534352244.7072716 633 530 562 711 536 701 -2964 -618 -12094 -7547 -13475 14967 22 138 -107
1534352244.7780437 633 530 562 710 536 701 -5894 -396 -4252 28121 8074 12688 12 150 -89
1534352244.8500848 633 530 562 710 536 701 -5670 -386 -2684 3045 2431 -13851 -5 146 -89
1534352244.928429 633 530 562 710 536 701 -3974 -1752 -6468 -18072 7646 -9714 11 142 -96
1534352245.0062962 632 530 562 710 536 701 -2872 -2268 -12138 -18441 -16417 -5855 16 140 -106
1534352245.0829248 633 530 562 710 536 701 -4584 -360 -7500 21264 6717 16792 11 144 -101
1534352245.1599164 633 530 562 710 536 701 -5796 -404 -1384 25459 14036 -7531 1 149 -89
1534352245.231749 632 530 562 709 536 701 -2916 -2276 -8514 -32768 -18746 -23199 16 137 -107
1534352245.3182178 632 530 562 710 536 701 -2898 -62 -12182 -1458 -13440 23751 33 142 -112
1534352245.3797493 632 530 562 710 536 701 -6478 -698 -3986 28905 11490 10427 12 157 -87
1534352245.4733932 632 530 562 710 536 701 -5578 202 -3230 1355 -863 -16300 -3 147 -100
1534352245.535879 632 530 562 710 536 702 -3448 -1942 -9352 -23830 -2482 -10710 15 146 -102
1534352245.626232 633 530 562 710 536 701 -3520 -768 -11992 -1926 -13541 16263 23 148 -110
1534352245.697714 633 530 562 710 536 701 -6220 -36 -3912 30258 4430 7521 3 156 -93
1534352245.7649817 632 530 562 710 536 702 -5428 -104 -2080 773 5922 -16617 -3 152 -89
1534352245.8337467 633 530 562 710 536 701 -4392 -2080 -8850 -23368 5547 -9950 17 145 -96
1534352245.911852 632 530 562 710 536 701 -3018 -894 -12456 -17650 -21823 1194 21 144 -110
1534352245.990145 633 530 562 710 536 702 -5008 -248 -5526 30048 7403 12277 8 155 -97
1534352246.070854 633 530 562 710 536 701 -6330 76 -2708 15173 3770 -6512 4 153 -89
1534352246.1447377 633 530 562 710 536 702 -4608 -1462 -6802 -23533 3348 -12518 15 147 -98
1534352246.216202 632 530 562 710 536 701 -3416 -1448 -12700 -19821 -17483 285 24 147 -105
1534352246.3010442 633 530 562 710 536 701 -5258 -292 -6414 28498 3204 18508 14 155 -97
1534352246.3657768 632 530 562 710 536 701 -6392 -580 -1812 13271 3011 -7849 2 153 -86
1534352246.4438841 633 530 562 710 536 701 -4570 -950 -5780 -15756 7025 -11565 10 148 -89
1534352246.5290008 633 530 562 710 536 701 -3320 -2066 -10524 -19013 -9915 -4076 22 145 -97
1534352246.596766 633 529 562 710 536 702 -3978 -656 -8438 15062 -1598 13949 15 149 -102
1534352246.6747804 632 530 562 710 536 702 -6080 -410 -3664 20638 5733 -182 7 151 -88
1534352246.747872 632 529 562 710 536 701 -4722 -1208 -5458 -12581 59 -10756 10 145 -95
1534352246.8294115 632 529 562 710 536 701 -3824 -1708 -9556 -13352 -3099 1908 19 147 -97
1534352246.8962152 633 529 562 710 536 702 -4450 -1810 -7058 9192 1220 7254 15 148 -96
1534352246.974106 632 530 562 711 536 701 -5210 -1242 -4500 10994 7610 -6586 6 146 -94
1534352247.0564904 633 530 562 710 536 701 -3420 -1602 -6900 -12210 -976 -11035 14 144 -100
1534352247.1306849 632 529 562 710 536 701 -2878 -896 -10852 -12241 -12481 8605 25 143 -110
1534352247.207548 633 529 562 710 536 701 -5502 8 -5712 22176 8664 12452 11 153 -100
1534352247.2813582 632 529 562 710 535 701 -5326 -628 -3612 8872 3182 -11407 -2 147 -99
1534352247.3471887 632 529 562 710 536 702 -3522 -1878 -7956 -19158 146 -8664 13 140 -107
1534352247.4253774 633 529 562 710 536 701 -2714 -992 -11186 -15099 -12976 5090 20 142 -111
1534352247.5033367 633 529 562 710 536 702 -4190 -906 -7688 21801 -2037 11404 4 149 -103
1534352247.5847406 632 530 562 710 536 702 -5836 22 -3326 21586 1181 -2676 -5 148 -95
1534352247.659139 632 530 562 710 536 701 -4330 -606 -3074 -11092 9426 -8674 7 145 -97
1534352247.7335446 632 529 562 710 536 702 -3742 -2338 -9028 -24368 -527 -8644 17 143 -102
1534352247.8124375 633 530 562 710 536 702 -2938 -614 -13188 -8216 -12088 1526 9 145 -114
1534352247.8795397 633 530 562 710 536 701 -4542 -324 -6432 27097 4111 12123 -2 155 -99
1534352247.9575536 633 530 561 710 536 702 -5706 -112 -2992 17290 2466 -3573 -1 149 -98
1534352248.0356596 633 529 562 710 536 701 -4280 -320 -5716 -17946 4966 -9030 14 143 -104
1534352248.1151354 633 530 562 710 536 701 -3522 -1630 -10748 -18825 -8230 -7258 19 144 -108
1534352248.1908283 632 530 562 710 536 702 -3242 -942 -9900 7963 -4752 6897 7 149 -110
1534352248.2622306 632 530 562 710 536 701 -5236 -542 -4878 24858 6640 2539 4 152 -95
1534352248.3314815 632 529 562 710 536 701 -4808 -710 -3220 3200 5340 -7911 10 147 -98
1534352248.4093943 632 530 562 710 536 701 -3838 -2008 -8640 -23847 -3514 -7290 25 144 -106
1534352248.4874995 632 530 562 710 536 701 -3204 -726 -12308 -10129 -16736 5543 21 145 -111
1534352248.5680041 633 530 562 710 536 700 -5154 -462 -5922 30062 5908 10102 10 156 -93
1534352248.6312506 633 530 562 710 536 702 -5350 -1118 -2662 10359 121 -5986 5 151 -91
1534352248.716576 633 530 562 710 536 701 -4350 -1014 -5958 -16758 2133 -908 18 146 -94
1534352248.7939162 632 530 562 710 536 702 -4476 -1796 -10760 -11253 -5269 1470 20 147 -94
1534352248.8625634 633 530 562 710 536 701 -4412 -910 -7548 15900 -5643 8370 5 146 -97
1534352248.9251723 633 530 562 710 535 701 -5798 -430 -3144 14689 6016 -330 0 149 -84
1534352249.0032053 632 530 562 710 536 701 -5256 -140 -4682 -9009 5667 -9627 5 147 -89
1534352249.0905204 632 530 562 710 536 701 -3812 -2124 -9222 -15830 -5263 -7235 12 144 -98
1534352249.1665735 632 530 561 710 536 701 -3690 -1454 -9250 5195 -5224 8528 14 146 -100
1534352249.2329714 633 530 562 710 536 701 -5536 -416 -4810 18334 2885 6867 7 151 -89
1534352249.3115125 633 530 562 710 536 701 -5456 -658 -3806 -1974 2764 -6151 6 147 -89
1534352249.378483 633 530 562 710 536 702 -4180 -956 -6354 -10217 7680 -6825 11 146 -92
1534352249.4565904 632 530 562 710 536 701 -2992 -2862 -9970 -16398 -14222 -4635 12 143 -100
1534352249.5396183 632 530 562 710 536 702 -4294 -422 -6824 18113 5534 12889 9 147 -99
1534352249.5995529 632 530 562 710 536 701 -5928 -666 -3896 13219 5470 -1143 4 151 -89
1534352249.6895652 633 529 562 710 536 701 -4228 -972 -6034 -13981 -297 -10256 8 144 -101
1534352249.7625904 632 530 562 710 536 701 -3732 -1674 -10506 -12582 -10841 2514 13 144 -102
1534352249.8323545 633 530 561 710 536 702 -4870 -504 -6384 17380 2931 10811 9 149 -95
1534352249.9104056 632 529 562 710 536 702 -5806 -504 -3672 11885 4547 -4987 -2 150 -89
1534352249.9884818 633 530 562 710 536 701 -4254 -864 -5860 -13444 4031 -9756 5 145 -95
1534352250.0708945 633 530 562 710 536 701 -4080 -1562 -10988 -19617 -12724 -374 12 145 -100
1534352250.1311796 632 529 562 710 536 701 -4302 -732 -7598 16372 -96 7685 4 149 -101
1534352250.2144673 632 529 561 711 536 701 -5668 298 -3214 19121 4397 1754 0 150 -88
1534352250.287938 632 529 562 710 536 702 -5122 -186 -4430 -9820 7475 -8095 8 149 -95
1534352250.3641553 632 530 562 710 536 701 -3564 -1742 -9046 -19218 -4820 -8187 13 146 -101
1534352250.442263 633 529 561 710 536 701 -3260 -1230 -10930 2140 -9591 9124 8 145 -108
1534352250.504836 633 529 562 710 536 702 -5586 -350 -4804 25315 5614 9008 3 153 -91
1534352250.5823708 633 530 562 710 536 701 -5606 -180 -2918 3602 1957 -7610 0 147 -92
1534352250.661795 633 529 562 710 536 701 -4870 -230 -7442 -14687 6583 -10022 9 143 -95
1534352250.7332053 632 530 562 710 536 701 -3146 -1500 -10936 -16996 -14756 -3231 12 145 -104
1534352250.8152099 632 530 561 710 536 701 -4842 -750 -6734 21539 8327 11699 6 146 -99
1534352250.880359 633 529 562 711 536 702 -5598 -976 -4014 11416 1223 -5130 3 151 -93
1534352250.9584293 633 529 562 710 536 701 -3986 -1192 -6046 -12802 -969 -6966 12 145 -99
1534352251.0425727 632 529 562 710 536 702 -4208 -1730 -10514 -10258 -7368 6845 18 146 -99
1534352251.1151748 633 529 562 710 536 701 -4954 -896 -6410 14396 1769 5562 7 149 -96
1534352251.1890817 633 529 562 710 536 702 -5402 -630 -3916 10100 3168 -5046 0 151 -92
1534352251.2644172 633 529 562 710 536 702 -4356 -1668 -5812 -13283 5407 -6204 10 146 -96
1534352251.332779 632 530 561 710 536 701 -3856 -1896 -10740 -18011 -9767 -492 14 146 -102
1534352251.4108863 632 529 561 710 535 700 -4308 -452 -7642 15896 -190 9745 4 149 -100
1534352251.4889953 632 530 562 710 536 701 -5934 82 -4166 16982 2669 405 -1 153 -92
1534352251.5602493 632 529 562 710 536 701 -4736 -116 -4212 -9573 5856 -7301 6 147 -94
1534352251.6296222 632 530 562 710 536 701 -3610 -2366 -9398 -20457 -3780 -6385 10 146 -101
1534352251.7136824 632 529 561 710 535 701 -3586 -648 -10114 6198 -6757 8176 4 145 -108
1534352251.786445 633 530 562 710 536 701 -5392 -302 -4774 23901 3279 5869 -5 156 -94
1534352251.8483028 633 530 562 710 536 701 -5162 -300 -2798 -568 4711 -5738 -2 147 -94
1534352251.9262588 633 530 562 710 536 701 -4330 -1486 -8204 -19338 3767 -6178 9 145 -100
1534352252.0043812 632 529 562 710 536 701 -3550 -442 -11452 -9791 -12251 408 4 145 -109
1534352252.0858068 632 530 562 710 536 701 -4684 -234 -6876 22562 1227 9553 -7 154 -100
1534352252.1468863 633 530 561 710 535 701 -5540 184 -3670 8831 -1657 -585 -6 154 -95
1534352252.2309234 632 530 562 710 536 701 -4830 -58 -4840 -10003 5997 -1345 4 148 -96
1534352252.3070157 632 530 562 710 536 701 -5336 -1580 -6444 -3539 14203 -6744 2 147 -99
1534352252.3797667 633 529 562 710 535 701 -3510 -3088 -11486 -16093 -7552 -20283 -4 144 -113
1534352252.4580622 633 529 562 710 536 701 -2406 450 -11618 2790 -11286 10003 2 149 -121
1534352252.5360978 633 529 562 710 536 701 -5952 262 -4538 32767 13065 11810 0 165 -94
1534352252.5978103 632 530 561 710 535 701 -5290 -614 -3358 2657 -793 -12560 0 150 -107
1534352252.691213 632 530 561 710 535 702 -2980 -1764 -8536 -28046 -10054 -5861 17 143 -106
1534352252.7623558 632 529 562 710 535 701 -3910 -800 -11240 4901 -9513 18618 17 151 -107
1534352252.840642 632 530 562 710 536 701 -6374 1018 -3422 32767 6389 5251 -4 156 -89
1534352252.912332 632 529 562 710 535 700 -5472 192 -2866 -6569 4435 -15686 -7 148 -91
1534352252.9904394 633 530 561 710 536 701 -4390 -1760 -8992 -19964 1993 -10344 8 145 -97
1534352253.0685956 633 529 561 710 535 702 -3604 -918 -12180 -8931 -14079 4235 10 146 -106
1534352253.1297257 632 530 562 710 536 701 -5032 -516 -5604 25874 4717 13794 3 155 -94
1534352253.2121751 632 530 562 710 535 701 -6104 44 -3236 6817 661 -4206 -5 151 -90
1534352253.286774 632 529 562 710 535 701 -4532 -702 -4992 -12132 7133 -6581 3 144 -95
1534352253.362463 632 530 562 710 536 701 -4230 -1552 -10168 -13550 -3233 -4845 6 148 -102
1534352253.424977 633 530 562 710 535 701 -3528 -702 -9744 6524 -8878 8092 0 148 -106
1534352253.5031745 633 530 562 710 535 702 -5788 278 -4214 23777 3761 7711 -6 153 -91
1534352253.5827186 632 529 562 710 535 701 -5398 30 -3290 -3788 4018 -8202 -2 148 -93
1534352253.6453125 633 530 561 710 535 701 -4364 -1064 -8042 -15693 7120 -5262 5 146 -99
1534352253.7324133 632 530 562 710 536 701 -3900 -1402 -11456 -11979 -10716 1671 2 143 -106
1534352253.8117807 633 530 562 711 535 701 -4452 -346 -6836 18235 -882 7483 -9 148 -105
1534352253.8797324 632 530 561 710 535 702 -5714 424 -3052 12495 2275 -1377 -9 149 -92
1534352253.9580495 632 529 561 710 535 701 -4432 -92 -4044 -9720 10918 -8024 0 144 -94
1534352254.03613 632 530 561 710 535 701 -4116 -1302 -10742 -20071 -1417 -8787 3 145 -105
1534352254.1147852 633 530 561 710 535 701 -3488 -156 -11976 -1329 -13409 6250 -5 145 -120
1534352254.1876736 632 529 562 710 535 701 -5558 768 -4344 32767 9324 6797 -15 155 -96
1534352254.2491386 632 529 561 710 535 701 -5220 -874 -2958 -3468 -419 -8272 -7 148 -99
1534352254.332572 632 529 562 710 535 701 -4504 -294 -8576 -17944 4172 -5746 7 144 -104
1534352254.410723 633 529 562 710 535 701 -3494 -1188 -11622 -12864 -17916 245 0 147 -110
1534352254.4887867 632 530 561 710 535 701 -4982 20 -5752 27463 6144 9795 -9 152 -97
1534352254.5597594 632 530 562 710 535 701 -5838 292 -2780 11238 2307 -6360 -7 149 -93
1534352254.630132 632 530 562 710 535 702 -4364 -560 -6448 -17119 6264 -10329 6 146 -99
1534352254.714025 632 529 561 710 535 701 -3168 -1416 -10418 -18997 -15418 -839 10 146 -107
1534352254.787456 632 529 562 710 535 701 -4560 -1136 -7628 21524 29 12119 -2 152 -98
1534352254.8490193 633 530 562 710 535 701 -6598 642 -3672 18780 174 -2955 -10 151 -89
1534352254.9271257 633 529 561 710 535 701 -5488 252 -4780 -10399 5814 -12687 -1 149 -90
1534352255.0054255 632 529 561 710 535 701 -3788 -1386 -6666 -5485 7067 -10297 12 145 -93
1534352255.0904162 632 529 562 710 535 701 -3012 -2982 -8544 -4858 -6665 -8983 20 142 -101
1534352255.165201 633 529 561 710 535 701 -2312 -1830 -8206 5051 5804 -360 27 143 -100
1534352255.2325225 632 529 562 710 535 702 -3790 -2138 -6568 3278 8461 16272 35 145 -96
1534352255.3157682 633 529 561 710 535 701 -3602 -2158 -6138 -3774 -1053 1607 22 138 -104
1534352255.3800213 632 529 561 711 535 701 -4156 -960 -9106 264 1042 45 13 138 -108
1534352255.4578958 632 529 562 710 535 702 -2384 -1470 -6084 5958 2586 2114 9 137 -108
1534352255.5361874 632 530 562 710 535 701 -3432 -2142 -7534 -2221 -2503 6449 11 134 -108
1534352255.5985143 632 529 561 710 535 700 -4150 -1426 -7344 5651 -581 -3611 7 134 -106
1534352255.6846905 633 529 562 710 535 701 -4112 -1644 -8046 -6573 2565 5822 6 134 -106
1534352255.7494335 632 529 561 710 535 701 -4302 -1154 -6638 315 4353 3323 6 136 -105
1534352255.8322585 633 529 562 710 535 701 -3804 -1424 -6892 1324 2457 -6734 -3 135 -107
1534352255.8963535 632 529 562 711 535 701 -4160 -1454 -8968 8792 1101 -5941 0 132 -113
1534352255.9743006 632 530 561 710 535 701 -2644 -1094 -8858 13135 7651 2983 5 134 -114
1534352256.0573835 633 529 562 711 535 701 -2580 -2398 -6360 20205 2173 -9192 20 131 -116
1534352256.129536 632 529 561 709 535 701 -2148 -4208 -5830 25592 -6309 -20809 39 123 -109
1534352256.2135882 632 529 561 710 535 702 -2640 -6258 -5706 28389 -5460 -18701 64 121 -92
1534352256.279777 633 529 561 710 536 701 568 -5320 -792 26827 5872 -3137 92 106 -69
1534352256.3578541 633 529 561 710 535 702 362 -6698 -960 1204 19522 14059 106 91 -45
1534352256.420138 632 529 561 710 535 701 -2406 -5104 -2258 3852 -9713 -8700 99 97 -43
1534352256.4984086 632 529 562 711 535 702 646 -8924 2382 8175 -5581 -6839 92 100 -39
1534352256.57757 632 529 561 710 536 700 -440 -6970 1112 1759 -12697 -1502 98 90 -24
1534352256.6440635 633 529 561 710 536 701 -1454 -6682 1694 -13136 -7757 3260 100 85 -16
1534352256.7264025 633 529 561 710 535 701 794 -8522 80 4670 -476 -5040 99 89 -13
1534352256.7917564 632 529 561 709 535 701 470 -7830 658 2692 -5061 -852 103 81 -16
1534352256.848554 632 529 561 710 536 701 722 -8042 932 4326 -6371 3427 103 79 -14
1534352256.9268692 632 529 561 709 534 701 406 -7054 1448 9118 -6381 448 100 79 -9
1534352256.9891396 633 530 562 710 535 701 2664 -7138 3314 6353 -11051 2629 98 77 0
1534352257.0685227 633 530 561 711 535 701 256 -8120 3196 5813 405 3413 92 76 11
1534352257.129994 632 530 562 709 535 701 -58 -7256 2998 5208 2913 6132 85 77 13
1534352257.2047908 632 529 561 709 536 702 -964 -6556 2902 790 -193 1355 83 80 18
1534352257.2628634 632 530 562 709 535 701 -478 -7090 3128 935 -873 -834 78 85 20
1534352257.3327112 633 529 561 710 535 700 -264 -7708 3280 82 -1925 -456 78 84 17
1534352257.4108202 632 529 561 709 535 701 -166 -7506 3034 470 -939 805 79 84 20
1534352257.4733813 633 529 561 710 535 701 -338 -7082 3038 549 -1339 -602 81 82 20
1534352257.547024 633 529 561 709 535 701 -272 -7030 3120 -3093 -1479 -80 81 81 19
1534352257.598954 633 529 562 712 535 701 -168 -7226 3028 273 915 805 79 79 22
1534352257.6802278 633 529 562 712 535 701 -364 -7372 2616 -442 137 480 79 81 20
1534352257.7477705 633 529 562 712 536 700 -408 -7152 3090 -294 262 -497 81 81 22
1534352257.8179667 633 529 562 711 536 702 -138 -7410 2526 -714 -126 -1198 81 82 19
1534352257.8788881 633 530 560 711 535 701 4 -7420 2930 459 383 -47 81 81 19
1534352257.9416316 633 529 562 712 535 701 -120 -7320 2880 327 1268 772 83 81 20
1534352258.003885 633 529 562 710 536 701 -362 -7294 2608 164 765 -141 84 81 20
1534352258.083778 633 529 562 711 536 700 -258 -7526 2776 95 595 425 80 82 17
1534352258.131082 633 530 562 710 536 701 -430 -7222 2976 -213 26 775 81 84 19
1534352258.214608 633 530 562 710 536 701 -212 -7528 2550 -179 -221 454 82 82 20
1534352258.2794218 633 530 561 711 536 701 -478 -7410 2796 204 15 209 82 84 18
1534352258.3329782 632 529 561 710 535 701 -480 -7364 2858 -482 225 464 82 83 18
1534352258.4110885 633 530 561 711 536 700 -496 -7566 2644 185 589 233 82 82 18
1534352258.473824 633 530 562 710 535 702 -532 -7240 2640 1160 810 639 84 84 17
1534352258.5454173 633 529 562 711 536 701 -564 -7498 2700 270 392 -45 80 84 16
1534352258.5996172 632 529 562 712 535 701 -610 -7150 2884 547 316 1034 81 83 18
1534352258.6820495 632 530 560 711 535 701 -540 -7004 3160 1065 1205 1863 80 86 18
1534352258.7465165 633 530 561 712 535 701 -870 -7514 2596 273 1469 1108 81 86 18
1534352258.8176198 633 530 562 709 535 701 -1104 -7474 2792 826 1392 779 79 87 18
1534352258.8788214 633 529 562 712 534 702 -1004 -7346 2376 32 -1221 1439 78 88 16
1534352258.941264 633 529 561 710 535 701 -1344 -7090 3114 2269 -393 545 75 90 16
1534352259.0194159 633 530 561 708 535 700 -1048 -7412 2996 -4 -38 472 77 89 20
1534352259.0893667 633 529 561 710 536 701 -1088 -7158 3070 827 785 1602 72 91 17
1534352259.1558137 633 529 561 708 535 701 -1410 -7074 2984 415 49 652 75 93 16
1534352259.2262092 632 529 562 709 535 701 -1346 -7320 2866 -246 -1140 285 74 92 19
1534352259.29435 633 530 561 712 535 701 -1196 -7206 3242 403 -507 602 73 90 18
1534352259.3495862 632 529 561 710 536 701 -1290 -7270 3044 138 -84 -139 74 92 22
1534352259.4276953 633 529 561 710 536 701 -1272 -7078 3134 639 114 291 74 91 19
1534352259.4903827 633 529 562 712 536 701 -1162 -7270 2986 153 -213 -141 72 92 21
1534352259.5661094 633 530 562 711 536 701 -1324 -7118 3084 688 -391 862 72 91 20
1534352259.6303363 633 530 563 710 536 702 -1478 -7252 3280 -14 -642 643 71 92 20
1534352259.7030702 633 529 562 709 535 701 -1178 -7228 3094 681 -347 -21 71 92 20
1534352259.762282 633 529 561 710 535 702 -1290 -7144 3288 130 -38 375 70 92 21
1534352259.8307793 633 529 561 710 535 701 -1240 -7214 3072 290 132 109 71 90 22
1534352259.8934984 633 529 562 709 535 701 -1392 -6932 3256 -523 -60 -67 72 92 22
1534352259.9713624 633 529 561 709 535 701 -1224 -7386 3136 -40 10 -41 72 92 21
1534352260.037662 632 529 561 709 535 701 -1326 -7062 3248 566 314 679 72 92 22
1534352260.113478 633 529 561 709 536 700 -1466 -7066 2848 107 334 -219 70 90 22
1534352260.1747873 633 529 561 708 535 701 -1324 -7274 3196 1268 -20 -561 70 90 21
1534352260.2313683 632 529 560 708 535 700 -1336 -7078 3154 646 -125 -26 72 89 20
1534352260.3110602 632 529 562 710 535 701 -1346 -7054 3124 -37 -297 476 70 89 21
1534352260.3644242 632 529 560 710 535 701 -1282 -7130 3242 505 -4 139 68 91 22
1534352260.4425821 632 529 560 712 535 701 -1324 -7050 3188 682 265 156 71 91 23
1534352260.5050159 632 530 562 709 535 701 -1506 -7046 3242 159 110 153 69 91 22
1534352260.579787 632 530 562 709 535 701 -1264 -7220 3300 325 -48 -220 66 90 22
1534352260.6446474 632 529 562 710 536 701 -1240 -7070 3332 401 -231 -310 69 90 21
1534352260.7167845 633 529 562 712 535 701 -1304 -7120 3438 139 -133 553 70 88 22
1534352260.779594 632 530 561 709 536 702 -1280 -7122 3282 30 210 489 70 89 22
1534352260.84902 632 529 562 710 534 701 -1106 -7214 3576 -39 1219 638 69 90 23
1534352260.9115062 632 530 561 709 535 701 -1524 -7000 2950 144 823 340 69 90 22
1534352260.9739914 632 530 561 711 535 701 -1478 -6918 3176 101 -26 -136 70 92 21
1534352261.0494044 632 530 561 711 535 701 -1340 -7246 3328 73 97 -1 70 93 22
1534352261.1135924 632 530 561 711 535 702 -1504 -7072 3194 375 203 245 70 92 21
1534352261.182666 633 530 562 711 535 701 -1450 -7146 3300 162 58 -57 70 93 21
1534352261.2484457 632 529 560 709 535 701 -1372 -7080 3330 211 115 -34 71 91 21
1534352261.3107285 633 530 562 712 536 701 -1420 -7080 3248 174 94 173 71 90 22
1534352261.3732135 632 529 563 712 536 701 -1464 -7020 3188 289 164 -592 70 91 20
1534352261.4513211 632 530 561 709 535 701 -1254 -7216 3386 520 143 235 70 92 23
1534352261.513809 633 529 561 710 535 701 -1434 -7066 3272 -29 156 -57 70 92 23
1534352261.5828178 632 529 561 710 535 701 -1448 -7060 3294 200 219 638 68 90 22
1534352261.652598 632 529 561 710 535 701 -1344 -7134 3426 312 645 430 71 92 23
1534352261.7157419 632 529 562 709 535 701 -1566 -7012 3112 198 558 409 69 93 23
1534352261.7782278 632 529 561 710 534 701 -1514 -7106 3306 183 618 415 68 91 20
1534352261.8482475 632 529 561 708 535 701 -1636 -7056 3264 382 341 411 70 92 22
1534352261.9107316 632 529 561 709 535 701 -1602 -7028 3296 209 392 302 70 93 22
1534352261.973249 632 529 561 710 535 701 -1588 -7106 3220 510 267 221 68 95 22
1534352262.0541174 632 529 561 710 535 700 -1688 -6992 3278 271 97 211 67 94 21
1534352262.1155822 632 529 561 709 535 701 -1670 -7052 3310 98 195 21 67 96 21
1534352262.1850445 633 530 561 709 535 701 -1552 -7042 3366 556 440 399 69 93 20
1534352262.2488215 633 529 561 710 535 701 -1700 -7052 3152 732 699 -246 69 95 21
1534352262.3207407 632 529 561 709 535 701 -1882 -6862 3314 462 34 -118 67 96 19
1534352262.378925 632 530 561 710 535 701 -1620 -7072 3332 309 52 -217 67 96 21
1534352262.4414105 632 529 562 709 535 701 -1672 -6968 3486 281 94 181 65 95 21
1534352262.5195553 633 530 561 709 535 701 -1328 -7148 3578 576 1364 2310 69 93 21
1534352262.5937839 632 530 561 708 535 701 -1134 -7348 4476 -4191 7340 6164 68 94 20
1534352262.667408 632 529 561 709 535 702 -2770 -5922 3024 -8135 12196 5100 67 101 18
1534352262.7326205 632 530 561 710 535 701 -3508 -7002 416 -2824 8907 -832 65 112 10
1534352262.8219216 632 530 561 706 535 701 -2526 -9836 2138 -2886 4414 707 70 115 -2
1534352262.8792095 632 529 561 710 535 701 -3218 -6150 1422 1848 4305 9763 70 114 -9
1534352262.9416454 632 529 561 711 536 701 -4896 -6258 466 -3713 797 734 65 121 -14
1534352263.0197537 632 529 561 709 535 701 -4910 -6322 732 1079 -3173 -2034 63 125 -14
1534352263.0984123 632 529 561 708 535 701 -3992 -5982 976 -386 -5496 -10903 64 125 -12
1534352263.160899 632 529 562 711 536 702 -2072 -6702 208 1796 -10950 -20196 69 117 -7
1534352263.2332304 633 529 560 710 535 701 1162 -8162 1420 -2108 -8061 -16824 83 105 0
1534352263.3149414 633 530 562 711 535 702 920 -9084 2490 -227 -5928 4696 94 85 5
1534352263.3788955 633 529 561 714 535 701 284 -8062 1718 -3242 3055 1836 93 77 6
1534352263.4415195 633 529 562 712 535 700 378 -8208 1162 1278 7402 7877 92 78 5
1534352263.5194871 633 529 561 711 535 700 -2810 -6744 1984 4887 8788 16448 93 85 3
1534352263.589924 632 529 561 711 535 701 -3148 -5824 750 -5577 6265 -3249 84 98 0
1534352263.665903 633 530 560 709 535 701 -2416 -7562 -590 -2736 -1120 -13413 81 105 -7
1534352263.7315893 632 529 561 708 535 701 -314 -9466 -1436 6 -9847 -16586 90 100 -11
1534352263.7941158 632 529 560 709 535 700 2434 -7810 3324 8243 -6144 -3987 98 84 -9
1534352263.8723757 632 529 561 710 535 701 2084 -8018 1778 -1271 -124 -2567 102 70 1
1534352263.934898 632 529 561 712 535 701 1142 -7782 922 2457 2143 1567 101 67 2
1534352264.012954 632 529 561 711 535 700 708 -7456 1026 30 -229 -34 101 65 1
1534352264.0826266 632 530 561 712 535 701 1428 -8204 1702 985 1599 -1281 100 68 1
1534352264.1514473 632 530 561 712 535 701 1564 -7904 2078 3312 1536 489 100 68 5
1534352264.230588 632 529 561 710 535 701 1428 -7780 1626 -583 1480 182 99 69 2
1534352264.2828226 632 529 561 709 535 700 934 -7490 1868 1026 215 2239 99 70 3
1534352264.3330207 632 529 561 710 534 701 92 -7510 726 120 77 3229 101 71 4
1534352264.4111297 633 530 561 711 535 701 -714 -8110 398 -3752 -1995 381 100 75 6
1534352264.4736135 632 529 561 709 535 701 -60 -7320 1446 3650 -3303 -2192 98 74 5
1534352264.5553982 632 529 561 709 535 701 1004 -7396 2124 360 -1580 -6063 100 73 4
1534352264.6141646 632 529 561 709 535 701 2238 -7740 1482 -693 -913 -5750 102 67 11
1534352264.693998 632 529 561 710 535 701 2280 -7790 1172 1340 739 3159 101 60 8
1534352264.7477057 632 529 561 710 535 701 974 -7448 1746 2739 867 1970 106 59 8
1534352264.831798 632 530 561 710 535 701 1306 -7510 1902 -818 -668 -850 98 62 11
1534352264.9110286 633 529 561 712 535 702 1678 -7488 1724 522 2024 -818 100 64 12
1534352264.957939 633 529 561 710 535 701 1994 -7908 1664 2686 1695 1356 100 63 8
1534352265.0359998 632 529 561 710 535 701 1396 -7112 1788 4710 2738 6800 101 63 11
1534352265.1085498 632 529 561 708 535 701 170 -7622 2488 -3518 -597 -1590 97 69 14
1534352265.178357 632 529 561 709 535 701 1670 -7896 2016 198 -623 -1549 96 72 12
1534352265.2480433 632 529 561 713 535 701 1452 -7444 1688 -3514 -3265 6443 97 71 12
1534352265.3158326 633 530 561 709 535 701 86 -7654 1782 1570 -115 5051 99 69 11
1534352265.3783662 632 529 561 709 535 701 -98 -8050 1558 -958 5 3007 97 75 11
1534352265.4408512 632 529 561 711 535 701 1470 -7888 996 9674 4638 4030 94 78 10
1534352265.5189085 633 529 560 711 534 701 422 -7256 3058 19122 -3267 16198 93 81 13
1534352265.5993247 633 529 561 710 535 700 -3682 -6886 5542 15226 73 6485 76 88 18
1534352265.6597595 633 529 561 707 535 701 -1664 -6214 4576 -762 3037 1575 56 91 34
1534352265.7303286 632 529 561 709 535 701 -1790 -6746 4584 1825 2760 1682 56 96 30
1534352265.7979748 632 529 562 712 535 701 -2144 -6184 4332 2946 120 789 55 96 28
1534352265.8624213 633 530 560 709 535 702 -2088 -6064 4790 1669 909 500 54 99 32
1534352265.9247591 632 529 561 711 535 700 -2020 -6378 4686 4679 959 1649 51 97 31
1534352266.0030859 633 530 561 708 536 701 -2280 -5642 4858 1915 -1985 147 48 98 31
1534352266.0653028 632 529 561 708 534 700 -1756 -5870 5208 4628 -200 1918 44 98 33
1534352266.1434453 632 530 561 710 535 701 -2354 -5324 5410 1348 -867 520 41 99 35
1534352266.2109845 632 529 561 710 535 701 -2080 -5704 5230 1299 84 48 39 98 36
1534352266.277968 632 529 561 710 535 701 -2086 -5332 5590 1622 584 1425 38 98 35
1534352266.349407 633 529 562 710 535 701 -2246 -5274 5338 -1011 -463 10 37 99 36
1534352266.4120882 632 530 561 709 535 701 -2280 -5644 5526 -9558 -6802 -4501 35 99 37
1534352266.490201 632 529 562 711 535 701 -1816 -5446 3594 -14878 -5898 -5141 42 93 38
1534352266.5663092 632 529 562 711 535 701 -478 -6140 3604 -361 739 -3615 58 85 41
1534352266.6283147 632 529 561 710 535 701 -814 -6516 4506 245 819 556 64 83 38
1534352266.7019417 632 529 562 710 535 701 -380 -6786 3812 -1009 742 -4300 64 83 38
1534352266.7622662 632 529 561 709 535 702 -736 -6874 3696 5555 5460 -1299 67 83 37
1534352266.825864 632 530 560 709 535 701 -350 -6244 5126 9082 1360 189 65 84 37
1534352266.9039671 632 530 561 708 535 701 -626 -5496 4660 2284 3554 -1360 59 85 37
1534352266.9820726 632 529 561 711 535 701 -44 -6328 4948 5468 1599 2094 57 86 37
1534352267.0507834 633 529 561 711 535 702 -1084 -5760 6120 -4046 -1484 3105 53 88 38
1534352267.1158504 632 530 561 709 535 701 -84 -5680 3844 1773 -2673 2898 50 89 40
1534352267.1916213 632 529 561 709 535 701 -1520 -5746 5590 4924 -2080 1904 54 86 41
1534352267.248381 633 529 561 710 535 701 166 -5696 4136 -1033 -3918 923 47 86 46
1534352267.3317158 632 529 561 711 535 701 -1712 -5944 5968 -6840 -1003 -994 47 84 45
1534352267.3942356 632 529 561 709 535 701 -918 -6560 4830 -14291 -342 -7155 45 85 44
1534352267.4723222 632 529 561 709 535 701 522 -6672 3442 -7604 512 -3029 58 79 41
1534352267.5398154 632 530 561 711 535 701 44 -7172 3362 -4720 463 828 73 76 36
1534352267.5997012 632 530 561 709 535 701 1332 -9024 3730 -17704 -4394 9881 79 78 32
1534352267.6911447 633 530 561 711 535 701 -644 -6384 1710 -18104 744 22651 84 79 29
1534352267.7465928 633 530 561 709 535 700 -3810 -7312 3616 -16924 10906 18137 88 91 16
1534352267.832558 632 529 562 710 535 701 -5230 -6368 -1284 -10672 10720 17393 77 111 3
1534352267.9106672 632 529 561 710 535 701 -4406 -5190 -5352 -11415 9795 16645 69 125 -13
1534352267.9731727 632 529 561 710 535 700 -6752 -3936 -3706 -7384 5592 12275 60 136 -35
1534352268.0589786 632 530 561 710 535 701 -6020 -3322 -4124 1277 3965 3670 37 143 -43
1534352268.1303048 632 529 561 710 535 701 -5884 -2526 -3628 -3885 22089 2213 31 147 -48
1534352268.209237 633 529 561 709 535 701 -5872 -3844 -5654 -2845 1700 -3025 24 142 -63
1534352268.2860816 633 530 562 710 535 700 -5088 -3846 -4434 -2099 -1327 -7517 29 138 -70
1534352268.363302 633 529 561 710 535 701 -5006 -3660 -5652 7793 13080 3328 34 139 -73
1534352268.4257882 632 529 561 710 535 701 -2820 -3956 -5076 13813 12922 -4130 34 137 -75
1534352268.5038936 632 529 561 710 535 701 -1040 -7056 -6338 10184 950 272 45 133 -86
1534352268.584799 632 529 561 710 535 700 -4188 -3964 -5234 3117 -5662 -5015 50 127 -89
1534352268.6458647 632 529 562 709 535 700 -2328 -6278 -3632 12227 -924 -7249 53 125 -82
1534352268.7319484 632 530 562 710 535 702 -2636 -6226 -3712 -13728 -16698 79 61 124 -76
1534352268.8142755 632 530 561 710 535 701 -4426 -6052 -2522 21856 -16920 -17329 63 124 -68
1534352268.8792887 632 530 561 709 535 701 -4272 -5502 -2464 -5596 3228 17242 72 123 -46
1534352268.9573944 632 530 561 710 535 701 -3448 -6190 -2002 15329 19438 -5322 74 123 -50
1534352269.0397449 633 529 561 710 535 700 -2200 -6720 -3062 8215 2591 -7296 66 127 -59
1534352269.114571 632 529 561 710 535 701 -1884 -8032 -3580 -341 1591 -3999 81 114 -56
1534352269.1920183 633 530 561 709 535 701 -1772 -8130 -3838 -726 5310 -757 85 111 -61
1534352269.2466967 632 530 561 710 535 700 -1258 -7506 -3142 2532 5052 -893 85 107 -64
1534352269.3320537 632 530 562 710 535 701 -684 -7168 -3034 -320 2251 -67 85 104 -67
1534352269.3955936 632 529 561 710 535 701 -1744 -7234 -3032 -1557 -2321 -443 84 102 -68
1534352269.4738684 633 529 561 710 535 701 -1746 -5890 -3626 6830 974 -3379 85 103 -70
1534352269.5544384 633 529 562 710 535 702 -560 -6562 -2132 6958 4091 -3383 89 100 -68
1534352269.6151319 633 529 562 710 535 701 -604 -8502 -2046 3255 -1654 -3363 90 100 -63
1534352269.6984468 632 529 562 710 535 701 -452 -7250 -2208 3172 726 439 94 93 -58
1534352269.7627296 632 529 561 710 535 701 -574 -8012 -1972 5017 1611 1476 94 96 -56
1534352269.8327272 632 529 561 710 535 701 -1090 -8526 448 -5142 12606 4001 92 95 -58
1534352269.910837 632 529 561 710 535 701 -1656 -7978 -742 -2509 6805 3128 89 96 -60
1534352269.9734733 633 530 561 710 535 701 -850 -8742 -3528 1356 1129 -188 88 96 -65
1534352270.0564098 632 529 561 710 535 701 -452 -7042 -2046 -1839 5408 548 90 94 -74
1534352270.114882 632 530 562 710 535 701 -2170 -7862 -1444 -1407 3951 6780 89 96 -76
1534352270.203714 633 529 562 710 535 701 -1402 -9366 -2082 -2071 5974 11644 87 98 -77
1534352270.2640004 632 529 561 710 535 701 -1556 -7426 -2948 -3097 766 9510 83 104 -79
1534352270.3487604 632 530 562 710 535 701 -3158 -6022 -3074 7433 -3160 12315 73 110 -82
1534352270.4267774 632 530 561 710 535 701 -3804 -5996 -3170 15453 -10505 6220 67 118 -79
1534352270.5048108 633 530 561 710 535 701 -4610 -5470 -372 28476 -16188 5469 61 124 -72
1534352270.5795147 632 530 561 710 535 700 -4346 -3244 3014 32767 -14104 4547 57 130 -45
1534352270.6612182 632 530 561 710 535 701 -3580 -3258 5750 20119 2347 3821 50 126 -19
1534352270.7246857 632 529 561 709 535 700 -4122 178 8052 14973 -5076 1035 36 126 -7
1534352270.7974637 633 529 562 709 535 700 -3488 -2072 7072 20340 -9498 3436 35 120 -7
1534352270.8640215 633 530 562 709 535 701 -4112 -1038 8332 10728 -1452 3320 20 115 0
1534352270.9264653 631 529 562 710 535 701 -4276 -70 7872 1319 4853 3341 12 113 2
1534352271.0045736 632 530 561 709 535 702 -3804 106 7580 5748 2745 3729 7 108 0
1534352271.0725806 632 529 562 710 535 700 -4052 916 6786 5711 2147 740 4 110 -1
1534352271.1314745 631 529 562 711 535 700 -4338 1276 6990 3306 794 171 -3 113 -2
1534352271.2087238 633 530 562 710 535 700 -4460 1266 6920 2177 367 982 -4 114 -3
1534352271.2620096 632 529 562 710 535 701 -4520 1568 6990 18 -76 1233 -6 115 -3
1534352271.347773 633 529 561 709 535 701 -4468 2082 7260 2303 -485 161 -9 113 -5
1534352271.4102597 633 529 562 710 535 701 -4196 2146 6844 535 32 -227 -9 114 -7
1534352271.4727445 633 530 562 710 535 701 -4444 1534 6758 1690 -537 -681 -7 115 -5
1534352271.5546608 632 529 562 710 535 701 -4686 2078 6884 1165 -1180 -869 -11 115 -3
1534352271.6141028 633 529 562 710 535 701 -3922 1440 6444 2307 -1230 -856 -9 116 -2
1534352271.696271 632 529 562 710 535 701 -3862 1818 5984 745 -1759 -190 -10 115 -6
1534352271.7625327 632 529 562 710 535 700 -4418 1984 6898 2910 -1299 -874 -6 115 -3
1534352271.8331566 632 529 562 710 535 701 -3900 2396 7030 4403 -2251 -643 -9 115 -1
1534352271.8956423 632 529 562 710 535 701 -3584 1854 7014 193 -2706 941 -10 112 -1
1534352271.9737484 632 529 562 710 535 701 -3712 3556 7038 521 -566 1057 -11 114 0
1534352272.0460339 633 530 561 710 535 701 -3598 2134 7104 -592 1090 315 -9 112 1
1534352272.0990293 632 529 562 710 535 701 -3756 2470 6272 1886 247 80 -8 110 2
1534352272.175827 632 529 561 710 535 701 -4104 2896 7022 -49 -47 3 -9 109 1
1534352272.231543 631 529 562 710 535 701 -3876 2842 6928 1091 154 10 -11 110 2
1534352272.3147337 633 529 562 710 535 702 -4034 2826 6740 1162 1045 -1284 -11 112 1
1534352272.379739 633 529 562 710 535 701 -3974 3044 6790 4935 401 1400 -11 111 2
1534352272.4578815 632 529 561 710 535 700 -1342 4718 5688 11072 -10985 15970 -13 113 0
1534352272.52033 632 529 561 710 535 701 372 8430 7916 152 -14407 2313 -19 111 1
1534352272.5988219 632 530 562 710 535 701 -1532 1574 7618 9001 -32768 397 -27 103 7
1534352272.6627197 632 529 562 710 535 701 18 6570 6648 3674 -13924 1934 -40 82 23
1534352272.7484515 632 529 562 710 535 701 -106 5694 5528 2842 -14497 3295 -45 72 27
1534352272.8107553 631 530 561 710 535 701 3694 3890 5650 7012 -10225 12146 -50 55 30
1534352272.8810642 633 530 563 710 535 701 3528 5390 5684 1964 -7384 -1789 -58 46 31
1534352272.9435503 632 529 562 710 535 700 3364 4398 4150 -108 -3150 4285 -63 33 28
1534352273.0216563 632 529 561 709 535 701 5436 4340 4450 2282 -5865 3668 -63 29 30
1534352273.082967 633 530 562 710 535 701 4244 5134 4710 5445 -1046 2170 -64 26 31
1534352273.161878 633 529 562 710 535 701 4832 5174 4152 3843 2925 3225 -66 24 29
1534352273.2313485 633 529 562 710 535 701 4576 5242 3858 3339 3290 1492 -69 22 24
1534352273.300502 633 529 562 710 535 701 4432 5178 4284 2090 5930 3631 -71 22 20
1534352273.3641503 633 529 562 710 535 701 4878 5462 3686 2074 1177 -172 -73 21 20
1534352273.4422584 633 530 561 711 535 701 4744 5448 4362 2387 987 -510 -73 24 20
1534352273.5047731 633 530 562 710 535 701 4430 5432 4254 4478 2179 -729 -77 27 15
1534352273.5753782 632 530 561 710 535 701 4160 4988 4154 4794 5017 -602 -77 25 11
1534352273.6296265 632 529 562 711 535 701 4028 5720 3376 4409 1073 1746 -80 25 9
1534352273.7125003 633 530 562 710 535 702 5398 6210 3146 -1628 1326 836 -82 26 5
1534352273.7826476 632 529 562 709 535 701 5062 6164 2836 -11787 5240 -485 -80 23 5
1534352273.8463979 632 529 562 709 535 700 4328 5114 4142 -17979 1820 -6236 -79 27 10
1534352273.924582 631 528 560 709 535 701 3058 2902 7114 -15071 54 -6289 -72 31 26
1534352273.9871843 632 529 561 709 535 701 2062 1850 8508 7993 -3890 -842 -58 36 40
1534352274.0673325 632 530 562 710 535 701 4090 3502 6022 20172 -6327 5929 -56 36 39
1534352274.1306398 631 528 562 709 534 701 5638 6222 2064 10307 1538 5912 -69 28 29
1534352274.2061107 631 529 562 710 534 701 5878 5736 2652 -5605 2800 333 -77 20 14
1534352274.2644234 631 529 562 710 535 701 4340 4658 3224 -19025 4126 -4818 -78 20 15
1534352274.3486795 633 529 563 709 535 700 4542 3078 7326 -12022 -11334 -9373 -70 22 25
1534352274.4113624 632 529 561 709 535 701 3586 2324 8094 8128 -12 2502 -55 25 40
1534352274.4893172 633 530 561 710 535 701 4064 3550 5072 12886 518 5558 -58 25 40
1534352274.5593238 633 529 561 710 535 701 5734 5006 3290 9939 -1308 6033 -65 23 32
1534352274.6286197 633 530 562 709 535 701 6322 5406 3056 -1032 3440 1641 -69 15 20
1534352274.700724 633 530 561 708 535 701 5350 4900 3494 -7856 2271 -3914 -74 14 19
1534352274.7642083 631 529 561 709 535 701 5388 3928 6164 -5754 -2980 -10745 -70 16 22
1534352274.8491323 631 529 562 710 535 701 3222 3138 7178 -5065 921 6769 -65 22 32
1534352274.9116192 633 530 562 709 535 700 3200 3286 5578 10775 -5638 4809 -62 23 39
1534352274.974148 632 529 562 709 535 701 5338 3164 4384 8490 -3399 5745 -64 14 34
1534352275.0533144 634 529 562 709 535 701 6642 4802 3130 4162 -887 3386 -67 8 25
1534352275.1138628 633 529 561 710 535 701 6304 4450 3380 -942 229 -1172 -70 3 20
1534352275.1899192 632 529 561 709 534 701 5604 4074 3824 -6494 4572 472 -72 -1 19
1534352275.246487 633 529 561 710 535 700 5502 3534 4486 -10015 4785 59 -69 4 20
1534352275.3284976 634 530 561 710 535 701 5326 3000 6078 -6766 -651 -1446 -63 7 29
1534352275.3967505 633 530 562 709 535 701 5168 2530 6042 838 -1050 -1382 -59 8 36
1534352275.4592195 633 529 562 709 535 701 3990 2264 5774 11917 -5214 1615 -55 9 39
1534352275.5371354 632 529 562 710 535 701 6232 3188 4768 13716 -5645 5643 -60 7 32
1534352275.599619 632 529 562 710 535 701 7420 4850 2132 4086 2157 1689 -67 1 24
1534352275.6622477 632 529 561 709 535 701 6510 4326 2608 -1896 947 -2557 -70 -6 14
1534352275.746325 632 530 562 712 535 701 5948 3796 4038 -5880 4459 -2565 -69 -2 14
1534352275.8169055 632 529 562 708 535 701 5176 3360 4990 -7205 3254 -2098 -70 2 19
1534352275.8803866 631 529 561 709 535 701 4202 2766 6210 5789 -2009 1755 -66 2 26
1534352275.9426491 632 529 562 711 535 701 5608 3360 4236 8510 -2923 4092 -67 5 25
1534352276.0207145 633 529 561 709 535 701 7170 4380 2704 3337 -338 1573 -70 2 20
1534352276.0827134 632 530 561 709 535 700 6794 4462 2916 -2507 2252 -2069 -71 1 14
1534352276.1672437 633 530 562 710 535 701 5560 3712 4366 -3498 867 -3210 -73 -1 14
1534352276.2322419 632 530 561 709 535 701 5104 3682 4878 -4045 1428 -1052 -69 2 17
1534352276.3017766 633 529 561 709 535 701 5282 3502 4998 3357 -1308 533 -69 7 21
1534352276.3642135 633 529 561 708 535 700 5876 3926 4048 4821 -850 1232 -69 3 20
1534352276.426584 632 530 562 710 535 701 6216 4568 3196 -41 1025 1308 -72 3 17
1534352276.5046897 632 528 562 710 535 701 6040 4114 3846 -3103 864 -1187 -71 1 17
1534352276.5652232 632 530 562 710 535 701 5566 3934 4170 -5205 1530 -1303 -70 1 17
1534352276.6433306 633 530 562 711 535 701 5628 3162 5262 -4641 873 -455 -68 3 21
1534352276.712074 631 529 562 708 535 700 5220 3264 5136 1163 1265 719 -67 3 26
1534352276.780205 633 529 561 710 535 700 5520 3726 4592 4651 -1781 907 -63 5 28
1534352276.8492377 632 529 561 709 534 701 6060 3912 3968 2952 -359 1624 -66 5 24
1534352276.9117334 632 529 561 709 535 701 6076 4140 3850 -182 168 141 -66 1 21
1534352276.9742417 632 529 561 709 535 701 5876 3832 4266 -1757 567 -826 -67 3 19
1534352277.0521715 632 530 561 709 535 700 5930 3642 4968 -3034 1379 -3343 -70 2 23
1534352277.1144416 633 531 561 709 535 701 4958 3610 4916 -1378 2770 -833 -65 3 26
1534352277.1885364 634 529 561 709 535 701 4970 3528 4850 914 -934 1182 -66 8 26
1534352277.2482514 634 529 561 710 535 700 5400 3558 4844 1511 -2584 1637 -68 6 26
1534352277.3264098 632 529 562 711 535 701 5908 3668 4364 888 -2004 3274 -67 5 27
1534352277.3809724 633 529 562 710 535 701 6254 3706 4276 1644 -1449 1502 -66 2 23
1534352277.4588945 630 529 562 711 535 701 6170 3648 4188 1619 28 529 -67 -2 22
1534352277.525507 631 530 561 709 534 701 5976 3642 3976 120 177 81 -67 -3 23
1534352277.5970714 634 529 562 711 535 701 6054 3586 4168 185 284 -30 -67 -3 20
1534352277.643936 633 529 562 710 535 702 5950 3578 4128 -359 455 195 -64 -5 21
1534352277.7245133 633 530 562 711 535 701 6082 3490 4382 -27 -69 -234 -66 0 22
1534352277.779569 633 530 562 712 535 701 5962 3544 4256 248 104 -45 -67 0 23
1534352277.8498719 633 529 562 709 535 701 6006 3580 4208 148 117 -287 -65 -1 24
1534352277.9123566 633 529 562 709 535 701 5988 3588 4184 -58 235 -129 -66 -3 21
1534352277.9904635 634 530 561 710 535 701 6044 3684 3890 -723 1604 -91 -66 -3 22
1534352278.059893 632 530 562 710 535 701 5810 3496 4322 -1550 104 -747 -65 0 22
1534352278.1135566 634 529 561 709 535 700 5898 3322 4774 -323 41 -33 -64 0 23
1534352278.191295 634 530 562 710 535 701 5894 3466 4410 247 744 160 -64 -1 25
1534352278.2468822 633 529 562 712 535 701 5864 3462 4534 -11 33 53 -65 1 27
1534352278.3155558 631 529 562 709 535 700 5862 3400 4602 145 320 95 -64 1 27
1534352278.3780408 630 529 561 710 534 701 5908 3424 4538 307 -32 -11 -65 0 26
1534352278.4405563 631 530 561 709 535 701 5930 3460 4592 11 99 -101 -64 3 26
1534352278.5030332 631 529 561 709 534 701 5836 3408 4548 447 110 41 -62 1 23
1534352278.5752738 633 530 561 710 534 702 5928 3492 4374 432 -58 117 -65 1 24
1534352278.630607 634 529 562 711 535 700 5894 3484 4434 255 34 -89 -65 1 25
1534352278.7044132 632 530 561 710 535 701 5846 3466 4590 233 142 125 -64 1 24
1534352278.7629666 632 530 561 709 535 701 5966 3468 4416 228 159 -44 -66 -1 25
1534352278.832662 632 529 561 709 535 701 5862 3444 4518 259 125 -28 -64 0 24
1534352278.8951488 632 530 561 709 535 701 5872 3454 4524 326 220 68 -64 -1 25
1534352278.9576342 632 529 561 709 534 701 5900 3498 4470 223 70 29 -63 1 24
1534352279.0201173 632 530 561 709 535 701 5854 3472 4434 261 125 95 -63 1 25
1534352279.0918326 634 529 562 710 535 701 5908 3450 4500 158 38 -40 -64 -1 25
1534352279.1461668 633 530 562 711 535 701 5862 3464 4498 289 104 0 -62 0 24
1534352279.2150915 632 529 561 709 534 702 5898 3486 4458 156 90 131 -64 0 25
1534352279.282106 633 529 561 709 535 702 5950 3448 4512 155 226 42 -65 0 23
1534352279.3478477 632 529 561 710 535 701 5868 3486 4416 470 -370 -195 -64 0 26
1534352279.410468 632 530 562 709 535 701 5966 3446 4482 194 169 70 -65 0 24
1534352279.4730349 633 530 561 708 534 701 5864 3442 4464 184 124 -65 -63 1 26
1534352279.5451174 631 529 561 710 535 701 5938 3470 4432 213 133 82 -67 -1 26
1534352279.59917 633 530 561 709 535 701 5904 3446 4456 243 274 89 -63 0 25
1534352279.670071 632 530 561 709 535 701 5846 3454 4494 187 0 21 -66 -1 25
1534352279.7308087 631 529 562 710 535 701 5900 3468 4460 310 70 129 -65 0 24
1534352279.7977805 632 529 561 708 535 701 5956 3498 4512 248 46 -54 -62 2 25
1534352279.8641376 632 530 561 709 535 701 5846 3530 4400 270 -119 -51 -65 -2 25
1534352279.9266167 633 529 562 709 535 701 5946 3424 4426 346 331 -87 -62 -1 26
1534352279.9893312 632 529 561 708 535 700 5860 3468 4366 165 -56 97 -64 1 24
1534352280.0608428 632 529 562 710 535 701 5994 3468 4480 265 289 -75 -65 -1 26
1534352280.1157799 631 529 562 711 535 700 5788 3510 4450 295 -57 58 -64 0 23
1534352280.1968143 634 529 562 711 535 701 5996 3454 4442 196 175 -47 -63 1 25
1534352280.2464175 631 530 561 710 535 701 5836 3496 4452 502 -478 -379 -63 0 24
1534352280.325963 632 530 562 710 535 701 6116 3616 4416 888 -1067 -1240 -63 1 23
1534352280.3801134 633 530 561 712 535 701 5724 3602 4176 993 -759 -967 -66 0 25
1534352280.458123 632 530 562 711 535 701 5866 3352 5702 8172 814 6183 -65 0 23
1534352280.5307853 632 530 561 709 534 701 6934 3906 3794 7518 -1536 -1462 -68 -1 20
1534352280.5964036 633 530 562 709 535 701 6336 4200 3224 5217 -39 -4746 -70 -1 14
1534352280.6591406 632 529 561 711 535 700 5614 4770 2600 1513 -63 -3313 -75 2 8
1534352280.7310188 631 529 562 708 535 701 5996 5212 3110 1896 2325 -4934 -76 3 7
1534352280.80482 631 528 562 709 535 700 5906 5272 3866 -1160 7892 -5562 -80 7 4
1534352280.8798213 632 529 561 710 535 701 4926 5232 4050 172 10042 -4346 -80 16 5
1534352280.9268577 633 530 562 711 535 701 4464 5152 4668 817 8161 -7506 -81 24 7
1534352281.0047932 633 529 562 710 535 701 3570 5622 4696 1097 10534 -9559 -82 30 7
1534352281.08086 633 528 561 709 535 701 2124 5368 4166 2626 6665 -12308 -84 46 6
1534352281.143387 632 530 562 709 534 700 336 6132 4432 4760 -489 -6377 -84 57 -1
1534352281.219737 632 530 562 711 535 701 292 6908 3728 797 -5556 2366 -83 69 -4
1534352281.2894988 634 530 562 708 535 701 1590 6584 4068 461 -7872 10258 -83 68 -5
1534352281.3480792 633 530 562 709 535 701 3394 6170 4340 184 -7752 11167 -83 58 -3
1534352281.4261866 632 529 562 710 535 700 5616 5528 3448 2283 -11993 13304 -85 46 0
1534352281.4886827 631 530 562 710 535 701 5992 5462 3436 6118 -20743 15411 -87 28 3
1534352281.5794866 632 529 562 710 535 701 8938 4808 1726 -801 -32768 12855 -84 7 -1
1534352281.6454365 632 530 562 711 535 701 6664 3106 -3812 -257 -9748 6504 -78 -14 -17
1534352281.7189548 633 530 562 710 535 701 7290 4122 -696 -505 3700 -1062 -73 -26 -26
1534352281.7904189 632 529 562 711 535 701 8566 3338 -360 1536 6474 -365 -71 -28 -23
1534352281.8471372 632 530 562 711 535 700 7986 3754 84 -4340 8420 -6542 -72 -30 -21
1534352281.9252028 632 529 561 710 535 701 7576 4450 706 -9934 469 -15010 -74 -24 -17
1534352282.0033133 632 530 561 711 535 702 6646 4410 1596 -8946 13223 -7046 -80 -13 -7
1534352282.0784352 632 529 561 710 535 701 4222 6908 1100 -10710 23042 1030 -82 -2 2
1534352282.1508136 633 530 562 710 535 701 4692 4528 5230 -11421 27991 187 -76 11 18
1534352282.224274 633 530 562 708 535 701 2528 3656 6332 -12184 11160 -7897 -75 28 29
1534352282.2984507 632 530 561 709 535 701 1006 2620 7046 -13843 18013 3630 -65 46 35
1534352282.3610852 632 530 562 711 535 701 830 1206 8464 -14641 7855 -5651 -57 59 40
1534352282.4236042 632 530 561 708 535 701 -104 1450 8728 2922 -4633 -81 -43 73 47
1534352282.5015268 633 530 562 710 535 701 898 634 8588 5105 -12960 -3788 -35 75 47
1534352282.5791194 632 529 561 711 535 701 1094 1882 7134 12789 -22384 -4685 -39 69 49
1534352282.6516137 632 529 561 709 535 701 1796 3592 4356 25597 -32768 -609 -45 55 51
1534352282.7155464 632 530 561 709 535 701 6638 5146 1404 12770 -27212 6301 -62 30 39
1534352282.7780333 633 530 561 710 535 701 9506 5504 -376 3150 -9107 7762 -71 4 22
1534352282.8561387 632 529 561 710 535 701 7088 4338 740 -2680 7424 -4209 -68 -11 8
1534352282.9342477 632 529 561 709 534 700 6280 4636 2350 -1412 7272 -1785 -69 -13 7
1534352282.9967303 633 529 561 709 535 700 6660 2918 2506 -10692 14196 7947 -69 -6 14
1534352283.0772746 632 530 561 710 535 701 5584 4740 3560 -10666 12243 514 -68 -2 22
1534352283.1483397 632 530 561 708 535 701 5730 3152 4336 -17262 10210 160 -61 2 32
1534352283.2151704 632 529 561 710 535 701 4682 1572 6740 -3369 6891 9468 -47 11 44
1534352283.2776563 632 529 561 709 535 701 4188 1602 6248 -10527 -2235 1573 -42 16 53
1534352283.349109 632 529 561 710 535 701 6156 -208 7866 -10390 -13592 3968 -36 13 55
1534352283.4272163 632 529 561 710 535 701 5208 -1338 6144 12526 -5977 5389 -22 7 59
1534352283.5053234 632 529 561 708 534 701 3866 -284 3786 23511 -20694 -3606 -24 -3 58
1534352283.5799956 632 529 561 710 535 701 7708 4044 824 13152 -17736 9583 -40 -18 43
1534352283.659808 633 529 561 709 535 700 10542 1994 -240 -2776 -3148 12194 -51 -30 20
1534352283.7231836 632 529 561 710 535 701 9182 988 602 -1493 767 2600 -44 -41 11
1534352283.7791216 632 529 561 710 535 701 8256 404 1004 -4255 5889 4348 -35 -45 11
1534352283.850092 632 530 561 709 535 700 5030 318 378 -4296 17527 2909 -31 -47 13
1534352283.9282007 633 529 561 709 535 700 5998 -58 3494 -11021 9697 2949 -27 -45 22
1534352284.0088553 632 529 561 711 535 701 8968 -2698 6458 -16768 4046 -5725 -22 -35 34
1534352284.08261 632 529 561 710 535 701 7100 -1086 5656 7057 14102 -11028 -12 -27 41
1534352284.156331 632 529 561 709 535 701 6404 142 8260 12253 -14136 -7352 -14 -18 50
1534352284.215183 633 529 561 710 535 701 6012 958 2574 13700 -6244 -2848 -26 -15 48
1534352284.3007078 632 529 561 709 535 701 6988 3618 2278 9613 -4935 -1655 -38 -21 36
1534352284.3653252 631 529 561 710 535 702 7850 1110 4238 5776 -1314 14668 -50 -26 26
1534352284.4433997 633 529 561 710 535 701 8698 1512 2732 -576 -5738 7471 -47 -28 23
1534352284.5058856 632 529 560 709 535 700 8332 390 2216 -211 -4149 10408 -41 -36 19
1534352284.5822575 631 529 561 709 535 701 7926 -332 1352 -2566 -6209 3140 -33 -41 16
1534352284.6572042 632 530 561 709 535 701 7430 -426 1138 414 1011 -211 -29 -49 11
1534352284.7150383 633 529 561 709 535 701 8208 -194 1900 201 146 1062 -27 -50 9
1534352284.793335 632 530 561 710 535 701 8058 -344 1346 755 1701 -431 -28 -49 11
1534352284.8532846 632 529 562 710 535 701 7996 20 1586 591 2306 -1439 -28 -48 11
1534352284.9300916 633 529 561 710 535 701 7766 -422 890 643 4825 -4968 -27 -49 12
1534352284.9944248 632 529 561 709 535 701 7588 732 2844 4825 8767 -5993 -30 -47 15
1534352285.0706573 633 529 561 711 535 700 7204 774 2336 1256 2706 -5254 -39 -38 19
1534352285.1453948 632 529 561 710 535 700 7680 1892 3212 965 3458 -4533 -41 -36 19
1534352285.211104 633 529 561 709 535 700 7290 1538 3002 -333 2635 -234 -48 -31 22
1534352285.2809155 632 529 561 709 535 701 7242 1666 3380 228 1172 1744 -48 -28 23
1534352285.3487344 632 529 561 709 535 701 7494 1202 3176 1467 232 770 -48 -27 25
1534352285.4195616 632 530 561 710 535 700 7514 1702 2644 -517 -558 -2965 -45 -29 22
1534352285.4883592 632 529 561 710 535 700 7238 1310 3264 885 863 -472 -49 -26 22
1534352285.5561805 632 529 561 710 535 701 7136 1784 3142 285 -26 -487 -46 -27 22
1534352285.6249938 633 529 561 710 535 701 7180 1790 3444 155 -785 -702 -50 -26 21
1534352285.6908188 633 530 561 709 534 701 7564 1720 3086 144 268 18 -49 -25 23
1534352285.7606306 632 529 561 710 535 700 7348 1734 3500 696 1485 -327 -50 -24 23
1534352285.8434088 632 530 561 710 535 701 7052 1774 3380 1456 1832 -1202 -48 -23 23
1534352285.9132233 633 529 561 710 534 701 7170 1942 3558 284 637 496 -52 -22 24
1534352285.9800444 632 529 561 709 535 701 7162 1990 3432 709 457 -339 -50 -23 25
1534352286.0347126 633 529 561 709 534 701 6788 2190 3408 388 -153 973 -53 -22 25
1534352286.0991228 632 529 561 710 535 701 7136 1944 3410 -211 -1516 1124 -51 -22 22
1534352286.1758487 632 529 561 710 535 701 7552 1860 3042 157 -388 -712 -52 -21 25
1534352286.2450593 632 530 561 709 535 701 7712 2270 3256 -1315 538 -1787 -49 -24 24
1534352286.3184705 633 529 561 709 535 700 6992 1982 3198 -1719 3114 -3507 -51 -23 22
1534352286.37865 633 530 561 710 535 701 6378 2032 3960 30 1573 -2057 -52 -20 27
1534352286.456677 632 530 561 709 535 700 6694 2222 3972 837 973 389 -53 -15 29
1534352286.5126448 631 529 561 710 535 700 6786 2330 3478 570 767 327 -55 -16 28
1534352286.5891426 632 529 561 710 535 701 7042 2378 4024 843 794 421 -54 -16 29
