1534185795.0262668 619 543 577 663 564 665 3394 5790 -4974 -8 57 44 -69 -33 -36
1534185795.0887506 619 543 577 663 564 665 3578 5690 -5020 520 -179 53 -69 -32 -34
1534185795.1668582 619 543 577 663 564 665 3554 5826 -5006 -131 600 150 -65 -35 -33
1534185795.2328925 619 543 577 663 564 665 3482 5722 -4938 414 -5 23 -67 -33 -33
1534185795.294659 619 543 577 663 564 665 3502 5718 -4890 153 -64 41 -65 -31 -33
1534185795.3570037 619 543 576 663 564 665 3592 5766 -4920 553 259 70 -68 -33 -31
1534185795.4353669 619 543 577 663 564 665 3552 5770 -4974 102 162 -79 -67 -33 -34
1534185795.507971 619 543 577 663 564 665 3516 5690 -5082 238 101 192 -65 -32 -36
1534185795.5749185 619 543 577 663 564 665 3448 5804 -4826 -9 -131 -73 -68 -31 -34
1534185795.6374028 619 543 577 663 564 664 3536 5792 -5018 354 521 329 -66 -34 -32
1534185795.7638092 619 543 577 663 564 665 3602 5678 -4994 156 -407 35 -67 -34 -33
1534185795.811596 619 543 577 663 564 665 3134 5838 -4814 -711 3133 1001 -67 -34 -33
1534185795.8740525 619 543 577 663 564 665 4476 5614 -4676 412 1008 996 -64 -33 -30
1534185795.920923 619 543 577 663 564 665 3854 5648 -5066 1753 485 -622 -65 -33 -31
1534185795.9983144 619 543 577 663 564 664 3124 5862 -4790 -975 447 83 -67 -34 -30
1534185796.0598762 619 543 577 663 564 664 4066 5682 -4592 491 358 594 -65 -36 -31
1534185796.1223507 619 543 577 663 564 665 3608 5578 -4918 -35 424 308 -66 -34 -31
1534185796.206424 619 543 576 663 564 665 4126 5740 -4518 -184 152 428 -67 -35 -29
1534185796.2626169 619 543 577 663 564 665 3780 5722 -4840 332 -119 -61 -65 -36 -30
1534185796.340961 619 543 577 663 564 664 3944 5732 -4618 53 411 278 -65 -34 -32
1534185796.4031951 619 543 577 663 564 665 4064 5720 -4694 164 40 231 -66 -36 -30
1534185796.4830008 619 543 576 663 564 664 3824 5700 -4706 255 -186 -13 -65 -34 -27
1534185796.5446582 619 543 577 663 564 664 3998 5656 -4720 98 -27 352 -65 -34 -29
1534185796.6073987 619 543 576 662 564 664 3950 5622 -4682 35 -70 -34 -64 -35 -30
1534185796.688335 619 542 576 663 564 665 4024 5732 -4774 161 266 297 -64 -34 -28
1534185796.759147 619 543 577 663 564 665 3864 5724 -4730 281 -399 -177 -64 -36 -29
1534185796.824752 619 543 577 663 564 665 3992 5672 -4794 417 324 294 -65 -34 -30
1534185796.8872373 619 543 577 663 564 665 3936 5732 -4564 94 -182 -300 -64 -33 -30
1534185796.9676616 619 543 577 663 564 665 3962 5592 -4704 569 110 187 -65 -35 -29
1534185797.0297754 619 543 577 663 564 665 3980 5710 -4762 216 350 -103 -64 -35 -26
1534185797.092262 619 543 577 663 564 665 3904 5730 -4692 270 172 91 -66 -36 -28
1534185797.1703668 619 543 577 663 564 665 3886 5676 -4756 296 -127 97 -64 -35 -29
1534185797.2443695 619 543 577 663 564 665 3996 5712 -4740 -65 331 183 -65 -34 -30
1534185797.308167 619 543 576 662 564 664 3954 5666 -4746 -232 674 343 -63 -36 -27
1534185797.3862848 619 543 576 663 564 665 6112 6674 -4074 5639 -4481 -1546 -64 -34 -29
1534185797.4487174 619 542 576 663 564 665 2716 7220 -5002 -6140 -880 -6333 -66 -30 -28
1534185797.5294015 619 542 575 663 564 665 3380 6144 -5146 4414 11759 6774 -65 -31 -24
1534185797.60751 619 543 575 663 564 665 3686 5202 -3492 -5590 -13297 -7294 -65 -32 -24
1534185797.6856167 621 542 575 664 564 666 3258 7526 -3832 2620 6687 3669 -66 -27 -23
1534185797.744882 621 542 575 665 564 666 3716 5596 -4398 540 107 -3196 -67 -27 -23
1534185797.8229895 621 542 575 665 563 667 4004 7036 -4838 1057 11574 3772 -64 -27 -20
1534185797.9013295 620 542 575 665 564 666 3646 5312 -3892 718 -2223 -300 -66 -27 -19
1534185797.975855 620 542 575 665 564 666 4172 7612 -5260 7616 -2154 5408 -63 -28 -22
1534185798.0436552 619 543 576 663 565 665 3524 4284 -5208 2029 -14868 -277 -64 -33 -31
1534185798.1229906 619 543 576 663 564 665 5876 8602 -3186 4996 1257 -2133 -63 -35 -29
1534185798.1965635 619 543 577 663 564 664 1488 4108 -7006 1546 -5544 -715 -67 -32 -43
1534185798.2672527 619 543 576 663 564 665 3300 5394 -5956 -2625 4437 1906 -64 -32 -42
1534185798.3297393 619 543 576 663 564 664 3734 5834 -4678 -2232 1330 -212 -66 -33 -37
1534185798.4146335 619 543 576 663 564 665 3786 5360 -5334 471 1812 1349 -64 -35 -36
1534185798.4870927 619 543 576 663 564 665 3514 5858 -4854 -692 -349 -525 -65 -34 -37
1534185798.5575044 619 543 576 663 564 665 3756 5404 -5070 624 -543 504 -64 -36 -35
1534185798.6267602 619 543 576 663 564 664 3566 5740 -5030 -498 935 -179 -65 -35 -35
1534185798.6972983 619 543 576 663 564 665 3440 5480 -5130 331 -65 -70 -64 -35 -32
1534185798.7619586 619 543 576 663 564 665 3670 5522 -5264 72 989 146 -65 -36 -33
1534185798.824445 619 543 576 663 564 665 2560 6126 -5712 3509 2209 -7 -64 -34 -35
1534185798.902552 619 543 575 663 564 664 3690 5374 -5556 2827 6161 2223 -62 -36 -36
1534185798.9828758 619 543 576 663 564 665 5052 5204 -5010 -5671 2117 -4508 -65 -33 -33
1534185799.0445237 620 543 575 663 564 665 2868 5052 -4368 -3246 -1648 -3238 -66 -30 -31
1534185799.1226325 620 543 575 664 564 666 4008 6428 -4774 -1942 -138 -111 -65 -26 -27
1534185799.2018404 620 543 575 664 564 666 3866 6508 -4358 2636 -77 1263 -68 -29 -25
1534185799.27651 620 543 575 665 564 667 3578 5730 -4940 -1573 -4419 -1862 -63 -28 -27
1534185799.3389957 621 543 575 665 565 667 3236 6196 -5128 171 1814 -79 -68 -28 -29
1534185799.4171026 621 543 575 665 564 667 2918 6188 -4638 -539 1953 93 -67 -29 -26
1534185799.4929864 620 542 574 665 564 667 3562 5722 -4436 -2286 1960 -1074 -66 -28 -25
1534185799.5596256 621 543 575 665 564 666 4458 6762 -3940 -1301 -4207 -742 -64 -27 -23
1534185799.6374836 620 543 575 664 565 665 2870 5834 -6604 3303 -3643 4051 -65 -29 -27
1534185799.7130387 619 543 576 663 564 665 2492 5562 -2286 -8810 5106 3756 -65 -34 -29
1534185799.7789457 619 543 576 663 564 665 3672 6158 -4866 9174 -6207 -1054 -65 -34 -32
1534185799.857042 619 543 576 663 565 665 3266 5724 -5594 -1229 1217 356 -65 -32 -34
1534185799.9194436 619 543 576 663 564 665 3198 6016 -4654 -482 2138 998 -65 -35 -33
1534185800.0024621 619 543 576 663 564 665 3602 5734 -4738 228 1168 1063 -66 -35 -30
1534185800.0597367 619 543 576 663 564 665 3792 5800 -4654 -191 105 137 -64 -37 -30
1534185800.1269526 619 543 576 663 564 665 3802 5822 -4708 92 89 585 -65 -35 -30
1534185800.209214 619 543 576 663 564 665 3744 5854 -4766 501 317 127 -64 -37 -29
1534185800.26633 619 544 576 663 564 665 3730 5794 -4792 -285 64 272 -65 -37 -30
1534185800.3444388 619 543 576 663 564 664 3734 5890 -4624 809 523 158 -67 -35 -28
1534185800.407183 619 543 575 663 564 665 3472 5762 -4856 -19 25 69 -64 -35 -30
1534185800.4830515 619 543 575 663 564 665 3836 5914 -4410 -319 315 97 -64 -36 -30
1534185800.5431173 619 543 575 663 564 665 3674 5704 -4832 822 293 97 -65 -36 -30
1534185800.6212258 619 543 575 663 564 664 3754 5830 -4642 -354 398 117 -64 -37 -29
1534185800.6906247 619 543 575 663 564 665 3778 5832 -4658 829 470 86 -62 -38 -29
1534185800.7634287 619 543 576 663 564 665 4468 5298 -4216 1169 -2474 -988 -61 -37 -27
1534185800.8253293 619 543 575 662 564 664 4348 5618 -5310 -1256 975 -460 -61 -35 -26
1534185800.9034474 619 543 575 663 564 665 3512 6376 -4340 -4739 1804 -1982 -61 -35 -23
1534185800.9824462 619 543 575 663 564 665 3508 6692 -4620 1105 6002 1051 -63 -34 -21
1534185801.045104 620 543 575 664 564 665 5264 5590 -3714 -808 550 521 -59 -33 -16
1534185801.113145 620 543 575 664 564 666 3572 6584 -3658 -3105 -1604 -3203 -63 -32 -17
1534185801.1966834 621 543 575 665 564 666 4332 6688 -3926 699 17 1001 -61 -31 -15
1534185801.2616096 620 543 575 665 564 666 4134 6034 -4176 -300 11 -1797 -63 -33 -17
1534185801.3397176 621 543 575 665 564 666 3640 6542 -3788 -1586 3837 1018 -62 -30 -14
1534185801.4022021 620 543 575 665 564 666 3896 6400 -3242 -2590 1968 -434 -61 -30 -9
1534185801.4842272 620 543 575 664 564 666 4014 7272 -3248 1968 321 325 -60 -30 -11
1534185801.5443854 619 543 575 664 564 665 4788 5904 -4654 5815 -3282 1196 -61 -31 -17
1534185801.6222816 620 543 576 663 565 665 2196 3406 -3318 -6875 -10940 909 -63 -35 -23
1534185801.7043025 619 543 576 663 564 665 5046 7230 -3058 3984 1607 1052 -62 -39 -18
1534185801.776132 619 543 576 663 564 664 3670 5710 -4564 1022 -247 -164 -60 -37 -20
1534185801.8415604 619 544 576 663 565 665 4206 5840 -4234 102 -296 754 -60 -36 -20
1534185801.9040427 619 543 576 663 564 665 4190 6034 -4018 24 1418 -93 -61 -35 -22
1534185801.9834635 619 543 576 663 564 665 4114 6002 -4096 43 367 360 -59 -36 -21
1534185802.044081 619 543 576 663 564 664 4222 5928 -4082 300 576 452 -59 -39 -19
1534185802.1375701 619 544 576 663 564 665 4204 6048 -4016 184 846 -164 -60 -39 -17
1534185802.192574 619 543 576 663 564 665 4286 5818 -4064 142 -31 -26 -60 -38 -23
1534185802.246183 619 543 576 663 564 665 4210 6106 -4162 431 160 114 -60 -38 -19
1534185802.3242943 619 543 576 663 564 665 4102 5972 -4130 -88 -150 115 -60 -38 -20
1534185802.4023962 619 543 576 662 564 664 4364 5836 -4224 1503 -287 291 -59 -38 -20
1534185802.471613 618 543 576 663 564 665 4182 6036 -4156 -399 134 71 -60 -39 -20
1534185802.5447776 619 543 576 663 564 665 3334 6496 -3910 131 -146 -1056 -61 -37 -21
1534185802.6072638 619 543 576 662 564 664 4260 6440 -5172 -1302 -3438 -2227 -60 -37 -21
1534185802.6912384 619 543 575 663 564 665 3718 6046 -4140 -101 9183 -788 -60 -35 -18
1534185802.762523 619 543 575 663 564 665 4680 6096 -3430 -1121 -2436 -122 -60 -35 -14
1534185802.8406346 620 542 575 664 564 665 4138 6466 -4138 -3570 1075 -2156 -61 -32 -16
1534185802.9032865 620 543 575 665 564 666 3876 6864 -3790 -2188 1059 1792 -60 -33 -13
1534185802.9872596 620 542 575 664 563 666 3520 5440 -3654 1090 -433 -1339 -59 -33 -13
1534185803.0592818 620 542 575 665 563 666 4884 6562 -3438 4259 1606 1501 -57 -31 -11
1534185803.1215096 620 542 575 665 563 666 3522 5492 -3954 -300 1709 278 -59 -32 -14
1534185803.2047246 619 542 575 664 563 666 4848 7206 -2904 -870 -3793 -3998 -59 -31 -12
1534185803.2786207 619 543 575 663 564 666 3682 5916 -6530 7408 -3595 2911 -62 -33 -21
1534185803.3421347 619 543 576 663 564 664 1364 3414 448 -9886 -1399 877 -62 -36 -23
1534185803.4201562 619 543 576 663 565 665 4518 5260 -5008 14460 -10191 -3913 -61 -35 -26
1534185803.4980788 619 543 576 663 564 665 2418 5646 -6116 -1554 286 1248 -65 -31 -33
1534185803.5591285 619 543 576 663 564 665 4260 5706 -3800 -4396 1584 2400 -61 -36 -30
1534185803.6372352 619 543 576 663 564 664 3762 6074 -4468 1854 -584 -276 -62 -38 -27
1534185803.7152386 618 543 576 663 565 664 3790 5818 -4872 -620 162 1085 -61 -36 -28
1534185803.7779102 619 543 576 663 564 665 4414 5768 -4266 -51 544 26 -62 -39 -28
1534185803.840397 619 544 577 663 565 665 3900 6032 -4590 1020 297 320 -61 -38 -28
1534185803.9185042 619 543 576 663 564 665 3940 5740 -4550 -230 939 255 -62 -36 -27
1534185803.9918017 619 543 576 663 564 664 3728 5924 -4404 -46 653 16 -62 -36 -25
1534185804.0591738 619 543 576 663 564 664 3980 5798 -4582 118 -467 269 -60 -38 -25
1534185804.1215367 619 543 576 663 564 665 3940 5954 -4428 281 325 255 -61 -38 -26
1534185804.2023308 619 543 576 663 564 664 3800 5868 -4514 -346 198 -214 -60 -37 -27
1534185804.2815838 619 543 576 663 564 665 4146 5824 -4482 697 -238 249 -61 -38 -27
1534185804.3269503 619 543 576 663 564 664 3972 5854 -4478 -516 75 78 -59 -36 -24
1534185804.4051447 619 543 576 663 564 665 4092 5822 -4478 -20 751 484 -59 -37 -27
1534185804.4830832 618 543 576 662 564 664 3930 5062 -4800 1126 5654 -2632 -58 -37 -28
1534185804.5448205 619 543 575 663 564 664 3640 6360 -3132 -3773 -10531 -1663 -62 -36 -26
1534185804.6231785 619 543 575 663 564 665 3054 6380 -5410 2384 4962 -1186 -61 -34 -27
1534185804.7052333 619 543 574 663 564 665 3384 6072 -4488 -357 3808 2446 -62 -35 -26
1534185804.7617157 620 543 575 664 564 667 5742 6956 -3802 3725 3395 650 -61 -33 -22
1534185804.8400857 620 543 575 664 564 666 4028 5456 -4912 -6057 -2923 -1738 -62 -33 -24
1534185804.9181423 620 542 574 665 564 666 3200 6388 -4340 -1555 628 -2928 -62 -32 -22
1534185805.0091088 620 543 575 665 564 666 4140 6290 -4058 -3815 -365 -332 -62 -31 -20
1534185805.0612712 619 543 575 664 564 666 3536 7002 -3928 1497 80 3419 -58 -33 -18
1534185805.139377 619 542 575 663 564 665 5752 5834 -5100 5093 1559 1865 -59 -33 -20
1534185805.2153716 619 543 576 663 564 664 2524 2852 -2292 -13429 -9644 433 -58 -41 -23
1534185805.2780528 619 543 576 663 564 665 4198 6638 -3444 7066 -4474 -936 -58 -41 -24
1534185805.3561597 619 543 576 663 564 664 3568 6010 -4940 -574 39 1317 -58 -41 -27
1534185805.418645 619 543 576 663 564 665 4128 5946 -4172 -785 -915 -177 -60 -41 -25
1534185805.4950604 619 543 575 663 564 665 3876 5980 -4712 643 5 -142 -59 -41 -24
1534185805.5577257 619 543 575 662 564 664 3792 6080 -4408 422 368 35 -59 -40 -24
1534185805.6200306 619 543 575 663 564 664 3820 5982 -4376 1 -97 222 -60 -40 -24
1534185805.7061214 618 543 575 662 564 664 3820 5958 -4332 343 284 11 -58 -42 -27
1534185805.7706194 619 543 575 662 564 664 3938 5942 -4508 451 -41 40 -60 -41 -28
1534185805.8270867 619 543 576 663 564 665 3704 6124 -4454 323 460 284 -59 -41 -25
1534185805.9051929 619 543 575 663 564 664 4018 5914 -4340 -350 -46 269 -60 -41 -26
1534185805.9798598 618 543 575 663 564 664 3758 5972 -4386 -51 -209 -59 -59 -41 -25
1534185806.0437002 619 543 575 662 564 664 4020 6006 -4364 242 391 345 -57 -39 -26
1534185806.1060734 619 543 575 662 564 664 3916 5936 -4428 447 555 -37 -59 -41 -24
1534185806.188466 618 543 576 662 564 664 3830 6022 -4394 -724 -143 85 -58 -40 -24
1534185806.260272 619 543 575 662 564 664 3846 5792 -4506 -1398 479 1874 -57 -42 -24
1534185806.324253 619 543 575 662 564 664 3800 6008 -4726 -2464 1727 -3495 -59 -41 -24
1534185806.4023592 619 543 575 662 564 664 3210 5804 -3930 -2766 811 -149 -61 -39 -20
1534185806.4798431 619 543 575 663 564 665 3844 6816 -3902 5730 7629 3558 -58 -38 -19
1534185806.54325 619 543 574 663 563 664 4634 5806 -3636 715 1441 636 -54 -39 -19
1534185806.6213596 619 542 574 664 563 666 4070 5778 -4516 -2991 5008 1033 -56 -39 -16
1534185806.6960409 619 542 574 664 563 666 4648 6642 -3302 1520 1061 1810 -52 -40 -13
1534185806.76295 619 542 574 664 563 666 4692 5716 -4524 -1244 -193 -1054 -53 -40 -15
1534185806.841061 618 542 574 664 563 666 4316 5954 -3744 -3572 -1229 -1931 -54 -39 -14
1534185806.9038048 618 542 574 663 563 665 4712 6700 -3838 4523 -3948 -15 -55 -39 -16
1534185806.9889193 619 543 575 663 564 665 3068 6020 -4410 2132 -730 493 -57 -41 -21
1534185807.0613859 619 543 575 663 564 664 6102 6914 -2550 -3912 567 -327 -55 -41 -16
1534185807.1238735 618 543 575 662 564 664 3926 5848 -4528 3516 -2055 -843 -56 -41 -21
1534185807.2049453 619 543 575 662 564 664 3712 6036 -4492 -217 961 892 -57 -41 -22
1534185807.2621717 619 543 575 663 564 665 4240 6074 -3972 -934 589 -4 -58 -41 -21
1534185807.34054 619 543 576 662 564 664 3974 6024 -4090 52 287 471 -57 -41 -19
1534185807.4028165 619 543 576 663 564 665 4220 6084 -4000 284 -44 113 -58 -43 -18
1534185807.4801378 619 543 575 662 564 664 3960 6000 -4132 289 324 184 -56 -43 -20
1534185807.543015 618 543 575 662 564 664 4150 6098 -3944 182 -229 346 -57 -44 -22
1534185807.6055012 619 543 575 662 564 664 4050 6000 -4076 -258 138 48 -57 -42 -19
1534185807.6880257 619 543 575 662 564 665 4212 6036 -3830 255 44 -112 -56 -42 -19
1534185807.7578394 618 543 575 662 564 664 4234 6000 -4026 259 106 394 -55 -44 -20
1534185807.8258622 619 543 575 662 564 664 4000 6138 -3940 679 86 -240 -57 -42 -21
1534185807.8883893 618 543 575 662 564 664 4174 5922 -4230 -1 194 -179 -55 -43 -19
1534185807.9647331 619 543 575 662 564 664 4010 6122 -4044 571 636 361 -55 -43 -22
1534185808.026892 618 542 575 662 563 664 4944 5470 -5560 1448 5275 -1845 -57 -41 -20
1534185808.1049953 619 543 575 662 564 664 3422 5422 -2684 -4566 -362 -3067 -59 -41 -18
1534185808.1850038 619 542 575 663 564 665 3444 6418 -4382 1914 4753 5479 -57 -39 -14
1534185808.2578065 619 542 575 664 563 665 5486 5958 -3680 4062 8889 6022 -52 -41 -11
1534185808.3246887 618 542 574 664 563 666 5990 5366 -3950 -4649 1195 1093 -48 -42 -8
1534185808.4027288 618 541 574 664 563 666 5396 6030 -3650 -1172 -1698 -3155 -49 -41 -7
1534185808.4764707 618 541 574 664 562 665 5574 6350 -3234 -3052 590 -1339 -49 -42 -5
1534185808.5444264 618 541 574 664 563 665 4556 6640 -2756 180 2723 -3695 -51 -38 -6
1534185808.6225352 618 542 575 663 563 665 6572 3354 -4748 4654 -13094 -3439 -54 -38 -12
1534185808.6939075 618 542 575 663 564 665 3878 6906 -3412 929 7371 5188 -57 -39 -13
1534185808.7623672 618 542 576 663 564 664 4572 5848 -3510 1838 -3885 -1046 -55 -42 -17
1534185808.824943 618 542 576 663 564 665 3892 5738 -4494 549 -1937 953 -55 -40 -20
1534185808.9029608 618 543 576 663 564 664 4276 5900 -4098 -924 864 25 -57 -41 -18
1534185808.9765563 619 542 575 662 564 664 4166 6138 -3750 523 84 157 -55 -42 -20
1534185809.0437934 619 542 575 662 564 664 4530 5890 -4072 -156 -51 414 -57 -41 -19
1534185809.1060188 618 542 576 662 564 664 4278 6084 -3926 157 489 513 -55 -41 -15
1534185809.1861167 618 542 575 662 564 664 4378 5978 -3862 -38 -312 45 -55 -42 -18
1534185809.2562537 618 542 575 662 564 664 4372 6014 -3926 -87 -65 165 -55 -39 -18
1534185809.310944 618 542 576 662 564 664 4668 5894 -4070 248 -1033 23 -56 -41 -19
1534185809.389053 619 542 576 662 564 664 4202 6048 -3964 1105 34 -519 -56 -44 -19
1534185809.45154 618 542 575 662 564 664 4112 5968 -4030 91 537 120 -56 -43 -20
1534185809.5280893 618 542 575 663 564 664 4186 6084 -3874 813 191 -189 -58 -42 -20
1534185809.606213 618 542 575 662 564 664 3896 5840 -4148 1476 -3083 -1031 -56 -40 -20
1534185809.6686826 619 542 575 662 564 664 4032 5868 -4300 689 1527 311 -57 -43 -21
1534185809.7478008 619 542 575 662 564 664 4262 6086 -4042 -169 -58 -22 -57 -42 -22
1534185809.8101873 618 542 575 663 563 664 4514 5814 -4192 87 155 -334 -56 -43 -21
1534185809.8726723 618 542 576 662 563 664 3810 6126 -4168 174 98 247 -56 -43 -21
1534185809.9704177 618 542 575 662 564 663 3678 5800 -4042 -318 2109 -1189 -58 -40 -21
1534185810.0280552 618 542 575 662 564 664 3750 6538 -4358 1007 2160 -1846 -59 -41 -20
1534185810.1061614 618 542 575 662 563 664 3460 6010 -4388 -2348 9691 -3976 -58 -35 -17
1534185810.179407 619 541 574 663 563 666 5170 6924 -3312 -2741 -2919 731 -58 -34 -10
1534185810.246037 619 541 575 664 563 666 3056 6762 -3060 6287 1561 -152 -59 -32 -14
1534185810.3241441 619 541 575 664 563 666 4614 5468 -3994 3968 -4544 2018 -60 -33 -17
1534185810.3867006 619 541 575 664 563 666 3876 6040 -4008 27 9 -1040 -61 -34 -17
1534185810.4663894 619 541 575 664 563 666 3604 6286 -4298 -1285 -483 -156 -60 -34 -20
1534185810.5281854 619 541 575 663 563 664 3574 7032 -5164 5375 -807 512 -60 -35 -23
1534185810.6062913 618 542 576 663 564 664 8094 -2342 -838 -8836 -6996 2473 -59 -39 -23
1534185810.6872535 618 542 576 663 564 665 5966 7292 -3280 8301 -3916 -3782 -63 -37 -19
1534185810.7610583 619 542 576 663 564 664 1596 5628 -5340 2746 -2103 -1157 -65 -34 -33
1534185810.8241096 619 542 576 663 564 664 3660 6174 -4648 -1892 244 1818 -63 -36 -31
1534185810.9024732 618 542 576 663 564 665 3638 5986 -4662 -780 -2772 -3 -63 -37 -32
1534185810.9761477 618 542 576 662 564 664 2808 6350 -4524 -265 1628 462 -63 -36 -31
1534185811.0436187 618 543 576 662 564 664 3616 5934 -4592 -870 347 1416 -61 -38 -29
1534185811.1058578 618 542 576 663 564 664 3542 6202 -4502 377 -50 -197 -63 -38 -28
1534185811.1878915 618 542 576 663 564 664 3368 6082 -4610 -167 -154 156 -62 -40 -28
1534185811.2577543 618 542 576 662 564 664 3614 6054 -4538 337 191 108 -63 -37 -28
1534185811.3259068 618 542 576 662 564 664 3540 6042 -4504 -108 481 610 -63 -38 -27
1534185811.3883917 618 542 576 662 564 664 3638 6028 -4654 217 -59 -32 -63 -39 -30
1534185811.4665396 618 542 575 662 564 664 3678 6094 -4374 -104 379 -9 -61 -37 -28
1534185811.5275152 618 542 575 662 563 664 3420 6050 -4612 -342 377 504 -61 -40 -28
1534185811.6053557 618 542 576 662 564 664 3694 6050 -4608 524 1370 308 -61 -39 -26
1534185811.6779668 618 543 576 662 564 664 3656 5314 -4628 1266 2017 107 -61 -39 -26
1534185811.7489877 618 542 575 662 564 664 3236 5750 -4128 -1433 42 -928 -63 -40 -26
1534185811.8090863 618 542 575 662 564 664 3210 6464 -4400 -3166 2468 -2156 -62 -36 -24
1534185811.8871937 618 542 575 663 564 664 3238 6382 -3444 93 2599 -2428 -63 -36 -21
1534185811.965552 618 542 575 663 563 665 3616 6374 -4510 -987 -549 -609 -65 -33 -23
1534185812.0281224 619 542 575 663 563 665 3004 6070 -3978 434 -415 8 -64 -33 -21
1534185812.1062276 619 541 575 664 563 665 3276 6382 -4126 838 -735 -950 -64 -33 -23
1534185812.168886 619 542 575 664 563 666 2982 6984 -3534 3443 3495 3076 -62 -36 -21
1534185812.2503846 619 541 575 664 563 666 3454 5418 -5330 2494 5112 2523 -63 -34 -25
1534185812.3253386 619 541 575 664 563 666 4370 7042 -3264 -4402 1895 -1088 -63 -33 -18
1534185812.3876922 618 542 575 664 563 666 5002 6376 -4298 2802 -1589 -1068 -60 -33 -19
1534185812.4707735 618 542 576 663 564 665 2698 7160 -6082 981 1732 5364 -62 -34 -22
1534185812.526439 618 542 576 663 564 664 5816 7772 -2540 546 3771 703 -62 -39 -20
1534185812.6045015 618 542 576 663 564 664 2844 5578 -5150 2968 -5251 -1443 -61 -39 -27
1534185812.688171 618 542 575 663 564 664 4056 6030 -4506 -2001 1896 2332 -61 -39 -24
1534185812.7608502 618 543 576 663 564 664 4396 6102 -4120 -185 -22 -290 -60 -41 -23
1534185812.8278255 618 542 576 663 564 664 3592 6204 -4358 88 -1022 -179 -61 -41 -24
1534185812.8903246 618 542 576 662 563 664 3988 6076 -4192 -247 755 446 -60 -40 -24
1534185812.9714365 618 542 575 662 564 664 4020 6024 -4310 93 -542 -185 -62 -39 -24
1534185813.026175 618 542 576 662 564 664 3732 6068 -4352 362 430 292 -62 -38 -25
1534185813.104325 618 542 576 663 564 664 4012 6118 -4238 16 -126 -117 -61 -37 -23
1534185813.1669512 618 542 576 662 564 664 3912 5982 -4286 166 628 -161 -59 -39 -25
1534185813.2508519 618 542 576 662 564 664 3880 6054 -4150 -365 -55 -62 -59 -41 -23
1534185813.3098357 618 543 576 662 564 664 3932 6018 -4266 113 14 292 -58 -40 -24
1534185813.3879411 617 542 576 662 564 664 3906 6106 -4300 118 393 596 -62 -42 -20
1534185813.4504254 618 543 576 663 564 664 4302 4982 -4648 1955 2364 -502 -60 -38 -22
1534185813.5396411 618 542 576 662 564 664 5058 5628 -4384 -1997 453 -1125 -61 -40 -21
1534185813.5915885 618 542 576 663 564 663 2862 6890 -4086 434 4190 -1276 -61 -37 -19
1534185813.6696987 618 543 576 663 564 665 3992 6752 -4154 -2169 4128 1506 -62 -36 -18
1534185813.750403 618 542 575 663 564 665 4168 6334 -2992 -2259 1365 63 -58 -34 -10
1534185813.8101609 619 542 575 664 564 665 3152 6454 -3494 873 2667 945 -58 -34 -10
1534185813.8882678 618 542 575 664 563 665 4522 6474 -3152 901 3484 3105 -55 -36 -9
1534185813.9507554 618 541 575 664 562 666 4544 6188 -3720 2489 1672 699 -55 -37 -11
1534185814.0285459 618 541 575 664 562 665 4840 5690 -3546 -3602 -2893 -534 -56 -36 -9
1534185814.1066833 618 542 575 664 563 665 4568 7612 -2254 702 -4412 -2386 -55 -35 -12
1534185814.1691375 618 542 575 663 564 664 4782 6442 -5766 6212 -6271 334 -56 -37 -13
1534185814.2572186 618 542 576 663 564 664 2184 5066 418 -2710 5528 136 -61 -40 -21
1534185814.3246894 618 542 576 663 564 664 2924 5400 -4874 8000 -11786 -4357 -61 -37 -28
1534185814.3873973 618 542 576 663 564 664 2894 5750 -5608 -465 450 2850 -63 -37 -29
1534185814.471187 618 542 575 663 564 663 4572 5932 -3894 -1532 2135 1529 -59 -42 -28
1534185814.5280123 618 543 576 663 564 664 3594 6140 -4642 2781 1365 499 -59 -40 -26
1534185814.6061182 618 542 576 663 564 664 3682 5872 -4576 1062 5538 3327 -57 -39 -25
1534185814.6865344 617 542 576 663 564 663 4924 5440 -4232 382 4324 3616 -54 -44 -23
1534185814.7602777 618 542 576 663 564 664 4050 6060 -3910 4951 -1285 -2719 -53 -43 -23
1534185814.8254578 618 542 576 663 564 664 4776 4596 -5128 4069 -254 1470 -55 -41 -26
1534185814.9046702 618 542 576 662 564 664 4554 4540 -5260 162 -3793 487 -54 -43 -30
1534185814.9849303 618 542 576 663 564 664 4338 5094 -4646 708 -510 1678 -54 -43 -29
1534185815.0431821 618 542 576 663 564 664 4300 5300 -4738 424 3554 1011 -53 -43 -28
1534185815.1190743 618 542 576 663 564 664 4744 4942 -4626 -743 -1260 524 -53 -45 -28
1534185815.1879237 618 543 576 663 564 664 4502 5034 -4602 318 -747 34 -54 -47 -29
1534185815.2590725 618 543 576 663 564 664 4440 4942 -4834 570 -1905 742 -53 -46 -30
1534185815.3302157 618 542 576 663 564 664 4648 4918 -4788 1199 -467 692 -52 -46 -31
1534185815.401998 618 542 576 662 564 663 4694 4850 -4904 1539 -1969 390 -49 -46 -31
1534185815.472715 618 543 576 663 564 664 4454 4760 -4896 1724 974 -27 -50 -46 -32
1534185815.5444145 618 543 576 662 564 664 3898 4740 -4738 4511 7210 -780 -51 -46 -34
1534185815.6170797 618 542 576 663 564 664 3672 3958 -4960 963 18934 3755 -50 -44 -25
