1535510855.606408 689 611 630 688 673 669 6330 1582 -5124 266 -45 53 -4 -17 -47
1535510855.6730478 689 610 630 688 674 668 6236 1612 -5304 282 221 -95 -4 -13 -47
1535510855.7409885 690 610 630 688 673 669 6174 1484 -5136 150 367 133 -4 -14 -47
1535510855.80746 690 611 630 688 673 668 6454 1770 -5064 213 27 30 -4 -13 -47
1535510855.8747795 690 611 630 689 674 668 6186 1554 -5394 196 -67 -2 -3 -15 -47
1535510855.9420276 690 611 630 688 674 669 6308 1588 -5090 202 154 10 -3 -14 -47
1535510856.0100853 690 610 630 689 674 668 6296 1598 -5146 301 -148 63 -3 -14 -48
1535510856.0761638 690 610 630 688 674 668 6190 1564 -5290 171 74 65 -2 -14 -47
1535510856.1420693 690 611 630 688 674 668 6280 1630 -5224 169 51 22 -2 -14 -48
1535510856.2084534 689 611 630 688 674 668 6306 1660 -5262 185 -47 46 -3 -15 -48
1535510856.5119305 689 611 630 688 673 669 6212 1594 -5396 188 53 59 -4 -14 -47
1535510856.5713658 689 611 630 688 674 668 6244 1602 -5136 209 287 48 -2 -14 -50
1535510856.715661 690 610 629 688 673 668 6282 1628 -5160 279 101 -37 -5 -15 -48
1535510856.7661366 689 611 630 688 674 669 6182 1524 -5326 209 152 19 -3 -16 -47
1535510856.8224876 689 610 629 688 673 668 6230 1656 -5246 196 340 -80 -3 -15 -45
1535510856.8576088 689 611 630 688 673 668 6320 1574 -5136 312 170 29 -3 -16 -48
1535510856.894371 690 610 629 688 674 668 6290 1598 -5156 300 79 -13 -3 -16 -48
1535510856.9299922 690 610 630 688 674 668 6216 1608 -5240 174 213 -10 -5 -13 -49
1535510856.9654768 689 610 630 688 674 668 6230 1610 -5206 176 243 29 -4 -13 -47
1535510857.0022469 689 611 629 688 674 668 6338 1600 -5136 184 -98 85 -3 -15 -47
1535510857.1470647 689 611 630 688 674 669 6196 1582 -5332 216 68 3 -3 -14 -49
1535510857.188315 689 610 629 688 673 668 6316 1608 -5292 106 281 -60 -1 -15 -46
1535510857.2241426 690 611 630 688 674 668 6320 1610 -5040 346 224 -45 -4 -15 -46
1535510857.259609 689 611 630 688 673 668 6200 1586 -5242 399 87 -191 -4 -13 -46
1535510857.2959025 690 611 629 688 674 669 6212 1596 -5182 332 472 -80 -3 -14 -48
1535510857.3324373 689 610 630 688 674 668 6298 1588 -5116 203 258 108 -2 -13 -47
1535510857.3692806 689 611 629 688 674 668 6312 1632 -5218 228 233 -34 -2 -14 -48
1535510857.422717 689 610 629 688 673 669 6316 1600 -5226 236 226 -17 -3 -14 -47
1535510857.4907212 689 610 630 688 674 668 6280 1606 -5196 247 144 -4 -3 -14 -48
1535510857.557942 689 610 630 688 674 668 6296 1594 -5100 218 159 21 -3 -12 -47
1535510857.7466779 690 610 629 688 674 668 6268 1652 -5116 199 3 77 -3 -14 -46
1535510857.7828245 689 611 630 688 673 668 6222 1606 -5270 188 130 -59 -3 -17 -49
1535510857.8249626 689 610 630 688 673 669 6312 1598 -5162 213 84 58 -3 -13 -45
1535510857.8719454 689 610 630 688 673 668 6290 1610 -5094 256 -82 41 -3 -15 -48
1535510857.9174325 689 610 630 688 674 668 6260 1588 -5260 220 -8 -10 -2 -13 -46
1535510857.9661462 689 610 630 688 673 668 6250 1622 -5194 207 168 85 -3 -15 -47
1535510858.0225627 689 610 630 688 674 668 6270 1584 -5228 246 22 7 -2 -14 -47
1535510858.0877538 690 611 630 689 674 668 6204 1604 -5196 193 17 6 -1 -16 -47
1535510858.1552207 689 610 629 688 673 668 6282 1654 -5188 187 192 -37 -1 -16 -46
1535510858.2234566 689 611 630 688 674 668 6234 1568 -5270 280 180 -15 -4 -15 -46
1535510858.4832332 690 611 629 688 673 668 6276 1622 -5206 228 218 6 -3 -14 -48
1535510858.5125988 690 610 630 689 673 668 6254 1610 -5182 283 28 10 -3 -14 -48
1535510858.5415833 689 611 630 688 673 668 6282 1592 -5218 238 179 -39 -2 -15 -48
1535510858.5757205 689 610 630 688 674 669 6238 1548 -5256 256 149 -3 -5 -15 -47
1535510858.622177 689 610 630 688 674 668 6270 1602 -5156 196 207 18 -1 -15 -46
1535510858.6644964 690 611 630 688 674 669 6334 1646 -5082 138 143 -53 -3 -15 -47
1535510858.710782 690 610 630 688 673 669 6362 1594 -5164 260 -105 94 -3 -15 -49
1535510858.7593546 689 610 630 688 673 668 6252 1628 -5290 183 75 -3 -4 -15 -47
1535510858.8278613 689 610 630 688 674 668 6292 1612 -5238 133 -78 100 -3 -15 -47
1535510858.8969133 689 610 630 689 674 668 6230 1614 -5250 296 -63 66 -2 -15 -49
1535510859.191637 689 610 630 688 674 669 6256 1670 -5198 96 -9 113 -2 -13 -48
1535510859.2496297 690 611 630 688 673 669 6252 1644 -5250 219 -126 -44 -3 -13 -47
1535510859.2816947 689 611 630 688 673 668 6220 1570 -5240 320 37 -48 -4 -15 -45
1535510859.3113558 689 610 630 688 673 668 6290 1576 -5116 291 129 98 -4 -16 -48
1535510859.3398395 689 610 629 688 674 669 6274 1654 -5224 290 90 4 -2 -17 -49
1535510859.370749 690 611 630 688 673 668 6130 1570 -5376 345 87 -2 -3 -15 -47
1535510859.4016588 689 610 630 688 674 668 6248 1646 -5146 193 349 -65 -3 -12 -49
1535510859.4330688 690 610 630 689 674 668 6196 1504 -5212 283 371 -27 -3 -15 -47
1535510859.4986668 689 610 630 688 674 668 6220 1638 -5150 236 471 22 -3 -17 -50
1535510859.566545 689 610 630 688 674 668 6186 1572 -5216 257 349 -83 -5 -15 -49
1535510859.680325 689 611 630 688 674 668 6376 1512 -5092 267 47 7 -2 -17 -47
1535510859.7118132 689 610 629 688 673 668 6344 1562 -5272 -119 86 -76 -2 -15 -48
1535510859.7694788 689 611 629 688 674 668 6278 1522 -5188 -248 649 -39 -4 -16 -47
1535510859.8413315 689 611 629 688 673 669 6226 1040 -5784 -2724 1187 -720 -2 -16 -46
1535510859.9147453 689 611 630 688 674 668 6488 1674 -4816 -4488 1020 -512 -3 -15 -46
1535510859.9844155 689 611 630 688 674 668 6462 2176 -4626 -6334 894 -475 -3 -16 -44
1535510860.056199 689 611 630 688 673 668 6256 3002 -4240 -3564 -763 110 -4 -15 -42
1535510860.1244743 689 611 630 688 673 668 6552 2970 -4146 685 547 238 -5 -16 -43
1535510860.193023 689 610 630 688 674 668 6364 2340 -4672 893 -587 -76 -4 -17 -41
1535510860.263072 689 610 630 689 673 668 6260 2458 -4880 947 -532 160 -3 -14 -41
1535510860.5106852 689 610 630 688 673 668 6198 2274 -5060 529 243 162 -6 -13 -45
1535510860.5428958 689 610 629 689 674 669 6402 2486 -4738 423 598 14 -6 -17 -43
1535510860.5828588 689 611 630 688 673 668 6338 2382 -4670 100 77 -28 -3 -15 -44
1535510860.6229632 689 611 630 688 673 668 6486 2324 -4730 347 211 -18 -4 -16 -42
1535510860.6583383 689 611 630 688 674 668 6340 2366 -4822 296 276 -46 -2 -14 -42
1535510860.7034512 689 610 629 688 673 668 6390 2472 -4726 204 154 91 -5 -16 -41
1535510860.7543323 689 610 630 688 673 668 6460 2310 -4736 155 168 -77 -5 -15 -43
1535510860.8024523 689 611 630 689 674 668 6382 2500 -4690 65 94 -10 -4 -15 -41
1535510860.868887 689 610 630 688 673 668 6422 2404 -4714 118 25 -16 -5 -15 -43
1535510860.9383345 689 611 630 688 674 668 6400 2420 -4752 421 166 187 -5 -15 -43
1535510861.1613295 689 610 630 688 674 668 6316 2392 -4776 49 143 29 -5 -16 -42
1535510861.199385 689 610 630 688 673 668 6442 2462 -4694 331 111 40 -6 -17 -43
1535510861.237813 689 610 630 688 674 668 6336 2416 -4810 184 86 -61 -2 -14 -41
1535510861.2787 689 611 630 688 673 669 6362 2368 -4736 249 136 53 -5 -17 -43
1535510861.3281865 689 610 630 688 673 668 6360 2404 -4758 125 -20 -45 -4 -16 -44
1535510861.3721282 689 610 630 688 674 668 6460 2384 -4800 177 225 52 -5 -16 -42
1535510861.4165657 689 610 629 688 674 668 6378 2424 -4658 171 139 43 -2 -14 -43
1535510861.4744532 689 610 630 688 674 668 6402 2414 -4748 278 220 -29 -4 -16 -42
1535510861.541772 689 611 630 688 673 669 6380 2424 -4740 279 143 31 -3 -16 -44
1535510861.602988 689 610 629 688 674 668 6394 2370 -4792 202 187 -3 -2 -14 -45
1535510861.7924094 689 610 629 688 673 668 6434 2376 -4756 252 159 80 -2 -16 -43
1535510861.826702 689 610 630 688 674 668 6368 2372 -4688 176 251 -4 -4 -18 -40
1535510861.858126 689 610 629 688 674 668 6362 2470 -4662 246 67 46 -6 -16 -45
1535510861.8834972 689 610 630 688 673 668 6404 2328 -4750 257 109 -22 -5 -15 -44
1535510861.9329324 689 611 629 688 674 668 6376 2404 -4698 297 237 -18 -5 -16 -43
1535510862.004984 690 610 630 688 673 668 6336 2416 -4734 264 115 21 -4 -18 -41
1535510862.0777147 689 610 630 688 673 668 6358 2394 -4758 226 121 26 -4 -16 -44
1535510862.14493 689 610 630 688 673 668 6340 2392 -4716 229 133 16 -1 -15 -43
1535510862.213819 689 610 629 688 674 668 6356 2420 -4702 288 119 41 -3 -15 -42
1535510862.285664 689 610 629 689 673 669 6372 2450 -4680 268 243 -89 -2 -16 -42
1535510862.4916706 689 611 629 688 673 668 6386 2366 -4802 190 211 -26 -2 -16 -45
1535510862.5296612 689 611 629 688 673 668 6404 2420 -4666 156 54 86 -6 -15 -42
1535510862.56558 689 610 630 688 674 668 6388 2420 -4624 208 111 9 -3 -17 -42
1535510862.6069777 690 610 630 688 673 668 6316 2414 -4728 193 109 -30 -3 -16 -43
1535510862.6472888 689 610 629 688 674 668 6420 2384 -4674 268 106 -13 -3 -16 -42
1535510862.684713 689 610 630 688 673 669 6412 2418 -4732 296 191 -4 -4 -14 -44
1535510862.7521389 689 610 630 688 674 669 6368 2378 -4756 272 105 56 -4 -16 -42
1535510862.8168435 689 610 630 688 674 668 6426 2392 -4668 190 139 3 -4 -17 -40
1535510862.8848062 689 610 630 688 674 668 6374 2396 -4724 326 213 49 -4 -15 -43
1535510862.9506247 689 610 630 688 673 668 6372 2378 -4710 156 19 -26 -4 -16 -43
1535510863.2465675 689 610 630 688 673 668 6376 2414 -4690 144 211 -99 -2 -16 -42
1535510863.2835898 689 611 629 688 673 668 6474 2292 -4698 204 72 73 -3 -17 -43
1535510863.3206215 689 611 630 688 673 668 6364 2442 -4644 199 215 -24 -4 -17 -42
1535510863.359618 689 610 629 688 673 668 6366 2416 -4728 218 68 21 -2 -17 -43
1535510863.4068182 689 610 630 688 673 668 6420 2406 -4716 285 146 7 -2 -14 -44
1535510863.4558601 690 610 630 688 673 668 6360 2400 -4722 283 72 29 -3 -16 -44
1535510863.504837 689 610 630 688 673 668 6420 2376 -4764 51 -29 -15 -3 -14 -41
1535510863.552674 689 611 630 688 673 668 6410 2398 -4730 361 247 92 -4 -17 -44
1535510863.5988045 689 610 630 688 673 668 6336 2398 -4674 271 24 37 -3 -17 -43
1535510863.647757 689 610 630 688 673 668 6478 2326 -4734 240 30 48 -5 -15 -43
1535510863.919512 689 610 630 688 673 668 6408 2404 -4622 254 191 38 -4 -17 -42
1535510863.9575336 689 610 629 688 674 668 6294 2428 -4686 378 160 -38 -3 -15 -42
1535510863.9997606 689 610 630 688 673 669 6336 2348 -4688 335 142 -56 -4 -16 -44
1535510864.039514 689 610 629 688 673 668 6438 2326 -4760 206 20 -91 -4 -14 -40
1535510864.0836494 689 610 630 688 673 668 6350 2354 -4766 61 251 26 -4 -16 -42
1535510864.1316988 689 610 630 688 673 668 6406 2446 -4482 93 487 54 -4 -15 -42
1535510864.18087 689 610 630 688 674 668 6530 2464 -4542 259 -132 35 -4 -16 -42
1535510864.2277696 689 611 630 688 674 669 6362 2338 -4784 435 -71 56 -3 -16 -40
1535510864.2747793 689 611 630 688 674 668 6376 2364 -4764 169 75 27 -5 -16 -43
1535510864.320639 689 610 630 688 674 668 6382 2398 -4730 133 13 111 -4 -16 -43
1535510864.6847427 689 610 629 688 673 668 6356 2388 -4728 138 -74 28 -3 -16 -42
1535510864.7167375 689 610 630 688 674 668 6352 2376 -4812 216 -36 18 -4 -15 -45
1535510864.7474394 689 610 630 688 674 668 6388 2382 -4744 122 53 35 -4 -15 -42
1535510864.776347 689 610 630 688 674 668 6520 2322 -4640 5 -54 120 -4 -15 -43
1535510864.808334 689 610 630 688 674 668 6306 2432 -4700 266 263 -48 -3 -17 -43
1535510864.8394074 689 610 630 688 673 668 6402 2346 -4688 40 -252 29 -4 -15 -43
1535510864.8716984 689 611 629 688 673 668 6172 2474 -4752 320 244 -39 -4 -18 -42
1535510864.9049933 689 610 629 688 673 668 6428 2412 -4866 -471 -737 -608 -3 -14 -42
1535510864.9379177 689 610 630 688 674 668 6454 2668 -4656 761 348 -138 -4 -15 -44
1535510864.9750452 689 610 630 688 673 668 6354 2726 -4608 1472 1778 -948 -3 -14 -45
1535510865.1168728 689 610 630 688 674 668 6522 2428 -4762 -1394 1039 144 -4 -15 -42
1535510865.1503654 689 611 629 688 673 668 6370 2358 -4592 537 287 -295 -5 -15 -42
1535510865.1838593 689 610 629 688 673 668 6338 2534 -4548 271 211 -28 -4 -13 -42
1535510865.2446458 689 610 629 688 674 668 6382 2596 -4690 314 -5 115 -6 -16 -40
1535510865.313514 689 610 630 688 674 668 6448 2506 -4614 258 332 -72 -3 -14 -42
1535510865.380785 689 611 629 688 673 669 6528 2428 -4636 248 387 19 -5 -16 -40
1535510865.449452 689 610 629 688 673 668 6386 2478 -4622 -13 -138 -45 -6 -16 -43
1535510865.51842 689 610 629 688 673 668 6362 2588 -4658 143 155 -185 -4 -15 -41
1535510865.5875533 689 610 629 688 673 668 6550 2512 -4516 -36 -538 135 -6 -16 -40
1535510865.656465 689 610 629 688 673 668 6258 2482 -4726 179 -66 77 -6 -15 -43
1535510865.9503431 689 610 629 688 674 668 6418 2518 -4672 -43 37 65 -3 -14 -45
1535510865.9823687 689 610 629 688 673 668 6392 2486 -4650 309 596 -71 -3 -15 -43
1535510866.014802 689 610 630 688 674 669 6506 2502 -4520 196 -137 68 -6 -17 -41
1535510866.0556161 689 611 629 688 673 668 6426 2478 -4546 130 -301 127 -5 -16 -43
1535510866.0994925 689 611 629 688 673 668 6452 2562 -4678 266 290 42 -6 -15 -41
1535510866.1495728 690 610 629 688 673 668 6298 2600 -4634 170 169 26 -5 -15 -43
1535510866.1930065 690 610 629 688 674 668 6464 2528 -4594 147 -92 67 -4 -16 -43
1535510866.2355084 689 610 629 688 673 667 6362 2536 -4692 267 106 15 -5 -14 -42
1535510866.2764294 689 610 629 688 673 668 6486 2474 -4572 267 10 -61 -6 -15 -41
1535510866.328448 689 610 629 688 673 667 6398 2524 -4632 253 213 62 -4 -15 -42
1535510866.6422467 689 610 629 688 673 667 6400 2560 -4592 208 48 -3 -6 -17 -44
1535510866.6762717 689 610 630 688 673 668 6332 2544 -4646 176 20 -105 -3 -14 -42
1535510866.7103598 689 610 629 688 673 668 6456 2460 -4718 230 236 2 -3 -15 -42
1535510866.7555866 690 610 630 688 673 668 6224 2566 -4650 255 182 76 -5 -16 -45
1535510866.8075783 689 610 629 688 674 667 6406 2572 -4640 219 -21 -145 -4 -15 -42
1535510866.857891 689 610 629 688 673 668 6196 2560 -4610 626 328 -1110 -4 -16 -43
1535510866.9054976 689 610 630 688 673 668 6326 2534 -4776 292 120 265 -7 -14 -44
1535510866.9555237 689 610 629 688 673 668 6040 2680 -4684 135 413 -156 -4 -15 -42
1535510867.0045724 689 610 629 688 673 668 6610 2462 -4640 285 10 176 -4 -14 -42
1535510867.0553865 689 610 630 688 673 668 6278 2636 -4680 330 384 -7 -4 -14 -42
1535510867.350366 688 610 629 688 674 668 6432 2586 -4688 237 -14 -135 -4 -15 -41
1535510867.388395 689 610 629 688 673 668 6324 2640 -4652 408 356 63 -5 -16 -42
1535510867.438503 689 611 629 688 673 668 6244 2638 -4640 92 154 -136 -5 -16 -42
1535510867.4855065 689 610 629 688 673 668 6624 2458 -4584 264 -16 96 -6 -14 -42
1535510867.5337448 689 610 629 688 673 668 6236 2672 -4720 287 168 16 -6 -13 -41
1535510867.5806732 689 610 629 688 673 668 6406 2486 -4684 136 -6 -72 -7 -15 -42
1535510867.627534 689 610 630 688 674 668 6390 2562 -4606 259 211 108 -7 -17 -43
1535510867.6796505 689 611 630 688 673 669 6506 2530 -4644 252 222 -111 -5 -16 -42
1535510867.7294996 689 610 629 688 673 668 6318 2556 -4670 246 119 -85 -4 -13 -39
1535510867.7795186 689 611 629 688 673 667 6414 2620 -4582 267 167 193 -4 -15 -42
1535510868.0983887 689 610 629 688 673 668 6278 2592 -4642 156 158 -128 -4 -16 -41
1535510868.1383266 689 610 629 688 673 668 6504 2472 -4654 209 19 89 -4 -14 -44
1535510868.1782231 689 610 630 688 673 668 6318 2628 -4556 255 189 -27 -4 -15 -42
1535510868.2186782 689 610 629 688 674 668 6416 2552 -4632 207 176 45 -5 -14 -41
1535510868.2654443 689 610 629 688 673 668 6240 2676 -4544 322 309 2 -6 -14 -42
1535510868.3135307 690 610 629 688 673 668 6382 2510 -4696 128 19 -51 -6 -14 -43
1535510868.362302 689 610 629 688 673 668 6366 2580 -4628 278 266 43 -6 -16 -42
1535510868.4086297 689 610 629 688 674 667 6472 2562 -4608 179 -85 158 -4 -13 -41
1535510868.4552188 689 610 629 688 673 668 6374 2570 -4630 205 172 43 -5 -16 -43
1535510868.5003235 689 610 629 688 673 668 6386 2602 -4614 374 259 29 -6 -14 -40
1535510868.8160725 689 610 629 688 674 668 6366 2594 -4610 190 241 -101 -5 -16 -44
1535510868.8543174 689 610 629 688 673 668 6280 2574 -4716 235 57 14 -4 -16 -43
1535510868.8942103 689 610 630 688 673 668 6390 2540 -4634 119 111 25 -5 -15 -41
1535510868.9314797 689 610 629 688 673 668 6502 2554 -4586 174 91 69 -5 -15 -42
1535510868.971246 689 610 630 688 673 668 6286 2634 -4662 197 54 -18 -5 -15 -43
1535510869.018393 689 610 629 688 674 668 6432 2504 -4600 175 8 96 -4 -14 -40
1535510869.066446 689 610 629 688 673 668 6538 2582 -4576 175 -160 56 -5 -15 -40
1535510869.1130893 689 610 629 688 673 667 6444 2536 -4614 296 264 21 -5 -14 -42
1535510869.1594727 690 610 629 688 673 668 6340 2604 -4670 322 221 4 -4 -15 -44
1535510869.2132788 689 610 629 688 673 668 6314 2582 -4552 215 128 -49 -5 -14 -42
1535510869.5162115 689 610 629 688 673 668 6456 2512 -4612 311 135 129 -4 -15 -42
1535510869.5542014 689 610 629 688 673 668 6334 2638 -4572 155 -28 20 -5 -14 -41
1535510869.5955203 690 610 629 688 673 667 6552 2458 -4654 161 110 52 -7 -15 -43
1535510869.636191 690 610 629 688 673 668 6366 2604 -4572 339 224 124 -5 -15 -42
1535510869.6814113 688 610 629 688 674 668 6450 2564 -4600 237 79 -56 -8 -15 -44
1535510869.73132 689 610 629 688 673 668 6310 2488 -4638 294 249 14 -4 -15 -40
1535510869.7804277 689 610 629 688 673 668 6396 2596 -4536 212 -24 -78 -3 -15 -41
1535510869.8242726 689 610 629 688 673 668 6396 2512 -4712 240 199 81 -6 -15 -43
1535510869.8712666 689 610 629 688 673 668 6566 2612 -4612 142 274 108 -6 -15 -41
1535510869.915716 688 611 629 688 673 668 6350 2614 -4586 401 33 -35 -7 -14 -44
1535510870.2402208 689 611 629 688 673 668 6330 2544 -4658 172 188 -102 -5 -15 -43
1535510870.2822537 688 610 629 688 673 668 6464 2606 -4570 320 212 39 -4 -15 -42
1535510870.3241086 688 610 629 688 673 668 6260 2626 -4620 14 -88 -7 -3 -14 -43
1535510870.372146 688 610 629 688 673 668 6488 2498 -4668 267 140 124 -6 -14 -43
1535510870.4147863 689 610 629 688 673 668 6236 2674 -4564 145 79 -83 -6 -15 -42
1535510870.460422 689 610 629 688 673 668 6476 2478 -4698 99 -80 -90 -4 -16 -41
1535510870.5083256 688 610 629 688 673 668 6592 2568 -4610 280 10 117 -5 -15 -42
1535510870.5553505 689 610 629 688 673 668 6398 2562 -4656 205 219 -19 -4 -15 -41
1535510870.6022143 688 610 629 688 673 668 6510 2550 -4572 268 212 -43 -3 -15 -43
1535510870.6486282 688 610 629 688 673 668 6372 2604 -4600 369 135 58 -7 -16 -42
1535510870.9849272 688 610 629 688 673 668 6354 2584 -4654 159 93 -49 -2 -15 -43
1535510871.0241022 688 610 629 688 673 668 6480 2538 -4586 317 85 9 -5 -13 -41
1535510871.061092 688 610 629 688 673 668 6402 2562 -4646 192 132 56 -5 -15 -41
1535510871.1046307 689 610 629 688 673 668 6452 2508 -4628 281 163 -80 -5 -16 -42
1535510871.150216 688 610 629 688 673 668 6448 2566 -4588 301 148 6 -4 -16 -44
1535510871.1932144 689 610 629 688 673 668 6408 2520 -4654 242 112 58 -4 -16 -43
1535510871.233511 689 610 629 688 673 667 6450 2608 -4524 247 -56 -2 -5 -15 -42
1535510871.2740402 689 610 629 688 673 667 6412 2562 -4634 318 363 -60 -6 -15 -42
1535510871.314126 689 610 629 688 673 668 6434 2520 -4610 272 154 35 -5 -13 -43
1535510871.355114 689 610 629 688 673 667 6320 2616 -4598 261 121 7 -5 -17 -42
1535510871.6959715 688 610 629 688 673 668 6392 2528 -4630 154 97 -57 -4 -14 -41
1535510871.7361505 689 610 629 688 674 668 6456 2572 -4624 326 126 117 -6 -16 -42
1535510871.7770452 689 610 629 688 673 668 6474 2500 -4588 172 -45 -35 -5 -16 -43
1535510871.8244603 688 610 629 688 673 668 6366 2532 -4634 340 250 74 -5 -16 -42
1535510871.8712425 689 610 629 688 673 668 6376 2574 -4552 152 103 -80 -5 -13 -41
1535510871.92056 689 610 629 688 673 668 6382 2504 -4672 342 85 62 -3 -15 -43
1535510871.9714363 689 610 629 688 673 668 6386 2646 -4578 228 89 -35 -7 -15 -43
1535510872.0203106 689 610 629 688 673 668 6488 2474 -4630 195 18 -18 -4 -14 -43
1535510872.0687883 689 610 629 688 673 668 6398 2588 -4608 218 191 106 -4 -14 -42
1535510872.1163437 689 610 629 688 673 668 6506 2482 -4620 236 6 47 -4 -15 -41
1535510872.4071603 688 610 629 688 673 668 6484 2534 -4572 185 149 -16 -5 -15 -44
1535510872.450171 688 610 629 688 673 668 6284 2540 -4686 360 256 12 -6 -17 -42
1535510872.4961495 688 610 629 688 673 668 6370 2566 -4648 92 95 61 -4 -13 -42
1535510872.5391426 688 610 629 688 673 668 6334 2564 -4566 200 158 -72 -5 -15 -41
1535510872.578956 689 610 629 688 673 668 6482 2548 -4636 244 117 33 -6 -15 -42
1535510872.6183665 689 610 629 688 673 668 6306 2592 -4572 188 110 14 -4 -15 -42
1535510872.6599677 689 610 629 688 673 668 6444 2560 -4600 94 -137 125 -4 -15 -42
1535510872.6979558 689 610 629 688 673 668 6480 2554 -4602 223 315 53 -5 -16 -43
1535510872.7441216 689 610 629 688 673 668 6376 2594 -4584 263 154 -9 -4 -14 -45
1535510872.7944381 688 610 629 688 673 667 6358 2532 -4614 137 104 -104 -5 -16 -43
1535510873.0899196 689 610 629 688 673 668 6412 2570 -4570 298 105 99 -4 -16 -42
1535510873.127342 689 610 629 688 673 668 6284 2552 -4700 79 1 -55 -3 -15 -43
1535510873.1679192 688 610 629 688 673 668 6468 2514 -4470 125 197 164 -4 -15 -43
1535510873.2151468 689 610 629 688 673 668 6392 2576 -4562 362 49 -26 -6 -15 -41
1535510873.2631266 689 610 629 688 673 668 6476 2502 -4716 238 23 28 -5 -14 -41
1535510873.311041 688 610 629 688 673 668 6304 2546 -4652 165 8 48 -5 -14 -40
1535510873.3570006 688 610 629 688 673 668 6418 2570 -4650 171 -30 60 -3 -15 -42
1535510873.4041429 689 610 629 688 673 667 6386 2524 -4662 193 148 -4 -4 -15 -43
1535510873.455821 689 610 629 688 673 668 6344 2632 -4616 148 -120 -99 -8 -14 -42
1535510873.5050101 689 610 629 688 673 668 6200 2460 -4676 358 -239 597 -4 -14 -45
1535510873.7817943 688 610 629 688 673 668 6174 2480 -4780 483 713 -284 -4 -14 -41
1535510873.816782 688 610 629 688 673 668 6038 2650 -4716 480 458 236 -5 -12 -44
1535510873.853874 688 610 629 688 673 668 7206 2416 -4630 237 883 -824 -4 -15 -41
1535510873.8947964 688 610 629 688 673 668 6928 2766 -4414 1804 1778 -836 -6 -14 -42
1535510873.934873 688 610 629 688 673 668 6234 3498 -3904 1223 515 3311 -6 -15 -43
1535510873.9789722 688 610 629 688 673 668 7652 1714 -4454 2966 3284 939 -5 -13 -40
1535510874.0289876 688 610 629 688 673 668 7720 2534 -3796 137 1132 -820 -5 -15 -38
1535510874.0810533 688 610 629 688 674 668 7424 2652 -4544 1143 1683 -1544 -4 -16 -38
1535510874.1310256 688 610 629 688 673 667 6600 2000 -5438 -88 -3957 -3192 -7 -15 -40
1535510874.1859245 688 610 629 688 673 668 4122 4114 -3504 -1717 832 668 -7 -14 -40
1535510874.4719365 688 610 629 688 673 668 7068 2938 -3512 2271 -1582 4412 -7 -17 -38
1535510874.514259 688 610 629 688 673 668 6666 2220 -4686 1959 -924 160 -6 -17 -40
1535510874.5620325 689 610 629 688 673 668 6118 2316 -4994 1375 -335 858 -6 -15 -41
1535510874.609498 689 610 629 688 673 668 6270 1746 -5264 742 -950 775 -6 -13 -43
1535510874.6588628 689 610 629 688 673 668 6258 2216 -4774 -26 359 -241 -5 -16 -45
1535510874.7021232 689 610 629 688 673 668 6750 2206 -4620 2 180 14 -5 -15 -43
1535510874.7540562 689 610 629 688 673 668 6310 2318 -4610 297 192 58 -3 -14 -44
1535510874.803982 689 610 629 688 673 668 6534 2172 -4806 208 206 13 -5 -15 -42
1535510874.8482554 689 610 629 688 673 668 6380 2270 -4776 76 30 54 -5 -14 -43
1535510874.8959546 689 610 629 688 673 668 6432 2296 -4622 193 206 84 -5 -14 -42
1535510875.184779 689 610 629 688 673 668 6466 2238 -4738 22 9 -98 -5 -14 -43
1535510875.2197976 689 610 629 688 673 668 6344 2348 -4698 324 215 170 -6 -16 -43
1535510875.2536352 688 610 629 688 673 667 6382 2248 -4724 8 -16 -53 -5 -16 -42
1535510875.29807 689 610 630 688 673 668 6492 2276 -4736 309 133 170 -6 -12 -44
1535510875.3458757 689 610 629 688 673 668 6354 2302 -4710 116 25 -91 -6 -16 -44
1535510875.3922286 688 610 629 688 673 668 6508 2184 -4742 248 119 67 -5 -14 -42
1535510875.4430196 688 610 629 688 673 667 6394 2316 -4706 146 -9 -17 -4 -13 -41
1535510875.4959447 688 610 629 688 673 667 6502 2192 -4766 206 204 -15 -4 -13 -42
1535510875.5480132 689 610 629 688 673 667 6412 2304 -4722 204 322 51 -6 -14 -44
1535510875.5972972 689 610 629 688 673 668 6420 2168 -4764 200 103 -34 -6 -15 -43
1535510875.893802 689 610 629 688 673 668 6392 2316 -4628 129 215 22 -4 -16 -43
1535510875.934783 688 610 629 688 673 668 6436 2368 -4680 235 112 -11 -4 -15 -43
1535510875.974972 689 610 629 688 673 667 6366 2234 -4840 173 199 47 -5 -13 -44
1535510876.0240972 689 610 629 688 673 667 6388 2342 -4692 129 370 -73 -4 -17 -44
1535510876.0717893 689 610 629 688 674 668 6474 2320 -4586 27 -84 -43 -4 -16 -43
1535510876.1228082 689 610 629 688 673 667 5772 2250 -4600 1138 1172 -272 -6 -17 -41
1535510876.1770155 689 610 630 688 673 668 5746 2168 -4986 -2082 -3140 -1044 -2 -16 -42
1535510876.2288356 688 610 629 688 673 668 5256 4012 -4240 532 -2099 709 -4 -13 -41
1535510876.2808924 688 610 629 688 673 668 5792 3234 -4520 925 3624 958 -4 -13 -42
1535510876.3398526 688 610 629 688 673 668 6510 1120 -4802 -456 4501 -1359 -4 -15 -42
1535510876.6478121 688 610 629 688 674 667 8084 2540 -3764 -1263 -3160 -749 -6 -14 -38
1535510876.6876483 688 610 629 688 673 668 7058 2514 -5696 -307 -5571 -1496 -6 -15 -40
1535510876.7276702 689 610 629 688 673 667 4210 960 -3958 -4569 -4125 -7362 -6 -14 -46
1535510876.773895 689 610 629 688 673 668 5812 3978 -3352 1150 1332 5544 -7 -16 -45
1535510876.82695 688 609 629 688 673 668 7858 1832 -4466 1287 1252 1645 -5 -13 -41
1535510876.8758867 688 610 629 688 673 668 5944 2720 -4764 -216 -701 -573 -4 -15 -41
1535510876.9247913 688 609 629 688 673 667 6392 2460 -4830 662 200 417 -5 -16 -45
1535510876.9739492 689 609 629 688 673 668 6350 2464 -4658 93 -99 -19 -6 -16 -41
1535510877.022851 689 610 629 688 673 668 6354 2434 -4910 406 -211 207 -5 -16 -42
1535510877.0750215 688 609 629 688 673 668 6154 2528 -4964 161 437 63 -4 -13 -43
1535510877.3195124 688 610 629 688 673 667 6272 2420 -4840 -102 112 47 -8 -14 -43
1535510877.355898 688 609 629 688 673 668 6458 2578 -4628 378 165 164 -5 -14 -43
1535510877.3998244 689 609 629 688 673 668 6148 2510 -4836 263 99 -97 -5 -14 -43
1535510877.447875 689 609 629 688 673 667 6322 2444 -4820 220 541 11 -5 -12 -45
1535510877.4990444 689 609 629 688 673 668 6314 2552 -4756 -32 200 23 -6 -13 -42
1535510877.5478761 689 610 629 688 673 668 6376 2586 -4732 376 89 50 -4 -14 -44
1535510877.594642 688 609 629 688 673 668 6282 2532 -4716 279 280 -5 -5 -17 -42
1535510877.642882 688 609 629 688 673 667 6252 2546 -4848 356 243 0 -5 -13 -42
1535510877.6939194 688 609 629 688 673 668 6308 2496 -4734 227 144 114 -4 -14 -43
1535510877.748713 688 609 629 688 673 667 6292 2454 -4800 179 284 34 -4 -14 -43
1535510878.007453 688 609 629 688 673 667 6426 2516 -4722 393 434 95 -6 -15 -44
1535510878.0435565 688 609 629 688 673 668 6432 2528 -4684 273 113 149 -5 -16 -41
1535510878.0866833 689 609 629 688 673 668 6270 2454 -4774 290 168 85 -2 -16 -42
1535510878.1296382 689 609 629 688 673 668 6176 2564 -4724 -247 936 123 -3 -15 -44
1535510878.1838384 689 610 629 688 673 667 6628 2432 -4612 -268 149 342 -4 -14 -42
1535510878.2337592 688 609 629 688 673 668 6392 2514 -4592 91 268 48 -5 -17 -43
1535510878.2848556 689 609 629 688 673 668 6400 2416 -4758 -61 298 15 -5 -17 -45
1535510878.3326313 689 610 629 688 673 667 6496 2408 -4708 -5 401 142 -5 -15 -43
1535510878.3837192 689 609 629 688 673 667 5918 1932 -4692 741 4945 -1030 -3 -17 -41
1535510878.4379592 689 609 629 688 673 668 6154 2170 -3886 -1962 -2182 -2769 -4 -16 -40
1535510878.7405717 689 609 629 688 673 668 5752 2506 -3856 -260 -2589 -1247 -3 -14 -41
1535510878.7815444 688 609 629 688 674 668 5466 2642 -5090 2756 7772 1930 -4 -15 -41
1535510878.8324795 688 609 629 688 674 668 5776 1900 -4760 -1983 1295 -1812 -3 -17 -38
1535510878.8817196 688 609 629 688 673 668 7560 3502 -4240 -5719 -7115 -2499 -5 -14 -39
1535510878.9357936 688 609 629 688 673 668 5188 2592 -5166 -2045 -3722 1435 -7 -14 -43
1535510878.9867594 688 609 629 688 673 668 5742 5048 -3156 1935 6793 -437 -9 -14 -38
1535510879.0407906 688 609 630 688 673 667 7142 2214 -4166 3590 -314 3001 -7 -13 -41
1535510879.0919108 688 609 629 688 673 667 6222 3020 -4254 975 -385 235 -6 -15 -41
1535510879.1438932 688 609 629 688 673 667 6064 2762 -4908 405 -1937 1974 -5 -15 -41
1535510879.1959078 688 609 629 688 673 668 6318 2614 -4878 709 990 998 -5 -15 -43
1535510879.399405 688 609 629 688 673 667 6634 2588 -4518 309 216 95 -5 -17 -43
1535510879.4364088 688 609 629 688 673 667 6176 2710 -4624 344 488 -152 -4 -18 -43
1535510879.47321 688 609 629 688 673 667 6548 2634 -4472 294 75 79 -5 -16 -39
1535510879.5236464 688 609 629 688 673 668 6264 2718 -4584 349 192 32 -4 -15 -42
1535510879.5716567 688 609 629 688 673 667 6398 2672 -4622 332 152 -30 -4 -17 -41
1535510879.6178482 688 609 629 688 673 668 6350 2666 -4582 203 -10 140 -4 -15 -42
1535510879.666693 688 609 629 688 673 667 6500 2622 -4572 270 242 -20 -5 -15 -41
1535510879.7190146 688 609 629 688 673 668 6978 2568 -4298 641 -1055 -392 -4 -15 -41
1535510879.773673 689 609 629 688 673 667 6724 2328 -4622 1111 -3537 1094 -5 -15 -44
1535510879.8255954 688 609 629 688 673 668 6426 2256 -4486 5387 -1793 2918 -2 -16 -46
1535510880.1573865 688 609 629 688 673 668 6124 1468 -5244 3449 1839 2596 -4 -14 -45
1535510880.197377 688 609 629 688 673 667 6440 1416 -5268 -3060 3410 4553 -3 -15 -45
1535510880.2376928 688 609 629 688 673 667 9656 -492 -2620 -1741 -2288 7927 0 -17 -44
1535510880.281681 688 609 629 688 673 667 5456 2850 -4760 -4148 571 -676 0 -16 -45
1535510880.3204708 689 609 629 688 673 668 7478 1792 -4916 1336 2717 71 0 -18 -42
1535510880.3669693 688 609 629 688 673 667 6404 2168 -4696 -2522 2923 389 1 -17 -42
1535510880.4156067 688 609 629 688 673 667 7156 2110 -4166 382 -222 323 2 -18 -40
1535510880.464568 688 609 629 688 673 667 6604 1854 -4380 383 789 235 2 -17 -41
1535510880.5135226 688 609 629 688 672 668 6898 2116 -4392 601 -131 209 1 -18 -39
1535510880.562213 688 609 629 688 673 668 5612 2214 -4190 195 -709 638 2 -18 -42
1535510880.8543372 688 609 629 688 673 667 7392 1972 -4492 -19 -629 286 3 -17 -42
1535510880.896559 688 609 629 688 673 668 5960 2146 -4268 -484 -118 -380 3 -16 -41
1535510880.9314163 688 609 629 688 673 668 6002 2642 -3914 409 -387 454 1 -16 -39
1535510880.972978 689 609 630 688 673 668 8562 618 -5436 1227 -527 1750 2 -16 -40
1535510881.016344 688 609 630 688 673 668 7310 1940 -4852 -2886 -343 -1881 4 -17 -42
1535510881.0655787 689 609 630 688 674 667 6586 2418 -4566 1298 -3182 747 3 -17 -44
1535510881.1145003 688 609 630 688 673 667 5998 1240 -5666 -393 551 -3185 1 -16 -44
1535510881.1645043 688 609 629 688 673 667 6672 3068 -3258 2173 2967 1790 0 -16 -42
1535510881.2166893 688 609 629 688 673 667 7114 1500 -4168 415 -91 621 2 -19 -43
1535510881.26144 688 609 629 688 673 667 6444 2068 -4612 71 -612 337 2 -18 -42
1535510881.4912393 688 609 629 688 673 667 6278 1856 -5146 -379 923 102 3 -16 -41
1535510881.5262568 688 609 629 688 673 667 7008 1858 -4224 1007 2377 -31 1 -16 -42
1535510881.568497 689 609 629 688 673 667 6802 2154 -3918 -174 124 24 -1 -16 -41
1535510881.6156275 688 609 629 688 673 667 6728 1926 -4310 496 -327 214 3 -17 -40
1535510881.666902 688 609 629 688 673 667 6558 2056 -4550 438 824 336 0 -16 -42
1535510881.714471 688 609 629 688 673 668 6876 1794 -4418 65 -199 -136 2 -18 -39
1535510881.7635512 688 609 629 688 672 667 6774 1964 -4362 502 733 -36 2 -15 -41
1535510881.8116643 688 609 629 688 673 667 6654 1982 -4248 45 444 50 4 -17 -41
1535510881.8555293 688 609 629 688 673 667 6914 1862 -4274 280 4 215 3 -19 -39
1535510881.9114027 688 609 629 688 672 667 6518 2118 -4466 696 431 199 4 -15 -41
1535510882.2042992 688 609 629 688 673 667 7162 1736 -4188 286 -268 197 2 -15 -40
1535510882.2422795 689 609 629 688 673 667 6752 2020 -4166 940 1000 33 2 -17 -41
1535510882.2782545 688 609 629 688 672 667 6930 1760 -4352 199 -112 -67 2 -17 -40
1535510882.3234527 688 609 629 688 673 668 6854 1932 -4260 2 -132 318 2 -16 -41
1535510882.3692472 689 609 629 688 672 667 6908 1600 -4332 -420 3 34 2 -15 -40
1535510882.4093587 688 609 629 688 673 667 6944 1924 -4130 1123 811 5 3 -17 -40
1535510882.4525719 688 609 629 688 673 667 6026 1834 -4318 -15 539 466 3 -18 -40
1535510882.5016496 688 609 629 688 673 667 6986 1696 -4374 621 94 108 1 -17 -39
1535510882.5538094 688 609 629 688 672 667 6626 1774 -4392 -750 52 -378 4 -17 -39
1535510882.6003194 688 609 629 688 673 667 7112 1730 -4032 1331 1284 494 3 -16 -38
1535510882.8876028 688 609 629 688 673 667 6682 1968 -4310 -116 -328 -429 6 -17 -38
1535510882.9269035 688 609 629 688 672 667 6562 1856 -4272 579 -916 952 3 -18 -41
1535510882.9590633 688 609 629 688 673 668 6558 1680 -4244 481 693 -352 2 -16 -42
1535510882.9931192 689 609 629 688 673 667 7104 1340 -4230 -123 -346 -71 4 -19 -41
1535510883.033221 688 609 629 688 673 667 6772 1780 -4290 -344 -314 -625 4 -18 -39
1535510883.0812957 689 609 629 688 673 667 6348 1964 -4490 598 260 263 3 -15 -41
1535510883.129468 689 609 629 688 673 667 8370 938 -4392 -21 -4402 3475 7 -17 -40
1535510883.181618 689 609 629 688 673 667 7734 1462 -4204 -191 1294 -887 5 -18 -42
1535510883.232559 688 609 629 688 673 667 8050 1130 -5478 1043 1301 332 6 -19 -38
1535510883.283679 689 609 629 688 673 667 7970 2498 -3802 2852 -4309 1557 5 -14 -41
1535510883.590265 689 609 629 688 673 667 5382 2014 -6062 -621 5401 -7743 2 -17 -43
1535510883.6309397 688 609 629 688 673 666 6454 2792 -3460 395 -615 4773 1 -16 -43
1535510883.6681461 688 609 629 688 673 667 7118 986 -4188 1094 1377 -1741 4 -18 -40
1535510883.7133522 688 609 629 688 673 667 6852 1616 -4308 1436 -1602 1586 3 -16 -41
1535510883.7644274 688 609 629 688 673 667 6796 1142 -5234 759 -566 546 6 -17 -43
1535510883.8146617 688 609 629 688 673 667 6866 1312 -4636 -987 -59 568 6 -16 -43
1535510883.86329 688 609 629 688 673 667 6948 1468 -4314 654 1067 22 5 -16 -45
1535510883.9133246 688 609 629 688 673 666 6854 1492 -4566 232 -152 -254 5 -17 -42
1535510883.963397 688 609 629 688 673 667 6284 1438 -4884 -572 1527 361 6 -16 -42
1535510884.0133865 688 609 629 688 673 667 6612 1556 -4306 -466 -1066 33 4 -19 -42
1535510884.2822735 688 609 629 688 673 666 7166 1304 -4420 406 -398 431 4 -17 -41
1535510884.3180342 688 609 629 688 672 666 6324 1452 -4812 549 1140 -461 6 -19 -42
1535510884.3550758 688 609 629 688 672 667 6978 1392 -4432 16 -219 192 5 -17 -43
1535510884.395131 688 609 629 688 672 666 6894 1428 -4440 179 238 42 5 -17 -42
1535510884.4340978 688 609 629 688 673 667 6768 1426 -4506 312 289 -83 6 -17 -41
1535510884.4758434 688 609 629 688 673 667 6756 1348 -4478 340 234 -49 6 -15 -44
1535510884.5223513 688 609 629 688 673 667 6718 1448 -4534 275 348 7 6 -17 -40
1535510884.5723596 688 609 629 688 672 667 6872 1268 -4578 -144 -267 75 4 -18 -41
1535510884.6186996 688 609 629 688 672 667 6908 1518 -4478 483 294 183 3 -16 -41
1535510884.6666245 688 609 629 688 672 667 6844 1372 -4532 157 286 145 6 -17 -42
1535510884.9620304 688 609 629 688 673 667 6810 1434 -4464 206 167 -7 4 -18 -40
1535510884.9979515 688 609 629 688 673 667 6748 1424 -4478 64 195 -50 4 -17 -43
1535510885.031096 688 609 629 688 672 667 6792 1592 -4422 112 -602 358 4 -17 -40
1535510885.0703118 688 609 629 688 673 667 6930 1282 -4636 893 -1 -150 4 -16 -43
1535510885.1171765 688 609 629 688 673 668 6594 990 -4686 -147 -34 -826 4 -18 -41
1535510885.1684198 687 609 629 688 673 667 6532 1390 -4294 -255 -248 -225 2 -18 -42
1535510885.218335 688 609 629 688 672 667 7536 1780 -4586 347 820 -159 4 -19 -41
1535510885.2693083 688 609 629 688 673 667 6418 1166 -4572 -230 1810 182 3 -17 -41
1535510885.3221307 688 609 629 688 672 667 5984 1848 -4510 2755 6525 -1711 4 -18 -40
1535510885.3651474 689 609 629 688 673 667 6406 1270 -3614 303 929 -1248 4 -18 -36
1535510885.6321976 688 609 629 688 673 667 7058 1536 -4350 -117 -2100 -644 4 -15 -39
1535510885.6751108 688 609 629 688 673 667 8708 148 -5162 -1870 -3264 -360 3 -15 -37
1535510885.717112 688 609 629 688 673 666 3332 3268 -3810 -1249 905 -4656 2 -15 -42
1535510885.762396 688 609 628 688 673 667 7754 1876 -3580 1980 -1981 6202 1 -16 -39
1535510885.8144202 688 609 629 688 673 667 6864 1252 -4806 328 2319 -1931 6 -17 -39
1535510885.8617828 688 609 629 688 672 667 6178 2074 -4258 196 574 926 2 -18 -39
1535510885.9103322 688 609 629 688 673 667 7424 1536 -4312 615 681 2235 4 -16 -41
1535510885.9622989 688 609 629 688 673 667 6872 1550 -4264 139 1019 -820 3 -16 -39
1535510886.0141675 688 609 629 688 672 667 5804 1344 -4154 -482 2378 466 3 -18 -37
1535510886.070069 688 609 629 688 672 667 7836 936 -3988 2236 2276 -1220 5 -18 -38
1535510886.356314 689 609 629 688 672 667 7420 1472 -3192 1900 179 -1096 4 -19 -37
1535510886.3971248 688 609 629 688 672 667 5830 1692 -4274 -517 -811 -1326 2 -18 -38
1535510886.440238 688 609 629 688 673 667 6868 536 -5364 270 -1436 -232 5 -15 -39
1535510886.4882703 688 609 629 688 673 667 6728 1632 -4120 235 -14 369 3 -19 -40
1535510886.5374198 688 609 629 688 672 667 7160 1312 -3900 26 46 196 4 -16 -40
1535510886.583264 688 609 629 688 672 667 7040 1440 -4068 89 -129 367 3 -16 -39
1535510886.6261935 688 609 629 688 672 667 6862 1314 -4322 37 47 241 3 -17 -39
1535510886.6733608 688 609 629 688 672 667 6920 1434 -4124 156 345 65 1 -15 -42
1535510886.7207406 688 609 629 688 673 667 7096 1342 -3998 -161 -345 121 3 -16 -41
1535510886.771288 688 609 629 688 672 667 7036 1360 -4070 170 158 -3 2 -15 -42
1535510887.065943 689 609 629 688 672 667 6994 1364 -4182 135 -100 50 3 -16 -40
1535510887.1053596 688 609 629 688 673 667 6924 1414 -4232 256 165 84 4 -15 -39
1535510887.142902 688 609 629 688 672 667 6896 1452 -4234 115 -128 -83 2 -16 -39
1535510887.1789427 689 609 629 688 673 666 7114 1364 -4100 178 -168 24 2 -18 -40
1535510887.2243078 688 609 629 688 672 666 7032 1374 -4230 306 256 29 5 -17 -39
1535510887.2762036 689 609 629 688 673 667 6812 1466 -4132 -24 -396 -277 5 -17 -41
1535510887.327199 688 609 629 688 672 667 6776 1224 -4388 -83 981 -1348 5 -16 -40
1535510887.373309 688 609 629 688 672 667 6692 1756 -4018 -259 -49 128 3 -15 -38
1535510887.4211605 688 609 629 688 673 667 8062 1488 -3956 425 116 179 2 -17 -40
1535510887.472005 688 609 629 688 672 667 7810 1988 -5382 2384 4849 951 5 -16 -38
1535510887.7438633 688 609 629 688 673 666 7024 1598 -4338 815 3299 -287 5 -18 -40
1535510887.7849257 688 609 629 688 673 667 7730 1416 -3732 1637 800 -347 4 -16 -37
1535510887.8261938 688 608 629 688 673 666 6994 688 -4264 454 -704 -787 4 -15 -37
1535510887.874023 688 609 629 688 673 667 8112 678 -4720 674 3892 -3013 2 -15 -38
1535510887.925118 688 609 629 688 673 667 5484 3206 -2984 1192 1590 1226 3 -14 -41
1535510887.9767606 688 609 629 688 672 667 7452 218 -4696 -774 -4617 1408 4 -16 -39
1535510888.0271 688 609 629 688 673 666 6446 1378 -4830 275 -612 18 2 -15 -41
1535510888.0764303 688 609 629 688 673 666 6804 1228 -4730 -180 661 44 5 -14 -42
1535510888.125399 688 609 629 688 673 667 7008 1284 -3988 -624 424 -155 4 -15 -41
1535510888.1789343 688 609 629 688 672 666 6988 1352 -4170 613 -57 207 4 -15 -41
1535510888.4648225 688 609 629 688 673 667 6836 1450 -4502 204 -18 -209 2 -14 -40
1535510888.5050886 688 609 629 688 672 667 6928 1262 -4248 232 300 -1 3 -16 -41
1535510888.5550253 688 609 629 688 672 667 6896 1320 -4206 137 482 -110 5 -15 -41
1535510888.5997646 688 608 629 688 672 666 6898 1374 -4372 131 515 145 4 -14 -40
1535510888.6462235 688 609 629 688 672 667 6842 1334 -4310 123 358 -214 3 -15 -42
1535510888.6960447 688 609 628 688 673 667 6944 1358 -4122 204 713 -36 5 -16 -41
1535510888.7439969 688 609 628 688 672 667 6952 1344 -4164 206 84 -140 4 -16 -39
1535510888.7932258 688 609 629 688 672 667 6922 1286 -4204 202 -98 77 3 -15 -41
1535510888.842942 688 609 629 688 672 667 6930 1436 -4230 138 254 -21 5 -15 -42
1535510888.8918176 688 609 629 688 672 667 6984 1246 -4168 159 16 32 5 -16 -40
1535510889.1848228 688 609 629 688 672 667 6898 1362 -4306 302 116 93 4 -15 -38
1535510889.2238705 688 609 629 688 673 667 6952 1352 -4234 85 -131 14 2 -16 -42
1535510889.2599547 688 609 629 688 672 667 7004 1342 -4260 255 328 -28 4 -14 -39
1535510889.307879 688 608 629 688 673 666 6904 1386 -4188 83 150 30 3 -15 -39
1535510889.355813 688 609 629 688 672 667 7040 1282 -4242 105 170 -90 5 -18 -41
1535510889.4041133 688 609 629 688 672 667 6958 1416 -4238 332 441 -21 4 -15 -41
1535510889.4510326 688 609 629 688 672 667 6906 1368 -4232 135 30 -61 5 -14 -39
1535510889.5011456 688 609 629 688 672 667 7070 1130 -4522 806 169 120 3 -16 -39
1535510889.5509171 688 609 628 688 672 667 7230 1352 -4220 -255 40 68 4 -17 -42
1535510889.5988486 688 609 629 688 672 666 7068 1276 -4168 -1592 861 -2223 3 -16 -38
1535510889.8967412 688 609 629 688 672 667 6206 1838 -4430 -1424 1197 -2161 2 -15 -39
1535510889.935759 688 609 629 688 673 667 5984 1052 -4566 781 4072 953 2 -15 -41
1535510889.978931 687 609 629 688 673 667 9076 420 -3136 -1092 1272 -2804 3 -18 -35
1535510890.028956 688 609 629 688 673 667 7716 2806 -3116 188 -2539 580 3 -16 -37
1535510890.0778916 688 609 629 688 673 667 7546 394 -5804 281 242 -930 3 -14 -37
1535510890.1279304 688 609 629 688 673 666 3772 3914 -3526 -2448 -727 -3338 1 -15 -39
1535510890.1780534 688 609 629 688 672 666 8004 888 -3694 3696 -3558 5975 3 -15 -39
1535510890.2268872 688 609 629 688 673 666 6528 1520 -4606 34 163 -926 5 -17 -42
1535510890.2716644 688 608 629 688 672 666 6860 1308 -4630 105 -335 408 4 -15 -40
1535510890.319906 687 609 629 688 672 666 6948 1408 -4028 217 1209 184 2 -17 -42
1535510890.6230555 688 609 629 688 672 666 6992 1618 -3916 233 -176 -206 4 -15 -41
1535510890.659648 688 608 629 688 672 667 6758 1278 -4562 236 305 159 3 -15 -42
1535510890.6987152 688 608 629 688 672 667 6994 1594 -4108 54 340 135 3 -15 -39
1535510890.7385485 688 609 629 688 672 666 7092 1440 -4076 184 335 -22 4 -17 -40
1535510890.7737527 688 609 629 688 672 667 6840 1520 -4256 256 83 -79 5 -14 -41
1535510890.8198905 688 609 629 688 672 667 6896 1504 -4252 66 526 38 3 -17 -39
1535510890.8646386 688 608 629 688 672 667 7316 1380 -4036 96 61 117 4 -14 -40
1535510890.9107955 687 609 629 688 672 667 7048 1542 -4028 272 -40 70 4 -15 -41
1535510890.9527483 687 609 629 688 672 667 7022 1472 -4080 264 214 -49 6 -18 -38
1535510890.9957106 687 608 629 688 672 666 6950 1462 -4108 112 252 -78 2 -16 -41
1535510891.2546675 688 609 629 688 673 667 7066 1516 -4052 204 219 -4 3 -17 -41
1535510891.2936656 688 609 629 688 672 667 6956 1528 -4206 130 436 10 3 -15 -40
1535510891.3286958 687 609 629 688 673 667 7144 1470 -4084 120 48 61 4 -18 -41
1535510891.3678744 688 609 629 688 672 667 6992 1552 -3966 -55 96 -177 3 -15 -40
1535510891.403645 688 609 629 688 672 666 7134 1406 -4122 134 -19 -50 5 -15 -41
1535510891.4469433 688 609 629 688 673 667 6884 1514 -4234 188 -206 162 4 -19 -40
1535510891.4969385 688 609 629 688 672 667 6900 1488 -4112 97 256 -2 3 -18 -39
1535510891.545817 688 609 629 688 672 667 7008 1602 -4118 173 115 0 3 -16 -41
1535510891.5897949 687 609 628 688 672 667 6970 1452 -4130 293 171 39 3 -17 -41
1535510891.6378992 688 609 629 688 672 667 6986 1288 -3750 -194 -573 -164 2 -15 -38
1535510891.8576138 688 609 629 688 672 667 7000 1186 -4240 252 -2 111 3 -16 -41
1535510891.895932 688 609 629 688 672 667 6634 1010 -3984 -391 -1168 -755 3 -17 -38
1535510891.9469278 688 609 629 688 672 666 6818 1568 -4460 -1020 242 -2098 3 -15 -41
1535510891.9987795 688 608 629 688 672 666 6840 2524 -4394 1409 3740 972 2 -16 -40
1535510892.0507827 687 609 629 688 673 666 8006 1508 -3064 1008 -291 641 3 -16 -38
1535510892.1022034 687 608 629 688 672 666 7614 1904 -4010 -1088 -95 -2150 1 -16 -33
1535510892.1538804 688 608 629 688 672 666 7622 884 -5266 -1205 1872 -2008 2 -17 -40
1535510892.2037191 688 608 629 688 673 666 4002 4394 -3172 -314 123 235 0 -16 -37
1535510892.2567077 688 608 629 688 672 667 7884 760 -4182 4451 -3324 4092 3 -13 -39
1535510892.305687 688 608 629 688 672 666 6336 1714 -5062 121 -368 -536 3 -16 -40
1535510892.5806074 688 609 629 688 672 666 6934 1576 -4388 18 602 137 2 -13 -39
1535510892.6218264 688 608 629 688 672 667 7048 1712 -4016 282 637 131 2 -17 -42
1535510892.6587734 688 608 629 688 672 667 6818 1626 -4270 286 278 39 4 -16 -40
1535510892.696985 688 609 629 688 672 667 6884 1552 -4326 131 110 177 3 -15 -41
1535510892.7449691 688 609 629 688 672 667 6884 1626 -4260 253 388 65 5 -17 -38
1535510892.7918313 688 608 629 687 672 667 6964 1666 -4180 189 347 8 0 -16 -42
1535510892.8427002 687 608 629 688 672 667 7048 1618 -4044 309 -537 170 2 -15 -39
1535510892.8900235 688 609 629 688 672 667 6926 1588 -4408 385 398 -103 4 -17 -41
1535510892.9379084 687 609 629 687 672 666 6876 1606 -4216 131 44 10 4 -16 -42
1535510892.9875445 688 608 629 688 672 667 6872 1538 -4188 96 48 -87 4 -15 -39
1535510893.2274816 688 609 629 688 672 667 6952 1654 -4296 229 215 97 5 -16 -40
1535510893.2604198 688 609 629 688 672 667 6822 1560 -4290 137 290 -4 3 -16 -40
1535510893.2975912 688 609 629 688 672 666 6878 1688 -4288 151 185 54 1 -17 -41
1535510893.34371 687 609 629 688 672 667 6822 1636 -4210 171 53 -9 5 -17 -40
1535510893.3917613 688 609 629 688 672 667 6888 1572 -4296 237 217 -52 4 -14 -42
1535510893.4407825 688 608 629 688 672 667 6884 1608 -4192 197 273 12 4 -16 -41
1535510893.4877365 688 609 629 688 672 667 6920 1612 -4272 108 75 -37 6 -16 -39
1535510893.5386765 688 609 629 688 672 667 6876 1618 -4260 185 151 -37 4 -18 -41
1535510893.5875423 688 609 629 688 672 667 6906 1578 -4310 276 395 -106 3 -17 -41
1535510893.633638 688 609 629 688 672 666 6848 1576 -4140 95 175 17 3 -16 -39
1535510893.8965263 687 608 629 688 672 667 6836 1616 -4272 126 259 -110 6 -15 -41
1535510893.938619 688 608 629 688 672 666 6960 1588 -4268 179 -9 96 4 -16 -42
1535510893.9837773 688 608 629 688 672 667 6868 1656 -4248 145 494 1 4 -16 -41
1535510894.030816 688 608 629 688 672 667 6926 1630 -4166 139 119 -43 3 -15 -40
1535510894.0799098 687 608 629 688 672 667 6990 1548 -4270 236 277 -87 3 -15 -41
1535510894.1261828 688 609 629 688 672 667 6928 1616 -4208 180 201 72 4 -15 -39
1535510894.1736875 687 609 629 688 672 667 6964 1612 -4156 169 168 -47 2 -15 -38
1535510894.223947 687 609 629 688 672 666 6924 1530 -4070 -74 -493 -9 4 -17 -40
1535510894.2749324 687 609 629 687 672 666 6870 852 -4972 186 2041 -3009 1 -15 -40
1535510894.3345437 688 609 629 688 672 667 7416 1778 -4088 -1515 -1165 -97 3 -15 -41
1535510894.6244826 688 609 629 688 672 667 7122 2130 -4120 228 4646 -2971 3 -15 -39
1535510894.6654859 687 608 629 688 672 666 7622 1822 -4454 -3178 1549 -3058 2 -16 -37
1535510894.7065485 688 609 629 688 673 666 8170 1088 -3380 -232 60 9 0 -13 -37
1535510894.759621 688 609 629 688 672 666 7202 2732 -3648 -1130 -2381 -1253 -1 -15 -38
1535510894.8117683 688 608 629 688 673 666 11530 5252 -1106 4882 1371 2985 0 -17 -39
1535510894.85743 688 608 629 688 672 666 5988 3922 -2638 3417 248 2586 -2 -13 -41
1535510894.9057367 688 609 629 688 672 667 7558 -74 -5194 3804 -3277 2960 1 -14 -42
1535510894.954579 688 608 629 688 672 666 5812 1966 -5392 -687 -242 -1426 2 -15 -44
1535510895.003561 687 609 629 688 672 666 6940 1328 -4614 -2349 -492 -2369 3 -14 -43
1535510895.0506718 687 609 629 688 672 666 6584 2514 -3898 150 765 -20 1 -14 -45
1535510895.3273964 687 608 629 688 672 666 6664 1850 -4572 916 309 312 2 -15 -44
1535510895.366382 687 608 629 688 672 667 6696 1778 -4618 522 190 306 0 -15 -44
1535510895.4033453 687 609 629 688 672 667 6630 1984 -4560 523 858 219 1 -14 -43
1535510895.4391272 687 609 629 688 672 666 6742 1818 -4340 222 706 358 3 -13 -42
1535510895.4773512 688 608 629 688 672 667 6902 1980 -4390 484 283 -5 3 -14 -41
1535510895.52056 688 608 629 688 672 666 6692 1930 -4436 239 7 174 3 -15 -40
1535510895.5696592 688 608 628 688 672 667 6814 1674 -4396 -308 108 154 2 -13 -41
1535510895.6157107 687 608 628 688 672 667 6648 1976 -4402 305 927 335 4 -15 -41
1535510895.6636178 688 608 629 687 672 667 6806 1930 -4332 153 322 -89 4 -17 -41
1535510895.7074134 687 609 628 688 672 666 6710 1836 -4396 275 67 81 3 -15 -42
1535510896.0113413 688 609 628 688 672 666 6822 1882 -4386 315 204 84 2 -16 -42
1535510896.0483003 687 608 629 688 672 667 6812 1876 -4298 380 174 -43 1 -15 -39
1535510896.0867724 687 608 628 688 672 667 6712 1826 -4380 442 299 105 2 -14 -41
1535510896.135514 687 609 628 688 672 666 6820 1794 -4380 212 -21 -17 5 -16 -43
1535510896.1867437 687 608 628 688 672 667 6764 1794 -4350 189 -207 151 1 -14 -42
1535510896.2345934 687 608 629 687 672 667 6702 1784 -4390 175 72 50 3 -13 -43
1535510896.2844508 687 608 628 688 672 667 6794 1816 -4478 269 88 19 1 -18 -42
1535510896.329405 687 608 629 687 672 667 6746 1860 -4418 337 627 0 3 -15 -42
1535510896.377648 688 608 628 687 672 667 6708 1934 -4330 261 230 25 3 -16 -41
1535510896.4265783 688 608 629 688 672 667 6766 1786 -4288 378 333 121 3 -15 -43
1535510896.682575 688 608 628 688 672 666 6866 1838 -4326 268 207 -43 2 -15 -42
1535510896.7124255 688 608 629 688 672 666 6786 1742 -4278 418 221 -15 3 -16 -41
1535510896.732581 688 609 628 688 672 667 6780 1844 -4342 255 -76 20 2 -13 -44
1535510896.7624161 688 608 629 688 672 667 6752 1754 -4380 310 -13 -3 2 -15 -42
1535510896.8103044 688 608 629 688 672 667 6758 1862 -4368 12 180 -183 2 -16 -40
1535510896.844736 688 609 628 688 672 667 6844 1856 -4276 240 -34 -28 1 -16 -42
1535510896.879349 688 608 628 687 672 666 6656 1866 -4448 51 -48 -69 2 -15 -41
1535510896.9127598 688 608 629 688 672 666 6834 1790 -4252 71 173 -83 5 -15 -41
1535510896.9418714 688 608 629 687 672 666 6764 1800 -4320 431 19 -20 3 -16 -40
1535510896.9796567 688 609 629 688 672 666 6774 1806 -4356 304 259 -61 2 -15 -44
1535510897.1561017 688 608 628 687 672 667 6824 1926 -4370 270 448 -85 4 -15 -41
1535510897.1904676 688 608 628 687 672 666 6852 1838 -4470 476 532 -174 3 -13 -42
1535510897.2217941 688 608 628 687 672 666 6806 1856 -4342 286 372 12 3 -17 -41
1535510897.252684 688 608 629 688 672 667 6784 1960 -4234 331 235 47 3 -14 -41
1535510897.2856348 687 609 629 687 672 667 6810 1808 -4348 184 232 18 1 -16 -41
1535510897.3235042 687 608 629 688 672 667 6796 1904 -4264 215 427 16 3 -15 -42
1535510897.3563282 688 608 629 688 672 667 6856 1746 -4400 90 127 -33 1 -15 -42
1535510897.3870153 687 608 629 688 672 667 6840 1778 -4258 394 187 331 5 -16 -43
1535510897.4231436 688 608 628 687 672 667 6808 2018 -4364 -10 -42 11 2 -18 -40
1535510897.4569652 688 608 629 687 672 666 6746 1730 -4360 268 257 276 2 -15 -40
1535510897.6303818 688 608 628 687 672 666 6824 2150 -4176 -464 -3 -209 2 -14 -42
1535510897.6679037 688 609 629 688 672 666 6990 1720 -4432 -115 124 -225 4 -15 -38
1535510897.7077417 687 608 628 688 672 666 6778 1846 -4208 560 283 223 3 -16 -41
1535510897.7451828 687 609 628 687 672 666 6786 1994 -4208 444 624 39 0 -15 -43
1535510897.7797873 688 608 629 687 672 666 6948 1666 -4142 661 -6 189 3 -15 -40
1535510897.8150723 688 608 629 687 672 666 6842 1718 -4378 300 191 -44 4 -16 -40
1535510897.8494868 688 608 629 688 672 667 6860 1768 -4268 125 368 29 2 -14 -39
1535510897.8825066 688 608 629 688 672 667 6922 1844 -4168 165 220 -12 4 -15 -40
1535510897.915523 688 608 628 687 672 666 6856 1792 -4142 278 -53 105 1 -14 -42
1535510897.949119 688 608 628 687 672 666 6928 1754 -4230 277 135 -91 3 -13 -40
1535510898.0782757 688 608 628 687 672 666 6858 1762 -4230 316 77 39 4 -15 -41
1535510898.1558948 688 608 628 687 672 666 6934 1816 -4168 287 76 49 0 -16 -42
1535510898.1915417 688 608 628 688 672 667 6964 1726 -4302 183 136 -77 3 -14 -41
1535510898.2246628 688 608 628 687 672 667 6840 1766 -4276 207 144 41 3 -16 -41
1535510898.2573128 688 608 629 687 672 667 6868 1846 -4116 230 171 35 3 -13 -41
1535510898.2974386 688 608 629 687 672 667 6786 1752 -4348 110 -51 20 2 -17 -42
1535510898.3321657 688 608 629 687 672 666 6882 1722 -4250 141 58 -59 3 -16 -41
1535510898.3722777 687 608 629 687 672 667 6872 1732 -4206 172 44 69 2 -16 -40
1535510898.412646 687 608 628 687 672 667 6922 1808 -4244 130 -23 -65 3 -15 -40
1535510898.4475625 687 608 628 687 672 667 6862 1800 -4306 155 240 2 1 -14 -41
1535510898.6384218 687 608 628 687 672 667 6858 1886 -4160 -40 -63 -32 1 -15 -42
1535510898.6719902 687 609 629 687 672 666 6798 1784 -4272 -4 -255 -61 2 -15 -40
1535510898.7134378 687 609 629 687 672 666 6858 1826 -4278 202 -34 177 3 -17 -41
1535510898.7384877 687 608 628 687 672 667 6910 1826 -4332 189 -10 -32 3 -15 -41
1535510898.7836554 687 608 628 687 672 667 6762 2004 -4338 69 35 -82 3 -15 -39
1535510898.80815 687 609 628 688 672 667 6932 1770 -4182 345 608 -59 1 -15 -41
1535510898.8418217 688 608 628 687 672 666 6820 1884 -4198 449 253 -8 3 -14 -40
1535510898.875218 687 608 628 688 672 666 6886 1672 -4422 609 209 203 2 -15 -41
1535510898.9204319 687 608 628 687 672 667 6790 1878 -4184 513 1481 -59 2 -16 -42
1535510898.9528913 687 608 628 687 672 667 7036 1774 -3976 689 182 80 3 -14 -40
1535510899.0998478 687 609 628 687 672 666 6812 1728 -4470 251 528 -111 1 -16 -42
