1533317095.203128 594 642 630 574 720 659
1533317095.2582805 595 642 630 574 721 659
1533317095.3051822 594 642 628 572 717 658
1533317095.3520632 592 640 626 569 715 658
1533317095.414493 593 641 625 567 714 657
1533317095.461358 592 640 624 567 712 657
1533317095.5082211 596 643 633 579 726 659
1533317095.5723891 592 640 624 566 712 656
1533317095.618736 592 640 624 566 712 656
1533317095.6715517 592 640 623 565 711 657
1533317095.7496607 592 640 623 565 711 656
1533317095.781948 591 640 623 564 710 656
1533317095.8847296 591 640 624 565 712 656
1533317095.9315946 591 640 624 566 712 656
1533317095.9315946 591 640 623 563 709 655
1533317095.9784582 584 639 623 557 706 653
1533317096.0426166 578 637 619 548 698 651
1533317096.0875666 579 638 623 554 705 653
1533317096.1466656 576 637 620 550 700 652
1533317096.1979961 575 636 618 547 695 650
1533317096.2780328 576 637 620 550 699 651
1533317096.303569 575 637 621 549 699 651
1533317096.3531985 580 638 621 555 703 653
1533317096.4000654 582 638 623 558 701 652
1533317096.4469266 578 638 622 554 703 652
1533317096.5094461 577 637 621 552 701 652
1533317096.5644882 568 636 622 544 697 649
1533317096.6031103 575 637 623 552 702 651
1533317096.6690347 573 636 617 545 694 650
1533317096.7195997 571 637 622 548 699 649
1533317096.7942376 569 636 622 546 697 650
1533317096.8260264 567 636 621 544 695 649
1533317096.8713202 566 635 620 542 693 648
1533317096.918187 577 637 622 554 701 652
1533317096.9806693 575 637 621 551 699 651
1533317097.034323 567 635 617 539 688 648
1533317097.0872521 567 635 620 543 693 649
1533317097.1391842 569 636 620 545 694 649
1533317097.1910467 569 636 620 545 695 649
1533317097.2393484 571 637 625 551 702 650
1533317097.3293722 571 637 624 551 701 650
1533317097.337394 571 637 624 551 700 650
1533317097.399879 571 637 624 551 700 650
1533317097.4467428 571 636 623 550 698 651
1533317097.4936075 571 636 621 548 696 651
1533317097.5537908 567 636 620 544 693 651
1533317097.6006916 569 635 620 545 693 651
1533317097.6475601 569 636 621 547 696 651
1533317097.701775 569 636 621 547 695 651
1533317097.7661395 569 635 619 544 692 650
1533317097.836245 568 635 619 544 692 650
1533317097.8675191 569 635 617 543 691 650
1533317097.914395 569 635 618 544 692 650
1533317097.9612753 568 635 616 542 689 650
1533317098.0272357 569 635 617 544 692 650
1533317098.0706303 568 635 618 544 692 650
1533317098.131036 568 635 618 542 691 649
1533317098.1834085 568 635 618 544 693 649
1533317098.2269828 568 635 619 545 694 649
1533317098.2738495 568 636 619 545 694 648
1533317098.3519573 568 636 619 546 695 648
1533317098.3832333 571 636 620 547 695 647
1533317098.4446924 566 635 619 543 693 648
1533317098.483968 566 635 619 543 692 647
1533317098.5490186 565 634 619 542 692 647
1533317098.6018767 565 635 619 543 692 647
1533317098.6537244 566 635 618 542 692 647
1533317098.7011278 565 634 618 541 691 647
1533317098.7479916 564 634 618 540 690 647
1533317098.8105185 566 635 619 543 693 647
1533317098.8729613 566 635 619 543 693 647
1533317098.9042108 565 635 619 542 693 647
1533317098.9667237 565 635 619 542 693 647
1533317099.0194204 565 635 619 543 693 648
1533317099.0703695 565 635 619 542 692 647
1533317099.1237197 564 634 617 540 690 646
1533317099.1683888 564 634 616 538 688 646
1533317099.215216 566 635 619 543 693 647
1533317099.280566 566 635 620 544 694 647
1533317099.3197067 566 635 619 544 694 647
1533317099.4290316 565 635 619 542 693 646
1533317099.4290316 565 635 619 543 693 646
1533317099.475896 566 635 619 544 693 647
1533317099.5412986 566 635 619 543 694 647
1533317099.5872614 566 635 619 543 693 647
1533317099.6341255 566 635 619 544 694 647
1533317099.6857948 566 635 619 544 694 647
1533317099.7482789 566 635 619 543 693 647
1533317099.802448 565 635 619 542 693 646
1533317099.8531036 565 634 618 541 691 646
1533317099.9155898 565 635 618 541 692 646
1533317099.9468334 565 634 617 541 691 646
1533317100.0093198 565 634 619 542 692 646
1533317100.0639288 566 635 619 543 694 646
1533317100.102208 566 635 619 543 694 647
1533317100.160508 566 635 619 543 692 646
1533317100.2073712 563 634 616 539 687 645
1533317100.2698572 563 633 613 535 678 646
1533317100.3249516 562 633 613 534 679 645
1533317100.369617 560 632 611 532 676 644
1533317100.4476924 568 636 629 556 701 649
1533317100.4789433 552 610 596 529 670 622
1533317100.5341222 550 613 584 527 672 627
1533317100.5867245 554 615 602 535 677 628
1533317100.6336274 553 614 602 533 676 626
1533317100.6867316 561 622 617 551 698 635
1533317100.7335954 555 617 606 537 681 630
1533317100.7952256 556 617 607 540 683 630
1533317100.834966 557 622 607 536 683 634
1533317100.8974507 552 615 600 534 682 628
1533317100.9755583 563 633 617 541 687 646
1533317100.9911792 569 637 629 557 706 649
1533317101.0560274 565 635 619 544 690 648
1533317101.108978 565 635 621 544 691 648
1533317101.160841 563 634 615 539 685 647
1533317101.2133765 564 635 617 540 687 647
1533317101.256687 562 634 615 537 683 646
1533317101.3175955 561 633 612 534 679 646
1533317101.367555 560 632 609 529 674 645
1533317101.4144192 566 636 621 545 693 648
1533317101.4925263 566 636 622 547 694 649
1533317101.5259356 565 635 620 543 690 648
1533317101.578396 566 636 622 545 693 648
1533317101.6177275 562 634 617 540 685 647
1533317101.67164 563 634 616 537 684 647
1533317101.7341275 564 635 618 541 686 647
1533317101.787958 565 635 618 542 687 648
1533317101.836573 566 636 621 545 693 648
1533317101.883437 566 636 620 545 692 648
1533317101.9303026 566 636 621 546 692 649
1533317102.008407 566 636 620 544 690 648
1533317102.049008 567 636 622 547 694 649
1533317102.0861683 567 636 622 547 693 649
1533317102.1527922 564 635 616 540 686 647
1533317102.203015 566 636 620 544 691 648
1533317102.2488604 566 636 620 544 691 647
1533317102.2957246 564 635 616 540 687 646
1533317102.3582118 564 634 616 539 686 646
1533317102.4050736 564 635 615 539 686 646
1533317102.45194 564 635 616 539 687 646
1533317102.5490572 564 635 618 541 687 647
1533317102.5695996 565 635 618 541 688 647
1533317102.6165001 565 635 617 541 688 647
1533317102.6725366 566 635 618 542 688 647
1533317102.7194378 564 635 618 540 687 647
1533317102.7798564 565 635 618 541 688 648
1533317102.8208065 565 635 617 542 688 647
1533317102.883293 565 635 618 541 688 647
1533317102.9301567 565 635 618 541 688 647
1533317102.9770198 566 635 618 542 688 647
1533317103.0688448 565 635 618 541 688 647
1533317103.0859776 565 635 617 541 688 647
1533317103.1456697 565 635 618 542 689 647
1533317103.1831105 565 635 618 541 688 647
1533317103.241231 565 635 617 542 689 646
1533317103.3017948 565 635 618 541 689 646
1533317103.351497 565 635 617 541 688 646
1533317103.398397 565 635 617 541 688 646
1533317103.4519753 565 635 618 541 688 647
1533317103.514462 565 635 618 542 688 647
1533317103.601739 565 635 618 541 688 647
1533317103.601739 565 635 618 541 688 647
1533317103.667174 565 635 618 541 688 647
1533317103.717089 565 635 617 541 688 647
1533317103.7639518 565 635 618 542 689 647
1533317103.8204334 565 635 618 541 688 646
1533317103.8673353 565 635 617 541 688 647
1533317103.9141986 565 635 618 542 689 647
1533317103.9766464 565 635 618 542 689 646
1533317104.033391 565 635 618 542 689 647
1533317104.101841 564 635 618 541 689 646
1533317104.1379876 565 635 618 541 689 647
1533317104.18791 565 635 618 542 689 646
1533317104.2347744 565 635 618 542 689 647
1533317104.2942252 565 635 618 541 689 646
1533317104.3372333 565 635 618 541 688 646
1533317104.3840988 561 633 610 531 674 644
1533317104.4465828 561 633 609 527 671 643
1533317104.5030453 561 632 613 535 674 644
1533317104.555426 565 635 621 544 683 646
1533317104.6188562 560 622 612 544 681 633
1533317104.6500988 563 632 621 548 686 643
1533317104.7000062 556 617 608 543 681 629
1533317104.7636292 551 610 592 520 659 621
1533317104.81647 553 599 601 539 679 629
1533317104.854336 552 610 600 536 673 623
1533317104.9167893 552 610 601 536 675 622
1533317104.9636533 553 609 602 537 676 623
1533317105.0201886 555 610 603 539 680 624
1533317105.079068 561 615 615 555 695 627
1533317105.1525233 560 619 607 539 681 632
1533317105.1681442 561 626 611 537 670 641
1533317105.2262466 569 636 623 549 690 649
1533317105.2865613 566 635 621 548 688 648
1533317105.3375208 569 636 624 550 692 649
1533317105.384385 570 636 625 551 691 650
1533317105.4312484 569 636 625 551 692 649
1533317105.4937348 574 638 633 562 704 651
1533317105.5476325 567 634 621 546 687 649
1533317105.5876517 568 634 620 544 683 649
1533317105.6697953 570 637 624 550 692 651
1533317105.7010381 568 636 620 544 686 650
1533317105.747905 567 636 621 545 687 651
1533317105.8085885 567 636 622 546 688 650
1533317105.8514154 567 635 621 544 686 651
1533317105.9138992 566 633 620 543 684 651
1533317105.9607656 565 634 619 542 683 650
1533317106.017692 564 632 615 537 678 649
1533317106.0706015 566 634 617 541 683 647
1533317106.117479 566 632 617 541 683 646
1533317106.1975877 571 637 627 555 698 649
1533317106.2266035 568 633 623 548 690 647
1533317106.2793248 569 634 625 550 693 648
1533317106.3307822 566 631 620 543 686 645
1533317106.3690548 570 635 625 551 695 648
1533317106.4315393 568 635 623 548 691 648
1533317106.482198 574 638 634 562 707 650
1533317106.5398583 571 635 632 558 702 650
1533317106.5860772 566 633 620 543 686 646
1533317106.6329806 567 634 621 546 689 647
1533317106.7033904 567 633 620 543 686 646
1533317106.7346342 568 633 622 546 688 647
1533317106.801015 568 632 621 546 689 647
1533317106.8504412 566 629 614 542 685 646
1533317106.897275 567 630 620 544 687 646
1533317106.944141 566 630 618 541 684 646
1533317107.0066252 567 629 620 544 687 646
1533317107.0621436 568 630 623 548 691 646
1533317107.102437 569 630 624 549 693 647
1533317107.166823 568 631 623 547 691 647
1533317107.2293074 570 632 625 551 694 648
1533317107.2605507 569 630 624 550 693 648
1533317107.3202884 569 631 624 550 693 647
1533317107.3672109 570 631 626 552 696 648
1533317107.4140174 568 631 623 549 692 648
1533317107.4765015 568 631 623 548 692 648
1533317107.5329936 570 632 626 552 696 649
1533317107.5847964 570 631 626 552 696 649
1533317107.6316197 570 632 626 552 695 649
1533317107.6853805 570 632 627 552 696 649
1533317107.7478688 570 631 627 552 696 649
1533317107.7938454 568 631 624 549 693 648
1533317107.8359127 569 632 625 550 693 648
1533317107.8983977 570 632 625 550 694 648
1533317107.9452958 570 633 626 552 695 649
1533317107.9921613 571 634 627 553 697 649
1533317108.054608 570 635 627 553 696 649
1533317108.10731 569 633 624 549 693 648
1533317108.1591377 569 635 626 551 695 648
1533317108.20741 568 635 624 549 692 648
1533317108.280728 569 635 626 551 695 648
1533317108.3162 570 635 627 554 698 649
1533317108.3684967 570 636 628 553 697 649
1533317108.4153757 570 635 627 552 696 648
1533317108.4695013 568 634 622 547 690 647
1533317108.5250103 567 634 621 545 688 646
1533317108.5691617 568 637 624 549 693 647
1533317108.6160617 568 636 624 549 692 647
1533317108.6702573 567 635 622 543 684 646
1533317108.7448776 562 632 614 533 667 642
1533317108.8039002 563 622 613 542 678 633
1533317108.8351767 556 612 605 538 677 623
1533317108.8820086 554 609 608 542 681 620
1533317108.9288685 549 606 601 532 668 617
1533317108.9913561 547 592 601 532 665 618
1533317109.0475092 548 604 601 534 667 619
1533317109.086488 548 606 597 529 663 620
1533317109.1512802 560 625 618 541 674 641
1533317109.1929214 566 633 624 549 690 648
1533317109.2423692 569 638 626 551 694 651
1533317109.3516989 570 639 624 550 692 648
1533317109.3516989 565 635 615 536 677 646
1533317109.3985574 571 640 627 552 696 650
1533317109.4610415 571 640 627 553 694 650
1533317109.5175493 569 639 625 549 691 650
1533317109.5694106 568 639 624 548 689 651
1533317109.617329 569 639 623 546 688 650
1533317109.6705399 571 639 628 553 694 653
1533317109.7174163 569 638 623 545 687 651
1533317109.779083 567 637 621 544 683 650
1533317109.867289 573 641 631 556 699 650
1533317109.882911 568 638 622 545 686 646
1533317109.9297757 568 638 621 543 685 646
1533317109.9766405 562 635 610 529 669 643
1533317110.0400143 564 635 614 534 676 643
1533317110.0869546 565 636 616 537 679 643
1533317110.143646 566 636 616 537 679 644
1533317110.1922405 565 636 616 538 679 644
1533317110.2486076 565 636 616 538 680 644
1533317110.300718 565 636 617 538 680 644
1533317110.3676157 566 637 617 539 680 644
1533317110.3988712 564 636 616 537 678 644
1533317110.4457233 565 636 615 536 677 644
1533317110.5082066 564 636 615 535 676 644
1533317110.5621746 564 636 616 536 678 644
1533317110.6025782 565 636 616 537 678 644
1533317110.6541333 566 636 615 537 676 648
1533317110.7166553 577 643 638 567 708 655
1533317110.7703257 577 643 637 567 708 656
1533317110.8203275 577 643 638 567 708 656
1533317110.89847 577 643 638 567 708 656
1533317110.9140553 577 643 637 567 707 656
1533317110.9765413 577 643 637 566 707 657
1533317111.0314882 576 643 636 566 706 656
1533317111.0704656 576 643 636 565 705 657
1533317111.1368177 576 642 636 565 705 657
1533317111.1797743 576 643 636 564 705 656
1533317111.227493 576 642 635 564 704 657
1533317111.2929897 576 643 635 564 703 657
1533317111.336141 575 642 635 562 701 657
1533317111.3986 575 642 632 559 699 656
1533317111.445466 577 644 638 568 708 656
1533317111.4923282 577 643 638 567 707 656
1533317111.5541542 576 643 638 566 706 655
1533317111.6027558 576 643 637 566 706 655
1533317111.6591418 576 642 636 565 705 655
1533317111.701547 576 642 635 564 704 654
1533317111.7484093 575 642 634 562 703 652
1533317111.8036394 574 641 632 560 700 652
1533317111.8661244 573 641 630 557 697 652
1533317111.9286098 572 640 628 554 694 651
1533317111.959855 572 640 628 554 694 651
1533317112.024676 571 640 626 551 691 650
1533317112.071007 569 638 623 546 687 649
1533317112.1178737 568 638 620 543 683 648
1533317112.181217 569 639 623 547 687 649
1533317112.2238514 569 638 622 545 685 649
1533317112.2849984 569 638 622 546 686 650
1533317112.3361773 568 638 621 545 684 649
1533317112.3830419 569 638 621 544 684 650
1533317112.4455266 566 637 617 538 678 649
1533317112.4923897 566 637 617 540 679 650
1533317112.546822 566 637 617 539 679 650
1533317112.586502 566 637 617 539 679 650
1533317112.648986 566 637 618 541 681 650
1533317112.7025065 568 637 619 543 682 651
1533317112.749372 568 638 620 543 683 651
1533317112.8039708 568 638 619 543 683 651
1533317112.8508372 568 637 620 544 683 651
1533317112.8977354 568 638 620 544 683 650
1533317112.9758074 568 638 620 544 683 650
1533317113.0070498 568 638 620 544 684 650
1533317113.0690746 568 638 620 544 684 650
1533317113.1213453 568 638 620 544 684 649
1533317113.1680255 568 638 620 544 684 649
1533317113.216703 568 638 620 544 684 648
1533317113.263568 567 638 620 544 683 648
1533317113.3204422 565 636 619 541 680 646
1533317113.367306 565 635 619 541 679 645
1533317113.4298177 559 632 610 529 665 642
1533317113.4978902 565 635 622 545 681 645
1533317113.5392222 561 617 615 552 691 625
1533317113.587121 554 611 604 536 671 621
1533317113.6339872 555 610 606 540 676 622
1533317113.6855392 556 612 608 540 670 627
1533317113.7480266 554 613 609 541 673 629
1533317113.7997077 554 612 603 528 662 625
1533317113.8376453 557 614 612 545 677 626
1533317113.9001334 558 615 611 544 676 626
1533317113.9469972 556 615 605 537 674 626
1533317114.0359113 565 624 620 548 671 632
1533317114.0535524 565 630 624 551 692 642
1533317114.113738 566 632 616 541 683 642
1533317114.1537094 567 636 618 541 683 647
1533317114.2036805 576 642 637 565 709 652
1533317114.2661645 576 642 636 564 708 653
1533317114.322219 572 639 627 552 694 650
1533317114.3685203 569 638 620 542 684 647
1533317114.4153843 568 638 620 542 684 645
1533317114.477871 576 643 637 564 708 650
1533317114.556555 576 643 637 564 708 649
1533317114.5705602 576 643 637 564 708 650
1533317114.6330473 576 643 636 563 707 649
1533317114.6853018 572 641 627 552 694 647
1533317114.7321663 569 639 623 546 688 646
1533317114.79259 571 640 625 549 691 646
1533317114.836225 568 639 622 544 688 646
1533317114.8830543 569 639 622 544 687 646
1533317114.9455376 567 637 617 537 679 644
1533317114.9924023 562 634 606 523 663 642
1533317115.077031 562 635 608 525 666 641
1533317115.102737 563 635 608 526 668 641
1533317115.157458 564 635 610 528 670 642
1533317115.208426 563 635 608 526 667 641
1533317115.2481613 563 635 609 527 668 641
1533317115.3150368 563 635 609 527 668 643
1533317115.3527126 562 635 607 524 665 642
1533317115.4151976 563 635 609 527 668 642
1533317115.4620647 550 627 582 491 630 635
1533317115.5235872 571 640 626 550 692 646
1533317115.586258 571 640 626 550 693 647
1533317115.6174998 572 641 628 554 696 648
1533317115.6699584 573 641 629 554 696 647
1533317115.7324452 573 641 629 554 696 648
1533317115.7848568 573 641 629 554 696 648
1533317115.834605 573 642 629 554 696 649
1533317115.8815057 573 642 630 554 696 649
1533317115.9283323 573 641 629 554 696 648
1533317115.9908173 573 641 630 554 696 649
1533317116.0456455 573 642 630 554 696 648
1533317116.11669 573 641 629 554 696 648
1533317116.1506004 572 641 629 553 696 648
1533317116.1932251 573 641 629 554 696 648
1533317116.254931 572 641 629 553 695 648
1533317116.3067906 572 641 629 553 695 648
1533317116.352067 572 641 628 552 694 648
1533317116.398932 572 641 627 551 694 648
1533317116.4614167 571 641 627 550 692 647
1533317116.5082805 571 640 626 550 692 647
1533317116.568207 571 640 626 549 691 647
1533317116.6513858 570 640 625 549 691 647
1533317116.6704302 570 640 625 548 690 647
1533317116.7172961 569 640 624 547 689 647
1533317116.7775977 568 639 622 544 686 646
1533317116.8205402 567 638 619 539 681 645
1533317116.8674057 568 639 622 543 685 646
1533317116.9298894 568 638 620 541 683 646
1533317116.9767582 567 638 620 540 681 645
1533317117.038259 567 638 618 538 680 645
1533317117.087168 567 638 618 539 680 645
1533317117.1513844 567 638 618 539 680 645
1533317117.1951802 567 638 618 538 680 645
1533317117.2461839 571 640 625 548 690 648
1533317117.2989347 569 639 623 545 687 647
1533317117.351669 567 639 620 541 682 646
1533317117.3985329 569 639 621 544 685 647
1533317117.4453967 568 639 622 543 685 647
1533317117.5078812 568 639 621 542 684 646
1533317117.560373 567 639 620 541 682 646
1533317117.6016817 560 635 607 525 665 643
1533317117.670023 561 635 609 525 666 644
1533317117.7168891 560 634 607 524 662 642
1533317117.7693255 561 635 610 527 665 642
1533317117.8190465 561 635 610 527 664 643
1533317117.865876 567 638 624 547 678 646
1533317117.912741 560 629 607 531 658 636
1533317117.9752266 556 618 601 529 665 626
1533317118.0305216 560 620 607 534 671 628
1533317118.0704625 564 623 617 550 684 630
1533317118.1356864 560 620 610 541 675 628
1533317118.1943724 559 620 605 538 673 627
1533317118.2256165 561 621 612 542 677 628
1533317118.2919014 560 620 610 540 675 627
1533317118.3365748 561 621 609 539 673 626
1533317118.3834398 559 620 610 538 674 627
1533317118.4459617 560 620 611 541 678 628
1533317118.4927886 559 624 605 534 670 632
1533317118.5527291 559 620 607 536 676 627
1533317118.6014316 562 622 610 541 683 628
1533317118.648295 562 623 610 541 684 628
1533317118.7179933 566 631 617 544 687 638
1533317118.7492888 569 639 624 546 689 648
1533317118.8134243 569 639 624 547 689 647
1533317118.8530757 569 639 623 546 688 647
1533317118.9155617 567 638 621 542 684 647
1533317118.9624262 568 639 622 544 687 648
1533317119.0231907 569 639 623 545 688 647
1533317119.0693495 569 639 623 546 687 646
1533317119.1162143 569 639 623 544 686 646
1533317119.1799657 567 638 620 540 682 645
1533317119.2341444 568 640 623 544 686 646
1533317119.2842627 563 636 613 531 672 643
1533317119.335765 565 637 616 534 676 643
1533317119.3826265 566 638 617 536 677 644
1533317119.429493 566 638 616 535 676 644
1533317119.4919777 566 638 618 537 679 644
1533317119.5447361 566 638 617 536 677 643
1533317119.5863688 566 638 617 536 677 644
1533317119.6488562 567 638 619 538 680 644
1533317119.7010317 566 638 618 537 679 644
1533317119.775328 566 638 618 536 677 644
1533317119.8062446 567 638 620 539 681 645
1533317119.8528485 567 638 620 539 681 645
1533317119.8997126 567 638 619 539 680 645
1533317119.9622357 566 638 618 538 679 645
1533317120.0090623 567 638 619 538 680 645
1533317120.0677974 567 638 619 539 680 646
1533317120.1196012 567 639 619 539 681 646
1533317120.1675906 567 639 620 540 682 646
1533317120.2144542 568 639 620 541 682 645
1533317120.303725 568 639 621 541 683 646
1533317120.3193777 568 639 621 542 683 646
1533317120.366251 568 639 621 542 683 646
1533317120.4286966 568 639 621 541 683 646
1533317120.475559 568 639 621 542 683 646
1533317120.53706 568 639 621 542 683 646
1533317120.5861342 568 639 621 542 684 646
1533317120.632964 568 639 621 542 684 645
1533317120.6874397 568 639 621 542 683 645
1533317120.7343063 568 639 621 542 683 645
1533317120.8303962 568 639 621 543 684 646
1533317120.8374345 568 639 622 543 684 645
1533317120.899922 569 640 622 543 683 646
1533317120.9467857 568 639 621 543 684 646
1533317120.993647 568 639 621 543 684 646
1533317121.0596128 569 640 622 543 684 645
1533317121.1035438 569 639 621 543 684 646
1533317121.1533384 569 640 621 543 684 645
1533317121.2158248 569 640 621 543 683 646
1533317121.2627084 569 640 621 542 683 645
1533317121.3452847 569 639 621 542 683 645
1533317121.373219 568 639 620 542 682 646
1533317121.4250746 568 639 621 541 682 645
1533317121.477931 568 639 619 540 680 645
1533317121.5297925 569 640 623 545 686 646
1533317121.5816526 570 640 623 546 687 646
1533317121.6345105 570 641 624 546 686 646
1533317121.6863728 571 640 624 547 687 647
1533317121.7382352 571 640 624 547 687 647
1533317121.7910926 571 641 624 548 688 647
1533317121.887839 571 641 624 547 688 647
1533317121.9167557 572 641 624 548 689 647
1533317121.9476755 572 641 624 548 688 648
1533317121.999534 572 641 624 549 689 647
1533317122.0523944 572 641 624 549 689 647
1533317122.1042624 573 641 624 549 689 647
1533317122.1571155 573 641 625 549 689 648
1533317122.20342 572 641 625 548 689 648
1533317122.2482183 573 641 625 549 689 648
1533317122.313216 573 641 625 549 689 647
1533317122.367124 573 642 625 549 689 648
1533317122.4139907 574 641 625 550 690 648
1533317122.4608545 574 641 625 550 690 648
1533317122.5077178 574 641 625 550 690 648
1533317122.5745282 574 641 625 550 691 648
1533317122.618848 574 641 625 550 691 648
1533317122.6698408 574 642 625 551 691 648
1533317122.7167416 574 642 624 550 691 648
1533317122.7830074 574 642 625 550 691 648
1533317122.8362093 574 641 625 550 690 648
1533317122.9095156 574 642 625 550 691 648
1533317122.925138 574 642 625 550 691 648
1533317122.9921064 574 642 625 550 691 648
1533317123.0443156 574 642 625 551 691 648
1533317123.0856054 574 642 625 550 691 648
1533317123.1493735 574 641 625 551 691 648
1533317123.1920516 575 642 625 551 691 648
1533317123.238914 574 642 625 551 691 648
1533317123.3053887 575 642 625 551 691 648
1533317123.3529885 574 641 625 551 691 648
1533317123.4154675 574 642 625 551 691 648
1533317123.4623365 574 642 625 550 691 648
1533317123.5143943 574 642 625 550 691 648
1533317123.5672522 574 642 625 550 691 648
1533317123.6182368 574 642 625 550 691 648
1533317123.6704507 574 641 625 550 691 648
1533317123.723181 574 642 625 550 691 648
1533317123.775934 574 642 625 550 691 648
1533317123.828238 574 642 625 550 691 648
1533317123.8685212 574 642 625 550 691 648
