1535510223.3075116 697 618 636 699 682 679 7696 118 -2798 48 357 -40 17 -20 -29
1535510223.3739898 697 619 636 699 682 679 7800 54 -2544 269 141 -68 21 -18 -25
1535510223.437199 698 619 636 699 682 679 7660 4 -2748 329 511 30 21 -20 -26
1535510223.505294 697 618 636 699 682 679 7608 266 -2626 245 867 206 22 -22 -28
1535510223.568984 697 619 636 700 683 678 7716 18 -2738 109 12 18 22 -21 -25
1535510223.6342866 697 619 637 699 682 679 7758 86 -2670 127 127 -36 20 -23 -27
1535510223.701187 697 618 636 699 682 678 7738 24 -2600 384 124 -26 18 -21 -26
1535510223.7661033 698 618 636 699 682 678 7770 108 -2562 387 12 203 22 -20 -27
1535510223.832341 697 618 636 699 682 679 7756 94 -2634 436 44 269 19 -22 -28
1535510223.8998382 697 619 636 699 682 678 7688 44 -2806 -293 -498 219 20 -21 -28
1535510224.1815062 697 618 636 699 682 679 7596 -122 -2778 -2557 -1387 -67 21 -23 -29
1535510224.2230318 697 619 636 699 682 678 8120 200 -2396 2420 772 368 21 -23 -29
1535510224.3771849 697 618 636 699 682 679 8380 -82 -2686 3218 1725 110 21 -21 -27
1535510224.430787 697 618 636 699 682 679 8050 -430 -2576 262 -1179 330 20 -21 -27
1535510224.4814603 697 619 636 699 682 678 7912 70 -2374 342 221 -491 21 -21 -27
1535510224.5100422 698 618 636 699 682 679 7728 26 -2764 896 118 -4 18 -21 -26
1535510224.548148 698 618 636 699 682 679 8154 -404 -2310 -278 -887 -32 18 -21 -24
1535510224.5929873 697 619 636 699 682 679 7556 296 -2486 1548 1248 -164 20 -24 -25
1535510224.6386714 697 618 636 699 682 679 7826 -154 -2766 -27 -227 -30 18 -22 -27
1535510224.685038 697 619 636 699 682 679 7636 -18 -2616 -118 622 -44 19 -21 -26
1535510224.8568017 697 618 636 699 682 679 7642 -112 -2662 -227 344 -153 20 -21 -25
1535510224.9407523 698 618 636 699 682 679 7788 -158 -2372 370 255 163 20 -22 -26
1535510224.975138 697 618 636 699 682 679 7504 -84 -2500 137 876 -237 20 -23 -25
1535510225.0096183 697 618 636 699 682 679 8144 -80 -2338 145 271 145 20 -21 -27
1535510225.0437615 697 619 636 699 682 678 7752 0 -2564 99 -8 -147 19 -21 -24
1535510225.0803664 697 619 636 699 683 679 7760 -84 -2656 -70 -364 -48 21 -20 -25
1535510225.1187713 697 618 636 699 682 679 7858 -38 -2320 14 181 -76 21 -18 -24
1535510225.155682 697 619 636 699 682 678 7728 28 -2302 414 324 26 19 -21 -26
1535510225.192114 697 619 636 699 682 679 7740 -6 -2580 406 184 -68 19 -20 -25
1535510225.2556217 697 618 636 699 682 678 7758 4 -2678 83 -65 -64 20 -21 -25
1535510225.404355 697 619 636 699 683 678 7810 8 -2508 126 81 78 18 -21 -25
1535510225.4776282 697 619 636 699 682 679 7834 -8 -2308 197 159 129 21 -22 -26
1535510225.5084453 698 618 636 699 682 678 7788 -88 -2364 283 104 -5 20 -22 -24
1535510225.5413368 697 618 636 699 682 679 7824 -150 -2472 282 146 98 21 -21 -25
1535510225.5830474 698 618 636 699 682 679 7748 58 -2334 174 547 -31 20 -21 -24
1535510225.6502604 697 619 636 699 682 678 7898 -20 -2394 368 -15 -60 21 -23 -26
1535510225.717827 697 618 636 699 682 679 7702 -26 -2620 300 212 -28 20 -23 -26
1535510225.7828777 697 619 636 699 682 679 7730 26 -2434 258 259 81 20 -21 -25
1535510225.8482084 697 618 636 699 682 678 7896 -6 -2380 109 137 119 21 -22 -24
1535510225.9149823 697 619 636 699 683 679 7758 -84 -2466 466 251 -72 19 -21 -27
1535510226.0509884 697 618 636 699 682 678 7734 130 -2368 57 121 3 21 -20 -26
1535510226.0816345 697 619 636 699 682 678 7882 26 -2356 331 -3 -116 20 -20 -24
1535510226.1114717 697 618 636 699 682 679 7700 -24 -2636 199 90 18 21 -23 -26
1535510226.1765864 697 618 636 699 682 679 7730 -34 -2520 707 947 54 18 -20 -25
1535510226.2427008 697 618 636 699 682 679 7704 -30 -2536 -16 509 39 19 -21 -24
1535510226.3104467 697 619 636 699 682 679 7826 -20 -2212 -136 915 300 20 -21 -24
1535510226.377561 697 618 636 699 682 678 7704 42 -2128 711 360 -407 19 -21 -26
1535510226.4479024 697 619 636 699 682 679 7966 -166 -2012 1421 1339 -71 18 -23 -26
1535510226.5138276 697 618 636 699 682 678 7698 72 -2520 79 -79 -613 20 -22 -25
1535510226.580066 697 618 636 699 682 678 7958 -42 -2272 53 -651 109 20 -22 -24
1535510226.6847951 697 618 636 699 682 679 7722 96 -2410 212 53 -189 21 -19 -24
1535510226.7195277 697 618 636 699 682 679 7822 30 -2472 -145 -114 109 20 -22 -24
1535510226.7834795 697 619 636 699 682 678 7924 -10 -2316 -181 -296 -28 20 -21 -25
1535510226.8499448 697 619 636 699 682 679 7758 106 -2430 244 -99 80 19 -21 -24
1535510226.9156787 697 618 636 699 682 678 7770 18 -2526 35 -163 16 20 -22 -25
1535510226.9824617 697 618 636 699 682 678 7696 50 -2542 -40 -172 -73 20 -23 -27
1535510227.0467017 697 619 636 699 682 679 7790 16 -2606 175 87 113 20 -19 -23
1535510227.114416 697 619 636 699 682 678 7864 -14 -2388 57 -60 -104 19 -22 -26
1535510227.1798801 697 618 636 699 682 678 7720 102 -2328 435 338 36 19 -21 -26
1535510227.2479703 697 619 636 699 682 678 7776 70 -2520 291 431 155 21 -20 -25
1535510227.5003827 697 618 636 699 682 679 7880 114 -2396 514 914 552 20 -19 -26
1535510227.539342 697 618 636 699 682 678 7764 -6 -2402 122 170 -301 20 -21 -26
1535510227.5753539 697 618 636 699 682 678 7934 -42 -2346 255 40 235 21 -20 -25
1535510227.613227 697 618 636 699 682 678 7700 48 -2492 321 266 -112 22 -21 -24
1535510227.6547246 697 619 636 699 682 679 7896 -80 -2396 130 70 -86 20 -22 -26
1535510227.6964917 697 618 636 699 682 679 7798 2 -2378 154 43 100 19 -19 -24
1535510227.7429307 697 619 636 699 682 678 7814 -34 -2450 170 127 -112 19 -20 -24
1535510227.783537 697 618 636 699 682 679 7802 64 -2334 362 270 3 19 -22 -27
1535510227.8433318 697 619 636 699 682 678 7868 -30 -2334 277 -56 -137 21 -20 -25
1535510227.9073467 697 618 636 699 682 679 7788 38 -2448 261 31 69 19 -22 -25
1535510228.0766265 697 618 636 699 682 679 7788 0 -2442 112 92 13 19 -20 -26
1535510228.111321 697 619 636 699 682 679 7880 -36 -2382 150 -22 -19 20 -23 -26
1535510228.1515212 697 619 636 699 682 679 7874 106 -2364 371 219 -6 19 -20 -23
1535510228.194512 697 618 636 699 682 678 7828 -30 -2504 279 234 -70 22 -23 -24
1535510228.2382812 697 619 636 699 682 679 7734 22 -2350 134 93 9 21 -20 -26
1535510228.2985058 697 618 636 699 682 679 7850 32 -2206 223 169 -5 21 -20 -25
1535510228.3642664 698 618 636 699 682 678 7844 26 -2424 307 -49 -18 20 -21 -24
1535510228.4289367 697 618 636 699 682 678 7740 62 -2612 224 232 11 20 -22 -26
1535510228.4925544 697 618 636 699 682 679 7808 78 -2468 -9 313 67 19 -21 -25
1535510228.5562732 697 618 636 699 682 678 7882 10 -2282 206 13 -8 22 -21 -24
1535510228.8138955 697 618 636 699 682 679 7740 16 -2424 258 222 25 18 -20 -24
1535510228.851663 697 618 636 699 682 678 7842 -30 -2456 158 107 -14 20 -22 -25
1535510228.887276 697 619 636 699 682 679 7818 76 -2306 228 292 -4 19 -21 -24
1535510228.928802 697 618 636 699 682 679 7800 44 -2282 328 90 0 21 -21 -25
1535510228.9737904 697 618 636 699 682 679 7760 46 -2372 319 175 69 19 -20 -23
1535510229.0141046 697 618 636 699 682 678 7792 -20 -2490 30 -23 49 19 -20 -24
1535510229.0581813 697 619 636 699 682 679 7842 8 -2418 278 372 28 22 -21 -23
1535510229.1044827 697 618 636 699 682 678 7786 -26 -2280 223 104 -115 19 -21 -24
1535510229.1504936 697 618 636 699 682 679 7786 -20 -2286 134 93 80 20 -19 -24
1535510229.2076998 697 619 636 699 682 679 7820 80 -2338 103 69 -56 20 -20 -24
1535510229.440223 697 618 636 699 682 679 7824 -24 -2444 104 -77 110 21 -20 -23
1535510229.481584 698 619 636 699 682 678 7900 -12 -2302 -41 58 -55 19 -20 -25
1535510229.5192685 698 619 636 699 682 678 7832 44 -2270 320 29 77 21 -20 -24
1535510229.556353 697 618 636 699 682 678 7728 66 -2468 420 264 -96 20 -21 -24
1535510229.5932782 697 618 636 699 682 679 7830 -28 -2424 286 18 37 20 -20 -24
1535510229.6322238 697 619 636 699 682 679 7872 24 -2246 146 -37 20 22 -20 -26
1535510229.671209 698 618 636 699 682 678 7816 86 -2306 324 274 14 22 -21 -22
1535510229.7312047 697 618 636 699 682 679 7836 18 -2400 187 64 -71 19 -22 -26
1535510229.7965367 697 618 636 699 682 679 7732 84 -2352 290 153 12 20 -19 -25
1535510229.8625739 697 618 636 699 682 679 7890 8 -2438 154 50 -139 20 -21 -24
1535510230.1518238 697 619 636 699 682 678 7842 72 -2374 308 158 140 19 -22 -24
1535510230.1907406 697 618 636 699 682 679 7496 230 -2278 914 448 421 20 -20 -24
1535510230.232205 697 619 636 699 682 678 7386 -214 -2488 266 1331 -1361 20 -21 -23
1535510230.2692373 697 618 636 699 682 679 7508 -18 -2236 -370 626 -1342 19 -20 -23
1535510230.3113594 697 618 636 699 682 678 7036 -228 -2408 787 1758 -571 18 -22 -24
1535510230.3593779 697 619 636 699 682 679 7388 -244 -1976 -877 802 -4604 18 -21 -23
1535510230.4083486 697 618 636 699 682 679 6812 988 -1928 3348 3626 1793 19 -17 -21
1535510230.4553683 697 619 636 699 682 679 8206 868 -1604 4814 3997 3411 21 -18 -19
1535510230.4982102 697 619 636 699 682 679 8388 374 -1390 -2837 -5952 87 19 -19 -19
1535510230.5590737 697 618 636 699 682 678 8188 -838 -3888 1413 427 -1283 18 -19 -21
1535510230.8140476 697 619 636 699 682 678 6630 2414 -1702 -4932 -3322 -1523 17 -18 -24
1535510230.8731499 697 618 636 699 682 678 7392 1304 -1478 -313 -1869 567 15 -21 -27
1535510230.9082468 697 618 636 699 682 678 7858 -534 -3690 1515 -1321 815 16 -23 -29
1535510230.9400907 697 619 636 699 682 678 7172 920 -2986 517 -228 -10 15 -17 -29
1535510230.9720151 697 618 636 699 682 678 7998 142 -2948 437 878 22 17 -19 -28
1535510231.0039062 697 618 636 699 682 678 7608 492 -2584 213 743 93 18 -20 -28
1535510231.0419784 697 618 636 699 682 678 7840 226 -2518 156 834 137 18 -20 -26
1535510231.1083596 697 619 636 699 682 678 7656 468 -2566 362 607 55 18 -21 -27
1535510231.1739922 697 618 636 699 682 678 7902 226 -2474 167 383 28 19 -20 -26
1535510231.2412486 698 618 636 699 682 678 7668 402 -2460 419 340 135 18 -19 -27
1535510231.5460272 698 618 636 699 682 679 7820 350 -2466 50 295 -127 20 -20 -27
1535510231.5789702 697 618 636 699 682 678 7762 292 -2416 181 124 128 18 -21 -26
1535510231.6120386 697 619 636 699 682 678 7764 336 -2396 343 441 -63 16 -21 -25
1535510231.6450126 698 619 636 699 682 678 7712 420 -2460 345 144 72 18 -20 -28
1535510231.680086 698 618 636 699 682 678 7800 346 -2496 25 -65 51 17 -20 -25
1535510231.724063 697 618 636 699 682 678 7840 292 -2368 152 -44 38 17 -21 -25
1535510231.7713003 698 618 636 699 682 678 7816 322 -2426 149 214 -100 17 -20 -27
1535510231.8183036 697 618 636 699 682 678 7824 234 -2448 363 136 49 20 -22 -26
1535510231.8662443 698 618 636 699 682 678 7788 372 -2468 277 190 -25 18 -19 -25
1535510231.9101198 697 618 636 699 682 678 7822 348 -2406 232 237 -6 17 -19 -27
1535510232.1139898 698 618 636 699 682 679 7854 304 -2422 251 212 -8 18 -20 -26
1535510232.1499221 697 618 636 699 682 678 7848 346 -2332 268 203 75 19 -22 -25
1535510232.1828578 697 618 636 699 682 678 7796 306 -2484 277 190 -84 17 -20 -28
1535510232.2169363 698 618 636 699 682 678 7788 332 -2350 230 -40 18 17 -20 -24
1535510232.2572484 697 618 636 699 682 679 7868 266 -2390 98 68 7 18 -20 -26
1535510232.3053427 697 618 636 699 682 678 7838 332 -2354 198 80 49 17 -19 -26
1535510232.3673306 697 619 636 699 682 678 7764 336 -2452 304 272 -64 20 -19 -27
1535510232.4313245 697 618 636 699 682 678 7732 346 -2472 102 19 26 18 -19 -25
1535510232.5022008 697 619 636 699 682 678 7322 518 -2296 -475 -481 -156 17 -22 -26
1535510232.5737524 697 618 636 699 682 678 7074 342 -2870 1094 2927 -1337 17 -19 -25
1535510232.8739603 697 618 636 699 682 679 7452 490 -2832 -1576 -842 -1196 17 -21 -25
1535510232.9145007 697 619 636 699 682 679 7606 796 -2230 -469 957 -2368 18 -20 -27
1535510232.9549632 697 618 636 699 682 679 6004 2166 -2294 -156 2738 -2823 17 -20 -27
1535510232.998046 697 618 636 699 682 678 5220 1726 -2428 9220 13740 2727 16 -17 -20
1535510233.0370057 697 619 636 699 682 679 10024 -1802 -134 -5234 -7783 -742 18 -15 -18
1535510233.0799735 697 619 636 699 682 678 8734 684 -1822 -1178 -7939 -1283 16 -19 -24
1535510233.1261075 697 618 636 699 682 679 7108 484 -3380 -878 -2170 -1612 16 -19 -25
1535510233.1680334 697 618 636 699 682 678 7266 1512 -1284 7165 1629 -1713 16 -20 -28
1535510233.22606 696 618 636 699 682 677 8848 -428 -2392 -1148 -3015 6947 16 -20 -27
1535510233.297162 697 618 636 699 682 678 7482 658 -3108 -907 1273 -1613 14 -21 -28
1535510233.567026 697 618 636 699 682 678 7480 594 -3066 -47 -797 1171 17 -21 -29
1535510233.6060474 697 618 636 699 682 678 7940 116 -2798 384 1017 -228 15 -20 -28
1535510233.6459656 697 618 636 699 682 678 7550 522 -2696 -159 621 243 16 -19 -28
1535510233.6830032 697 618 636 699 682 678 7762 260 -2588 131 371 -65 16 -19 -27
1535510233.7240314 697 618 636 699 682 678 7754 372 -2712 347 604 75 16 -20 -30
1535510233.7620592 697 618 636 699 682 677 7596 346 -2756 -2 279 0 16 -20 -27
1535510233.810382 698 618 636 699 682 678 7798 308 -2584 106 273 112 17 -18 -27
1535510233.8581934 698 618 636 699 682 678 7706 286 -2550 190 78 52 16 -21 -26
1535510233.9051373 697 618 636 699 682 678 7736 396 -2604 287 357 -87 17 -19 -27
1535510233.9670367 697 618 636 699 682 678 7806 280 -2718 152 -73 12 16 -21 -29
1535510234.263279 698 618 636 699 682 678 7722 388 -2604 346 491 -45 17 -18 -29
1535510234.3008683 697 618 636 699 682 677 7754 296 -2646 62 155 -70 18 -20 -28
1535510234.3389282 696 618 636 699 682 678 7770 378 -2600 390 263 85 16 -19 -27
1535510234.3759599 697 618 636 699 682 678 7624 410 -2608 174 271 -109 15 -19 -28
1535510234.4160793 697 618 636 699 682 678 7808 318 -2640 115 -18 5 16 -17 -27
1535510234.4599438 696 618 636 699 682 678 7730 394 -2740 230 58 14 17 -22 -27
1535510234.495927 696 618 636 699 682 678 7774 350 -2594 132 202 7 16 -21 -29
1535510234.5389404 696 618 636 699 682 678 7718 402 -2580 350 393 19 17 -21 -26
1535510234.5870528 697 618 636 699 682 678 7766 324 -2582 210 50 -80 16 -20 -29
1535510234.6340404 697 618 636 699 682 678 7824 336 -2622 252 93 69 16 -21 -28
1535510234.9129078 697 618 636 699 682 678 7810 396 -2562 -439 -872 33 15 -22 -27
1535510234.9518657 696 618 636 699 682 679 7712 352 -2872 741 1080 -142 16 -19 -28
1535510234.9938166 697 618 636 699 682 678 9238 -306 -3044 -515 -999 -509 16 -19 -26
1535510235.0347643 697 618 636 699 682 678 7648 476 -2194 -4420 -6804 -904 17 -20 -30
1535510235.079149 697 618 636 699 682 678 9012 272 -2444 4956 3319 1770 16 -20 -29
1535510235.1301508 697 618 636 699 682 679 8354 856 -2512 1447 5252 1841 16 -18 -25
1535510235.181029 697 619 637 699 683 678 7600 -1002 -2760 -1416 6349 -979 18 -18 -21
1535510235.2260194 697 618 636 699 682 678 9906 890 -492 -1965 -7130 396 18 -17 -22
1535510235.2780042 697 618 636 699 682 678 7610 204 -3066 3410 795 -655 17 -18 -25
1535510235.3270566 697 618 636 699 682 678 10610 550 -1998 416 -631 35 16 -19 -25
1535510235.6058607 697 618 636 699 682 677 6356 1790 -2210 2363 2052 801 17 -18 -27
1535510235.6464574 697 618 636 699 682 678 8602 -816 -2550 601 -310 1230 20 -20 -26
1535510235.684773 696 618 636 699 682 678 7328 620 -2460 1 -93 -587 18 -20 -28
1535510235.7239141 697 618 636 699 682 678 7890 14 -2788 624 195 234 16 -20 -27
1535510235.7618597 697 618 636 699 682 678 7448 348 -2632 -224 113 -180 17 -20 -27
1535510235.79983 697 618 636 699 682 678 7950 138 -2374 193 592 166 18 -19 -26
1535510235.8397493 697 618 636 699 682 678 7666 334 -2508 130 336 -122 16 -21 -28
1535510235.881175 697 618 636 699 682 678 7846 208 -2616 221 242 -1 16 -20 -26
1535510235.9368708 697 618 636 699 682 678 7798 158 -2534 -20 117 150 17 -17 -25
1535510236.0048833 697 618 636 699 682 678 7742 282 -2384 -232 75 -140 19 -19 -25
1535510236.2928894 697 618 636 699 682 678 7778 194 -2466 88 62 27 19 -21 -26
1535510236.3317852 697 618 636 699 682 678 7756 326 -2502 212 435 -109 19 -20 -25
1535510236.3677747 697 618 636 699 682 678 7890 198 -2484 243 22 75 19 -20 -25
1535510236.4062645 697 618 636 699 682 678 7752 296 -2442 239 313 -89 18 -19 -25
1535510236.4512305 697 618 636 699 682 678 7746 250 -2474 285 210 -43 13 -19 -27
1535510236.4989898 697 618 636 699 682 677 7872 202 -2382 39 79 11 17 -18 -25
1535510236.5454726 697 618 636 699 682 678 7794 258 -2500 169 14 18 16 -19 -25
1535510236.593086 697 618 636 699 682 678 7866 220 -2412 41 235 37 19 -20 -26
1535510236.6389475 696 618 636 699 681 677 7710 292 -2506 117 190 53 17 -22 -25
1535510236.7006662 696 618 636 699 682 678 7812 264 -2342 196 17 -13 18 -21 -25
1535510236.9683373 697 618 636 699 682 678 7814 240 -2470 215 159 97 18 -18 -27
1535510237.0086646 697 618 636 699 682 678 7702 282 -2502 274 117 -64 19 -19 -27
1535510237.0464084 696 618 636 699 682 677 7804 332 -2446 155 105 42 17 -20 -28
1535510237.0827281 697 618 636 699 682 677 7812 240 -2482 121 82 122 18 -19 -27
1535510237.1252968 696 618 636 699 682 678 7738 336 -2488 195 128 1 17 -20 -26
1535510237.170932 697 618 636 699 682 678 7818 300 -2426 241 60 -83 17 -20 -27
1535510237.215845 696 618 636 699 681 678 7652 292 -2640 246 187 -25 17 -20 -28
1535510237.252705 697 618 636 699 681 678 7802 224 -2530 106 -33 64 17 -21 -27
1535510237.2989516 696 618 636 699 682 678 7756 266 -2528 185 175 19 19 -21 -28
1535510237.3468792 696 618 636 699 682 678 7828 222 -2422 216 -16 28 17 -19 -28
1535510237.655068 697 618 636 699 682 678 7828 224 -2504 198 142 5 19 -20 -27
1535510237.693975 697 618 636 699 682 678 7754 244 -2506 316 194 -11 17 -18 -28
1535510237.7355633 697 618 636 699 682 677 7776 292 -2508 119 90 -62 19 -19 -25
1535510237.7716599 697 618 636 699 682 678 7838 204 -2522 241 72 40 20 -21 -26
1535510237.8087292 696 618 636 699 681 678 7784 358 -2402 409 370 -44 19 -21 -25
1535510237.8579223 696 618 636 699 682 678 7738 278 -2520 282 173 -45 19 -19 -27
1535510237.9051309 696 618 636 699 682 678 7772 308 -2506 210 63 88 18 -20 -27
1535510237.9496694 696 618 636 699 682 678 7768 260 -2458 -13 144 -88 19 -20 -26
1535510237.9993236 697 618 636 699 682 678 7722 260 -2460 -411 -1237 340 17 -19 -26
1535510238.0478098 697 618 636 699 682 678 7598 208 -3070 2172 2126 -704 19 -19 -25
1535510238.3606372 697 618 636 699 682 678 7134 78 -3044 -469 588 -686 17 -21 -28
1535510238.3996937 697 618 636 699 682 678 6032 772 -2980 -1311 641 -2036 18 -19 -27
1535510238.4389596 696 618 636 699 682 678 8712 -368 -1934 6006 7411 -631 18 -19 -23
1535510238.482602 697 618 636 699 682 678 5992 776 -2510 -478 1907 671 18 -19 -22
1535510238.5215356 697 618 636 699 682 679 7192 424 -2748 -1199 -173 -2112 18 -19 -24
1535510238.5626588 697 618 636 699 682 678 8522 304 -2634 -3828 -5757 -146 18 -22 -25
1535510238.5996568 697 618 636 699 682 677 8046 54 -3044 4115 1167 879 18 -21 -28
1535510238.6445506 697 618 636 699 682 678 6658 1640 -1838 633 388 303 16 -21 -27
1535510238.6937487 697 618 636 699 682 678 8632 -764 -2610 -629 -1409 3178 18 -20 -28
1535510238.7416062 697 618 636 699 682 678 7174 682 -2684 67 696 -651 17 -20 -28
1535510239.0396154 697 618 636 699 682 678 7958 -28 -2832 371 6 247 15 -20 -26
1535510239.083578 697 618 636 699 682 678 7522 330 -2674 -385 304 -208 17 -20 -27
1535510239.1200836 696 618 636 699 682 678 7826 180 -2584 474 651 -43 19 -21 -26
1535510239.161616 697 618 636 699 682 677 7614 268 -2670 340 285 30 19 -22 -26
1535510239.2048528 697 618 636 699 682 677 7644 294 -2658 311 404 151 17 -21 -28
1535510239.2426226 697 618 636 699 682 678 7826 162 -2662 119 251 6 19 -19 -27
1535510239.2838473 697 618 636 699 682 678 7794 222 -2620 252 174 134 19 -20 -27
1535510239.3328617 696 618 636 698 682 678 7774 222 -2534 221 184 -40 18 -21 -27
1535510239.37969 696 618 636 699 682 678 7650 256 -2650 203 120 74 17 -21 -29
1535510239.4265559 697 618 636 699 681 678 7716 232 -2630 80 1 -58 20 -22 -26
1535510239.7245038 697 618 636 699 681 678 7720 186 -2606 126 -61 65 18 -22 -26
1535510239.761499 697 618 636 699 681 678 7734 310 -2576 210 140 71 17 -20 -26
1535510239.7964456 697 618 636 699 682 678 7784 194 -2614 261 96 -83 18 -20 -28
1535510239.832521 696 618 636 699 681 677 7732 264 -2556 210 190 -4 19 -20 -25
1535510239.8727508 697 618 636 699 682 678 7728 240 -2660 118 -85 -10 19 -18 -26
1535510239.9178371 697 618 636 699 682 678 7764 244 -2586 215 22 84 16 -19 -29
1535510239.9618707 697 618 636 699 682 678 7710 236 -2604 238 173 -135 18 -20 -28
1535510240.0057416 697 618 636 699 682 678 7798 218 -2614 306 171 14 17 -19 -26
1535510240.0546367 697 618 636 699 681 678 7836 150 -2566 111 -174 -21 18 -19 -26
1535510240.0997293 697 618 636 699 682 678 7744 252 -2604 428 504 80 16 -19 -25
1535510240.3583436 697 618 636 699 681 678 7714 238 -2598 158 265 -118 17 -20 -26
1535510240.392322 697 618 636 699 681 678 7816 158 -2554 130 -69 42 17 -19 -28
1535510240.4276938 697 618 636 698 681 678 7748 236 -2592 213 163 22 19 -21 -27
1535510240.4746728 697 618 636 699 682 678 7692 220 -2596 250 310 -43 18 -23 -28
1535510240.5216513 697 618 636 699 681 678 7700 318 -2606 199 95 -39 18 -19 -26
1535510240.5689623 696 618 636 699 682 678 7826 218 -2632 309 254 12 18 -21 -27
1535510240.617618 696 618 636 699 681 678 7700 304 -2564 282 195 -9 18 -18 -27
1535510240.6655917 696 618 636 699 681 678 7808 238 -2604 165 45 -70 16 -20 -26
1535510240.7096374 697 618 636 699 682 677 7754 264 -2582 333 178 33 17 -20 -28
1535510240.7568254 696 618 636 698 682 678 7766 220 -2624 115 45 24 19 -18 -29
1535510240.9744334 696 618 636 698 682 678 7760 262 -2578 165 55 118 19 -19 -27
1535510241.0108738 696 618 636 699 681 677 7730 292 -2578 118 169 -76 20 -22 -27
1535510241.055845 696 618 636 699 681 678 7792 166 -2640 234 -7 68 19 -21 -26
1535510241.1028 696 618 636 699 681 678 7680 294 -2544 270 129 40 20 -19 -25
1535510241.1466465 696 618 636 698 682 677 7752 138 -2644 111 106 17 18 -18 -27
1535510241.1946998 696 618 636 699 682 678 7710 344 -2556 324 279 73 18 -19 -29
1535510241.2389047 696 618 636 699 682 678 7794 248 -2502 286 156 -90 19 -21 -27
1535510241.2784455 696 618 636 699 682 677 7736 244 -2648 362 120 92 18 -20 -28
1535510241.325709 697 618 636 699 681 677 7764 250 -2612 6 -1 17 18 -21 -29
1535510241.3736415 696 618 636 699 681 678 7792 288 -2522 402 289 72 17 -22 -28
1535510241.5944464 697 618 635 699 681 678 7658 270 -2634 179 103 -37 18 -19 -28
1535510241.633593 696 618 636 699 682 678 7858 208 -2630 126 76 35 17 -18 -27
1535510241.6797004 696 618 636 699 682 678 7704 260 -2584 318 356 -18 18 -22 -27
1535510241.7265267 697 618 636 699 681 678 7716 234 -2630 260 104 -16 17 -20 -26
1535510241.771656 696 618 636 699 681 678 7712 280 -2602 123 174 81 17 -21 -27
1535510241.8225706 696 618 636 698 681 678 7752 262 -2564 246 150 -123 18 -19 -26
1535510241.8705182 696 618 636 699 682 678 7840 246 -2608 186 -65 72 18 -19 -28
1535510241.9190805 696 618 636 698 682 678 7738 264 -2574 94 70 3 18 -20 -26
1535510241.9667656 696 618 636 698 682 677 7802 192 -2612 254 150 -4 17 -22 -25
1535510242.013612 696 618 636 698 682 677 7772 238 -2602 136 120 17 17 -22 -27
1535510242.240277 696 618 636 699 682 678 7806 212 -2608 174 42 -9 17 -21 -27
1535510242.2742555 696 618 636 699 682 678 7756 212 -2616 246 407 -88 19 -21 -26
1535510242.3083043 696 618 636 698 682 677 7632 48 -2666 1045 526 399 18 -20 -26
1535510242.356581 697 618 635 699 682 677 8088 368 -2986 -325 2243 -426 19 -19 -28
1535510242.410525 696 618 636 699 682 678 8586 248 -2466 -1344 -1759 -504 17 -21 -25
1535510242.4594793 696 618 636 699 682 678 9400 32 -2590 -1317 626 -565 18 -21 -26
1535510242.5065737 696 618 636 699 682 679 8814 -602 -4042 948 2638 -1301 19 -20 -28
1535510242.5557196 697 618 636 699 682 678 8692 -572 -3610 2868 8801 -784 18 -18 -26
1535510242.6247344 696 618 636 699 682 678 9536 206 -1210 -2992 -7056 151 18 -18 -22
1535510242.6978638 696 618 636 699 682 677 6602 -36 -4568 4044 4787 -4351 18 -20 -29
1535510242.9239025 697 618 636 699 682 677 5902 2138 -2428 -2887 -4433 988 14 -18 -30
1535510242.9603124 697 618 636 699 682 677 9314 104 -1826 840 275 5927 18 -20 -29
1535510243.0022762 697 618 636 699 681 678 7776 564 -2428 512 1261 -1692 17 -20 -27
1535510243.0526803 697 618 636 699 681 678 7644 388 -2914 1080 -873 1404 16 -21 -28
1535510243.1016989 696 618 636 699 682 677 7770 194 -3152 353 291 -449 18 -18 -27
1535510243.1495469 697 618 636 698 681 678 7746 218 -2760 205 345 275 19 -20 -28
1535510243.1963847 697 618 636 699 682 677 7676 330 -2628 154 792 80 17 -23 -27
1535510243.2444444 697 618 636 699 682 677 7718 294 -2614 353 412 59 18 -21 -28
1535510243.311498 697 617 636 698 682 677 7674 300 -2770 238 393 -44 16 -20 -27
1535510243.3785346 697 618 636 699 681 678 7666 320 -2778 175 152 20 14 -21 -30
1535510243.6464078 696 618 636 699 682 677 7712 194 -2650 39 212 -25 18 -19 -27
1535510243.6892161 697 617 636 699 682 678 7718 308 -2572 141 261 86 17 -20 -28
1535510243.727218 696 618 636 699 682 677 7752 292 -2584 26 312 48 18 -21 -27
1535510243.7632713 697 618 636 698 681 678 7690 358 -2712 193 122 67 15 -21 -27
1535510243.8045475 697 618 636 698 682 678 7752 320 -2646 78 129 22 17 -18 -27
1535510243.8492897 696 618 636 698 682 677 7798 258 -2590 268 133 14 17 -20 -27
1535510243.8925145 696 618 636 699 681 677 7722 272 -2630 158 206 50 18 -20 -28
1535510243.9357986 696 618 636 699 682 677 7752 300 -2678 298 159 52 17 -20 -27
1535510243.984439 697 617 636 699 682 678 7728 330 -2552 138 155 -9 18 -19 -28
1535510244.0423942 696 618 636 699 682 678 7756 264 -2646 229 156 33 17 -21 -27
1535510244.2592692 697 618 636 699 681 678 7794 338 -2684 260 132 91 18 -21 -29
1535510244.3012118 696 618 636 699 681 677 7604 352 -2632 196 172 27 19 -21 -28
1535510244.3415318 696 618 636 699 682 678 7738 298 -2640 43 20 -35 19 -21 -27
1535510244.3886564 696 618 636 699 681 677 7750 252 -2704 112 38 81 18 -19 -27
1535510244.4325137 696 618 636 699 682 678 7648 378 -2580 173 192 -18 17 -18 -27
1535510244.4776769 696 618 636 699 682 678 7736 246 -2634 355 204 -69 18 -19 -28
1535510244.525418 696 618 636 698 682 677 7614 376 -2674 335 302 20 16 -20 -27
1535510244.573635 696 617 636 699 682 678 7842 300 -2534 126 -78 -55 17 -21 -27
1535510244.629714 696 618 636 698 681 677 7680 286 -2666 310 118 76 17 -21 -27
1535510244.6986444 697 618 636 698 682 678 7790 272 -2620 323 219 -119 19 -20 -27
1535510244.9242718 696 617 636 698 681 678 7786 230 -2640 204 177 111 19 -21 -26
1535510244.9643838 696 618 636 698 682 677 7760 362 -2570 246 -17 93 17 -20 -25
1535510245.0003297 697 618 636 698 681 677 7726 312 -2620 141 232 24 18 -21 -28
1535510245.0413055 697 618 635 698 681 677 7660 292 -2686 264 -48 28 17 -21 -26
1535510245.0882673 697 618 636 699 681 677 7800 280 -2572 71 -1 -9 18 -21 -27
1535510245.133397 697 618 636 698 681 678 7802 312 -2588 258 125 42 16 -19 -26
1535510245.1804574 696 618 636 698 682 677 7756 348 -2558 359 260 -18 19 -21 -26
1535510245.226062 696 618 636 698 682 678 7656 330 -2638 291 32 -10 19 -20 -28
1535510245.293256 696 617 636 699 682 678 7748 286 -2688 143 123 -31 18 -22 -26
1535510245.3581417 696 618 636 699 682 678 7746 374 -2588 274 142 55 18 -19 -27
1535510245.5820942 696 618 636 698 682 677 7740 300 -2626 126 50 17 18 -21 -28
1535510245.6233785 696 618 636 699 682 678 7676 264 -2710 181 153 16 17 -20 -27
1535510245.662276 696 618 635 698 681 678 7812 280 -2528 48 24 17 18 -22 -28
1535510245.7057195 696 618 636 698 681 678 7770 286 -2568 355 131 -35 17 -18 -26
1535510245.7470996 696 618 636 698 682 677 7752 344 -2612 264 85 -27 17 -19 -27
1535510245.789316 696 617 636 698 681 677 7758 220 -2726 203 25 -71 17 -20 -28
1535510245.8341029 696 618 635 698 681 678 7766 368 -2652 272 342 98 16 -19 -27
1535510245.8852777 696 618 636 698 682 677 7646 310 -2644 148 67 -81 18 -22 -31
1535510245.95012 696 618 636 699 681 677 7760 302 -2604 301 28 62 18 -21 -27
1535510246.0171795 696 618 636 698 682 678 7676 332 -2610 164 123 -33 17 -20 -28
1535510246.2520924 696 618 635 698 681 677 7762 224 -2698 139 64 51 18 -21 -25
1535510246.2891085 696 618 636 698 681 678 7718 314 -2630 129 124 54 19 -18 -26
1535510246.3260689 696 618 635 698 681 678 7752 284 -2586 181 191 -36 17 -19 -28
1535510246.3693547 697 618 635 698 682 678 7762 304 -2588 404 174 32 17 -20 -27
1535510246.4172297 696 618 636 698 681 678 7716 330 -2646 177 174 47 18 -19 -28
1535510246.4633253 696 618 636 698 682 677 7722 286 -2592 234 136 9 15 -19 -27
1535510246.5092678 696 618 636 698 681 678 7702 290 -2624 245 230 -26 17 -20 -26
1535510246.5582845 696 618 636 698 681 677 7730 248 -2646 171 169 -42 19 -19 -25
1535510246.6114316 696 618 635 698 682 678 7746 320 -2634 345 268 55 18 -19 -28
1535510246.6792722 696 617 636 699 681 677 7828 284 -2610 154 35 -36 16 -21 -27
1535510246.9081228 696 618 636 699 682 677 7710 324 -2638 289 204 72 17 -20 -26
1535510246.9482973 696 618 636 699 682 678 7738 340 -2646 188 122 -30 18 -20 -27
1535510246.983962 696 618 636 698 681 678 7732 320 -2560 226 99 -27 15 -18 -27
1535510247.0244446 696 617 636 698 681 678 7772 316 -2652 277 168 15 18 -19 -28
1535510247.073354 697 617 636 698 682 677 7774 334 -2544 246 154 12 18 -18 -29
1535510247.1204183 697 618 636 698 681 677 7762 326 -2576 178 54 5 18 -20 -27
1535510247.165213 697 618 635 698 681 678 7726 282 -2576 259 210 38 17 -19 -28
1535510247.2122548 697 617 636 699 682 677 7782 346 -2588 189 152 -18 14 -19 -25
1535510247.2722757 697 618 636 698 682 678 7712 330 -2602 199 133 -6 18 -21 -30
1535510247.3440616 697 618 635 698 681 678 7784 292 -2648 93 -23 -1 20 -21 -28
1535510247.5940034 697 618 636 698 681 678 7766 314 -2526 167 -19 -38 17 -20 -26
1535510247.637199 696 618 635 698 682 677 7842 270 -2596 -217 213 -155 17 -21 -26
1535510247.6771133 697 618 635 698 681 678 7796 -38 -2616 319 206 296 18 -21 -26
1535510247.7224364 697 618 635 698 682 678 7550 584 -2402 953 1806 -652 17 -21 -27
1535510247.7701464 696 618 636 698 682 678 8004 -12 -2650 -607 -433 -175 16 -21 -27
1535510247.8182526 697 618 636 698 682 677 7404 652 -2514 656 350 1343 17 -21 -27
1535510247.8660533 697 618 635 698 681 678 7680 344 -2544 242 343 -313 18 -19 -28
1535510247.9121118 696 617 635 698 681 678 7620 322 -2486 423 305 547 18 -21 -28
1535510247.9550545 696 618 635 698 682 678 7930 146 -2590 -27 -61 -69 18 -20 -28
1535510248.0163229 696 618 636 698 682 677 7660 376 -2468 315 309 -41 17 -21 -27
1535510248.2579203 696 618 635 698 682 677 7698 284 -2606 318 275 70 18 -19 -27
1535510248.2938707 697 618 635 698 682 678 7864 210 -2450 334 98 391 15 -19 -27
1535510248.3319852 697 618 635 698 682 678 7788 254 -2496 211 295 -118 18 -20 -26
1535510248.3712056 697 618 635 699 681 678 7796 248 -2406 345 162 -26 19 -20 -27
1535510248.4169211 697 618 635 698 682 677 7930 206 -2440 397 58 54 18 -21 -26
1535510248.4623115 697 618 636 698 682 678 7686 284 -2556 141 157 -80 18 -20 -27
1535510248.511118 697 618 635 698 682 678 7810 248 -2506 243 96 72 15 -20 -26
1535510248.5601037 696 618 636 699 681 678 7868 226 -2400 181 79 -97 16 -19 -27
1535510248.6141336 697 618 635 698 681 678 7708 286 -2552 408 416 53 19 -20 -26
1535510248.6800709 697 618 635 699 681 678 7834 298 -2454 138 -58 -41 18 -19 -27
1535510248.9137826 697 618 635 698 681 678 7922 250 -2368 340 97 100 16 -21 -26
1535510248.9498003 697 618 635 698 681 677 7692 296 -2448 141 211 -147 17 -19 -27
1535510248.9859834 696 618 635 698 681 678 7798 254 -2560 258 92 38 17 -20 -27
1535510249.0261319 696 618 636 698 681 678 7776 242 -2446 189 91 2 17 -17 -25
1535510249.0729783 697 618 635 698 681 678 7830 190 -2478 349 8 46 19 -20 -26
1535510249.1202834 697 618 635 699 681 678 7704 262 -2530 182 43 46 18 -19 -26
1535510249.1681767 697 618 636 698 682 678 7756 238 -2592 109 121 -28 18 -20 -27
1535510249.2118816 697 618 635 698 682 678 7814 248 -2448 238 -55 2 18 -19 -25
1535510249.2706048 697 618 636 698 681 678 7716 278 -2664 304 346 49 17 -21 -26
1535510249.3378873 696 617 635 698 681 678 7756 312 -2568 179 58 -89 19 -20 -25
1535510249.5588164 696 618 636 698 681 677 7774 288 -2454 130 183 39 18 -19 -27
1535510249.596034 696 618 635 698 682 678 7722 206 -2484 302 116 -65 18 -19 -28
1535510249.6440046 696 618 635 698 681 678 7790 216 -2520 225 -94 -37 17 -20 -27
1535510249.690033 696 617 635 698 682 677 7756 216 -2540 118 47 25 17 -20 -28
1535510249.7370484 696 618 635 698 682 678 7776 290 -2476 167 118 67 18 -19 -25
1535510249.7851396 696 618 635 698 681 677 7872 168 -2504 296 123 91 18 -20 -26
1535510249.835076 696 617 635 698 682 678 7730 344 -2468 305 314 -90 19 -20 -29
1535510249.8830323 696 618 635 698 682 677 7782 230 -2530 310 35 -81 17 -19 -27
1535510249.9320347 696 618 635 698 682 678 7784 210 -2474 226 372 13 16 -18 -27
1535510250.0038927 696 618 635 698 681 678 7730 322 -2534 453 277 -10 17 -19 -25
1535510250.1887105 696 618 635 698 682 678 7744 302 -2546 249 310 -30 20 -19 -27
1535510250.2267015 696 618 635 698 682 678 7722 278 -2458 199 96 67 17 -21 -26
1535510250.2637384 696 618 636 698 682 678 7744 300 -2430 179 104 26 17 -18 -25
1535510250.3070624 696 618 635 698 682 677 7764 304 -2472 203 108 66 20 -17 -26
1535510250.3498507 696 617 635 698 681 678 7748 274 -2488 119 78 -58 18 -19 -26
1535510250.3939552 697 618 635 698 682 678 7846 232 -2486 306 -7 85 18 -19 -26
1535510250.4596682 697 618 635 698 682 678 7796 274 -2544 196 75 -61 17 -18 -27
1535510250.5259266 697 618 635 698 682 678 7732 264 -2514 289 206 9 17 -19 -27
1535510250.5908248 696 618 636 698 681 678 7788 238 -2514 131 74 -1 17 -19 -26
1535510250.6558459 696 618 635 698 681 678 7812 248 -2446 320 154 38 18 -19 -27
1535510250.8408117 696 618 635 698 681 678 7786 240 -2478 255 236 -15 18 -18 -26
1535510250.8737767 696 618 635 698 682 677 7844 204 -2430 241 60 -31 20 -19 -25
1535510250.9097855 697 618 635 698 681 677 7800 286 -2498 305 118 50 16 -22 -27
1535510250.953797 696 617 635 698 681 678 7752 338 -2482 299 203 -27 18 -20 -28
1535510250.999904 696 618 635 698 681 678 7848 238 -2486 141 77 -29 17 -19 -27
1535510251.0551558 696 618 635 698 681 677 7692 344 -2500 202 211 20 19 -19 -26
1535510251.1207364 696 617 635 698 681 678 7894 204 -2470 188 -7 -81 17 -21 -27
1535510251.1859622 696 618 635 698 681 678 7782 284 -2468 286 85 129 17 -19 -25
1535510251.2539392 696 618 635 698 681 678 7694 320 -2480 254 135 -14 19 -20 -27
1535510251.3208182 696 618 636 698 681 677 7746 298 -2518 288 191 23 18 -19 -26
1535510251.5588028 696 618 635 698 681 678 7772 238 -2500 133 90 -40 16 -21 -26
1535510251.5967557 696 618 635 698 682 678 7810 214 -2424 237 72 58 18 -21 -26
1535510251.6400185 696 618 636 698 681 678 7754 300 -2432 207 98 -16 20 -20 -26
1535510251.6828685 696 618 635 698 681 678 7752 218 -2498 277 93 -61 17 -20 -26
1535510251.7270277 696 618 635 698 681 677 7824 258 -2476 286 228 11 18 -21 -26
1535510251.774046 697 617 635 698 681 678 7680 312 -2516 314 131 50 18 -18 -26
1535510251.8199751 696 618 635 698 682 678 7800 282 -2470 47 73 -25 18 -20 -27
1535510251.865981 696 618 635 698 681 677 7784 230 -2396 269 158 33 17 -21 -27
1535510251.9119966 696 617 635 698 682 677 7790 260 -2494 181 145 -30 17 -20 -26
1535510251.977915 696 618 635 698 682 678 7832 286 -2466 224 66 40 19 -19 -27
1535510252.17259 696 618 635 698 681 678 7822 206 -2450 232 124 -13 18 -18 -24
1535510252.2066567 696 618 635 698 681 678 7790 296 -2448 233 177 31 17 -20 -27
1535510252.2457945 696 618 635 698 682 678 7832 238 -2432 242 84 -27 19 -21 -26
1535510252.2959867 696 618 635 698 681 677 7782 284 -2444 362 134 104 20 -20 -25
1535510252.3459146 696 618 635 698 681 678 7694 242 -2546 90 164 -100 18 -20 -25
1535510252.3897674 696 618 635 698 681 678 7864 292 -2450 221 99 85 20 -21 -26
1535510252.442671 696 618 635 698 681 678 7698 258 -2550 226 239 -51 19 -20 -29
1535510252.5079234 696 617 635 698 681 677 7804 242 -2440 237 70 60 17 -19 -25
1535510252.5740483 697 618 636 698 681 678 7730 254 -2488 220 154 33 20 -20 -27
1535510252.6378615 697 617 635 698 681 678 7766 304 -2444 222 90 -6 18 -19 -28
1535510252.898628 696 618 636 698 681 678 7762 228 -2574 279 164 0 19 -19 -25
1535510252.9357142 697 618 636 698 681 678 7796 268 -2456 187 235 2 18 -19 -26
1535510252.9785893 696 618 635 698 681 678 7772 236 -2552 263 211 -23 18 -20 -26
1535510253.018942 696 617 635 698 681 678 7786 298 -2382 366 172 52 17 -19 -27
1535510253.0667734 697 617 635 698 681 677 7800 254 -2530 222 130 -32 18 -21 -26
1535510253.1129014 697 618 635 698 681 678 7836 254 -2488 227 0 42 20 -20 -26
1535510253.1587934 696 618 635 698 681 678 7760 354 -2452 129 123 -21 19 -20 -25
1535510253.2025995 696 617 635 698 681 678 7870 238 -2398 231 24 -47 18 -21 -25
1535510253.247944 697 617 635 698 681 678 7706 346 -2484 364 221 -15 18 -19 -26
1535510253.2997172 697 618 635 698 681 677 7776 292 -2504 274 159 -57 19 -21 -27
1535510253.5421324 697 618 635 698 681 677 7824 280 -2498 194 167 -2 18 -19 -27
1535510253.5815861 696 618 635 698 681 678 7628 988 -1938 563 33 492 18 -20 -26
1535510253.6229045 697 618 635 698 681 677 6568 -16 -2392 -371 40 -135 16 -21 -26
1535510253.675762 696 618 635 698 681 678 7734 224 -2856 -4265 -3608 -448 20 -20 -26
1535510253.721773 697 618 636 698 682 678 6272 -78 -3218 707 -2210 86 17 -21 -27
1535510253.7717705 696 618 635 698 681 678 7448 178 -3450 2443 -1493 543 18 -19 -29
1535510253.8259382 696 618 636 699 682 678 6296 2248 -2082 -2069 -8206 4452 19 -21 -32
1535510253.8767986 696 618 636 699 682 678 9044 270 -3242 3301 9007 32 21 -19 -26
1535510253.9265943 696 618 636 699 682 678 7036 -770 -826 -677 -12669 2315 20 -19 -29
1535510253.9951558 697 618 636 698 681 678 8208 34 -4120 5544 1412 -3783 18 -21 -32
1535510254.1984663 697 618 636 698 681 677 5966 -1368 -1536 -3285 -6456 2787 17 -20 -29
1535510254.2418401 696 618 635 698 681 677 7012 802 -1672 1111 1771 1940 17 -22 -30
1535510254.2836943 696 618 635 698 681 677 7478 -714 -3460 300 358 -2152 18 -21 -31
1535510254.3297513 696 617 636 698 682 677 7448 50 -3362 694 -1515 600 19 -19 -29
1535510254.375757 696 618 635 698 681 677 7490 -186 -3622 256 700 -548 20 -20 -31
1535510254.4206808 696 618 635 698 681 677 7552 118 -3106 23 773 303 19 -20 -29
1535510254.4816556 696 617 635 698 681 677 7644 -102 -2836 597 1090 188 19 -20 -31
1535510254.5486982 696 617 635 698 681 677 7686 -174 -2916 277 302 -60 18 -20 -29
1535510254.615622 696 618 635 698 681 677 7598 54 -2992 115 186 -75 21 -18 -29
1535510254.6844406 696 618 635 698 681 677 7758 -156 -3060 217 268 -48 19 -20 -29
1535510254.8724418 696 618 636 698 681 677 7618 86 -2858 -6 391 -10 19 -20 -29
1535510254.914699 696 618 636 698 681 677 7610 -130 -3002 -132 334 -159 17 -20 -29
1535510254.9524193 697 617 635 698 681 678 7522 116 -2904 53 388 -110 18 -20 -29
1535510254.9935038 697 617 635 698 681 678 7614 -6 -2928 219 220 50 18 -19 -29
1535510255.0368183 696 617 635 698 682 678 7640 -14 -2916 134 436 -232 20 -22 -29
1535510255.084932 696 618 635 698 681 678 7602 -20 -2994 373 247 -15 19 -21 -29
1535510255.1516893 697 618 635 698 681 678 7804 -2 -2862 121 -37 -24 18 -19 -28
1535510255.2168753 696 617 635 698 681 677 7606 58 -2874 232 430 -90 19 -21 -28
1535510255.2854233 696 617 635 698 681 678 7736 -40 -2954 253 230 -58 20 -21 -29
1535510255.3545332 696 618 635 698 681 678 7604 142 -2920 259 160 -28 19 -17 -28
1535510255.531379 696 618 635 698 681 678 7676 -46 -2944 -55 87 -79 18 -20 -29
1535510255.562369 696 618 635 698 681 677 7588 88 -2916 216 257 46 19 -19 -32
1535510255.599509 697 617 635 698 682 678 7646 30 -2854 84 247 -131 18 -20 -29
1535510255.6394994 696 618 635 698 681 678 7650 96 -2872 180 -132 -58 20 -19 -31
1535510255.68139 696 617 635 698 681 677 7728 -2 -2926 44 -44 -50 17 -19 -27
1535510255.7447748 696 618 635 698 681 677 7604 10 -2906 268 267 58 20 -21 -29
1535510255.808745 696 617 635 698 681 677 7652 82 -2826 116 97 15 18 -19 -29
1535510255.8757052 696 617 635 698 681 678 7672 -24 -2950 149 74 -20 20 -19 -28
1535510255.9404407 696 618 635 698 681 677 7708 20 -2912 296 164 78 19 -19 -30
1535510256.0075877 696 617 635 698 681 678 7638 122 -2878 242 228 -71 21 -22 -29
1535510256.1764033 696 618 635 698 681 678 7704 -10 -2932 171 214 -84 19 -21 -29
1535510256.2139106 696 617 635 698 682 677 7642 134 -2726 209 63 105 20 -21 -28
1535510256.2473123 696 617 635 698 681 678 7726 24 -2840 232 76 -60 19 -19 -30
1535510256.2864673 697 617 635 698 682 678 7658 50 -3010 327 98 -26 18 -18 -28
1535510256.3338404 696 617 635 698 681 678 7610 90 -2894 26 71 -51 18 -18 -28
1535510256.4007456 696 617 635 698 681 677 7728 8 -2786 195 145 -151 18 -20 -28
1535510256.4658065 696 618 635 698 681 677 7664 94 -2822 279 132 -4 19 -19 -30
1535510256.529832 696 617 635 698 681 677 7620 44 -2974 127 59 -49 18 -20 -27
1535510256.5998223 697 618 635 698 681 678 8022 712 -1950 -19 -1659 670 18 -20 -31
1535510256.6726193 696 617 635 698 681 677 7502 -666 -3296 -303 582 -635 20 -19 -29
1535510256.9004147 696 617 635 698 681 678 7364 58 -3130 2019 1972 -1442 19 -21 -27
1535510256.9353585 696 618 635 698 682 678 7856 634 -2152 -717 -3372 988 20 -21 -30
1535510256.9766917 696 617 635 698 682 677 5982 1998 -1762 1616 -1914 -645 18 -21 -30
1535510257.0166092 696 618 636 698 682 678 5966 1054 -3588 203 1936 -2583 17 -20 -28
1535510257.06962 696 618 636 699 682 679 2688 3270 -2056 1787 5513 -1074 18 -20 -30
1535510257.1215482 696 618 635 699 682 678 6504 -260 -1726 558 -1110 -1188 18 -18 -23
1535510257.1726136 697 618 635 699 682 678 4230 1136 -3260 1827 6429 -967 19 -18 -25
1535510257.2373824 696 617 635 699 681 677 8524 258 -974 -1 -3138 1387 17 -20 -20
1535510257.305444 696 618 635 698 682 677 7430 -6 -2558 1237 -7538 91 17 -20 -27
1535510257.3756218 696 617 635 698 681 677 7014 -24 -2172 -49 1349 -1927 14 -19 -28
1535510257.6535203 696 617 635 698 681 677 8052 -296 -3316 470 -866 2730 16 -19 -28
1535510257.6953595 696 617 635 698 681 677 7636 62 -2890 -218 1380 -638 18 -19 -26
1535510257.732243 696 617 635 698 681 677 7726 130 -2584 -304 419 684 19 -19 -27
1535510257.770345 696 617 635 698 681 676 7780 128 -2506 -191 629 -191 19 -21 -26
1535510257.813767 697 617 635 698 681 677 7662 136 -2590 560 375 -29 18 -19 -28
1535510257.861458 697 617 635 698 681 677 7632 132 -2734 336 292 87 18 -19 -27
1535510257.9114313 696 617 635 698 681 677 7790 -40 -2682 223 479 88 18 -19 -28
1535510257.958455 696 617 635 698 681 677 7698 160 -2686 151 134 -53 17 -20 -26
1535510258.004547 696 617 635 698 681 677 7780 70 -2576 184 183 -16 18 -18 -26
1535510258.0515401 696 617 635 698 681 676 7720 48 -2650 375 318 39 20 -17 -26
1535510258.3187647 696 617 635 698 681 677 7698 92 -2652 163 316 -185 16 -19 -26
1535510258.354153 696 617 635 698 681 677 7752 124 -2626 135 212 91 18 -22 -27
1535510258.3994439 696 617 635 698 681 677 7784 84 -2566 190 160 -109 18 -18 -25
1535510258.4445326 696 617 635 698 681 677 7748 168 -2536 69 152 131 17 -20 -25
1535510258.4925418 696 617 635 698 681 677 7710 60 -2614 114 -24 16 19 -20 -27
1535510258.538374 696 617 635 698 681 677 7792 86 -2556 246 317 51 17 -19 -26
1535510258.584658 696 617 635 698 681 676 7764 6 -2570 30 62 -120 18 -19 -25
1535510258.6334894 696 617 635 698 681 677 7724 90 -2556 367 229 118 19 -19 -25
1535510258.6835032 697 617 635 698 681 676 7740 174 -2590 145 241 -93 17 -20 -26
1535510258.728626 697 617 635 698 681 676 7808 74 -2616 334 132 60 15 -19 -26
1535510259.0002816 696 617 635 698 681 677 7702 150 -2496 205 146 3 18 -18 -27
1535510259.0371532 696 617 635 698 681 677 7794 74 -2584 172 194 -34 19 -19 -28
1535510259.0732708 695 617 635 698 681 677 7780 98 -2542 234 -32 129 17 -20 -27
1535510259.112468 696 617 635 698 681 676 7686 128 -2634 138 85 -76 18 -20 -26
1535510259.1584191 696 617 635 698 681 677 7786 -2 -2588 150 0 54 18 -19 -26
1535510259.207664 695 617 635 698 681 677 7708 114 -2588 278 139 -18 19 -19 -26
1535510259.2545223 696 617 635 698 681 678 7810 26 -2612 213 106 53 17 -18 -27
1535510259.3034997 696 617 635 698 681 677 7708 138 -2550 226 211 -14 17 -19 -27
1535510259.3494017 695 617 635 698 681 677 7732 46 -2616 243 26 39 17 -19 -27
1535510259.3974 696 617 635 698 681 677 7746 112 -2548 273 106 -4 18 -21 -27
1535510259.6300375 696 617 635 698 681 677 7838 2 -2606 120 95 9 19 -20 -25
1535510259.663089 696 617 635 698 681 677 7724 108 -2572 254 105 41 18 -18 -27
1535510259.700429 696 617 635 698 681 676 7774 112 -2566 250 117 -16 18 -19 -27
1535510259.7423148 696 617 635 698 681 677 7756 64 -2614 331 184 -28 20 -21 -25
1535510259.7822883 696 617 635 698 681 677 7790 34 -2554 187 20 -42 18 -19 -28
1535510259.8252711 695 617 635 698 681 678 7720 150 -2568 228 19 44 19 -17 -25
1535510259.8702736 696 617 635 698 681 677 7786 46 -2570 89 266 -84 19 -18 -27
1535510259.9134533 695 617 635 698 681 677 7744 80 -2572 365 129 58 16 -18 -26
1535510259.9558742 696 617 635 698 681 677 7696 120 -2634 201 151 14 17 -17 -25
1535510260.0152283 696 617 635 698 680 677 7774 54 -2586 272 116 -44 20 -20 -26
1535510260.1580412 697 617 635 698 681 677 7742 148 -2600 263 91 148 18 -21 -28
1535510260.1960366 696 617 635 698 681 677 7736 126 -2614 169 205 -89 18 -20 -26
1535510260.230024 696 617 635 698 681 678 7866 42 -2518 213 78 22 20 -21 -27
1535510260.2791653 696 617 635 698 681 677 7698 192 -2590 193 137 -23 19 -19 -27
1535510260.3450522 696 617 635 698 681 677 7848 60 -2592 302 182 -89 19 -20 -27
1535510260.4122179 696 617 635 698 681 677 7772 148 -2634 180 223 -49 16 -19 -26
1535510260.476151 696 617 635 698 681 677 7706 62 -2608 127 24 -8 19 -18 -26
1535510260.5391936 696 617 635 698 681 677 7818 122 -2524 93 0 50 16 -20 -27
1535510260.6054935 696 617 635 698 681 677 7750 82 -2580 142 124 -23 19 -20 -27
1535510260.6747024 696 617 635 698 681 677 7760 108 -2592 256 32 -23 19 -17 -27
1535510260.864102 696 617 635 698 681 677 7978 28 -2092 -196 -706 54 20 -19 -25
1535510260.9000058 696 617 635 698 681 677 7414 24 -3066 1661 1003 -120 19 -18 -26
1535510260.9435482 696 617 635 698 681 677 7518 -386 -2734 -2743 -1680 -1161 20 -19 -27
1535510260.9872003 696 617 635 698 681 677 8422 276 -2518 -2130 -2755 -975 18 -19 -28
1535510261.0342052 697 617 635 698 681 677 10000 -600 -3100 938 -4812 4066 23 -19 -28
1535510261.1011412 696 617 636 698 681 677 8162 -1102 -4778 -4208 -574 -2637 20 -19 -30
1535510261.1711183 697 618 635 698 681 677 7878 332 -3910 1393 6013 -417 21 -21 -30
1535510261.2439845 696 618 636 698 681 677 7228 454 -2894 -4177 -4039 -2191 21 -22 -31
1535510261.3141549 696 618 636 698 681 677 7696 344 -4180 6415 7614 1296 20 -20 -31
1535510261.3886213 696 617 635 698 681 676 9714 -1960 -1254 5223 -5536 3963 22 -21 -28
1535510261.5979772 695 617 635 698 681 676 5174 -616 -3168 2507 5019 -7799 18 -20 -29
1535510261.6403775 696 617 635 698 681 677 7626 -80 -2562 -1364 -546 4003 18 -22 -26
1535510261.6821434 696 617 635 698 681 676 7778 -274 -2682 1321 1927 -1287 20 -19 -27
1535510261.7243295 695 617 635 698 681 677 7696 -282 -3056 -216 -814 225 19 -21 -28
1535510261.763023 695 617 635 698 681 677 7566 -152 -3024 -175 455 -328 18 -21 -29
1535510261.813151 696 617 635 698 681 677 7770 -198 -2690 -125 331 -98 17 -20 -28
1535510261.8820827 696 617 635 698 681 676 7636 -136 -2672 -100 335 71 19 -19 -28
1535510261.9477715 696 617 635 698 681 677 7604 -68 -2798 204 401 -12 20 -18 -27
1535510262.0131445 696 617 635 698 681 676 7698 -178 -2850 83 221 8 18 -19 -28
1535510262.0814173 696 617 635 698 680 677 7728 -114 -2698 145 193 -110 18 -17 -28
1535510262.3250098 696 617 635 698 681 677 7706 -78 -2780 195 -40 -56 19 -21 -27
1535510262.361918 696 617 635 698 681 676 7638 -110 -2758 186 329 77 20 -21 -28
1535510262.401047 696 617 635 698 681 677 7636 -118 -2806 548 388 -121 16 -18 -29
1535510262.4481618 696 617 635 698 681 677 7756 -104 -2748 104 123 -171 18 -19 -28
1535510262.4933999 696 617 635 698 681 677 7738 -94 -2768 279 228 82 17 -18 -28
1535510262.5421517 696 617 635 698 681 676 7710 -34 -2758 81 190 -208 18 -18 -25
1535510262.591243 696 617 635 698 680 677 7650 -140 -2754 260 191 133 18 -21 -26
1535510262.6412778 696 617 635 698 681 677 7680 -134 -2784 64 128 -189 19 -18 -27
1535510262.690365 696 617 635 698 681 677 7676 -68 -2692 181 123 98 19 -18 -27
1535510262.75813 696 617 635 698 681 677 7664 -108 -2800 153 145 -77 18 -19 -29
1535510263.025911 696 617 635 698 681 677 7782 -130 -2698 298 25 56 20 -19 -28
1535510263.063803 696 617 635 698 681 677 7634 -62 -2742 329 207 27 20 -21 -28
1535510263.1031272 696 617 635 698 680 677 7646 -76 -2764 181 196 -37 16 -19 -29
1535510263.1511734 696 617 635 698 681 677 7670 -64 -2774 235 159 32 16 -19 -30
1535510263.1969528 695 617 635 698 681 677 7716 -100 -2722 129 161 123 20 -19 -26
1535510263.2460124 696 617 635 698 681 677 7624 0 -2722 151 204 86 18 -19 -28
1535510263.2931736 695 617 635 698 681 676 7786 -140 -2808 131 -14 -89 18 -18 -26
1535510263.3421648 696 617 635 698 681 677 7730 -72 -2708 226 312 133 17 -21 -26
1535510263.390937 696 616 635 698 681 676 7712 -160 -2690 87 196 -82 17 -19 -28
1535510263.4374685 696 617 635 698 681 676 7732 -140 -2718 367 360 176 18 -18 -27
1535510263.66288 695 617 635 698 681 676 7634 -4 -2718 214 199 -57 20 -19 -25
1535510263.7050722 696 617 635 698 681 676 7720 -152 -2840 220 19 -18 18 -19 -29
1535510263.7449946 696 616 635 698 680 677 7650 4 -2728 159 317 22 18 -18 -28
1535510263.787026 696 617 635 698 681 676 7708 -116 -2748 199 341 56 19 -20 -25
1535510263.83305 696 617 635 698 681 677 7760 -110 -2540 198 -126 -133 19 -19 -27
1535510263.877126 697 617 635 698 681 677 7710 -124 -2658 214 -11 -108 18 -19 -29
1535510263.9220018 696 617 635 698 681 677 7566 -6 -2790 97 214 41 18 -17 -26
1535510263.9629846 696 617 635 698 681 677 7804 -146 -2628 -39 -127 -2 20 -18 -27
1535510264.0270805 696 617 635 698 681 677 7728 -38 -2656 178 -35 55 17 -21 -26
1535510264.0968497 696 617 635 698 681 676 7660 -132 -2780 186 28 -46 20 -18 -26
1535510264.2827928 696 617 635 698 681 677 7828 -90 -2646 291 299 106 18 -18 -28
1535510264.3168156 695 617 635 698 681 677 7688 -48 -2672 241 168 -128 19 -19 -27
1535510264.3645248 696 617 635 698 681 677 7784 -170 -2658 186 180 34 19 -20 -27
1535510264.4069786 696 617 635 698 681 677 7614 30 -2836 440 196 8 17 -18 -29
1535510264.4521682 696 617 635 698 680 676 7700 -86 -2772 -51 101 -174 17 -19 -27
1535510264.4920642 696 617 635 698 681 677 7676 26 -2606 519 241 99 22 -18 -28
1535510264.5601764 696 617 635 698 681 677 7608 -230 -2870 2 167 -425 20 -19 -27
1535510264.631129 696 616 635 698 680 677 7910 -410 -2568 -2609 156 -454 20 -20 -28
1535510264.7018592 696 617 635 698 681 677 6560 1372 -2234 -1204 -36 820 20 -19 -26
1535510264.7818975 696 616 635 698 681 677 7924 34 -1468 3045 720 1514 20 -19 -27
1535510264.9639535 696 617 635 698 681 677 6094 754 -3132 488 7154 -3628 20 -19 -26
1535510265.0088418 696 617 635 698 681 677 8774 -692 -1634 -2485 -5336 13 20 -17 -23
1535510265.0519164 696 617 635 698 681 677 8352 1732 -2516 2653 -1759 239 18 -18 -26
1535510265.097874 695 616 635 698 681 676 7436 -1616 -4300 1839 -585 -1405 19 -21 -27
1535510265.1428177 695 617 635 698 681 676 6464 1720 -1574 2716 3603 52 16 -19 -28
1535510265.196739 695 617 635 698 680 676 8556 -962 -2904 -247 -2534 3191 17 -19 -29
1535510265.2649333 695 617 635 698 680 676 7280 240 -3094 492 426 -799 19 -20 -28
1535510265.333024 696 616 635 698 680 677 7816 -208 -3190 741 690 628 18 -20 -30
1535510265.4009132 695 617 635 698 681 677 7764 -138 -2564 -18 160 21 21 -18 -28
1535510265.466 695 617 635 698 681 677 7686 -158 -2690 312 391 1 17 -18 -28
1535510265.6247282 695 617 635 698 681 677 7462 -106 -3006 36 607 48 16 -19 -29
1535510265.6622727 695 616 635 698 681 677 7796 -256 -2870 -1163 664 -224 20 -20 -27
1535510265.7007506 696 616 635 698 681 677 7702 106 -2462 -12 281 -28 20 -20 -28
1535510265.743992 695 616 635 698 680 677 7868 -176 -2732 -443 269 -193 19 -21 -28
1535510265.8068726 695 616 635 698 680 677 7714 -90 -2798 -173 261 44 18 -20 -28
1535510265.8769677 695 617 635 698 680 676 7746 -20 -2554 -205 168 -121 20 -20 -27
1535510265.940658 696 617 635 698 680 677 7728 32 -2678 82 161 -4 18 -18 -27
1535510266.0059683 695 617 635 698 680 677 7678 0 -2782 177 209 -40 19 -19 -28
1535510266.0708616 696 617 635 698 681 676 7740 4 -2700 252 241 -35 20 -19 -26
1535510266.132923 695 617 635 698 680 677 7698 44 -2706 255 71 4 19 -19 -28
1535510266.3627763 695 617 635 698 680 677 7738 -16 -2688 273 328 -16 18 -19 -25
1535510266.402675 695 617 635 698 681 677 7668 24 -2696 330 260 -16 18 -19 -28
1535510266.4460433 696 616 635 698 680 677 7692 40 -2738 293 123 -12 19 -20 -28
1535510266.4858987 696 617 635 698 681 677 7740 30 -2664 167 137 27 20 -21 -27
1535510266.5315955 696 617 635 698 680 676 7760 -30 -2688 42 -146 -36 21 -19 -26
1535510266.5778246 695 616 635 698 681 677 7744 -12 -2662 174 10 51 18 -21 -26
1535510266.6259766 695 617 635 698 681 677 7722 44 -2656 193 287 -111 19 -20 -25
1535510266.6718304 696 617 635 698 680 677 7750 36 -2672 315 101 7 19 -18 -27
1535510266.725895 696 617 635 698 681 677 7668 -16 -2776 121 10 -34 16 -19 -26
1535510266.7987044 695 617 635 698 680 677 7740 48 -2660 135 73 103 17 -20 -27
1535510267.0148768 696 617 635 698 681 677 7704 -2 -2684 221 426 -81 20 -20 -24
1535510267.0526772 696 616 635 698 681 677 7794 90 -2540 178 -428 237 20 -20 -27
1535510267.0886743 696 616 635 698 680 677 7416 38 -2428 320 -510 408 20 -19 -28
1535510267.1369536 696 617 635 698 680 677 7888 -60 -2532 1034 236 -573 20 -18 -26
1535510267.181064 695 617 635 698 681 677 7816 -160 -3058 313 965 -491 19 -18 -26
1535510267.2243087 696 616 635 698 681 677 7758 38 -3076 1038 302 -553 18 -18 -26
1535510267.2715917 695 617 635 698 680 677 7920 -218 -2162 -470 -3270 -1826 16 -19 -27
1535510267.3398683 696 616 635 698 681 676 7576 94 -2334 4328 3257 2238 19 -19 -27
1535510267.413201 696 617 635 698 681 676 10558 -2988 -2670 -1392 208 230 20 -16 -25
1535510267.4946642 696 617 635 698 681 677 6588 -204 -3602 -2960 -2220 -818 17 -19 -28
1535510267.6855388 696 617 635 698 681 676 8046 252 -2326 -800 -1359 -845 18 -17 -25
1535510267.7215188 695 617 635 698 681 676 8964 -784 -4128 4482 790 -3611 15 -21 -27
1535510267.7669635 696 616 635 698 681 675 5052 -38 -1182 -2105 -3790 -1789 14 -20 -27
1535510267.8136985 695 616 635 698 681 676 6378 1028 -2020 1588 -587 1616 14 -21 -27
1535510267.8649318 696 616 635 698 681 676 9902 -2172 -2660 160 -4584 4767 18 -20 -30
1535510267.914805 696 617 635 698 680 676 6696 736 -3176 761 319 -922 15 -18 -30
1535510267.9839835 696 616 635 698 680 676 7978 -364 -3724 34 -1662 1519 15 -19 -32
1535510268.0518687 696 617 635 698 681 676 7112 68 -3574 -173 860 -403 16 -21 -31
1535510268.1198592 695 616 635 698 680 677 7670 56 -3018 -664 1205 355 16 -21 -32
1535510268.186768 696 616 635 698 680 676 7424 132 -2864 111 1205 49 16 -19 -29
1535510268.4485533 696 616 635 698 681 676 7656 -32 -2884 211 529 282 14 -20 -29
1535510268.4865997 696 616 635 697 680 676 7538 18 -3050 33 782 283 16 -20 -30
1535510268.5245578 696 616 635 697 681 677 7762 14 -3008 116 589 214 17 -22 -30
1535510268.567994 695 616 635 698 680 676 7634 14 -2880 162 90 -65 18 -20 -30
1535510268.6139517 696 616 635 698 680 676 7652 2 -2772 250 303 135 19 -20 -29
1535510268.6589518 696 616 635 698 680 677 7580 48 -2980 331 121 27 15 -21 -28
1535510268.702642 695 616 635 698 681 677 7596 22 -2944 173 10 83 17 -19 -29
1535510268.74576 695 616 635 698 681 676 7628 -56 -2994 69 169 45 16 -19 -28
1535510268.792329 695 616 635 697 680 676 7622 -16 -2908 166 163 116 14 -20 -29
1535510268.8414733 695 616 635 697 680 676 7708 -48 -2940 -53 42 -25 18 -22 -29
1535510269.114453 695 616 635 697 681 676 7618 22 -2834 257 143 165 17 -20 -29
1535510269.153563 695 616 635 698 680 676 7664 -62 -2998 150 80 -40 18 -21 -28
1535510269.190481 695 616 635 698 681 676 7606 16 -2942 247 112 172 17 -20 -28
1535510269.2314718 695 616 635 698 680 676 7786 -86 -2750 44 76 -35 17 -21 -29
1535510269.2726192 695 616 635 697 680 676 7582 -12 -2906 456 27 105 17 -20 -27
1535510269.3170848 696 616 635 698 681 676 7616 -24 -3010 174 262 -49 17 -19 -29
1535510269.3639448 696 616 635 698 680 676 7664 -108 -2920 182 163 -10 17 -22 -27
1535510269.411649 695 616 635 698 680 677 7660 -36 -2688 220 227 177 18 -18 -28
1535510269.461108 695 616 635 698 680 677 7656 -62 -2864 290 200 -104 16 -21 -29
1535510269.5076325 695 616 635 698 680 677 7702 -80 -2968 469 317 169 17 -22 -29
1535510269.670607 695 616 635 698 681 677 7568 -82 -2968 207 242 20 16 -20 -29
1535510269.7044694 695 616 635 697 680 677 7680 -68 -2790 133 290 46 15 -20 -26
1535510269.7416532 696 616 635 698 680 677 7640 -24 -2742 229 63 27 17 -20 -31
1535510269.778036 696 616 635 697 680 676 7700 -126 -2898 5 193 38 16 -20 -28
1535510269.8365867 695 616 635 698 680 677 7496 22 -2918 -216 441 133 18 -21 -28
1535510269.9048853 695 616 634 697 680 676 7808 -58 -2806 -631 463 -16 16 -19 -28
1535510269.9703534 696 616 635 698 681 677 7602 88 -2748 -162 56 -16 17 -19 -28
1535510270.037141 695 616 635 697 680 676 7840 -60 -2722 12 -227 89 18 -21 -28
1535510270.103636 695 616 635 698 680 677 7604 72 -2878 153 -130 50 19 -19 -28
1535510270.1834357 695 616 635 697 681 677 7632 -76 -2950 10 -189 169 17 -19 -27
1535510270.4213989 695 616 635 698 680 677 7778 138 -3108 70 88 -231 15 -18 -29
1535510270.4588645 695 616 635 697 680 677 7558 -106 -3128 199 543 -189 17 -19 -29
