1534184770.235806 635 553 593 680 578 682 -3280 5240 -5584 -532 287 249 -53 117 -67
1534184770.291834 635 552 592 680 578 682 -3174 5352 -5622 250 232 266 -52 116 -64
1534184770.3757803 635 552 592 680 578 682 -3128 5362 -5690 155 176 16 -56 116 -65
1534184770.4354193 635 553 592 680 578 681 -3188 5354 -5636 173 -3 -22 -53 118 -66
1534184770.497935 635 552 592 680 578 681 -3198 5358 -5558 382 67 26 -55 118 -65
1534184770.5760458 635 552 592 680 578 682 -3164 5374 -5718 502 98 63 -53 118 -64
1534184770.648868 634 553 593 680 578 682 -3226 5274 -5596 76 305 90 -54 118 -64
1534184770.7196171 635 552 592 680 578 681 -3106 5388 -5600 360 138 -57 -55 118 -66
1534184770.7859192 635 552 592 680 578 681 -3244 5244 -5656 194 64 21 -53 120 -64
1534184770.8551738 635 552 592 680 578 682 -3182 5370 -5626 225 34 61 -54 118 -64
1534184770.981968 634 552 592 680 578 682 -3180 5314 -5632 344 183 105 -55 120 -63
1534184771.028832 635 553 592 680 578 682 -3152 5352 -5658 226 135 7 -53 118 -64
1534184771.0913148 635 552 591 680 578 682 -3240 5286 -5620 207 55 49 -54 117 -65
1534184771.1890733 634 552 592 680 578 681 -3156 5350 -5634 324 101 7 -55 118 -64
1534184771.2379453 634 552 592 680 578 682 -3168 5364 -5668 223 33 103 -54 119 -64
1534184771.3137395 635 552 592 680 578 681 -3242 5346 -5618 345 93 -54 -53 118 -64
1534184771.3516386 635 553 592 679 578 681 -3194 5326 -5660 250 154 9 -55 118 -64
1534184771.4054942 634 552 592 679 578 681 -3158 5304 -5634 345 59 94 -54 116 -66
1534184771.4812918 634 552 592 680 578 681 -3218 5294 -5676 252 117 84 -54 118 -64
1534184771.5411325 634 552 592 680 578 681 -3160 5326 -5666 339 43 47 -53 118 -66
1534184771.6089516 634 552 591 680 578 682 -3208 5326 -5686 278 87 65 -55 118 -65
1534184771.6797626 635 552 592 680 578 681 -3200 5288 -5576 295 212 -11 -54 117 -66
1534184771.7705193 634 552 592 680 578 682 -3236 5314 -5630 303 144 83 -55 119 -65
1534184771.8632715 635 553 593 679 578 681 -3182 5342 -5620 347 29 32 -55 119 -66
1534184771.924109 635 553 592 680 578 681 -3176 5268 -5674 260 169 46 -53 118 -65
1534184772.0068874 634 553 592 680 578 681 -3168 5322 -5590 197 178 24 -55 117 -63
1534184772.0346735 635 552 592 680 578 681 -3230 5314 -5706 218 80 73 -55 120 -64
1534184772.0910754 635 552 591 680 578 681 -3202 5340 -5700 234 76 52 -55 119 -65
1534184772.1608891 635 552 592 680 578 681 -3174 5326 -5642 265 127 58 -54 117 -64
1534184772.2191935 635 552 592 680 578 681 -3204 5316 -5602 237 176 40 -53 118 -67
1534184772.2972991 635 552 592 680 578 681 -3234 5400 -5642 214 137 -6 -54 117 -64
1534184772.3597834 635 553 592 680 578 681 -3180 5316 -5690 300 216 74 -55 119 -62
1534184772.422275 635 552 591 680 578 682 -3202 5312 -5636 274 124 29 -53 117 -63
1534184772.5003753 635 552 592 680 578 681 -3164 5330 -5620 236 77 114 -54 118 -65
1534184772.5777988 634 552 592 680 577 681 -3232 5318 -5642 -51 -165 165 -54 119 -64
1534184772.6353655 635 552 591 680 578 681 -3226 5452 -5556 195 39 144 -55 117 -65
1534184772.7025428 635 552 592 680 578 681 -3230 5224 -5730 181 17 67 -54 117 -64
1534184772.7822056 635 553 592 679 578 682 -3154 5332 -5674 274 14 144 -56 115 -64
1534184772.8503923 635 552 593 680 578 681 -3058 5146 -5896 653 231 228 -53 119 -65
1534184772.9130802 635 552 592 680 578 681 -3128 5178 -5990 126 -671 925 -55 118 -66
1534184772.9939039 635 553 592 680 578 681 -3174 5458 -5494 332 -833 958 -55 117 -67
1534184773.0665827 635 552 592 680 578 681 -3310 5740 -5110 61 -261 327 -56 117 -64
1534184773.136602 635 552 593 680 578 681 -3240 5366 -5512 631 511 -200 -57 114 -65
1534184773.2059464 635 552 591 680 578 681 -3130 5246 -5804 215 13 12 -57 115 -64
1534184773.2744262 635 552 592 680 578 682 -3206 5416 -5548 72 173 31 -56 118 -63
1534184773.335044 635 552 591 680 578 682 -3138 5354 -5664 499 223 -42 -57 115 -65
1534184773.4131515 635 553 592 680 578 682 -3136 5388 -5650 294 177 18 -58 114 -65
1534184773.4756374 635 552 592 680 578 681 -3180 5336 -5560 162 162 74 -58 114 -66
1534184773.5520258 635 553 592 680 578 682 -3134 5352 -5604 249 78 -13 -55 116 -65
1534184773.6183949 635 553 591 680 578 682 -3176 5378 -5632 167 220 81 -55 115 -63
1534184773.6931615 635 552 591 680 578 681 -3194 5306 -5608 53 180 96 -57 116 -65
1534184773.7494226 635 552 592 680 578 682 -3206 5392 -5608 7 82 25 -59 115 -65
1534184773.8249316 635 552 591 679 578 681 -3214 5414 -5576 157 192 -37 -58 115 -64
1534184773.8826559 635 553 592 679 578 681 -3142 5428 -5640 324 267 4 -57 114 -63
1534184773.9608626 635 552 592 680 578 682 -3152 5438 -5604 270 398 -4 -57 117 -65
1534184774.031619 635 552 591 680 578 681 -3132 5410 -5706 30 377 252 -56 115 -63
1534184774.0853567 635 553 592 680 578 681 -3104 5372 -5612 407 307 0 -57 116 -66
1534184774.1691906 635 553 591 679 578 682 -3138 5372 -5628 91 317 216 -56 114 -66
1534184774.233902 635 552 591 680 578 681 -3114 5314 -5616 216 88 70 -58 114 -60
1534184774.305863 635 552 591 679 578 681 -3084 5372 -5656 90 159 202 -57 114 -65
1534184774.3876693 635 552 592 679 578 682 -3104 5400 -5626 52 -7 204 -57 115 -65
1534184774.4345524 634 552 592 679 578 681 -3040 5508 -5620 131 215 400 -58 115 -63
1534184774.4972317 635 552 592 679 578 682 -3044 5414 -5560 6 51 100 -58 113 -66
1534184774.5703037 635 552 591 679 578 681 -3056 5392 -5580 325 147 10 -60 114 -67
1534184774.6454847 635 552 592 679 578 681 -3054 5436 -5534 321 79 84 -57 113 -64
1534184774.7022414 635 553 592 679 578 681 -3090 5402 -5646 240 89 44 -58 114 -65
1534184774.7821634 635 552 592 679 578 681 -3040 5432 -5644 333 91 65 -59 114 -65
1534184774.8530273 635 553 593 679 578 681 -3060 5492 -5588 323 36 45 -59 113 -64
1534184774.9155147 635 552 592 679 578 681 -3102 5390 -5552 298 100 202 -57 115 -65
1534184774.978 635 553 592 679 578 681 -3072 5556 -5528 512 62 -79 -58 113 -62
1534184775.0696757 635 553 592 679 578 681 -3034 5874 -5520 536 1992 815 -58 113 -64
1534184775.1420095 635 552 592 679 578 681 -3198 6058 -5546 3266 2841 213 -58 114 -64
1534184775.2034974 635 553 592 679 577 681 -2874 4484 -4908 439 -1282 -424 -60 112 -67
1534184775.281874 635 553 591 679 577 682 -3888 4614 -5272 -2829 6582 219 -60 113 -67
1534184775.3560286 636 553 593 679 578 682 -1346 6056 -6318 3783 2166 1254 -58 113 -64
1534184775.4268196 636 553 592 679 577 683 -2526 5594 -5950 3294 208 314 -62 108 -69
1534184775.5011904 636 553 592 680 577 683 -2578 5530 -6246 2112 -2739 -904 -64 109 -68
1534184775.5742397 636 553 593 680 577 683 -2610 5544 -6058 1111 -1078 104 -57 112 -69
1534184775.632819 635 553 592 679 578 683 -2610 5312 -6372 5090 -1687 64 -59 110 -68
1534184775.719923 635 552 592 679 577 682 -2772 5080 -7304 -23 -4975 -707 -55 112 -71
1534184775.805056 635 552 591 679 577 682 -3504 4398 -5224 -655 -3222 -356 -55 114 -68
1534184775.8674011 635 552 591 679 577 682 -3194 6034 -5232 -1095 1050 616 -53 116 -65
1534184775.9298873 635 552 591 679 578 682 -3304 4826 -5976 1233 1356 -191 -55 115 -66
1534184776.0098858 635 552 591 679 577 682 -2986 4912 -6192 -968 764 338 -54 118 -66
1534184776.068472 635 552 592 679 578 682 -3200 5204 -5766 93 -142 121 -57 116 -69
1534184776.1514707 635 552 592 679 578 681 -3046 5232 -5910 331 433 -21 -55 115 -68
1534184776.217905 635 552 591 679 578 682 -3112 5042 -5924 -113 246 91 -53 115 -70
1534184776.2883043 635 552 592 679 578 682 -3098 5144 -5776 7 29 98 -57 115 -70
1534184776.3503082 635 552 591 679 578 682 -3110 5234 -5880 -35 137 152 -54 115 -69
1534184776.428416 635 552 592 679 578 682 -3066 5204 -5872 267 185 47 -54 115 -67
1534184776.490902 635 552 591 680 578 681 -3038 5186 -5782 8 203 151 -56 114 -67
1534184776.5644777 635 552 591 679 578 682 -3124 5092 -5724 52 22 148 -55 115 -67
1534184776.6336281 635 552 592 680 578 682 -3058 5156 -5848 61 104 118 -56 115 -67
1534184776.701488 635 552 592 680 578 682 -3098 5216 -5830 330 151 98 -58 116 -68
1534184776.771394 634 552 592 680 577 681 -3116 5210 -5838 143 11 104 -57 115 -67
1534184776.8351042 635 552 592 680 578 681 -3060 5238 -5832 320 63 98 -57 115 -69
1534184776.8988585 634 552 592 679 577 681 -3114 5162 -5816 277 104 34 -58 116 -68
1534184776.9769225 635 552 591 679 578 681 -3092 5186 -5874 214 30 102 -56 114 -67
1534184777.0468044 635 552 592 679 577 681 -3088 5148 -5834 104 118 51 -56 114 -65
1534184777.1161816 635 552 591 679 577 681 -3058 5212 -5850 210 93 61 -57 115 -67
1534184777.1951792 635 552 592 679 578 682 -3108 5224 -5830 196 147 109 -54 114 -68
1534184777.249421 635 552 591 679 577 681 -3066 5218 -5828 176 153 51 -57 116 -68
1534184777.3229792 635 552 592 680 577 681 -3094 5214 -5782 117 98 74 -57 114 -69
1534184777.3839493 635 552 592 679 578 682 -3050 5326 -5754 177 110 35 -57 113 -65
1534184777.446435 635 552 591 679 578 681 -3088 5212 -5828 297 153 48 -58 113 -66
1534184777.5302196 635 552 592 680 578 681 -3072 5188 -5756 229 62 100 -55 114 -67
1534184777.5859392 635 552 592 679 578 682 -3054 5242 -5770 238 100 28 -58 114 -68
1534184777.6686494 635 552 592 679 578 682 -3054 5232 -5834 172 189 75 -58 113 -63
1534184777.7329192 635 552 592 679 578 682 -3088 5256 -5828 227 199 55 -56 113 -68
1534184777.8075476 635 552 592 679 578 681 -3064 5172 -5768 42 204 271 -57 115 -69
1534184777.8821387 635 552 592 679 577 681 -2986 5214 -5828 309 164 170 -57 114 -66
1534184777.9446254 635 552 591 680 578 681 -3066 5256 -5750 199 126 93 -59 114 -68
1534184778.007184 635 552 591 679 578 682 -3010 5198 -5830 290 72 -8 -55 116 -68
1534184778.0842612 635 552 591 679 577 682 -3162 5326 -5734 463 306 114 -55 114 -66
1534184778.1572955 635 553 593 679 578 681 -3140 4612 -5648 -3948 3386 -188 -59 113 -68
1534184778.2185557 635 552 592 679 578 681 -2000 6568 -6918 -2010 949 180 -56 113 -68
1534184778.3067007 635 552 592 679 577 681 -2202 6330 -5688 -2804 1780 -1484 -59 113 -65
1534184778.3666627 635 552 592 679 577 682 -3462 6646 -6404 -184 -293 -1380 -58 111 -65
1534184778.4447677 635 552 592 679 578 683 -2802 6506 -5242 -1959 887 732 -58 110 -61
1534184778.525382 636 552 592 680 577 683 -2954 5494 -4950 -940 248 -1524 -61 109 -63
1534184778.6021707 636 553 593 680 577 683 -2380 4784 -6448 -5786 5165 790 -62 110 -60
1534184778.6720688 636 553 593 680 578 683 -2072 6946 -4600 3212 1732 705 -59 109 -64
1534184778.7343538 636 553 593 681 578 684 -2590 5914 -5902 1064 -2196 -628 -62 109 -62
1534184778.8193524 636 553 593 681 578 683 -2306 6058 -5300 1212 -373 -479 -60 109 -66
1534184778.8818383 635 552 593 679 578 682 -3080 5600 -5554 3500 -1612 699 -61 107 -66
1534184778.9604957 635 552 593 679 578 682 -2222 5410 -6700 -734 -3229 -358 -60 110 -68
1534184779.0381384 635 552 592 679 577 682 -3612 5042 -4522 525 890 339 -58 112 -66
1534184779.102103 635 553 592 679 577 682 -2592 5252 -6320 1196 1971 467 -57 115 -69
1534184779.181041 635 552 593 679 578 682 -2702 5134 -6214 -226 -114 84 -58 113 -71
1534184779.2499719 635 552 592 679 577 682 -2804 5412 -5832 -43 -551 297 -58 114 -68
1534184779.3197834 635 552 593 679 578 682 -2946 5296 -5752 508 -49 164 -57 113 -70
1534184779.382277 635 552 592 679 577 682 -2782 5288 -5980 110 40 76 -58 113 -70
1534184779.4605763 635 552 592 679 577 682 -2826 5280 -5862 -233 -130 316 -54 113 -68
1534184779.5348523 635 552 592 679 577 681 -2898 5362 -5834 -992 -14 1276 -56 112 -68
1534184779.6014647 635 552 592 679 578 681 -2738 5454 -5776 -242 -407 608 -57 112 -67
1534184779.6772578 635 552 593 679 577 681 -2846 5382 -5720 523 -63 98 -60 112 -69
1534184779.7358587 635 552 592 679 577 682 -2774 5444 -5786 439 13 49 -62 111 -66
1534184779.8140292 635 552 592 679 577 682 -2810 5406 -5702 107 137 32 -59 111 -68
1534184779.8826666 635 552 592 679 577 681 -2840 5364 -5786 122 305 143 -59 111 -68
1534184779.9453132 635 552 592 679 577 681 -2734 5496 -5828 500 52 316 -61 110 -67
1534184780.0310977 635 552 592 678 577 682 -2792 5452 -5772 268 121 65 -59 111 -66
1534184780.0856254 635 552 592 679 577 682 -2788 5428 -5776 340 58 9 -58 112 -68
1534184780.1565428 635 552 592 679 577 682 -2872 5378 -5808 281 151 32 -61 108 -67
1534184780.2184033 635 552 592 678 577 681 -2786 5426 -5804 137 93 58 -57 111 -67
1534184780.2945085 635 552 592 679 578 682 -2792 5428 -5802 380 57 68 -59 109 -67
1534184780.3501165 635 552 592 678 577 682 -2802 5442 -5758 265 153 31 -62 111 -67
1534184780.4282243 635 552 592 678 577 681 -2804 5426 -5766 165 72 20 -61 109 -67
1534184780.4907963 635 553 592 678 577 681 -2778 5446 -5766 351 175 29 -57 111 -67
1534184780.5699635 635 552 592 678 578 682 -2784 5334 -5766 186 173 41 -59 111 -66
1534184780.632914 635 552 592 678 577 681 -2790 5466 -5750 198 72 -2 -59 112 -66
1534184780.7031217 635 552 592 678 577 682 -2784 5410 -5746 333 219 60 -59 113 -67
1534184780.7657683 635 552 592 679 578 682 -2856 5410 -5800 300 115 74 -59 110 -66
1534184780.8349133 635 552 592 678 577 681 -2786 5336 -5776 166 64 -85 -62 112 -67
1534184780.914452 635 552 592 678 577 681 -2752 5416 -5862 233 104 181 -57 114 -69
1534184780.9768806 635 552 593 678 577 682 -2814 5398 -5782 157 110 36 -60 112 -67
1534184781.053029 635 552 592 679 577 681 -2838 5388 -5794 237 35 41 -60 110 -67
1534184781.1169372 635 552 592 678 577 681 -2808 5452 -5720 278 -43 15 -60 111 -67
1534184781.1964936 635 552 592 678 577 682 -2672 5442 -5854 2023 1344 -1082 -61 113 -67
1534184781.267576 635 552 592 678 577 681 -2782 4198 -5534 1377 -58 -357 -60 110 -68
1534184781.3361266 634 552 592 678 577 681 -3150 5156 -5984 -336 330 -1696 -57 113 -67
1534184781.4142323 635 552 592 679 577 682 -2036 5392 -6508 -2736 1992 -448 -56 111 -70
1534184781.4767187 636 552 592 679 577 683 -2750 5934 -5348 -3191 2353 4 -57 111 -69
1534184781.5595999 636 552 593 679 577 683 -3530 5892 -5016 -515 2108 794 -59 112 -70
1534184781.6334786 636 552 592 680 577 683 -3420 4946 -6484 -5848 4712 -60 -58 110 -70
1534184781.7030396 636 552 593 680 577 682 -3538 6298 -4522 3622 -67 214 -57 112 -68
1534184781.778128 636 552 593 679 577 683 -2378 5680 -6152 1932 -3294 176 -58 110 -70
1534184781.8504236 635 552 591 679 577 682 -2504 4466 -6506 2225 -2672 341 -60 112 -70
1534184781.9129107 635 552 592 678 577 682 -3316 5108 -5948 -3528 -4488 178 -56 111 -69
1534184781.9910157 635 552 592 678 577 681 -3584 6204 -4232 1028 2306 561 -56 115 -66
1534184782.072033 635 552 592 678 577 682 -2894 5014 -6406 1264 3435 -299 -56 114 -66
1534184782.1325898 635 552 592 678 577 681 -2590 4874 -6552 400 11 94 -58 114 -69
1534184782.20264 635 552 592 678 577 682 -2968 5242 -5812 -102 -471 354 -56 112 -69
1534184782.2814722 635 552 591 678 577 682 -2944 5384 -5662 336 117 -40 -58 115 -70
1534184782.3502393 635 552 592 678 577 682 -2896 5110 -6028 350 288 98 -57 113 -68
1534184782.41256 635 552 593 678 577 682 -2876 5196 -5898 322 -281 129 -57 114 -67
1534184782.4906664 635 552 592 678 577 681 -3002 5188 -5882 224 41 82 -56 112 -70
1534184782.5588298 635 552 592 678 577 682 -2918 5206 -5932 415 86 93 -54 113 -69
1534184782.6178954 635 552 592 678 577 681 -2908 5214 -5882 89 -32 102 -58 112 -68
1534184782.6863532 635 552 592 678 577 682 -2966 5162 -5850 320 83 179 -57 114 -68
1534184782.764459 634 552 592 678 577 681 -2906 5252 -5924 242 101 130 -56 114 -68
1534184782.8354192 635 552 592 678 577 681 -2916 5264 -5892 102 33 119 -57 113 -67
1534184782.8979042 635 552 592 678 577 682 -2966 5222 -5866 228 179 138 -57 112 -68
1534184782.960392 635 551 592 678 577 681 -2902 5280 -5870 289 132 99 -58 115 -68
1534184783.0428526 635 552 591 678 577 682 -2948 5220 -5868 187 74 68 -56 113 -69
1534184783.1022127 635 551 592 678 577 682 -2938 5230 -5958 223 39 77 -55 113 -69
1534184783.1820025 635 552 593 678 577 682 -2924 5234 -5796 126 114 120 -59 114 -68
1534184783.2499034 635 552 592 678 577 681 -2910 5310 -5824 143 97 39 -57 111 -68
1534184783.3188713 635 552 592 678 577 681 -2956 5258 -5860 142 162 38 -58 115 -66
1534184783.3825068 635 552 592 678 577 681 -2938 5264 -5840 238 68 30 -58 111 -66
1534184783.4449852 635 552 592 678 577 681 -2922 5272 -5850 195 112 74 -57 113 -68
1534184783.523093 635 552 592 678 577 681 -2934 5210 -5828 281 122 61 -55 111 -68
1534184783.5855768 635 552 591 678 577 682 -2958 5248 -5890 182 79 87 -58 112 -70
1534184783.6480637 635 551 592 678 577 682 -2896 5274 -5870 267 156 41 -59 113 -68
1534184783.718854 635 552 591 678 577 681 -2898 5296 -5826 228 186 82 -59 112 -69
1534184783.7997777 635 552 592 678 577 682 -2964 5262 -5842 242 87 50 -58 112 -68
1534184783.8675294 635 551 592 678 577 681 -2914 5268 -5794 246 91 156 -58 113 -68
1534184783.929906 635 552 591 678 577 681 -2824 5292 -5840 230 142 11 -58 116 -69
1534184784.0080953 635 551 592 678 577 682 -2934 5326 -5844 191 137 106 -59 111 -69
1534184784.069887 635 552 592 678 577 681 -2872 5142 -5918 102 -115 392 -59 113 -68
1534184784.1527417 635 552 592 678 577 681 -4476 6710 -4476 3763 2983 1197 -59 112 -68
1534184784.2185187 635 552 592 678 577 681 -1358 7074 -6752 -1075 -764 -714 -58 113 -66
1534184784.3015335 635 551 592 678 577 680 -2776 6610 -6712 -3249 961 -2790 -60 110 -68
1534184784.3675883 634 551 592 678 577 681 -2830 6056 -6364 1511 -160 106 -57 113 -66
1534184784.4458702 634 551 592 678 576 682 -3384 5644 -5994 4629 -2081 -327 -57 112 -66
1534184784.52103 635 550 592 679 576 683 -3312 5508 -6374 -952 -1521 405 -55 114 -65
1534184784.5856898 635 550 592 679 576 682 -2580 6094 -5634 495 -864 365 -56 114 -67
1534184784.6666346 634 550 592 679 576 682 -3080 6114 -5530 -2274 -2206 129 -58 115 -67
1534184784.7344186 634 551 593 679 576 683 -1944 5722 -6142 1692 -1642 -739 -57 113 -64
1534184784.8137536 634 550 591 678 576 681 -2774 4754 -6834 6745 -5697 49 -55 113 -67
1534184784.8825636 634 550 591 678 576 682 -3224 5122 -6092 -772 -3412 459 -54 116 -67
1534184784.9604044 634 551 591 678 577 682 -4136 5782 -3884 -433 2283 444 -54 116 -63
1534184785.0310936 635 551 592 678 577 682 -3050 5192 -6194 374 3828 -508 -53 118 -62
1534184785.101727 635 551 591 678 577 682 -2860 4622 -6548 805 986 206 -52 118 -67
1534184785.1743567 635 551 592 678 577 681 -3124 5308 -5744 -137 -569 390 -55 118 -67
1534184785.2329514 634 552 592 678 577 681 -3158 5372 -5676 96 495 195 -54 118 -68
1534184785.31371 635 551 591 678 577 682 -3052 5044 -5948 320 676 455 -55 117 -67
1534184785.3823915 634 552 592 678 577 681 -3044 5212 -5902 106 -94 51 -56 115 -65
1534184785.444877 635 551 592 678 577 681 -3102 5222 -5792 171 225 98 -55 115 -68
1534184785.5073624 635 552 592 678 577 681 -3056 5218 -5866 247 308 49 -56 117 -69
1534184785.5865867 635 551 592 678 577 681 -3080 5194 -5848 431 -11 115 -55 113 -67
1534184785.6640444 634 552 592 678 577 682 -3058 5190 -5836 125 169 74 -55 115 -66
1534184785.718959 635 551 592 678 577 681 -3046 5024 -5894 83 322 257 -56 115 -65
1534184785.798409 635 552 592 678 577 682 -2956 5204 -5772 231 75 113 -53 114 -66
1534184785.867212 635 552 592 678 577 681 -3100 5212 -5728 66 -75 298 -56 116 -66
1534184785.9297078 635 552 592 678 578 681 -3040 5168 -6060 270 -97 536 -57 115 -68
1534184786.0079112 635 552 592 678 577 682 -3072 5510 -5470 -40 193 185 -56 114 -67
1534184786.0691612 634 551 592 678 577 681 -2854 5148 -5982 602 728 12 -58 114 -67
1534184786.1478617 635 551 592 678 577 682 -3072 5280 -5730 -135 -95 244 -59 114 -68
1534184786.2029102 635 552 592 678 577 682 -3070 5274 -5696 50 234 139 -57 114 -66
1534184786.2867155 635 551 592 678 577 681 -3000 5230 -5898 88 234 157 -57 114 -64
1534184786.3509817 635 552 592 678 577 682 -2868 5244 -5898 401 408 253 -57 115 -68
1534184786.413642 635 552 592 678 577 682 -2994 5066 -5970 349 -73 987 -61 115 -67
1534184786.4916022 635 552 592 678 577 681 -3032 5466 -5566 156 -271 295 -57 112 -69
1534184786.56891 635 552 592 678 577 681 -3002 5368 -5652 788 517 -219 -59 113 -69
1534184786.6314614 635 552 592 678 577 681 -2838 5196 -5968 89 129 -109 -58 111 -66
1534184786.707666 635 552 592 678 577 681 -2908 5268 -5840 235 11 13 -58 113 -68
1534184786.776963 635 551 592 678 577 682 -2970 5254 -5856 466 196 91 -59 113 -69
1534184786.8348818 635 551 592 678 577 681 -2944 5244 -5872 230 113 13 -56 113 -68
1534184786.913175 634 551 592 678 577 681 -2938 5280 -5834 275 119 46 -58 113 -67
1534184786.9754767 635 552 592 678 577 681 -2930 5282 -5826 174 94 48 -58 112 -67
1534184787.0513487 635 552 592 678 578 681 -2924 5314 -5868 223 63 54 -59 112 -66
1534184787.1178722 635 552 592 678 577 682 -2936 5256 -5798 158 125 -3 -57 113 -68
1534184787.1879938 635 552 592 678 577 682 -2960 5248 -5886 237 93 65 -57 112 -68
1534184787.2501178 635 551 592 678 577 681 -2956 5312 -5798 294 121 30 -56 111 -67
1534184787.3187625 635 552 591 678 577 681 -2930 5216 -5830 368 85 113 -58 112 -67
1534184787.3814662 635 552 592 678 577 682 -2956 5292 -5856 284 109 17 -59 113 -67
1534184787.459557 635 551 592 678 577 681 -2462 5236 -6278 600 -461 540 -56 112 -67
1534184787.5400598 635 552 592 678 577 681 -2292 5762 -6602 -7949 6355 730 -59 112 -67
1534184787.6010282 635 551 592 678 577 681 -2830 5604 -6116 -3102 -4709 17 -60 110 -68
1534184787.6857467 634 551 592 678 577 681 -3202 5982 -5660 -204 66 -2242 -60 111 -67
1534184787.766607 635 551 592 679 576 682 -2988 5962 -5580 1653 222 -810 -59 112 -63
1534184787.8308368 635 550 593 679 576 683 -1830 5792 -6436 596 -425 -441 -60 112 -65
1534184787.899665 635 550 592 679 576 682 -2198 5188 -6440 -2491 4457 697 -59 111 -65
1534184787.9777718 634 550 592 679 576 682 -3034 5806 -5656 1067 -4484 -472 -58 112 -66
1534184788.0525343 634 550 592 679 576 682 -2928 5112 -6518 3304 -4346 1096 -60 111 -66
1534184788.1237218 634 550 592 678 577 682 -3400 4698 -5144 -1469 -5446 334 -57 113 -66
1534184788.1982706 634 551 591 678 577 681 -4110 4808 -4694 560 746 1557 -55 116 -64
1534184788.2659373 635 551 592 679 577 681 -3220 5964 -5070 557 1716 -1067 -57 114 -61
1534184788.3390255 635 551 591 678 577 682 -3270 5296 -5882 1776 2374 -1054 -58 116 -63
1534184788.4015129 634 551 592 678 577 681 -2968 4828 -6296 47 1292 45 -58 114 -67
1534184788.4796517 635 551 592 678 577 682 -3260 5196 -5712 -6 52 296 -55 115 -65
1534184788.5510416 635 551 592 678 577 681 -3238 5318 -5748 87 77 163 -57 116 -63
1534184788.618158 635 551 592 678 577 681 -3112 5262 -5868 446 565 49 -58 114 -65
1534184788.6860428 635 551 591 678 577 681 -3154 5110 -5868 -69 131 176 -57 115 -66
1534184788.7485285 635 551 591 678 577 681 -3162 5238 -5772 -20 120 170 -55 113 -67
1534184788.8193 635 551 591 678 577 682 -3098 5282 -5786 220 241 121 -58 113 -66
1534184788.8974075 635 551 592 678 577 681 -3130 5238 -5826 174 170 34 -57 113 -66
1534184788.9600437 634 551 592 678 577 681 -3156 5210 -5800 223 109 80 -58 115 -66
1534184789.038343 635 551 591 678 577 681 -3106 5272 -5720 359 234 28 -57 111 -64
1534184789.1020265 635 551 592 678 577 682 -3150 5164 -5712 197 82 40 -58 112 -67
1534184789.1836784 635 551 591 678 577 682 -3120 5204 -5760 299 105 -55 -58 112 -65
1534184789.2329528 634 551 592 678 577 681 -3128 5206 -5782 167 134 38 -57 113 -67
1534184789.3138955 635 551 591 678 577 681 -3126 5202 -5798 261 107 9 -57 114 -65
1534184789.3777034 635 551 592 678 577 681 -3124 5230 -5768 265 49 52 -55 115 -67
1534184789.4401894 635 551 591 678 577 681 -3110 5246 -5824 203 119 -3 -57 114 -66
1534184789.519626 635 551 592 678 577 681 -3210 5256 -5738 259 210 22 -56 113 -67
1534184789.5858004 635 551 592 678 577 682 -3134 5186 -5844 140 82 53 -58 111 -68
1534184789.6571984 635 551 591 678 577 681 -3122 5284 -5754 112 172 75 -58 113 -64
1534184789.7175822 635 551 592 678 577 682 -3170 5144 -5774 214 149 29 -56 114 -66
1534184789.7961838 635 551 591 678 577 681 -3114 5268 -5802 213 151 20 -57 113 -66
1534184789.8680491 635 551 592 678 577 681 -3136 5178 -5780 375 58 -54 -57 115 -65
1534184789.9305346 635 551 591 678 577 681 -3148 5214 -5826 100 119 110 -55 115 -68
1534184789.9930468 635 551 592 678 577 681 -3192 5268 -5790 218 109 84 -58 113 -65
1534184790.0690243 635 551 592 678 577 682 -3106 5288 -5748 237 195 -11 -57 114 -66
1534184790.143803 635 551 591 678 577 681 -3168 5202 -5770 178 122 52 -56 113 -65
1534184790.2029085 635 551 591 678 577 682 -3118 5280 -5778 189 181 45 -57 114 -66
1534184790.2810154 635 551 591 678 577 682 -3210 5226 -5734 185 189 81 -59 114 -67
1534184790.3507998 635 551 591 678 577 681 -3126 5286 -5758 291 34 -11 -58 113 -66
1534184790.4133594 635 551 592 678 577 681 -3158 5164 -5834 325 183 109 -57 114 -64
1534184790.4913273 635 551 591 678 577 681 -3156 5238 -5786 103 70 113 -60 114 -68
1534184790.56989 635 551 591 678 577 681 -3142 5232 -5768 59 177 76 -58 114 -65
1534184790.6167572 635 551 591 678 577 682 -3080 5324 -5840 222 -40 -61 -57 115 -66
1534184790.696345 635 551 591 677 577 681 -3188 5268 -5716 247 84 68 -58 114 -66
1534184790.7507484 635 551 592 678 577 681 -3148 5266 -5676 385 184 -3 -57 116 -67
1534184790.8351433 635 551 591 678 577 680 -3362 5370 -5432 -279 -405 -124 -59 113 -64
1534184790.8975525 635 551 591 678 577 681 -2822 4704 -6176 -1957 69 -93 -58 114 -64
1534184790.9756763 635 551 591 678 577 680 -3012 4094 -5270 -4782 1602 -457 -59 113 -64
1534184791.058953 634 551 592 678 577 681 -2570 5434 -5712 -730 1700 -485 -58 112 -61
1534184791.1174169 635 551 592 678 577 681 -3968 5388 -5766 -1283 3232 194 -58 114 -63
1534184791.2022226 636 551 592 679 577 682 -4472 5870 -5004 -487 6307 1395 -57 115 -63
1534184791.2798667 636 551 592 680 577 683 -3534 5558 -5362 -1958 -1376 362 -56 113 -62
1534184791.351085 636 552 593 679 577 683 -3260 4712 -5894 -117 -1984 -1208 -55 113 -66
1534184791.4135702 636 551 592 679 577 683 -3044 5090 -5634 974 746 146 -58 113 -62
1534184791.491703 635 551 592 679 577 682 -2760 6264 -5422 4509 1981 899 -58 112 -63
1534184791.5701427 635 551 592 678 577 682 -2500 4852 -6670 776 -3308 -494 -57 112 -64
1534184791.6330543 635 551 592 678 577 682 -3916 5506 -4438 712 1932 725 -57 115 -65
1534184791.7019281 635 551 592 678 577 682 -2812 5228 -6176 1305 2708 -28 -55 116 -65
1534184791.7823877 635 551 592 678 577 682 -2784 4774 -6416 464 166 98 -57 114 -66
1534184791.8508008 635 551 593 678 577 681 -3016 5222 -5810 141 -585 247 -55 113 -69
1534184791.9130926 635 551 592 678 577 681 -3002 5258 -5842 384 388 -37 -58 114 -69
1534184791.99153 635 551 592 678 577 681 -2942 5122 -6046 143 -18 165 -56 113 -69
1534184792.0611022 635 551 591 678 577 681 -3016 5208 -5884 78 33 98 -56 115 -68
1534184792.1173892 635 551 591 678 577 681 -3054 5194 -5848 435 31 118 -55 113 -68
1534184792.1998374 635 551 592 678 577 681 -2928 5130 -5924 269 150 -6 -56 114 -68
1534184792.2666698 635 551 592 678 577 682 -3018 5208 -5928 251 127 144 -56 114 -67
1534184792.3344612 635 552 591 678 577 681 -2974 5180 -5912 372 63 13 -57 114 -69
1534184792.3970404 635 551 591 678 577 681 -3032 5104 -5936 108 8 58 -56 114 -69
1534184792.459433 635 551 592 678 577 681 -2964 5178 -5936 195 61 23 -57 113 -68
1534184792.5419512 635 551 591 678 578 682 -3026 5122 -5860 274 182 62 -56 112 -67
1534184792.6018445 635 551 591 677 577 681 -2968 5188 -5908 161 -1 68 -57 113 -66
1534184792.6863284 635 552 591 678 577 681 -3006 5174 -5848 236 109 95 -58 112 -67
1534184792.7488124 635 551 592 678 577 681 -3000 5142 -5864 232 150 -44 -57 112 -67
1534184792.818681 635 551 592 678 577 681 -3002 5172 -5962 166 231 59 -58 113 -70
1534184792.882533 635 551 592 678 577 681 -3022 5214 -5836 444 80 -31 -57 111 -68
1534184792.9450207 635 551 592 678 577 681 -3030 5168 -5874 338 137 90 -58 113 -69
1534184793.024762 635 551 592 677 577 681 -2988 5186 -5958 171 144 50 -57 112 -67
1534184793.0862937 635 551 591 677 577 681 -2968 5234 -5892 309 151 32 -57 114 -70
1534184793.1636374 635 552 592 678 577 681 -3056 5108 -5914 184 83 25 -59 109 -68
1534184793.2330885 635 551 592 678 577 682 -2990 5150 -5874 300 192 26 -57 113 -66
1534184793.3023994 635 551 592 678 577 681 -3002 5118 -5878 216 119 74 -56 113 -67
1534184793.3663127 635 551 592 678 577 681 -2996 5172 -5926 254 127 106 -53 112 -67
1534184793.428791 635 551 592 678 578 681 -2996 5140 -5910 196 132 55 -57 113 -69
1534184793.5068965 635 551 592 677 577 681 -2964 5200 -5920 312 101 36 -57 114 -68
1534184793.5695713 635 552 591 678 578 681 -2988 5162 -5852 200 96 97 -56 114 -69
1534184793.647489 635 551 591 678 577 681 -3012 5176 -5914 213 106 81 -55 111 -68
1534184793.7148032 635 551 592 677 578 681 -3006 5208 -5926 309 3 85 -58 113 -71
1534184793.782331 635 551 592 678 578 681 -3016 5192 -5918 96 137 20 -57 113 -68
1534184793.8499672 635 552 592 678 577 680 -3104 5246 -5916 473 226 197 -57 113 -68
1534184793.9126387 635 551 591 678 577 681 -3128 5504 -6110 257 1479 354 -56 113 -69
1534184793.9905593 635 551 592 678 577 681 -2808 6222 -6640 -1947 1132 421 -58 112 -70
1534184794.072626 635 551 592 678 578 681 -1946 5094 -5978 -1003 1171 -901 -58 112 -69
1534184794.1328468 635 551 591 678 577 681 -2600 5520 -5094 -1128 1075 -842 -59 111 -68
1534184794.2181706 636 551 592 679 577 682 -2758 4944 -5538 153 387 -1706 -60 110 -66
1534184794.290874 636 551 593 679 577 683 -910 4576 -6442 -1263 5461 776 -58 109 -67
1534184794.3506708 636 552 592 679 577 682 -2680 5468 -5350 -344 1134 -819 -61 108 -69
1534184794.428745 636 552 592 680 577 683 -2382 5284 -5762 -156 205 -477 -61 107 -69
1534184794.5084631 636 552 592 679 577 682 -2698 6398 -5344 2363 -2551 -799 -60 109 -67
1534184794.5700626 636 551 592 679 578 681 -3044 5040 -6134 5340 -4888 -568 -60 106 -66
1534184794.6571612 635 551 591 678 577 682 -2728 5112 -6862 -1241 -6316 159 -55 111 -66
1534184794.7186842 635 551 591 678 577 681 -4154 5466 -4152 657 2229 1047 -56 113 -63
1534184794.816011 635 551 592 678 578 682 -2964 5300 -6066 801 4181 -462 -55 115 -65
1534184794.8668418 635 551 592 678 578 681 -2548 4564 -6798 984 1023 240 -55 116 -69
1534184794.945016 635 551 591 678 577 682 -3000 5106 -5854 -134 -798 482 -55 113 -71
1534184795.0179281 635 551 592 678 578 681 -3082 5396 -5704 259 -69 233 -56 114 -71
1534184795.083633 635 552 592 678 578 681 -2940 5010 -6120 280 295 -37 -55 114 -68
1534184795.1588128 635 551 592 678 577 681 -3002 5122 -5948 313 -84 111 -54 112 -69
1534184795.2187362 635 551 592 678 578 681 -2950 5174 -5926 186 168 35 -54 116 -69
1534184795.296846 635 551 592 678 578 680 -2964 5084 -5972 343 294 49 -57 113 -69
1534184795.359456 635 551 591 678 578 681 -2976 5038 -6044 -57 -7 102 -55 114 -70
1534184795.4218123 635 551 592 678 578 680 -2962 5158 -5912 206 217 51 -54 114 -69
1534184795.4999213 635 552 592 678 577 680 -2950 5124 -5972 272 105 47 -56 113 -70
1534184795.5690603 635 551 592 678 578 681 -2902 5140 -5984 86 63 52 -56 117 -68
1534184795.6363473 635 551 592 678 577 681 -2992 5136 -5972 189 133 -6 -55 113 -69
1534184795.7105303 635 551 591 678 578 681 -2932 5154 -5934 303 115 104 -56 113 -68
1534184795.779509 635 551 592 678 578 681 -2956 5124 -5968 216 102 26 -56 111 -69
1534184795.8364255 635 551 592 677 578 681 -2948 5142 -5958 238 119 46 -57 113 -70
1534184795.914709 635 551 592 678 578 682 -3006 5086 -5916 275 72 45 -55 115 -70
1534184795.977019 635 551 592 678 578 681 -2960 5096 -5958 297 109 14 -55 113 -69
1534184796.053989 635 551 592 678 578 681 -2994 5096 -5926 195 91 68 -56 113 -70
1534184796.1162627 635 551 591 678 578 681 -2942 5174 -5872 195 81 39 -54 114 -69
1534184796.1902566 635 551 591 678 578 681 -2994 5070 -5984 337 121 70 -57 111 -71
1534184796.2494233 635 551 592 678 578 681 -2958 5174 -5944 221 81 -4 -55 113 -69
1534184796.3278608 635 551 591 678 578 681 -3018 5054 -5906 347 185 57 -56 112 -68
1534184796.3984118 635 551 592 677 578 681 -3014 5110 -5912 182 103 123 -55 114 -69
1534184796.460944 635 551 592 678 578 682 -2962 5116 -5950 328 110 53 -53 114 -70
1534184796.5372813 635 551 592 677 578 681 -2948 5132 -5922 117 -64 104 -55 112 -69
1534184796.5998538 635 551 592 678 578 681 -2892 5202 -5996 265 -142 229 -57 114 -69
1534184796.6761813 635 551 591 677 578 681 -2982 5108 -5962 99 143 5 -56 112 -68
1534184796.7340436 635 551 591 678 578 681 -2972 5122 -5948 156 156 -11 -58 113 -70
1534184796.820125 635 551 591 677 578 681 -3330 4388 -5600 -2225 3074 437 -56 114 -68
1534184796.8830507 635 551 591 677 578 681 -2130 5806 -6322 124 -2621 764 -57 113 -69
1534184796.9611585 635 551 591 678 577 681 -2698 5412 -6840 -4283 1426 -117 -58 113 -67
1534184797.038943 635 551 592 678 577 681 -2028 5946 -5838 -729 1353 271 -58 110 -66
1534184797.1015272 635 550 592 678 577 682 -3022 5200 -6662 -1991 243 -401 -58 110 -68
1534184797.1866353 636 551 593 679 577 682 -3020 4406 -6650 -3816 3557 -623 -59 112 -68
1534184797.2488952 636 551 593 679 577 682 -2856 5478 -5866 690 2023 422 -56 113 -68
1534184797.3194826 636 551 593 679 577 683 -3490 4884 -5990 1274 -2796 -547 -59 111 -69
1534184797.397596 636 551 592 679 577 682 -1906 5112 -6614 364 -3394 -1324 -59 110 -68
1534184797.475862 635 551 592 678 577 682 -2746 5484 -6254 7413 -1530 -934 -57 110 -68
1534184797.5556655 635 550 591 678 577 681 -2978 4374 -7360 -1375 -2217 -425 -56 114 -70
1534184797.6322854 635 551 591 678 577 681 -4876 4876 -4632 -4460 -2772 854 -53 117 -69
1534184797.7018075 635 551 591 678 577 682 -3378 5352 -5284 393 4592 467 -50 117 -67
1534184797.7648635 636 551 591 678 577 681 -2446 4912 -6824 -591 2176 -258 -53 115 -66
1534184797.8351903 635 551 591 678 577 681 -2950 5018 -6126 -151 -760 514 -55 113 -70
1534184797.913299 636 551 591 678 578 681 -3256 5296 -5628 15 -167 97 -54 115 -68
1534184797.9757836 635 551 591 678 577 681 -3078 5132 -5970 418 576 -126 -54 113 -70
1534184798.0582764 635 551 591 678 578 681 -2912 4846 -6278 -1180 175 59 -53 115 -67
1534184798.1166315 635 551 591 678 578 681 -3210 5212 -5492 -104 -597 -78 -54 115 -69
1534184798.2011373 635 551 591 678 578 681 -3080 5330 -5652 447 424 -77 -56 113 -66
1534184798.2650099 635 551 591 678 577 681 -3088 5102 -5942 564 341 19 -55 116 -69
1534184798.3403857 635 551 591 677 577 680 -3066 5220 -5848 81 35 38 -55 115 -67
1534184798.3993797 635 551 591 678 577 681 -3114 5190 -5772 654 270 14 -56 116 -67
1534184798.4618084 635 551 591 677 577 681 -3080 5206 -5834 450 109 22 -55 116 -68
1534184798.5445123 635 551 591 677 578 681 -3076 5124 -5830 226 127 99 -57 115 -67
1534184798.601289 635 551 591 677 578 681 -3094 5122 -5800 336 126 149 -55 115 -68
1534184798.6839867 635 551 591 677 578 681 -3074 5282 -5804 296 173 25 -53 116 -67
1534184798.7490852 635 551 591 677 578 680 -3064 5156 -5902 360 152 57 -55 115 -68
1534184798.8191617 635 551 591 677 578 681 -3062 5170 -5828 289 110 21 -55 113 -70
1534184798.8816516 635 551 591 677 578 681 -3100 5210 -5870 285 136 31 -54 114 -69
1534184798.959758 635 551 590 677 578 681 -3060 5158 -5944 260 238 63 -56 114 -68
1534184799.0359612 635 551 590 677 578 681 -3062 5170 -5754 226 -2 26 -56 114 -68
1534184799.0846348 635 551 591 677 578 681 -3038 5166 -5852 319 133 10 -57 113 -69
1534184799.1665115 635 551 591 677 578 682 -3074 5160 -5862 401 132 -2 -55 115 -65
1534184799.2339828 635 551 592 677 578 681 -3014 5184 -5894 412 94 20 -54 114 -68
1534184799.30385 635 551 591 677 578 681 -3116 5102 -5902 342 217 36 -58 114 -69
1534184799.3680937 635 551 591 677 578 681 -3074 5148 -5872 412 112 28 -55 115 -69
1534184799.4307156 635 551 591 677 578 681 -3022 5150 -5894 234 194 40 -55 114 -67
1534184799.5101879 635 551 591 677 577 680 -3096 5130 -5904 197 160 20 -55 112 -69
1534184799.5696564 635 551 591 677 578 680 -3050 5140 -5948 253 104 21 -55 114 -66
1534184799.6487195 635 551 591 677 578 681 -3058 5172 -5950 236 157 24 -58 113 -67
1534184799.7188156 635 551 592 677 578 680 -3078 5172 -5876 225 179 -35 -54 114 -66
1534184799.7897685 635 551 591 677 578 681 -3094 5190 -5838 80 215 -109 -55 115 -69
1534184799.8514452 635 551 591 677 578 681 -3354 5134 -5206 924 1922 -364 -54 115 -66
1534184799.9296424 635 551 591 677 578 681 -3172 4968 -6110 131 -1796 455 -55 117 -66
1534184799.992039 635 551 591 677 577 681 -3084 5496 -6218 491 -299 702 -54 116 -68
1534184800.0701892 635 551 591 677 577 681 -2292 5628 -7108 -322 -1049 -2038 -57 115 -68
1534184800.1571474 635 550 591 678 577 681 -2222 5810 -6260 -2882 3329 -1476 -56 114 -66
1534184800.2250693 634 550 591 678 576 682 -1176 6356 -5490 1269 563 -386 -54 114 -64
1534184800.300208 635 550 592 679 576 681 -3036 6042 -4996 2413 407 -98 -56 112 -67
1534184800.3673902 635 550 592 679 576 682 -3098 5462 -5572 2604 -477 96 -56 113 -68
1534184800.4453402 634 550 592 678 576 682 -3452 5290 -6008 730 -3919 -185 -54 115 -68
1534184800.5170357 634 550 591 678 576 682 -3096 4962 -6134 1628 -351 451 -54 114 -67
1534184800.5855846 635 550 591 678 577 681 -2708 4904 -6752 -752 -3214 1038 -54 116 -67
1534184800.6647952 634 550 591 678 577 681 -4388 5150 -4212 -2385 1466 124 -54 114 -66
1534184800.7334921 635 551 591 678 577 681 -2898 5190 -6254 886 3810 -766 -55 115 -64
1534184800.8096914 635 551 591 678 577 682 -2920 4672 -6396 1013 499 -130 -55 113 -67
1534184800.8673098 635 551 592 677 577 680 -3044 5196 -5878 150 -513 143 -52 116 -69
1534184800.9452229 635 551 591 677 578 681 -3086 5208 -5872 356 222 -173 -54 113 -69
1534184801.0221784 635 551 591 677 577 681 -3106 4886 -6036 303 186 188 -54 114 -68
1534184801.0852368 635 551 591 678 577 681 -3118 5078 -5944 59 -49 148 -54 113 -71
1534184801.1748865 635 551 591 678 577 681 -3090 5128 -5846 277 227 27 -54 115 -69
1534184801.219604 635 551 590 677 578 680 -3050 5076 -6030 368 187 97 -54 115 -67
1534184801.2987301 635 551 591 677 577 681 -3126 5006 -5992 124 156 33 -53 115 -69
1534184801.3650484 635 551 591 677 578 681 -3128 5086 -5942 289 231 -13 -53 115 -70
1534184801.427402 635 551 591 677 578 681 -3116 5046 -5980 328 95 95 -54 114 -69
1534184801.5055063 635 551 591 677 578 681 -2996 5092 -5942 115 244 -3 -55 115 -68
1534184801.5751398 635 551 591 677 578 680 -3114 5130 -5982 270 142 44 -53 115 -68
1534184801.6415937 635 551 591 677 577 681 -3090 5036 -5958 259 164 38 -55 115 -68
1534184801.7032666 635 551 591 677 578 682 -3068 5092 -5950 278 270 29 -54 114 -69
1534184801.78155 635 551 591 677 578 681 -3066 5024 -5994 216 163 37 -54 115 -69
1534184801.859482 635 551 592 677 577 681 -3138 5054 -5986 366 169 52 -53 116 -69
1534184801.9063442 635 551 591 677 578 681 -3034 5006 -5978 356 178 64 -52 114 -71
1534184801.984497 635 551 591 677 578 680 -3106 4986 -5992 240 156 45 -54 116 -68
1534184802.0586913 635 551 591 677 578 681 -3014 5136 -5950 238 92 18 -54 116 -69
1534184802.1163156 635 551 591 677 578 681 -3088 4998 -6034 174 203 43 -53 116 -67
1534184802.1953437 635 551 590 677 578 680 -3072 5092 -5944 312 93 77 -53 116 -67
1534184802.2495053 635 551 591 677 578 681 -2994 5018 -5976 246 225 84 -54 115 -69
1534184802.33338 635 551 591 677 578 680 -3064 5042 -5936 243 122 32 -55 115 -69
1534184802.3988583 635 551 591 678 578 681 -3060 5116 -5924 175 74 27 -55 116 -68
1534184802.4612408 635 551 590 677 578 680 -3062 5030 -5984 396 178 124 -53 117 -69
1534184802.5486312 635 551 590 677 578 681 -3082 5094 -5954 136 87 14 -55 115 -69
1534184802.6011045 635 551 591 677 578 681 -3058 5046 -6006 328 221 68 -54 116 -68
1534184802.6782885 635 551 591 677 578 681 -3030 5030 -6000 257 110 20 -52 114 -69
1534184802.7347019 636 551 591 677 578 680 -3066 5046 -5974 241 177 29 -54 113 -70
1534184802.8171804 635 551 591 677 578 681 -3046 5086 -5996 251 129 -19 -56 114 -68
1534184802.8820171 635 551 591 677 578 681 -3072 5056 -5966 183 107 63 -54 114 -68
1534184802.9445019 634 551 590 677 578 681 -3012 5016 -5852 578 286 40 -53 113 -71
1534184803.0296333 635 551 591 677 578 681 -2998 4600 -5946 -1614 1174 -231 -54 114 -69
1534184803.1021984 635 551 591 677 578 681 -3010 4948 -5636 1399 -360 1206 -54 116 -69
1534184803.1751256 635 551 591 677 577 681 -3644 5252 -5618 518 441 -231 -56 114 -69
1534184803.2480705 635 550 591 677 577 681 -4362 4464 -5874 513 656 -948 -56 114 -70
1534184803.3179624 635 550 591 678 577 681 -3130 4826 -6180 -1091 759 563 -55 117 -68
1534184803.3825157 636 551 591 679 577 682 -2812 5456 -6012 -2684 2649 620 -53 114 -69
1534184803.4606845 636 551 592 679 577 682 -906 5896 -6496 -1365 -145 941 -55 112 -70
1534184803.537291 636 551 592 680 577 682 -1576 4826 -6450 414 -1994 -394 -60 108 -70
1534184803.6022034 636 551 592 679 577 683 -1780 5166 -6356 807 -1022 383 -57 108 -70
1534184803.6790814 635 551 592 679 577 682 -2710 6708 -5568 4123 31 649 -59 110 -71
1534184803.748048 635 550 591 678 577 681 -2064 3400 -7478 3295 -4227 648 -58 111 -68
1534184803.8199794 635 550 591 678 577 681 -3048 5462 -5966 -327 -2025 1705 -55 113 -73
1534184803.8980873 635 551 591 677 577 681 -3328 6024 -4788 -680 1191 -16 -57 111 -71
1534184803.9761927 635 551 591 678 577 681 -2726 5334 -6752 1513 2906 -852 -54 112 -71
1534184804.042244 635 551 591 677 578 682 -2612 4642 -6558 -239 19 10 -56 112 -71
1534184804.1019225 635 551 591 678 578 681 -2816 5362 -5814 48 26 101 -58 112 -72
1534184804.1818862 635 551 591 677 577 682 -2838 4964 -6136 609 353 -142 -57 109 -72
1534184804.248159 635 551 591 678 578 681 -2762 5020 -6124 106 110 73 -58 110 -72
1534184804.31869 635 551 591 678 578 680 -2810 5086 -6056 224 93 67 -58 110 -71
1534184804.381641 636 551 591 677 578 681 -2806 5086 -6132 228 261 -140 -58 111 -70
1534184804.4441257 635 551 591 677 577 681 -2830 5042 -6164 146 101 8 -57 112 -71
1534184804.5275183 635 551 590 677 577 680 -2848 5018 -6050 243 137 84 -56 112 -72
1534184804.58543 635 551 591 677 577 681 -2832 5056 -6116 299 75 83 -58 114 -73
1534184804.6737702 635 551 591 678 578 681 -2782 5080 -6100 249 118 4 -57 112 -70
1534184804.7194045 636 550 591 677 578 680 -2812 5096 -6036 262 106 45 -58 111 -72
1534184804.8009849 635 551 591 678 578 681 -2846 5058 -6038 261 96 89 -57 111 -71
1534184804.866944 635 551 591 677 577 680 -2844 5008 -6128 275 171 19 -55 114 -72
1534184804.9294114 635 551 591 677 578 681 -2810 5094 -6134 263 264 -61 -56 111 -72
1534184805.0073175 635 551 591 677 577 681 -2778 5038 -6068 654 323 -241 -55 111 -71
1534184805.08217 635 551 591 677 578 681 -2766 4962 -6170 455 163 -213 -56 112 -70
1534184805.1490734 636 551 591 677 578 680 -2834 4914 -6212 618 52 -93 -57 110 -71
1534184805.2173495 635 551 592 678 578 681 -2848 4850 -6178 392 37 -40 -56 113 -71
1534184805.2879517 636 551 592 677 578 681 -2842 4842 -6198 37 73 80 -56 112 -72
1534184805.351225 635 551 592 677 578 681 -2936 4962 -6086 159 48 -109 -56 113 -71
1534184805.4137099 636 552 591 678 578 681 -2836 4896 -6262 144 207 118 -56 113 -72
1534184805.491816 636 552 591 678 578 681 -2864 4984 -6180 230 123 63 -55 114 -70
1534184805.566415 635 551 592 677 578 681 -2836 4998 -6126 252 145 47 -55 113 -71
1534184805.6323707 636 552 592 677 578 681 -2876 4924 -6174 266 52 62 -57 111 -70
1534184805.7026987 636 551 593 678 578 680 -2934 4918 -6148 242 18 99 -55 115 -73
1534184805.7652261 635 552 591 677 578 680 -2786 4992 -6186 365 136 49 -54 110 -72
1534184805.8348546 635 551 591 678 578 680 -2880 4922 -6164 270 148 36 -57 114 -72
1534184805.8970995 635 551 592 678 578 681 -2868 4976 -6156 174 21 12 -56 112 -72
1534184805.9772067 635 551 592 677 578 680 -2864 4920 -6164 213 86 81 -56 112 -72
1534184806.0580697 636 552 592 678 578 681 -2852 5012 -6130 212 42 79 -56 113 -73
1534184806.1021235 635 551 592 677 578 681 -2874 4948 -6128 214 53 17 -57 113 -72
1534184806.182101 635 552 592 677 578 681 -2876 4926 -6100 257 175 12 -56 111 -72
1534184806.2494504 636 552 592 678 578 680 -2898 4966 -6096 347 181 -34 -55 113 -72
1534184806.3211625 635 551 592 677 578 681 -2852 4926 -6152 282 226 26 -54 111 -72
1534184806.3902738 635 551 591 677 578 681 -2830 4954 -6202 369 229 48 -55 112 -69
1534184806.4590905 635 552 591 677 578 681 -2892 5064 -6110 268 70 20 -55 113 -74
1534184806.5279071 635 551 591 677 578 680 -2936 4912 -6184 247 -66 53 -56 112 -72
1534184806.5967224 635 552 591 677 578 680 -2824 5010 -6164 354 229 61 -54 113 -72
1534184806.6665354 636 552 592 677 578 680 -2888 4900 -6202 411 318 35 -56 114 -75
1534184806.7413354 635 552 592 677 578 681 -2930 4946 -6128 291 142 30 -56 112 -73
1534184806.8181312 635 551 592 678 578 681 -2726 5168 -5978 338 -24 187 -56 111 -71
1534184806.8919344 635 551 591 677 578 681 -2864 5062 -6066 187 213 127 -58 113 -71
1534184806.946788 635 551 592 678 578 681 -2818 4738 -6398 328 -142 -27 -56 113 -71
1534184807.014606 635 551 591 677 578 680 -2776 5000 -6124 84 -18 42 -56 113 -69
1534184807.0874126 635 552 592 677 578 680 -2896 5082 -6026 -100 203 -275 -55 113 -70
1534184807.15523 635 551 591 678 578 681 -2932 4752 -6266 59 18 125 -54 113 -72
1534184807.2250443 635 551 592 677 578 681 -2848 4902 -6194 56 -246 212 -55 113 -71
1534184807.292575 635 552 591 677 578 680 -2918 5048 -6022 47 4 194 -56 112 -71
1534184807.3522038 635 551 591 677 578 680 -2906 5134 -6002 63 204 -248 -56 113 -69
1534184807.4354317 635 552 592 677 578 681 -2832 4858 -6182 146 242 137 -58 113 -73
1534184807.4979165 635 551 591 677 578 681 -2934 5078 -6056 -88 -59 53 -54 112 -74
1534184807.572566 635 552 591 677 578 681 -2920 5050 -6026 -10 189 -37 -58 115 -71
