1534195028.384383 679 578 613 725 620 718 1380 7844 1964 165 258 7 -47 -8 27
1534195028.4539108 679 578 613 725 620 718 1304 7982 1928 367 -118 205 -45 -8 28
1534195028.5161664 679 578 613 725 620 718 1390 7832 1874 156 122 310 -46 -9 28
1534195028.5786524 679 578 613 725 620 718 1426 7846 1800 392 363 -46 -45 -8 29
1534195028.6515648 679 578 613 724 620 719 1342 7938 1770 239 371 104 -44 -8 28
1534195028.717135 679 578 613 725 620 718 1346 7798 1952 459 146 153 -46 -7 28
1534195028.7796202 679 578 613 725 620 717 1472 7894 1868 214 -12 9 -44 -9 27
1534195028.8421066 679 578 613 725 620 718 1426 7874 1928 91 176 -281 -45 -10 29
1534195028.912529 679 578 613 725 619 718 1350 7962 1966 108 361 5 -46 -9 28
1534195028.9813063 679 578 613 725 620 718 1224 7866 1870 251 -186 146 -47 -10 29
1534195029.1600127 679 578 613 725 620 718 1430 8230 1932 86 -261 17 -45 -9 27
1534195029.2098804 679 578 614 725 619 719 1250 7790 2094 -422 -466 1428 -45 -7 27
1534195029.249676 679 578 613 725 620 718 1630 7618 1876 66 -554 -609 -46 -10 27
1534195029.3121622 679 578 613 725 620 718 1614 7724 1852 684 -92 -661 -44 -10 30
1534195029.3434052 679 578 613 724 619 718 1386 7978 1914 1013 -1 -325 -45 -11 28
1534195029.3991938 678 578 613 725 620 718 1508 7994 1800 381 -683 546 -47 -12 28
1534195029.4500906 679 578 613 725 619 718 1692 7780 1732 319 8 9 -44 -12 28
1534195029.5007513 678 578 613 725 620 719 1482 7862 1830 557 184 31 -46 -12 26
1534195029.5789878 679 578 613 725 620 718 1486 7940 1854 259 150 -101 -46 -11 27
1534195029.649745 679 578 613 725 620 718 1478 7816 1734 256 210 -8 -45 -11 27
1534195029.7013757 679 578 613 724 620 717 1524 7898 1850 357 240 55 -44 -10 28
1534195029.7794833 679 578 613 725 620 718 1498 8088 1726 504 692 2593 -46 -13 26
1534195029.8419695 678 578 613 724 620 718 1858 7496 1856 23 -277 519 -45 -13 27
1534195029.9204838 679 578 613 725 620 719 1588 7872 1734 852 -241 -390 -46 -12 27
1534195029.984818 679 578 613 725 620 718 1534 7960 1714 -290 -927 -26 -46 -13 26
1534195030.050668 678 578 613 725 620 718 1836 7710 1700 656 -911 272 -44 -12 26
1534195030.113154 679 578 613 725 620 718 1850 7972 1648 374 131 -15 -44 -15 26
1534195030.1861064 678 578 613 725 619 718 1616 7848 1722 236 111 -4 -45 -13 25
1534195030.248664 678 577 613 725 619 718 1728 7864 1786 381 2 -47 -44 -13 26
1534195030.3110783 678 578 613 724 620 718 1656 7838 1694 418 181 218 -46 -13 26
1534195030.3891852 679 578 613 725 619 719 1762 7890 1544 100 -499 86 -46 -13 27
1534195030.4559524 679 578 613 724 620 718 1802 7756 1676 266 268 282 -47 -14 27
1534195030.51755 678 578 613 724 619 718 1664 7902 1640 442 132 -348 -46 -14 25
1534195030.5800447 679 578 613 724 619 719 1776 7846 1614 495 58 280 -47 -14 26
1534195030.6581404 678 578 613 724 620 718 1820 7852 1608 358 173 -296 -47 -14 24
1534195030.7206283 679 578 613 725 619 718 1626 7916 1642 160 -9 -202 -48 -16 23
1534195030.783114 678 578 613 725 619 718 1734 7794 1574 295 66 -45 -47 -14 24
1534195030.8455963 679 578 613 724 620 719 1728 7972 1626 215 317 -3 -46 -15 24
1534195030.9246697 679 578 613 724 620 718 1672 7788 1604 301 -81 122 -46 -14 25
1534195030.984357 678 578 613 725 620 719 1738 7934 1644 396 268 152 -47 -15 23
1534195031.0624654 678 578 613 724 620 718 1702 7798 1596 541 -105 1028 -45 -14 26
1534195031.1267707 679 578 614 725 620 718 1966 7836 1420 775 -345 176 -46 -15 24
1534195031.1852148 679 579 613 725 620 718 1824 7870 1524 110 266 84 -44 -15 22
1534195031.2477002 679 578 613 724 620 718 1838 7850 1482 381 -65 -64 -48 -16 24
1534195031.3258195 679 578 613 724 620 718 1800 7858 1496 347 150 209 -48 -15 24
1534195031.3971586 679 578 613 724 620 718 1822 7870 1530 757 -176 116 -46 -16 24
1534195031.4643288 678 578 613 724 619 718 1898 7990 1476 311 141 420 -47 -17 23
1534195031.5315611 679 578 613 724 619 718 1808 7842 1476 243 93 -291 -45 -15 22
1534195031.5940447 679 578 613 725 620 718 1916 7908 1454 209 160 50 -46 -13 23
1534195031.6630888 679 578 613 725 620 718 1802 7826 1542 378 52 237 -47 -16 23
1534195031.731401 679 578 613 725 620 717 1822 7966 1466 96 247 59 -46 -15 23
1534195031.7938845 679 578 614 724 620 719 1814 7818 1498 376 108 -30 -44 -16 22
1534195031.8601747 678 578 613 725 620 717 1924 7968 1434 66 170 -280 -46 -16 21
1534195031.9289043 679 578 613 725 620 718 1710 7804 1508 294 111 152 -49 -17 23
1534195031.9967237 679 578 613 724 619 718 1944 7936 1422 128 145 -231 -49 -17 24
1534195032.0512567 679 578 613 724 619 718 1748 7792 1474 376 31 69 -47 -15 23
1534195032.130442 679 578 613 725 620 718 1890 7928 1386 127 -45 -213 -48 -18 24
1534195032.1972723 679 578 613 724 619 718 1758 7858 1500 150 97 -215 -48 -18 23
1534195032.2652493 678 578 613 725 620 718 1798 7906 1500 313 115 -116 -46 -16 22
1534195032.3325672 679 578 613 724 619 718 1844 7908 1410 238 151 258 -47 -15 23
1534195032.400949 678 578 613 724 619 719 1840 7888 1544 353 64 -77 -47 -16 24
1534195032.4633775 678 577 613 724 620 718 1788 7882 1434 115 89 27 -47 -16 24
1534195032.5147543 678 578 613 725 620 718 1872 7850 1446 142 -17 31 -47 -14 22
1534195032.5929751 679 578 613 724 619 718 1986 7808 1370 104 381 -293 -47 -18 24
1534195032.6612973 679 578 613 724 620 718 1704 7940 1452 262 -99 -76 -47 -16 23
1534195032.7179754 678 578 613 725 620 718 1840 7810 1356 169 268 46 -46 -16 22
1534195032.796081 679 578 613 724 619 717 1832 7950 1386 368 16 -127 -48 -15 22
1534195032.8585684 678 578 613 724 619 718 1772 7834 1462 113 223 206 -47 -17 23
1534195032.9320116 679 578 613 724 620 718 1826 7916 1402 212 57 -206 -47 -18 22
1534195032.985156 679 578 613 724 619 718 1750 7888 1532 178 135 225 -49 -17 22
1534195033.0632627 678 578 613 725 619 718 1866 7840 1422 85 164 146 -48 -15 23
1534195033.1257472 678 577 613 724 619 717 2086 7362 1702 1061 120 -1233 -46 -14 24
1534195033.2026472 678 578 613 725 619 718 1684 7940 1308 922 -756 -2772 -47 -15 25
1534195033.2651317 678 578 613 724 620 717 1004 7634 1278 237 -1128 -594 -49 -14 22
1534195033.3432412 679 578 613 724 619 718 1122 8038 1264 -171 25 -725 -50 -13 21
1534195033.4146912 678 578 613 724 620 718 1252 7124 948 -1417 -801 -1156 -49 -16 20
1534195033.484773 678 578 613 723 619 718 3218 10038 1532 3322 -205 -4811 -46 -14 18
1534195033.5472572 678 578 613 722 619 718 1310 8642 1078 -799 -1369 -2314 -51 -12 18
1534195033.6270816 678 578 613 721 619 718 1022 8220 1874 476 -621 2298 -49 -12 15
1534195033.6861556 678 578 613 721 619 718 -292 8382 862 -815 -524 8572 -48 -12 15
1534195033.7642634 679 578 613 722 619 718 2748 7522 1386 1385 -1542 -2733 -47 -14 16
1534195033.826747 679 578 613 723 619 718 1118 9766 1110 -5104 2428 4960 -48 -19 18
1534195033.911899 679 578 613 724 619 718 -370 6224 1910 -865 4389 13748 -48 -18 17
1534195033.98371 679 579 613 724 620 718 3952 7410 2104 6486 -5100 -6033 -44 -18 26
1534195034.0487616 679 578 613 724 620 718 1892 7994 590 1651 -57 170 -43 -22 24
1534195034.1113896 679 578 613 724 620 718 1958 8098 1426 -2103 -2579 -2948 -48 -20 19
1534195034.1950457 679 578 613 724 620 717 2456 8938 1024 1773 -1685 327 -48 -20 18
1534195034.2643118 679 578 614 724 620 718 1896 7982 1538 4318 5665 -1632 -49 -20 19
1534195034.326727 680 578 613 724 620 717 960 8218 1192 4018 4000 1597 -50 -18 19
1534195034.402336 680 578 613 724 620 718 2372 8036 988 365 4412 -17 -51 -17 20
1534195034.4826646 680 578 613 724 619 718 2216 7596 1362 -1092 792 4848 -52 -12 19
1534195034.5331073 679 578 613 724 619 718 2216 9538 968 3495 -6030 -5225 -50 -16 21
1534195034.6111972 680 578 613 724 620 718 2652 8262 674 -2571 2143 4415 -52 -16 23
1534195034.6850975 680 578 613 724 620 718 2854 5976 1034 -3540 -572 4706 -55 -19 19
1534195034.7475843 679 578 613 724 620 718 2438 7002 1512 1381 1029 -732 -51 -21 26
1534195034.825761 679 578 613 724 620 718 2990 9626 192 -1367 -1366 -282 -48 -22 24
1534195034.8991969 680 578 613 724 619 718 2720 7310 1500 -3862 1281 -2868 -46 -23 20
1534195034.9680173 680 578 613 724 619 718 2546 7092 1578 1564 750 -588 -46 -21 26
1534195035.0321357 680 578 613 724 620 718 2440 8264 1270 1377 1064 -1710 -44 -20 27
1534195035.0944035 680 578 613 724 620 718 1954 7732 1388 -470 625 232 -47 -20 25
1534195035.1770291 680 578 613 724 620 718 2148 7850 1346 1101 -826 -869 -47 -17 25
1534195035.2336502 680 578 613 724 620 718 2472 7902 1384 -773 -83 665 -47 -17 26
1534195035.3117633 680 578 613 724 620 718 2330 7634 1394 -194 131 -710 -48 -19 26
1534195035.3742428 680 578 613 724 619 718 2222 7918 1292 1252 980 -2019 -44 -20 25
1534195035.4545991 680 578 613 724 620 718 2818 6906 1814 791 1026 -3195 -49 -18 24
1534195035.5160954 680 578 613 724 619 718 1714 7654 1540 2096 729 -88 -47 -16 25
1534195035.5941947 680 578 613 724 619 717 1124 7860 1296 895 -1073 -1071 -50 -15 26
1534195035.6647995 680 578 613 724 620 718 1926 8450 1916 -1123 159 3028 -50 -16 24
1534195035.7308986 680 578 613 723 620 718 2308 7132 1060 -3691 -958 105 -50 -16 23
1534195035.7933855 679 578 613 723 619 718 1492 8306 1322 967 -470 1269 -50 -15 23
1534195035.871491 679 578 613 722 620 718 1554 8522 8 7677 -352 2001 -47 -15 23
1534195035.9390602 679 578 613 721 619 717 1414 8566 476 225 -464 -254 -49 -17 20
1534195036.0007553 679 579 613 721 620 718 1728 7998 708 -755 473 782 -52 -18 15
1534195036.063166 680 579 613 721 620 717 2260 7840 948 712 -2247 541 -51 -17 18
1534195036.1429205 679 578 613 722 619 718 2404 8072 1128 1011 -76 -854 -48 -21 16
1534195036.1996436 680 578 613 723 619 718 1602 9016 258 2266 1286 2561 -47 -19 16
1534195036.277718 680 579 613 724 619 718 1790 6656 796 -7624 2067 2643 -52 -20 16
1534195036.3403058 680 578 613 724 619 718 3004 6134 1572 -195 -612 -2837 -47 -21 22
1534195036.4236453 680 578 613 723 619 717 2456 8174 1116 3233 1613 -412 -45 -22 22
1534195036.48383 679 578 613 724 619 718 1924 8352 1048 625 1216 -673 -46 -21 23
1534195036.5619342 680 578 613 724 620 718 2014 7844 1210 -780 -417 403 -48 -18 23
1534195036.6244218 680 578 613 724 620 718 1994 7860 1122 -1307 -1827 592 -49 -17 24
1534195036.7002232 680 578 613 724 619 717 2712 7398 1116 400 197 -52 -49 -18 23
1534195036.7625904 680 578 612 724 619 718 2182 7892 1176 1753 1576 279 -48 -19 23
1534195036.825033 680 578 613 724 619 718 2178 8026 1208 97 143 -402 -47 -21 21
1534195036.903266 680 578 613 724 619 717 2204 7778 1146 229 80 274 -49 -21 22
1534195036.971182 680 578 612 724 620 718 2260 7836 1160 214 121 -350 -48 -21 22
1534195037.0334628 680 578 613 724 619 718 2144 7858 1194 449 298 205 -49 -20 22
1534195037.0961769 680 578 613 724 620 718 2244 7922 1068 230 133 0 -46 -19 22
1534195037.1697116 680 578 613 724 619 718 2236 7798 1202 164 256 148 -48 -20 19
1534195037.2329566 680 578 612 723 619 717 2244 7834 1106 275 160 -86 -48 -20 23
1534195037.2954452 680 578 612 723 619 717 2160 7844 1170 109 149 57 -48 -20 21
1534195037.357927 680 578 613 723 619 717 2250 7784 1082 165 31 12 -47 -19 24
1534195037.4356778 680 578 613 724 619 718 2222 7834 1130 240 48 -158 -48 -21 22
1534195037.5005188 679 578 613 724 619 718 2308 7828 1040 430 133 84 -49 -19 21
1534195037.5629375 680 578 613 723 619 718 2178 7898 1152 264 253 -185 -47 -19 22
1534195037.633834 680 578 612 724 619 718 2172 7892 1090 142 88 78 -48 -18 20
1534195037.685782 680 578 613 724 619 718 2192 7796 1106 256 216 101 -48 -18 23
1534195037.7638886 680 578 613 723 619 717 2156 7834 1094 -78 99 -86 -47 -19 20
1534195037.826375 679 578 613 723 620 717 1526 7768 984 2812 -123 381 -47 -19 23
1534195037.9062974 679 578 613 723 619 718 2106 7994 1030 -394 -1075 -142 -47 -18 19
1534195037.9753938 679 578 613 723 619 718 2092 6490 50 1453 -1243 2422 -49 -20 20
1534195038.033694 679 578 613 722 619 718 1070 8066 458 929 -1549 -2069 -48 -22 19
1534195038.1122158 679 578 613 721 619 717 2438 7734 990 -3063 661 -828 -48 -23 16
1534195038.1814005 679 578 612 721 619 718 942 8332 938 -1834 23 1962 -50 -20 15
1534195038.2493367 679 578 613 720 619 717 2594 7812 686 2158 531 321 -48 -18 17
1534195038.3119361 679 578 613 720 619 718 2604 8230 1010 1408 -4 -1375 -47 -22 15
1534195038.3852015 679 578 613 721 619 718 2094 8076 646 983 127 -315 -48 -22 14
1534195038.4533176 680 578 613 722 619 718 1874 8374 794 2841 314 4515 -49 -22 15
1534195038.5173326 679 578 613 722 619 718 3248 8722 -36 -54 -279 1774 -47 -22 14
1534195038.5954378 679 578 613 723 619 718 2776 6220 904 -2446 3454 4301 -48 -24 13
1534195038.6625187 680 578 613 723 619 717 2394 7568 760 3310 -1022 -1410 -47 -25 16
1534195038.7171319 680 578 613 723 619 718 2592 8384 320 -281 52 -886 -46 -24 17
1534195038.7951448 680 579 613 723 619 718 2570 7556 694 -719 20 -288 -49 -26 17
1534195038.857542 680 578 613 723 619 718 2578 7804 604 598 41 -304 -47 -25 16
1534195038.9287093 680 578 613 723 619 718 2504 7810 602 211 -29 183 -47 -23 17
1534195038.9843636 680 578 613 723 620 718 2562 7770 612 109 149 -248 -49 -24 16
1534195039.0468621 680 578 613 723 619 718 2426 7846 582 293 162 170 -48 -27 17
1534195039.125084 679 578 613 723 620 718 2534 7834 590 95 -4 -322 -47 -25 17
1534195039.1850421 679 578 613 723 620 717 2472 7772 652 0 336 15 -47 -24 17
1534195039.2475288 680 578 612 723 619 717 2514 7734 632 458 39 -33 -48 -22 15
1534195039.3101285 679 578 613 723 619 717 2524 7916 584 74 236 3 -47 -24 17
1534195039.3725348 680 578 613 723 619 718 2480 7660 652 287 -39 -93 -47 -25 16
1534195039.435019 680 578 613 723 619 717 2526 7934 674 280 97 -101 -48 -26 15
1534195039.5007472 680 578 613 723 619 718 2464 7752 682 187 228 16 -46 -26 16
1534195039.5632303 680 578 613 723 619 718 2456 7864 482 371 71 49 -48 -24 14
1534195039.6426756 680 578 613 723 620 718 2464 7820 642 120 196 94 -50 -23 15
1534195039.7004907 679 578 613 723 619 718 2486 7780 606 232 103 -44 -48 -25 17
1534195039.7627845 680 578 613 723 619 718 2454 7814 664 280 232 64 -48 -25 15
1534195039.825268 679 578 613 723 619 718 2512 7860 606 156 98 59 -48 -23 16
1534195039.9083402 679 578 613 723 620 717 2464 7724 632 117 170 72 -47 -24 16
1534195039.9685888 680 578 612 723 620 718 2410 7754 516 302 148 113 -49 -24 16
1534195040.0320232 679 578 613 723 619 718 2552 7928 620 372 175 -185 -49 -24 16
1534195040.094511 679 578 613 723 619 717 2390 7772 596 -8 182 -52 -49 -23 18
1534195040.166819 679 578 613 723 619 718 2516 7824 592 348 130 -80 -47 -23 17
1534195040.233072 679 578 613 723 619 718 2310 8082 586 -13 367 678 -46 -23 17
1534195040.295559 679 578 613 723 619 718 2546 7902 652 929 -599 -2367 -48 -25 14
1534195040.3736656 679 578 613 723 619 717 1950 8218 160 -1318 -1667 -2309 -47 -24 17
1534195040.4347532 679 578 613 722 619 716 1996 7246 674 -562 -639 414 -50 -22 15
1534195040.5053139 679 578 613 722 619 717 2946 7186 642 -2024 -401 -216 -45 -26 15
1534195040.5832398 679 578 613 721 619 717 2428 7478 1008 -639 -155 -1426 -46 -24 16
1534195040.6523535 679 578 613 721 619 717 1824 7456 632 -371 780 2620 -47 -25 13
1534195040.7173629 679 578 612 720 619 717 2728 7874 1172 379 -796 1303 -46 -24 13
1534195040.779848 679 578 613 721 619 717 3260 7828 584 629 208 -24 -46 -24 13
1534195040.8423336 679 578 612 721 619 718 2542 8406 754 1414 -460 1026 -44 -28 12
1534195040.926186 679 578 613 722 619 717 2870 8438 -146 -612 1753 1567 -47 -27 11
1534195040.994803 679 578 613 723 619 717 2372 6516 1064 -3715 1660 80 -46 -27 15
1534195041.0643804 680 578 612 723 619 717 2974 6896 984 3728 -1076 -2738 -46 -25 17
1534195041.126847 680 578 613 723 619 717 2820 8490 364 2127 1106 -64 -46 -26 18
1534195041.2007113 680 578 613 723 619 717 2302 7742 802 -617 712 -656 -47 -24 15
1534195041.2788172 679 578 612 723 619 717 2622 7762 618 529 -427 156 -47 -27 13
1534195041.3256824 680 578 613 723 619 717 2686 7782 618 234 284 -78 -48 -27 16
1534195041.3881683 679 578 613 723 619 717 2498 7774 590 479 190 -111 -46 -23 16
1534195041.4686966 680 578 613 723 619 717 2740 7812 460 188 244 167 -48 -25 17
1534195041.5314085 680 578 613 723 619 718 2534 7754 646 252 274 -163 -47 -26 13
1534195041.5936668 679 578 612 723 619 717 2486 7814 612 304 -127 -25 -48 -26 14
1534195041.6687613 679 578 613 723 619 717 2710 7754 514 152 90 -184 -48 -26 14
1534195041.7332315 680 578 612 723 619 717 2596 7802 574 457 269 114 -47 -24 15
1534195041.7955096 680 578 613 723 619 717 2578 7842 598 57 109 -225 -47 -27 16
1534195041.8579955 680 578 613 723 619 717 2530 7762 628 265 75 -5 -48 -26 15
1534195041.9442356 680 578 613 723 619 717 2512 7806 496 143 204 -109 -47 -24 16
1534195041.9845934 679 577 613 723 619 717 2572 7788 626 317 42 187 -48 -25 15
1534195042.0628812 680 578 613 723 619 717 2498 7850 608 164 185 -59 -46 -25 16
1534195042.1272037 680 578 613 723 619 716 2602 7726 590 178 70 -25 -48 -25 16
1534195042.1836894 680 578 613 723 620 716 2604 7822 592 196 145 -134 -48 -24 14
1534195042.2461731 679 578 613 722 619 718 2516 7738 618 170 188 129 -48 -24 15
1534195042.324336 680 578 613 723 619 718 2576 7812 580 219 102 -111 -47 -24 16
1534195042.3884356 679 578 613 723 619 717 2502 7764 588 191 128 4 -48 -24 15
1534195042.4577184 679 578 613 723 619 717 2546 7824 540 256 107 162 -48 -27 17
1534195042.5173697 679 578 612 723 619 717 2522 7772 588 248 111 -56 -48 -25 17
1534195042.5954776 679 578 612 723 619 718 2560 7876 512 194 -86 -50 -48 -24 17
1534195042.6555192 679 578 612 723 619 717 2586 7744 640 143 22 -273 -48 -26 15
1534195042.7171118 680 578 612 723 619 717 2556 7864 572 -71 75 -243 -46 -25 13
1534195042.7795818 679 578 612 723 619 717 2560 7642 718 177 103 91 -47 -24 15
1534195042.842067 679 578 612 723 619 716 2346 8194 600 997 997 -865 -49 -26 14
1534195042.9259202 679 578 612 722 619 717 1528 8000 988 -2816 -4425 -5922 -49 -24 16
1534195042.9854288 679 578 613 722 619 717 2706 7602 494 -780 -1137 -1186 -48 -24 14
1534195043.0637226 679 578 613 722 619 717 2038 8046 400 3211 -467 2812 -49 -24 16
1534195043.1355371 679 578 613 721 619 717 2770 9200 -1826 813 754 -790 -47 -25 12
1534195043.2011054 678 577 613 721 618 717 2180 8112 462 -2594 -2178 -80 -48 -26 10
1534195043.279215 678 577 613 720 618 717 1494 8476 746 903 1146 3547 -46 -28 12
1534195043.341699 679 577 613 719 618 717 2580 8032 562 318 -417 3443 -46 -26 13
1534195043.4097817 678 577 613 720 618 717 2562 7798 544 -339 375 1413 -45 -29 10
1534195043.4767954 679 577 612 720 619 717 2612 7434 602 76 -236 -666 -45 -28 12
1534195043.5472562 679 578 613 721 619 717 2868 8066 632 1088 -254 -3608 -46 -29 11
1534195043.609685 679 578 613 722 619 717 2464 8944 350 -415 2540 1460 -45 -28 12
1534195043.6868322 679 578 613 722 619 717 2706 6354 972 -1909 3645 1765 -49 -26 11
1534195043.7486176 679 578 613 722 619 717 2280 6684 1042 2979 1160 -671 -46 -27 15
1534195043.8267262 680 578 613 722 619 717 2130 9222 402 3870 -115 -2793 -46 -28 16
1534195043.8958967 680 578 613 722 619 718 2190 8050 756 -1353 -209 136 -47 -24 15
1534195043.9663658 679 578 613 723 619 717 2542 7530 688 761 -923 350 -48 -24 14
1534195044.0161119 680 578 613 722 619 717 2594 8046 484 423 268 244 -47 -25 14
1534195044.0941482 679 578 613 723 619 717 2272 7746 642 158 268 179 -49 -27 15
1534195044.1621358 680 579 613 723 619 718 2470 7844 606 436 -25 -202 -48 -27 14
1534195044.2171268 680 578 613 723 619 717 2428 7880 560 109 -8 -298 -50 -25 15
1534195044.279612 679 578 613 722 619 717 2440 7750 590 235 87 129 -48 -25 14
1534195044.3577187 679 578 613 722 620 717 2326 7892 630 510 -154 458 -48 -26 13
1534195044.425913 679 578 613 723 619 717 2494 7814 460 -42 -777 18 -48 -27 14
1534195044.484097 679 578 612 722 619 717 2616 7768 538 325 87 161 -47 -27 13
1534195044.546602 679 578 613 722 619 717 2422 7828 570 403 187 264 -49 -25 15
1534195044.6246278 680 578 613 723 619 717 2500 7846 482 496 -70 229 -48 -27 15
1534195044.6882906 679 578 613 723 619 717 2548 7806 434 309 133 111 -48 -28 12
1534195044.748267 679 578 612 722 619 718 2498 7788 562 332 175 123 -45 -27 13
1534195044.810753 679 578 613 723 619 717 2550 7786 514 274 118 -121 -48 -28 13
1534195044.8732383 679 578 613 722 619 717 2578 7796 460 385 231 275 -48 -27 13
1534195044.9541109 679 578 612 722 619 717 2550 7844 462 196 212 238 -48 -25 12
1534195045.0163224 679 578 612 723 619 716 2558 7764 490 287 204 -124 -49 -28 15
1534195045.0789177 679 578 613 722 619 717 2560 7798 520 140 132 -205 -49 -28 13
1534195045.1541364 679 578 613 722 619 717 2442 7826 378 302 152 423 -48 -29 14
1534195045.215785 679 578 612 723 619 717 2570 7864 560 241 -24 428 -49 -27 12
1534195045.2782693 679 578 612 722 619 717 2668 7736 492 145 119 -120 -48 -28 12
1534195045.3407555 679 578 612 723 619 717 2546 7824 470 199 228 -198 -47 -28 14
1534195045.419164 679 578 612 722 619 717 2560 7810 472 144 -15 78 -48 -27 13
1534195045.4836764 679 578 612 722 619 716 2556 7804 480 86 209 106 -48 -28 13
1534195045.5489814 679 578 612 722 619 716 2492 7976 336 195 393 727 -48 -29 13
1534195045.6168277 680 578 612 722 619 716 2230 7372 464 2472 741 -992 -47 -26 15
1534195045.6848764 679 578 612 722 619 717 2364 7648 -192 625 -3491 -2180 -48 -28 13
1534195045.7473629 679 578 613 721 619 716 2426 6994 358 -1043 132 3132 -47 -28 11
1534195045.8254716 679 578 613 721 619 717 2744 7804 668 1179 563 1750 -47 -31 10
1534195045.8953967 678 577 613 719 618 717 3528 7592 830 2231 -244 1841 -45 -31 10
1534195045.9696057 679 577 613 719 618 716 3016 7588 546 930 613 -767 -45 -34 8
1534195046.0172396 678 577 613 718 618 717 4144 7304 -210 183 114 -2157 -43 -35 9
1534195046.095343 679 577 613 718 618 717 3498 7556 6 -1131 -847 -511 -44 -34 5
1534195046.16417 679 578 612 719 618 717 2676 7900 286 236 -343 1628 -42 -34 7
1534195046.231399 679 578 613 720 618 717 4148 7408 274 1127 684 -6973 -44 -35 7
1534195046.2938826 679 578 612 721 619 717 2394 8516 160 13 4392 300 -45 -34 7
1534195046.3565726 679 578 613 722 618 717 2418 6428 760 -2682 4603 3860 -45 -30 11
1534195046.4351847 679 578 612 722 619 716 2780 7448 694 2596 -1680 -2711 -46 -29 15
1534195046.5012279 679 579 612 722 619 716 2896 8322 238 1371 497 708 -45 -29 14
1534195046.5637271 679 578 612 722 619 717 2628 7608 434 -641 302 -586 -46 -29 13
1534195046.6261992 680 578 612 722 619 717 2856 7712 300 660 11 47 -47 -27 14
1534195046.70202 679 578 613 722 619 716 2742 7876 368 267 301 -459 -48 -26 14
1534195046.7645102 679 578 612 722 619 717 2602 7688 412 -2 -50 -451 -47 -28 13
1534195046.8269854 680 578 612 722 619 717 2770 7782 364 98 85 -74 -49 -27 13
1534195046.8979526 680 578 613 722 619 717 2564 7770 412 -83 21 44 -47 -26 15
1534195046.9644275 679 578 613 722 619 716 2712 7716 416 186 24 -320 -47 -27 13
1534195047.016136 679 578 613 722 619 716 2668 7838 404 70 163 171 -46 -27 13
1534195047.0944262 679 578 612 722 619 717 2618 7774 436 31 235 -682 -47 -27 12
1534195047.1606052 680 578 613 722 619 717 2576 7728 420 196 233 132 -47 -27 14
1534195047.2149284 679 578 612 722 619 716 2566 7862 444 340 -44 87 -47 -26 13
1534195047.293034 679 578 612 722 619 716 2628 7806 516 -117 229 -252 -48 -27 15
1534195047.3555195 679 578 612 722 619 717 2554 7760 380 289 60 -74 -48 -27 15
1534195047.4250605 679 578 613 722 619 718 2588 7802 544 234 117 132 -48 -28 13
1534195047.4858997 679 578 613 722 619 716 2592 7798 398 201 208 -92 -48 -28 15
1534195047.5483859 679 578 613 722 619 717 2596 7782 394 187 155 -40 -48 -27 14
1534195047.610881 679 578 612 722 619 716 2590 7822 510 268 50 210 -47 -26 14
1534195047.6845186 679 578 612 722 619 716 2612 7814 492 161 204 -168 -48 -25 15
1534195047.7470055 679 578 613 722 619 717 2544 7732 408 222 120 48 -48 -26 15
1534195047.8096857 679 578 612 722 619 717 2628 7814 494 354 133 -401 -46 -27 13
1534195047.8875973 679 578 612 722 619 717 2452 7940 520 -42 628 -265 -49 -26 14
1534195047.9644 679 578 613 722 619 717 2524 7694 400 317 80 70 -48 -24 17
1534195048.0160332 679 578 613 722 619 717 2626 7826 380 401 206 53 -50 -27 14
1534195048.0785208 679 578 612 722 619 717 2430 7786 510 149 147 -162 -48 -27 13
1534195048.1477878 679 578 612 722 619 717 2558 7830 384 297 18 92 -48 -26 15
1534195048.2019513 679 578 613 722 619 717 2486 7816 490 298 70 169 -48 -27 13
1534195048.264436 679 578 612 722 619 717 2604 7840 404 109 17 -441 -47 -26 14
1534195048.342541 679 578 612 722 619 717 2306 6986 972 1380 182 -1845 -50 -29 12
1534195048.4164212 679 578 613 722 619 717 2076 8068 282 -211 237 1035 -49 -27 13
1534195048.4841914 679 578 612 722 619 717 1942 7170 274 527 -289 -126 -50 -27 12
1534195048.547186 679 578 613 722 619 716 2318 8014 552 752 392 2009 -49 -24 13
1534195048.625291 679 578 612 721 619 717 2650 7516 772 -1799 -228 -1656 -50 -24 10
1534195048.6856627 679 578 613 720 619 717 2330 7646 670 1051 538 840 -46 -24 11
1534195048.748148 679 578 612 720 619 716 2606 7618 254 -92 -115 -278 -49 -24 12
1534195048.8106341 678 577 613 719 618 716 2772 7700 162 -995 182 -1833 -48 -26 9
1534195048.890039 678 578 612 719 619 717 2856 7672 652 634 -7 -4726 -46 -27 9
1534195048.9605675 678 577 612 719 618 716 2220 8084 872 257 -225 -1328 -48 -26 10
1534195049.017427 679 578 613 720 619 716 1844 8300 366 -708 -259 2717 -48 -25 12
1534195049.0956032 679 578 613 720 619 716 2534 7870 74 1271 1297 -1785 -48 -25 12
1534195049.1659245 679 578 612 721 619 717 1908 8536 168 -505 168 487 -49 -25 13
1534195049.23256 679 578 612 722 619 716 2382 6896 850 -4423 1427 3629 -49 -25 11
1534195049.2950325 679 578 613 722 619 717 2438 7328 832 3171 -370 -1485 -48 -25 17
1534195049.3575263 679 578 613 722 619 717 2222 8550 338 840 645 167 -48 -26 18
1534195049.434222 679 578 612 722 619 717 2226 7630 690 -644 -288 301 -50 -24 14
1534195049.501944 679 578 612 722 619 717 2466 7876 556 627 57 -258 -49 -24 17
1534195049.5646162 679 578 612 722 619 716 2250 7846 602 253 105 -119 -49 -24 16
1534195049.6269143 679 578 612 722 619 717 2238 7910 580 405 -230 55 -49 -24 16
1534195049.7014387 679 578 612 722 619 716 2432 7886 538 23 147 225 -49 -25 14
1534195049.7639236 679 578 613 722 619 716 2246 7878 628 450 289 169 -48 -25 14
1534195049.82641 679 578 612 722 619 717 2302 8002 566 -104 30 -347 -50 -25 14
1534195049.9028897 679 578 612 722 619 716 2356 7750 598 242 54 -167 -48 -25 14
1534195049.9746585 679 578 612 722 619 717 2350 7864 544 252 166 453 -47 -25 14
1534195050.0329492 679 578 612 722 619 717 2342 7880 588 226 -44 114 -49 -26 16
1534195050.095602 679 578 612 722 619 716 2394 7848 570 108 144 -114 -50 -24 14
1534195050.1676207 679 578 612 722 618 716 2360 7822 632 371 81 -78 -49 -26 13
1534195050.2312973 679 578 612 722 619 716 2316 7872 524 194 289 171 -48 -23 14
1534195050.2937818 679 578 612 722 619 716 2350 7866 504 314 71 -140 -50 -26 16
1534195050.3562694 679 578 612 722 619 716 2314 7816 562 206 199 -90 -49 -24 15
1534195050.4278715 679 578 612 722 619 716 2352 7882 578 264 0 73 -51 -26 13
1534195050.4845655 679 578 612 722 619 716 2352 7838 562 226 206 -34 -50 -24 13
1534195050.547133 680 578 612 722 619 716 2274 7872 536 162 117 133 -50 -25 13
1534195050.6251564 679 578 612 722 619 717 2384 7838 492 333 64 154 -50 -24 13
1534195050.687643 679 578 612 722 619 717 2326 7886 580 63 67 -58 -48 -23 13
1534195050.7503183 679 578 613 722 619 716 2360 7814 614 187 157 -304 -48 -24 15
1534195050.8128288 679 578 613 722 619 717 2444 7716 404 79 364 -103 -50 -25 13
1534195050.8862028 679 578 613 722 619 716 2154 8064 632 555 48 -80 -49 -23 15
1534195050.9533281 679 577 613 722 619 716 2310 7810 522 21 -130 752 -48 -24 14
1534195051.0169208 679 578 612 722 619 716 2484 7896 354 147 375 228 -50 -26 14
1534195051.0795333 679 578 612 722 619 716 1868 7198 780 2647 4 -1842 -49 -24 15
1534195051.1552775 679 578 612 722 618 716 2222 11292 -8 3176 -4578 705 -48 -25 14
1534195051.2160256 678 578 612 722 619 716 2256 8538 132 1777 -234 3160 -52 -26 10
1534195051.27851 679 577 612 721 619 716 2516 7820 296 -803 -39 -1174 -51 -23 9
1534195051.3566163 678 577 612 720 619 716 2098 7902 -84 1287 -458 669 -52 -27 9
1534195051.4179003 678 577 612 719 618 715 1252 7902 234 -2624 -484 -4336 -50 -26 6
1534195051.4979298 678 577 612 718 618 716 2460 7888 948 2040 -194 1479 -52 -25 8
1534195051.5482447 678 577 612 719 618 716 2142 8152 86 2351 71 2996 -50 -24 7
1534195051.6263514 678 577 612 719 618 716 2162 8108 -274 2034 171 720 -49 -28 6
1534195051.6936893 679 578 612 720 618 716 2518 7912 10 7 454 -1694 -50 -26 7
1534195051.7487082 679 578 612 721 618 716 1290 8326 -158 -1791 1271 3505 -53 -27 8
1534195051.8268402 679 578 612 721 618 716 2546 7730 740 -4742 43 2715 -53 -29 8
1534195051.8987677 679 578 612 721 619 716 2838 6902 418 1258 722 134 -50 -25 11
1534195051.9669724 679 578 612 722 618 716 2410 8216 164 1551 1239 -84 -48 -28 11
1534195052.0198114 679 578 612 721 619 716 2250 7886 444 -298 269 -160 -48 -28 11
1534195052.0979176 679 578 612 722 619 716 2482 7792 458 412 233 157 -51 -29 12
1534195052.166094 679 578 612 722 619 717 2386 7926 384 789 136 265 -51 -26 12
1534195052.2176716 679 578 612 722 619 717 2392 7854 294 -44 193 259 -49 -29 13
1534195052.2957788 678 578 612 722 619 716 2486 7826 380 392 78 -108 -50 -29 14
1534195052.358264 679 578 612 722 619 716 2472 7864 380 15 269 46 -50 -27 12
1534195052.417842 679 578 613 721 619 716 2456 7852 348 370 134 295 -47 -28 11
1534195052.4945397 679 578 612 722 619 717 2472 7836 324 252 215 -37 -49 -28 12
1534195052.5476723 679 578 612 722 619 716 2518 7828 330 357 148 188 -51 -29 11
1534195052.633091 679 578 612 722 619 716 2466 7870 330 107 212 60 -51 -28 11
1534195052.6855578 679 578 612 722 619 716 2428 7856 328 269 121 -13 -49 -30 11
1534195052.7482135 679 578 612 722 619 717 2498 7838 298 197 110 173 -49 -28 14
1534195052.810527 679 578 612 722 619 715 2510 7866 264 278 81 145 -51 -27 11
1534195052.8730142 679 578 612 722 619 716 2412 7856 352 78 277 115 -49 -26 11
1534195052.9536302 679 578 612 722 619 717 2502 7848 300 280 -17 -193 -48 -27 13
1534195053.0148096 679 578 613 722 618 716 2478 7850 384 260 196 33 -50 -27 10
1534195053.0858538 679 577 612 722 618 715 2492 7866 302 191 129 -153 -50 -27 10
1534195053.1524932 679 577 612 721 618 716 2448 7790 376 166 102 -267 -49 -26 12
1534195053.2170784 679 577 612 722 618 717 2516 7810 262 257 75 80 -50 -28 13
1534195053.2795644 679 578 613 722 618 716 2492 7898 308 356 160 225 -51 -27 12
1534195053.342051 679 578 612 722 618 716 2470 7830 288 228 116 -96 -50 -27 12
1534195053.4147444 679 578 612 721 618 717 2412 7868 214 233 88 -559 -49 -25 12
1534195053.4787614 679 577 612 721 619 716 2474 7764 294 83 53 -29 -49 -27 14
1534195053.531541 679 577 613 721 619 717 2378 7884 404 171 135 0 -49 -27 11
1534195053.5940256 679 578 612 722 619 716 2510 7814 262 210 142 -88 -50 -29 12
1534195053.6678448 679 578 612 722 619 716 2466 7850 328 286 365 331 -48 -28 11
1534195053.7303298 679 578 612 722 618 716 2378 7842 354 346 197 276 -48 -27 11
1534195053.7928152 679 578 612 722 619 715 2530 7848 314 152 160 -118 -48 -27 11
1534195053.8710983 679 577 612 722 619 716 2408 7834 346 245 148 152 -47 -27 11
1534195053.949496 678 578 612 721 619 716 2512 7908 366 221 163 90 -49 -27 11
1534195054.0005102 678 578 612 721 618 716 2450 7468 248 2920 -146 -1298 -50 -28 12
1534195054.062995 679 578 613 722 619 716 2460 7296 312 -1173 26 71 -51 -26 8
1534195054.139483 678 578 612 721 619 716 2532 7376 58 883 -150 217 -49 -28 10
1534195054.201486 679 577 612 721 618 716 2298 7790 274 579 116 845 -53 -28 9
1534195054.2637672 678 577 612 720 618 715 3514 7584 210 2177 598 -1673 -48 -29 8
1534195054.3418746 678 577 612 720 618 716 2902 7646 -176 -446 357 -4317 -49 -27 7
1534195054.4116564 678 577 612 719 618 716 3024 7634 506 -1636 -922 -1046 -48 -27 7
1534195054.4794385 678 577 613 719 617 716 2734 7866 478 1186 -619 2785 -47 -28 9
1534195054.5471284 678 576 612 719 617 716 2880 7736 -50 1488 -291 1689 -45 -30 7
1534195054.609614 678 577 612 718 618 716 2568 7988 12 -1185 -216 540 -46 -30 7
1534195054.6827223 678 577 612 719 618 715 3102 7762 -94 -327 437 -1710 -48 -30 7
1534195054.7486074 678 577 612 720 618 716 2312 8192 -180 430 367 -4845 -46 -30 8
1534195054.811095 678 578 612 721 618 716 1882 7804 -92 -2882 -2261 -914 -46 -26 8
1534195054.8902187 679 578 612 721 619 716 3144 6898 612 -1912 1177 1197 -49 -29 9
1534195054.9599738 678 578 612 721 618 716 1942 7846 556 2749 1609 -381 -49 -26 10
1534195055.0159657 679 578 613 721 619 716 1874 8368 310 106 205 39 -51 -26 11
1534195055.0782592 679 578 612 721 618 716 2414 7638 492 61 -158 309 -51 -26 12
1534195055.1566913 679 577 612 721 618 716 2278 8012 358 501 530 351 -51 -26 11
1534195055.217306 679 578 612 721 618 716 2090 7846 382 15 -79 -115 -49 -25 12
1534195055.2954142 679 578 612 721 618 716 2366 7932 286 379 199 378 -50 -26 13
1534195055.342276 679 578 612 721 618 716 2268 7904 386 325 243 107 -50 -26 12
1534195055.4224029 679 578 612 722 619 716 2216 7948 374 260 -245 -327 -51 -27 11
1534195055.4844303 679 578 612 721 618 716 2364 7870 378 107 215 -221 -49 -23 12
1534195055.546917 679 578 612 721 619 716 2152 7960 340 475 182 170 -48 -28 11
1534195055.6094358 679 578 612 721 619 716 2220 7878 382 25 -42 -398 -50 -25 13
1534195055.6836233 679 578 612 721 618 716 2228 7980 352 326 193 -61 -50 -26 9
1534195055.746109 678 578 612 722 619 716 2216 7860 376 187 137 -31 -52 -26 12
1534195055.8085947 679 577 612 721 618 716 2236 7922 370 362 38 -74 -52 -26 12
1534195055.8711064 679 577 612 721 618 715 2206 7846 340 88 45 -233 -52 -26 12
1534195055.9565005 679 578 612 722 618 717 2294 7966 382 397 244 270 -51 -28 11
1534195056.0015001 678 578 612 721 619 716 2208 7942 396 108 82 50 -49 -27 12
1534195056.0639904 679 578 613 722 619 716 2218 7866 316 207 38 -292 -50 -27 12
1534195056.1434388 679 578 612 722 618 715 2188 7850 296 254 49 531 -50 -28 11
1534195056.2002063 679 578 612 721 619 715 2382 7950 358 411 363 595 -50 -24 10
1534195056.2783132 679 578 612 721 619 716 3096 7374 -48 443 1453 -2741 -50 -25 12
1534195056.340904 679 578 612 721 618 715 2786 7476 288 782 2762 396 -50 -25 12
1534195056.4174936 679 578 612 721 618 716 1408 8188 528 -4789 -1485 -1503 -51 -23 12
1534195056.4835215 678 578 612 721 619 715 1862 7666 750 154 -645 2069 -51 -23 11
1534195056.5459886 678 578 612 721 619 715 3420 7990 -34 -2401 1327 -2056 -50 -23 13
1534195056.6240942 679 578 612 721 619 716 1108 8126 1392 -1603 549 -1811 -50 -24 15
1534195056.6964633 678 578 613 721 618 715 1978 7806 780 -498 -590 988 -46 -20 15
1534195056.7640476 678 578 612 721 619 716 2096 8014 1028 -1179 -16 -642 -45 -22 17
1534195056.8265333 679 577 612 722 619 716 1328 7934 990 -1077 -430 -531 -47 -21 18
1534195056.905717 679 578 613 722 619 716 1654 8662 1038 -175 204 1386 -47 -22 18
1534195056.9680655 678 578 612 721 619 716 1676 8028 1354 1798 530 703 -45 -21 18
1534195057.0305524 679 578 612 721 619 716 2080 7876 1122 2313 969 -2409 -44 -23 16
1534195057.1086571 679 578 613 721 619 716 1452 8396 884 1940 -102 -756 -47 -21 18
1534195057.168077 678 578 613 721 619 716 1536 7824 696 1086 817 -934 -49 -20 16
1534195057.246185 678 578 612 721 618 716 1764 8036 1076 239 932 -3000 -49 -20 16
1534195057.3242903 678 578 612 721 618 716 1534 7706 1016 2098 1413 -544 -50 -21 16
1534195057.3884363 678 578 613 720 618 716 1802 7942 894 -1713 200 758 -47 -17 16
1534195057.4557188 678 577 612 719 618 716 1646 7830 730 -50 299 2027 -48 -20 14
1534195057.5151858 678 577 612 719 618 716 2138 7728 806 -206 331 -1976 -48 -21 16
1534195057.5932925 678 578 612 719 619 716 2234 7800 1336 1680 366 -553 -46 -20 15
1534195057.6634037 678 578 612 719 618 716 2114 7976 1302 -90 -531 1824 -45 -22 16
1534195057.7304163 678 577 612 719 618 716 1692 8288 938 -573 1106 3260 -46 -23 14
1534195057.792902 678 578 613 720 618 716 2350 8364 860 -754 -262 -245 -45 -27 15
1534195057.8710103 678 578 613 721 619 716 2186 7320 1034 490 682 -3229 -44 -22 18
1534195057.9384 678 578 612 721 619 715 1784 8104 800 243 303 -4698 -47 -24 19
1534195058.0004914 678 578 612 721 619 716 1750 7984 1102 2280 903 1890 -46 -21 19
1534195058.0629768 678 578 612 721 619 716 1556 8138 770 -580 -403 -1788 -48 -20 16
1534195058.1445408 678 578 612 721 619 715 1646 8010 800 626 -782 843 -50 -20 16
1534195058.2002819 679 578 612 721 619 716 1730 7944 846 815 -252 1080 -50 -20 15
1534195058.2784472 678 578 612 721 618 716 1854 8116 992 -6 -662 342 -51 -21 18
1534195058.3408976 678 578 612 721 618 716 1942 7756 862 810 344 815 -51 -20 16
1534195058.413739 678 578 612 721 618 716 1764 8254 994 -272 -543 -799 -49 -22 16
1534195058.4825516 678 578 612 721 618 715 1826 7784 1030 -153 103 233 -49 -22 17
1534195058.5484486 679 578 612 721 618 716 1802 7994 952 429 486 -788 -47 -21 17
1534195058.6109335 678 578 612 721 618 716 1716 7870 966 547 248 192 -49 -23 16
1534195058.684638 678 578 612 721 618 715 1840 8020 814 646 46 516 -50 -22 17
1534195058.7316313 678 578 612 721 618 715 1810 7968 862 314 -7 -340 -50 -22 17
1534195058.8096097 678 578 612 721 618 715 1882 7986 724 457 284 -284 -50 -22 16
1534195058.8720937 678 578 612 721 619 716 1772 7938 920 245 69 102 -50 -23 17
1534195058.9348094 678 577 613 721 619 715 1750 7978 824 264 126 -248 -49 -21 17
1534195059.0005858 678 578 612 721 618 716 1762 7976 796 353 212 73 -51 -24 15
1534195059.0630634 678 578 612 721 619 715 1848 7984 878 244 40 109 -50 -21 17
1534195059.1409767 678 578 612 721 619 715 1782 7948 810 494 111 226 -49 -23 13
1534195059.200666 679 578 612 721 618 715 1888 8022 778 360 267 113 -50 -22 16
1534195059.2630892 678 578 612 721 619 716 1712 7948 818 331 147 58 -50 -22 14
1534195059.3255737 679 577 612 721 619 716 1784 7966 736 138 128 -165 -47 -21 15
1534195059.4034374 678 578 612 721 619 716 1842 7988 806 361 48 83 -49 -20 15
1534195059.4678009 679 578 612 721 618 716 1788 7978 868 124 213 196 -50 -24 17
1534195059.5302875 678 577 612 721 618 715 1818 7996 836 232 30 -133 -50 -23 15
1534195059.5927718 678 577 612 721 618 715 1824 7948 750 322 119 223 -48 -21 16
1534195059.6673322 678 577 612 721 618 716 1908 8014 782 252 155 109 -49 -21 18
1534195059.7302766 678 578 612 721 618 715 1842 7924 778 46 123 38 -49 -23 12
1534195059.792763 678 578 612 721 618 715 1744 8058 772 149 -38 -158 -51 -20 17
1534195059.8552485 678 578 612 721 618 716 2254 7094 800 -108 -162 -862 -51 -20 15
1534195059.9350893 678 577 612 721 618 715 1420 10226 568 1859 382 826 -50 -22 17
1534195060.0003643 678 577 612 721 618 716 1704 7838 616 -472 -1405 3069 -51 -21 15
1534195060.0628738 678 577 612 720 618 715 1406 8578 626 1702 -405 4607 -49 -23 15
1534195060.1415946 678 577 613 720 618 716 2018 7942 622 -320 947 378 -48 -25 13
1534195060.1992586 678 577 612 719 618 715 1534 8454 924 -1252 86 2436 -48 -27 12
1534195060.2773669 678 577 612 719 618 715 1766 8236 1142 2449 30 3592 -47 -25 16
1534195060.3398523 677 577 612 718 618 716 1526 8194 142 2427 1066 1874 -45 -26 12
1534195060.4126859 677 576 612 718 618 715 2096 7920 412 782 454 990 -47 -24 12
1534195060.4795043 678 577 612 718 618 715 2506 7704 396 -949 308 188 -50 -25 10
1534195060.5330725 677 577 612 718 618 716 2404 7974 610 135 -104 1329 -49 -26 11
1534195060.6111662 678 577 612 719 618 715 2842 7882 502 -246 750 -4377 -46 -28 12
1534195060.6846137 678 577 612 720 618 715 1118 8332 834 -1803 554 -65 -47 -27 13
1534195060.747099 678 577 612 721 618 715 2220 7054 616 495 -13 311 -49 -25 15
1534195060.8095858 678 577 612 721 619 715 1876 7928 738 1469 396 -1078 -48 -25 14
1534195060.8720713 678 578 612 721 618 715 1742 8146 762 36 266 -256 -49 -26 15
1534195060.9502394 678 578 612 721 618 715 2010 7882 670 695 2 567 -49 -23 16
1534195061.01706 678 577 612 721 618 715 1896 8068 700 226 264 -505 -50 -23 15
1534195061.0816724 678 577 612 721 618 716 1916 7894 648 374 -36 -38 -50 -24 12
1534195061.1494899 678 578 612 721 618 715 1942 8044 718 473 197 277 -50 -24 16
1534195061.201508 678 577 612 721 618 715 1832 7890 590 262 78 -22 -49 -22 15
1534195061.2796154 678 577 612 721 618 715 1960 8008 634 368 101 -112 -50 -25 14
1534195061.3420997 678 578 612 721 618 716 1822 7928 680 359 38 132 -49 -23 13
1534195061.4116325 678 577 612 721 618 714 1910 7980 604 320 135 -93 -50 -22 15
1534195061.4756346 678 577 612 721 618 715 1852 8004 574 331 69 46 -51 -23 11
1534195061.532024 678 577 612 721 618 715 1896 7998 606 320 53 57 -51 -24 15
1534195061.5944786 678 577 612 721 618 715 1904 7984 580 291 223 75 -51 -24 15
1534195061.6701026 678 577 612 721 618 716 1982 8074 584 1 272 -763 -48 -23 14
1534195061.7333374 678 577 612 721 618 716 1756 7914 612 -3 560 -934 -52 -25 12
1534195061.795822 678 577 612 721 618 715 1732 8022 680 480 -142 613 -51 -24 15
1534195061.8585057 678 578 612 721 618 715 1820 7964 666 169 90 1 -51 -21 14
1534195061.9336627 678 578 612 721 618 715 1730 8038 630 198 174 -301 -51 -24 13
1534195062.0006695 678 577 612 721 618 715 1830 7962 642 346 47 231 -50 -21 14
1534195062.0631537 678 577 612 721 618 715 1720 8086 680 233 71 -33 -52 -25 14
1534195062.1256382 678 577 612 721 618 716 1740 7944 566 108 158 -15 -51 -20 15
1534195062.1856143 678 577 612 721 618 716 1770 8070 550 255 59 -65 -50 -23 12
1534195062.2481966 678 577 612 721 618 715 1728 7940 644 289 83 69 -53 -24 14
1534195062.310767 678 577 613 721 618 715 1796 8058 584 236 127 -121 -50 -24 14
1534195062.3888776 678 577 612 721 618 715 1708 7970 604 173 193 261 -52 -22 13
1534195062.4556596 678 577 612 721 618 715 1836 8016 632 359 79 -22 -52 -22 13
1534195062.5173588 678 577 612 721 618 715 1710 8030 578 184 117 -50 -50 -22 15
1534195062.5799115 678 577 612 721 618 715 1802 7998 614 369 140 21 -52 -23 14
1534195062.6552827 678 577 612 721 618 714 1692 8026 608 145 71 -66 -52 -22 13
1534195062.7160153 678 577 612 721 618 715 1762 7976 620 189 -51 -181 -52 -21 13
1534195062.778501 678 577 612 721 618 715 1756 7976 598 209 139 -37 -51 -24 15
1534195062.840986 678 577 612 721 618 715 1744 8062 584 290 231 259 -52 -23 14
1534195062.915654 678 577 612 721 618 715 1724 7948 718 99 57 -369 -51 -22 13
1534195062.9828293 678 577 612 721 618 716 1536 8230 116 -342 -50 927 -51 -20 12
1534195063.0488257 678 577 612 721 618 715 1812 8022 582 -1087 -765 843 -50 -24 13
1534195063.1111083 678 577 612 721 618 715 1938 8154 652 -2125 338 -395 -51 -23 15
1534195063.1849718 678 577 612 721 618 716 1548 8124 814 -1741 -235 1256 -49 -24 12
1534195063.2474992 678 577 612 720 618 715 956 8464 1144 -2115 104 2541 -49 -23 13
1534195063.3411837 678 577 612 720 618 715 1492 8644 1308 51 -1668 8133 -48 -23 15
1534195063.3983092 677 576 612 718 618 715 3058 7802 1388 2566 1648 316 -45 -24 17
1534195063.4687128 677 576 612 718 617 715 2214 8092 1148 -1221 145 -279 -42 -27 13
1534195063.5320897 677 576 612 717 617 715 1702 7758 1046 -6080 -2459 4680 -44 -25 15
1534195063.5943773 677 576 612 718 617 715 1774 8018 1524 1956 595 402 -42 -27 15
1534195063.6778722 677 576 612 718 618 714 882 8302 1124 1601 -163 2614 -41 -26 15
1534195063.7325513 677 577 612 719 618 715 3434 7938 672 4429 2261 -525 -43 -26 14
1534195063.803782 677 577 612 720 618 715 2432 7882 506 1283 2243 -4003 -44 -29 14
1534195063.8844101 677 577 612 720 618 715 2076 7182 534 1195 -714 -776 -46 -25 14
1534195063.9543686 678 577 612 720 618 714 2172 7872 822 -50 224 -1002 -48 -26 14
1534195064.0160518 678 577 612 720 618 715 1838 7978 646 441 -95 -533 -48 -26 16
1534195064.0785377 678 577 612 720 618 715 2026 7924 780 401 -502 218 -48 -25 15
1534195064.1555288 678 577 612 721 618 715 2022 7962 640 481 276 -199 -49 -27 13
1534195064.2157116 678 577 612 721 618 715 1906 7958 646 285 137 -262 -48 -25 13
1534195064.2781959 678 577 612 721 618 715 1942 7918 624 383 165 115 -49 -24 16
1534195064.3406796 678 577 612 721 618 715 1956 7980 672 314 -20 -49 -50 -24 15
1534195064.4200077 678 577 612 721 618 714 1990 7932 616 299 237 40 -51 -26 15
1534195064.484672 678 577 612 721 618 716 1934 7982 634 339 -50 70 -48 -23 14
1534195064.5473335 677 577 612 721 618 715 2064 7972 582 424 94 110 -50 -23 15
1534195064.609643 678 577 612 720 618 715 1892 8008 646 252 121 -376 -47 -24 12
1534195064.685403 678 577 612 721 618 715 1914 8012 608 333 100 -31 -50 -24 14
1534195064.7322688 678 577 612 720 618 715 1982 7930 602 328 79 -88 -49 -27 14
1534195064.8103733 678 577 611 721 618 715 1948 7964 578 199 74 -202 -51 -23 13
1534195064.8728948 677 577 612 721 618 716 1958 7966 614 236 34 -164 -49 -25 12
1534195064.9343243 678 577 612 721 618 714 1918 7968 586 271 151 -66 -49 -25 13
1534195065.0018647 678 577 612 721 618 715 1882 8006 588 190 -6 -183 -51 -23 12
1534195065.064351 678 577 612 721 618 715 1910 7978 556 219 33 -8 -49 -23 13
1534195065.1268363 678 577 612 721 618 715 1930 7974 648 233 96 -44 -49 -23 13
1534195065.2020938 678 577 612 721 618 715 1948 7964 628 330 106 249 -51 -24 14
1534195065.2647896 678 577 612 721 618 715 1978 7984 560 277 171 63 -49 -25 13
1534195065.3270648 678 577 612 721 618 714 1948 8034 588 246 125 -26 -50 -24 13
1534195065.4022253 678 577 612 721 618 715 1938 7978 596 229 101 48 -50 -24 13
1534195065.4682136 678 577 612 721 618 715 1924 7984 614 255 137 138 -51 -26 14
1534195065.5316916 677 577 612 721 618 714 1866 7990 494 242 190 -71 -50 -23 12
1534195065.5941274 678 577 612 721 618 715 2004 7960 556 268 174 111 -51 -25 16
1534195065.6662405 677 577 612 720 618 716 1858 7988 602 257 145 149 -49 -24 11
1534195065.730437 677 577 612 721 618 714 1974 7960 542 184 159 42 -50 -25 13
1534195065.7929227 678 577 612 721 618 715 1954 7968 562 259 149 50 -52 -25 15
1534195065.8554082 677 577 612 720 618 714 1962 7954 586 280 85 95 -49 -23 13
1534195065.9253607 678 577 612 721 618 715 1864 7970 492 192 121 38 -49 -24 12
1534195065.9836123 677 577 612 720 618 715 1986 7934 594 270 103 97 -49 -24 13
1534195066.0462945 678 577 612 721 618 714 1932 7966 622 260 170 266 -51 -26 12
1534195066.1085835 677 577 612 721 618 715 1902 7998 494 343 95 525 -51 -24 12
1534195066.1844375 677 577 612 720 618 714 1358 7790 560 932 736 -482 -51 -24 14
1534195066.246922 677 577 612 720 618 715 1754 7582 676 516 -923 -1411 -53 -20 13
1534195066.3094087 677 578 612 720 618 715 1910 7912 576 177 -51 748 -51 -23 11
1534195066.3896687 677 577 612 719 618 714 2324 8028 218 -365 34 1062 -51 -24 12
1534195066.4582133 677 577 612 718 618 714 2280 7992 274 2101 348 1278 -51 -29 11
1534195066.5164523 677 577 612 718 617 715 1834 7952 80 1785 243 323 -50 -28 8
1534195066.5789366 677 577 612 718 618 715 2358 7820 -18 367 586 -2188 -52 -27 8
1534195066.6668055 677 576 612 717 617 715 2784 7834 102 -470 -22 60 -52 -26 4
1534195066.716124 677 576 612 718 618 714 2102 8086 236 56 22 1682 -50 -27 8
1534195066.7787604 677 576 612 718 618 714 2390 7858 84 -981 75 -1562 -49 -26 10
1534195066.8412943 677 576 611 719 618 715 2112 8266 280 -1355 -532 1817 -49 -25 9
1534195066.925988 677 577 612 720 618 715 3620 6990 586 -1730 -313 -2948 -50 -28 10
1534195066.9942849 677 577 612 721 618 715 1878 8280 552 2121 1870 277 -49 -28 11
1534195067.0482783 677 577 612 720 618 715 1858 8072 556 -207 -160 45 -50 -27 11
1534195067.1263838 677 577 612 720 618 714 2266 7890 420 -18 12 -471 -49 -25 12
1534195067.193251 677 577 612 720 618 715 1960 7968 554 389 201 145 -50 -25 13
1534195067.2473984 677 577 612 720 618 715 2048 7968 530 321 -119 431 -50 -26 11
1534195067.3411257 678 577 612 720 618 715 2100 7970 512 102 217 -280 -50 -26 12
1534195067.3910303 677 576 611 721 618 714 1992 7946 530 230 65 83 -50 -27 12
1534195067.455257 678 577 612 720 618 715 2070 7930 522 139 74 -4 -49 -24 11
1534195067.5159929 678 577 612 720 618 715 2012 7922 592 -153 -181 96 -50 -27 10
1534195067.5784788 677 577 612 720 618 715 2134 7892 438 194 184 172 -49 -25 10
1534195067.6545472 677 577 612 720 618 714 2066 7990 548 103 154 149 -50 -27 13
1534195067.716675 677 577 612 720 618 715 2066 8074 308 -1472 257 -2344 -49 -26 11
1534195067.7947812 678 577 612 720 618 714 1858 7666 1136 -2076 2679 3553 -50 -27 13
1534195067.8572671 677 577 612 721 618 715 2178 8134 1466 -2867 1128 -997 -47 -25 15
1534195067.9374998 677 577 612 720 618 714 2218 7346 1322 -658 1498 5277 -48 -25 18
1534195068.0170867 677 577 612 720 618 715 2012 7748 1240 -2573 361 -3070 -44 -26 21
1534195068.0796921 677 577 612 720 618 714 2426 7302 1720 -1101 2092 5232 -44 -25 22
1534195068.1482575 677 577 612 721 618 715 3310 7608 2176 -141 468 7188 -43 -27 20
1534195068.2175589 677 577 612 721 618 715 3186 7998 1294 4446 2812 8224 -38 -28 20
1534195068.2800457 678 577 612 720 618 715 3412 7628 1542 205 -2463 3056 -34 -32 21
1534195068.3581512 678 577 613 720 618 715 5110 6012 -82 -2769 -8148 -6452 -30 -35 22
1534195068.4305718 677 577 612 721 618 715 3802 7072 892 4163 2518 -649 -29 -37 22
1534195068.4848318 677 577 612 720 618 715 3802 8400 844 2424 484 882 -31 -36 22
1534195068.5629392 677 577 612 720 618 715 4036 7468 1120 -3100 252 -2653 -32 -34 18
1534195068.6254244 677 577 612 720 618 715 3866 6876 1430 1678 4148 2124 -30 -35 20
1534195068.7035306 677 577 613 720 618 714 2974 7464 1842 -1045 -452 -1162 -28 -33 22
1534195068.7816386 677 577 612 720 618 714 3834 7878 1800 2171 -732 -2193 -31 -33 23
1534195068.8441238 677 577 612 720 618 714 3468 7428 1336 2514 499 -1618 -30 -32 23
1534195068.9247105 677 577 612 720 618 714 3096 7626 952 -1364 -2572 -7595 -34 -30 20
1534195068.9847634 678 577 612 720 618 714 2632 7608 1492 922 -1115 -1363 -38 -29 21
1534195069.0628695 677 577 612 721 618 715 2672 7710 1490 -1328 -1136 -1286 -36 -28 20
1534195069.1394892 678 577 612 720 618 715 2592 7618 1492 -610 -499 -688 -37 -28 20
1534195069.2002127 677 577 613 720 618 715 2244 6970 1564 503 351 -2207 -37 -30 19
1534195069.2782154 677 577 612 720 618 715 2012 7588 1792 -726 -686 902 -37 -28 20
1534195069.340701 677 577 612 720 618 714 2508 7456 1202 -2061 1442 1160 -38 -27 20
1534195069.4254918 677 577 612 720 618 714 1920 8040 2022 -277 1162 -248 -36 -30 18
1534195069.4883244 677 576 612 719 618 715 2296 7770 1602 -1282 50 -488 -36 -28 18
1534195069.5485046 677 576 611 718 617 715 2186 7942 2222 417 -429 551 -36 -26 19
1534195069.6265182 676 576 612 718 617 714 2786 7494 2508 3526 -379 2015 -35 -27 19
1534195069.684869 676 575 612 717 617 714 2578 7580 1788 -4118 142 -972 -35 -28 18
1534195069.763174 675 575 611 716 617 714 1668 8298 2232 781 -618 2997 -35 -28 18
1534195069.8255832 675 575 612 716 617 714 928 8238 2228 -426 1358 1277 -33 -27 19
1534195069.9031959 676 575 612 717 617 715 2452 7600 2086 995 726 -205 -36 -27 20
1534195069.9710145 676 576 611 718 617 714 2692 8018 1638 3949 657 455 -35 -27 19
1534195070.0313444 676 576 611 719 617 715 1548 8682 1374 1508 2497 1340 -35 -29 21
1534195070.1092544 677 577 612 720 617 715 2940 7266 2346 1751 -957 -2000 -37 -27 20
1534195070.1677313 677 577 612 720 617 715 2256 7796 1046 480 -269 165 -39 -26 20
1534195070.246011 677 577 612 720 617 715 2446 7634 1402 799 -181 424 -41 -26 21
1534195070.3084831 677 576 611 720 617 715 2324 7724 1502 24 56 -430 -39 -26 22
1534195070.370809 677 576 612 720 617 714 2282 7758 1576 909 -1688 452 -40 -26 20
1534195070.4550817 677 577 612 720 617 714 2586 7402 1170 1231 -2701 2874 -38 -27 19
1534195070.5154574 677 577 612 720 617 715 2672 7538 1212 -162 875 -214 -38 -29 17
1534195070.5779438 677 576 612 720 617 715 2464 7758 1246 57 729 -40 -40 -28 18
1534195070.6561604 677 577 612 720 618 714 2470 7784 1244 740 -164 578 -40 -31 16
1534195070.7186644 677 577 612 720 617 715 2478 7740 1334 183 214 -41 -42 -28 19
1534195070.7966423 677 577 612 720 618 714 2480 7738 1252 231 121 110 -40 -28 17
1534195070.8435066 677 576 612 720 618 714 2546 7698 1242 258 62 103 -39 -28 16
1534195070.9270754 677 577 612 720 618 714 2556 7746 1254 -48 389 -550 -38 -28 17
1534195070.9939024 677 576 612 720 617 715 2360 7724 1336 369 164 117 -40 -28 18
1534195071.0479524 677 577 611 720 617 715 2506 7756 1256 182 88 58 -41 -29 15
1534195071.126016 677 577 612 720 618 715 2490 7770 1324 46 214 -224 -41 -29 17
1534195071.1843162 677 576 611 720 617 714 2414 7718 1346 81 198 -171 -41 -30 18
1534195071.2468019 677 576 612 720 617 715 2406 7782 1282 120 47 -113 -41 -28 17
1534195071.3250616 677 576 612 720 618 715 2474 7750 1240 295 248 14 -40 -29 18
1534195071.391739 677 576 612 720 617 715 2476 7694 1272 242 262 15 -40 -29 17
1534195071.4661353 677 577 612 720 617 714 2326 7802 1268 29 555 -423 -39 -27 17
1534195071.515809 676 577 612 720 617 715 2658 7668 1276 -114 394 -418 -41 -28 17
1534195071.5939164 677 577 612 720 617 714 2134 7864 1400 400 163 78 -40 -28 19
1534195071.6605299 677 577 612 720 617 715 2312 7788 1214 56 -282 12 -40 -29 19
1534195071.7149565 677 577 612 720 617 714 2640 7726 1304 176 543 -373 -39 -26 19
1534195071.7930655 677 577 612 720 617 714 2188 7822 1476 320 23 121 -40 -26 19
1534195071.8555515 677 576 612 720 617 714 2374 7772 1228 172 170 -195 -41 -27 19
1534195071.9292266 677 577 612 720 617 715 2346 7814 1238 229 31 -125 -41 -30 16
1534195071.9833882 677 577 612 720 618 715 2370 7750 1180 232 261 126 -41 -28 19
1534195072.0614965 677 577 612 720 617 715 2370 7734 1306 252 177 48 -40 -29 16
1534195072.1239815 677 576 612 720 617 714 2378 7778 1304 64 216 -341 -41 -25 18
1534195072.1864676 677 577 612 720 617 714 2308 7752 1278 195 119 -172 -42 -28 16
1534195072.2489533 677 577 612 720 617 715 2280 7808 1266 287 0 19 -42 -27 18
1534195072.3272011 676 577 611 720 617 714 2396 7748 1272 163 172 -78 -40 -27 17
1534195072.3938825 677 576 612 720 617 715 2270 7810 1342 92 -8 -197 -40 -27 17
1534195072.4625525 677 577 612 720 617 715 2388 7744 1262 127 104 -214 -42 -27 17
1534195072.5172055 677 577 612 720 617 714 2268 7806 1284 168 229 -541 -40 -27 18
1534195072.5952778 677 577 612 720 617 714 2182 7818 1256 354 -14 121 -41 -28 16
1534195072.6632502 677 577 612 720 617 714 2316 7776 1196 248 40 130 -41 -25 17
1534195072.7169633 676 577 612 720 617 714 2414 7790 1214 233 89 174 -41 -26 16
1534195072.7950711 677 576 611 720 617 715 2354 7726 1330 79 309 -44 -41 -29 16
1534195072.8575575 677 577 612 720 617 715 2236 7826 1382 371 65 331 -41 -27 18
1534195072.9283483 676 576 612 720 617 714 2418 7758 1258 363 -153 78 -40 -28 19
1534195072.997061 677 577 612 720 617 714 2320 7778 1302 151 -19 -168 -42 -29 18
1534195073.0483513 676 577 612 720 617 714 2340 7786 1216 200 -6 283 -41 -28 16
1534195073.1200676 677 576 612 720 617 714 2268 7810 1264 145 144 61 -41 -28 17
1534195073.1844585 677 577 612 720 617 714 2338 7798 1290 165 256 180 -41 -29 17
1534195073.2469556 677 577 612 720 617 714 2416 7748 1130 350 35 348 -42 -30 17
1534195073.3250513 677 576 612 720 618 714 2334 7756 1356 118 75 -122 -40 -27 16
1534195073.3964763 676 576 612 720 617 715 2334 7766 1268 260 147 122 -39 -27 17
1534195073.462301 677 576 612 720 617 714 2424 7742 1256 313 94 196 -42 -26 18
1534195073.514289 677 576 612 720 618 714 2384 7760 1302 227 183 194 -42 -28 17
1534195073.5923955 677 577 612 720 618 713 2414 7738 1200 236 227 218 -41 -28 17
1534195073.6626863 677 577 612 720 617 714 2326 7768 1314 211 165 110 -40 -28 16
