1534197540.7483506 606 525 548 648 542 654 5484 2922 5154 81 427 -40 22 9 46
1534197540.8106585 606 525 548 648 542 654 5508 2952 5174 255 108 -31 22 8 47
1534197540.8652787 606 525 548 648 543 654 5452 2924 5212 176 181 17 23 7 47
1534197540.9278355 606 525 548 648 543 654 5518 2916 5218 269 134 3 21 10 47
1534197541.0059402 606 525 548 648 542 654 5502 2938 5190 156 235 88 22 10 45
1534197541.0683575 606 525 548 648 542 654 5464 2924 5150 124 398 283 23 10 47
1534197541.1238163 606 525 548 648 543 654 5474 2814 5372 252 321 -5 21 10 48
1534197541.1864674 606 525 548 648 543 654 5498 2902 5204 276 55 60 23 10 47
1534197541.2488277 606 525 548 648 543 654 5444 2874 5258 153 316 -26 22 10 46
1534197541.3266785 606 525 548 648 542 654 5412 2904 5262 205 251 -2 23 12 47
1534197541.4284625 606 525 548 648 542 654 5540 2850 5202 233 264 52 22 10 46
1534197541.4753275 606 525 548 648 543 654 5444 2894 5298 239 58 3 23 8 48
1534197541.5534337 606 525 548 648 543 654 5500 2904 5266 155 226 -32 22 10 48
1534197541.601102 606 525 549 649 543 654 5482 2862 5284 28 454 246 24 11 47
1534197541.6798909 606 525 548 648 543 654 5682 2852 5246 765 245 992 22 12 48
1534197541.7168 606 525 548 649 543 654 5456 2880 5208 172 370 -20 23 11 47
1534197541.7736425 606 525 548 648 542 654 5442 2806 5342 300 157 1 23 11 47
1534197541.8374736 606 525 548 648 542 654 5446 2904 5222 228 137 -35 25 10 46
1534197541.9032943 606 525 548 648 542 654 5436 2824 5306 111 339 117 22 11 46
1534197541.9681227 606 525 548 649 543 654 5476 2850 5308 244 135 -50 22 12 47
1534197542.033945 606 525 549 649 543 654 5420 2798 5216 50 427 34 22 11 47
1534197542.1097426 606 525 548 648 543 654 5388 2872 5362 218 189 51 23 14 47
1534197542.1645966 606 525 548 648 543 654 5406 2840 5280 142 367 30 22 13 49
1534197542.2224588 606 525 548 648 542 654 5424 2852 5326 211 177 28 22 11 49
1534197542.2872684 606 525 548 648 543 654 5408 2828 5396 266 134 -15 23 12 49
1534197542.3511004 606 525 549 648 542 654 5420 2800 5394 113 310 9 24 11 48
1534197542.4149282 606 525 548 649 543 654 5346 2804 5412 243 196 -27 23 13 49
1534197542.4787579 606 525 548 648 542 654 5416 2846 5312 146 176 43 23 13 49
1534197542.533804 606 525 548 648 542 654 5364 2798 5486 171 385 -54 23 11 48
1534197542.5963264 606 525 548 648 543 654 5404 2810 5400 204 236 53 25 14 46
1534197542.671956 606 525 548 648 542 654 5374 2822 5392 183 337 86 23 10 46
1534197542.7497492 606 525 548 648 542 654 5362 2806 5392 241 92 -4 24 14 47
1534197542.7993782 606 525 548 649 542 654 5342 2824 5432 213 314 11 25 12 47
1534197542.861863 606 525 548 648 542 654 5176 2748 5480 826 1081 435 23 14 48
1534197542.9243484 606 525 548 648 542 654 5452 2922 5242 574 285 107 23 14 49
1534197542.9868333 606 525 548 648 542 654 5332 2804 5500 174 417 -16 24 14 47
1534197543.0493197 606 525 548 648 543 654 5410 2720 5432 107 -419 -112 23 14 49
1534197543.1276667 606 525 548 649 542 653 5260 2864 5404 -538 -1194 -927 22 14 47
1534197543.1837487 606 525 548 648 542 654 5328 2874 5294 137 -332 -252 25 12 48
1534197543.2618542 606 525 548 648 542 653 5412 2872 5298 405 526 161 25 11 48
1534197543.3265052 606 525 548 648 542 654 5380 2844 5310 507 813 330 24 11 46
1534197543.3841152 606 525 548 648 542 653 5388 2846 5442 397 666 226 23 10 46
1534197543.4537573 606 525 548 648 542 654 5348 2830 5402 237 495 125 24 12 49
1534197543.5142238 606 525 548 648 542 654 5256 2942 5558 -43 171 -155 23 11 47
1534197543.5883596 606 525 548 648 542 653 5396 2724 5464 317 400 152 25 15 48
1534197543.6489255 606 525 548 648 542 654 5510 2752 5400 379 -369 -54 24 11 47
1534197543.71653 606 525 548 648 542 653 5134 2886 5464 230 133 -172 21 12 47
1534197543.7790148 606 525 548 648 542 654 5370 2840 5310 589 213 63 25 13 50
1534197543.8479626 606 525 548 648 542 654 5398 2826 5430 328 746 53 21 11 47
1534197543.8985913 606 525 548 648 542 654 5354 2898 5414 240 -84 134 23 14 48
1534197543.9766963 606 525 548 648 542 654 5328 2846 5326 320 -282 -64 22 12 47
1534197544.0391824 606 525 548 648 542 654 5240 2954 5608 903 -722 -332 23 14 47
1534197544.114475 606 525 548 648 542 654 5604 2880 5198 228 -1643 -774 21 14 47
1534197544.1814938 606 525 548 648 542 654 5266 2856 5584 254 -459 -511 23 11 46
1534197544.2469118 606 525 548 648 542 653 5364 2958 5084 1651 -2566 -482 23 10 46
1534197544.3095798 606 525 548 648 542 654 5738 3096 4804 805 -1045 -291 20 7 46
1534197544.3821468 606 525 548 648 542 653 5718 3062 4986 191 -1264 -454 19 7 44
1534197544.444631 606 525 548 649 542 654 5742 3144 5032 89 -574 -353 22 5 45
1534197544.5071163 606 525 548 648 542 654 5588 3122 4910 347 -522 -339 21 3 45
1534197544.5803552 606 525 548 648 542 653 5664 3070 4954 -15 257 -157 17 5 46
1534197544.6489244 606 525 548 648 542 653 5644 3152 4872 500 -8 236 20 6 44
1534197544.6998446 606 525 548 648 542 654 5740 3048 5038 -144 106 -304 20 4 44
1534197544.7623575 606 525 548 648 542 654 5660 3206 4860 333 -398 63 19 3 45
1534197544.838219 606 525 548 648 542 654 5638 3204 4924 118 147 -129 17 4 46
1534197544.8999484 606 525 548 648 542 654 5598 3188 4836 163 -195 -376 19 3 45
1534197544.9624357 606 525 548 648 542 653 5694 3092 4780 -201 61 -772 20 3 46
1534197545.0250633 606 524 546 647 542 653 5284 2896 4966 -516 -941 -2160 19 3 44
1534197545.1043608 606 524 544 646 542 651 5444 3100 4520 -552 -25 -1695 18 1 47
1534197545.171887 605 522 542 645 540 648 5462 2882 4806 -890 2048 -1345 17 0 46
1534197545.2326384 599 514 538 642 534 646 5644 3698 4824 -833 2007 -4113 23 2 44
1534197545.3178403 597 512 537 640 531 646 5382 3408 5356 -634 -349 -1067 20 4 42
1534197545.3669426 597 512 537 641 531 646 4818 3618 5388 1656 -1324 781 21 5 43
1534197545.4295118 602 517 541 644 537 648 6510 3354 4736 2537 -5421 3351 23 3 44
1534197545.5076041 605 522 545 646 540 651 5490 3602 4872 -724 -959 -4564 20 0 42
1534197545.5794108 605 523 546 647 540 652 5220 3336 5222 3324 1129 4401 21 -4 43
1534197545.634589 605 523 547 647 541 652 6702 3198 3704 1690 -347 595 18 -1 44
1534197545.700434 605 524 547 648 541 654 6006 3382 4354 -538 1305 256 17 -2 42
1534197545.7629197 606 524 547 648 541 653 5588 3370 4586 5 610 194 15 -3 42
1534197545.8428931 606 524 548 648 541 653 5866 3248 4484 -140 892 258 20 -2 43
1534197545.898183 606 524 548 648 542 654 5872 3212 4748 -288 1042 -97 19 -1 42
1534197545.97629 606 525 548 648 542 654 5762 3214 4766 -150 808 85 18 1 44
1534197546.0387745 606 525 548 648 542 654 5730 3226 4714 -600 1353 481 20 0 46
1534197546.100009 606 525 549 649 542 654 5630 3204 4944 378 123 154 19 0 44
1534197546.165228 606 525 548 649 542 654 5852 3080 4688 62 401 56 18 1 43
1534197546.2158716 606 525 549 649 542 655 5632 3172 4864 191 161 -96 19 2 43
1534197546.293987 606 525 549 649 542 654 5764 3132 4858 185 178 -128 19 3 47
1534197546.3588567 606 525 549 649 542 655 5472 3100 4822 393 -214 -37 21 1 43
1534197546.4138398 606 525 548 648 542 654 5524 3164 4704 -283 452 -1224 20 3 46
1534197546.4921515 606 524 545 647 542 653 4934 2834 4722 -312 1959 -2497 20 1 44
1534197546.5635762 604 521 541 645 540 650 5364 3632 5012 -1823 1931 -4236 21 1 44
1534197546.632326 598 513 537 641 533 647 5792 2892 5614 709 -742 -1414 23 2 44
1534197546.6964436 596 511 536 639 530 646 5078 3414 5506 -577 769 -492 23 6 44
1534197546.7628353 596 511 536 640 530 646 5002 3020 6104 2015 -4045 314 23 7 43
1534197546.8301966 600 515 539 642 535 648 5992 3498 4696 -206 -404 2232 21 4 42
1534197546.8973436 604 521 544 646 539 651 3670 1354 3316 -4413 -2010 -5752 20 3 44
1534197546.9600992 604 522 546 647 540 652 5710 2794 5210 2268 -2532 70 24 -1 40
1534197547.022314 605 523 547 648 540 653 5922 3342 4350 324 -306 -743 23 0 44
1534197547.0985055 605 523 547 648 541 653 5684 3228 4772 216 -72 247 21 -3 41
1534197547.1491106 605 524 548 648 541 654 5734 3182 4656 442 448 330 23 -3 43
1534197547.2173615 605 524 548 648 541 654 5820 3172 4968 291 620 393 21 -4 42
1534197547.2798474 606 524 548 648 541 654 5648 3196 4842 429 141 51 19 -1 41
1534197547.3577905 606 524 548 648 541 654 5668 3268 4756 270 416 182 23 -4 43
1534197547.4167001 606 524 548 648 541 654 5816 3128 4904 195 214 136 22 -2 43
1534197547.479186 606 524 549 649 541 655 5648 3212 4846 429 -91 -230 21 -2 45
1534197547.551165 606 525 548 649 542 655 5806 3224 4812 210 358 211 23 0 42
1534197547.6136446 606 525 549 649 542 655 5662 3232 4846 72 329 30 21 0 44
1534197547.677474 606 525 549 648 542 654 5650 3226 4888 393 109 77 20 -1 44
1534197547.7337549 606 524 549 649 542 655 5736 3238 4762 94 364 31 20 0 43
1534197547.8021848 606 525 549 649 542 655 5656 3138 4980 182 308 -118 20 -4 44
1534197547.869877 607 525 549 649 542 655 5698 3178 4806 332 -99 63 21 -1 43
1534197547.946039 606 525 549 649 542 655 5758 3224 4948 182 320 35 20 0 44
1534197547.9957626 607 525 549 649 542 655 5616 3146 4854 104 310 16 22 -1 44
1534197548.050109 606 525 549 649 542 655 5682 3178 4900 236 329 55 21 -1 42
1534197548.1169858 607 525 549 649 542 655 5670 3200 4984 186 258 125 21 1 45
1534197548.187679 606 525 549 649 542 655 5642 3230 4958 114 229 15 22 -1 44
1534197548.2479906 606 525 549 649 542 655 5664 3162 4916 228 296 97 21 -2 44
1534197548.3121781 607 525 550 650 542 655 5608 3120 5042 91 71 78 22 0 44
1534197548.3661766 606 524 549 649 542 655 5642 3204 4822 366 106 -10 20 1 42
1534197548.4286616 606 524 550 649 542 655 5618 3122 4938 62 331 45 23 0 44
1534197548.4911468 607 525 549 649 542 655 5672 3176 4996 302 177 36 23 0 45
1534197548.5692523 607 525 549 649 542 655 5604 3130 4912 225 219 53 23 1 45
1534197548.6278613 606 525 550 649 542 655 5732 3196 5050 332 164 -84 21 1 45
1534197548.6930416 606 524 549 649 542 655 5652 3146 4836 204 132 111 22 -1 43
1534197548.7467122 606 525 550 649 542 655 5582 3174 4970 305 156 -18 22 1 43
1534197548.8238652 606 525 550 649 542 655 5740 3110 4928 312 -241 -184 24 -1 44
1534197548.8821895 606 525 549 649 542 655 5612 3146 4992 406 -141 -14 21 -1 43
1534197548.9446747 606 524 550 649 542 656 5662 3200 4872 177 248 -9 23 -1 42
1534197549.0071597 606 525 550 649 542 655 5668 3138 4996 241 308 83 21 0 45
1534197549.0789108 606 525 550 649 542 655 5654 3178 4892 209 181 73 24 1 43
1534197549.13214 606 524 550 649 542 655 5650 3146 4976 166 246 -14 22 -1 44
1534197549.1996782 606 524 550 649 542 656 5638 3156 4854 357 -13 -29 24 0 44
1534197549.262165 607 524 550 649 542 655 5646 3134 4992 396 -41 -21 23 1 47
1534197549.3353705 606 525 550 649 542 655 5652 3272 4830 434 -70 26 23 0 45
1534197549.3830516 606 525 550 650 542 656 5632 3178 4812 218 87 -58 22 1 43
1534197549.461159 606 524 550 649 542 656 5674 3198 4960 202 -69 -193 22 0 44
1534197549.5236592 606 525 550 649 542 656 5650 3178 4846 83 60 -8 22 -1 44
1534197549.5903542 607 524 550 649 542 655 5604 3254 4866 199 -321 -238 23 0 44
1534197549.6473894 606 524 550 649 542 655 5708 3144 5008 124 102 -73 23 0 45
1534197549.7154472 606 525 550 649 542 656 5618 3214 4920 283 165 -73 21 0 44
1534197549.777932 606 525 550 649 542 656 5718 3310 4736 213 68 144 24 -2 46
1534197549.8619745 606 524 550 649 542 656 5744 3264 4836 347 -83 -205 22 0 45
1534197549.9142873 606 524 549 649 542 655 5286 2892 5126 930 -1117 -1294 23 0 45
1534197549.9767704 606 523 546 647 541 654 5374 3112 4734 1100 969 863 21 -1 46
1534197550.039273 605 521 542 645 540 650 6318 3270 4478 -1452 2543 1295 22 0 44
1534197550.1168053 598 512 537 641 532 646 5160 3292 5698 -980 427 -4065 22 1 45
1534197550.1835012 596 510 536 639 530 646 5360 3624 5472 1482 -1180 975 23 3 43
1534197550.2483912 597 511 537 640 531 647 5748 3332 5676 2835 -2652 1052 24 2 42
1534197550.3110468 603 519 542 644 538 649 6968 3980 3634 -617 -3480 1740 22 0 41
1534197550.382495 604 521 546 647 539 652 5082 2824 5172 -3487 1804 -4264 20 -4 42
1534197550.4449818 605 522 547 647 540 653 5474 2980 5558 2950 -2213 205 21 -3 45
1534197550.523087 605 522 547 648 540 654 6290 3608 3720 1291 -449 382 22 -5 45
1534197550.5912757 605 522 548 648 540 654 5668 3286 4856 -490 1313 14 22 -3 43
1534197550.6467583 606 523 548 648 541 654 5754 3244 4726 1083 -564 161 19 -5 44
1534197550.7160232 606 523 548 648 541 655 5838 3430 4384 46 556 122 22 -5 43
1534197550.7785087 606 524 548 648 541 655 5696 3310 4838 128 203 147 20 -6 44
1534197550.8522427 606 524 549 649 541 655 5786 3390 4584 192 348 -57 21 -4 42
1534197550.9147356 606 524 549 649 541 655 5704 3322 4724 142 395 60 19 -3 47
1534197550.9773965 606 524 549 649 541 655 5752 3314 4660 396 192 79 19 -3 45
1534197551.039705 606 523 549 649 541 655 5776 3378 4616 228 353 106 20 -4 43
1534197551.1083999 606 523 549 649 541 655 5722 3324 4736 239 250 18 21 -4 44
1534197551.1743839 606 524 549 649 541 655 5744 3370 4668 266 278 58 20 -2 43
1534197551.231147 606 524 549 649 541 655 5674 3338 4700 181 314 52 22 -4 44
1534197551.29365 606 524 550 649 542 655 5776 3342 4714 174 457 50 22 -4 43
1534197551.3498688 606 524 550 649 542 655 5716 3328 4718 293 206 67 21 -2 45
1534197551.4279761 606 524 550 649 541 655 5726 3354 4664 229 219 85 20 -3 42
1534197551.490462 606 524 549 649 542 656 5740 3314 4690 309 309 97 23 -1 44
1534197551.5546362 606 524 550 649 542 656 5744 3300 4730 249 246 34 22 -1 43
1534197551.6174629 606 524 550 649 542 656 5736 3330 4770 251 183 -50 21 -2 43
1534197551.6850793 607 524 550 649 542 656 5698 3354 4710 143 227 89 19 -1 43
1534197551.7481513 606 524 550 649 542 656 5764 3274 4842 159 102 -22 22 -2 45
1534197551.810637 606 524 550 649 542 656 5708 3312 4698 217 13 54 22 -2 42
1534197551.8668425 606 524 550 649 541 656 5714 3338 4768 237 216 20 17 -1 42
1534197551.9293263 606 524 550 649 542 656 5706 3342 4670 178 136 107 20 -1 45
1534197551.991813 607 524 550 649 542 656 5690 3370 4734 180 270 85 22 -4 43
1534197552.074965 606 524 549 649 542 655 5270 1778 7176 1020 -6050 -3864 20 -1 45
1534197552.1318026 606 523 545 647 541 653 6268 3028 4164 1154 367 3515 20 -2 44
1534197552.211327 605 521 541 644 540 649 6184 3284 4170 -2772 769 -1385 21 -1 44
1534197552.279961 599 512 537 641 533 647 5402 3384 5378 -1355 -506 -3665 23 -2 41
1534197552.3513966 597 510 535 640 530 646 6274 3236 4648 -2616 2497 -2067 25 -6 44
1534197552.4147408 597 511 536 641 532 647 5456 3000 6080 2104 -5241 -2929 26 0 41
1534197552.4928415 603 518 543 645 538 650 6926 4518 2930 -1629 -4210 1555 25 -4 44
1534197552.5580063 604 521 546 647 539 652 5236 3752 5040 -599 -398 -643 24 -7 43
1534197552.61578 605 522 547 647 540 653 5932 3734 3858 3391 -1107 1684 23 -12 39
1534197552.6964982 605 522 548 648 540 654 6418 3478 3588 584 1410 620 22 -13 39
1534197552.748074 605 522 548 648 540 654 5964 3326 4502 314 771 280 22 -14 39
1534197552.828255 606 522 548 648 540 654 6102 3446 3962 687 1004 969 23 -13 39
1534197552.883496 605 523 548 648 541 654 5978 3424 4328 882 998 390 20 -10 38
1534197552.961604 606 523 548 648 541 655 6114 3398 4188 346 299 281 23 -13 39
1534197553.0240896 606 523 549 648 541 654 5964 3470 4242 259 635 240 19 -11 40
1534197553.0946586 606 523 549 648 541 654 6008 3328 4332 554 660 338 21 -11 40
1534197553.1742907 606 523 549 649 541 654 6116 3326 4436 176 630 225 20 -12 40
1534197553.2154922 606 523 549 649 541 655 5992 3402 4432 108 398 -69 20 -11 43
1534197553.2779791 606 523 549 648 541 655 5954 3492 4146 78 724 253 23 -8 43
1534197553.352917 606 524 549 649 541 655 5908 3420 4416 -59 731 63 22 -9 41
1534197553.4153419 606 524 550 649 541 655 5982 3244 4492 237 459 127 21 -7 41
1534197553.4778514 606 523 550 649 542 655 5924 3408 4470 309 299 72 23 -8 40
1534197553.5403113 606 524 550 649 541 655 5982 3326 4522 185 476 94 22 -9 42
1534197553.5997548 606 524 550 649 541 655 5906 3322 4486 78 204 -40 24 -9 43
1534197553.6742823 606 523 550 649 541 656 5774 3486 4288 182 279 17 23 -7 41
1534197553.73121 606 523 550 648 541 655 6218 3048 4114 -780 1359 65 24 -8 41
1534197553.8042207 606 522 545 646 541 651 5510 4562 4596 4160 1559 8583 23 -7 41
1534197553.8763347 601 515 540 642 536 648 6820 2676 4190 -741 944 -3831 20 -7 42
1534197553.931559 596 510 536 640 530 646 5812 4130 4078 -845 2333 -1602 23 -5 40
1534197554.0096645 595 509 534 639 529 645 5554 3730 4054 -3800 4159 -1134 21 -5 41
1534197554.0834403 595 509 534 639 529 646 4920 2674 6566 4076 -2750 703 24 -3 42
1534197554.149173 599 512 538 641 533 647 6284 3804 3630 3224 -5483 717 26 0 41
1534197554.2166183 604 519 544 645 538 651 4376 244 2782 -4538 2607 -4384 20 -5 40
1534197554.279104 604 520 546 646 539 652 5836 2850 4984 3371 -1329 347 23 -7 42
1534197554.354634 605 521 547 647 539 653 6378 3816 3490 1229 107 -360 23 -8 40
1534197554.4152071 605 522 547 647 540 653 5984 3290 4548 -367 387 -197 21 -8 40
1534197554.4931788 605 522 547 648 540 654 5920 3416 4298 175 119 160 19 -9 39
1534197554.5400443 606 523 548 648 540 654 6086 3410 4178 -42 616 164 19 -7 39
1534197554.6154184 606 523 548 648 541 654 5882 3488 4418 -72 383 -83 21 -7 43
1534197554.680063 606 523 548 648 541 654 6008 3336 4328 96 390 99 20 -8 40
1534197554.7308323 605 523 548 648 541 655 5890 3378 4388 -30 361 -130 21 -9 41
1534197554.8091264 606 523 549 648 541 655 5886 3318 4426 183 261 -5 20 -8 43
1534197554.8663018 606 523 549 648 541 655 5918 3326 4434 -5 539 109 22 -7 42
1534197554.9290504 606 524 549 648 541 655 5844 3406 4422 219 252 71 21 -9 41
1534197554.9912739 606 523 549 649 541 655 5940 3300 4410 110 289 17 23 -7 42
1534197555.0671728 606 523 549 649 541 655 5814 3324 4508 330 -103 -73 23 -7 43
1534197555.1323287 606 523 549 649 541 655 5998 3322 4462 148 345 11 21 -7 41
1534197555.1952019 606 523 550 649 541 655 5842 3322 4464 192 162 71 21 -6 41
1534197555.2471564 606 523 549 649 541 655 5936 3336 4516 81 370 56 20 -7 41
1534197555.321393 606 523 549 649 541 655 5890 3362 4548 220 174 38 21 -9 42
1534197555.3814256 606 524 550 649 541 655 5906 3312 4472 29 302 78 19 -8 42
1534197555.4439132 606 523 550 649 541 655 5858 3288 4566 269 131 96 22 -6 41
1534197555.5063977 606 523 550 649 541 655 5916 3324 4446 57 290 71 22 -5 43
1534197555.575534 606 523 550 649 541 655 5970 3364 4386 375 -50 12 22 -7 41
1534197555.6325066 607 524 550 649 542 655 5938 3270 4736 -203 478 -98 22 -7 41
1534197555.699716 606 524 550 649 542 655 5742 3296 4696 417 -47 -3 22 -7 41
1534197555.7778225 607 524 550 649 542 655 5900 3368 4474 303 233 -2 22 -7 42
1534197555.833791 607 524 550 649 542 655 5846 3358 4672 279 87 -109 23 -6 44
1534197555.8837852 607 524 550 649 542 656 6038 3406 4342 316 -51 35 23 -7 41
1534197555.9620655 606 524 549 649 541 655 4562 2782 3990 555 -1259 -1047 23 -6 44
1534197556.0243766 606 522 545 646 541 653 7066 3038 3906 1467 1474 603 23 -5 42
1534197556.1011944 603 518 540 643 538 649 6190 3512 5090 -532 949 -301 20 -8 43
1534197556.1711617 598 511 537 640 532 646 6516 3716 4994 -1285 -153 -1774 21 -4 40
1534197556.23085 600 513 539 642 535 648 5852 3434 4920 2013 -3039 -1740 24 -3 43
1534197556.3091607 604 520 544 645 539 651 5956 4100 3868 -2981 3171 2163 21 -6 38
1534197556.3783774 605 522 546 646 540 653 5860 3520 5376 626 -284 2142 21 -7 42
1534197556.4462614 605 522 547 647 540 653 5906 3530 4216 1107 -116 -272 20 -7 41
1534197556.508828 605 522 548 647 541 654 5918 3298 4560 657 -81 413 20 -7 40
1534197556.573338 605 522 548 648 541 654 5812 3462 4342 885 125 108 19 -8 40
1534197556.6343157 605 523 548 648 541 655 6022 3488 4338 283 1072 409 20 -8 42
1534197556.7077296 606 523 548 648 541 655 5962 3554 4434 -45 421 -405 20 -7 42
1534197556.7637403 606 523 549 648 541 655 5834 3424 4648 -232 340 -837 20 -7 41
1534197556.8399887 606 523 549 648 541 655 5654 3456 4644 278 69 -343 21 -6 41
1534197556.8998735 606 523 549 648 541 655 5818 3460 4620 149 112 -66 23 -6 43
1534197556.962218 606 524 549 649 541 655 5696 3512 4524 249 92 -187 22 -5 43
1534197557.0246549 606 523 550 649 541 655 5796 3506 4448 60 307 24 21 -7 43
1534197557.1146257 606 523 549 649 541 655 5918 3486 4536 -27 275 -1183 20 -7 44
1534197557.1643338 606 524 549 649 542 655 5510 3558 4542 -139 1 -551 21 -4 45
1534197557.2153494 606 523 550 649 541 655 5790 3506 4674 396 39 -80 20 -7 44
1534197557.293451 606 523 550 649 541 655 5638 3634 4538 125 186 -61 21 -6 43
1534197557.3596046 607 523 550 649 541 655 5766 3514 4590 276 146 -175 22 -5 45
1534197557.4136293 606 523 550 649 541 655 5742 3548 4644 -19 320 -15 19 -5 45
1534197557.4762774 606 523 550 649 542 655 5746 3520 4604 368 -41 65 22 -6 44
1534197557.5386019 607 523 550 649 542 656 5624 3616 4622 181 232 -28 20 -5 43
1534197557.6170232 606 523 550 649 542 656 5736 3596 4652 435 -120 -58 20 -6 44
1534197557.6848335 607 523 550 649 542 656 5758 3582 4656 -79 456 168 20 -5 43
1534197557.7481594 606 523 550 649 542 655 5686 3592 4650 384 177 32 23 -5 42
1534197557.8106308 606 523 550 649 541 656 5870 3660 4342 -797 1470 577 20 -5 44
1534197557.8830824 606 522 546 647 541 655 3634 3550 4090 1399 6135 7661 22 -6 45
1534197557.9455686 604 519 541 644 539 651 7768 2298 4916 -1996 5075 752 21 -4 41
1534197558.0080545 598 511 537 641 532 648 4590 2598 5692 911 -2240 -438 22 0 44
1534197558.0855107 595 508 535 639 529 647 6484 3950 4976 -1851 1514 118 25 0 45
1534197558.1469889 595 507 534 639 528 647 5144 2564 6232 -277 792 -3 25 2 43
1534197558.199936 595 508 534 639 527 647 6104 3522 4922 362 447 -17 26 4 44
1534197558.2780445 595 507 534 639 527 646 5118 3234 4490 1604 1367 -131 26 4 44
1534197558.347555 595 507 533 639 527 646 5018 2778 5642 994 -860 -1313 25 4 45
1534197558.4143224 595 507 534 639 528 646 5402 3132 5842 1296 -1399 450 26 5 43
1534197558.476809 598 510 537 641 531 648 6434 3896 4380 2561 -3198 212 24 3 45
1534197558.5392942 602 516 543 645 536 651 3738 2800 4636 3320 -6524 -7332 20 -1 44
1534197558.6173842 603 518 544 645 537 652 6788 3644 4792 3038 -2648 1903 21 -3 43
1534197558.6869495 604 520 545 646 538 653 5952 3752 3996 851 630 -763 18 -5 43
1534197558.7464118 605 520 545 647 539 653 5450 3502 4820 596 -558 210 17 -8 45
1534197558.8175333 605 520 546 647 539 654 5946 3654 4094 744 562 740 17 -6 42
1534197558.8658178 605 521 547 647 539 654 5842 3656 4394 16 354 5 16 -8 42
1534197558.9281542 605 521 547 647 540 654 5780 3606 4416 308 155 37 16 -8 43
1534197559.0062594 605 521 547 648 540 654 5780 3648 4240 -26 312 -5 15 -8 42
1534197559.0789187 606 521 548 648 540 655 5736 3632 4414 -304 932 154 15 -7 42
1534197559.132569 606 521 548 648 540 655 5750 3532 4540 184 432 -8 17 -6 40
1534197559.2005603 606 522 548 648 540 655 5820 3568 4458 -54 511 74 15 -6 42
1534197559.2644644 606 522 548 648 540 655 5710 3512 4654 81 48 -160 17 -5 42
1534197559.3267627 606 522 548 648 540 655 5724 3594 4370 60 322 46 18 -3 43
1534197559.3834713 606 522 548 648 541 655 5798 3584 4562 -32 207 -96 19 -5 43
1534197559.4459574 606 522 549 648 541 655 5776 3554 4536 334 -180 -100 15 -3 43
1534197559.5084713 606 522 549 648 541 655 5734 3598 4452 88 2 -247 19 -6 44
1534197559.5905585 606 523 549 649 541 655 5720 3486 4504 194 -133 -187 16 -5 45
1534197559.6479607 606 522 549 649 541 655 5714 3620 4420 254 117 48 20 -6 44
1534197559.7152681 606 522 549 649 541 655 5806 3522 4546 277 59 -93 16 -3 43
1534197559.7777536 606 522 549 648 541 655 5822 3652 4450 267 103 -48 19 -5 44
1534197559.8489053 606 522 549 649 541 656 5774 3510 4518 -184 207 -143 16 -5 42
1534197559.9138372 606 523 549 649 541 655 5792 3498 4662 122 -37 -229 18 -6 45
1534197559.9763234 606 522 549 649 541 655 5822 3550 4576 287 110 58 16 -5 44
1534197560.0388093 606 522 549 649 541 655 5764 3572 4434 170 246 75 18 -5 42
1534197560.1070452 606 522 549 649 541 656 5698 3552 4520 187 222 -7 21 -3 45
1534197560.1710694 606 523 549 649 541 656 5810 3518 4562 340 219 11 18 -6 44
1534197560.2326586 607 523 550 649 541 656 6022 3574 4474 22 395 -151 20 -5 45
1534197560.2951455 606 522 549 648 541 656 4506 3310 4480 1878 -2122 -2366 19 -5 42
1534197560.3838754 606 523 547 647 541 654 5024 3440 4312 -1043 2749 2137 19 -2 44
1534197560.430741 605 521 542 645 540 652 6232 3324 4306 -989 2845 477 19 -5 46
1534197560.4934275 601 514 538 642 536 648 5540 3326 5652 322 -63 86 23 -2 44
1534197560.5707603 597 509 536 640 530 647 5152 3374 4934 538 132 -436 23 4 42
1534197560.6314478 596 508 535 639 529 646 5512 3880 4436 908 -1290 1340 20 0 42
1534197560.7062364 597 508 535 639 529 646 5306 3282 5740 1034 -3893 -979 20 1 43
1534197560.7643404 601 514 540 643 535 649 6292 3778 3032 574 -3657 -1436 22 -3 42
1534197560.8462925 604 519 544 645 538 652 5294 2536 4372 -1981 -1057 -1911 18 -7 42
1534197560.898478 604 520 545 646 538 652 5978 3446 4468 1437 -20 201 20 -8 42
1534197560.9765406 605 520 546 647 539 653 5968 3720 3906 384 697 430 19 -7 41
1534197561.0388598 605 521 547 647 539 654 5862 3518 4494 -67 527 -103 19 -7 40
1534197561.109419 605 521 547 647 540 654 6056 3472 4222 579 -11 -92 20 -10 41
1534197561.1738687 606 521 547 648 540 654 5766 3626 4124 -41 761 83 19 -10 43
1534197561.2325425 606 522 548 648 540 654 5824 3550 4330 -100 613 187 19 -9 41
1534197561.2952297 606 522 548 648 540 655 5906 3476 4238 159 86 190 20 -8 40
1534197561.3671947 606 522 548 648 540 655 5854 3388 4540 272 397 -92 19 -9 42
1534197561.4296796 606 522 549 648 540 655 6006 3534 4414 701 -108 72 19 -8 42
1534197561.4924345 606 522 549 648 541 655 5892 3600 4312 150 330 -10 19 -8 41
1534197561.5626729 606 522 549 648 541 655 5858 3518 4408 343 161 66 20 -8 43
1534197561.6168134 606 522 549 648 541 655 5990 3514 4424 34 289 15 19 -6 42
1534197561.697073 606 522 549 648 541 655 5888 3520 4344 264 152 108 19 -8 44
1534197561.7465641 606 523 549 648 541 655 5866 3530 4270 70 474 23 20 -7 43
1534197561.8171427 606 522 549 649 541 656 5810 3530 4464 215 412 89 18 -9 42
1534197561.8814092 606 522 549 649 541 656 5860 3576 4334 243 238 55 20 -7 41
1534197561.9438932 606 522 549 649 541 656 5808 3534 4474 274 303 -46 16 -7 43
1534197562.0063787 606 522 549 648 541 655 5882 3528 4340 192 234 120 20 -8 44
1534197562.07536 606 522 549 648 541 656 5848 3496 4514 68 250 -40 22 -6 42
1534197562.132031 606 523 549 649 541 656 5828 3508 4402 143 339 -21 19 -8 43
1534197562.2037778 606 522 550 649 541 656 5950 3454 4476 -75 378 71 21 -6 43
1534197562.264058 606 522 549 649 541 656 5818 3432 4520 168 30 -53 20 -6 43
1534197562.3312817 606 523 549 649 541 656 5862 3528 4352 154 312 15 20 -6 42
1534197562.3819964 606 522 549 649 541 656 5784 3506 4586 264 196 40 20 -5 44
1534197562.4601717 606 522 550 649 541 656 5982 3482 4778 557 -291 -360 19 -8 43
1534197562.522511 606 522 549 648 541 655 5524 3328 4322 494 2047 1117 21 -7 42
1534197562.59661 606 522 548 648 541 655 5798 3314 4476 198 4869 2943 19 -5 42
1534197562.6667993 606 521 544 646 540 653 4708 3176 4388 -1350 3659 -1424 20 -2 43
1534197562.7278178 603 515 539 643 537 649 5396 3080 4710 391 339 -3117 21 1 44
1534197562.790408 597 509 535 639 530 647 5124 3388 4804 -748 4064 2527 21 3 45
1534197562.8659546 594 507 534 637 527 645 5336 3072 4424 1756 -784 829 22 6 45
1534197562.9300647 594 507 534 637 527 645 4508 2842 6478 -33 -1899 -1463 23 6 44
1534197562.9923375 597 509 536 640 531 648 7000 4920 2920 -1618 -2960 -45 21 5 44
1534197563.0548205 602 516 541 644 536 651 5418 4690 3844 -373 1193 2276 19 0 44
1534197563.133431 603 518 544 645 537 652 5620 3342 5238 265 996 2361 18 -3 42
1534197563.2000926 604 520 545 646 538 653 5494 3548 4750 2428 -229 1698 19 -2 45
1534197563.26258 605 520 546 647 539 654 5936 3454 4202 513 -411 -246 19 -3 44
1534197563.3349485 605 520 546 647 539 654 5652 3460 4480 180 -126 49 16 -5 41
1534197563.3995347 605 521 547 647 540 654 5670 3604 4446 720 370 263 18 -4 42
1534197563.4620216 605 521 547 647 540 654 5840 3680 4602 -148 2056 857 18 -4 43
1534197563.5245059 605 522 547 647 540 654 5538 3380 4740 607 167 92 17 -3 44
1534197563.5955427 606 522 548 647 540 655 5722 3486 4650 386 322 57 19 -3 44
1534197563.6489782 606 522 548 647 540 655 5656 3498 4700 207 381 108 19 -3 44
1534197563.715552 606 522 548 648 540 655 5692 3512 4602 134 395 134 18 -2 43
1534197563.7780387 606 522 549 648 540 655 5674 3420 4762 -33 599 17 17 0 43
1534197563.8522694 606 522 548 648 541 655 5758 3532 4684 -7 415 159 17 -3 43
1534197563.9132123 606 522 549 648 541 656 5618 3348 4870 -15 405 -256 17 -1 44
1534197563.9756722 606 521 549 648 541 655 5604 3494 4734 349 -66 102 20 -1 44
1534197564.0381556 606 522 549 648 541 655 5654 3484 4688 163 127 -176 19 -2 44
1534197564.112398 606 522 549 648 541 655 5572 3414 4828 110 263 52 20 -1 44
1534197564.1759531 606 522 549 648 541 656 5748 3468 4724 151 162 116 19 0 45
1534197564.232599 606 522 549 648 541 655 5614 3410 4818 246 142 4 19 0 43
1534197564.3107038 606 522 549 649 541 656 5590 3474 4600 189 216 90 20 -1 47
1534197564.3653653 606 522 549 648 541 656 5626 3402 4708 82 320 -11 18 -1 45
1534197564.4146442 606 522 549 648 541 656 5568 3412 4866 362 112 -3 18 0 45
1534197564.492751 606 522 549 648 541 655 5702 3470 4692 172 305 108 19 -1 43
1534197564.5554304 606 522 549 649 541 656 5538 3410 4736 381 56 -112 18 -3 44
1534197564.6200597 606 522 550 649 541 656 5652 3402 4756 89 349 9 19 -1 44
1534197564.6841803 606 522 549 649 541 655 5584 3440 4712 -227 433 66 19 0 46
1534197564.746514 606 522 549 648 541 656 5502 3334 4720 787 -511 -230 18 -1 46
1534197564.8092456 606 522 549 649 541 656 5744 3512 4718 763 -584 -160 19 0 44
1534197564.8824663 606 522 549 648 541 655 5586 3634 4574 428 66 -338 18 -3 45
1534197564.9460902 606 522 549 648 541 655 5600 3496 4530 369 575 -71 19 -1 44
1534197565.0085764 606 522 547 647 540 655 5166 3370 4538 147 2285 1320 17 -2 43
1534197565.0814362 605 521 543 645 540 652 5470 3522 4106 -686 5117 700 16 -4 46
1534197565.1334002 602 514 539 642 536 649 5332 3212 5398 -522 1660 517 19 3 43
1534197565.200014 596 507 535 638 529 646 5730 3680 6052 -284 1102 -149 20 3 45
1534197565.2781477 593 505 533 636 525 645 5764 3536 4302 -321 3415 2396 23 5 44
1534197565.3488257 593 505 533 636 525 645 5036 2996 6322 916 -1207 -917 20 8 43
1534197565.41444 595 507 535 638 528 646 4874 2688 5612 3209 -6934 -3445 21 11 46
1534197565.4770064 601 514 540 643 535 649 6470 4232 5304 -4043 -1129 -3213 20 7 45
1534197565.5549717 604 518 544 645 537 652 3260 3238 5578 2430 -3814 -1954 18 5 43
1534197565.632015 604 519 545 646 538 653 6052 4224 3462 3175 -2004 1726 18 2 48
1534197565.6928897 604 520 546 646 539 653 5764 3604 4790 -506 379 -654 18 -5 44
1534197565.7482028 605 520 547 646 539 654 5478 3730 5006 1347 -51 703 15 -7 45
1534197565.826511 605 521 547 647 540 654 5868 3622 4756 2061 -585 982 14 -6 44
1534197565.8836458 605 522 548 647 540 654 6184 3668 4416 -496 -1511 -118 15 -5 44
1534197565.9617567 605 521 548 648 540 655 5512 3782 4372 -663 -536 -758 16 -7 43
1534197566.0242388 605 522 548 648 540 655 5650 3782 4410 388 764 347 12 -9 43
1534197566.0931804 606 522 548 648 540 655 5912 3762 4410 47 1047 693 14 -9 43
1534197566.1467342 606 522 549 648 540 655 5704 3720 4054 -112 595 340 14 -8 41
1534197566.2152586 606 522 549 648 541 655 5682 3544 4832 -1212 692 -124 15 -5 43
1534197566.2777429 606 522 549 648 541 656 5684 3444 4672 989 470 487 15 -7 42
1534197566.3581495 606 522 549 648 541 656 5868 3784 4350 619 280 -121 15 -7 42
1534197566.415905 606 523 549 648 541 656 5644 3566 4716 781 392 467 17 -7 42
1534197566.476274 606 523 550 649 541 655 5472 3994 3894 240 250 16 11 -6 41
1534197566.5500054 606 522 550 648 541 655 6058 3694 4664 -1139 -312 -7 15 -6 42
1534197566.6163733 606 522 550 648 541 656 5388 3436 5096 602 171 258 18 -7 42
1534197566.6829445 606 522 550 648 541 656 5740 3536 4552 755 97 198 16 -6 43
1534197566.7477682 606 522 550 648 541 656 5840 3570 4372 -10 586 470 14 -7 43
1534197566.7981706 606 522 550 648 541 656 5682 3670 4550 91 503 331 16 -6 43
1534197566.8762765 606 522 550 648 541 656 5734 3680 4536 -375 757 420 16 -7 43
1534197566.9387624 606 522 550 648 541 656 5558 3408 4540 228 233 -249 16 -5 43
1534197567.0012474 606 522 550 648 541 656 5746 3316 5370 64 1276 670 17 -8 43
1534197567.0637343 606 522 550 649 541 656 5502 3652 4462 1288 756 535 20 -5 44
1534197567.140612 607 522 550 649 541 656 5624 3632 4352 -249 758 137 16 -3 42
1534197567.2054374 607 523 550 649 541 656 5722 3110 5202 -700 682 53 15 -4 44
1534197567.2722676 606 522 550 649 541 656 5076 3604 4862 1014 418 517 16 -4 44
1534197567.3360887 606 522 550 649 541 656 5822 3506 4460 653 267 3 15 -2 45
1534197567.4019132 606 522 550 649 541 656 5796 3508 4916 -1119 496 612 15 -3 44
1534197567.468735 606 522 551 648 541 656 5264 2944 5510 1064 928 -182 16 -3 44
1534197567.5345614 606 522 550 649 541 656 5482 3298 4628 2951 469 873 17 -3 44
1534197567.6023767 606 522 550 649 541 656 5802 3758 4168 1139 188 371 15 -3 44
1534197567.6871517 606 523 551 649 541 656 5230 3866 4440 -900 274 399 11 -3 45
