1534185743.176377 621 545 580 663 564 664 5902 4574 3354 -147 497 -2265 -8 -2 42
1534185743.2444284 621 546 580 662 564 663 5678 4572 3294 317 -1285 -1055 -8 -2 42
1534185743.3071256 620 545 580 662 564 664 5860 4556 3152 -67 -377 -154 -10 -2 40
1534185743.379462 621 545 580 662 564 664 5794 4500 3436 -88 869 483 -9 -1 41
1534185743.441948 621 545 580 662 564 663 6158 4472 3600 278 765 421 -9 -2 40
1534185743.5132606 621 545 580 662 564 664 5706 4662 3404 501 -813 -612 -10 -1 42
1534185743.5783644 621 545 580 662 564 664 5782 4586 3416 79 1160 244 -10 -2 39
1534185743.645362 621 545 580 662 564 664 5844 4506 3498 235 -105 -24 -10 -3 42
1534185743.7122886 621 545 580 662 564 663 5908 4582 3486 246 453 499 -11 -4 40
1534185743.7619402 620 545 580 662 564 663 5866 4512 3500 197 -147 40 -10 0 42
1534185743.8785288 621 545 580 662 564 664 5876 4542 3462 136 772 295 -8 -1 41
1534185743.928331 621 546 580 662 564 664 5650 4578 3540 -157 662 406 -9 -1 41
1534185743.9908175 621 546 580 663 564 664 5784 4434 3264 1461 -2271 -424 -9 -2 41
1534185744.0640159 621 546 580 662 564 664 5716 4368 3212 -455 1012 -104 -9 -2 41
1534185744.1136658 621 545 580 662 564 663 5926 4548 3708 -357 1121 640 -10 -4 41
1534185744.17697 620 545 580 663 564 663 5672 4438 3282 910 -956 -507 -6 -1 42
1534185744.2449596 621 545 580 662 564 664 5798 4618 3366 133 436 -26 -9 -1 42
1534185744.3090255 620 545 580 663 564 664 5892 4442 3422 431 -184 353 -9 -3 42
1534185744.3743026 620 545 580 663 564 664 5902 4484 3372 198 736 80 -7 -4 38
1534185744.444116 621 545 580 663 564 664 5916 4564 3246 351 -1669 -437 -10 -4 41
1534185744.5090284 620 545 580 662 564 663 5542 4672 3258 151 -3810 -575 -10 -1 42
1534185744.5785537 621 545 580 663 564 663 6600 4522 3062 68 38 -1852 -8 -5 41
1534185744.645887 621 545 580 663 564 663 6564 5058 3190 274 -2071 -1128 -7 -8 41
1534185744.7140367 621 545 580 663 564 664 5352 4418 3096 -888 -3666 -1 -9 -4 42
1534185744.7789488 621 545 580 663 564 664 5046 4828 2346 -2078 -814 -626 -10 -12 40
1534185744.8533318 621 545 580 663 564 664 5544 4134 3532 523 3604 1205 -9 -10 39
1534185744.9106717 621 545 580 663 564 664 6358 4682 2478 3190 -8420 -1628 -8 -7 41
1534185744.9888148 621 545 580 663 565 664 6324 5446 3012 -454 -1390 1139 -11 -11 39
1534185745.051267 621 545 580 663 564 664 6746 3898 2438 -1971 2183 2868 -10 -12 39
1534185745.1349022 621 545 580 663 564 664 6452 4098 3018 -528 1167 -11 -8 -13 39
1534185745.2104185 621 545 580 663 564 664 6094 4558 2892 343 -1472 -538 -7 -12 39
1534185745.2614498 621 545 580 663 564 664 6502 4520 3236 1853 2649 1152 -7 -13 42
1534185745.3431573 621 545 580 663 564 664 6384 4752 2574 -10 -1097 -1520 -5 -10 38
1534185745.4118834 621 545 580 662 564 664 6326 4354 3254 -151 3288 1252 -8 -11 37
1534185745.474367 621 545 580 663 564 664 6140 4496 3120 -240 884 -1446 -9 -9 42
1534185745.5368521 620 545 580 663 564 664 6250 4652 2908 -801 -1006 -3 -6 -7 39
1534185745.612126 620 545 580 663 564 664 6100 4340 3356 -621 695 -281 -5 -8 40
1534185745.6746106 621 545 580 662 564 664 6150 4424 3186 1140 -1079 120 -8 -9 41
1534185745.7461574 620 545 580 662 564 664 6182 4354 3024 292 1036 -136 -6 -10 43
1534185745.8088622 620 545 580 662 564 664 5600 4470 3026 1290 -764 -263 -7 -8 42
1534185745.8949065 620 545 580 663 564 664 6172 4456 2552 590 -1846 1465 -6 -9 42
1534185745.9423163 620 545 580 663 564 664 6458 4634 2958 -539 493 -2107 -10 -10 40
1534185746.0204234 620 545 580 662 564 663 5496 3226 1626 3236 -2895 -1286 -9 -10 38
1534185746.097877 620 545 580 662 564 664 6816 5400 2596 1715 3767 -2061 -9 -10 41
1534185746.159593 620 544 580 662 564 664 6528 4984 3022 -1152 -725 -1961 -10 -6 39
1534185746.2406285 620 544 580 662 564 663 4660 4180 3298 -656 -1513 -2719 -11 -6 40
1534185746.3083382 621 545 580 662 564 664 5654 4544 2998 1193 6049 6588 -9 -4 39
1534185746.378272 620 544 580 661 563 663 6154 4390 3322 -3300 -495 -556 -8 -4 40
1534185746.4418573 620 544 578 661 563 663 7242 4356 4530 -2381 2571 1368 -7 1 41
1534185746.5045998 620 543 577 659 562 662 5098 4376 3532 -842 1249 -363 -2 1 41
1534185746.586181 619 542 576 659 561 661 6596 3750 4470 -381 -1949 1442 -3 1 42
1534185746.6455238 618 541 575 657 560 660 4936 4320 3480 1938 2781 2615 0 2 42
1534185746.713563 618 540 575 657 560 660 4950 3752 4338 2410 -1862 -52 -1 2 38
1534185746.7762976 618 540 575 657 559 660 5592 4594 3046 882 -345 3217 -4 2 38
1534185746.849806 619 541 577 658 561 662 7844 4286 4372 3748 -4222 -4468 -2 0 38
1534185746.9113896 619 543 578 661 562 664 5878 5062 1718 2242 -5603 -7953 -4 -2 37
1534185746.9738755 620 544 579 662 563 664 5056 4534 4424 -234 2821 3121 -10 -7 37
1534185747.054345 620 544 579 662 563 664 6284 4854 2664 3744 -2679 -1406 -11 -4 38
1534185747.1279876 620 544 579 662 563 665 5902 4880 2202 -840 -304 920 -12 -7 38
1534185747.198371 620 544 579 662 563 665 6120 4706 3034 -2498 2397 213 -14 -10 37
1534185747.2606537 620 545 579 662 563 665 5788 4590 3380 -568 957 415 -12 -10 37
1534185747.3231347 620 545 579 662 563 665 6166 4620 3122 403 338 517 -9 -5 38
1534185747.3942795 620 544 579 662 563 664 5818 4806 3038 261 359 61 -9 -6 42
1534185747.4586585 620 545 579 662 564 665 5928 4724 3120 -333 1384 583 -11 -6 40
1534185747.521144 620 544 579 662 563 665 5978 4614 3318 -773 329 -18 -8 -6 41
1534185747.5950663 620 545 579 662 563 664 6126 4506 3438 -78 -104 263 -9 -7 41
1534185747.660799 620 545 579 662 564 665 5852 4554 3368 -11 272 -123 -10 -3 44
1534185747.7272718 620 545 579 662 564 665 6048 4556 3332 -89 341 316 -6 -4 41
1534185747.7771742 620 545 579 662 563 665 5804 4524 3324 136 687 270 -8 -5 42
1534185747.8597133 621 545 579 662 563 665 5908 4618 3302 -364 151 -252 -8 -4 43
1534185747.923532 620 545 579 662 563 665 5954 4470 3440 282 660 416 -8 -4 41
1534185747.974983 621 545 579 663 563 665 5754 4618 3358 -506 515 -39 -7 -6 41
1534185748.0528705 621 545 579 662 563 664 5824 4476 3570 -155 271 -88 -6 -4 42
1534185748.1208375 620 545 579 662 563 665 5024 4098 3630 1373 975 55 -6 -5 42
1534185748.1775653 620 544 579 662 563 665 6384 4000 3870 473 3840 1244 -5 -3 42
1534185748.2565155 620 544 579 662 563 665 7582 5146 3658 1990 2853 5035 -5 -1 41
1534185748.3095822 619 544 578 662 563 664 5688 4094 4182 732 -2130 -2258 -6 3 40
1534185748.3795075 619 543 577 661 562 663 5062 3924 3192 -310 4236 7506 -5 -2 39
1534185748.4576168 619 541 576 660 561 662 6460 3706 4156 -417 1639 20 -3 1 39
1534185748.5201013 618 541 575 659 560 661 5442 4268 4116 -1391 4739 -632 0 5 35
1534185748.5993571 617 539 574 659 559 661 5474 3926 4236 567 -2717 -3812 -3 4 37
1534185748.645637 617 539 574 658 559 660 6338 4392 3744 306 2765 -2804 -1 8 37
1534185748.7260733 617 539 575 659 559 661 5408 4670 4564 535 -1896 -203 -2 7 38
1534185748.7929914 618 542 577 660 560 662 6374 4648 3480 561 -5292 -1055 -2 9 39
1534185748.8629541 619 544 578 661 562 664 5806 4164 3756 -2647 -1296 614 -5 4 40
1534185748.9268708 620 544 578 661 563 664 5110 4376 5648 3965 2223 2541 -5 -2 40
1534185748.9893568 620 545 579 661 563 664 6484 4634 2284 7013 -6074 -1391 -5 3 43
1534185749.0690875 619 544 579 661 563 665 6056 4972 1908 -3250 746 -1290 -12 -5 39
1534185749.1292021 620 545 579 662 563 665 5698 4272 4044 -3081 2560 407 -12 -7 37
1534185749.2039871 620 545 579 662 563 665 5630 4518 3488 640 764 945 -6 -3 41
1534185749.2614799 620 545 579 662 563 665 6300 4508 3304 -1060 1101 991 -7 -4 42
1534185749.3239582 620 546 579 662 563 665 5582 4324 3766 247 -704 -668 -8 -3 41
1534185749.3971102 620 546 579 662 563 665 5972 4562 3208 137 -48 -125 -4 -2 44
1534185749.4595973 620 546 579 662 563 665 5820 4404 3590 -327 981 116 -5 -3 43
1534185749.5378861 620 546 579 662 563 665 5862 4386 3572 234 -104 -258 -6 -2 42
1534185749.6053739 620 546 579 662 563 665 6066 4408 3472 -101 -150 -85 -7 -3 43
1534185749.6604166 620 546 579 662 563 665 5766 4424 3686 216 18 -229 -4 0 43
1534185749.7348418 620 546 579 662 563 665 5982 4458 3450 250 -200 287 -3 -3 42
1534185749.7924306 620 546 579 662 563 665 5800 4410 3502 171 864 -493 -5 -1 41
1534185749.868882 620 546 579 662 563 665 5904 4320 3536 -554 -412 166 -6 -3 43
1534185749.9318624 620 546 579 662 563 665 5608 4670 3138 935 2472 581 -4 1 40
1534185749.994361 619 545 579 662 563 665 6148 4458 3486 156 -979 -1140 -7 -2 42
1534185750.0568342 620 545 579 662 562 665 4946 4784 3628 581 3800 1152 -5 -2 42
1534185750.137684 620 545 578 661 562 665 5968 4458 3786 -1745 972 -2084 -7 -1 42
1534185750.1936908 620 545 578 661 563 664 5166 4086 4102 -1542 3213 2727 -3 2 42
1534185750.2615142 619 544 577 660 562 663 6220 4412 4174 -1562 1278 1812 -5 4 40
1534185750.3398225 619 544 576 659 561 662 5976 3878 4328 -762 701 -1328 -2 6 42
1534185750.3951669 618 542 575 658 561 661 4610 4262 3970 2052 1114 3341 0 6 40
1534185750.47347 618 541 574 657 560 660 6186 3686 3992 -404 -2395 1096 -2 6 40
1534185750.5357864 617 541 574 657 559 659 5994 3844 4080 -2816 3190 1852 -2 5 38
1534185750.6116154 617 541 575 658 560 661 6424 3958 5584 2095 675 -2067 2 5 39
1534185750.6618738 618 543 577 659 561 663 6832 5076 3490 1435 -172 1758 3 11 40
1534185750.744548 619 545 578 661 562 664 6618 3336 4722 3000 -6881 -7743 -1 5 38
1534185750.8087068 619 544 578 661 562 664 4954 4728 4818 9872 -4317 -621 -2 3 43
1534185750.8794112 619 544 578 662 562 664 6228 5352 2090 4060 -4326 -3239 -8 2 44
1534185750.941986 619 545 579 662 562 665 5294 5232 2632 -1256 1568 -2056 -15 -5 39
1534185751.020003 620 545 579 662 563 665 5834 4732 3392 1045 -4175 -1219 -18 -3 39
1534185751.0927663 620 545 579 662 563 665 5748 5266 2712 766 -108 -239 -18 -4 39
1534185751.1459424 620 545 579 662 563 665 5636 5120 2732 -481 1032 -13 -17 -4 39
1534185751.2311432 620 545 579 662 563 665 5208 5276 2976 882 -338 -1298 -17 -3 40
1534185751.2943866 619 545 579 662 563 665 5606 5416 2588 -910 -1247 126 -19 -4 39
1534185751.364792 619 545 579 662 563 665 5742 5180 2942 213 569 462 -18 -9 40
1534185751.427353 620 545 579 662 563 665 5586 5320 2752 -245 852 632 -16 -7 39
1534185751.4898407 620 545 579 662 562 664 5452 5190 2830 -286 293 284 -15 -6 40
1534185751.5523827 620 545 579 662 563 665 5658 5206 2904 2 313 47 -16 -6 39
1534185751.629192 620 545 579 662 563 665 5594 5202 2908 -432 236 196 -15 -8 40
1534185751.6922786 620 545 579 662 563 665 5514 5078 3138 -59 116 329 -15 -7 42
1534185751.7605324 620 545 579 662 563 664 5898 5176 2894 -189 -28 -102 -13 -6 41
1534185751.8316228 620 545 579 662 563 665 5642 5100 3238 -370 1056 745 -13 -5 41
1534185751.8954196 620 545 579 662 562 665 5638 5136 2906 -92 498 109 -12 -3 42
1534185751.9579065 619 545 579 662 563 665 5650 5086 3124 -519 811 44 -13 -6 42
1534185752.020627 620 545 579 662 563 665 5146 5556 2564 121 627 2610 -12 -5 41
1534185752.097157 619 545 578 662 562 665 6636 4864 3214 -866 -644 49 -15 -4 39
1534185752.1609714 620 545 578 662 562 665 4524 4884 3172 -1436 5488 2691 -10 -5 42
1534185752.2357695 619 544 578 661 562 664 6960 5448 3504 -744 -84 -602 -11 -3 41
1534185752.2927318 618 543 576 660 562 662 5892 4414 3822 -1778 4452 4743 -7 -1 42
1534185752.3733246 617 541 575 659 560 661 5662 4992 3528 -2957 4965 -1922 -7 3 40
1534185752.4411044 616 539 574 658 558 660 5162 4324 4056 2304 -1142 1494 -1 5 43
1534185752.503621 615 537 573 658 557 658 6596 4212 4948 -989 -38 -645 0 11 43
1534185752.5735242 615 537 573 657 557 659 4908 4750 4174 109 2391 3207 -2 8 42
1534185752.6297107 615 536 573 657 557 658 6302 4174 4586 258 -250 -699 -4 9 43
1534185752.7091575 615 538 574 658 557 659 5356 4520 4712 2080 1896 -8829 -2 10 41
1534185752.777637 617 541 576 659 559 662 6382 5780 3720 2537 -4608 -1075 -3 10 41
1534185752.8475509 618 543 577 660 560 663 2986 3764 4700 -385 239 -4290 -6 10 42
1534185752.910122 618 544 578 661 561 663 5110 5044 3682 8825 -6296 1406 -9 6 45
1534185752.9748287 619 544 578 661 561 664 5654 5536 2172 112 -979 -245 -11 3 42
1534185753.0467906 619 545 578 661 562 665 5578 4950 3814 -495 192 -629 -16 0 41
1534185753.114523 619 545 578 661 562 665 5218 5214 3180 571 101 -480 -15 0 41
1534185753.1797256 619 545 578 661 562 664 5348 5256 3272 -1500 258 -126 -17 2 42
1534185753.2453878 619 545 578 661 562 665 5482 5020 3688 576 121 34 -14 2 43
1534185753.3078728 619 544 578 662 562 665 5278 5222 3230 -187 292 -216 -14 2 43
1534185753.379513 619 545 578 661 562 665 5516 5116 3460 441 75 -277 -14 1 42
1534185753.4429686 619 545 578 662 562 665 5224 5216 3436 -178 34 28 -14 3 43
1534185753.5056272 619 545 578 661 562 665 5566 5018 3522 242 -307 661 -13 1 42
1534185753.567963 619 545 578 661 562 664 5492 5246 3288 -20 -304 136 -13 0 42
1534185753.6436338 619 545 579 661 562 665 5262 5070 3306 32 -1088 -124 -12 -1 42
1534185753.708454 619 546 579 662 562 665 5432 5112 3272 440 551 256 -14 0 42
1534185753.7615273 620 546 579 662 562 664 5372 5118 3342 -527 619 -93 -15 -1 42
1534185753.8414803 619 546 578 661 562 665 5470 5090 3460 -171 181 -389 -12 -1 42
1534185753.9103925 619 545 578 661 562 665 4770 5378 3080 -378 1885 1474 -13 -1 42
1534185753.9728732 619 545 578 661 562 665 5124 4702 3628 -1107 3515 -45 -12 1 41
1534185754.035378 619 545 578 661 562 665 4824 4740 2952 -3365 2076 4882 -9 4 40
1534185754.1164238 619 545 577 661 561 664 5392 4370 3958 -2167 248 4372 -8 3 42
1534185754.177646 619 544 576 660 561 663 5710 4002 4172 70 -823 -2719 -5 6 42
1534185754.2466698 618 543 576 659 561 663 5698 4884 3964 206 724 -392 -4 6 41
1534185754.3097236 617 542 575 658 559 662 5454 4434 4234 1349 -1894 -2873 -3 6 41
1534185754.3792741 617 541 574 658 559 661 6108 4396 3854 1518 77 624 -5 4 39
1534185754.4417598 617 539 573 657 558 661 5510 4702 4130 -1319 344 1719 -5 2 38
1534185754.504322 616 539 573 657 558 661 6160 4706 3924 -494 36 712 -2 4 39
1534185754.5762844 617 541 574 658 559 662 5822 4546 4112 -251 293 896 -3 6 41
1534185754.6603386 617 543 576 660 560 663 6252 4822 4202 155 -1520 -2457 -1 6 41
1534185754.7119815 618 545 577 660 561 664 3464 3208 4430 1656 2524 -2642 -3 4 41
1534185754.7773464 619 545 578 660 561 664 5502 4688 3486 4498 -4778 -901 -5 5 44
1534185754.8448741 619 546 578 660 561 665 5630 4894 3146 -609 -592 76 -7 1 40
1534185754.9101543 619 546 578 661 561 664 5856 4520 3912 -87 424 -469 -8 0 42
1534185754.9726331 619 545 579 661 562 664 5330 4836 3554 804 259 -259 -5 1 43
1534185755.0357547 619 546 579 661 562 665 5680 4794 3542 -1269 -28 8 -8 1 43
1534185755.1026764 619 546 579 661 562 665 5638 4516 4062 360 337 405 -7 1 43
1534185755.1596692 619 546 579 661 562 665 5644 4718 3566 1112 150 -950 -7 3 42
1534185755.2359335 619 546 579 661 562 665 5428 4700 3732 -524 517 402 -8 2 43
1534185755.3084922 619 546 579 662 562 665 5656 4722 3880 396 -140 -216 -8 0 43
1534185755.362282 619 546 579 661 562 665 5502 4706 3650 99 340 -18 -9 1 43
1534185755.4262598 619 546 578 661 562 665 5564 4742 3724 226 46 -184 -6 1 42
1534185755.4887433 619 545 579 661 562 665 5506 4710 3788 51 514 141 -6 4 43
1534185755.5514143 619 546 579 662 562 665 5500 4668 3658 357 330 -47 -8 2 44
1534185755.6179497 619 546 578 662 562 665 5704 4734 3760 -133 -63 121 -7 0 43
1534185755.6753898 619 546 579 662 562 665 5298 4668 3746 -565 983 696 -8 2 44
1534185755.7443304 619 546 579 661 562 665 4428 3880 5974 3314 -5272 -1734 -6 1 44
1534185755.8070128 619 546 578 661 562 665 6062 5228 2684 -2452 5674 7661 -7 3 44
1534185755.8785567 619 545 578 661 562 665 4324 3736 4568 172 2090 -4227 -4 2 43
1534185755.9410439 618 544 577 660 561 664 6082 4608 3956 1397 -250 -534 0 4 42
1534185756.0205219 618 543 575 659 560 663 4890 4584 3786 -1154 3505 3509 -2 9 41
1534185756.0889974 617 542 574 659 560 662 5532 3612 5424 -1434 -1235 400 -3 8 39
1534185756.1448765 616 540 572 658 558 661 4870 4282 3942 118 2350 -2213 1 8 43
1534185756.222568 615 538 571 658 557 661 5254 3952 4552 -130 -346 -150 -1 9 38
1534185756.276083 615 537 571 657 557 661 4882 4872 3930 -330 2473 664 2 10 42
1534185756.356179 615 538 572 657 557 661 5068 4220 5006 414 -743 -3732 1 12 42
1534185756.410256 616 540 574 659 558 662 6970 4996 4222 2736 -7096 1205 2 11 41
1534185756.4883602 617 544 576 660 560 664 4930 4564 3298 -1990 4229 -2375 0 9 42
1534185756.5505888 618 544 577 660 561 665 5586 4538 5106 6331 -2389 2989 -4 4 44
1534185756.6287055 618 545 578 661 560 665 5442 5396 2574 1403 -648 -2010 -6 7 45
1534185756.6917346 618 545 578 661 561 665 5694 4654 4010 169 1436 904 -13 2 44
1534185756.760266 618 545 578 661 561 665 5262 5068 3438 -243 -931 -261 -9 4 44
1534185756.824259 618 545 578 661 561 665 5418 4716 3930 -48 481 636 -11 3 44
1534185756.8793323 619 545 579 661 562 665 5252 4818 3646 773 -838 -757 -8 3 43
1534185756.957439 619 546 578 661 561 664 5570 4760 3740 -485 -120 498 -11 4 42
1534185757.020464 619 546 578 661 561 665 5596 4730 3806 -203 274 -326 -10 3 44
1534185757.0943546 618 546 578 661 561 665 5230 4938 3678 367 -1082 -230 -10 4 43
1534185757.1450722 618 546 578 661 562 665 5712 4716 3712 -100 -299 74 -10 3 44
1534185757.224815 619 546 579 661 561 665 5420 4810 3698 264 326 271 -5 1 47
1534185757.292743 619 546 579 661 562 665 5628 4840 3600 447 -355 -195 -8 3 42
1534185757.354184 619 546 579 662 562 665 5380 4808 3628 -273 545 43 -9 1 45
1534185757.4097667 619 546 578 662 562 665 5568 4836 3674 245 -199 -417 -9 3 44
1534185757.4722512 619 546 579 662 562 665 5448 4842 3566 453 39 -28 -7 1 42
1534185757.5347364 619 546 579 662 562 664 5484 4766 3640 -72 202 -227 -9 1 43
1534185757.6151216 619 546 579 661 562 665 4668 4542 3490 3166 -1014 526 -9 2 42
1534185757.676102 618 546 578 661 561 665 6824 5140 3930 -136 1736 2181 -11 0 41
1534185757.7450612 618 545 578 661 561 664 5206 5156 3516 -403 2411 648 -9 0 43
1534185757.8075466 618 544 577 660 560 663 6158 4324 4036 -2829 2487 2889 -7 6 43
1534185757.8777528 617 543 576 659 560 663 6040 4432 4708 -943 -820 2056 -7 5 42
1534185757.940239 616 541 574 658 559 661 6348 4166 3702 -411 -710 -700 -3 5 44
1534185758.0183446 615 539 573 657 557 660 5098 4104 4936 -3376 1526 -3894 -2 7 41
1534185758.0874069 614 537 572 656 557 658 5610 4236 4240 3896 -1301 -925 0 7 43
1534185758.1450615 613 537 572 655 555 658 5800 4770 3818 -83 1337 2385 -1 5 40
1534185758.2207992 614 537 572 655 556 659 5490 4492 4160 -1034 1509 -903 -3 6 43
1534185758.2770815 614 538 573 656 556 659 5194 4174 4314 -196 836 1262 -2 5 40
1534185758.3550994 615 540 574 658 558 661 6230 4500 4452 776 -2315 1453 -1 6 40
1534185758.4098496 617 543 576 659 559 663 6350 4006 3532 4466 -6159 -8493 1 4 40
1534185758.487812 617 544 578 660 560 664 3536 4132 3210 -549 3190 -926 -4 0 43
1534185758.5502975 617 545 577 660 560 664 5640 4592 3858 2751 -2509 154 -7 2 42
1534185758.6292562 618 545 578 660 560 664 5576 4984 3104 -232 -408 -661 -6 2 42
1534185758.6761332 617 545 578 660 560 665 5558 4676 3760 -518 814 -449 -8 0 42
1534185758.746651 618 545 578 661 561 664 5222 4782 3572 15 26 76 -9 1 44
1534185758.809281 618 545 578 661 561 664 5632 4728 3748 -377 837 124 -8 1 42
1534185758.8794303 618 546 579 661 561 665 5506 4804 3878 555 -15 -640 -7 1 45
1534185758.9419494 618 546 579 661 561 665 5554 4892 3648 861 664 207 -8 2 43
1534185759.0044029 618 546 578 661 561 665 5394 4848 3674 317 -223 -547 -8 2 45
1534185759.0729423 619 545 578 661 561 665 5494 4872 3696 6 158 361 -10 0 45
1534185759.1289093 618 546 579 661 561 665 5408 4804 3678 1 92 138 -9 1 43
1534185759.1993122 618 546 579 661 562 665 5552 4840 3742 208 331 -232 -7 2 44
1534185759.2604342 618 546 579 661 561 665 5390 4758 3602 277 353 313 -6 1 43
1534185759.3250718 619 546 579 662 561 665 5520 4848 3794 91 127 -970 -9 0 44
1534185759.3783157 618 546 578 661 561 665 5362 4886 3662 831 -355 -685 -6 1 42
1534185759.4564233 618 546 579 661 561 665 5380 4856 3606 -496 488 489 -8 1 43
1534185759.519076 619 546 579 661 561 665 5366 4860 3832 -124 120 -361 -9 1 45
1534185759.581394 619 546 579 661 561 665 5748 4748 3296 406 3663 2742 -9 2 43
1534185759.655933 618 545 578 661 561 665 7020 5362 4450 376 1296 -1717 -7 1 42
1534185759.7220535 618 545 578 660 561 664 4182 5440 3776 728 992 -2580 -8 5 43
1534185759.777344 617 543 576 659 560 662 6158 5764 3344 -3081 844 10023 -8 5 41
1534185759.8570087 616 542 574 658 559 661 7176 4570 4460 -1390 310 3300 -6 8 43
1534185759.9104836 614 538 572 656 556 659 5178 4842 4376 -3741 1755 956 -3 7 42
1534185759.9886262 614 536 571 655 555 657 5286 3926 4636 2694 -2237 3858 2 6 43
1534185760.0513988 614 536 571 656 554 659 5384 3856 4624 -2018 2221 -7084 0 7 40
1534185760.1283762 614 537 572 656 555 660 4858 4926 4810 3166 -2370 -11068 1 7 41
1534185760.197357 615 539 575 658 557 662 6148 5180 3562 -1405 -3269 -287 1 9 43
1534185760.2609725 616 543 577 659 559 664 4240 5718 3318 2418 -2619 -2260 -5 4 44
1534185760.3337739 617 544 578 660 560 664 4246 4968 5306 6198 1476 3624 -8 -1 45
1534185760.3955026 617 545 578 661 560 665 4960 5780 2216 5605 -3197 -513 -10 3 46
1534185760.473609 618 545 578 660 560 664 5686 6006 2924 -2122 1294 2266 -18 -1 40
1534185760.5361705 618 545 578 661 560 665 5084 5176 3532 523 1254 815 -15 -3 42
1534185760.6160557 618 545 578 661 560 665 5112 5636 2884 1253 -1157 -378 -14 -4 42
1534185760.6761887 617 545 579 661 561 665 5100 5462 3026 -431 651 2128 -17 -3 42
1534185760.7447422 618 545 579 661 561 665 5766 5594 2848 -2452 -2404 3677 -16 -5 43
1534185760.807156 618 545 579 661 561 664 5950 4590 3790 280 5077 1462 -14 -7 43
1534185760.8779848 618 545 578 661 561 665 4958 5526 2430 2821 -3128 -1144 -11 -4 43
1534185760.9560916 618 545 579 661 561 665 5748 5270 3002 -1108 2296 -539 -14 -6 45
1534185761.0185766 618 545 578 661 561 665 5112 5128 3446 412 819 465 -12 -6 44
1534185761.0810611 618 545 578 661 561 665 6270 5442 3230 2239 236 -516 -13 -3 43
1534185761.1625745 618 545 579 661 561 665 4856 5420 2538 -1283 -987 123 -13 -3 44
1534185761.2330582 619 545 579 661 562 665 5982 5050 3528 274 220 -749 -13 -7 44
1534185761.2923415 618 545 579 661 561 665 4856 5028 3004 -272 494 223 -14 -6 46
1534185761.3626208 618 545 579 661 562 665 5494 5180 3030 768 -1904 -266 -13 -6 44
1534185761.425184 618 545 579 661 562 665 5814 4990 3076 840 2634 197 -14 -6 42
1534185761.4878004 618 545 578 661 561 665 6116 5996 3924 -438 4087 7307 -13 -7 42
1534185761.5659013 618 544 578 660 561 665 5268 4826 3884 -67 1133 4110 -14 -2 41
1534185761.6399257 617 543 576 659 560 663 6096 4634 2712 -2301 3943 4908 -10 1 43
1534185761.7089727 615 540 574 658 558 662 7176 4022 4276 -4486 3276 -1616 -6 0 41
1534185761.7739246 614 539 573 657 558 660 3286 3364 4628 610 3622 717 -2 3 43
1534185761.8384342 613 537 572 656 556 659 4798 4454 3980 -359 542 315 -3 8 46
1534185761.894441 613 535 571 655 555 658 6536 3940 4002 429 -674 6598 -2 6 45
1534185761.9725478 613 535 570 655 555 658 5520 4018 4364 -2457 2080 -326 -1 9 42
1534185762.0393023 613 536 571 656 555 659 5480 3774 4476 1031 634 -1760 5 11 42
1534185762.107037 613 537 572 657 556 660 6474 4210 4324 887 -1534 -680 4 10 41
1534185762.1772435 615 540 575 658 558 662 6506 4462 4180 4605 -10742 -8723 2 10 43
1534185762.244742 616 543 577 660 559 663 2870 4218 2822 -4017 1352 -4940 2 2 41
1534185762.3072274 617 544 577 660 559 664 5936 4114 4076 2740 -2280 1974 -8 0 43
1534185762.3809478 617 545 577 660 560 664 5506 5024 2858 1323 -186 -268 -4 -2 44
1534185762.4420958 617 544 577 660 560 665 6086 4670 3386 -1062 1720 -105 -6 -4 43
1534185762.5045788 618 545 577 660 560 664 5356 4696 3606 -450 -71 -859 -5 -2 43
1534185762.5843651 618 545 578 660 560 664 5656 4704 3568 -255 1022 -155 -6 0 44
1534185762.6615913 618 545 578 660 560 664 5570 4654 3716 243 462 149 -3 -2 45
1534185762.7151482 618 546 578 661 561 665 5478 4760 3464 111 97 -1131 -7 -1 44
1534185762.7779791 617 545 578 661 560 665 5524 4704 3734 -378 399 652 -6 0 45
1534185762.846758 617 546 578 660 560 665 5660 4638 3862 351 -408 -677 -6 -2 43
1534185762.9126494 617 545 578 661 561 665 5550 4704 3484 624 459 -104 -7 -1 45
1534185762.9751363 617 545 578 661 560 665 5482 4740 3672 -33 526 165 -6 0 46
1534185763.0376203 618 545 578 660 560 665 5660 4748 3724 200 18 -178 -4 -1 46
1534185763.108302 618 545 578 661 560 665 5866 4642 3548 -473 410 331 -6 -1 45
1534185763.1605947 618 546 578 661 560 665 5534 4648 3910 362 102 -706 -3 0 43
1534185763.2420316 617 546 578 661 560 665 5134 4388 3334 2962 -449 -2157 -3 0 43
1534185763.3089683 617 545 578 660 560 665 5686 4616 3648 -2328 2720 2266 -6 -1 45
1534185763.3786726 618 545 577 660 560 665 5462 4720 4274 -1379 2059 -2503 -6 2 43
1534185763.4411595 618 544 577 660 560 664 5132 4276 4618 496 212 -330 -2 5 45
1534185763.5036445 617 543 575 658 559 662 4792 4660 3394 -1229 2913 6898 -2 5 44
1534185763.5784636 616 542 574 658 558 662 5378 3648 4298 -2696 827 351 -2 7 42
1534185763.644457 615 540 573 657 557 662 4356 4162 4836 -4680 7738 -670 2 8 42
1534185763.7123482 615 539 572 657 557 661 3414 3964 4116 1935 -1811 1736 4 9 43
1534185763.775704 614 539 573 656 557 661 5010 3776 4822 633 -1984 -2160 6 12 45
1534185763.8497255 615 541 574 658 558 662 6200 4868 5012 7330 -8140 -3802 5 10 44
1534185763.9107378 617 544 576 660 559 663 4316 5530 2486 -1841 1335 -3985 2 8 43
1534185763.973226 617 545 577 660 560 664 4574 3936 5404 3220 -3542 5104 -4 3 43
1534185764.0513315 617 545 577 660 560 664 5500 5394 2788 3338 -3292 -3023 -4 1 48
1534185764.119781 617 545 577 660 560 665 5512 4892 3286 -686 727 112 -5 0 44
1534185764.175974 617 545 578 661 560 665 5420 4964 3580 684 401 -945 -8 -2 43
1534185764.2447498 617 545 577 660 560 665 5198 5190 3330 -124 439 -114 -6 -2 45
1534185764.3183215 617 545 578 661 560 665 5444 4974 3688 -17 836 847 -8 -3 42
1534185764.3831508 617 546 578 660 561 665 5446 5030 3398 407 242 -78 -9 -2 45
1534185764.4433076 618 546 578 661 560 665 5200 5036 3622 5 185 -48 -8 0 44
1534185764.4987354 617 546 578 661 560 665 5464 4992 3616 350 393 180 -6 1 44
1534185764.5737014 617 546 578 661 560 665 5530 4950 3354 489 196 189 -7 -1 43
1534185764.6448586 617 546 578 661 560 665 5240 5000 3668 -107 330 30 -8 1 47
1534185764.701748 618 545 578 661 560 665 5382 4976 3732 247 133 282 -8 0 45
1534185764.7605124 618 546 578 661 560 665 5518 5078 3548 980 -595 -520 -9 1 43
1534185764.8360376 617 545 578 661 560 666 5358 4956 3514 1146 -1830 -1228 -8 1 44
1534185764.8960261 617 545 579 661 561 666 5792 4998 3300 1248 -1911 -444 -9 0 45
1534185764.9741333 618 545 578 661 561 666 5678 5184 3506 2004 -4170 -3669 -11 -6 43
1534185765.036619 618 545 579 661 561 665 4992 5270 2494 4652 -4540 -1151 -17 -9 38
1534185765.119772 617 545 579 661 561 665 5588 5644 2368 2953 -3074 -1213 -21 -12 37
1534185765.1757386 618 545 579 661 561 666 5162 5760 1892 2396 -1592 678 -24 -13 35
1534185765.2603579 618 545 579 661 561 665 5370 5698 2108 1849 1544 1274 -24 -13 35
1534185765.3228426 618 545 579 661 561 666 6184 5944 2492 891 10214 5143 -23 -13 36
1534185765.400194 618 546 579 661 561 666 6336 4772 2392 2358 1100 1117 -24 -12 36
1534185765.467407 618 545 579 662 561 666 4782 5950 1392 774 126 -159 -27 -12 34
1534185765.5406506 618 546 579 662 561 665 6168 5588 2154 -2053 -711 -1424 -24 -15 39
1534185765.6105947 618 545 579 662 561 664 5422 5368 1714 4446 -9211 -3280 -29 -16 33
1534185765.6849637 618 544 578 663 561 664 6634 6178 90 -1502 -15357 -7908 -32 -21 26
1534185765.745895 618 545 578 663 561 665 5414 5744 1644 -5620 1457 1225 -32 -28 27
1534185765.8147426 618 545 579 663 561 664 5128 6240 606 1415 -14620 -6551 -34 -32 23
1534185765.9282901 618 545 579 663 561 664 5596 6574 -758 -4514 -7443 -2148 -34 -32 23
1534185765.9907749 618 544 578 663 561 664 5702 6862 -298 3773 -5884 -2524 -36 -37 14
1534185766.082458 618 545 579 663 562 665 4534 6806 -444 1903 -6318 -2926 -38 -41 10
1534185766.1413019 618 545 579 664 562 664 4448 6952 -1118 899 -2217 -55 -42 -44 7
