1533766626.4367945 753 708 706 741 757 749 1460 1356 -8050 18 80 -171 -70 63 -150
1533766626.5066066 751 708 706 739 756 747 1276 1314 -8016 194 288 -296 -71 65 -148
1533766626.571389 750 708 706 738 756 746 1666 1232 -8000 232 340 200 -70 65 -149
1533766626.633875 751 708 706 738 756 746 1410 1382 -8032 163 -256 70 -70 64 -147
1533766626.7119892 751 708 706 738 756 746 1416 1244 -7988 94 66 181 -71 64 -150
1533766626.7742448 751 708 706 738 756 745 1614 1430 -7874 10 -149 60 -71 62 -149
1533766626.8367307 750 708 706 738 756 745 1296 1308 -8064 136 -4 -176 -72 65 -149
1533766626.9152918 751 708 706 738 756 746 1256 1314 -7932 -85 -526 32 -71 65 -150
1533766626.9887285 751 708 706 738 756 746 1508 1232 -7960 146 -397 -40 -71 66 -148
1533766627.05392 751 708 706 738 757 746 1154 1444 -7986 203 -220 135 -72 65 -149
1533766627.151111 751 708 706 739 756 746 1170 1360 -8012 223 223 3 -70 65 -148
1533766627.2884972 751 708 706 738 756 746 1282 1456 -7968 244 273 -189 -70 64 -149
1533766627.3509824 751 708 707 739 756 746 1378 1308 -7960 187 144 -3 -70 65 -149
1533766627.3822248 751 708 706 739 756 746 1184 1388 -8018 384 -25 -45 -71 66 -150
1533766627.4279327 751 708 706 738 756 746 1424 1400 -7984 8 -158 -47 -72 67 -149
1533766627.4665372 751 708 706 738 756 746 1288 1328 -8086 39 -143 43 -72 68 -149
1533766627.5387335 751 708 706 738 756 746 1278 1284 -8066 126 -37 136 -72 65 -149
1533766627.5924826 751 708 706 738 756 745 1114 1256 -8056 221 -250 37 -72 66 -150
1533766627.6760983 750 708 706 738 756 745 1096 1390 -8054 203 50 -43 -69 67 -149
1533766627.7405794 749 708 706 736 756 743 1296 1420 -8026 224 139 -55 -72 66 -149
1533766627.8294184 748 708 706 736 755 743 1196 1330 -8036 193 57 -95 -70 66 -149
1533766627.8763301 749 708 706 736 755 744 1018 1302 -8098 -21 -191 71 -72 67 -150
1533766627.95052 749 708 706 737 755 743 1034 1392 -8042 13 138 126 -71 66 -150
1533766628.0185342 749 707 706 737 755 744 1370 1400 -7958 106 60 166 -72 67 -149
1533766628.0737777 750 708 706 737 755 744 1306 1344 -8002 267 92 -5 -72 67 -149
1533766628.1518393 749 707 706 737 755 744 1012 1318 -8072 254 60 -38 -71 67 -147
1533766628.222315 749 708 706 736 755 744 1086 1314 -8046 134 367 -43 -72 67 -148
1533766628.2881362 749 708 706 737 755 744 1272 1342 -7990 179 79 15 -72 67 -148
1533766628.3568492 749 708 706 736 755 744 1086 1342 -8126 158 91 57 -71 66 -148
1533766628.4259748 749 708 706 737 756 744 1096 1384 -8102 237 209 -45 -70 69 -147
1533766628.5102544 749 708 706 736 755 744 1168 1356 -8042 4 37 107 -70 65 -150
1533766628.5571194 749 708 706 736 755 744 1210 1426 -8018 288 734 -86 -72 68 -148
1533766628.6196034 749 708 706 737 755 744 1584 1220 -7962 216 204 114 -71 68 -150
1533766628.6993015 750 708 706 737 755 745 1098 1328 -8100 144 -131 52 -72 64 -149
1533766628.758885 750 708 706 737 755 745 1106 1410 -8008 129 5 183 -72 65 -150
1533766628.8213713 749 708 706 737 755 745 1278 1326 -7924 -7 334 188 -72 67 -148
1533766628.899487 750 708 706 737 755 745 1050 1358 -7998 -25 -182 79 -71 68 -146
1533766628.971862 751 708 706 739 755 747 1074 1472 -7994 246 307 97 -72 65 -150
1533766629.0380042 753 709 706 741 756 749 1226 1476 -8028 239 1101 -242 -71 66 -149
1533766629.1005447 754 709 707 742 757 752 1192 1404 -8018 124 1151 -390 -69 65 -146
1533766629.2054973 751 708 706 738 755 746 1622 1548 -8160 153 3024 -74 -70 64 -149
1533766629.2414105 749 708 706 736 755 744 1900 1194 -7928 324 4292 -299 -71 65 -147
1533766629.3195238 748 708 706 736 754 743 1862 1396 -7852 289 3532 772 -71 59 -149
1533766629.3925292 749 708 706 736 755 743 2284 1278 -7774 7 3116 1069 -71 57 -150
1533766629.4671245 749 707 706 736 754 743 1762 1274 -8046 -551 4549 1913 -70 53 -146
1533766629.5257697 750 708 706 736 754 743 2480 1646 -7464 -772 2803 1398 -71 50 -146
1533766629.6038532 750 708 706 736 754 744 3406 1362 -7524 -355 636 909 -73 45 -145
1533766629.666326 749 708 706 736 754 743 2854 1444 -7566 433 1568 397 -72 44 -145
1533766629.7432265 750 708 706 736 755 743 3088 1518 -7436 107 595 -119 -73 42 -145
1533766629.8213346 750 707 706 736 755 743 3122 1346 -7504 356 1122 33 -74 41 -144
1533766629.8994741 750 708 706 736 754 743 3052 1424 -7470 185 375 103 -71 41 -143
1533766629.9568753 749 708 706 737 754 743 3496 1302 -7272 26 -404 102 -69 41 -142
1533766630.0276864 749 707 706 736 755 743 2962 1312 -7518 343 658 -104 -73 39 -142
1533766630.0955944 749 708 706 737 754 743 3142 1462 -7482 86 1105 -194 -72 39 -144
1533766630.1580293 749 708 706 737 755 744 3310 1400 -7400 212 -20 8 -72 39 -145
1533766630.2260942 750 707 706 737 754 744 3260 1354 -7484 159 -113 25 -73 40 -144
1533766630.2885804 749 708 705 737 754 744 3252 1428 -7478 66 66 -195 -72 39 -141
1533766630.360259 749 708 706 736 754 744 3022 1384 -7558 307 -258 32 -73 41 -143
1533766630.438311 749 708 706 736 753 743 3184 1538 -7350 191 84 30 -72 40 -143
1533766630.5073886 749 708 706 736 754 743 3030 1338 -7504 85 511 -168 -74 40 -142
1533766630.5855434 748 708 706 735 754 742 3180 1478 -7456 363 -299 246 -73 40 -144
1533766630.6323583 749 708 706 735 754 742 3058 1572 -7370 344 421 8 -73 38 -142
1533766630.7116783 748 707 706 735 753 741 3200 1488 -7454 50 98 -27 -72 39 -143
1533766630.7728918 746 707 705 732 753 739 3120 1418 -7428 192 50 47 -72 40 -143
1533766630.8353775 746 707 705 732 754 739 3188 1456 -7386 32 -108 203 -71 42 -143
1533766630.9134843 746 707 706 732 753 738 3022 1438 -7468 46 -47 83 -71 39 -144
1533766630.98385 746 707 705 732 752 737 3050 1500 -7424 56 -484 333 -72 39 -144
1533766631.0403004 747 707 705 733 753 739 3122 1436 -7462 125 81 108 -72 40 -142
1533766631.1184082 748 707 706 734 754 740 3070 1408 -7516 51 428 61 -71 40 -143
1533766631.186118 748 708 706 735 754 741 3122 1520 -7466 54 84 -39 -72 37 -143
1533766631.2740166 748 708 706 735 754 741 3104 1444 -7522 134 28 42 -73 38 -145
1533766631.3208818 749 708 706 736 754 742 3106 1420 -7534 236 -140 57 -74 40 -143
1533766631.376486 749 708 706 736 754 743 3140 1446 -7470 237 -60 22 -71 39 -142
1533766631.4581249 749 707 706 736 754 742 3094 1396 -7504 109 199 92 -72 40 -141
1533766631.5241697 749 708 706 736 754 743 3102 1396 -7482 188 -26 83 -70 39 -143
1533766631.5882566 749 707 706 736 753 743 3042 1498 -7458 165 -48 92 -73 38 -143
1533766631.6507428 749 707 706 736 754 742 3038 1444 -7460 165 4 63 -71 41 -141
1533766631.7289014 749 707 706 735 754 742 3094 1452 -7462 108 257 17 -73 41 -141
1533766631.789888 749 708 706 735 754 743 3094 1412 -7554 169 304 -9 -72 37 -143
1533766631.8523724 749 707 706 736 754 743 3134 1442 -7448 137 188 89 -70 41 -145
1533766631.9477835 745 706 705 733 753 739 3028 1582 -7480 228 491 -157 -73 39 -144
1533766632.003658 747 707 705 732 751 736 3088 1488 -7432 216 476 -67 -73 42 -141
1533766632.0699613 737 705 704 725 750 724 3152 1464 -7478 304 232 -19 -74 37 -143
1533766632.132441 727 703 702 705 746 702 3118 1450 -7434 221 266 3 -72 39 -142
1533766632.2081425 707 698 699 684 740 678 3014 1448 -7328 -223 7 262 -73 39 -144
1533766632.2742715 704 698 699 682 738 677 3212 1680 -7476 1365 -536 812 -73 39 -142
1533766632.3367555 705 698 699 682 739 677 3022 1366 -7574 210 -245 17 -73 38 -142
1533766632.40795 704 698 698 682 737 676 3042 1606 -7432 292 26 -127 -72 40 -143
1533766632.4878922 704 697 698 682 736 676 3178 1576 -7668 -158 304 121 -74 38 -143
1533766632.5554562 703 697 699 682 735 675 3376 1582 -7540 -167 283 -40 -72 38 -145
1533766632.649184 703 697 699 681 735 675 3170 1510 -7824 -151 591 -258 -71 37 -141
1533766632.699715 700 695 699 680 733 673 3126 1388 -7530 193 719 -168 -75 39 -142
1533766632.7571542 698 693 698 679 732 672 3294 1300 -7484 814 587 -188 -72 39 -144
1533766632.835207 697 692 699 681 732 675 2944 1254 -7386 -37 637 -259 -70 38 -142
1533766632.8976905 735 699 705 729 743 729 3306 1274 -7570 -277 320 182 -71 37 -143
1533766632.9811118 731 698 704 725 741 721 3654 1106 -7808 -497 -670 593 -74 39 -142
1533766633.0422237 735 700 705 726 744 729 3178 972 -7230 116 438 674 -73 37 -140
1533766633.1203308 697 692 698 679 732 673 3254 1664 -7300 -482 2197 -1464 -71 35 -143
1533766633.1940346 696 693 698 678 733 672 3180 1522 -7456 -414 -677 648 -72 36 -141
1533766633.2586188 697 694 699 678 734 672 3250 1604 -7338 334 -75 226 -73 36 -138
1533766633.3505685 698 696 698 678 735 672 3146 1616 -7484 202 117 -141 -72 37 -139
1533766633.3925545 699 697 699 678 736 672 3112 1562 -7452 90 -187 189 -72 36 -142
1533766633.47139 700 697 699 679 737 673 3066 1596 -7364 66 -305 154 -75 36 -141
1533766633.5396385 701 699 699 679 739 673 3214 1442 -7492 150 -462 224 -73 36 -141
1533766633.6021242 702 699 699 680 739 673 3130 1462 -7348 347 -346 288 -71 37 -141
1533766633.6646092 702 699 699 679 739 673 3034 1522 -7534 230 252 2 -72 37 -141
1533766633.7413344 703 700 699 680 740 673 3128 1510 -7360 360 375 -132 -72 37 -143
1533766633.803789 704 700 699 680 741 673 3068 1578 -7432 28 147 -83 -74 37 -142
1533766633.8818963 703 698 699 681 740 673 3192 1428 -7438 308 128 -68 -75 37 -142
1533766633.95578 731 705 703 714 748 712 3098 1526 -7470 461 291 -67 -73 37 -139
1533766634.0543072 747 708 706 736 753 739 3046 1592 -7496 344 130 -75 -73 37 -141
1533766634.08555 749 708 706 737 754 741 3146 1508 -7430 239 91 -59 -74 36 -142
1533766634.1480355 749 708 706 737 754 741 3090 1468 -7504 141 -10 14 -74 34 -142
1533766634.2258365 748 709 706 736 754 740 3064 1546 -7430 350 178 21 -73 38 -142
1533766634.288323 742 707 705 728 752 731 3212 1512 -7456 146 140 -5 -74 36 -140
1533766634.3620858 745 708 706 731 752 734 3110 1412 -7478 242 89 -64 -72 37 -141
1533766634.434458 744 708 706 731 752 735 3082 1550 -7406 371 208 -78 -72 36 -143
1533766634.502634 745 707 706 732 753 735 3142 1518 -7474 104 -100 3 -71 37 -142
1533766634.5565932 745 707 706 732 753 735 3152 1476 -7470 28 58 12 -72 35 -141
1533766634.634701 747 708 706 734 754 738 2982 1522 -7544 275 -28 26 -71 36 -141
1533766634.7255943 751 709 707 739 755 744 3228 1510 -7412 320 201 -32 -74 35 -143
1533766634.7724578 743 707 705 730 753 733 3080 1448 -7484 39 134 -94 -73 39 -144
1533766634.8349934 741 706 705 726 752 727 2880 1554 -7566 274 132 -12 -72 37 -139
1533766634.8974602 741 707 705 726 752 728 3272 1492 -7388 195 446 150 -70 39 -142
1533766634.9813797 741 707 705 727 752 730 3230 1354 -7468 623 87 -280 -72 37 -143
1533766635.0381982 742 707 705 728 752 730 2916 1578 -7426 107 -8 -46 -73 36 -142
1533766635.1163068 748 708 706 735 754 740 3032 1562 -7496 176 182 9 -73 36 -142
1533766635.1861122 753 709 707 742 756 747 3118 1484 -7406 243 316 -115 -72 37 -142
1533766635.2430706 756 710 708 746 757 753 3014 1454 -7514 167 -36 -41 -72 39 -143
1533766635.3211792 757 710 708 747 756 755 3062 1506 -7510 203 73 7 -71 38 -142
1533766635.4149072 756 710 708 747 756 754 3258 1354 -7452 200 88 6 -73 37 -143
1533766635.4607444 757 710 708 747 756 756 3018 1444 -7558 210 172 -47 -72 39 -141
1533766635.5228882 757 710 708 747 756 756 3062 1450 -7452 265 67 -28 -72 37 -142
1533766635.5854077 757 710 708 747 756 756 3126 1548 -7432 98 223 42 -71 36 -142
1533766635.6478603 757 710 708 747 756 757 3140 1438 -7468 115 190 -93 -73 37 -144
1533766635.7260923 758 710 708 748 756 757 2992 1510 -7556 186 259 84 -73 37 -142
1533766635.7885773 757 710 708 748 755 756 3150 1504 -7442 281 149 11 -75 38 -142
1533766635.8510904 757 710 708 747 756 756 2998 1456 -7470 39 65 53 -73 37 -140
1533766635.9315531 756 710 708 746 756 756 3078 1678 -7406 403 -13 17 -70 36 -144
1533766635.9928222 741 707 705 730 751 735 3042 1456 -7526 320 438 -70 -71 38 -140
1533766636.0804496 733 705 704 722 750 722 3246 1290 -7526 148 298 197 -70 37 -144
1533766636.1262546 706 699 699 683 742 677 3256 1442 -7470 711 407 -21 -71 37 -142
1533766636.2085783 694 699 699 681 741 675 3058 1434 -7462 400 -184 659 -72 37 -141
1533766636.2719445 699 698 699 678 738 674 3198 1212 -7670 163 -755 407 -72 39 -141
1533766636.334428 700 697 699 679 739 674 3098 1310 -7700 357 893 -320 -72 35 -143
1533766636.4074414 701 697 699 680 739 673 3228 1320 -7446 404 743 -332 -71 37 -145
1533766636.4895723 698 694 699 679 737 672 3486 1198 -7600 -217 273 -51 -71 36 -143
1533766636.5565093 689 687 697 674 735 660 3128 1462 -7512 -405 -209 -48 -70 35 -143
1533766636.6189935 686 686 697 672 735 659 3196 1492 -7440 437 343 -105 -71 36 -143
1533766636.7003741 680 680 695 670 731 657 3212 1298 -7506 105 218 -79 -71 35 -143
1533766636.7915282 685 686 697 672 730 661 3282 1246 -7594 -302 -142 172 -72 37 -141
1533766636.8383927 687 686 697 673 731 662 3180 1316 -7566 -179 672 -207 -72 35 -143
1533766636.9165006 678 667 695 670 732 653 3602 1394 -7414 -1702 -1476 1180 -71 35 -140
1533766636.9856 694 691 697 675 735 665 3050 1802 -7368 86 778 -242 -71 36 -142
1533766637.0382628 687 684 697 673 735 657 3082 1494 -7444 216 -1 79 -74 34 -140
1533766637.1163938 696 692 698 677 739 665 3088 1568 -7514 387 118 45 -73 38 -140
1533766637.1789083 696 694 698 677 740 665 3148 1528 -7468 457 350 -100 -74 35 -143
1533766637.2596285 695 691 698 676 738 664 3110 1480 -7462 354 90 -85 -71 36 -138
1533766637.3202827 692 689 697 674 737 659 3012 1540 -7464 265 66 27 -73 35 -143
1533766637.3917577 698 694 698 676 738 655 3100 1592 -7424 65 122 26 -73 37 -142
1533766637.4918232 696 693 698 676 739 664 3062 1458 -7542 296 307 -242 -71 37 -141
1533766637.5234141 695 693 698 676 739 662 3136 1436 -7384 216 -7 47 -73 38 -142
1533766637.5858996 694 691 697 676 739 663 3034 1584 -7532 259 -146 -21 -75 35 -141
1533766637.6640568 712 696 701 703 745 694 3142 1486 -7408 -47 131 -29 -73 36 -142
1533766637.7377293 723 699 702 710 747 705 2940 1496 -7470 128 285 -7 -74 35 -139
1533766637.8043256 737 701 705 730 751 728 3026 1584 -7468 263 84 -17 -72 35 -140
1533766637.8667998 737 701 705 729 752 727 3294 1542 -7414 11 -52 74 -74 37 -143
1533766637.9422684 740 703 705 733 753 731 3042 1454 -7464 233 142 -96 -72 36 -141
1533766638.0110822 743 704 706 735 754 735 2990 1544 -7404 288 204 -16 -73 38 -140
1533766638.073509 741 703 705 733 753 731 3028 1612 -7490 204 133 -3 -74 35 -141
1533766638.1672366 741 703 705 732 753 731 3174 1498 -7474 103 97 18 -73 35 -142
1533766638.2151606 742 703 705 734 753 734 3062 1452 -7486 146 131 -33 -72 35 -143
1533766638.2728314 740 702 705 733 752 732 3100 1532 -7478 370 64 12 -71 36 -142
1533766638.3509703 740 702 705 732 752 733 3176 1608 -7394 214 133 -62 -71 37 -143
1533766638.4074233 741 703 705 734 752 734 3074 1442 -7548 261 342 -111 -74 36 -141
1533766638.4897425 739 702 705 731 752 731 2990 1564 -7440 240 -61 10 -71 36 -141
1533766638.556624 735 701 704 726 750 725 3088 1566 -7490 134 -32 64 -75 37 -141
1533766638.6191409 722 697 702 710 746 705 3102 1484 -7458 12 298 34 -71 38 -139
1533766638.6815946 725 699 703 715 747 712 2992 1534 -7534 327 -69 -88 -71 38 -142
1533766638.7583294 727 700 703 715 747 714 3086 1576 -7426 120 165 35 -72 35 -141
1533766638.8520555 726 700 703 719 748 718 3020 1504 -7518 54 144 20 -71 35 -142
1533766638.8832984 726 700 703 716 747 716 3076 1514 -7474 342 72 15 -73 36 -143
1533766638.963711 729 700 703 718 747 718 2978 1610 -7490 344 52 -7 -73 35 -142
1533766639.0330045 728 699 703 718 747 718 3098 1520 -7434 120 -65 101 -74 35 -141
1533766639.0858455 722 699 702 711 745 710 3036 1524 -7514 141 -98 46 -72 37 -142
1533766639.166375 734 702 704 725 748 728 2860 1704 -7480 105 52 -5 -74 38 -143
1533766639.2370253 736 701 704 729 749 732 3120 1430 -7448 296 193 -61 -73 36 -143
1533766639.2912822 739 702 705 733 749 737 2874 1576 -7504 255 97 -103 -75 37 -140
1533766639.3604937 736 703 705 730 747 738 2984 1590 -7470 102 -132 44 -72 37 -141
1533766639.4421492 736 702 704 729 747 735 2956 1602 -7436 58 214 44 -72 37 -141
1533766639.5223045 735 702 705 727 747 734 2950 1512 -7490 185 189 -78 -72 38 -143
1533766639.5691667 732 700 704 727 746 733 2916 1520 -7506 140 277 97 -74 38 -141
1533766639.631653 731 700 704 725 745 730 3032 1606 -7434 205 43 31 -73 35 -140
1533766639.7128043 736 700 705 731 747 737 3030 1528 -7488 48 29 76 -74 35 -141
1533766639.7727559 738 702 705 734 748 740 3030 1468 -7552 175 159 41 -73 37 -142
1533766639.835238 733 696 704 731 746 730 2940 1530 -7474 88 3 51 -71 38 -139
1533766639.9133458 738 702 705 733 746 743 3046 1566 -7472 258 151 15 -72 35 -142
1533766639.9830635 737 702 705 732 746 741 3090 1466 -7498 169 110 -92 -73 36 -141
1533766640.0379775 733 701 704 728 745 736 3126 1498 -7472 201 261 52 -73 37 -142
1533766640.1161118 731 700 704 725 746 730 3078 1424 -7480 144 110 64 -74 36 -138
1533766640.2192602 736 700 704 731 749 732 2934 1574 -7462 210 -125 48 -73 33 -141
1533766640.257278 734 699 704 730 749 732 3130 1546 -7562 493 -153 12 -74 36 -140
1533766640.3197637 712 694 700 702 743 695 3012 1540 -7514 389 247 37 -73 38 -144
1533766640.3915708 686 688 696 671 734 662 3054 1552 -7488 488 434 89 -73 34 -141
1533766640.462366 687 691 697 671 733 665 3030 1544 -7272 656 249 -84 -70 35 -142
1533766640.524113 675 689 695 659 723 661 3168 1306 -7642 383 110 -196 -74 37 -142
1533766640.586599 661 687 694 648 712 657 2918 1502 -7348 622 -41 67 -71 37 -142
1533766640.6647055 653 683 693 643 708 654 3132 1452 -7400 -153 -170 164 -70 36 -143
1533766640.742685 648 682 693 639 706 651 2832 1542 -7410 -85 -222 -119 -69 36 -141
1533766640.8051715 650 685 693 640 706 653 2966 1486 -7458 -249 -561 400 -72 34 -141
1533766640.8989418 685 690 698 669 733 663 2920 1674 -7498 35 -402 112 -74 35 -143
1533766640.9537232 686 691 698 669 734 661 2976 1444 -7506 609 -211 209 -70 35 -142
1533766641.0215454 720 697 704 716 747 712 2892 1496 -7696 -61 213 44 -69 37 -142
1533766641.0854106 727 700 704 722 747 719 2966 1354 -7524 -217 101 -18 -71 36 -143
1533766641.1479516 721 697 703 718 742 718 2922 1524 -7704 278 307 -70 -72 36 -142
1533766641.2320635 717 698 702 715 743 718 3002 1374 -7454 -553 -924 534 -72 37 -142
1533766641.3034875 711 698 701 699 741 697 2928 1314 -7084 -129 582 -163 -74 36 -141
1533766641.3602786 692 693 699 681 730 683 2994 1546 -7734 -562 -825 434 -72 35 -145
1533766641.443668 674 689 695 659 725 657 2936 1530 -7536 16 -217 108 -72 37 -139
1533766641.509572 674 689 695 659 726 657 2940 1426 -7568 293 235 -48 -73 36 -142
1533766641.6033015 674 687 695 660 726 656 2898 1472 -7520 225 123 -73 -71 36 -142
1533766641.650166 677 688 695 661 727 657 2822 1554 -7508 118 -93 -46 -74 36 -139
1533766641.7171786 674 686 694 660 726 657 2930 1496 -7548 114 41 1 -72 38 -143
1533766641.774093 675 688 695 660 725 658 2932 1568 -7520 105 396 11 -76 37 -142
1533766641.8522003 674 689 695 658 725 657 3090 1482 -7528 199 -114 -15 -72 38 -142
1533766641.9146845 681 690 696 665 731 659 2814 1524 -7602 352 -104 14 -72 35 -140
1533766641.9920666 679 688 696 665 727 661 2722 1536 -7670 214 205 4 -72 37 -140
1533766642.0597696 718 696 702 713 740 718 3078 1398 -7528 75 301 -56 -71 39 -143
1533766642.1222563 724 697 703 719 744 720 2856 1458 -7656 413 214 -100 -73 34 -140
1533766642.1980615 732 699 705 728 748 730 2814 1560 -7534 287 62 -32 -75 36 -142
1533766642.2894773 737 700 705 732 750 733 3026 1458 -7504 232 300 -88 -73 37 -142
1533766642.3363426 732 699 704 726 748 726 2860 1486 -7604 151 331 -94 -73 36 -142
1533766642.3915594 730 698 703 723 748 721 2870 1514 -7608 477 -80 -158 -71 38 -144
1533766642.4747543 729 699 703 721 749 719 2990 1432 -7464 140 192 24 -72 37 -141
1533766642.5386753 733 701 704 725 750 724 2940 1466 -7598 193 273 -185 -73 38 -142
1533766642.6011605 737 703 705 729 752 728 2850 1450 -7614 404 313 11 -74 37 -142
1533766642.680189 731 700 703 723 749 720 3004 1550 -7456 70 -61 36 -73 36 -142
1533766642.741376 724 698 703 714 747 711 2984 1454 -7578 132 245 -147 -71 37 -141
1533766642.8039122 700 693 699 684 740 676 2776 1468 -7608 394 32 -36 -72 38 -143
1533766642.8819623 702 693 699 687 740 679 2944 1502 -7476 218 -53 90 -74 37 -142
1533766642.9860888 709 694 700 695 743 687 2866 1474 -7604 208 340 -132 -72 38 -142
1533766643.0258646 717 697 701 704 746 699 2990 1384 -7562 142 144 -24 -74 35 -145
1533766643.0847502 723 698 702 713 747 709 2828 1484 -7558 237 -107 68 -72 37 -143
1533766643.162806 726 698 703 719 747 716 2790 1596 -7486 296 52 -14 -71 38 -143
1533766643.2258728 731 699 704 725 749 724 2932 1466 -7544 36 190 -28 -71 36 -142
1533766643.2883964 731 697 703 727 749 726 2856 1378 -7586 161 192 27 -74 37 -143
1533766643.360689 735 698 704 730 749 728 2892 1564 -7528 298 -95 -26 -71 36 -143
1533766643.436165 732 699 704 727 749 727 3018 1576 -7518 29 272 -13 -71 38 -141
1533766643.4909916 739 701 705 734 751 737 2816 1362 -7602 99 226 12 -73 35 -141
1533766643.5690982 738 701 705 733 750 736 2816 1502 -7468 358 34 43 -72 37 -143
1533766643.6472037 742 701 706 738 752 741 2814 1596 -7548 106 -93 -57 -71 39 -144
1533766643.706616 742 701 705 739 750 743 2940 1458 -7582 0 191 -30 -72 36 -142
1533766643.7738674 741 700 705 739 750 744 2798 1394 -7606 176 117 85 -75 38 -142
1533766643.836351 740 700 705 737 748 742 2862 1474 -7550 24 265 188 -71 39 -143
1533766643.8988395 730 698 704 727 745 731 2812 1530 -7558 120 352 -33 -74 36 -142
1533766643.981809 718 696 702 717 734 730 2772 1556 -7554 262 783 -354 -73 37 -141
1533766644.050599 722 697 703 722 736 737 2904 1390 -7510 106 534 27 -73 39 -144
1533766644.1153698 720 698 703 720 734 736 3210 1524 -7526 479 355 -48 -73 36 -143
1533766644.1891801 719 697 703 719 732 738 2786 1578 -7572 357 181 -149 -73 37 -140
1533766644.2464786 720 699 703 720 732 740 2824 1552 -7552 388 159 -136 -72 36 -143
1533766644.3510368 722 699 704 722 733 743 2948 1474 -7502 76 147 -65 -72 37 -143
1533766644.3921738 722 700 704 723 733 744 2954 1438 -7532 160 61 6 -71 37 -142
1533766644.4620793 723 701 704 724 735 745 2774 1464 -7606 247 -97 69 -73 39 -141
1533766644.5236194 724 701 704 725 735 745 3014 1544 -7524 181 164 69 -73 35 -142
1533766644.5929685 725 700 704 726 735 746 2750 1516 -7550 134 445 -186 -75 38 -141
1533766644.6554537 723 700 704 723 732 746 2956 1424 -7566 244 104 21 -70 36 -142
1533766644.7368548 704 698 702 709 716 743 2906 1494 -7568 112 -36 93 -74 37 -143
1533766644.805423 703 698 702 709 717 744 2940 1514 -7570 198 125 -78 -72 38 -142
1533766644.8679297 729 699 704 726 746 731 2854 1494 -7698 621 283 -305 -73 36 -142
1533766644.930394 658 686 694 648 709 663 2888 1334 -7648 599 401 16 -72 37 -142
1533766645.0416064 662 686 694 651 716 657 2920 1444 -7478 836 641 -97 -71 37 -142
1533766645.072852 653 683 693 643 708 653 3076 1338 -7654 1147 1389 -118 -71 36 -143
1533766645.1509569 707 694 701 703 735 710 3114 1114 -7658 1383 1743 -375 -70 37 -140
1533766645.231123 717 697 701 707 744 707 3292 1194 -7518 -908 -1079 -336 -70 34 -143
1533766645.2967877 694 691 700 695 726 704 2928 1450 -7692 322 0 58 -71 36 -141
1533766645.3606658 701 693 701 700 728 707 3110 1318 -7470 166 12 15 -71 36 -143
1533766645.4345846 714 696 703 712 739 713 2918 1510 -7622 -289 146 -182 -70 35 -143
1533766645.5043955 703 694 702 703 729 712 2948 1368 -7612 -5 307 -237 -74 38 -141
1533766645.5710938 711 693 702 710 735 713 2790 1396 -7754 97 1962 -1774 -70 35 -142
1533766645.6491992 713 696 702 720 744 718 3114 1734 -7334 -2177 -1834 898 -72 35 -143
1533766645.7734528 677 692 697 672 715 680 3180 1548 -7388 1071 776 -531 -71 37 -140
1533766645.804696 678 693 698 673 715 690 2944 1454 -7512 179 -110 193 -73 38 -143
1533766645.8515594 658 688 695 652 705 673 2926 1420 -7560 550 453 421 -73 39 -140
1533766645.9140537 683 690 696 670 735 660 3290 1614 -7402 106 92 176 -71 37 -141
1533766645.995049 682 690 696 668 734 657 3120 1402 -7502 202 108 -1 -72 38 -139
1533766646.0590906 680 688 696 668 733 658 3018 1556 -7462 156 -1 150 -73 35 -142
1533766646.121578 686 693 698 683 726 687 2970 1580 -7466 298 573 -156 -72 38 -142
1533766646.201597 720 696 703 720 744 719 3170 1326 -7470 260 237 61 -73 39 -141
1533766646.2578397 725 700 703 722 746 722 3052 1530 -7500 191 210 -46 -74 35 -144
1533766646.3356292 724 699 703 722 748 720 3062 1446 -7484 239 321 107 -73 35 -141
1533766646.4345722 722 698 703 719 746 716 3136 1448 -7426 218 -5 65 -72 36 -143
1533766646.4734664 722 698 703 719 746 717 3076 1488 -7410 200 2 65 -73 36 -142
1533766646.538357 727 700 704 724 747 724 3056 1498 -7470 147 -271 99 -70 38 -141
1533766646.6007872 704 695 700 701 729 711 2990 1526 -7548 214 132 -9 -73 36 -143
1533766646.6788929 708 696 701 708 729 721 3064 1508 -7464 31 -104 99 -73 35 -141
1533766646.7416785 706 697 701 706 729 719 3236 1342 -7540 81 53 21 -73 34 -142
1533766646.804202 721 699 703 716 745 715 2864 1498 -7550 240 -123 161 -70 36 -140
1533766646.8823206 731 700 705 729 749 729 3010 1622 -7506 263 -22 20 -70 37 -142
1533766646.953014 737 701 705 735 750 737 3060 1466 -7444 -66 186 -189 -73 36 -144
1533766647.02335 739 702 705 738 750 741 2984 1392 -7590 289 -265 140 -71 36 -139
1533766647.1049614 739 702 706 738 749 743 3154 1460 -7462 -89 -401 165 -73 36 -142
1533766647.1517973 725 700 704 727 736 742 3010 1530 -7528 254 412 -217 -72 38 -142
1533766647.2296984 721 699 703 723 733 740 3058 1370 -7508 85 51 59 -72 36 -143
1533766647.288886 719 699 703 722 732 741 2934 1558 -7564 374 199 -15 -73 36 -142
1533766647.3610318 721 700 703 723 733 741 3018 1564 -7490 39 41 -124 -73 35 -140
1533766647.4345193 721 700 704 723 734 740 2970 1404 -7542 170 265 27 -74 37 -142
1533766647.503336 720 700 703 720 731 740 2936 1646 -7468 313 62 -48 -72 35 -143
1533766647.555504 722 701 704 723 735 740 2964 1590 -7512 -35 22 -2 -71 37 -142
1533766647.6336057 721 701 703 722 735 738 3128 1432 -7446 132 215 7 -72 36 -142
1533766647.7054176 719 701 703 720 734 737 2850 1524 -7492 363 40 -39 -73 36 -143
1533766647.7907052 719 701 703 718 734 735 3012 1472 -7550 176 -97 6 -74 39 -141
1533766647.8375652 713 699 702 713 732 728 2934 1540 -7474 186 181 30 -73 35 -143
1533766647.900099 714 700 702 714 732 730 3014 1616 -7440 39 333 -81 -72 39 -141
1533766647.976859 717 700 703 717 732 734 3010 1372 -7566 246 205 -19 -72 36 -144
1533766648.0415187 720 701 703 720 733 738 2832 1564 -7544 219 -62 23 -71 38 -142
1533766648.1040056 719 701 703 721 733 740 3050 1606 -7456 152 135 8 -72 36 -144
1533766648.182111 718 700 703 720 732 739 2962 1374 -7566 177 138 -109 -73 36 -141
1533766648.2509453 741 703 706 739 751 742 2972 1500 -7542 34 112 136 -73 37 -143
1533766648.3069062 740 703 705 737 750 741 3114 1406 -7472 299 -269 -25 -73 35 -144
1533766648.376619 739 703 706 736 750 740 2720 1606 -7548 357 390 11 -73 36 -144
1533766648.488684 718 700 703 716 730 736 3050 1498 -7452 273 363 -75 -70 36 -143
1533766648.5234373 718 700 703 717 732 735 2944 1482 -7548 122 28 -120 -71 36 -141
1533766648.5859542 709 699 702 708 728 727 2860 1478 -7596 293 161 52 -74 38 -142
1533766648.648413 705 697 701 702 728 717 2972 1484 -7604 125 91 33 -73 36 -141
1533766648.729801 702 696 700 699 727 713 2906 1528 -7500 268 88 30 -72 37 -140
1533766648.789703 703 696 700 700 727 714 3020 1480 -7540 206 157 -23 -71 37 -142
1533766648.8678591 697 695 700 695 723 713 2972 1522 -7466 375 422 -50 -72 37 -141
1533766648.9382336 683 694 698 680 712 708 2978 1520 -7464 158 303 -180 -71 37 -143
1533766648.9924853 666 688 695 659 714 675 3024 1362 -7638 591 54 284 -75 37 -142
1533766649.0689945 693 694 698 685 725 697 2874 1470 -7252 974 748 126 -73 36 -144
1533766649.1627219 667 689 695 659 713 671 2802 1488 -7454 1113 1213 -342 -73 35 -143
1533766649.2167163 656 686 694 651 705 670 3016 1220 -7444 -115 495 76 -71 36 -142
1533766649.274 684 692 698 685 717 703 3056 1194 -7388 203 375 257 -72 34 -143
1533766649.352299 692 688 699 694 728 700 3100 1386 -7518 242 333 306 -71 35 -140
1533766649.4246747 701 690 701 704 734 706 3036 1494 -7442 152 -818 135 -71 34 -142
1533766649.4925563 704 695 702 703 733 710 2976 1522 -7436 453 -130 117 -72 35 -143
1533766649.555081 715 692 703 714 744 710 3154 1350 -7546 -195 38 422 -71 34 -141
1533766649.6175275 716 694 702 714 745 708 3112 1356 -7534 129 260 25 -70 34 -143
1533766649.700289 718 696 703 715 747 709 3076 1400 -7502 151 -16 -3 -71 34 -142
1533766649.7566988 716 695 703 714 745 708 3012 1560 -7490 141 37 14 -71 35 -141
1533766649.8504272 717 693 702 714 744 708 3222 1336 -7486 171 -254 57 -72 34 -142
1533766649.8972979 723 700 703 716 747 711 3166 1398 -7348 248 -436 -391 -70 35 -141
1533766649.9795656 719 701 703 712 748 706 2668 2296 -7474 693 -74 -1238 -72 35 -142
1533766650.0414574 714 697 702 708 744 702 2906 1314 -7660 220 -368 54 -76 38 -139
1533766650.1039982 703 698 701 699 742 694 2948 1332 -7556 352 -108 297 -73 37 -143
1533766650.1853297 705 696 700 695 743 686 2872 1484 -7586 84 246 33 -69 38 -142
1533766650.241263 689 694 697 673 739 661 3186 1324 -7472 212 21 162 -70 37 -143
1533766650.31937 687 693 697 671 739 659 2860 1562 -7498 198 -32 -59 -71 35 -142
1533766650.3918958 688 694 697 671 738 659 3074 1218 -7654 -454 -326 250 -72 36 -143
1533766650.4641604 729 702 703 723 750 719 2828 1556 -7478 -254 -63 194 -74 38 -142
1533766650.5536382 730 702 703 724 749 722 2868 1446 -7592 -906 -533 502 -71 36 -142
1533766650.6005006 734 701 705 731 750 731 3272 1410 -7628 -1381 -2476 766 -72 38 -143
1533766650.6819377 715 701 704 726 747 727 1456 2138 -7576 -2772 -2382 383 -72 39 -142
1533766650.7567377 713 698 702 714 731 729 2426 1714 -7906 -1584 -3699 1339 -76 41 -139
1533766650.824485 709 697 702 711 729 727 2100 2178 -7600 -343 -836 764 -77 43 -141
1533766650.9027066 691 692 699 689 723 701 1710 2024 -7610 -1914 -6249 1524 -79 44 -140
1533766650.9755118 694 694 698 690 727 698 1526 2056 -7734 -667 -2291 1611 -76 47 -140
1533766651.0483172 709 697 701 706 732 717 1424 2124 -7612 -1458 -2556 454 -77 47 -140
1533766651.1079268 710 698 701 709 732 722 1106 2302 -7888 -343 -1406 -613 -79 49 -141
1533766651.1942105 706 698 701 703 731 714 984 2408 -7930 -835 -1686 -875 -79 51 -141
1533766651.2825701 703 697 700 702 730 714 586 2544 -7870 371 -1280 -1635 -77 51 -140
1533766651.3306875 729 701 703 723 748 723 -32 2704 -7846 1241 908 -1412 -82 55 -142
1533766651.3928883 713 700 702 709 733 721 180 2394 -8102 165 353 163 -79 56 -142
1533766651.4782047 710 700 701 708 732 721 156 2164 -7814 -1581 -390 1704 -78 58 -140
1533766651.5460234 721 701 703 718 737 730 704 2218 -7776 178 441 334 -78 56 -140
1533766651.6179435 718 701 703 717 736 729 1652 2244 -7826 717 -793 -797 -79 55 -140
1533766651.6901298 717 700 703 716 735 729 -380 2478 -7890 306 -969 -1599 -80 55 -142
1533766651.7565522 716 700 702 715 733 729 1344 2770 -8044 895 3222 -457 -81 58 -139
1533766651.8346572 714 699 702 713 733 726 1078 2430 -7450 2274 1421 -1162 -81 57 -138
1533766651.9050784 716 700 703 715 734 728 162 2316 -7966 206 -873 -472 -77 59 -141
1533766652.0219777 714 700 702 710 736 720 1314 2336 -7782 137 -115 1209 -79 57 -143
1533766652.0568845 715 700 702 711 736 720 1276 2268 -7894 -131 896 696 -77 55 -144
1533766652.1147335 713 700 702 709 735 719 864 2476 -7924 685 1442 599 -77 55 -143
1533766652.1855397 713 699 702 710 735 719 1464 1822 -7848 908 491 1009 -77 54 -144
1533766652.2575095 714 699 702 711 735 720 1208 1394 -8156 -1248 697 2703 -77 51 -145
1533766652.3291564 713 699 701 710 734 720 1436 2714 -7502 -124 -608 946 -76 51 -144
1533766652.399966 697 697 699 689 730 698 2136 2180 -7572 1990 -556 775 -78 50 -144
1533766652.467786 710 698 701 703 742 701 1712 1678 -7868 12 454 -88 -76 50 -145
1533766652.5405924 725 702 702 714 749 711 1166 2016 -7772 2577 -678 -312 -74 49 -147
1533766652.6104043 724 701 702 713 749 707 804 1798 -8048 130 -568 -130 -76 49 -147
1533766652.6971724 721 702 702 709 748 704 1486 2040 -7714 1211 -660 292 -74 48 -148
1533766652.7530234 730 705 703 720 750 718 782 1666 -7994 1724 -1333 -52 -74 51 -148
1533766652.8210673 709 703 701 703 733 716 606 1828 -8042 781 -469 10 -75 50 -148
1533766652.8897667 688 699 699 686 715 714 858 1812 -8050 -21 -916 792 -72 52 -147
1533766652.9598432 685 697 698 684 714 711 830 1798 -7930 329 329 -923 -74 53 -151
1533766653.0306485 686 696 699 687 714 715 1010 1690 -8042 -37 1115 -219 -73 52 -149
1533766653.0897286 731 703 703 724 751 723 640 1688 -7924 112 625 -321 -74 52 -148
1533766653.167867 731 702 703 723 750 721 890 1660 -8104 654 709 294 -74 50 -152
1533766653.2261634 734 703 703 726 751 725 956 1712 -8020 311 151 94 -72 52 -150
1533766653.3016667 734 702 703 726 751 724 848 1830 -8082 45 491 201 -71 54 -148
1533766653.409407 730 702 703 722 750 720 900 1720 -7932 40 342 -120 -73 52 -150
1533766653.4593778 731 702 703 723 750 722 1028 1978 -7848 497 996 -336 -72 51 -148
1533766653.503098 732 703 703 724 750 724 870 1790 -8076 698 560 -503 -73 50 -150
1533766653.575876 731 702 703 724 749 723 1010 1410 -7974 728 217 -61 -72 50 -147
1533766653.6383617 732 702 703 724 749 724 1244 1742 -7936 837 75 -198 -70 51 -150
1533766653.7161443 731 701 703 723 749 722 1294 1634 -8102 756 50 148 -72 51 -151
1533766653.7747188 732 702 703 724 749 722 1256 1676 -7946 -225 320 -66 -69 52 -150
1533766653.852987 729 701 702 720 749 718 1164 1546 -7954 -182 146 63 -70 48 -150
1533766653.9245512 731 701 703 724 749 722 1130 1600 -7962 -59 -169 175 -71 50 -150
1533766653.9922352 735 702 703 727 751 726 1142 1706 -8030 260 -184 117 -70 51 -148
1533766654.0849288 735 702 704 727 751 725 1328 1738 -7976 523 -209 111 -73 49 -150
1533766654.1370947 736 702 703 727 751 725 920 1570 -7982 461 -112 -239 -74 49 -150
1533766654.202838 733 702 703 725 751 726 738 1726 -8048 14 239 210 -74 52 -149
1533766654.2561367 739 703 704 731 752 731 1060 1532 -8096 748 27 545 -72 50 -150
1533766654.3351908 739 703 704 732 752 731 1348 1554 -7968 220 521 99 -73 49 -150
1533766654.408587 739 702 704 732 752 731 1144 1634 -8140 722 47 -466 -71 49 -153
