1535510557.3121119 713 632 649 711 701 704 -7454 -564 -3752 213 67 -43 -18 260 -296
1535510557.3807194 709 629 646 708 698 701 -7420 -656 -3722 234 102 -44 -4 66 -74
1535510557.4467394 707 628 644 707 697 699 -7416 -624 -3764 265 42 26 -5 65 -71
1535510557.5133612 707 628 644 706 696 699 -7468 -634 -3722 306 205 -4 -3 65 -73
1535510557.5818958 707 627 644 706 696 698 -7416 -578 -3752 303 113 -38 -5 64 -73
1535510557.6488216 707 627 643 706 696 698 -7416 -648 -3740 130 173 36 -5 64 -73
1535510557.716341 707 627 643 706 695 697 -7412 -652 -3646 226 33 -109 -6 63 -75
1535510557.7846906 707 626 642 706 694 697 -7436 -600 -3762 370 38 -242 -5 66 -73
1535510557.8534937 706 626 641 706 695 696 -7400 -672 -3766 206 150 -123 -4 66 -72
1535510558.056801 706 626 641 706 694 696 -7444 -674 -3728 224 249 -20 -3 63 -73
1535510558.0921032 706 626 641 706 694 696 -7430 -718 -3740 188 163 21 -4 64 -72
1535510558.190474 706 626 641 705 694 695 -7470 -866 -3650 50 171 183 -5 62 -73
1535510558.3013637 706 625 641 705 693 694 -7468 -574 -3752 96 201 282 -5 64 -73
1535510558.366806 706 625 640 705 693 695 -7268 -646 -3844 126 169 170 -3 64 -73
1535510558.401695 706 625 640 705 693 694 -7290 -542 -3824 52 143 296 -5 64 -74
1535510558.4387662 705 625 640 705 692 694 -7316 -506 -3904 283 81 -66 -4 66 -74
1535510558.47589 706 624 640 705 692 694 -7422 -586 -3744 177 172 -184 -5 61 -74
1535510558.5221004 706 624 639 705 692 693 -7444 -716 -3752 190 189 41 -6 65 -73
1535510558.5739663 706 624 639 705 692 694 -7420 -588 -3734 192 165 123 -4 65 -73
1535510558.625379 705 623 639 705 692 694 -7428 -722 -3786 298 68 -55 -5 61 -73
1535510558.8364224 706 623 639 705 691 693 -7400 -682 -3694 301 148 154 -4 62 -73
1535510558.8791625 705 623 639 705 691 693 -7344 -420 -3788 425 130 111 -6 64 -74
1535510558.9283025 705 623 639 705 690 693 -7378 -640 -3784 347 67 -119 -5 62 -75
1535510558.9762926 705 623 638 705 690 692 -7458 -782 -3694 201 36 -61 -3 64 -72
1535510559.0236285 705 623 639 705 690 692 -7426 -590 -3790 273 110 1 -6 66 -72
1535510559.0732853 705 623 638 705 690 692 -7406 -558 -3788 204 56 -27 -5 67 -73
1535510559.1242275 705 622 638 704 690 692 -7442 -662 -3708 271 104 -28 -4 64 -72
1535510559.1735692 705 622 638 704 690 691 -7386 -652 -3780 300 113 1 -3 63 -73
1535510559.2222042 704 622 638 704 690 692 -7400 -600 -3696 252 64 -10 -4 67 -72
1535510559.2724285 704 622 638 704 690 692 -7404 -708 -3680 266 102 -52 -6 63 -73
1535510559.4934916 704 622 638 704 690 691 -7394 -624 -3678 186 171 44 -7 63 -75
1535510559.5379262 704 622 638 704 690 692 -7426 -610 -3774 287 56 -50 -5 64 -76
1535510559.5854943 705 622 638 704 689 691 -7408 -672 -3720 313 152 -7 -4 64 -72
1535510559.6328237 704 622 638 704 690 691 -7434 -536 -3764 187 74 -7 -4 65 -75
1535510559.6804154 704 622 637 704 689 691 -7388 -698 -3738 207 132 33 -2 65 -71
1535510559.731712 704 621 638 704 690 691 -7450 -668 -3822 242 120 -37 -5 65 -74
1535510559.7796278 704 621 637 704 689 690 -7402 -618 -3772 248 95 -22 -5 65 -72
1535510559.825291 704 621 637 704 689 691 -7446 -626 -3758 278 47 -32 -6 62 -73
1535510559.8720458 704 621 637 704 689 691 -7430 -630 -3738 226 110 4 -5 63 -74
1535510559.940139 704 621 637 704 689 690 -7436 -658 -3720 232 65 -36 -6 64 -71
1535510560.1529088 704 621 637 704 689 690 -7422 -616 -3742 256 148 43 -4 65 -74
1535510560.1863716 704 621 637 704 689 690 -7390 -624 -3746 260 81 29 -3 65 -74
1535510560.2294302 703 621 637 704 689 690 -7434 -654 -3708 316 105 -1 -4 64 -73
1535510560.2743614 704 620 637 704 689 690 -7424 -662 -3718 237 104 -8 -5 64 -73
1535510560.3264365 704 620 637 704 689 690 -7424 -680 -3706 281 109 -44 -4 65 -74
1535510560.3774898 703 620 637 704 689 691 -7392 -632 -3730 210 115 -78 -6 63 -72
1535510560.4264758 704 620 637 704 689 690 -7462 -624 -3738 236 77 -2 -4 64 -73
1535510560.4772153 703 620 637 704 689 690 -7444 -692 -3684 211 115 18 -3 65 -73
1535510560.5444272 703 620 637 704 689 690 -7430 -656 -3706 235 153 -16 -5 64 -72
1535510560.611903 703 620 637 704 689 690 -7394 -610 -3722 293 11 -48 -3 65 -74
1535510560.7515655 703 620 637 704 689 690 -7398 -714 -3784 229 244 75 -5 64 -73
1535510560.7868814 703 620 637 704 689 689 -7416 -708 -3698 295 73 -78 -4 66 -74
1535510560.8349004 703 620 637 704 689 689 -7436 -672 -3720 291 100 -4 -6 64 -75
1535510560.8826976 703 620 637 704 689 689 -7398 -650 -3808 289 120 -37 -5 64 -74
1535510560.950062 703 620 637 704 689 690 -7452 -682 -3698 314 140 -131 -5 63 -74
1535510561.015526 703 620 637 704 689 689 -7400 -656 -3690 278 61 -4 -5 66 -73
1535510561.081436 703 619 636 704 689 689 -7450 -686 -3788 286 70 6 -2 64 -74
1535510561.149083 703 620 636 704 689 690 -7412 -694 -3750 182 178 -29 -2 65 -71
1535510561.213883 703 619 637 704 688 689 -7406 -754 -3716 259 136 2 -5 65 -74
1535510561.28215 702 619 636 704 689 689 -7408 -726 -3736 298 86 -10 -6 65 -74
1535510561.4352968 702 619 637 704 688 689 -7422 -768 -3764 163 198 106 -4 67 -74
1535510561.4738824 702 619 636 704 689 688 -7414 -744 -3644 201 120 -33 -4 65 -74
1535510561.5228422 703 619 636 704 689 689 -7420 -642 -3694 277 95 -20 -5 64 -74
1535510561.571493 702 619 637 703 688 689 -7416 -678 -3710 192 102 63 -4 64 -73
1535510561.6204476 702 619 637 704 689 688 -7428 -758 -3694 224 158 -30 -3 66 -75
1535510561.6874177 702 619 636 704 688 689 -7464 -686 -3728 228 176 31 -4 65 -73
1535510561.753527 702 619 637 704 689 688 -7418 -684 -3764 245 133 3 -5 65 -70
1535510561.8205469 702 619 636 704 688 688 -7438 -732 -3698 215 88 -19 -5 64 -76
1535510561.8882093 702 619 637 704 688 688 -7412 -768 -3692 202 146 -26 -6 63 -73
1535510561.956511 702 619 636 703 688 688 -7480 -652 -3654 310 249 -71 -4 65 -73
1535510562.1142645 702 618 636 704 689 688 -7322 -746 -3770 189 4 39 -3 65 -73
1535510562.1485958 702 618 636 704 688 688 -7374 -660 -3714 385 166 -38 -4 64 -74
1535510562.1901274 701 618 636 704 688 689 -7466 -830 -3650 300 118 -61 -5 64 -74
1535510562.2379456 702 618 636 704 688 688 -7412 -708 -3782 231 76 -50 -3 65 -77
1535510562.2920523 701 618 636 704 688 688 -7424 -648 -3750 283 155 32 -2 63 -75
1535510562.3596585 702 618 637 704 688 688 -7474 -756 -3686 245 150 -95 -4 65 -75
1535510562.426131 701 618 636 704 688 687 -7406 -654 -3718 185 81 14 -3 63 -74
1535510562.4929388 701 618 636 704 688 688 -7422 -692 -3656 209 125 67 -2 64 -73
1535510562.5591185 701 618 637 704 688 688 -7442 -722 -3666 249 70 14 -7 67 -73
1535510562.6255853 701 618 636 704 688 688 -7388 -734 -3732 218 126 47 -5 63 -73
1535510562.7947836 701 618 636 704 688 688 -7414 -754 -3736 236 111 63 -5 65 -74
1535510562.828338 701 618 636 703 688 687 -7402 -692 -3662 152 186 72 -4 63 -72
1535510562.8734882 701 618 636 703 688 688 -7400 -718 -3684 206 97 100 -5 65 -74
1535510562.921278 701 618 636 703 688 687 -7444 -744 -3734 276 201 8 -4 67 -71
1535510562.9738302 701 618 636 703 688 687 -7430 -740 -3774 166 115 62 -4 67 -74
1535510563.0268114 701 618 636 704 688 687 -7444 -688 -3750 175 175 23 -3 65 -73
1535510563.0917583 701 617 636 703 688 687 -7412 -706 -3716 296 48 4 -3 66 -75
1535510563.1586697 701 618 636 703 688 687 -7402 -732 -3694 294 131 26 -3 65 -74
1535510563.2113085 701 617 636 703 688 687 -7444 -744 -3668 234 87 14 -6 64 -73
1535510563.2786222 700 617 636 703 688 687 -7410 -740 -3728 236 78 4 -4 64 -73
1535510563.5107162 700 617 636 704 688 687 -7460 -770 -3730 336 61 -79 -5 65 -75
1535510563.5444467 700 617 636 703 688 687 -7406 -714 -3714 285 132 -25 -4 65 -74
1535510563.5780935 701 617 636 703 688 687 -7430 -756 -3728 280 5 62 -4 63 -75
1535510563.6372786 701 617 636 703 688 687 -7544 -662 -3774 539 -736 56 -4 64 -73
1535510563.679337 700 617 636 703 688 687 -7442 -750 -3226 260 31 391 -4 65 -74
1535510563.7277656 700 617 636 703 688 687 -7426 -820 -3824 111 -176 667 -3 65 -72
1535510563.7945008 700 617 636 703 688 687 -7382 -620 -3472 -516 1226 -232 -3 64 -73
1535510563.8460195 700 617 636 703 688 687 -7400 -844 -3754 106 -252 -370 -3 63 -72
1535510563.9051328 700 617 636 703 688 686 -7464 -832 -3498 836 372 -439 -4 64 -71
1535510563.9609563 700 616 636 703 688 686 -7464 -754 -3542 397 -146 235 -3 63 -73
1535510564.2123199 700 616 636 703 688 686 -7502 -798 -3816 464 439 -176 -3 65 -73
1535510564.2627954 700 616 636 703 688 686 -7436 -714 -3522 303 -2 22 -4 64 -73
1535510564.3133242 700 616 636 703 688 686 -7522 -882 -3706 310 -11 55 -3 65 -76
1535510564.3613043 700 616 636 703 688 687 -7516 -784 -3578 325 234 -94 -4 65 -75
1535510564.4117923 699 616 636 703 688 686 -7464 -712 -3666 209 -65 94 -3 66 -74
1535510564.4610314 699 616 636 703 688 686 -7460 -802 -3604 221 304 -9 -4 64 -73
1535510564.5116324 699 616 636 703 688 686 -7408 -722 -3544 62 150 82 -5 65 -71
1535510564.5621243 699 616 636 703 688 686 -7476 -842 -3690 210 43 -29 -3 64 -72
1535510564.612294 699 616 636 703 688 686 -7466 -856 -3600 257 121 -48 -2 65 -73
1535510564.6620033 699 616 636 703 688 686 -7458 -714 -3614 183 73 58 -3 65 -73
1535510564.8455899 699 616 636 703 688 686 -7466 -796 -3572 193 86 5 -2 65 -75
1535510564.8796508 699 616 636 703 688 686 -7488 -826 -3608 190 191 102 -4 67 -75
1535510564.9109418 700 616 636 703 688 686 -7440 -812 -3658 233 67 0 -3 66 -73
1535510564.9444485 699 616 635 703 688 686 -7508 -820 -3642 269 139 28 -1 65 -73
1535510565.0110683 699 616 636 703 688 686 -7490 -720 -3602 266 109 -51 -3 64 -72
1535510565.0619535 699 615 636 703 688 685 -7470 -836 -3584 193 181 1 -3 65 -73
1535510565.1131687 698 616 636 703 688 686 -7468 -774 -3552 149 92 44 -3 64 -74
1535510565.1779213 699 615 635 703 688 686 -7498 -824 -3648 246 144 12 -4 67 -72
1535510565.2450752 699 615 636 703 688 685 -7442 -844 -3668 351 6 -104 -1 64 -73
1535510565.3113205 698 615 636 703 688 685 -7526 -776 -3648 245 180 -74 -4 65 -72
1535510565.4973955 698 615 635 703 687 685 -7482 -816 -3608 198 45 97 -2 67 -73
1535510565.5277197 699 615 635 703 688 685 -7476 -870 -3598 288 169 -38 -4 65 -72
1535510565.5609436 698 615 635 703 688 685 -7474 -774 -3598 344 -49 -90 -3 65 -73
1535510565.622478 698 615 636 703 688 685 -7450 -858 -3646 206 242 15 -4 69 -73
1535510565.6615796 698 615 635 703 687 685 -7450 -758 -3612 204 92 34 -4 64 -73
1535510565.7201016 698 615 635 703 688 685 -7508 -828 -3584 220 185 58 -2 66 -76
1535510565.7801602 698 615 635 703 687 685 -7420 -758 -3612 183 82 59 -3 65 -74
1535510565.8463442 698 615 635 703 688 685 -7452 -822 -3684 213 83 37 -3 67 -72
1535510565.915088 698 615 635 703 687 685 -7466 -794 -3566 193 199 -55 -3 64 -75
1535510565.9803455 698 615 635 703 688 685 -7432 -798 -3562 311 -25 22 -5 64 -74
1535510566.1611063 698 615 635 703 688 685 -7510 -818 -3664 301 104 -75 -4 65 -76
1535510566.1941986 698 614 635 703 688 685 -7486 -804 -3588 212 213 -5 -2 65 -72
1535510566.2464464 698 615 635 703 688 685 -7456 -836 -3576 249 78 -10 -3 66 -75
1535510566.2989128 698 615 635 703 687 685 -7410 -846 -3572 199 234 28 -3 65 -73
1535510566.3461828 698 615 635 703 688 685 -7484 -788 -3622 256 67 -10 -2 65 -75
1535510566.3941665 698 615 635 703 687 685 -7460 -840 -3600 126 246 74 -1 66 -72
1535510566.4458058 698 614 636 703 688 685 -7452 -806 -3652 209 45 26 -4 64 -72
1535510566.516899 698 614 635 703 687 685 -7490 -822 -3678 241 202 -22 -2 65 -72
1535510566.5803654 698 614 635 703 687 684 -7458 -744 -3534 283 80 -10 -3 65 -73
1535510566.6505628 697 614 635 703 688 684 -7418 -876 -3562 274 59 -6 -2 67 -73
1535510566.8956273 697 614 635 703 688 685 -7502 -808 -3592 280 87 -53 -2 65 -74
1535510566.9271324 697 614 635 703 688 685 -7470 -842 -3594 242 199 -15 -6 63 -73
1535510566.962549 698 614 635 703 688 684 -7468 -764 -3574 213 107 12 -2 64 -73
1535510567.0140412 698 614 635 703 687 684 -7478 -820 -3548 178 131 104 -3 65 -74
1535510567.0629592 697 614 635 703 688 684 -7494 -796 -3640 205 53 0 -5 63 -74
1535510567.114036 697 615 635 703 688 684 -7446 -842 -3588 228 125 7 -4 65 -72
1535510567.160875 697 614 635 703 687 684 -7430 -818 -3578 217 91 108 -4 66 -73
1535510567.211841 697 614 635 703 687 684 -7442 -896 -3566 118 164 64 -5 65 -75
1535510567.2618613 697 614 635 703 688 684 -7468 -826 -3576 265 39 12 -3 64 -73
1535510567.3277044 697 614 635 703 688 684 -7436 -852 -3660 189 184 15 -2 66 -75
1535510567.5273347 697 614 635 703 688 684 -7460 -826 -3576 226 92 -14 -2 67 -72
1535510567.5617032 697 614 635 703 687 684 -7424 -812 -3632 325 120 -46 -3 67 -73
1535510567.5943568 697 614 635 703 688 684 -7470 -800 -3624 251 154 -13 -3 65 -74
1535510567.6484206 697 614 635 703 688 684 -7426 -850 -3608 232 161 33 -2 64 -72
1535510567.6941295 697 614 635 703 687 684 -7472 -808 -3588 205 89 0 -4 65 -73
1535510567.740416 697 614 635 703 687 684 -7486 -888 -3562 211 108 -40 -1 65 -74
1535510567.779081 697 614 635 703 688 684 -7474 -784 -3618 222 115 44 -2 64 -72
1535510567.8453488 697 614 635 703 687 684 -7442 -818 -3558 199 107 63 -4 64 -73
1535510567.920967 697 614 635 703 688 684 -7464 -858 -3578 183 91 36 -3 64 -72
1535510567.977945 698 614 635 703 688 684 -7456 -846 -3640 209 165 17 -3 64 -70
1535510568.2277942 697 614 635 703 687 684 -7400 -744 -3666 323 74 -56 -2 65 -73
1535510568.2630353 697 614 635 703 688 684 -7424 -864 -3592 195 166 54 -4 67 -74
1535510568.3194485 697 614 635 703 688 684 -7464 -798 -3646 292 80 -13 -3 65 -76
1535510568.3624163 697 614 635 703 687 684 -7448 -884 -3600 230 163 -35 -3 63 -71
1535510568.426752 697 614 635 703 688 684 -7498 -874 -3608 306 78 -13 -2 66 -74
1535510568.4804747 697 614 635 703 688 684 -7486 -836 -3598 297 100 -58 -3 64 -74
1535510568.528766 697 614 635 703 688 684 -7402 -772 -3540 234 103 49 -3 65 -74
1535510568.5793567 697 614 635 703 687 684 -7518 -824 -3628 280 121 -53 -2 66 -74
1535510568.6328263 697 614 635 703 687 684 -7464 -820 -3604 251 100 -94 -5 66 -73
1535510568.679296 697 614 635 703 688 683 -7448 -848 -3572 224 47 11 -5 66 -72
1535510568.921497 697 614 635 703 687 684 -7510 -874 -3600 293 75 -41 -2 64 -75
1535510568.961077 697 614 635 703 687 684 -7484 -894 -3570 197 136 -102 -2 65 -72
1535510568.994447 698 614 635 703 688 683 -7462 -792 -3642 285 130 71 -4 66 -73
1535510569.0276964 698 614 635 703 687 684 -7446 -852 -3558 200 157 -11 -3 65 -72
1535510569.078635 697 614 635 703 687 684 -7468 -842 -3572 205 69 -6 -4 65 -76
1535510569.1391275 698 614 635 703 687 684 -7490 -890 -3602 265 82 -90 -4 66 -76
1535510569.1794977 698 614 635 703 687 684 -7436 -820 -3570 241 179 51 -5 66 -74
1535510569.2291136 698 614 635 703 687 684 -7472 -880 -3624 258 62 -27 -4 65 -74
1535510569.2789304 698 614 635 703 687 683 -7460 -856 -3600 214 136 36 -3 65 -70
1535510569.3273077 698 614 635 703 687 684 -7446 -866 -3566 292 76 -56 -3 63 -76
1535510569.5790021 698 614 635 703 687 683 -7462 -884 -3520 230 95 23 -2 63 -73
1535510569.6263354 697 614 635 703 687 684 -7520 -838 -3588 286 151 -72 0 66 -74
1535510569.6618683 697 614 635 703 687 684 -7450 -840 -3644 294 118 -4 -2 66 -73
1535510569.7031672 697 614 635 703 687 684 -7458 -944 -3534 258 182 -3 -3 66 -74
1535510569.7461278 697 614 635 703 687 683 -7492 -860 -3590 189 63 66 -4 64 -72
1535510569.7959692 697 614 635 703 687 683 -7440 -892 -3652 238 110 -46 -2 64 -74
1535510569.8468301 697 614 635 703 687 683 -7456 -830 -3576 261 191 79 -3 66 -72
1535510569.8949852 697 614 635 703 687 684 -7448 -824 -3598 230 143 -16 -2 68 -73
1535510569.9457443 697 614 635 703 687 683 -7444 -822 -3550 181 139 22 -3 64 -72
1535510569.994349 698 614 635 703 688 683 -7476 -870 -3554 178 70 28 -1 66 -73
1535510570.245941 697 614 635 702 687 684 -7466 -844 -3586 316 162 4 -5 66 -74
1535510570.2993634 697 614 635 702 687 683 -7464 -842 -3536 217 100 -1 -3 64 -72
1535510570.3468528 697 614 635 703 687 683 -7484 -850 -3606 149 122 85 -2 65 -73
1535510570.3948045 697 614 635 703 687 683 -7452 -880 -3558 216 141 55 -2 68 -74
1535510570.4467983 697 614 635 703 687 684 -7484 -888 -3616 326 37 -105 -1 65 -72
1535510570.4949868 697 614 635 703 687 683 -7444 -838 -3556 223 159 -67 -4 66 -76
1535510570.5459085 698 614 635 703 687 683 -7456 -818 -3680 211 77 51 -1 66 -72
1535510570.5943909 697 614 635 703 687 683 -7468 -902 -3574 213 151 -11 -3 66 -73
1535510570.6442318 698 614 635 703 687 683 -7508 -822 -3566 224 91 28 -4 63 -73
1535510570.6946614 697 614 635 702 687 683 -7444 -866 -3614 196 103 44 -4 67 -72
1535510570.9465454 697 614 635 702 687 683 -7542 -880 -3552 301 73 -85 -3 64 -73
1535510570.9793231 697 614 635 703 687 683 -7492 -806 -3636 286 225 -24 -2 67 -73
1535510571.0128453 698 614 635 703 687 683 -7454 -816 -3606 255 67 -24 -3 65 -73
1535510571.0629385 697 614 635 703 687 683 -7432 -920 -3572 181 212 17 -2 65 -74
1535510571.124127 698 614 635 703 687 683 -7466 -812 -3550 171 125 46 -3 66 -73
1535510571.1630666 698 614 635 702 687 683 -7442 -850 -3554 232 55 -77 -4 64 -72
1535510571.21377 698 614 635 703 687 683 -7492 -844 -3560 239 86 62 -3 64 -76
1535510571.261569 697 614 635 702 687 683 -7482 -834 -3602 304 140 -5 -2 65 -71
1535510571.3100114 697 614 635 702 687 683 -7454 -886 -3546 289 27 -13 -3 64 -73
1535510571.344727 697 614 635 703 687 683 -7514 -832 -3600 236 86 -37 -3 65 -73
1535510571.5609193 697 614 635 703 687 683 -7438 -832 -3574 218 123 17 -3 64 -74
1535510571.5949867 697 614 635 703 687 683 -7500 -926 -3502 279 171 61 -5 64 -71
1535510571.644802 697 614 635 702 687 683 -7482 -850 -3562 180 68 37 -2 67 -73
1535510571.6944134 697 614 635 702 687 683 -7494 -876 -3580 181 172 43 -2 65 -75
1535510571.7456949 697 614 635 702 687 683 -7464 -842 -3626 281 47 -94 -3 67 -74
1535510571.7942982 697 614 635 702 687 683 -7492 -842 -3592 398 96 -77 -1 66 -73
1535510571.8443692 697 614 635 703 687 683 -7426 -882 -3492 286 57 19 -5 64 -72
1535510571.8949893 697 614 635 703 687 683 -7468 -892 -3624 300 131 1 -5 65 -72
1535510571.9451864 697 614 635 703 687 683 -7444 -880 -3414 213 77 -34 -2 66 -73
1535510572.01244 697 614 635 703 687 683 -7522 -920 -3566 251 36 25 -3 65 -72
1535510572.2620416 697 614 635 703 687 683 -7478 -870 -3548 260 208 -80 -3 66 -73
1535510572.3027625 697 614 635 703 687 682 -7454 -890 -3564 314 65 79 -4 64 -74
1535510572.3281634 697 614 635 702 687 683 -7436 -948 -3530 187 278 48 -3 63 -72
1535510572.3789968 697 614 635 703 687 683 -7502 -854 -3598 195 5 26 -2 66 -74
1535510572.4275994 697 614 635 703 687 683 -7496 -878 -3580 192 173 9 -3 65 -73
1535510572.4794827 697 614 635 702 687 683 -7442 -922 -3536 244 131 2 -2 65 -72
1535510572.5277262 697 614 635 703 687 683 -7462 -888 -3550 229 175 -10 -2 66 -75
1535510572.5802565 697 614 635 703 687 683 -7466 -892 -3538 296 6 17 -4 65 -75
1535510572.632801 698 614 635 703 687 683 -7534 -940 -3566 298 101 -70 -1 65 -73
1535510572.6797469 697 614 635 702 687 683 -7474 -822 -3458 219 179 -22 -4 64 -76
1535510572.879494 697 614 635 703 687 683 -7482 -934 -3528 204 115 104 -3 65 -75
1535510572.9265544 697 614 635 702 687 683 -7466 -950 -3586 236 84 21 -2 66 -74
1535510572.960729 697 614 635 703 687 683 -7502 -900 -3502 265 221 72 -2 67 -73
1535510573.0101802 697 614 635 703 687 683 -7464 -940 -3478 132 116 -50 -3 64 -74
1535510573.061006 697 614 635 702 687 683 -7458 -810 -3574 172 110 109 -3 65 -71
1535510573.110603 697 614 635 702 687 682 -7476 -934 -3582 267 149 -4 -3 65 -74
1535510573.1606586 697 614 635 703 687 683 -7464 -862 -3460 171 198 98 -3 68 -73
1535510573.2123158 697 614 635 703 687 683 -7482 -974 -3562 268 54 14 -1 65 -73
1535510573.2791235 697 614 635 702 687 683 -7476 -882 -3538 240 78 -77 -3 65 -73
1535510573.3470223 697 614 635 702 687 683 -7448 -928 -3464 271 80 -21 -4 66 -74
1535510573.5196898 697 614 635 702 687 683 -7484 -858 -3586 276 131 31 -4 65 -74
1535510573.562727 697 614 635 702 687 683 -7440 -902 -3456 266 139 -8 -3 65 -72
1535510573.618202 697 614 635 702 687 683 -7494 -906 -3524 223 82 -30 -4 65 -72
1535510573.6583014 697 614 635 702 687 683 -7514 -830 -3604 172 159 -45 -2 65 -74
1535510573.7195315 697 614 635 703 687 682 -7492 -930 -3524 277 25 58 -3 66 -73
1535510573.7802105 697 615 635 702 687 683 -7474 -932 -3572 235 169 -9 0 65 -74
1535510573.8352447 697 614 635 703 687 683 -7504 -844 -3640 289 129 23 -3 64 -72
1535510573.8923209 697 614 635 702 687 683 -7452 -950 -3560 195 112 -8 -5 64 -73
1535510573.9506438 697 614 635 702 687 683 -7452 -842 -3580 199 143 -21 -3 66 -72
1535510574.0172572 697 614 635 702 687 683 -7462 -902 -3480 193 86 101 -2 66 -74
1535510574.2449007 697 614 635 703 687 683 -7480 -912 -3548 169 182 49 -1 65 -73
1535510574.2926335 697 614 635 702 687 683 -7438 -892 -3486 333 95 -29 -4 66 -74
1535510574.3370051 697 614 635 702 687 683 -7496 -930 -3592 224 178 67 -1 68 -73
1535510574.3902586 697 614 635 702 687 683 -7482 -852 -3602 220 171 -57 -1 65 -73
1535510574.434161 697 614 635 702 687 683 -7480 -900 -3562 320 143 18 -3 65 -72
1535510574.495377 697 614 635 702 687 683 -7448 -870 -3548 233 114 -16 -1 65 -72
1535510574.53899 697 614 635 702 687 683 -7500 -916 -3574 180 104 -17 -3 64 -74
1535510574.6050045 697 614 635 702 687 683 -7486 -932 -3572 278 89 -25 -2 66 -74
1535510574.6542346 697 614 635 702 687 683 -7428 -908 -3472 219 177 9 -3 68 -73
1535510574.7096572 697 614 635 702 687 683 -7460 -906 -3548 262 69 -34 -2 66 -71
1535510574.8793266 697 614 635 702 687 683 -7484 -906 -3598 267 156 -47 -4 65 -74
1535510574.9165936 697 614 635 702 687 682 -7484 -854 -3578 291 144 -72 -3 65 -74
1535510574.9497035 697 614 635 702 687 683 -7452 -950 -3552 181 192 -17 -5 65 -73
1535510574.9939873 697 614 635 702 687 683 -7462 -966 -3550 174 72 11 -3 65 -74
1535510575.0346713 697 614 635 702 687 683 -7442 -954 -3552 159 37 27 -2 65 -74
1535510575.1032743 697 614 635 702 687 682 -7460 -912 -3530 226 135 -21 -2 65 -74
1535510575.160282 697 614 635 702 687 683 -7432 -862 -3522 189 178 38 -4 65 -73
1535510575.2289782 697 614 635 702 687 683 -7452 -884 -3570 223 -20 149 -1 65 -72
1535510575.301882 697 614 635 702 687 683 -7502 -906 -3672 310 -95 -266 -3 67 -73
1535510575.3657444 698 614 635 702 687 683 -7428 -926 -3214 -378 157 278 -1 67 -73
1535510575.5819843 697 614 635 702 687 682 -7558 -1006 -3386 -980 787 77 -1 66 -76
1535510575.634833 697 615 635 702 687 683 -7642 -492 -3870 -2048 2609 -206 -3 65 -74
1535510575.6749735 698 614 635 703 687 682 -7326 -652 -3780 -279 741 30 -3 65 -74
1535510575.719805 697 615 635 703 687 682 -7472 -888 -3750 7 741 121 -4 66 -74
1535510575.7860055 697 614 635 702 687 682 -7244 -718 -3842 171 260 1037 -4 65 -74
1535510575.8340406 697 614 635 702 687 682 -7380 -784 -3842 727 -604 -321 -4 62 -74
1535510575.90569 697 614 635 702 687 682 -7428 -610 -3676 189 502 -388 -4 66 -74
1535510575.9530926 697 614 635 702 687 683 -7538 -1062 -3432 -164 -40 -95 -2 66 -73
1535510576.0186522 697 614 635 702 687 682 -7300 -738 -4164 582 -359 -401 -4 66 -76
1535510576.0723217 697 614 635 702 687 682 -7432 -890 -3494 273 881 157 -4 64 -74
1535510576.3022747 698 614 635 702 687 682 -7434 -846 -3984 -9 54 424 -1 65 -73
1535510576.3452606 697 615 635 702 687 682 -7490 -852 -3608 -103 818 474 -4 65 -71
1535510576.3811357 697 614 635 702 687 682 -7258 -712 -3998 212 249 -9 -4 64 -75
1535510576.435967 698 614 635 702 687 682 -7386 -884 -3904 106 319 -94 -5 64 -74
1535510576.4931135 698 614 635 702 687 682 -7330 -700 -3716 366 -216 -142 -3 64 -72
1535510576.536864 697 614 635 702 687 682 -7362 -762 -3648 22 311 299 -2 65 -74
1535510576.6014752 698 614 635 702 687 682 -7546 -786 -3756 -128 300 138 -3 64 -74
1535510576.6542785 698 614 635 702 687 682 -7216 -732 -3810 99 391 132 -6 64 -73
1535510576.709131 698 614 635 702 687 683 -7394 -844 -3752 82 177 -126 -3 65 -73
1535510576.7517142 698 615 635 702 687 682 -7314 -678 -3866 431 -331 -191 -5 65 -72
1535510576.9611356 698 614 635 702 687 682 -7292 -796 -3860 299 -76 -290 -6 63 -71
1535510576.9986506 698 615 635 703 686 682 -7346 -822 -3844 386 -288 -278 -4 64 -74
1535510577.032214 697 614 635 702 687 682 -7324 -642 -3960 308 419 -164 -5 65 -74
1535510577.0829282 698 615 635 702 687 682 -7350 -844 -3604 113 -16 67 -4 64 -73
1535510577.1401222 698 614 635 702 687 682 -7364 -802 -3938 343 -117 -285 -5 64 -74
1535510577.1956148 697 614 635 702 687 682 -7416 -750 -3756 59 769 356 -6 64 -74
1535510577.2497625 697 614 635 702 687 681 -7354 -856 -3664 275 -247 -105 -4 65 -74
1535510577.3144565 697 615 635 702 687 682 -7350 -812 -3954 490 -35 -321 -2 64 -72
1535510577.370808 697 614 635 702 687 682 -7338 -802 -3742 486 87 -351 -4 64 -75
1535510577.4365044 698 615 635 702 687 683 -7334 -774 -3820 342 -195 -103 -4 65 -73
1535510577.6504824 697 614 635 702 687 682 -7406 -774 -3754 383 235 -101 -4 64 -75
1535510577.6869876 697 614 635 702 687 682 -7270 -674 -3860 252 -73 107 -3 64 -73
1535510577.7194526 697 614 635 702 687 682 -7340 -924 -3778 88 271 308 -3 65 -75
1535510577.7571464 697 614 635 702 687 682 -7430 -748 -3824 422 8 -200 -5 65 -75
1535510577.7997866 697 614 635 702 687 682 -7294 -868 -3840 430 416 223 -3 65 -75
1535510577.8488562 697 615 635 702 687 682 -7410 -934 -3708 348 -104 84 -4 64 -74
1535510577.9124067 697 614 635 702 687 681 -7412 -940 -3704 101 490 168 -3 63 -73
1535510577.9797888 697 614 635 702 687 682 -7432 -860 -3618 308 -54 -90 -3 64 -75
1535510578.0470943 697 614 635 702 687 682 -7386 -1030 -3768 44 711 206 -3 65 -72
1535510578.1169932 697 615 635 702 687 681 -7440 -802 -3696 244 -281 -70 -4 65 -73
1535510578.323171 697 615 635 702 686 682 -7358 -800 -3806 568 -215 -195 -5 64 -74
1535510578.377482 697 614 635 702 687 682 -7398 -930 -3868 181 209 175 -3 66 -73
1535510578.4167402 697 614 635 702 687 682 -7278 -828 -3778 388 135 -96 -3 65 -74
1535510578.4695807 697 614 635 702 687 682 -7418 -966 -3830 399 -176 33 -4 66 -75
1535510578.5349834 697 614 635 702 687 682 -7338 -828 -3808 402 154 -113 -3 66 -74
1535510578.5951247 698 614 635 702 687 682 -7326 -914 -3830 347 -15 -12 -2 65 -73
1535510578.6447372 698 614 635 702 687 681 -7360 -928 -3712 245 3 -5 -3 65 -73
1535510578.6978805 698 614 635 702 687 682 -7360 -932 -3782 382 -76 49 -4 66 -73
1535510578.7553754 698 615 635 702 687 682 -7394 -1042 -3850 351 71 130 -3 64 -73
1535510578.7998047 698 614 635 702 687 682 -7372 -894 -3540 400 -82 109 -3 67 -72
1535510578.9776528 698 615 635 702 687 682 -7348 -906 -3796 199 149 28 -5 67 -73
1535510579.0117095 698 614 635 702 687 682 -7422 -934 -3620 278 220 -98 -4 65 -74
1535510579.0646808 697 614 635 702 687 681 -7400 -888 -3712 122 149 138 -2 67 -74
1535510579.1150308 697 615 635 702 687 682 -7378 -934 -3698 218 147 10 -4 63 -73
1535510579.1623108 697 614 635 702 687 682 -7446 -998 -3714 292 62 -18 -3 63 -75
1535510579.2131615 697 614 635 702 687 682 -7512 -1028 -3648 -14 246 44 -3 64 -74
1535510579.264825 697 614 635 702 687 682 -7388 -844 -3670 220 39 -74 -3 65 -73
1535510579.33963 697 615 635 702 687 682 -7360 -826 -3698 312 65 -65 -5 65 -76
1535510579.4018824 697 615 635 702 687 682 -7422 -1012 -3780 314 -56 43 -3 66 -75
1535510579.468846 697 615 635 702 687 682 -7372 -762 -3800 226 240 64 -4 66 -74
1535510579.6905873 697 615 635 702 687 682 -7382 -926 -3724 371 71 -95 -2 64 -75
1535510579.723362 697 615 635 702 687 682 -7340 -910 -3746 207 186 5 -5 64 -74
1535510579.7618275 697 615 635 702 686 682 -7316 -904 -3630 167 122 25 -4 64 -72
1535510579.8137262 697 615 635 702 687 682 -7422 -982 -3812 278 146 29 -1 65 -73
1535510579.881314 697 615 635 702 686 682 -7420 -874 -3654 306 217 -120 -3 63 -72
1535510579.9277155 697 615 635 702 687 681 -7374 -834 -3720 176 -14 49 -3 65 -72
1535510579.980172 697 615 635 702 687 682 -7346 -866 -3720 243 125 -40 -4 64 -74
1535510580.0217934 697 614 635 702 687 681 -7408 -944 -3686 227 57 -2 -4 67 -74
1535510580.0722468 697 615 635 702 686 682 -7384 -908 -3708 302 160 -59 -7 66 -74
1535510580.1459095 697 614 635 702 687 682 -7376 -902 -3758 194 114 91 -5 64 -73
1535510580.351693 697 615 635 702 687 682 -7398 -938 -3710 264 164 -4 -3 66 -73
1535510580.3963318 697 615 635 702 687 682 -7372 -906 -3686 218 99 13 -2 64 -74
1535510580.4344833 697 615 635 702 687 682 -7472 -944 -3784 224 51 54 -4 66 -72
1535510580.479323 697 615 635 702 686 682 -7392 -954 -3764 277 212 -26 -2 66 -74
1535510580.5364735 697 614 635 702 687 681 -7374 -842 -3668 232 145 -7 -3 65 -72
1535510580.599625 697 615 635 702 686 682 -7362 -990 -3654 265 65 65 -2 64 -71
1535510580.64969 697 615 635 702 687 682 -7378 -892 -3722 280 168 -41 -3 65 -71
1535510580.7012703 697 614 635 702 687 682 -7472 -930 -3730 200 79 32 -1 65 -74
1535510580.7523143 697 615 635 702 686 682 -7380 -918 -3702 259 142 -58 -3 66 -74
1535510580.8173363 697 614 635 702 687 681 -7390 -904 -3682 279 127 22 -2 64 -75
1535510580.9989736 697 615 635 702 686 682 -7392 -958 -3792 370 17 5 -2 66 -74
1535510581.0354958 697 615 635 702 686 682 -7408 -992 -3694 239 173 -85 -3 66 -74
1535510581.0689547 697 614 635 702 687 682 -7404 -948 -3716 175 144 44 -3 63 -74
1535510581.1262095 697 614 635 702 687 682 -7462 -962 -3748 288 -1 -82 -3 65 -74
1535510581.158542 697 615 635 702 686 682 -7376 -946 -3746 374 135 -82 -2 65 -72
1535510581.2178378 697 614 635 702 687 681 -7338 -854 -3712 352 119 -101 -3 65 -75
1535510581.2871335 697 615 635 702 686 681 -7424 -952 -3666 307 20 35 -2 65 -75
1535510581.3509147 697 615 635 702 686 682 -7444 -1164 -3662 229 58 -89 -1 66 -73
1535510581.4175835 697 615 635 702 686 682 -7368 -990 -3690 227 152 88 -3 65 -77
1535510581.4868119 697 615 635 702 687 682 -7344 -750 -3668 69 365 274 -3 67 -73
1535510581.7111034 697 615 635 702 686 681 -7400 -886 -3844 295 79 -31 -3 67 -73
1535510581.7478344 697 614 635 702 686 682 -7394 -866 -3648 330 129 -233 -3 66 -74
1535510581.7832918 697 614 635 702 686 682 -7444 -1066 -3684 350 78 -34 -5 65 -73
1535510581.8370624 697 615 635 702 687 681 -7420 -1034 -3714 314 105 -62 -3 65 -75
1535510581.9089293 697 614 635 702 687 681 -7444 -1020 -3678 292 79 -69 0 67 -73
1535510581.9516578 697 615 635 702 687 682 -7330 -1062 -3592 245 150 60 -3 65 -74
1535510582.004353 697 615 635 702 687 681 -7418 -784 -3772 380 117 -64 -3 64 -71
1535510582.055748 697 614 635 702 687 682 -7408 -1074 -3610 275 111 -55 -4 65 -72
1535510582.1169324 698 614 635 702 687 681 -7362 -1126 -3670 178 -22 -25 -2 67 -74
1535510582.157666 698 615 635 702 687 681 -7360 -1038 -3700 165 261 73 -2 66 -74
1535510582.374431 697 615 635 702 687 681 -7428 -876 -3714 357 -46 -116 -2 66 -73
1535510582.4066863 697 615 635 702 687 681 -7376 -1084 -3600 201 132 81 -3 66 -73
1535510582.4592254 698 615 635 702 687 681 -7416 -982 -3738 99 211 162 -4 64 -75
1535510582.5166123 698 615 635 702 687 682 -7418 -934 -3654 192 335 133 -2 67 -76
1535510582.5524445 698 615 635 702 687 682 -7456 -1022 -3608 239 -43 -103 -6 66 -74
1535510582.6126926 698 614 635 702 687 681 -7370 -946 -3694 226 216 66 -3 64 -74
1535510582.6568413 698 615 635 702 686 681 -7402 -984 -3600 291 27 -51 -1 66 -75
1535510582.7157986 697 615 635 702 686 681 -7486 -1008 -3728 291 45 10 -2 64 -74
1535510582.7825375 698 614 634 702 686 681 -7432 -1004 -3670 290 130 0 -3 66 -73
1535510582.8532822 698 615 634 702 686 681 -7440 -1022 -3602 248 163 124 -1 65 -72
1535510582.9857953 698 614 635 702 686 680 -7402 -928 -3688 128 159 112 -4 67 -74
1535510583.0158954 698 615 635 702 686 681 -7392 -990 -3736 257 181 -31 -1 66 -72
1535510583.0511105 698 614 635 702 687 681 -7408 -946 -3642 296 -50 -182 -3 66 -75
1535510583.1252189 698 615 635 702 687 680 -7554 -1172 -3622 433 65 -55 -3 65 -72
1535510583.1908119 698 615 635 702 686 680 -7388 -898 -3670 237 152 3 -4 65 -74
1535510583.2599838 698 615 635 702 686 681 -7458 -1042 -3662 230 188 26 -2 68 -70
1535510583.3292518 698 615 635 702 686 681 -7420 -1128 -3662 106 172 109 -3 64 -74
1535510583.3971424 697 615 635 702 687 681 -7410 -922 -3764 187 188 277 -1 66 -73
1535510583.4642081 697 615 635 702 686 682 -7382 -954 -3686 278 99 -18 -4 65 -73
1535510583.5310555 697 615 635 702 686 681 -7428 -962 -3738 161 171 38 -3 63 -73
1535510583.722797 697 615 635 702 687 681 -7348 -932 -3730 255 158 9 -2 65 -74
1535510583.7587771 697 615 635 702 686 681 -7362 -936 -3662 174 153 36 -2 65 -75
1535510583.7949178 697 615 635 702 687 681 -7494 -930 -3744 263 56 -63 -4 65 -74
1535510583.8442469 697 615 635 702 686 681 -7386 -1006 -3686 247 113 -44 -1 66 -73
1535510583.8930488 697 614 635 702 686 680 -7404 -882 -3698 272 -6 -59 -3 65 -75
1535510583.9378383 697 615 635 702 686 681 -7400 -1072 -3696 184 122 58 -5 63 -70
1535510584.0038218 697 615 635 702 686 681 -7478 -1012 -3636 157 154 16 -3 65 -74
1535510584.0710764 697 615 635 702 687 681 -7338 -932 -3700 154 193 85 -1 65 -73
1535510584.136961 697 615 635 702 686 681 -7424 -850 -3660 340 -6 -69 -3 62 -73
1535510584.2054994 697 615 635 702 686 681 -7372 -1122 -3718 278 140 51 -3 62 -73
1535510584.459679 698 615 635 702 686 681 -7366 -900 -3568 117 195 149 -3 64 -74
1535510584.4907045 697 615 635 702 687 681 -7392 -980 -3786 341 31 26 -3 66 -75
1535510584.5217052 698 614 634 702 686 681 -7430 -932 -3678 292 94 27 -3 65 -73
1535510584.5536087 697 615 635 702 686 681 -7422 -1008 -3636 412 -25 -116 -2 65 -73
1535510584.5859451 697 615 635 702 686 681 -7446 -1004 -3718 407 -21 12 -4 65 -74
1535510584.621445 698 615 635 701 686 681 -7420 -1010 -3572 469 -39 -82 -4 64 -73
1535510584.6821935 697 615 634 702 686 680 -7464 -1046 -3558 469 -74 -17 -3 69 -74
1535510584.7506855 697 615 635 702 686 680 -7468 -1010 -3588 431 -18 -46 -3 65 -73
1535510584.819781 697 615 635 702 687 681 -7364 -1044 -3568 374 -1 -52 -2 65 -72
1535510584.8928623 697 615 635 702 686 681 -7598 -1096 -3422 713 166 -99 -1 66 -73
1535510585.1639488 697 615 634 702 687 681 -7528 -1152 -3490 271 -37 89 -3 66 -72
1535510585.199229 697 615 635 702 686 681 -7420 -1106 -3512 92 212 66 -1 66 -73
1535510585.2356853 697 614 634 702 686 681 -7538 -896 -3702 317 -50 -137 -3 65 -72
1535510585.2698681 697 615 634 702 686 680 -7410 -1156 -3388 49 68 57 -3 64 -72
1535510585.3167844 697 615 634 702 686 681 -7414 -970 -3540 63 178 144 -1 66 -72
1535510585.364105 697 615 635 702 686 680 -7480 -970 -3584 285 124 91 -2 65 -71
1535510585.4063725 697 615 635 702 686 681 -7528 -1184 -3530 231 146 0 -1 65 -76
1535510585.4518087 697 615 635 702 686 681 -7446 -1042 -3484 180 155 28 -2 66 -74
1535510585.4957242 697 615 635 702 687 681 -7524 -942 -3560 253 21 -16 -1 66 -71
1535510585.563768 697 615 635 702 686 681 -7474 -1174 -3464 99 191 133 -1 67 -72
1535510585.814577 698 615 635 702 686 681 -7416 -950 -3622 228 200 190 -1 66 -73
1535510585.851733 697 615 635 702 686 681 -7432 -1018 -3550 247 104 -27 -2 65 -74
1535510585.895914 697 614 634 702 686 680 -7456 -1102 -3588 113 64 206 -3 66 -73
1535510585.943033 697 615 635 702 686 681 -7452 -924 -3636 122 167 11 0 65 -72
1535510585.9888775 697 615 634 702 686 681 -7460 -990 -3494 69 48 98 -2 65 -73
1535510586.034762 697 615 634 702 686 680 -7464 -1044 -3562 201 141 -14 -2 67 -75
1535510586.0790434 697 614 635 702 686 681 -7436 -1008 -3528 196 182 -13 -1 67 -75
1535510586.1261103 697 615 635 702 687 681 -7424 -970 -3548 73 178 147 -1 66 -75
1535510586.1759543 697 615 635 702 686 680 -7444 -1012 -3572 128 186 100 -2 66 -72
1535510586.241802 698 615 634 702 686 681 -7488 -966 -3508 111 81 93 -3 65 -73
1535510586.485549 698 615 634 702 686 681 -7414 -940 -3640 152 206 87 -2 66 -71
1535510586.5206907 698 615 635 702 686 681 -7484 -924 -3632 246 110 68 -3 63 -71
1535510586.565095 698 615 635 702 686 681 -7464 -1086 -3556 165 216 16 -4 65 -72
1535510586.6120706 698 615 635 702 686 681 -7428 -970 -3566 216 125 69 -3 67 -74
1535510586.6577609 697 615 635 702 686 681 -7450 -918 -3560 334 111 -59 -3 66 -74
1535510586.7026324 698 614 634 702 686 681 -7422 -914 -3576 245 159 57 -1 65 -72
1535510586.746757 698 615 635 702 686 681 -7458 -956 -3546 368 72 -2 -3 65 -75
1535510586.785788 698 615 634 702 686 681 -7448 -974 -3590 224 118 6 -2 64 -73
1535510586.846858 698 615 634 702 686 681 -7518 -296 -3430 1155 -16 -727 -2 68 -71
1535510586.9158804 697 615 634 702 686 680 -7402 -788 -4196 27 1253 462 -2 66 -71
1535510587.159603 697 615 634 701 686 680 -7796 -412 -3072 1066 5052 -1762 -3 65 -73
1535510587.194354 697 615 635 702 686 680 -7076 -952 -5434 -551 92 1073 -4 64 -73
1535510587.2316036 696 615 634 701 686 680 -7138 -1396 -2998 -2221 1306 1154 -3 63 -76
1535510587.2817838 696 615 634 701 686 680 -8134 -856 -3322 -2901 2208 1016 -3 63 -75
1535510587.3349464 697 615 634 701 686 680 -6466 -218 -5050 -2216 5773 1434 -6 61 -78
1535510587.3820972 697 615 634 701 686 680 -7892 -40 -6146 4064 279 -508 -9 61 -78
1535510587.4326632 697 615 635 701 686 680 -6642 472 -4128 4176 -11325 2513 -7 58 -78
1535510587.4848938 698 615 635 701 686 680 -7020 590 -2128 922 2665 -151 -6 60 -77
1535510587.5560346 697 614 634 701 686 680 -7546 -1026 -4752 2609 887 -3101 -5 63 -76
1535510587.6289284 697 615 634 701 686 680 -7288 -510 -3722 -540 -177 -746 -4 64 -76
1535510587.8945484 697 614 634 701 686 680 -7496 -1066 -3962 -49 388 275 -3 64 -77
1535510587.9335635 697 615 634 701 686 680 -7330 -738 -3744 276 320 -46 -3 65 -76
1535510587.9725928 697 614 634 701 686 680 -7310 -568 -3978 -160 6 554 -5 62 -77
1535510588.0115955 697 615 634 701 686 680 -7370 -584 -3906 211 -9 76 -4 63 -74
1535510588.0525923 697 615 634 701 686 680 -7366 -688 -3770 207 188 33 -4 62 -75
1535510588.093536 697 615 635 701 686 680 -7490 -752 -4006 409 195 -105 -4 65 -76
1535510588.1385572 697 615 634 701 686 680 -7340 -594 -3768 291 121 -12 -4 65 -75
1535510588.1795301 697 615 634 701 686 681 -7358 -716 -3950 358 227 -93 -3 63 -76
1535510588.238508 697 614 634 701 686 680 -7310 -656 -3810 348 159 -67 -3 65 -76
1535510588.3055162 697 614 634 701 686 680 -7394 -744 -3894 239 35 122 -4 66 -76
1535510588.5415573 697 615 634 701 686 680 -7320 -714 -3816 233 213 8 -4 62 -75
1535510588.5795763 697 614 634 701 686 680 -7370 -724 -3896 110 77 84 -2 64 -73
1535510588.620521 697 615 634 701 686 680 -7412 -652 -3856 261 119 -80 -3 64 -77
1535510588.661534 697 614 634 701 686 680 -7338 -652 -3860 204 44 117 -4 64 -76
1535510588.7028854 697 615 635 701 686 680 -7356 -720 -3906 203 159 83 -4 62 -75
1535510588.7435071 697 615 635 701 686 680 -7384 -712 -3810 198 155 1 -4 65 -76
1535510588.784519 697 615 634 701 686 680 -7376 -724 -3898 64 117 133 -3 64 -74
1535510588.8427212 697 615 634 702 686 679 -7338 -616 -3786 288 222 -139 -2 64 -76
1535510588.9096086 697 615 634 701 686 680 -7376 -674 -3872 201 82 128 -4 63 -76
1535510588.9787433 697 615 635 701 686 680 -7372 -838 -3830 349 130 -93 -5 63 -75
1535510589.2457595 697 615 634 702 686 680 -7350 -608 -3852 148 107 188 -5 62 -76
1535510589.2834399 697 615 634 701 686 680 -7298 -654 -3828 522 -252 -149 -5 65 -75
1535510589.3214843 697 615 634 701 686 680 -7028 -958 -3788 -317 -721 -1060 -3 63 -75
1535510589.3696327 697 615 634 701 686 680 -6276 -760 -2576 168 -2889 249 -1 64 -75
1535510589.418796 697 615 634 701 686 680 -7300 -2016 -3430 -747 284 -252 -3 66 -74
1535510589.4707575 696 615 634 701 687 679 -7248 -928 -3282 3281 -1416 -808 -2 65 -75
1535510589.5155227 696 615 634 701 686 679 -8262 -524 -3686 -210 214 1663 -4 64 -75
1535510589.5584586 697 615 634 701 686 680 -7304 -980 -4744 2943 -1565 -324 -4 65 -76
1535510589.6158545 697 615 635 701 686 679 -6846 966 -1226 -1692 -208 1283 -2 64 -75
1535510589.688878 698 614 634 701 686 680 -7782 -1288 -4214 1874 6426 -3214 -5 66 -73
1535510589.9033718 697 615 634 701 686 679 -7386 -644 -3792 -635 -937 889 -4 64 -74
1535510589.9416418 697 614 634 701 686 679 -7558 -764 -3614 202 706 -398 -1 65 -75
1535510589.977352 697 615 634 701 686 680 -7590 -884 -3612 221 -282 -5 -4 63 -75
1535510590.0216558 697 614 634 701 686 680 -7458 -770 -3656 127 471 29 -4 65 -75
1535510590.070651 698 615 634 701 686 680 -7376 -772 -3694 -18 145 206 -3 64 -74
1535510590.1177576 698 615 634 701 686 680 -7484 -758 -3642 200 558 44 -2 64 -74
1535510590.166426 697 615 634 701 686 680 -7402 -760 -3678 -72 116 159 -3 64 -74
1535510590.2336948 697 615 634 701 686 679 -7460 -822 -3774 71 425 166 -2 65 -73
1535510590.3018274 697 615 634 701 686 679 -7426 -768 -3704 -141 267 357 -3 66 -75
1535510590.367701 697 615 634 701 686 679 -7442 -690 -3988 69 288 6 -3 63 -77
1535510590.5843167 696 615 634 701 686 679 -7340 -600 -3664 276 -53 88 -4 63 -74
1535510590.6214592 697 615 634 701 686 680 -7478 -692 -3826 290 15 49 -5 64 -76
1535510590.6643624 697 614 634 701 686 680 -7410 -690 -3674 151 219 68 -3 63 -75
1535510590.7035742 697 615 634 701 686 680 -7420 -722 -3748 198 69 40 -5 64 -77
1535510590.7474418 697 615 634 701 686 680 -7386 -676 -3786 185 124 76 -2 66 -75
1535510590.7863424 697 615 634 701 686 680 -7410 -770 -3686 73 174 181 -4 64 -74
1535510590.8356047 697 614 634 701 686 679 -7424 -588 -3658 93 204 185 -4 63 -73
1535510590.9034107 697 614 634 701 686 680 -7402 -698 -3748 153 211 -49 -2 63 -75
1535510590.9675615 697 614 634 701 686 679 -7400 -588 -3778 243 58 30 -4 66 -76
1535510591.0434356 697 615 634 701 686 679 -7452 -716 -3780 195 178 101 -3 63 -76
1535510591.29534 697 615 634 701 686 680 -7278 -606 -3798 -307 1360 -253 -4 65 -74
1535510591.3303394 697 615 634 701 686 680 -6928 -652 -3808 3016 -30 -763 -4 65 -75
1535510591.3724964 696 614 634 701 686 679 -6542 -1332 -3474 3728 -1101 -1661 -2 64 -75
1535510591.4266095 696 615 634 701 686 679 -6370 -2590 -3030 -1373 -5630 5108 -2 62 -77
1535510591.4754362 696 614 634 701 686 679 -8468 352 -4572 1003 -1912 2911 -4 62 -77
1535510591.523615 696 614 634 701 686 679 -8102 -1010 -3918 -2805 -5974 5109 -4 63 -76
1535510591.5756748 697 614 634 701 686 679 -7066 1526 -696 196 3434 -1292 -6 65 -75
1535510591.6273549 697 615 634 701 686 679 -7964 -1438 -4930 2264 54 -819 -6 68 -73
1535510591.6826952 697 614 634 701 686 679 -7366 202 -2436 720 853 -2038 -4 64 -74
1535510591.7536302 697 615 634 701 686 679 -7732 -806 -3748 -723 1868 -2421 -3 65 -74
1535510591.9261756 697 614 634 701 686 679 -7596 -1074 -3608 757 -191 -737 -3 66 -72
1535510591.9642751 697 614 634 701 686 679 -7522 -580 -3148 -1412 882 -1413 -4 67 -73
1535510592.006485 697 614 634 701 686 679 -7664 -1418 -3894 564 -26 -697 -5 67 -76
1535510592.0536263 697 614 634 701 686 679 -7394 -806 -3468 129 130 96 -2 64 -74
1535510592.102384 697 614 634 701 686 679 -7486 -806 -3666 -230 247 226 -2 63 -75
1535510592.1705449 698 614 634 701 686 679 -7496 -960 -3646 233 92 41 -3 63 -75
1535510592.2374172 697 614 634 701 686 679 -7488 -930 -3420 191 279 95 -2 65 -74
1535510592.3024442 697 614 634 701 686 680 -7450 -860 -3598 98 85 49 -3 64 -74
1535510592.369628 697 614 634 701 686 679 -7496 -914 -3644 346 104 72 -1 66 -75
1535510592.4364724 697 614 634 701 686 679 -7378 -830 -3450 284 95 -113 -1 64 -74
1535510592.6855874 697 614 634 701 685 679 -7468 -908 -3634 203 19 183 -2 66 -75
1535510592.7265077 697 614 634 701 686 679 -7460 -898 -3660 401 123 -212 -2 64 -73
1535510592.7623017 697 614 634 701 686 679 -7424 -736 -3526 79 104 111 -2 65 -73
1535510592.801661 697 614 634 701 686 679 -7484 -928 -3636 98 110 180 0 66 -75
1535510592.8523276 697 614 634 701 686 679 -7442 -802 -3544 270 169 -76 -1 65 -74
1535510592.9026916 697 614 634 701 686 678 -7516 -834 -3568 -216 169 501 -2 66 -73
1535510592.9473805 697 614 634 701 685 679 -7478 -846 -3508 300 31 -129 -1 64 -73
1535510592.990319 697 614 634 701 685 679 -7482 -824 -3548 476 -85 16 -3 68 -75
1535510593.051205 697 614 634 701 685 679 -7304 -1442 -4070 -373 1634 -860 -1 65 -73
1535510593.126311 696 614 633 701 686 679 -7192 -302 -3946 1822 235 -400 -2 66 -76
1535510593.3991866 697 614 633 701 685 679 -7008 -660 -3416 2112 2207 -2130 -1 65 -75
1535510593.4434834 696 614 633 700 685 679 -8250 -2188 -6430 -1842 11612 -5118 -3 66 -75
1535510593.4872 696 614 633 700 686 679 -6926 -508 -5236 -674 -1539 3844 0 61 -80
1535510593.5324278 697 615 634 701 685 679 -8240 -982 -4296 488 -8714 3715 -5 63 -79
1535510593.583278 696 614 634 701 686 679 -7772 492 -488 1583 -5104 3130 -4 65 -76
1535510593.6308875 697 614 634 701 686 679 -7518 -134 -3604 3373 3180 -4098 -5 66 -73
1535510593.6772754 697 614 634 701 686 679 -7676 -490 -3620 -415 -251 348 -3 66 -73
1535510593.7223792 697 614 634 701 686 679 -7642 -890 -2976 1131 199 -886 -1 65 -73
1535510593.764248 697 614 634 701 686 679 -7674 -644 -3554 -1 470 60 -1 66 -73
1535510593.8295279 697 615 634 701 686 679 -7524 -642 -3192 85 120 -127 -4 67 -74
1535510594.0640755 696 614 634 701 686 678 -7620 -708 -3376 66 453 -116 -3 66 -71
1535510594.097069 697 614 634 701 685 679 -7648 -580 -3378 231 24 171 -2 67 -72
1535510594.1342916 697 614 634 701 685 679 -7594 -708 -3340 98 314 177 -2 65 -72
1535510594.1812112 697 614 634 701 686 679 -7628 -612 -3316 35 337 299 -3 64 -74
1535510594.223183 697 614 634 701 686 679 -7628 -526 -3450 86 330 -35 -5 65 -73
1535510594.2641165 697 614 634 701 685 680 -7572 -526 -3394 -16 233 185 -3 64 -76
1535510594.3123248 696 615 634 701 686 679 -7566 -612 -3414 319 100 -63 -4 64 -74
1535510594.368487 697 614 634 701 686 679 -7558 -510 -3404 -99 343 310 -1 66 -76
1535510594.4371998 697 615 634 701 686 679 -7586 -552 -3456 259 126 -29 -4 65 -73
1535510594.5041447 697 614 633 701 686 678 -7584 -470 -3420 241 66 19 -3 65 -73
1535510594.7871716 697 614 634 701 685 679 -7536 -552 -3350 290 72 -41 -2 65 -77
1535510594.8260908 697 614 634 701 685 679 -7590 -426 -3516 294 121 -92 -3 63 -75
1535510594.8641715 697 614 633 701 686 679 -7538 -562 -3470 125 122 80 -3 65 -75
1535510594.9074888 697 614 634 701 686 679 -7580 -574 -3396 154 154 55 -4 65 -73
1535510594.9520705 697 614 634 701 686 679 -7564 -560 -3416 141 236 293 -3 66 -74
1535510594.9961314 697 614 634 701 686 678 -7586 -490 -3572 193 122 111 -2 68 -72
1535510595.0371518 697 614 633 701 686 679 -7306 -518 -3184 230 909 -525 -4 64 -73
1535510595.0875614 696 614 633 701 685 679 -7512 -878 -3802 -1256 1397 237 -3 65 -75
1535510595.1365056 697 614 634 701 685 678 -6766 -636 -3756 1450 -495 -206 -2 64 -73
1535510595.1922014 697 614 633 700 685 679 -8380 -460 -5294 1569 -790 -3073 -3 64 -73
1535510595.45998 697 614 633 700 686 678 -8354 -900 -4206 -1242 -2965 754 -4 64 -75
1535510595.5021887 696 614 633 700 685 679 -7082 -722 -2232 -6988 -6559 7923 -2 65 -75
1535510595.541099 696 614 634 701 686 678 -6632 964 -768 -1318 5681 -1013 -6 67 -68
1535510595.5914147 697 614 634 700 686 678 -8408 -1208 -4560 4773 465 -2062 -6 67 -70
1535510595.638084 696 614 634 701 685 679 -7444 66 -2668 1045 836 -1620 -5 65 -73
1535510595.684111 697 615 634 701 686 679 -7712 -672 -3402 408 971 -2086 -3 64 -72
1535510595.7287257 697 614 633 700 685 679 -7600 -706 -3506 526 359 -159 -3 64 -73
1535510595.7720532 696 614 634 700 685 678 -7592 -766 -3236 -672 1231 450 -4 64 -72
1535510595.8304577 697 614 633 701 685 679 -7642 -440 -3624 481 222 -238 -1 66 -73
1535510595.9110296 697 614 633 701 686 679 -7562 -456 -3540 -88 513 13 -4 65 -74
1535510596.1716585 697 614 634 701 686 679 -7576 -622 -3460 278 -105 348 -2 64 -73
1535510596.211079 696 614 633 701 685 679 -7600 -566 -3452 213 270 165 -4 66 -72
1535510596.2480438 697 614 633 701 685 679 -7536 -520 -3432 -43 327 275 -4 66 -73
1535510596.285118 697 615 633 700 685 678 -7602 -618 -3532 298 127 37 -5 66 -74
1535510596.3301017 696 614 634 701 686 679 -7512 -482 -3392 107 351 203 -3 65 -71
1535510596.379349 696 614 633 701 685 679 -7528 -544 -3504 166 -19 220 -3 66 -74
1535510596.4266403 696 614 633 700 685 678 -7516 -518 -3418 619 -126 -85 -5 65 -72
1535510596.473093 697 614 633 701 686 679 -7596 -450 -3498 472 52 -27 -2 64 -73
1535510596.5152233 696 614 634 701 685 678 -7592 -508 -3436 230 145 -26 -3 64 -73
1535510596.5773468 697 614 633 700 685 679 -7546 -494 -3394 93 169 191 -5 64 -74
1535510596.8840764 697 614 633 700 686 679 -7628 -540 -3430 443 60 -77 -4 65 -74
1535510596.9259648 697 614 634 700 685 678 -7508 -438 -3498 313 68 76 -5 66 -74
1535510596.968055 697 614 633 701 685 679 -7590 -548 -3388 272 117 -5 -3 65 -73
1535510597.00894 696 614 634 701 685 679 -7506 -556 -3256 -109 581 -57 -1 66 -75
1535510597.0573504 697 614 633 701 685 679 -7186 -718 -3444 673 -957 1097 -4 65 -72
1535510597.1083682 696 614 633 700 685 679 -6892 -706 -3544 1107 -1524 -24 -4 64 -77
1535510597.156981 696 614 633 701 685 679 -5686 -1506 -2442 783 -399 -2827 -5 65 -75
1535510597.2050354 696 614 633 700 685 678 -7302 -798 -3804 -2333 6073 -1927 -2 66 -74
1535510597.2551804 697 614 633 700 685 678 -8032 -614 -4184 461 -3954 2302 -6 62 -75
1535510597.302999 697 614 634 700 685 678 -9894 3650 -3060 881 -7572 4093 -7 63 -75
1535510597.4988635 696 614 633 700 685 678 -7044 1910 -2094 1279 7808 -3521 -8 66 -72
1535510597.5418248 697 614 633 700 685 678 -8076 -1266 -4742 2557 857 -2121 -6 66 -74
1535510597.5841477 696 614 633 700 685 679 -7550 -222 -2658 860 -305 -1075 -3 63 -74
1535510597.6285381 697 614 634 700 685 678 -7686 -720 -3562 -379 1156 52 -4 64 -73
1535510597.672991 697 614 633 700 686 678 -7472 -328 -3568 820 -331 -71 -4 66 -74
1535510597.7148545 696 614 633 701 685 679 -7688 -580 -3312 479 -8 -124 -2 66 -73
1535510597.7660522 697 614 633 700 685 678 -7620 -566 -3430 -65 343 325 -4 65 -73
1535510597.8330352 697 614 634 700 685 678 -7538 -368 -3294 98 281 254 -5 65 -73
1535510597.9000523 697 614 634 700 686 679 -7584 -432 -3450 347 44 -31 -2 66 -72
1535510597.9670796 697 615 634 701 685 679 -7646 -484 -3358 18 310 140 -3 65 -72
1535510598.1538494 697 614 634 701 685 679 -7564 -392 -3308 86 250 -23 -5 65 -74
1535510598.1948862 697 614 634 700 685 679 -7572 -458 -3418 247 -98 105 -5 66 -74
1535510598.2390344 696 614 634 700 685 678 -7522 -342 -3398 105 284 122 -5 64 -74
1535510598.2810125 696 614 633 701 685 679 -7652 -336 -3364 299 6 46 -5 66 -73
1535510598.3260515 697 614 633 701 685 678 -7648 -490 -3446 414 135 13 -5 66 -75
1535510598.3730817 697 614 634 701 685 678 -7596 -362 -3406 189 60 160 -4 66 -74
1535510598.4348962 697 614 634 700 686 679 -7578 -320 -3452 11 165 46 -4 65 -75
1535510598.5030003 696 614 633 700 685 679 -7606 -342 -3434 163 118 86 -5 65 -73
1535510598.5702796 697 614 634 701 685 679 -7666 -452 -3444 134 184 60 -3 64 -74
1535510598.635915 697 614 634 701 685 679 -7620 -316 -3434 64 91 211 -5 65 -74
1535510598.8318095 697 615 633 700 685 679 -7602 -416 -3492 135 40 134 -4 68 -74
1535510598.8677366 696 614 634 700 685 679 -7414 -280 -2964 782 9 -265 -5 66 -72
1535510598.9097476 696 614 633 700 686 678 -8956 -1364 -4560 -1763 -275 2422 -5 66 -75
1535510598.9467807 696 614 633 700 685 679 -7246 662 -2736 2818 -4340 918 -4 65 -71
1535510598.9909098 696 614 633 700 685 678 -8192 -460 -2484 -1345 1981 1783 -5 67 -75
1535510599.0538838 696 614 632 699 685 678 -7922 200 -4700 -1666 959 921 -3 65 -75
1535510599.1291666 697 614 633 700 685 678 -8112 -1920 -4498 -4265 -5600 2533 -8 63 -76
1535510599.2009013 696 614 633 700 686 678 -6852 766 -1400 3906 -1082 -2043 -4 66 -71
1535510599.2709978 697 614 633 700 685 678 -6590 1356 -1094 -73 904 -534 -7 69 -71
1535510599.3391697 697 614 633 700 685 678 -7712 4 -2538 2483 3176 -3422 -6 66 -69
1535510599.6127074 697 614 633 700 685 678 -8692 -1354 -4156 869 1758 -1447 -6 66 -70
1535510599.6506867 698 614 633 700 685 678 -7524 -132 -2856 1332 -868 -298 -3 65 -73
1535510599.6897907 697 614 633 700 685 678 -7768 -250 -2822 10 376 -319 -6 66 -72
1535510599.7337673 697 614 633 700 685 678 -7960 -500 -3240 920 -262 168 -3 66 -71
1535510599.7737515 696 614 633 700 685 678 -7570 -152 -2674 193 79 634 -6 68 -71
1535510599.8140082 696 614 633 700 685 678 -7786 -558 -3074 206 482 46 -4 68 -71
1535510599.8660815 697 615 634 700 685 678 -7768 -360 -2954 685 -191 -158 -3 66 -71
1535510599.9140458 696 615 633 700 685 678 -7764 -344 -2872 281 -60 730 -4 66 -71
1535510599.962314 697 614 633 700 685 679 -7782 -374 -2888 -290 653 251 -6 66 -72
1535510600.0307593 697 614 633 700 685 679 -7718 -472 -2858 -247 772 814 -3 68 -71
1535510600.2306867 696 614 633 700 685 678 -7750 -102 -3214 525 345 632 -1 67 -72
1535510600.2705722 697 615 633 700 685 678 -7736 -142 -2944 23 -133 -122 -3 66 -73
1535510600.3056664 696 614 633 700 685 678 -7766 -364 -2886 106 176 53 -5 67 -72
1535510600.3510711 697 614 633 700 685 678 -7782 -198 -3028 310 137 62 -5 66 -71
1535510600.3990197 697 614 633 700 685 678 -7762 -286 -3054 429 37 -118 -4 66 -71
1535510600.4416997 696 615 633 700 685 678 -7790 -288 -3026 303 -29 -66 -4 65 -70
1535510600.5057561 697 614 633 700 685 678 -7744 -316 -2918 120 222 14 -5 67 -72
1535510600.5710957 697 614 633 700 685 678 -7792 -184 -3054 123 141 5 -4 66 -71
1535510600.6409373 697 615 633 700 685 678 -7772 -150 -3022 520 -103 -142 -4 65 -72
1535510600.713852 696 614 633 700 685 678 -7708 -322 -2906 -184 -304 480 -5 67 -72
1535510600.915595 696 615 633 700 685 678 -7996 -226 -3212 754 -887 638 -4 66 -71
1535510600.9508946 697 615 633 700 685 678 -7090 -122 -1556 -470 -1373 1149 -5 67 -72
1535510600.9866548 696 614 633 700 685 678 -7626 -858 -1376 -3949 2284 4659 -4 67 -72
1535510601.026702 697 614 633 700 685 678 -6892 810 -2750 511 -4473 1128 -5 65 -73
1535510601.0750532 696 614 633 700 685 677 -8096 -1330 -2152 -4135 2984 823 -5 65 -73
1535510601.139978 697 614 633 699 685 677 -8650 300 -3864 1979 3682 -2661 -4 66 -72
1535510601.211711 697 614 633 700 685 678 -8044 -964 -4116 -1274 -4003 641 -5 67 -73
1535510601.2797008 697 614 633 700 685 678 -7650 88 -316 2294 -4465 -2485 -3 65 -71
1535510601.35373 697 614 633 700 685 677 -7966 -1844 -3020 878 4865 -3069 -3 68 -69
1535510601.425706 697 614 633 700 685 677 -7784 -646 -2686 -578 283 1849 -2 68 -72
1535510601.630827 697 614 633 700 685 678 -7772 -660 -2938 501 414 -208 0 68 -70
1535510601.6649988 697 615 633 700 685 678 -7710 -586 -2770 138 129 699 -3 68 -72
1535510601.7017949 697 614 633 700 685 678 -7804 -628 -2838 140 218 373 -3 68 -71
1535510601.7402117 698 614 633 700 685 677 -7868 -494 -2942 -36 440 227 -2 66 -72
1535510601.7806492 698 615 633 700 685 678 -7768 -574 -2854 482 109 55 0 68 -71
1535510601.8288517 697 614 633 700 685 678 -7720 -492 -2864 8 441 88 -2 65 -71
1535510601.8948967 697 614 633 700 685 678 -7762 -644 -2908 179 188 152 -3 65 -71
1535510601.9631593 697 614 633 700 685 677 -7796 -448 -2922 379 71 -36 -3 68 -71
1535510602.030236 697 614 633 700 685 678 -7788 -568 -2956 206 347 19 -3 67 -71
1535510602.097998 697 614 633 700 685 678 -7806 -566 -2874 261 -11 468 -3 68 -71
1535510602.280518 697 614 633 700 685 677 -7828 -410 -3000 121 431 -28 -4 68 -71
1535510602.314551 697 614 633 700 685 678 -7708 -496 -2852 -94 27 404 -3 67 -71
1535510602.3569067 697 614 633 700 685 678 -7944 -642 -3120 121 -747 431 -3 68 -71
1535510602.4067535 697 614 633 700 685 678 -7690 -438 -2624 -90 -483 -352 -4 68 -71
1535510602.4547727 697 614 633 700 685 678 -7840 -476 -2902 707 285 -897 -4 64 -70
1535510602.5105805 696 614 633 700 685 678 -7880 -630 -2836 793 369 -869 -1 67 -72
1535510602.581899 697 614 633 700 685 678 -7240 -550 -3218 1373 -2583 143 -3 68 -71
1535510602.653383 697 614 633 700 685 678 -7868 -562 -2540 1394 -1429 211 -3 68 -73
1535510602.721581 697 614 633 700 685 678 -7720 -530 -2792 594 80 -349 -1 67 -70
1535510602.7915578 697 615 633 700 685 678 -7982 -612 -2620 -326 1039 216 -2 68 -72
1535510603.0024064 697 614 633 700 685 677 -7228 -358 -2466 717 -411 -52 -3 67 -72
1535510603.0384276 697 614 633 700 685 677 -7438 -1472 -2830 -2433 1020 665 -4 71 -71
1535510603.0818484 697 614 633 700 685 678 -7486 -248 -2414 242 -471 439 -2 68 -72
1535510603.1314268 697 615 633 700 685 678 -8828 -394 -2920 -742 2131 -1078 -1 68 -68
1535510603.1755505 696 615 633 700 685 678 -8828 -1818 -4406 -1826 5185 -1348 -2 67 -71
1535510603.2225325 696 614 633 699 685 677 -8100 -1114 -3714 1199 -2427 173 -1 68 -74
1535510603.29383 697 614 633 700 685 678 -8102 -1110 -3358 -281 -2698 1263 -3 64 -75
1535510603.3678517 697 614 633 700 685 678 -8186 -858 -2308 -3206 -4236 5269 -2 68 -71
1535510603.4376156 698 614 633 700 685 678 -7446 204 -1264 651 5617 -3766 -3 69 -72
1535510603.5105088 698 614 633 700 685 677 -8074 -1902 -4252 309 1974 -2945 -2 70 -69
1535510603.7524917 697 614 633 700 685 678 -7518 -914 -2526 207 202 229 -1 67 -72
1535510603.7934725 697 614 633 700 685 678 -7834 -1096 -3172 -182 839 274 0 67 -72
1535510603.834697 697 614 633 700 685 678 -7630 -930 -2962 732 -72 -354 -1 66 -72
1535510603.8808093 697 614 633 700 685 678 -7706 -988 -2908 537 -138 -20 1 67 -72
1535510603.9298515 697 614 633 700 685 678 -7758 -1048 -3054 -107 366 233 0 69 -72
1535510603.9746377 697 614 633 700 685 678 -7628 -978 -2948 34 239 146 -1 67 -72
1535510604.0195203 697 614 633 700 685 678 -7752 -1040 -2994 408 -2 -12 0 70 -70
1535510604.0638237 697 614 633 700 685 678 -7664 -1008 -2928 -97 414 208 -2 66 -72
1535510604.1250944 697 615 634 700 685 678 -7694 -1012 -3088 489 213 -72 1 69 -72
1535510604.1942313 697 614 633 700 685 677 -7634 -1022 -2946 256 152 -10 0 68 -70
1535510604.468968 697 614 633 700 685 678 -7662 -1066 -2988 -103 222 380 -3 69 -72
1535510604.5105424 697 614 633 700 685 678 -7776 -962 -3138 143 26 259 -1 66 -69
1535510604.5494595 697 614 633 700 685 678 -7922 74 -2640 2010 -66 -1171 -1 68 -71
1535510604.588457 697 614 633 700 685 678 -7486 -1438 -3612 2928 -2256 1290 0 67 -69
1535510604.6385155 696 614 633 700 685 678 -7578 -1540 -1646 684 -3333 1891 1 67 -71
1535510604.6824577 696 614 633 700 685 678 -7954 -1404 -3392 -5404 4325 -267 1 69 -71
1535510604.7294488 696 615 633 700 685 677 -7980 -760 -4008 4229 -2551 -2277 -2 67 -70
1535510604.7753878 697 615 633 700 685 678 -9376 -1910 -3534 -2111 -7595 7000 -2 65 -72
1535510604.8316956 697 614 633 700 685 678 -7244 8 -482 6617 -4291 -4279 0 68 -68
1535510604.9017322 698 614 633 700 685 678 -7924 -1122 -1012 3355 748 -3843 0 71 -66
1535510605.1964316 697 615 633 700 685 677 -8382 -2568 -2170 -144 1605 -794 2 72 -66
1535510605.240398 698 614 633 700 685 678 -8156 -1266 -2386 -1282 1551 1850 4 70 -66
1535510605.2774224 697 614 633 700 685 678 -8052 -860 -2152 1033 -234 785 3 70 -66
1535510605.3197696 697 614 633 700 685 678 -7746 -556 -1760 317 -544 1170 1 70 -68
1535510605.3716142 698 614 633 700 685 677 -8122 -532 -2430 1068 1498 -1614 2 70 -66
1535510605.4217129 697 614 633 700 685 678 -8048 -1274 -2656 -162 -2006 884 3 72 -68
1535510605.4716647 697 614 633 700 684 678 -7488 -568 -1086 -1310 -514 1113 2 69 -69
1535510605.517475 697 614 633 700 685 678 -7546 -496 -1142 37 1326 -566 2 71 -67
1535510605.5621285 697 614 633 700 685 678 -8218 -1302 -2128 970 1654 -1616 2 71 -67
1535510605.6075006 697 614 633 700 685 678 -8208 -1422 -2344 -304 955 254 1 72 -67
1535510605.9294572 697 614 633 700 685 678 -7932 -1170 -2274 -520 1337 661 4 70 -66
1535510605.9682713 697 614 633 700 684 678 -7876 -866 -2350 -358 1107 430 3 69 -69
1535510606.006316 697 614 633 700 685 678 -7854 -808 -2262 -426 1070 225 1 72 -67
1535510606.0541759 697 615 633 700 685 678 -8086 -1136 -2706 -357 1299 142 2 69 -68
1535510606.1025035 697 614 633 700 685 677 -7944 -862 -2536 -419 -314 994 0 69 -70
1535510606.1545293 697 614 633 700 685 678 -7758 -656 -2404 547 662 -500 0 71 -70
1535510606.1983645 698 614 633 700 685 677 -7910 -850 -2704 -248 221 314 1 69 -69
1535510606.2412066 697 614 633 700 685 678 -7772 -852 -2430 125 249 6 1 68 -70
1535510606.2813625 697 614 633 700 684 678 -7826 -772 -2610 172 177 158 1 68 -69
1535510606.323689 698 614 633 700 685 678 -7878 -742 -2570 81 281 -255 -1 71 -70
1535510606.5734854 697 614 633 700 685 678 -7900 -1022 -2494 47 174 -105 1 69 -70
1535510606.6122906 697 614 633 700 685 677 -7866 -918 -2582 -7 291 202 1 69 -69
1535510606.6552858 697 614 633 700 685 678 -7862 -680 -2590 206 209 10 -1 67 -69
1535510606.6955087 697 614 633 700 685 678 -7806 -742 -2598 126 217 166 3 69 -69
1535510606.7352707 698 614 633 700 685 678 -7904 -762 -2582 267 231 -9 -1 68 -68
1535510606.772276 697 614 633 700 685 678 -7896 -874 -2528 265 18 -53 0 68 -70
1535510606.8123186 697 614 633 700 685 678 -7880 -750 -2554 181 169 51 -1 69 -71
1535510606.855592 698 614 633 700 685 678 -7896 -910 -2560 30 108 34 1 69 -69
1535510606.9045122 697 614 633 700 684 678 -7850 -836 -2588 192 180 242 1 68 -70
1535510606.9594424 698 614 633 700 685 678 -7808 -816 -2602 131 128 63 -2 66 -70
1535510607.2433457 697 614 633 700 685 678 -7808 -658 -2706 347 244 53 -1 67 -69
1535510607.2771835 697 614 633 700 685 678 -7886 -694 -2648 185 71 -1 -2 68 -70
1535510607.3112967 697 614 633 700 685 678 -7924 -926 -2542 402 139 -34 -1 68 -70
1535510607.3524954 697 615 633 700 685 678 -7810 -872 -2584 423 66 41 -1 67 -70
1535510607.4027061 698 615 633 700 684 678 -7876 -800 -2612 279 221 200 0 69 -70
1535510607.4493449 697 614 633 700 685 678 -7920 -694 -2640 285 -40 -9 1 68 -71
1535510607.4943166 697 614 633 700 685 678 -7880 -820 -2576 291 -71 -6 0 67 -70
1535510607.5342617 697 614 633 700 685 678 -7858 -782 -2570 189 329 74 2 68 -70
1535510607.580517 697 614 633 700 685 678 -7912 -754 -2588 186 137 -32 -1 68 -70
1535510607.628525 697 614 633 700 685 678 -7922 -848 -2602 71 400 158 1 66 -68
1535510607.8981197 697 614 633 700 685 678 -7818 -742 -2596 -131 255 202 -2 68 -70
1535510607.9323914 697 614 633 700 685 678 -7884 -754 -2638 48 252 95 1 69 -70
1535510607.9679837 697 614 633 700 684 678 -7804 -724 -2608 258 193 35 -1 68 -68
1535510608.0022938 697 614 633 700 685 678 -7854 -668 -2688 132 239 163 0 67 -70
1535510608.03977 697 614 633 700 685 678 -7838 -702 -2650 278 150 -45 -1 68 -69
1535510608.075381 697 614 633 700 685 678 -7896 -762 -2580 253 84 -41 1 68 -70
1535510608.10937 697 614 633 700 685 678 -7880 -744 -2616 244 149 89 -1 68 -71
1535510608.1590464 697 614 633 700 685 678 -7814 -634 -2644 268 149 29 -2 68 -71
1535510608.2250726 697 614 633 700 685 678 -7848 -662 -2764 332 90 -107 0 67 -71
1535510608.2959094 697 614 633 700 685 678 -7858 -846 -2536 361 238 -45 -1 67 -71
1535510608.444743 697 614 633 700 685 677 -7894 -814 -2614 184 90 203 -1 67 -71
1535510608.4810524 697 615 633 700 685 678 -7884 -834 -2626 220 143 97 0 67 -69
1535510608.5187793 697 614 633 700 685 678 -7860 -678 -2666 6 227 172 0 68 -69
1535510608.5580826 697 614 633 700 685 677 -7798 -638 -2546 193 206 -30 1 66 -70
1535510608.627893 697 614 633 700 685 678 -7868 -704 -2710 129 69 -117 0 70 -70
1535510608.6964543 698 614 633 700 685 678 -7780 -790 -2590 -276 597 353 -1 66 -70
1535510608.7657542 697 614 633 700 685 677 -7802 -482 -2822 149 691 -409 -1 69 -71
1535510608.8325648 697 615 633 700 685 678 -7932 -776 -2634 -58 155 131 0 70 -69
1535510608.898002 697 615 633 700 685 678 -7896 -850 -2798 83 193 358 -1 67 -70
1535510608.967095 697 614 633 700 684 678 -7804 -474 -2762 91 368 197 -1 68 -70
1535510609.138422 697 614 633 700 685 678 -7792 -548 -2864 210 116 86 -1 65 -70
1535510609.1705544 697 615 633 700 685 678 -7814 -786 -2770 323 -16 -108 0 66 -71
1535510609.2029545 696 614 633 700 685 678 -7770 -686 -2768 169 108 169 -1 67 -67
1535510609.2381449 697 614 633 700 685 677 -7784 -388 -2868 399 174 -130 1 69 -71
1535510609.307716 697 614 633 700 685 678 -7878 -628 -2808 306 -56 -206 -3 67 -70
1535510609.3729444 698 614 633 700 685 677 -7792 -800 -2674 212 29 -66 -1 68 -70
1535510609.4416697 697 614 633 700 685 678 -7796 -600 -2698 273 99 -48 0 68 -72
1535510609.5067704 697 614 633 700 685 678 -7816 -584 -2846 269 55 -15 -1 68 -72
1535510609.5732017 697 614 633 700 685 678 -7738 -634 -2786 275 122 5 0 67 -70
1535510609.6406476 697 615 633 700 685 677 -7932 -734 -2816 179 187 -24 1 68 -72
1535510609.84742 697 614 633 700 685 678 -7810 -726 -2818 177 57 97 -1 67 -70
1535510609.883503 696 614 633 700 684 678 -7640 -320 -2726 169 181 85 0 68 -70
1535510609.9197507 697 614 633 700 685 678 -7902 -766 -2844 49 202 -202 -2 67 -69
1535510609.957805 696 615 633 700 685 678 -7740 -836 -2714 216 -127 -80 -2 68 -72
1535510609.9955504 697 614 633 700 685 677 -7784 -666 -2800 47 249 301 -2 65 -72
1535510610.043435 697 614 633 700 685 677 -7850 -610 -2808 296 189 83 -1 69 -71
1535510610.1094377 697 614 633 700 684 678 -7792 -452 -2748 312 0 -60 -1 67 -69
1535510610.1746364 697 614 633 700 685 678 -7828 -610 -2804 322 157 -47 -1 67 -70
1535510610.2413743 697 614 633 700 684 678 -7832 -756 -2778 155 172 45 -1 68 -72
1535510610.3112664 697 614 633 700 685 678 -7854 -712 -2686 335 79 133 -2 69 -70
1535510610.4668493 697 614 633 700 685 678 -7852 -624 -2786 420 87 19 -3 67 -70
1535510610.5027971 697 614 633 700 684 678 -7762 -610 -2768 371 276 -41 -1 66 -71
1535510610.535106 697 614 633 700 685 677 -7840 -594 -2782 426 303 -236 0 67 -70
1535510610.573487 697 615 633 700 684 678 -8024 -816 -2710 12 111 314 1 67 -69
1535510610.6448474 697 615 633 700 684 678 -7806 -540 -2780 -13 159 213 0 66 -70
1535510610.710873 697 614 633 700 685 677 -7760 -354 -2790 96 -76 131 -2 66 -68
1535510610.7816806 697 615 633 700 685 678 -7896 -566 -2846 83 108 -189 -3 67 -70
1535510610.8421674 697 614 633 700 685 678 -7802 -792 -2624 -14 503 208 0 67 -71
1535510610.916608 697 614 633 700 685 678 -7768 -600 -2762 -69 425 281 -3 66 -70
1535510610.981628 697 615 633 700 685 677 -7848 -476 -2934 32 336 -13 -3 66 -71
1535510611.196567 697 614 633 700 685 678 -7812 -636 -2774 90 328 -4 -2 66 -71
1535510611.2372572 697 614 633 700 685 678 -7804 -688 -2852 184 44 170 -5 68 -70
1535510611.2785404 697 614 633 700 685 678 -7738 -554 -2850 279 358 210 -3 68 -71
1535510611.325003 697 614 633 700 685 677 -7818 -232 -2944 171 32 35 -2 65 -70
1535510611.3630867 698 615 633 700 684 678 -7794 -764 -2758 298 -21 -158 -3 68 -72
1535510611.399645 697 614 633 700 684 678 -7836 -654 -2840 311 9 -31 -1 66 -71
1535510611.4522922 697 615 633 700 684 678 -7808 -568 -2886 252 171 56 -2 65 -70
1535510611.5208752 697 614 633 700 684 678 -7756 -488 -2814 277 -18 -55 -1 67 -71
