1535510810.5122263 690 611 631 690 675 670 -5992 516 5522 299 142 34 -11 57 -15
1535510810.5769126 690 611 631 690 676 670 -5956 436 5592 208 32 45 -14 59 -17
1535510810.6428685 690 611 631 690 675 669 -6028 428 5518 408 248 12 -13 58 -14
1535510810.711574 690 611 631 690 675 669 -5962 518 5588 158 141 -324 -12 57 -16
1535510810.7790358 690 611 631 690 675 669 -6024 452 5558 210 222 -240 -13 59 -16
1535510810.8455014 690 611 631 690 675 669 -5984 272 5480 53 75 -198 -11 57 -14
1535510810.9130712 690 611 631 690 676 670 -6066 406 5572 226 281 -238 -13 59 -15
1535510810.9802716 690 611 631 690 675 669 -6110 366 5560 217 102 -29 -13 59 -16
1535510811.0455344 691 611 631 690 676 669 -5950 396 5454 329 97 18 -11 57 -16
1535510811.344239 690 611 631 690 675 670 -6052 436 5516 192 286 64 -12 59 -15
1535510811.3778327 690 611 631 690 676 670 -5964 384 5548 218 99 43 -13 58 -12
1535510811.4929135 690 611 631 690 675 669 -6064 402 5448 281 309 41 -12 58 -16
1535510811.6077988 690 611 631 690 675 670 -6040 376 5602 305 -44 17 -13 59 -15
1535510811.6886754 691 611 631 690 675 669 -6008 380 5484 280 141 66 -12 61 -14
1535510811.7187617 690 611 631 690 675 670 -5962 444 5546 203 160 35 -10 56 -15
1535510811.755504 691 611 631 690 675 670 -6014 478 5502 114 63 -218 -13 57 -16
1535510811.7933805 690 611 631 690 675 669 -6026 372 5566 197 318 -135 -11 58 -18
1535510811.8339677 690 611 631 690 675 669 -6092 254 5538 115 131 -56 -11 58 -14
1535510811.8735068 690 611 631 690 676 669 -6136 300 5508 399 98 44 -12 58 -14
1535510811.9143007 690 611 631 690 676 669 -5986 460 5516 319 38 -12 -10 57 -17
1535510812.1006522 690 611 631 690 675 669 -6034 452 5542 73 325 36 -10 58 -16
1535510812.1794047 690 611 631 690 676 669 -6038 348 5568 126 193 -126 -12 57 -16
1535510812.2154884 690 611 631 690 675 669 -6106 332 5460 261 139 -3 -10 58 -14
1535510812.2479782 690 611 631 690 675 669 -6052 428 5534 277 67 0 -9 57 -15
1535510812.2862234 690 611 631 690 675 669 -6088 406 5520 91 177 -107 -13 58 -15
1535510812.3246055 690 611 631 690 675 669 -5972 320 5478 272 139 67 -14 59 -18
1535510812.3660853 691 611 631 690 675 669 -6048 436 5532 215 141 -39 -13 59 -16
1535510812.4049034 691 611 631 690 676 669 -5998 382 5498 244 218 50 -13 62 -16
1535510812.4439802 691 611 631 690 675 669 -6058 366 5444 206 99 164 -13 57 -13
1535510812.4825816 691 611 631 690 675 670 -6086 284 5464 345 127 117 -13 58 -16
1535510812.7186496 691 611 631 690 675 669 -5940 556 5584 331 147 60 -13 56 -14
1535510812.7530658 691 611 631 690 675 669 -6010 384 5500 173 191 109 -15 57 -14
1535510812.792125 691 611 631 690 675 670 -6094 400 5544 81 173 -159 -11 59 -17
1535510812.8396833 691 611 631 690 675 669 -6014 348 5526 315 170 86 -14 60 -15
1535510812.8907297 691 611 631 690 676 669 -6030 414 5540 216 144 -68 -12 58 -15
1535510812.940313 691 611 631 690 675 669 -6050 408 5576 157 361 -174 -12 59 -16
1535510812.9874573 691 611 631 690 675 669 -6002 274 5450 220 -71 147 -11 60 -15
1535510813.0376909 691 611 631 690 675 670 -6116 390 5478 224 190 42 -13 57 -13
1535510813.086362 691 611 631 690 675 669 -5926 396 5514 309 114 132 -14 57 -14
1535510813.1371076 691 611 631 690 675 670 -6142 390 5500 250 27 212 -11 59 -15
1535510813.287712 691 611 631 690 675 668 -6026 316 5454 209 182 -48 -10 59 -16
1535510813.3215644 691 611 631 690 675 670 -6042 372 5568 313 -49 141 -12 58 -14
1535510813.3662832 691 611 631 690 675 669 -6006 402 5512 180 303 -30 -12 58 -16
1535510813.4156477 691 611 631 690 675 669 -6148 418 5498 55 27 -116 -12 58 -14
1535510813.4645283 691 611 631 690 675 669 -6054 382 5552 320 273 28 -12 58 -14
1535510813.5132153 690 611 631 690 675 669 -5990 368 5498 99 -14 -117 -11 58 -15
1535510813.5704005 690 611 631 690 675 669 -6150 366 5526 190 213 -138 -10 58 -16
1535510813.6387045 691 611 631 690 675 670 -6020 308 5522 259 213 -113 -12 58 -14
1535510813.7036374 691 611 631 690 675 670 -6126 402 5488 262 2 -74 -12 59 -14
1535510813.7707121 691 611 631 690 675 669 -6004 434 5550 220 204 -17 -13 56 -15
1535510813.936359 690 611 631 690 675 669 -6032 266 5476 191 83 -51 -12 59 -15
1535510813.9760754 691 611 631 690 676 670 -6070 342 5502 243 248 47 -11 60 -13
1535510814.0225751 691 611 631 690 675 669 -5986 364 5516 258 -15 24 -12 58 -15
1535510814.069813 690 611 631 690 676 669 -6114 428 5500 222 212 99 -12 56 -14
1535510814.116366 691 611 631 690 675 669 -6006 304 5488 243 72 35 -11 59 -16
1535510814.1648371 691 611 631 690 675 669 -6090 400 5484 295 112 50 -12 60 -15
1535510814.2324853 690 611 631 690 676 670 -5984 336 5518 200 165 105 -10 58 -15
1535510814.2968273 690 611 631 690 675 669 -6068 360 5490 230 71 82 -12 58 -13
1535510814.3644788 691 611 631 690 675 669 -6032 334 5470 157 166 -70 -12 59 -16
1535510814.4306476 691 611 631 690 676 669 -6076 432 5586 291 91 100 -13 57 -14
1535510814.5114572 691 611 631 690 675 669 -6086 350 5486 110 76 1 -13 59 -16
1535510814.5585713 690 611 631 690 675 670 -6006 254 5436 195 42 12 -14 61 -13
1535510814.624973 691 611 631 690 675 669 -6062 390 5514 329 147 21 -11 58 -16
1535510814.6935928 690 611 631 690 675 669 -5962 462 5572 177 329 -107 -11 58 -16
1535510814.761261 691 611 631 690 675 669 -6036 280 5520 107 134 -201 -13 56 -13
1535510814.8302653 690 611 631 690 675 669 -6140 312 5480 114 239 -159 -13 57 -15
1535510814.898367 690 611 631 690 675 669 -6028 346 5460 174 134 -111 -12 58 -15
1535510814.9652019 690 611 631 690 675 669 -6120 244 5430 241 80 -112 -12 58 -12
1535510815.031993 690 611 631 690 675 669 -6054 272 5504 209 222 -53 -12 58 -15
1535510815.0983174 690 611 631 690 675 670 -6078 328 5494 216 77 -91 -10 60 -15
1535510815.4068377 690 611 631 690 675 669 -6108 292 5450 264 171 43 -11 57 -14
1535510815.4439652 690 611 631 690 675 668 -6042 300 5444 178 88 -86 -11 58 -15
1535510815.4823864 690 611 631 690 676 669 -6172 196 5452 345 211 -14 -11 60 -15
1535510815.5229058 690 611 631 690 675 669 -6042 324 5496 363 27 350 -14 59 -15
1535510815.5607114 690 611 631 690 675 669 -6110 400 5446 486 15 529 -13 59 -14
1535510815.5980103 691 611 631 690 675 670 -5962 492 5566 273 248 492 -10 59 -17
1535510815.642992 690 611 631 690 675 669 -6078 378 5448 454 487 698 -12 59 -14
1535510815.6924717 690 611 631 690 675 669 -6064 316 5438 869 282 1448 -13 61 -17
1535510815.7400622 690 611 631 690 675 669 -6216 622 5502 1377 123 1840 -11 59 -16
1535510815.7839055 690 611 631 690 675 669 -6006 796 5484 378 -20 459 -15 58 -15
1535510815.9132338 690 611 631 690 675 669 -6040 882 5498 -11 198 -371 -15 57 -16
1535510815.9452608 690 611 631 690 675 669 -6144 762 5522 -114 245 -613 -16 57 -17
1535510815.980219 691 611 631 690 675 669 -6106 642 5472 -116 -180 -440 -15 57 -17
1535510816.0420468 691 611 631 690 675 669 -6028 492 5500 192 265 -391 -14 59 -15
1535510816.1106865 690 611 631 690 675 669 -6156 702 5526 149 -120 -27 -13 57 -15
1535510816.1757464 691 611 631 690 675 669 -6016 646 5534 96 23 284 -14 57 -15
1535510816.2447238 690 611 631 690 675 670 -6158 538 5484 360 -1256 132 -12 57 -15
1535510816.3130913 691 611 631 690 675 669 -6138 1148 5960 565 311 645 -13 56 -17
1535510816.382389 690 611 631 690 675 669 -5496 732 5650 702 2862 1278 -14 57 -13
1535510816.4569533 691 611 631 690 675 669 -6240 364 5428 513 1328 -470 -14 58 -17
1535510816.79089 690 611 631 690 675 669 -5988 330 4914 1658 3398 532 -13 58 -18
1535510816.8308363 691 611 631 690 675 669 -6622 1054 5364 1628 2285 -150 -14 59 -17
1535510816.8677554 691 611 631 690 675 669 -6330 424 5082 1494 -3 2350 -14 60 -17
1535510816.9090831 691 611 631 690 675 669 -6698 1622 5054 2611 399 -198 -14 59 -21
1535510816.956011 690 611 631 690 675 669 -6296 1234 4798 1388 -444 2443 -16 60 -18
1535510817.0012796 690 611 631 690 675 669 -6540 1490 4978 3222 970 -669 -17 60 -18
1535510817.043793 691 611 631 690 675 669 -6104 642 4652 3311 7292 245 -18 62 -24
1535510817.083799 690 611 631 690 675 669 -5658 958 3140 -6530 12005 -1642 -19 61 -25
1535510817.1259894 690 611 631 690 675 669 -7248 1444 1996 1875 893 -746 -14 66 -24
1535510817.1750898 690 611 631 690 675 669 -7428 880 3630 1223 -1213 175 -15 64 -23
1535510817.5110302 691 611 631 690 675 669 -7308 1148 3664 862 -727 -705 -16 65 -23
1535510817.550735 690 611 631 690 675 669 -7118 952 3918 -464 -154 609 -15 63 -23
1535510817.587869 690 611 631 690 675 669 -7300 830 3624 196 735 757 -15 66 -24
1535510817.627111 690 611 631 690 675 669 -7224 1196 3300 1212 -450 1927 -14 64 -25
1535510817.675161 691 611 631 690 675 669 -7006 1600 3716 495 -661 386 -17 65 -25
1535510817.7269151 690 611 631 690 675 669 -6978 966 3904 581 -1323 -420 -18 62 -24
1535510817.7783287 690 611 631 690 675 669 -7258 1204 3898 276 -17 17 -16 63 -22
1535510817.828135 690 611 631 690 675 669 -6994 1300 3986 911 -369 -259 -16 64 -26
1535510817.8788476 690 611 631 690 675 669 -7164 1490 3818 718 281 -902 -17 62 -23
1535510817.930795 691 611 631 690 675 669 -7152 1112 3874 -66 474 610 -17 63 -23
1535510818.2312157 690 611 631 690 675 669 -7126 1540 4016 433 -380 -668 -17 63 -24
1535510818.276767 690 611 631 690 675 669 -7180 1380 3870 -128 512 1445 -17 63 -22
1535510818.316669 691 611 631 690 675 669 -7038 1198 3994 665 -641 88 -16 64 -23
1535510818.3536448 690 611 631 690 675 668 -7158 1502 3926 487 172 -204 -17 63 -24
1535510818.3979955 691 611 631 690 675 669 -7042 1370 3972 357 374 763 -18 60 -25
1535510818.4457736 691 611 631 690 675 669 -7342 1632 3968 82 991 996 -17 62 -24
1535510818.4948807 690 611 631 690 675 669 -6972 1466 3976 223 -426 154 -15 61 -24
1535510818.5427063 691 611 631 690 675 669 -7302 1594 3796 182 478 -455 -16 61 -24
1535510818.5925162 691 611 631 690 675 669 -6954 1408 3988 319 199 423 -19 62 -25
1535510818.6418238 691 611 631 690 675 670 -7070 1456 3864 254 -139 -229 -18 63 -24
1535510818.9507043 691 611 631 690 675 669 -7176 1400 3864 471 139 -107 -16 63 -23
1535510818.993921 690 611 631 690 675 669 -7110 1486 3956 258 -4 237 -17 65 -21
1535510819.0316477 691 611 631 690 675 669 -7196 1550 3856 150 376 -233 -19 62 -24
1535510819.0696397 690 611 631 690 675 669 -7036 1560 3950 402 458 614 -19 61 -25
1535510819.1129165 690 611 631 690 675 669 -7284 1492 3834 212 76 -344 -19 63 -25
1535510819.163054 690 611 631 690 675 669 -7102 1482 3886 618 238 423 -17 62 -25
1535510819.2107923 690 611 631 689 675 669 -7040 1498 3890 220 -51 64 -18 61 -28
1535510819.2596502 690 611 631 690 675 669 -7192 1522 3812 115 236 -41 -19 63 -24
1535510819.3068917 690 611 631 690 675 669 -7114 1476 3858 188 -80 -84 -17 63 -25
1535510819.3539233 690 611 631 690 675 669 -6824 1450 3692 -206 5 851 -18 62 -26
1535510819.6616292 690 611 631 690 675 669 -6800 1838 4046 -2640 -936 82 -18 61 -24
1535510819.7045658 690 611 631 690 675 669 -6684 1318 4278 1305 -6922 -964 -17 62 -22
1535510819.7476676 690 612 631 690 676 669 -6652 1150 4994 1820 -3781 -438 -15 59 -22
1535510819.7895882 690 611 631 690 676 669 -6760 930 4672 -1125 1858 -1734 -16 61 -23
1535510819.8306835 690 611 631 689 676 669 -8546 1318 5158 -486 6415 -962 -15 60 -21
1535510819.8753433 690 611 631 690 675 669 -3182 0 3168 1704 -1775 1707 -14 60 -20
1535510819.9247274 691 611 631 690 675 669 -6934 2494 4686 1826 7784 -2687 -18 61 -23
1535510819.973714 690 611 631 690 675 669 -7586 1116 3848 -529 -378 1414 -16 63 -23
1535510820.020604 690 611 631 690 675 669 -7120 722 4132 306 792 -1781 -14 63 -22
1535510820.0615864 690 611 631 690 675 669 -7180 1020 4084 169 -294 1431 -16 63 -24
1535510820.3760176 690 611 631 690 675 669 -6972 1222 4090 539 165 765 -15 63 -24
1535510820.413514 690 611 631 690 675 670 -7136 1258 3994 322 70 -91 -15 64 -26
1535510820.4516432 690 611 631 690 675 669 -6974 988 4072 302 97 162 -15 62 -24
1535510820.4927325 690 611 631 690 675 669 -7108 1262 4064 318 146 313 -14 62 -25
1535510820.5397882 690 611 631 690 675 669 -7044 1162 3968 151 64 55 -15 64 -24
1535510820.5900078 690 611 631 690 675 669 -7042 1180 4070 376 127 69 -13 63 -23
1535510820.636818 690 611 631 690 675 669 -7132 1238 4002 310 306 153 -15 63 -24
1535510820.6835794 690 611 631 690 675 669 -7072 1250 4052 260 -32 455 -16 63 -26
1535510820.7320771 691 611 631 690 675 669 -7018 1290 4042 246 216 -74 -16 64 -25
1535510820.7716672 691 611 631 689 675 669 -7128 1246 3936 451 97 40 -16 64 -24
1535510821.040393 690 611 631 690 675 668 -7020 1214 4060 266 207 250 -15 63 -23
1535510821.0764565 691 611 631 689 675 669 -7154 1264 3900 346 34 128 -15 60 -25
1535510821.1205106 690 611 631 690 675 668 -7092 1300 4008 281 188 41 -15 63 -24
1535510821.1706173 690 611 631 690 675 669 -7084 1202 4018 228 112 130 -16 62 -24
1535510821.2155442 690 611 631 690 675 669 -7054 1364 3982 279 290 281 -17 63 -25
1535510821.262044 690 611 631 690 675 669 -7114 1286 3970 137 -80 139 -15 64 -23
1535510821.3044803 690 611 631 690 675 669 -7066 1304 4052 399 288 -85 -14 63 -23
1535510821.3425763 690 611 631 689 675 670 -7062 1230 4028 243 18 377 -16 62 -25
1535510821.386764 691 611 630 689 675 669 -7172 1496 3972 159 373 -264 -16 63 -24
1535510821.434707 690 611 631 690 675 669 -6930 1356 4058 239 -23 314 -16 62 -23
1535510821.7534292 690 611 631 689 675 669 -7168 1406 3992 72 265 -290 -15 62 -22
1535510821.7954965 690 611 631 689 675 669 -7038 1254 3994 278 123 -27 -14 64 -23
1535510821.8344696 690 611 631 690 675 669 -7038 1492 4142 212 207 -904 -18 64 -22
1535510821.8744342 690 611 631 690 675 669 -7058 1044 3898 -127 -377 1114 -14 64 -24
1535510821.9203303 691 611 631 690 675 669 -7150 1504 3910 1 -418 75 -16 64 -24
1535510821.9696763 690 611 631 689 675 669 -6890 1698 4414 -346 -419 -601 -14 62 -25
1535510822.0144632 690 611 631 689 675 669 -7226 1252 4182 209 -1979 -431 -15 62 -23
1535510822.0656593 690 611 631 689 676 669 -6664 1070 3788 1701 -4675 -3594 -14 62 -21
1535510822.116805 690 611 630 689 676 669 -6784 2574 4654 760 -461 -1820 -15 61 -24
1535510822.1720054 690 611 631 689 675 669 -7814 1744 4672 -1405 2373 -5403 -14 63 -22
1535510822.4958332 690 611 631 690 675 669 -6516 -630 3876 -1761 -462 7713 -15 63 -22
1535510822.5354838 690 611 631 689 675 669 -5652 910 4812 1205 1290 1860 -16 62 -22
1535510822.573373 691 611 631 690 675 669 -7166 1570 4048 2999 4375 1614 -16 62 -24
1535510822.615599 690 611 631 689 675 669 -6890 1678 4064 256 -208 134 -20 63 -23
1535510822.6655295 690 611 631 690 675 669 -7082 1492 3966 876 254 367 -18 63 -23
1535510822.7130466 690 611 631 689 675 669 -6988 2218 3486 2554 -6 1817 -17 62 -24
1535510822.7648387 690 611 631 690 674 669 -6558 2210 4164 -401 309 1504 -18 60 -24
1535510822.815611 690 611 631 690 675 669 -6466 1540 4096 -931 1398 -24 -17 61 -25
1535510822.868615 690 611 631 690 675 669 -8924 1980 3602 -147 3186 -3446 -17 61 -23
1535510822.9185984 691 611 631 690 675 669 -6890 944 4008 165 -1398 1416 -14 61 -26
1535510823.2274127 690 611 631 689 675 669 -7216 1814 3764 712 258 350 -17 62 -24
1535510823.267643 691 611 631 690 675 669 -6852 1924 3892 420 -126 434 -16 61 -24
1535510823.3072908 691 611 631 690 675 669 -7114 1754 3820 268 184 -303 -15 62 -25
1535510823.3467052 690 611 631 689 675 669 -7004 1492 3944 298 76 217 -18 62 -26
1535510823.3965423 690 611 631 690 675 669 -7120 1654 3860 320 -80 -249 -16 61 -23
1535510823.4456136 690 611 631 689 675 669 -7010 1686 3946 351 340 -5 -16 64 -25
1535510823.4915688 691 611 631 690 675 669 -7136 1706 3810 99 -119 -222 -15 62 -23
1535510823.5394688 691 611 631 689 675 669 -7128 1702 3894 248 371 10 -17 61 -22
1535510823.588573 691 611 631 690 675 669 -7086 1568 3840 158 -15 -100 -15 62 -24
1535510823.6395438 690 611 631 690 675 669 -7126 1664 3874 289 313 -89 -16 62 -25
1535510823.9533367 690 611 631 690 675 670 -7024 1706 3912 143 94 252 -18 61 -24
1535510823.9944937 690 611 631 690 675 669 -7152 1662 3932 179 1 12 -18 62 -24
1535510824.0322745 690 611 631 690 675 669 -7156 1708 3902 173 318 -177 -16 63 -26
1535510824.0743382 691 611 631 690 675 669 -7032 1622 3850 272 -233 445 -16 62 -25
1535510824.1234336 689 611 631 690 675 669 -7152 1690 3908 191 214 -104 -17 61 -24
1535510824.1734157 690 611 631 690 675 669 -7106 1648 3928 191 177 164 -18 61 -24
1535510824.2211502 690 611 631 689 675 669 -7130 1690 3900 180 180 220 -18 62 -27
1535510824.2714298 690 611 631 690 675 669 -7082 1674 3900 -53 841 341 -15 62 -26
1535510824.3196297 690 611 631 689 675 669 -7144 2062 4134 693 -1227 1568 -16 60 -25
1535510824.3726053 690 611 631 690 675 669 -6462 1978 3752 750 -753 -3632 -15 60 -24
1535510824.6864805 690 611 631 690 675 669 -6538 1710 3298 785 -2600 -1604 -18 61 -23
1535510824.7293293 690 611 630 689 675 669 -6700 1940 3992 -168 595 -524 -15 60 -23
1535510824.7699745 691 611 630 689 676 669 -6804 1416 4114 130 237 916 -16 60 -21
1535510824.8071988 690 611 630 690 676 669 -6558 1944 4788 -84 -521 260 -17 58 -23
1535510824.8482738 690 611 631 690 675 669 -7268 2220 4428 -2929 4566 -5430 -15 60 -22
1535510824.8995125 691 612 631 690 675 668 -6166 2626 3342 -1500 2108 -617 -16 62 -24
1535510824.9494686 690 611 631 689 674 669 -7566 1930 4202 704 4414 1231 -15 63 -23
1535510824.9974942 690 611 631 689 675 668 -6986 1354 3896 692 -669 -257 -15 61 -24
1535510825.0474136 690 611 631 689 675 669 -7186 1426 3966 31 414 -348 -17 61 -25
1535510825.103366 690 611 631 690 674 669 -7072 1330 3928 408 165 444 -13 64 -21
1535510825.3910868 690 611 631 690 674 669 -7104 1642 3932 253 14 259 -16 63 -24
1535510825.4251826 690 611 631 689 675 668 -7120 1476 3862 628 196 37 -17 62 -22
1535510825.4633293 690 611 631 690 674 669 -7100 1482 3876 169 272 -14 -14 64 -24
1535510825.5094788 691 611 631 690 675 669 -7100 1592 3908 262 -21 166 -17 62 -25
1535510825.5599506 690 611 631 689 674 669 -7162 1562 3840 195 447 -116 -15 63 -23
1535510825.6115403 690 611 631 689 674 669 -7020 1476 3944 344 -246 90 -14 66 -23
1535510825.661425 690 611 631 689 674 669 -7096 1570 3876 341 199 88 -16 61 -24
1535510825.710274 690 611 631 690 675 668 -7174 1566 3876 134 206 -100 -14 62 -23
1535510825.7553594 690 611 631 689 675 669 -7104 1530 3906 302 301 4 -14 62 -25
1535510825.8054504 691 611 631 690 675 669 -7100 1594 3900 114 38 -177 -17 62 -25
1535510826.115129 690 611 631 689 675 668 -7150 1486 3850 249 152 -38 -15 62 -25
1535510826.1511214 690 611 631 689 675 670 -7092 1538 3924 331 63 152 -17 61 -23
1535510826.1892345 691 611 631 690 675 669 -7112 1560 3958 255 -81 208 -17 63 -23
1535510826.234679 691 611 631 689 675 668 -7072 1510 3936 135 139 -108 -17 61 -23
1535510826.2771637 690 611 631 690 674 669 -7194 1598 3912 139 104 -43 -14 61 -24
1535510826.3154469 690 611 631 690 675 669 -7100 1556 3932 182 145 209 -16 61 -24
1535510826.353464 690 611 631 690 675 669 -7106 1608 3936 196 64 -4 -17 61 -26
1535510826.406371 690 611 631 690 675 669 -7126 1542 3942 165 238 -301 -14 62 -22
1535510826.4572918 691 611 631 689 675 669 -7096 1492 3898 262 294 13 -16 62 -23
1535510826.5032938 690 611 631 689 674 668 -7046 1604 3928 286 41 121 -14 61 -23
1535510826.7852993 690 611 631 689 675 669 -7046 1592 3894 298 3 -120 -16 60 -23
1535510826.8252008 690 611 631 689 675 669 -7104 1670 3896 85 236 -302 -15 63 -24
1535510826.8658073 690 611 631 689 674 669 -7236 1552 3904 -58 -40 -446 -17 61 -24
1535510826.916167 690 611 631 689 675 669 -7244 1382 3790 368 -189 211 -16 62 -24
1535510826.9664502 691 611 631 689 674 669 -6690 1000 4022 -368 755 -426 -13 59 -27
1535510827.0173545 690 611 631 689 675 669 -8664 1730 4282 -685 -3540 -23 -14 61 -25
1535510827.0683227 690 611 631 689 675 669 -6628 924 3828 779 -5492 -1383 -14 62 -22
1535510827.1203358 691 612 630 689 675 669 -7018 -6 3792 -228 4686 4073 -14 63 -22
1535510827.1735265 690 611 631 689 675 669 -6306 1488 3612 -214 -636 -1934 -15 63 -24
1535510827.2213879 690 612 631 689 675 668 -7572 2202 4774 1032 -3640 419 -16 60 -22
1535510827.5001981 690 611 631 689 675 669 -7762 1826 4682 -826 4424 -1652 -15 62 -20
1535510827.5369916 690 611 631 689 674 668 -6274 1272 4722 -524 2171 233 -13 62 -21
1535510827.5682056 690 612 631 690 674 669 -7506 584 3698 -63 655 382 -12 62 -25
1535510827.6102133 690 611 631 689 675 669 -7076 1028 4176 867 499 738 -12 64 -25
1535510827.6613207 690 611 631 689 674 669 -7092 1334 3988 248 261 385 -14 63 -22
1535510827.7101827 690 611 631 689 674 669 -6972 1220 4040 374 29 591 -14 62 -22
1535510827.7565296 691 611 631 689 675 668 -7168 1214 3980 455 219 283 -11 63 -25
1535510827.8042984 690 611 630 690 674 668 -7048 1236 4026 503 -9 90 -14 62 -23
1535510827.8542492 690 611 631 689 674 669 -7068 1178 3958 333 318 58 -15 62 -24
1535510827.9013567 690 611 631 689 675 669 -7042 1370 4078 225 41 497 -12 63 -22
1535510828.1879442 691 611 631 689 674 669 -7104 1244 4040 158 175 51 -14 62 -25
1535510828.2270088 690 611 630 689 674 668 -7086 1276 3948 275 127 -100 -16 63 -25
1535510828.267353 690 611 630 689 674 669 -7126 1320 3828 263 143 247 -15 64 -23
1535510828.3181562 690 611 631 689 675 669 -7056 1312 4044 186 174 191 -15 63 -23
1535510828.3652875 690 611 630 689 674 668 -7048 1316 4006 196 31 122 -13 65 -22
1535510828.414933 690 611 631 690 675 669 -7094 1342 4012 202 151 156 -12 64 -26
1535510828.463118 689 611 631 689 674 669 -7048 1308 3972 272 160 108 -14 62 -24
1535510828.510294 690 611 631 690 674 669 -7098 1256 3982 282 100 -57 -14 61 -23
1535510828.5602338 690 611 631 689 674 669 -7110 1306 4052 243 135 55 -15 63 -24
1535510828.610596 690 611 630 689 674 669 -7126 1272 3966 351 -9 422 -17 61 -22
1535510828.8940556 690 611 631 689 674 668 -7070 1416 4050 167 327 -169 -15 64 -24
1535510828.934203 689 611 631 689 674 669 -7054 1292 3986 153 -52 -199 -13 63 -23
1535510828.9801698 690 611 631 689 674 669 -7146 1272 3946 359 86 141 -15 62 -23
1535510829.0282378 689 611 631 689 674 669 -7070 1380 4026 344 107 155 -14 64 -24
1535510829.0723186 690 611 630 689 674 669 -7078 1316 4032 209 -13 -195 -15 63 -26
1535510829.120385 690 611 631 689 674 669 -7180 1262 4014 393 82 -154 -14 63 -22
1535510829.1711357 690 611 630 689 675 669 -7082 1362 4058 267 97 106 -16 64 -22
1535510829.2160556 690 611 631 689 674 668 -7338 1220 3876 -940 32 617 -15 62 -23
1535510829.261613 690 611 630 689 674 668 -7458 1774 3874 42 -1877 585 -16 62 -22
1535510829.3131056 690 611 631 689 675 669 -6876 1534 4620 -329 -4150 59 -14 62 -20
1535510829.5608525 691 611 630 689 675 669 -6772 734 4420 1030 4063 3482 -11 62 -23
1535510829.6030285 690 612 631 689 675 669 -6284 1668 5012 670 2047 822 -14 58 -21
1535510829.6491525 691 612 631 689 675 669 -6864 2078 4442 625 -839 -811 -15 60 -24
1535510829.6961174 691 612 631 689 675 669 -7552 2036 4576 -1986 513 -5410 -14 61 -22
1535510829.7455342 690 611 631 689 674 668 -5468 2678 3968 2608 3129 -3396 -15 62 -20
1535510829.7962837 690 611 631 689 675 669 -7556 1336 3838 157 5857 -2870 -15 62 -24
1535510829.8471057 690 611 631 689 674 669 -6794 1004 4182 699 -584 -19 -14 62 -22
1535510829.9012196 690 611 630 689 674 669 -7240 1200 4178 -129 621 -34 -16 63 -25
1535510829.948948 690 611 631 689 674 669 -6984 1140 4216 48 288 168 -13 63 -22
1535510829.9974825 690 611 631 689 674 669 -7116 1182 4078 222 323 187 -14 63 -25
1535510830.2825484 690 611 630 689 674 669 -7010 1168 4194 299 240 341 -14 63 -25
1535510830.3198624 690 611 631 689 674 669 -7038 1230 4098 320 326 371 -12 63 -23
1535510830.3568335 690 611 630 689 674 669 -7018 1332 4118 264 122 134 -15 62 -22
1535510830.3990083 690 611 631 689 674 668 -7134 1182 3992 138 333 -87 -14 61 -24
1535510830.4432302 690 611 630 689 674 669 -7018 1242 4204 317 77 287 -15 64 -22
1535510830.4879093 690 611 630 689 674 669 -7040 1288 4040 183 192 -103 -14 62 -23
1535510830.5298553 690 611 631 689 674 669 -7054 1280 4000 231 158 -106 -13 62 -22
1535510830.5709877 690 611 630 689 674 669 -7018 1226 3990 231 64 -82 -14 62 -24
1535510830.6190877 690 611 630 689 674 669 -7064 1206 4054 298 105 112 -13 64 -23
1535510830.6730433 690 611 630 689 674 669 -7052 1370 4022 287 124 -122 -15 64 -24
1535510830.994096 690 611 630 689 674 669 -7106 1192 4080 238 91 22 -14 62 -24
1535510831.0348375 690 611 630 689 674 669 -7086 1290 4116 178 285 -86 -13 61 -24
1535510831.0707972 690 611 630 689 674 669 -7032 1204 4058 274 66 32 -13 63 -23
1535510831.114203 690 611 630 689 674 669 -7100 1326 4008 270 93 -23 -14 63 -24
1535510831.1640813 689 611 630 689 674 668 -7030 1318 4040 200 99 -53 -13 60 -23
1535510831.214098 690 611 630 689 674 669 -7044 1264 4076 252 209 -41 -14 63 -23
1535510831.2590382 690 611 630 689 674 669 -7074 1306 4016 234 122 36 -12 62 -23
1535510831.3059525 690 611 630 689 675 669 -7048 1270 4036 207 76 153 -16 63 -23
1535510831.3550448 690 611 630 689 674 669 -7018 1268 4028 197 258 44 -17 62 -22
1535510831.4061418 689 611 631 689 674 669 -7094 1318 4084 214 -28 -68 -12 62 -23
1535510831.6964173 690 611 631 689 674 668 -7062 1220 4092 272 317 -69 -14 63 -22
1535510831.7367659 690 611 631 689 674 669 -7012 1210 4114 289 -39 118 -14 62 -24
1535510831.7752304 690 611 630 689 674 669 -7038 1254 4062 259 115 119 -14 63 -24
1535510831.8097134 690 611 630 689 674 669 -6980 1288 4134 151 110 1 -14 64 -23
1535510831.851039 690 611 631 689 674 669 -7104 1310 4062 184 110 184 -14 63 -26
1535510831.9000874 690 611 630 689 674 668 -7054 1286 4034 238 136 -25 -14 61 -24
1535510831.9519873 690 611 631 689 674 669 -7054 1296 3974 249 120 113 -13 61 -22
1535510831.998177 690 611 631 689 674 669 -7044 1336 4036 178 143 -26 -14 62 -23
1535510832.049967 689 611 631 689 674 669 -7026 1352 4040 178 125 -127 -13 65 -24
1535510832.107915 690 611 630 689 674 669 -7002 1284 4136 282 55 -82 -14 61 -24
1535510832.3786795 690 611 631 689 674 669 -7092 1312 4030 184 169 -277 -15 60 -23
1535510832.4116383 690 611 631 689 674 669 -7016 1262 4094 225 204 80 -15 65 -24
1535510832.4466426 690 611 630 689 674 669 -6992 1214 4094 202 80 60 -15 61 -24
1535510832.4890566 690 611 630 689 674 669 -7074 1204 4014 235 195 -7 -14 64 -25
1535510832.5337405 690 611 630 689 674 669 -6976 1264 4118 287 219 233 -14 62 -24
1535510832.5778143 690 611 630 689 675 669 -7030 1282 4066 240 -19 74 -13 63 -24
1535510832.6203427 690 611 630 689 674 669 -7060 1278 4084 340 161 349 -14 62 -24
1535510832.6606874 690 611 630 689 674 669 -7136 1404 4034 293 241 -58 -14 62 -25
1535510832.7007012 690 611 630 689 674 669 -6782 1166 3898 -60 754 504 -13 63 -24
1535510832.7498724 690 611 630 689 674 669 -6434 1200 3962 -186 -252 -1449 -13 61 -22
1535510833.0057592 690 611 630 689 674 669 -7328 1632 4164 850 -2471 -217 -14 62 -24
1535510833.045746 690 612 631 689 675 669 -7710 1110 3948 449 -513 281 -14 61 -22
1535510833.0899029 690 611 630 689 675 669 -7514 1940 3790 567 -332 1511 -14 61 -23
1535510833.1347845 691 612 630 689 676 669 -7516 1702 4582 732 -1101 1703 -17 61 -22
1535510833.1878495 691 612 631 689 675 669 -6730 1962 4814 -849 -540 -1164 -14 60 -23
1535510833.2338736 690 612 631 689 674 668 -8046 948 4352 -952 1246 301 -15 62 -21
1535510833.281778 690 611 630 689 674 669 -4828 676 4782 949 946 -1972 -14 61 -23
1535510833.3309236 690 611 631 689 674 669 -7458 1464 3484 278 1655 -1178 -15 62 -23
1535510833.3799343 690 611 630 689 674 668 -6984 1010 4302 355 631 -193 -12 62 -23
1535510833.430852 690 611 630 689 674 669 -7102 1356 4158 575 -249 41 -13 64 -25
1535510833.6406202 690 611 630 689 674 668 -6958 1306 4100 205 547 63 -14 63 -22
1535510833.682813 690 611 630 689 674 669 -7020 1242 4008 512 -5 -208 -14 62 -21
1535510833.724839 690 611 630 689 674 669 -7012 1236 4188 325 156 253 -14 63 -24
1535510833.768165 690 611 630 689 674 668 -7004 1330 4116 232 284 132 -13 63 -23
1535510833.8148055 690 611 630 689 674 669 -7010 1232 4104 212 277 166 -15 65 -21
1535510833.8629808 690 611 630 689 674 669 -7020 1240 4134 188 272 -12 -14 64 -22
1535510833.9128978 690 611 630 689 674 669 -7060 1352 4110 252 209 280 -15 62 -24
1535510833.960791 690 611 630 689 674 669 -7008 1260 4082 255 109 131 -17 62 -22
1535510834.0081165 690 611 630 689 674 668 -7066 1354 4046 76 158 152 -13 61 -22
1535510834.063709 690 611 630 689 674 668 -7012 1348 4068 193 279 32 -14 62 -24
1535510834.3255546 690 611 630 689 674 669 -7062 1286 4168 186 162 234 -14 62 -23
1535510834.3606157 690 611 630 689 674 668 -7026 1350 4080 203 162 49 -14 63 -22
1535510834.3985257 689 611 630 689 674 669 -7062 1318 4072 250 110 78 -15 63 -23
1535510834.4358835 690 611 630 689 674 668 -7036 1360 4090 221 143 -88 -15 61 -23
1535510834.4796283 689 611 630 689 674 669 -6996 1376 4112 294 122 62 -14 63 -23
1535510834.5206707 689 611 630 689 674 669 -7030 1340 4064 272 234 104 -14 64 -21
1535510834.5689166 690 611 630 689 674 669 -6990 1248 4088 149 66 -209 -14 65 -23
1535510834.6187534 690 611 630 689 674 669 -7050 1312 4028 310 41 109 -14 63 -25
1535510834.6682189 690 611 630 689 674 669 -7042 1398 4070 249 164 18 -14 61 -24
1535510834.7167177 690 611 630 689 674 668 -7050 1322 4110 218 208 -87 -15 63 -23
1535510834.9706173 690 611 630 689 674 669 -7006 1324 4094 242 95 64 -13 64 -23
1535510835.0085878 689 611 631 689 674 669 -7010 1294 4152 180 202 5 -14 63 -23
1535510835.0486386 690 611 631 689 674 669 -7004 1378 4114 339 52 89 -14 63 -24
1535510835.0957994 690 611 631 689 674 669 -7060 1320 4042 225 19 -45 -14 64 -23
1535510835.1457899 690 611 630 689 674 669 -7016 1358 4188 289 220 135 -16 62 -22
1535510835.194785 690 611 630 689 674 669 -7020 1338 4076 151 74 -102 -15 63 -23
1535510835.2404168 690 611 630 689 674 669 -7066 1336 4092 218 144 -41 -14 64 -24
1535510835.2877865 690 611 630 689 674 669 -7042 1352 4050 265 70 5 -15 64 -25
1535510835.3380544 690 611 630 689 674 669 -7022 1350 4088 206 105 46 -16 63 -25
1535510835.395613 690 611 630 689 674 669 -7050 1312 4078 225 172 -35 -13 62 -24
1535510835.6714642 690 611 630 689 674 668 -7008 1320 4108 219 147 10 -13 61 -22
1535510835.7114751 690 611 630 689 674 669 -7040 1326 4086 196 8 20 -15 64 -23
1535510835.7506204 690 611 630 689 674 669 -7058 1286 4136 218 116 32 -15 63 -22
1535510835.7905679 690 611 630 689 674 669 -7042 1384 4132 250 -3 102 -15 63 -24
1535510835.8284752 690 611 630 689 674 668 -7058 1292 4112 185 235 -157 -13 62 -25
1535510835.872025 690 611 630 689 674 669 -7010 1334 4138 207 129 -114 -14 62 -22
1535510835.9207628 690 611 630 689 674 669 -7058 1328 4062 257 181 100 -14 62 -24
1535510835.9726963 690 611 630 689 674 668 -6980 1286 4166 317 70 -18 -14 62 -23
1535510836.0206642 689 611 630 689 674 669 -7084 1386 4066 279 94 65 -13 63 -24
1535510836.0717428 689 611 631 689 674 669 -7060 1344 4030 208 212 15 -14 62 -23
1535510836.3673296 689 611 630 689 674 669 -7042 1280 4078 177 20 -12 -14 62 -25
1535510836.4013538 690 611 630 689 674 668 -7046 1366 4050 345 259 74 -13 62 -25
1535510836.4383783 690 611 630 689 674 668 -7016 1344 4084 153 112 -157 -13 63 -22
1535510836.4805672 689 611 630 689 674 669 -7064 1302 4124 180 47 40 -14 61 -22
1535510836.5236065 690 611 630 689 674 669 -7138 1300 4048 252 55 -165 -15 63 -22
1535510836.5704038 690 611 630 689 674 669 -7204 1200 4124 -363 277 321 -13 62 -23
1535510836.6227434 689 611 630 689 674 669 -6746 794 3812 -898 -1945 1019 -12 62 -22
1535510836.6745548 690 611 630 689 674 669 -6036 704 3652 285 -3203 1785 -12 65 -22
1535510836.725059 690 611 630 689 675 669 -6020 1890 5292 856 -2091 -1183 -15 61 -22
1535510836.7756877 690 611 630 689 674 669 -6552 1438 5378 1807 -13 5432 -14 58 -21
1535510836.9793732 690 611 630 689 675 669 -6244 2614 4532 419 -2058 -4609 -16 60 -21
1535510837.0194585 690 611 630 689 674 669 -7350 1516 4936 -1967 2593 -5199 -14 60 -20
1535510837.0676436 690 611 630 689 674 668 -5862 -218 4390 1730 -782 709 -15 61 -20
1535510837.1084497 690 611 630 689 674 669 -7118 2086 4588 474 6097 6 -14 61 -21
1535510837.158614 690 611 630 689 674 668 -6912 1324 4170 353 -123 143 -14 60 -21
1535510837.208424 690 611 630 689 674 669 -7040 1002 4294 230 903 -402 -13 62 -24
1535510837.252821 690 611 630 689 674 669 -6894 1174 4262 242 128 388 -15 63 -23
1535510837.299733 690 611 630 689 674 669 -6914 1364 4192 245 452 -93 -13 62 -22
1535510837.3495586 690 611 630 689 674 668 -6958 1124 4258 293 174 229 -16 63 -23
1535510837.398576 690 611 630 689 674 669 -7068 1292 4228 278 178 185 -14 63 -22
1535510837.6483595 690 611 630 689 674 669 -6942 1256 4270 183 313 -112 -14 66 -22
1535510837.6874125 689 611 630 689 674 669 -7004 1178 4208 130 44 86 -12 60 -23
1535510837.7299068 690 611 631 689 674 669 -6964 1302 4252 336 118 177 -14 61 -22
1535510837.7712972 689 611 630 689 674 668 -6988 1252 4282 290 377 -91 -13 64 -22
1535510837.809488 690 611 630 689 673 669 -6954 1188 4232 256 42 169 -13 62 -25
1535510837.8545403 690 611 630 689 674 668 -6986 1242 4270 250 172 186 -12 61 -21
1535510837.9066157 689 611 630 689 674 669 -6956 1226 4326 207 177 -9 -13 62 -25
1535510837.9534361 690 611 630 689 674 669 -6994 1222 4158 230 261 41 -13 63 -23
1535510838.002596 689 611 630 689 674 669 -6934 1268 4242 238 71 101 -11 63 -23
1535510838.0506618 689 611 630 689 674 669 -7046 1220 4104 235 113 -84 -12 63 -21
1535510838.2542226 690 611 630 689 674 668 -6936 1310 4206 284 128 34 -13 64 -21
1535510838.2912812 689 611 630 689 674 669 -6944 1174 4230 277 65 -63 -14 64 -22
1535510838.324209 690 611 630 689 674 668 -7018 1296 4250 269 110 -36 -13 60 -23
1535510838.37154 690 611 630 689 674 669 -6938 1278 4180 220 168 -5 -15 62 -24
1535510838.421643 689 611 630 689 674 669 -6946 1258 4236 256 -14 -153 -13 62 -21
1535510838.4683 690 611 630 689 674 669 -7022 1264 4180 277 173 -73 -12 63 -25
1535510838.5165448 690 611 630 689 674 668 -6992 1280 4216 194 123 -53 -12 62 -22
1535510838.5654056 690 611 630 689 674 668 -6994 1208 4176 215 182 -10 -15 62 -23
1535510838.6114464 690 611 630 689 674 668 -6964 1256 4188 214 77 -111 -13 64 -19
1535510838.6604986 690 611 630 689 674 669 -7088 1190 4158 26 -72 87 -12 62 -24
1535510838.9422228 690 611 630 689 674 669 -6502 998 4278 -294 598 -222 -15 63 -22
1535510838.9811726 689 611 630 689 674 669 -7008 1050 4170 -650 -3158 2905 -13 62 -22
1535510839.0245626 689 611 631 689 674 669 -6582 806 4314 -345 -1774 1837 -15 60 -21
1535510839.0764453 690 611 630 689 675 669 -7178 504 4666 -506 -137 265 -14 61 -20
1535510839.131438 690 611 630 689 675 669 -6894 1804 4868 1771 -3219 -268 -15 59 -21
1535510839.1823208 690 612 631 689 675 669 -7574 1146 5214 -685 2605 381 -14 62 -20
1535510839.2305815 690 611 630 689 674 669 -4314 544 5132 923 -2018 -1491 -14 63 -19
1535510839.2830858 690 611 630 689 674 669 -7342 1558 3796 -347 3763 -1136 -13 65 -21
1535510839.3336139 690 611 630 689 674 668 -6628 910 4596 1086 411 -920 -15 62 -24
1535510839.3815088 689 611 630 689 674 669 -6944 1062 4430 355 82 667 -12 62 -23
1535510839.6714783 690 611 630 689 674 668 -6932 1358 4388 462 370 -139 -15 62 -22
1535510839.7123833 690 611 630 689 674 669 -6796 1242 4344 152 606 226 -13 62 -22
1535510839.7572362 690 611 630 689 674 669 -6912 1210 4332 398 162 396 -12 63 -22
1535510839.7991812 690 611 630 689 674 669 -6876 1342 4310 251 466 -120 -14 62 -24
1535510839.8393745 690 611 630 689 674 669 -6856 1298 4390 262 0 -12 -16 62 -22
1535510839.8905158 690 611 631 689 674 669 -6870 1220 4346 154 664 -58 -14 62 -26
1535510839.9441342 689 611 630 689 674 668 -6870 1258 4380 240 -100 -149 -13 61 -24
1535510839.9928226 690 611 631 689 674 668 -6908 1206 4234 272 128 -125 -12 63 -24
1535510840.041358 690 611 630 689 673 669 -6830 1274 4474 234 -19 -38 -14 61 -21
1535510840.0983493 689 611 630 689 674 668 -6900 1268 4358 299 -8 107 -13 62 -21
1535510840.3791964 690 611 630 689 674 669 -6856 1258 4460 219 204 -254 -13 62 -24
1535510840.4130712 690 611 630 689 674 669 -6882 1260 4232 196 -2 114 -13 62 -22
1535510840.451001 690 611 630 689 674 669 -6878 1330 4394 210 268 0 -14 62 -22
1535510840.4964104 689 611 631 689 674 669 -6908 1324 4342 240 123 -67 -14 63 -21
1535510840.5455098 690 611 630 689 674 669 -6902 1272 4416 268 247 -170 -13 61 -22
1535510840.593502 690 611 630 689 674 669 -6804 1286 4386 283 24 -50 -14 62 -23
1535510840.645888 690 611 630 689 674 669 -6890 1264 4272 197 11 -164 -13 62 -22
1535510840.6958125 690 611 630 689 674 668 -6880 1246 4324 296 125 -48 -13 63 -22
1535510840.741375 690 611 630 689 674 668 -6868 1270 4332 170 63 0 -13 62 -21
1535510840.7915945 690 611 630 689 674 669 -6846 1242 4386 240 91 -118 -14 60 -22
1535510841.0390108 690 611 630 689 674 669 -6888 1282 4342 307 91 121 -14 63 -24
1535510841.0740187 690 611 630 689 674 669 -6848 1270 4308 195 171 -105 -13 63 -24
1535510841.1070032 690 611 630 689 674 669 -6866 1230 4298 252 68 59 -14 63 -21
1535510841.1390893 690 611 631 689 674 669 -6884 1312 4428 227 51 44 -14 62 -21
1535510841.1821966 690 611 630 689 674 669 -6922 1236 4306 196 145 50 -16 62 -22
1535510841.2275639 691 611 630 689 673 669 -6888 1358 4344 152 201 48 -14 62 -25
1535510841.2719762 690 611 630 689 674 668 -6950 1242 4264 194 -27 -8 -14 62 -22
1535510841.3152952 690 611 630 689 674 669 -6894 1302 4366 277 196 -47 -14 65 -25
1535510841.3581097 690 611 630 689 674 668 -6972 1334 4350 167 -48 -114 -13 62 -25
1535510841.4043343 690 611 630 689 674 669 -6612 1392 4240 -53 341 -1065 -15 61 -24
1535510841.6868494 690 611 630 689 674 669 -6740 134 3724 -365 -199 2704 -15 61 -24
1535510841.7250307 689 611 630 689 674 668 -6470 1340 4240 1297 -3256 1043 -15 61 -21
1535510841.7619843 690 611 630 689 675 669 -8576 1590 4240 -1235 3512 411 -12 62 -24
1535510841.8043137 689 611 630 689 675 669 -6848 1676 4554 2963 -4931 3397 -16 60 -21
1535510841.854093 690 611 630 689 675 668 -7662 2246 5210 365 2330 -1688 -16 60 -23
1535510841.903201 690 611 630 689 674 669 -4428 940 2702 2419 -9537 -4801 -14 59 -18
1535510841.9584336 690 611 630 689 674 668 -6252 2216 4964 -1336 7135 -1362 -16 59 -22
1535510842.006256 690 611 630 689 674 669 -7142 1518 4094 -1312 1687 784 -18 61 -22
1535510842.0552285 690 611 630 689 674 669 -6628 1336 4632 288 84 -710 -16 59 -24
1535510842.1122618 689 611 630 689 674 669 -6802 1634 4458 468 216 230 -17 60 -23
1535510842.3809602 689 611 630 689 674 669 -6640 1590 4470 234 100 -477 -14 63 -22
1535510842.419065 689 611 630 689 674 669 -6774 1352 4432 172 82 -660 -15 60 -21
1535510842.4620368 689 611 630 689 674 669 -6718 1488 4560 190 337 -242 -17 62 -22
1535510842.5043583 690 611 630 689 674 669 -6772 1572 4444 511 -135 88 -15 61 -22
1535510842.5500836 690 611 630 689 674 669 -6778 1536 4456 70 319 -144 -15 61 -23
1535510842.5993197 690 611 630 689 674 669 -6770 1440 4502 398 -24 166 -15 62 -21
1535510842.6493027 690 611 630 689 674 669 -6690 1542 4430 325 211 128 -15 60 -20
1535510842.6931076 690 611 630 689 674 668 -6736 1506 4510 347 -1 189 -16 61 -22
1535510842.7392862 690 611 630 689 674 668 -6774 1554 4462 311 262 -45 -17 58 -25
1535510842.7951171 690 611 630 689 674 669 -6670 1518 4452 290 -127 327 -17 61 -20
1535510843.0630696 690 611 630 689 673 669 -6754 1484 4492 214 260 -155 -16 59 -23
1535510843.099994 690 611 630 689 674 669 -6722 1560 4504 301 146 37 -16 61 -22
1535510843.1392918 690 611 630 689 674 669 -6746 1536 4432 233 138 -185 -15 60 -22
1535510843.1894555 689 611 630 689 673 669 -6796 1520 4438 238 196 -101 -17 61 -21
1535510843.2370875 690 611 630 689 674 669 -6728 1514 4442 250 133 -39 -12 62 -22
1535510843.2862089 690 611 630 689 674 669 -6810 1532 4450 208 131 -105 -15 63 -21
1535510843.335285 690 611 630 689 674 669 -6772 1556 4456 153 80 -225 -15 62 -23
1535510843.3862689 690 611 630 689 674 669 -6780 1474 4480 -441 242 -710 -16 63 -22
1535510843.435271 689 611 630 689 674 669 -6720 1444 4204 71 -585 -1083 -17 61 -23
1535510843.4840288 689 611 630 689 674 668 -6734 1368 4466 263 628 211 -15 61 -21
1535510843.769927 689 611 630 689 674 669 -6742 1396 4452 341 -14 93 -15 61 -22
1535510843.8098981 690 611 630 689 674 668 -6786 1444 4454 376 179 -62 -13 62 -23
1535510843.846925 689 611 630 689 674 668 -6782 1420 4448 387 353 -218 -15 61 -20
1535510843.8930361 690 611 630 689 673 669 -7182 1278 4456 -374 89 1341 -17 62 -21
1535510843.9369106 689 611 630 689 674 668 -6680 1414 4600 -990 -1949 2263 -15 60 -22
1535510843.9790637 689 611 630 689 674 669 -7350 2090 5216 -361 -2621 2798 -15 58 -21
1535510844.0259547 689 612 630 689 674 669 -7812 1398 4258 616 3415 5470 -14 60 -21
1535510844.0742126 690 611 630 689 675 669 -7140 1572 3888 -215 -709 3976 -15 58 -22
1535510844.1230857 690 611 630 689 674 669 -7768 2200 4878 286 917 -118 -16 58 -21
1535510844.175099 690 611 630 689 673 669 -3360 2448 1706 2083 -5038 -9777 -15 58 -21
1535510844.4179037 689 611 630 689 673 669 -6732 1378 4704 -930 6001 -1514 -14 60 -22
1535510844.4528828 690 611 630 689 673 669 -6994 702 4306 655 -862 1163 -15 61 -23
1535510844.4938776 690 611 630 689 674 668 -6714 1674 4490 785 343 -219 -14 61 -23
1535510844.5412397 689 611 630 689 673 669 -6700 1324 4464 136 64 -24 -14 62 -22
1535510844.5892158 689 611 630 689 674 669 -6814 1208 4498 127 315 16 -15 62 -22
1535510844.6390605 689 611 630 689 673 669 -6824 1320 4394 371 300 327 -14 61 -21
1535510844.689537 690 611 630 689 674 669 -6714 1388 4538 259 93 -110 -15 61 -23
1535510844.7343028 690 611 630 689 673 669 -6908 1342 4420 316 183 -47 -15 61 -22
1535510844.7833054 690 611 630 689 673 668 -6718 1398 4424 356 145 202 -15 60 -23
1535510844.8340266 690 611 630 689 673 668 -6812 1356 4404 224 132 -106 -14 62 -22
1535510845.1067877 690 611 630 689 673 669 -6842 1366 4438 326 274 130 -15 63 -22
1535510845.1407578 689 611 630 689 673 668 -6844 1382 4376 194 9 -138 -13 61 -23
1535510845.1748111 689 611 630 689 674 669 -6872 1252 4436 299 175 402 -14 62 -22
1535510845.2088215 690 611 630 689 674 669 -6834 1472 4452 279 128 316 -15 59 -22
1535510845.2437716 690 611 630 689 674 669 -6786 1446 4276 268 432 486 -15 61 -21
1535510845.281006 690 611 630 689 674 669 -6858 1512 4320 218 248 183 -14 60 -22
1535510845.3302653 689 611 630 689 673 669 -6834 1580 4334 141 508 396 -16 61 -22
1535510845.378149 690 611 630 689 674 669 -6806 1428 4406 282 45 247 -15 60 -22
1535510845.429075 690 611 630 689 673 669 -6844 1480 4452 172 328 -28 -15 61 -23
1535510845.4752364 690 611 630 689 673 669 -6822 1546 4354 328 101 104 -13 64 -23
1535510845.8188403 690 611 630 689 674 669 -6870 1484 4306 216 432 -166 -16 61 -24
1535510845.8559427 690 611 630 689 673 669 -6860 1542 4394 174 129 228 -14 61 -21
1535510845.8948147 690 611 630 689 673 668 -6862 1524 4312 214 262 -163 -15 63 -23
1535510845.9330544 690 611 630 689 674 669 -6796 1534 4386 224 102 40 -13 60 -22
1535510845.9810092 690 611 630 689 673 669 -6940 1500 4312 239 533 93 -15 61 -24
1535510846.0289495 690 611 630 689 674 669 -6828 1486 4416 167 170 -111 -16 60 -23
1535510846.068941 689 611 630 689 673 669 -6948 1504 4266 243 -98 94 -16 61 -23
1535510846.1161458 689 611 630 689 673 668 -6720 1442 4430 1306 -870 -77 -14 62 -22
1535510846.1661828 689 611 630 689 674 669 -6874 1702 4286 158 343 48 -17 61 -23
1535510846.2138565 689 611 630 689 674 668 -6834 1518 4324 238 359 1 -15 62 -22
1535510846.5327275 689 611 630 689 673 669 -6888 1484 4336 222 102 123 -13 60 -24
1535510846.5711167 689 611 630 689 674 669 -6864 1628 4310 285 178 195 -15 62 -24
1535510846.609101 690 611 630 689 674 668 -6822 1464 4264 176 238 133 -12 61 -21
1535510846.6517801 689 611 630 689 674 668 -6802 1602 4332 212 64 149 -16 63 -24
1535510846.6999824 690 611 630 689 674 669 -6818 1618 4362 184 197 -49 -15 61 -23
1535510846.7451062 689 611 630 689 673 668 -6814 1572 4234 381 -55 334 -16 60 -21
1535510846.7888076 689 611 630 689 674 669 -6846 1610 4324 214 176 -70 -14 62 -22
1535510846.837888 689 611 630 689 673 668 -6872 1548 4298 163 124 7 -17 59 -23
1535510846.888039 689 611 630 689 673 669 -6806 1510 4350 179 55 -103 -13 62 -23
1535510846.9409244 690 611 630 689 674 669 -6870 1592 4324 212 4 -267 -16 61 -23
1535510847.1768544 689 611 630 689 674 669 -6820 1444 4360 253 -63 -239 -16 62 -22
1535510847.211743 689 611 630 689 673 669 -6772 1454 4328 411 -174 -59 -15 60 -23
1535510847.2459009 689 611 630 689 673 669 -6774 1630 4372 342 7 -29 -16 60 -23
1535510847.2786167 689 611 630 689 674 668 -6892 1502 4444 169 121 -93 -14 60 -22
1535510847.313604 689 611 630 689 674 669 -6852 1530 4310 138 152 199 -12 62 -21
1535510847.335792 689 611 630 689 673 669 -6814 1556 4406 158 209 382 -16 60 -22
1535510847.3823278 689 611 630 689 673 669 -6818 1590 4350 226 258 176 -17 61 -25
1535510847.4130204 689 611 629 689 673 668 -6780 1566 4340 305 110 304 -14 61 -20
1535510847.451497 689 611 630 689 674 668 -6870 1580 4344 265 41 -25 -15 61 -24
1535510847.4884384 689 611 630 689 674 668 -6832 1674 4232 230 302 32 -15 60 -24
1535510847.6568234 689 611 630 689 674 669 -6796 1582 4332 223 292 -200 -16 59 -23
1535510847.6964827 689 611 630 689 673 669 -6916 1456 4350 419 277 -663 -12 63 -23
1535510847.728097 689 611 630 688 673 669 -6728 1436 4570 271 -482 -110 -15 61 -22
1535510847.7669566 689 611 630 689 674 668 -6906 1658 4258 318 180 347 -16 61 -22
1535510847.8017292 689 611 630 689 674 669 -6746 1668 4408 4 390 -319 -14 60 -22
1535510847.8366733 689 611 630 689 674 669 -6922 1350 4326 296 242 205 -14 61 -23
1535510847.8739119 689 611 629 689 673 668 -6800 1754 4312 238 508 354 -14 63 -22
1535510847.9129992 689 611 630 689 673 669 -6774 1442 4416 202 -7 298 -15 61 -23
1535510847.9463768 689 611 630 689 674 669 -6922 1522 4210 332 221 116 -16 62 -22
1535510848.006416 690 610 630 689 673 669 -6858 1746 4398 305 230 -174 -15 59 -23
1535510848.222286 690 611 630 689 673 669 -6804 1570 4264 139 282 -423 -15 61 -23
1535510848.257734 689 611 630 689 674 669 -6836 1626 4300 242 87 -84 -16 60 -25
1535510848.2929604 689 611 630 689 673 668 -6852 1576 4310 236 122 53 -15 60 -22
1535510848.3314407 689 611 630 689 674 669 -6894 1530 4280 83 121 -226 -17 60 -24
1535510848.367698 689 611 630 689 673 669 -6868 1534 4280 282 -98 196 -15 62 -22
1535510848.4142394 689 611 629 688 673 669 -6824 1626 4334 225 166 -200 -16 61 -24
1535510848.481615 689 611 630 689 673 669 -6898 1562 4258 272 110 74 -15 60 -21
1535510848.5502555 689 611 630 689 674 668 -6840 1556 4356 220 -43 -82 -14 64 -24
1535510848.6155639 689 611 630 689 673 669 -6852 1622 4354 189 51 85 -15 58 -24
1535510848.683508 689 611 630 689 674 669 -6842 1552 4374 245 46 -92 -16 61 -21
1535510848.798675 689 611 630 689 673 668 -6880 1568 4286 140 101 -207 -15 62 -22
1535510848.894496 689 611 630 689 673 669 -6842 1548 4294 215 -47 -218 -13 62 -22
1535510848.9285557 689 611 630 689 674 669 -6820 1506 4314 286 9 -399 -16 60 -21
1535510848.966109 689 611 630 689 673 669 -6814 1548 4360 226 50 -281 -15 61 -21
1535510849.025438 690 611 630 689 673 668 -6790 1550 4356 -431 400 -37 -13 61 -22
1535510849.0946357 689 611 629 689 674 668 -6868 1378 4422 37 -251 -262 -15 63 -21
1535510849.154319 690 611 630 689 674 668 -6856 1300 4474 407 -11 104 -13 62 -21
1535510849.2186918 690 611 630 689 674 668 -6826 1550 4386 349 240 434 -16 63 -22
1535510849.2874112 690 611 630 689 674 669 -6868 1506 4286 -113 749 67 -15 60 -22
1535510849.3651414 690 611 630 688 674 668 -6808 1454 4332 365 156 504 -14 61 -23
1535510849.5564322 689 611 629 689 674 668 -6816 1644 4322 376 422 1208 -13 62 -23
