1534352016.851615 637 534 568 714 542 704 6264 3452 -4164 246 146 -10 -54 -38 -35
1534352016.9225256 637 534 568 714 542 704 6296 3536 -4200 249 147 37 -53 -38 -33
1534352016.9788404 637 534 568 714 542 704 6268 3464 -4194 183 57 17 -54 -38 -36
1534352017.057181 637 534 568 714 542 704 6276 3500 -4166 237 214 44 -54 -39 -37
1534352017.1152003 636 534 568 714 542 704 6264 3502 -4230 169 34 -10 -56 -40 -36
1534352017.1932862 637 534 568 714 542 705 6304 3496 -4130 252 145 3 -55 -39 -34
1534352017.2520313 637 534 568 714 542 704 6282 3492 -4132 237 32 -18 -54 -39 -35
1534352017.328722 637 534 568 714 542 704 6268 3532 -4186 284 256 36 -54 -41 -35
1534352017.3835185 637 534 568 715 542 703 6258 3492 -4204 159 146 -11 -53 -40 -34
1534352017.461628 637 534 568 714 542 704 6258 3474 -4196 171 74 20 -55 -38 -36
1534352017.568321 637 534 568 714 542 704 6248 3476 -4224 176 125 32 -55 -37 -35
1534352017.648413 637 534 568 714 542 704 6308 3510 -4144 255 65 -1 -53 -39 -34
1534352017.7023993 637 534 568 714 542 703 6242 3542 -4210 205 204 41 -54 -40 -35
1534352017.749261 636 533 568 714 542 704 6274 3488 -4200 157 52 -28 -55 -40 -37
1534352017.8043072 637 534 568 714 542 704 6266 3520 -4166 196 181 40 -53 -38 -35
1534352017.8692474 636 534 568 714 542 704 6238 3474 -4226 168 94 13 -57 -38 -36
1534352017.9317935 637 534 568 714 542 704 6270 3498 -4250 242 99 30 -53 -40 -35
1534352017.9942555 636 533 568 714 542 704 6252 3516 -4200 207 166 51 -54 -39 -33
1534352018.0730488 637 534 568 714 542 704 6282 3482 -4232 181 97 6 -54 -40 -36
1534352018.1319659 637 534 568 714 542 704 6300 3516 -4198 198 142 31 -56 -38 -35
1534352018.1944454 637 534 568 714 542 705 6270 3510 -4234 203 86 -17 -52 -40 -35
1534352018.2768693 637 534 568 714 542 704 6272 3542 -4186 246 108 39 -54 -41 -36
1534352018.3466918 637 534 568 714 542 704 6272 3486 -4262 221 108 -13 -56 -40 -33
1534352018.4002786 637 534 568 714 542 704 6290 3512 -4116 237 125 12 -54 -39 -35
1534352018.4783463 637 534 568 714 542 704 6260 3514 -4198 206 209 39 -54 -40 -35
1534352018.540709 637 534 568 714 542 704 6274 3478 -4218 217 -31 -14 -53 -39 -36
1534352018.6187792 637 534 568 714 542 704 6266 3546 -4164 207 329 63 -53 -38 -35
1534352018.6815376 637 533 568 714 542 703 6284 3458 -4190 122 -111 -40 -57 -39 -37
1534352018.743782 637 534 568 714 542 704 6250 3484 -4244 252 244 68 -53 -40 -34
1534352018.827271 637 534 568 714 542 704 6260 3534 -4168 179 118 -21 -52 -38 -34
1534352018.8972335 637 534 568 714 542 704 6292 3480 -4180 142 -83 -48 -55 -38 -34
1534352018.959724 637 534 568 714 542 704 6292 3472 -4224 303 352 64 -53 -40 -34
1534352019.032251 637 534 568 714 542 704 6268 3526 -4174 183 -31 -1 -53 -39 -33
1534352019.098537 637 534 568 714 542 704 6272 3520 -4170 216 171 43 -53 -39 -36
1534352019.161025 637 533 568 714 542 704 6274 3504 -4190 174 117 -10 -55 -39 -36
1534352019.2235904 637 534 568 714 542 704 6300 3462 -4214 300 -10 -8 -57 -39 -37
1534352019.3053148 637 534 568 714 542 704 6246 3566 -4212 237 324 61 -57 -40 -36
1534352019.3694282 637 534 568 714 542 703 6280 3490 -4160 147 -70 -38 -55 -36 -33
1534352019.4319143 637 534 568 714 542 704 6274 3512 -4188 325 244 55 -55 -40 -35
1534352019.5101836 636 534 568 714 542 703 6260 3518 -4178 189 73 18 -54 -38 -33
1534352019.5860085 637 534 568 714 542 704 6268 3468 -4170 136 108 35 -56 -37 -35
1534352019.6328769 637 534 568 714 542 704 6288 3504 -4158 263 188 53 -53 -39 -34
1534352019.6994698 637 534 568 714 542 704 6278 3522 -4184 228 70 15 -53 -40 -35
1534352019.7812946 637 534 568 714 542 704 6296 3496 -4162 214 181 27 -56 -39 -33
1534352019.8485203 637 534 568 714 542 704 6216 3496 -4268 203 118 3 -55 -40 -35
1534352019.9146676 637 534 568 714 542 704 6272 3514 -4216 274 171 58 -53 -38 -36
1534352019.9836001 637 534 568 714 542 704 6306 3502 -4246 204 45 -8 -55 -38 -32
1534352020.051702 637 533 568 714 542 704 6266 3528 -4228 236 194 33 -54 -39 -34
1534352020.1190407 637 534 568 714 542 704 6254 3512 -4224 160 47 -22 -54 -38 -35
1534352020.185218 637 534 568 714 542 704 6266 3512 -4154 218 146 -4 -55 -39 -36
1534352020.2650588 636 533 568 714 542 705 6266 3472 -4178 211 119 22 -55 -39 -36
1534352020.322901 637 533 568 714 542 704 6264 3468 -4208 275 89 36 -54 -37 -34
1534352020.3851714 636 534 568 715 542 704 6616 2292 -4772 2457 -13038 -263 -52 -38 -45
1534352020.4711313 636 533 568 714 542 704 4478 4100 -5764 -6113 -3408 -817 -54 -36 -48
1534352020.5438008 637 534 568 714 542 703 5826 3672 -4796 3146 8160 1395 -55 -38 -44
1534352020.619631 637 534 567 714 542 704 6798 2948 -4346 -1705 -4308 -1566 -56 -37 -43
1534352020.6829295 637 534 568 713 542 704 5056 3584 -5364 -810 4784 1711 -56 -38 -42
1534352020.7650883 637 533 567 715 542 703 6302 3234 -4190 -4009 8459 5776 -51 -42 -36
1534352020.8375266 637 533 569 714 542 703 6360 3456 -3648 -6161 15215 286 -49 -42 -22
1534352020.8998976 637 534 568 713 542 704 7104 3538 -2050 -5231 20451 1978 -46 -40 -7
1534352020.9822028 637 534 568 715 542 704 7888 3434 272 2327 16311 4341 -45 -34 5
1534352021.0523915 637 534 567 714 542 704 7340 2846 -222 4632 -1294 5681 -43 -36 6
1534352021.1153262 637 534 569 714 543 704 7968 1990 294 -5704 3063 -3367 -41 -35 11
1534352021.1778133 637 533 568 714 541 704 8184 3208 792 -6036 8175 4456 -38 -30 18
1534352021.2559185 637 534 568 714 541 704 9504 2276 1136 -6097 3450 9317 -33 -31 22
1534352021.3351111 637 534 568 715 542 704 8918 2206 1962 -6233 -963 16968 -23 -41 24
1534352021.3984542 637 533 568 715 542 704 9684 172 548 -2256 1707 21902 -11 -47 28
1534352021.4765587 637 534 568 713 542 704 8290 -1662 1642 -1643 2626 31803 11 -55 29
1534352021.5502503 637 534 568 714 542 704 7338 -3400 1426 -3745 5541 32351 39 -54 33
1534352021.6165624 637 533 568 715 542 703 3756 -4720 1490 -5646 5636 26492 65 -42 33
1534352021.6946309 637 534 568 713 542 703 3040 -6354 640 -5555 -1759 25062 86 -28 33
1534352021.7635214 637 534 568 715 542 704 766 -7832 768 1348 5005 18126 99 -14 30
1534352021.8314414 637 533 568 714 542 704 356 -7722 1132 397 92 12384 104 -1 33
1534352021.8986096 637 534 568 715 542 704 -346 -7154 162 -2762 -8419 4620 105 1 32
1534352021.9610937 637 533 568 713 542 704 -10406 -9548 2722 6943 -1116 4931 106 -6 29
1534352022.0447772 637 534 568 712 542 703 -1450 -7880 2132 3613 -1665 970 99 -7 35
1534352022.1150448 637 534 568 714 542 704 -1024 -7248 2340 3116 1084 -1378 95 -9 40
1534352022.177561 637 534 568 715 542 704 -934 -7386 2324 646 2851 881 94 -6 38
1534352022.2406845 637 534 568 715 542 704 -1274 -7230 2128 1056 3743 -1981 95 -5 41
1534352022.324721 637 533 568 713 542 704 -1392 -7560 2186 2115 -965 -324 90 -6 44
1534352022.3986893 636 533 568 715 542 704 -882 -7478 2640 509 -1765 -1411 87 -8 45
1534352022.4611752 637 534 568 714 542 703 -578 -7392 2680 -188 -406 -395 87 -9 44
1534352022.5321856 637 534 567 714 542 705 216 -7384 1902 214 2431 -2971 88 -12 44
1534352022.5999186 637 533 569 715 542 704 -718 -7692 2696 -1184 4430 -11 88 -8 46
1534352022.6626737 637 533 569 715 542 704 -520 -7868 2352 213 1137 426 87 -6 47
1534352022.724889 637 533 568 714 542 704 -742 -7548 2318 471 -557 -484 87 -8 47
1534352022.8011625 636 534 568 714 542 705 -220 -7876 2132 -1144 632 478 88 -10 46
1534352022.868672 637 534 567 713 542 704 -310 -7600 2310 998 -700 -264 89 -7 45
1534352022.9313128 636 533 568 713 542 703 -344 -7346 2452 636 -179 -579 86 -8 48
1534352023.014048 636 533 567 713 542 703 -566 -7076 2440 -1387 -463 -1251 89 -8 46
1534352023.0837867 637 533 568 715 542 704 -294 -7688 2180 -471 106 -476 89 -9 45
1534352023.146465 637 534 568 714 542 703 -112 -7750 2118 -179 639 384 90 -10 45
1534352023.2095275 637 534 567 714 542 703 -168 -7724 2150 315 -28 -64 88 -10 44
1534352023.2845836 637 533 568 715 542 704 -198 -7524 2084 -7 -119 -266 90 -8 43
1534352023.3517435 637 533 567 715 542 703 -324 -7626 2130 -335 -571 -791 89 -11 44
1534352023.4142232 637 534 567 714 541 704 -204 -7730 2118 -2162 -88 -2028 87 -13 44
1534352023.4767118 636 533 568 714 542 704 -2 -7978 1816 -1142 190 96 89 -14 43
1534352023.5582342 636 533 567 713 541 703 194 -8032 1660 -564 -17 -55 91 -13 40
1534352023.6156623 637 534 567 714 541 703 -56 -7804 1840 943 -22 -142 89 -14 43
1534352023.6938038 637 534 568 715 542 703 -106 -7586 1758 708 -542 -913 90 -15 41
1534352023.765186 636 534 568 714 542 704 -202 -7648 1994 1341 -46 -197 91 -14 41
1534352023.8321187 637 534 568 715 542 704 210 -7762 1866 606 -1247 627 89 -15 41
1534352023.8980048 637 534 567 714 542 704 246 -7752 1982 139 -1066 -715 89 -15 42
1534352023.9604578 637 534 569 715 542 704 150 -7618 1964 638 -673 -530 86 -16 41
1534352024.0366383 637 534 567 713 542 704 168 -7608 1994 784 -196 135 88 -17 42
1534352024.0993557 637 534 568 714 542 703 86 -7724 2104 1128 -285 -43 90 -18 41
1534352024.1618392 637 533 568 713 542 703 130 -7532 2078 812 -587 -96 89 -18 40
1534352024.2253337 637 534 567 714 542 704 226 -7442 2180 572 -743 -731 89 -21 43
1534352024.3062582 636 534 567 713 542 704 274 -7500 2084 235 -493 -540 88 -19 41
1534352024.367381 637 534 567 714 542 704 314 -7608 2118 140 -284 -513 87 -18 41
1534352024.445429 637 534 567 714 542 703 470 -7670 2092 1681 -1214 -1641 86 -22 41
1534352024.5079098 637 534 568 714 542 704 550 -7876 2222 1602 -2023 -1204 85 -23 40
1534352024.5846086 637 534 568 715 542 704 810 -7484 2308 687 -2674 -1266 84 -26 40
1534352024.6471782 636 534 568 714 542 704 818 -7316 2328 466 -2753 -1260 85 -28 38
1534352024.7252018 637 534 566 714 542 704 850 -7712 2356 889 -2817 -1049 82 -33 37
1534352024.7995584 637 534 566 713 541 704 1054 -7446 2322 3394 -7790 -4338 77 -38 35
1534352024.867209 637 534 569 714 543 703 1858 -7214 2540 2590 -7244 -3515 77 -45 30
1534352024.9296973 637 533 567 715 542 703 2474 -7006 2486 1426 -5855 -4095 73 -53 29
1534352025.0078824 637 533 568 716 542 703 2928 -6822 2392 1277 -4700 -2631 68 -56 24
1534352025.0856814 637 534 568 715 542 703 3152 -6608 2110 389 -2683 -1947 64 -60 21
1534352025.148167 637 534 568 714 542 704 3256 -6854 2172 -1062 -1752 -1930 65 -63 19
1534352025.2263584 636 533 569 715 543 704 2050 -6686 1220 -1827 -957 -4869 63 -66 17
1534352025.3048017 637 534 569 715 542 703 3810 -6706 1772 110 -2139 -1920 60 -68 14
1534352025.3688393 636 534 567 714 542 704 4078 -6724 1746 -607 -1713 -2640 58 -72 11
1534352025.4472122 637 534 567 712 541 704 4164 -6514 1678 -1446 -2286 -2107 56 -71 9
1534352025.5209367 637 534 567 715 543 704 4644 -6838 1160 -2849 -1021 -1827 57 -75 9
1534352025.5845041 636 533 568 714 541 704 3736 -6898 1054 -1967 -2791 -10407 54 -75 6
1534352025.6626132 637 534 567 714 542 703 5160 -4896 1228 -5958 -429 -15392 38 -83 2
1534352025.725094 637 534 568 713 543 704 6506 -4474 374 -6203 -2365 -10917 24 -85 0
1534352025.8109827 636 534 568 713 542 704 5860 -4010 14 -4802 -4041 -6820 20 -86 -5
1534352025.8824542 636 534 567 713 542 703 7068 -3110 -156 -6993 -7926 -19622 4 -89 -11
1534352025.960561 636 534 567 713 541 703 7782 -2972 -1886 -4649 -4933 -9432 -11 -90 -16
1534352026.0363622 637 534 567 713 542 704 7840 -1604 -1218 -1844 -947 -5956 -19 -88 -22
1534352026.1001732 637 533 567 714 542 703 7606 -1400 -2498 -3294 -3015 -10170 -29 -82 -18
1534352026.1782463 636 533 568 714 542 704 8898 180 -2414 8019 -7691 -3406 -35 -83 -25
1534352026.262378 637 533 568 714 541 705 7508 -1154 -2540 16786 2397 4105 -34 -87 -38
1534352026.335493 636 533 567 715 542 703 7928 -2226 -1420 -385 6267 3372 -28 -89 -31
1534352026.3999884 637 534 568 715 542 704 8034 -2826 -1020 -2276 -9058 3468 -25 -88 -31
1534352026.4781039 637 533 567 713 541 704 6952 -492 -2312 1585 -17523 5119 -23 -87 -47
1534352026.55131 637 533 568 714 543 704 4764 -4928 -3180 11445 -16933 9428 -8 -84 -70
1534352026.6294167 637 534 567 712 541 703 6712 -900 -5628 -4409 729 -7896 -15 -80 -77
1534352026.707523 637 533 567 714 543 704 5850 -1902 -4976 -2628 -5625 -3200 -22 -77 -79
1534352026.7842934 636 533 569 716 541 704 6028 -1680 -5546 3733 3497 -2693 -25 -74 -78
1534352026.8592923 637 534 568 715 543 704 6084 -984 -5234 -1286 1780 -1052 -25 -75 -77
1534352026.9316208 637 533 566 713 542 704 6614 -1066 -4620 -156 2707 -1999 -26 -76 -75
1534352026.9941227 637 534 567 714 543 704 6558 -1268 -4736 -176 271 -1084 -29 -74 -76
1534352027.068449 637 533 568 714 542 704 6892 -1348 -4406 -14 1066 -525 -27 -75 -72
1534352027.146558 637 533 568 714 542 704 6760 -1252 -3872 -702 -674 -683 -29 -76 -76
1534352027.2248132 636 534 567 712 540 704 6526 -784 -4654 -580 -4267 -1041 -32 -70 -77
1534352027.3013308 636 533 568 714 543 703 4732 -836 -6248 -5358 -6263 6974 -31 -67 -82
1534352027.3683915 636 533 568 713 542 703 5394 -1214 -5974 1020 -485 2931 -24 -68 -82
1534352027.4311264 636 534 567 714 541 703 5304 -1134 -6642 5 -865 -585 -24 -68 -84
1534352027.5174615 637 533 568 714 542 704 5558 -1326 -6106 -886 -106 -650 -24 -66 -84
1534352027.584151 636 533 567 715 542 704 5696 -964 -5796 -65 1235 -3 -25 -68 -83
1534352027.646757 637 533 567 714 542 704 6022 -1176 -5488 -301 376 201 -24 -67 -82
1534352027.7246673 637 533 566 713 541 703 5996 -1084 -5406 388 6 490 -25 -69 -81
1534352027.7978778 636 533 567 713 542 704 5822 -1298 -5746 989 276 -102 -23 -69 -82
1534352027.867179 637 533 567 714 542 704 5812 -1256 -5816 225 250 11 -22 -67 -80
1534352027.9296389 637 533 567 715 542 703 5878 -1154 -5612 393 564 72 -21 -69 -81
1534352027.9919012 637 533 567 714 541 703 5908 -1244 -5614 99 317 4 -24 -68 -81
1534352028.082083 637 533 567 713 543 704 5976 -1204 -5488 224 -198 182 -24 -70 -81
1534352028.1320872 637 533 567 713 541 703 5938 -934 -5980 -1002 121 315 -25 -69 -79
1534352028.210168 637 533 567 714 542 703 5856 -1560 -5378 -877 90 -642 -25 -69 -80
1534352028.288737 637 534 567 713 543 704 6040 -1244 -5358 768 -698 -629 -25 -69 -80
1534352028.3509104 637 533 568 713 541 703 5808 -1368 -5610 870 -20 473 -25 -69 -80
1534352028.4290504 636 533 568 713 542 704 5852 -1268 -5802 -320 95 -107 -23 -70 -82
1534352028.4915018 637 533 567 714 541 704 5852 -1048 -5654 187 286 -187 -25 -71 -82
1534352028.5720775 636 533 567 714 542 704 6096 -1180 -5620 587 161 228 -24 -69 -80
1534352028.6323044 636 533 567 714 541 704 5878 -1254 -5664 202 339 -142 -24 -71 -82
1534352028.7103915 636 533 567 713 541 703 5942 -1258 -5562 297 206 -97 -24 -70 -81
1534352028.7977834 636 533 567 714 541 704 5930 -1202 -5654 311 213 -259 -24 -68 -82
1534352028.851006 637 533 568 713 541 704 5828 -1168 -5686 108 274 60 -25 -67 -80
1534352028.9135687 637 533 567 713 542 704 5950 -1086 -5572 -50 283 236 -26 -69 -79
1534352028.9915977 636 533 567 714 541 704 5938 -990 -5638 -1276 -611 733 -24 -69 -80
1534352029.068143 637 533 568 713 541 704 6030 -1296 -5690 -620 -258 312 -24 -67 -83
1534352029.1309001 637 534 567 713 541 703 5854 -1224 -5594 235 503 -298 -24 -70 -80
1534352029.2089832 637 533 568 715 541 703 5922 -1128 -5582 -94 -79 106 -24 -71 -79
1534352029.280089 637 533 567 715 542 704 5910 -1138 -5658 -134 72 -73 -23 -70 -81
1534352029.3489385 636 533 568 714 542 703 5866 -1114 -5610 20 151 -74 -24 -68 -82
1534352029.4147015 636 533 567 714 543 704 5858 -1096 -5746 -230 211 110 -24 -69 -79
1534352029.476952 636 533 567 714 542 704 5890 -1066 -5688 -4 69 148 -25 -70 -80
1534352029.5589743 636 533 568 714 542 703 5842 -1208 -5658 -94 151 -57 -24 -69 -78
1534352029.615339 637 533 567 713 541 704 5938 -1034 -5532 145 2 68 -25 -70 -79
1534352029.6933951 636 533 567 714 541 703 5776 -1112 -5790 -18 -178 202 -26 -69 -81
1534352029.7633955 636 533 568 714 542 703 5800 -998 -5768 288 95 87 -24 -70 -80
1534352029.8332095 636 533 567 714 542 704 5978 -866 -5826 214 -49 491 -25 -70 -81
1534352029.8987074 637 533 567 714 542 704 5912 -1144 -5598 156 -527 -203 -23 -69 -80
1534352029.9768107 637 533 568 714 541 703 5840 -1004 -5856 146 -232 -581 -26 -67 -80
1534352030.0469568 636 533 567 714 542 703 5636 -958 -5960 298 -57 247 -26 -68 -80
1534352030.1160402 636 533 567 714 540 703 5772 -1174 -5790 7 148 80 -26 -67 -79
1534352030.1785252 637 533 567 713 542 703 5812 -1022 -5718 360 49 -58 -26 -69 -82
1534352030.2410161 636 533 567 714 542 704 5730 -1070 -5824 262 130 -112 -26 -68 -82
1534352030.324337 636 533 567 714 541 704 5726 -1026 -5910 115 154 162 -26 -68 -83
1534352030.3829272 637 533 567 713 540 703 5826 -1004 -5734 116 183 -10 -25 -68 -81
1534352030.4610305 637 534 566 713 541 703 5790 -1088 -5874 388 60 57 -24 -69 -79
1534352030.5326622 637 533 567 714 542 704 5726 -986 -5890 168 237 -162 -25 -68 -82
1534352030.6015074 636 533 567 714 542 704 5750 -1114 -5810 -37 191 -18 -26 -70 -81
1534352030.663994 636 533 568 714 542 703 5806 -990 -5720 409 170 82 -24 -68 -80
1534352030.7266314 636 533 567 713 542 704 5782 -1008 -5840 478 342 8 -25 -66 -82
1534352030.8079398 637 533 566 714 540 703 5852 -1036 -5654 338 1 286 -26 -69 -82
1534352030.8671086 637 533 567 713 541 704 5824 -1246 -5954 282 -134 111 -26 -69 -80
1534352030.945221 637 533 566 713 542 703 5692 -970 -5768 180 -121 53 -25 -68 -80
1534352031.0078642 637 533 567 713 541 703 5754 -980 -5836 144 200 265 -24 -67 -83
1534352031.0843022 637 533 567 713 542 704 5720 -1064 -5900 85 186 103 -25 -68 -82
1534352031.146789 636 533 566 714 542 704 5458 -1570 -5872 -241 672 -2375 -27 -69 -81
1534352031.226097 636 533 567 714 541 703 5446 -348 -5922 524 -1744 -63 -26 -66 -82
1534352031.3024023 637 533 567 714 541 704 5826 -978 -6130 -959 -1742 829 -26 -66 -82
1534352031.3670065 637 534 568 714 543 704 5830 -1054 -6234 -525 -1223 54 -26 -68 -85
1534352031.4451091 636 533 567 715 540 703 5844 -1460 -5954 -792 -403 -126 -28 -68 -84
1534352031.50763 636 533 568 714 542 703 6100 -1148 -6354 752 -2430 2659 -27 -65 -87
1534352031.5996487 637 533 567 714 541 703 4992 -1414 -6544 3229 1488 1884 -22 -66 -88
1534352031.6621354 636 533 568 716 542 704 5632 -1190 -5648 3501 4545 1393 -19 -70 -84
1534352031.7404847 637 533 568 714 543 703 5410 -1474 -5764 2345 4013 4433 -14 -73 -85
1534352031.814369 636 533 567 713 541 704 5834 -2788 -5418 1253 1178 1861 -10 -74 -82
1534352031.883141 636 533 567 713 542 704 5736 -2474 -5308 2664 -911 2644 -6 -76 -82
1534352031.9456668 637 533 568 714 541 703 5202 -2702 -5168 2554 -2234 4473 -1 -74 -86
1534352032.0272996 637 533 567 713 542 704 5010 -3084 -5326 893 83 763 2 -76 -87
1534352032.0840888 636 533 568 715 542 704 5572 -2526 -4956 66 281 -610 1 -75 -85
1534352032.1621964 637 533 568 714 542 703 5172 -3014 -5356 -49 -1081 642 0 -73 -87
1534352032.2247398 636 533 568 714 542 704 5110 -3054 -5500 223 -1084 -507 2 -75 -86
1534352032.3174467 637 533 567 714 541 703 5260 -3024 -5298 -575 -1570 -2160 -1 -73 -88
1534352032.3675966 636 533 568 715 542 704 4864 -3032 -5786 45 -974 473 -1 -71 -91
1534352032.4457047 636 533 567 714 542 704 4802 -2734 -6156 -948 546 -1841 -2 -73 -92
1534352032.5238929 637 533 567 715 541 703 5150 -2806 -5748 193 1223 -2031 -3 -72 -89
1534352032.5865695 636 533 567 713 541 704 5538 -2550 -5748 -1241 1884 -1765 -7 -70 -88
1534352032.6644027 637 533 568 714 542 704 5546 -1972 -5678 290 573 -1328 -8 -72 -84
1534352032.7269719 637 533 567 714 542 704 5230 -2430 -5522 945 1329 772 -10 -72 -88
1534352032.8013403 637 533 567 712 541 704 5558 -2388 -5612 800 475 -203 -8 -70 -86
1534352032.8668132 636 533 567 713 542 704 5512 -2344 -5606 44 323 -273 -9 -73 -88
1534352032.9448824 636 533 567 714 542 704 5592 -2438 -5552 703 -12 36 -10 -73 -84
1534352033.0073647 637 533 568 715 542 704 5600 -2274 -5558 494 236 -222 -8 -74 -86
1534352033.084739 636 533 568 714 542 704 5376 -2326 -5656 210 168 -21 -9 -71 -86
1534352033.1472266 636 533 568 714 542 704 5650 -2456 -5468 579 -102 326 -9 -71 -85
1534352033.225542 636 533 567 713 542 704 5536 -2476 -5694 490 85 188 -8 -72 -87
1534352033.2972796 636 533 567 714 541 704 5538 -2290 -5564 735 361 -97 -9 -73 -87
1534352033.3660572 637 533 568 715 541 703 5504 -2624 -5512 77 -38 564 -10 -72 -87
1534352033.4309406 637 534 568 714 542 703 5710 -2580 -5474 523 293 -163 -8 -70 -86
1534352033.4936843 637 533 568 715 541 704 5580 -2360 -5550 300 52 -233 -8 -70 -87
1534352033.5667717 636 533 567 714 542 704 5462 -2458 -5550 93 -116 319 -8 -72 -87
1534352033.6292577 636 533 567 713 541 704 5572 -2502 -5452 739 487 432 -7 -72 -87
1534352033.7229848 636 533 568 715 542 704 5468 -2568 -5524 136 -72 123 -6 -71 -88
1534352033.7827916 637 533 567 715 542 704 5582 -2488 -5500 513 -172 237 -6 -73 -83
1534352033.8353956 637 533 568 714 542 704 5492 -2594 -5582 254 39 16 -6 -72 -85
1534352033.913707 637 533 568 714 542 703 5420 -2684 -5390 -870 544 -398 -7 -72 -88
1534352033.9759872 636 533 567 714 541 704 5668 -2128 -5562 621 307 96 -7 -74 -87
1534352034.0607672 637 533 567 714 542 703 5618 -2608 -5702 -230 -233 200 -7 -73 -85
1534352034.1304083 637 533 566 713 541 704 5506 -2240 -5472 714 162 -293 -9 -72 -87
1534352034.192895 636 533 568 714 542 704 5524 -2724 -5508 231 242 394 -8 -71 -87
1534352034.2700353 636 533 567 715 542 704 5532 -2560 -5514 106 108 -245 -9 -69 -87
1534352034.3392797 637 533 567 713 542 704 5474 -2398 -5616 468 399 205 -8 -71 -86
1534352034.4138887 636 533 567 713 541 704 5526 -2592 -5562 -265 -123 74 -6 -73 -86
1534352034.4763737 637 533 567 715 542 703 5456 -2468 -5632 128 -262 -48 -7 -70 -88
1534352034.5486324 636 533 568 714 541 704 5452 -2458 -5678 325 324 296 -5 -72 -87
1534352034.61493 637 533 568 714 542 704 5606 -2548 -5534 176 85 55 -9 -69 -86
1534352034.6775248 637 533 568 716 542 703 5468 -2374 -5622 249 -86 -22 -6 -71 -85
1534352034.7398953 637 533 568 715 542 704 5528 -2586 -5656 252 196 44 -7 -72 -86
1534352034.8217626 637 533 567 713 541 703 5504 -2458 -5520 190 248 88 -7 -71 -87
1534352034.8824124 636 533 567 713 541 704 5506 -2466 -5524 562 -59 359 -9 -71 -89
1534352034.9448647 636 533 567 713 541 704 5440 -2604 -5630 162 128 493 -6 -73 -84
1534352035.0264673 636 533 567 714 541 704 5478 -2522 -5576 247 24 67 -8 -72 -86
1534352035.083519 636 533 568 714 541 704 5432 -2600 -5630 337 -37 139 -4 -72 -86
1534352035.1616342 636 533 567 715 542 703 5282 -2580 -5576 1949 -418 74 -5 -72 -87
1534352035.2242198 637 533 567 714 541 704 5276 -2610 -5884 35 -179 78 -4 -72 -89
1534352035.3044827 637 533 567 714 542 703 5298 -2874 -5618 -106 312 154 -5 -71 -86
1534352035.3688104 637 533 567 713 541 703 5476 -2644 -5346 50 -54 -180 -2 -71 -88
1534352035.431314 637 533 568 714 542 704 5304 -2632 -5562 396 -30 103 -5 -72 -87
1534352035.509444 637 533 567 714 541 703 5404 -2804 -5716 399 67 505 -5 -70 -90
1534352035.5667698 636 533 567 714 541 704 5470 -2594 -5468 797 503 -418 -4 -70 -90
1534352035.6448734 637 533 567 713 542 704 5302 -2624 -5738 -46 -8 -114 -2 -72 -89
1534352035.7073584 637 533 567 715 542 704 5352 -2782 -5610 -125 -29 326 -2 -71 -88
1534352035.7854636 636 533 567 713 542 703 5392 -2688 -5594 513 669 11 -4 -71 -87
1534352035.857298 637 533 567 713 541 703 5544 -2752 -5466 262 197 195 -4 -72 -88
1534352035.9154246 637 533 567 714 541 704 5430 -2602 -5538 604 -193 -3 -5 -71 -89
1534352035.9935076 636 533 568 713 542 703 5352 -2690 -5636 -202 -277 -278 -4 -74 -88
1534352036.0682948 636 533 567 715 542 703 5420 -2756 -5416 706 176 138 -6 -70 -88
1534352036.1309001 636 533 568 714 541 704 5470 -2714 -5594 323 64 -99 -4 -71 -88
1534352036.193401 636 533 567 714 542 704 5426 -2618 -5580 67 -85 61 -4 -71 -90
1534352036.2717955 636 533 567 712 541 703 5374 -2716 -5738 221 322 -230 -4 -72 -88
1534352036.3424718 636 533 567 714 541 704 5328 -2562 -5474 350 181 -20 -5 -72 -88
1534352036.3996396 636 533 568 713 541 704 5368 -2676 -5674 238 73 -54 -6 -71 -89
1534352036.4776165 636 533 567 713 543 704 5294 -2626 -5696 309 187 -102 -4 -72 -89
1534352036.5491893 636 533 567 714 542 704 5380 -2682 -5584 550 356 115 -7 -71 -87
1534352036.6158843 637 533 567 715 542 704 5580 -2722 -5588 -72 251 13 -7 -72 -91
1534352036.6783662 636 533 568 713 542 703 5408 -2748 -5450 -101 -214 186 -5 -74 -90
1534352036.7564757 636 533 567 713 541 704 5324 -2608 -5580 373 42 -100 -6 -72 -90
1534352036.8275774 636 533 568 714 541 704 5358 -2750 -5618 221 302 -75 -4 -70 -90
1534352036.8837147 636 533 568 714 540 704 5378 -2676 -5584 171 144 69 -4 -73 -89
1534352036.9616055 637 533 567 714 542 703 5420 -2690 -5602 426 92 -9 -4 -70 -90
1534352037.032875 637 533 568 714 542 703 5310 -2680 -5626 329 177 -121 -6 -72 -88
1534352037.0981984 637 533 568 715 542 704 5356 -2734 -5508 209 73 25 -4 -71 -87
1534352037.1605995 637 533 568 715 542 704 5324 -2724 -5610 450 260 210 -4 -71 -89
1534352037.2387118 636 533 567 715 542 703 5378 -2530 -5524 380 296 -460 -5 -68 -88
1534352037.3065274 636 533 566 714 541 704 5350 -2764 -5544 345 96 73 -4 -70 -89
1534352037.3663766 636 533 567 714 541 703 5400 -2786 -5450 152 146 -59 -6 -72 -88
1534352037.4444869 636 533 567 712 542 704 5342 -2756 -5520 181 -42 282 -3 -72 -88
1534352037.5118587 637 533 567 712 541 703 5576 -2702 -5478 378 73 89 -5 -70 -89
1534352037.5683205 637 533 569 715 542 704 5374 -2476 -5452 626 88 202 -3 -69 -88
1534352037.6464293 636 533 567 714 541 704 5450 -2856 -5448 -37 -555 1456 -3 -72 -89
1534352037.7090428 637 533 568 715 542 704 5370 -2902 -5806 624 -101 -322 -4 -71 -91
1534352037.7922294 637 533 567 714 542 704 5200 -2620 -5662 -30 292 -128 -3 -72 -89
1534352037.8670135 636 533 567 713 541 703 5352 -2876 -5624 95 -95 308 -3 -72 -89
1534352037.9295003 637 533 568 715 542 703 5192 -2796 -5692 228 -323 308 -3 -71 -91
1534352037.9922183 636 533 567 715 541 704 5034 -2732 -5838 140 503 -72 -4 -70 -92
1534352038.069777 636 533 568 715 542 704 5312 -2922 -5450 273 364 -343 -2 -72 -89
1534352038.1321309 636 533 567 715 541 704 5158 -2726 -5710 -284 414 -239 -2 -70 -88
1534352038.2100108 637 533 567 715 541 704 5124 -2516 -5594 73 309 -165 -2 -69 -89
1534352038.278283 636 533 567 713 541 704 5194 -2854 -5780 31 232 494 -4 -71 -90
1534352038.346369 636 533 568 713 542 703 5284 -2670 -5646 -67 357 22 -3 -72 -88
1534352038.413724 636 533 567 714 542 703 5352 -2938 -5702 26 1007 377 -5 -71 -88
1534352038.4762444 636 533 567 714 542 704 5230 -2830 -5574 363 214 -334 -4 -71 -88
1534352038.5657651 636 533 568 714 542 704 5258 -2620 -5556 103 1038 -240 -4 -73 -88
1534352038.6163435 636 533 567 714 542 704 5498 -2854 -5490 107 34 555 -3 -73 -88
1534352038.69444 636 533 567 713 541 704 5326 -2688 -5586 393 142 -233 -4 -72 -88
1534352038.7566993 636 533 567 713 542 704 5258 -2470 -5696 1579 1112 166 -2 -71 -89
1534352038.8355856 636 533 568 715 542 704 5442 -3180 -5470 -454 96 465 -3 -72 -87
1534352038.8985603 636 533 567 713 541 703 5576 -2758 -5336 581 190 72 -3 -72 -88
1534352038.9609938 636 533 567 714 542 704 5356 -2816 -5480 379 0 207 -2 -72 -87
1534352039.0401423 636 533 568 713 542 704 5304 -2886 -5514 283 -111 135 -2 -73 -87
1534352039.1000242 636 533 567 714 541 703 5364 -2832 -5674 235 110 253 -1 -72 -88
1534352039.1779401 636 533 567 712 541 703 5448 -2866 -5556 -53 120 85 -3 -72 -88
1534352039.2403579 636 533 568 715 541 703 5380 -2876 -5430 68 110 -14 -3 -72 -89
1534352039.3137004 637 533 568 712 542 704 5300 -2856 -5398 324 118 46 -3 -73 -88
1534352039.3665123 636 533 568 714 541 704 5452 -2782 -5496 193 124 8 -2 -72 -87
1534352039.4446447 636 533 568 713 541 703 5410 -2874 -5468 184 44 -137 1 -73 -88
1534352039.5071037 636 533 567 714 542 704 5330 -2810 -5474 178 161 -53 -3 -73 -90
1534352039.5852103 636 533 567 713 542 704 5370 -2818 -5532 404 89 91 -3 -71 -89
1534352039.6479614 636 533 568 715 542 704 5266 -2850 -5450 -776 218 -44 -2 -71 -90
1534352039.725801 637 533 567 713 541 704 5324 -2760 -5408 758 227 -161 -4 -70 -89
1534352039.7940874 637 533 567 714 541 703 5332 -2912 -5426 204 103 13 -2 -72 -87
1534352039.8503866 636 533 567 714 542 703 5410 -2736 -5562 297 -47 352 -4 -72 -89
1534352039.9284892 637 533 567 714 542 703 5336 -2850 -5626 205 316 -225 -1 -71 -88
1534352039.991009 637 533 567 714 542 703 5302 -2792 -5466 573 87 213 -3 -72 -88
1534352040.071241 637 533 567 713 542 703 5402 -2962 -5550 272 180 -155 -2 -73 -89
1534352040.132395 636 533 566 714 541 704 5440 -2752 -5476 278 99 54 -4 -70 -88
1534352040.1948493 636 533 568 715 541 704 5382 -2870 -5456 295 293 -182 -2 -72 -87
1534352040.2760355 636 533 567 713 541 704 5438 -2876 -5464 162 84 137 -3 -70 -88
1534352040.344929 636 533 568 714 541 703 5386 -2806 -5526 259 111 69 -1 -72 -88
1534352040.4136662 636 533 567 714 542 703 5372 -2848 -5558 42 175 -284 -2 -73 -87
1534352040.4764287 636 533 567 714 541 704 5372 -2744 -5528 187 233 -97 -5 -72 -88
1534352040.5517225 637 533 568 715 542 704 5470 -2872 -5454 233 13 135 -2 -73 -89
1534352040.6160357 637 533 567 715 542 704 5386 -2838 -5562 59 -6 16 -2 -72 -88
1534352040.6785219 637 533 568 714 542 704 5398 -2778 -5516 427 252 22 -4 -71 -88
1534352040.741285 636 533 567 713 542 703 5390 -2884 -5472 206 221 -82 -1 -73 -88
1534352040.82014 637 533 567 714 541 703 5426 -2894 -5464 43 50 98 -4 -72 -88
1534352040.8825011 636 533 567 715 541 703 5354 -2768 -5516 168 29 64 -5 -69 -89
1534352040.945024 637 533 567 714 541 704 5332 -2968 -5620 278 498 -55 -3 -72 -87
1534352041.0266678 637 533 567 713 541 704 5508 -2710 -5386 170 382 -131 -2 -72 -86
1534352041.0845957 636 533 567 714 541 704 5458 -2810 -5414 190 115 12 -2 -72 -88
1534352041.162977 637 533 566 712 541 704 5428 -2842 -5522 -60 112 -5 -2 -72 -87
1534352041.2253933 636 533 567 714 542 703 5428 -2808 -5446 454 4 114 -3 -71 -88
1534352041.310088 636 533 568 714 541 703 5320 -2916 -5460 -166 234 -204 -2 -72 -87
1534352041.3670106 637 533 567 714 541 703 5380 -2716 -5464 509 228 -114 -2 -73 -87
1534352041.4296992 636 533 567 713 541 704 5508 -2838 -5478 127 -112 226 -2 -72 -88
1534352041.5076363 636 533 568 713 542 703 5296 -2792 -5540 302 75 -10 -4 -72 -87
1534352041.5678887 636 533 567 714 541 704 5346 -2788 -5476 238 184 -55 -1 -73 -88
1534352041.645997 636 533 567 713 541 704 5372 -2760 -5604 242 80 123 -2 -71 -88
1534352041.7084813 636 533 567 714 542 703 5440 -2846 -5490 283 179 28 -2 -73 -87
1534352041.7828753 636 533 567 714 542 704 5418 -2954 -5486 -37 169 65 -1 -73 -88
1534352041.8517187 636 533 567 714 542 703 5488 -2704 -5494 282 129 -73 -4 -70 -88
1534352041.914206 636 533 568 715 541 704 5364 -2678 -5504 308 70 -67 -2 -72 -85
1534352041.9923096 636 533 566 713 541 703 5404 -2802 -5508 245 134 135 -2 -71 -87
1534352042.058211 637 533 567 713 541 703 5440 -2788 -5462 190 223 -33 -2 -72 -87
1534352042.115536 636 533 567 713 541 704 5464 -2880 -5476 295 210 113 0 -73 -90
1534352042.1937902 636 533 568 712 541 704 5426 -2792 -5492 188 90 -64 -4 -71 -88
1534352042.2637014 636 533 567 713 541 704 5356 -2824 -5466 149 186 -19 -2 -70 -87
1534352042.3322341 636 533 567 713 541 704 5396 -2844 -5426 191 172 -15 -2 -73 -87
1534352042.3992267 636 533 568 715 541 704 5456 -2850 -5494 198 140 29 -3 -72 -88
1534352042.4617443 636 533 567 714 542 704 5352 -2720 -5522 235 220 -19 -2 -72 -86
1534352042.5391912 636 533 566 713 542 703 5536 -2778 -5320 197 128 256 -1 -73 -87
1534352042.6002474 637 533 567 714 541 702 5338 -2766 -5612 357 58 -59 -1 -73 -86
1534352042.6783483 636 533 567 714 541 703 5404 -2884 -5524 177 266 -101 -3 -71 -87
1534352042.741053 637 533 567 715 542 704 5458 -2830 -5366 120 183 81 -2 -72 -87
1534352042.8171213 636 533 567 713 541 703 5344 -2814 -5594 -914 -152 423 -4 -71 -89
1534352042.8824153 637 533 567 714 542 703 5324 -2720 -5546 57 272 991 -2 -71 -88
1534352042.9449003 636 533 568 714 542 703 5532 -2956 -5502 473 424 -62 -3 -74 -86
1534352043.0230443 636 533 567 713 542 703 5380 -2784 -5448 578 75 -289 -1 -73 -88
1534352043.0836835 637 533 567 713 541 703 5360 -3028 -5510 375 144 -15 -2 -73 -87
1534352043.1617534 636 533 567 712 541 703 5374 -2784 -5540 326 398 -83 -2 -73 -88
1534352043.2242424 637 533 568 714 542 703 5454 -2928 -5458 571 427 126 -1 -72 -87
1534352043.3011346 636 533 567 714 541 704 5334 -2794 -5436 414 351 -43 -1 -74 -87
1534352043.36567 636 533 567 714 542 703 5458 -2872 -5436 162 113 132 -2 -73 -87
1534352043.4281552 636 533 567 713 541 703 5488 -2804 -5486 227 298 -68 0 -72 -87
1534352043.5062988 636 533 567 714 541 704 5416 -2960 -5434 119 225 -64 -2 -75 -85
1534352043.5757515 636 533 567 713 541 704 5416 -2694 -5328 157 -36 -135 -1 -72 -84
1534352043.6320298 636 533 566 714 541 704 5328 -2784 -5650 260 -20 178 -1 -73 -87
1534352043.7101173 636 533 566 713 542 703 5458 -2982 -5532 251 412 -124 -2 -73 -87
1534352043.7825952 637 533 568 714 542 704 5426 -2836 -5390 69 237 22 -2 -72 -84
1534352043.8484564 636 533 567 716 542 703 5466 -2954 -5330 3 56 151 -4 -73 -86
1534352043.913579 636 533 567 715 542 704 5472 -2812 -5450 297 52 54 -1 -75 -88
1534352043.9846284 636 533 567 715 542 704 5342 -2742 -5416 332 112 -34 -2 -71 -88
1534352044.0587301 636 533 567 715 543 703 5292 -2948 -5500 -202 0 43 -3 -72 -85
1534352044.1157422 636 533 567 714 541 704 5374 -2832 -5338 59 201 94 -2 -73 -89
1534352044.1781805 636 533 567 714 541 703 5500 -2940 -5370 368 102 77 -3 -74 -87
1534352044.2562742 636 533 567 713 542 703 5434 -2796 -5432 301 119 -244 -1 -73 -87
1534352044.3260944 636 533 567 713 541 704 5446 -2902 -5480 415 -55 204 -2 -73 -85
1534352044.3837183 636 532 567 713 542 703 5416 -2826 -5436 283 140 -187 -1 -73 -86
1534352044.4618607 636 533 567 714 542 703 5474 -2858 -5450 300 -132 149 -2 -74 -87
1534352044.534265 636 533 567 714 542 704 5436 -2832 -5490 -8 -41 -99 -3 -71 -85
1534352044.599573 636 533 567 714 542 704 5246 -2714 -5496 188 20 -22 0 -72 -88
1534352044.6620083 636 533 567 713 542 703 5476 -3048 -5482 384 -27 217 -2 -72 -85
1534352044.7244918 636 533 567 713 541 703 5400 -2632 -5442 659 90 -114 0 -74 -89
1534352044.8027284 636 533 567 713 541 703 5348 -2974 -5598 -42 -144 246 1 -71 -86
1534352044.8668368 637 533 566 714 541 704 5346 -2926 -5548 74 122 38 -1 -73 -89
1534352044.929326 636 533 567 711 541 703 5336 -2778 -5430 376 245 -40 -1 -72 -87
1534352045.0074291 636 533 567 712 541 703 5268 -2908 -5562 111 265 55 -2 -72 -87
1534352045.0676682 636 533 567 713 542 703 5424 -2804 -5382 295 22 149 -2 -73 -86
1534352045.145812 636 533 567 713 542 704 5456 -2902 -5534 410 108 33 -1 -72 -87
1534352045.2082646 636 533 567 714 541 704 5374 -2830 -5502 280 143 -3 1 -71 -88
1534352045.283466 636 533 568 714 542 704 5300 -2924 -5494 107 210 -27 1 -73 -89
1534352045.3512473 636 533 567 714 542 703 5418 -2820 -5472 386 46 104 -2 -72 -87
1534352045.415154 636 533 568 715 541 704 5384 -3004 -5474 316 12 -277 -1 -70 -87
1534352045.477674 636 533 567 713 542 703 5358 -2906 -5524 164 106 109 -1 -73 -86
1534352045.5582893 636 533 567 713 541 703 5326 -2900 -5460 309 114 110 2 -73 -88
1534352045.614261 636 533 567 713 541 703 5362 -2984 -5650 377 116 -175 -2 -72 -87
1534352045.6924531 637 533 567 714 542 704 5308 -2748 -5486 128 363 -503 -2 -72 -87
1534352045.7548778 637 533 567 715 542 704 5416 -2916 -5286 336 191 -12 -4 -74 -88
1534352045.835065 636 533 568 715 542 703 5430 -3044 -5460 209 50 174 1 -74 -86
1534352045.8978093 636 533 567 714 541 703 5272 -2698 -5640 384 277 -243 -1 -73 -87
1534352045.9602234 636 533 567 715 542 704 5342 -2684 -5514 299 478 62 -3 -72 -88
1534352046.0410647 637 533 566 715 541 704 5464 -2998 -5412 229 254 96 -2 -72 -86
1534352046.1002965 636 533 566 714 541 704 5490 -2932 -5332 393 261 -58 0 -73 -87
1534352046.1784053 636 533 567 713 542 703 5488 -2816 -5384 438 -20 -85 -4 -72 -86
1534352046.2409353 636 533 567 713 542 703 5378 -2730 -5550 140 7 65 0 -74 -87
1534352046.3014123 636 533 567 713 541 704 5360 -2860 -5498 49 60 165 -1 -73 -88
1534352046.3684788 636 533 567 712 541 703 5412 -2858 -5382 117 152 -17 -2 -73 -88
1534352046.4466286 636 533 567 714 541 703 5440 -2924 -5382 82 -68 142 1 -71 -86
1534352046.509074 636 533 567 714 542 704 5464 -2868 -5542 45 0 91 -1 -74 -86
1534352046.5787225 636 533 566 712 541 703 5366 -2864 -5556 379 166 20 0 -73 -88
1534352046.6473033 636 533 567 714 541 703 5446 -2928 -5460 190 241 43 -2 -73 -85
1534352046.709789 636 533 567 713 541 703 5410 -2798 -5334 299 143 -66 -1 -74 -85
1534352046.7844195 636 533 567 714 541 703 5344 -2874 -5504 133 105 14 -1 -72 -88
1534352046.8502438 636 533 567 714 542 704 5390 -2800 -5480 221 73 64 -2 -72 -86
1534352046.9152284 636 533 568 714 542 703 5404 -2964 -5436 191 185 -17 -1 -72 -87
1534352046.9778378 637 533 567 714 541 703 5532 -2786 -5500 247 67 -50 -4 -71 -88
1534352047.0575438 636 533 567 712 541 703 5462 -2842 -5512 286 343 -123 -2 -71 -85
1534352047.1148527 636 533 567 714 541 704 5422 -2878 -5538 144 82 11 -2 -73 -87
1534352047.1929848 636 533 567 712 541 704 5440 -2750 -5400 -697 26 -341 -2 -72 -87
1534352047.255321 636 533 566 714 541 703 5426 -2962 -5538 41 -118 337 -2 -73 -87
1534352047.3344047 636 533 567 713 541 704 5426 -2850 -5440 379 136 -133 -1 -72 -87
1534352047.3997126 637 533 567 714 542 703 5294 -2774 -5492 407 198 42 0 -74 -86
1534352047.4621236 637 533 567 713 541 703 5386 -2826 -5518 205 93 -62 -1 -72 -88
1534352047.5379467 637 533 566 713 541 703 5356 -2804 -5474 187 75 117 -3 -71 -86
1534352047.5996838 636 533 567 713 541 703 5378 -2872 -5528 160 148 -66 0 -73 -86
1534352047.6619654 636 533 566 712 541 703 5406 -2802 -5512 189 19 235 -1 -74 -88
1534352047.7400682 636 533 567 713 541 703 5378 -2774 -5478 291 139 -202 -2 -73 -88
1534352047.8117638 636 533 567 714 541 704 5376 -2936 -5590 122 52 75 -4 -72 -88
1534352047.8658094 636 533 567 715 542 704 5376 -2788 -5412 31 119 -46 -3 -72 -87
1534352047.9438827 636 533 567 713 542 703 5350 -2826 -5520 510 -47 38 -2 -72 -88
1534352048.006402 636 533 567 714 542 704 5218 -2670 -5692 1556 -807 215 -1 -72 -88
1534352048.0848916 637 533 568 715 541 703 5330 -2790 -5474 -142 -115 -71 -3 -71 -90
1534352048.147376 637 533 567 713 541 704 5372 -3130 -5424 309 253 72 0 -72 -90
1534352048.2255332 637 533 566 714 542 704 5200 -2876 -5462 232 354 -69 -1 -73 -89
1534352048.293928 637 533 567 714 541 704 5300 -2910 -5660 156 178 275 0 -72 -88
1534352048.3511307 636 533 567 713 541 703 5338 -2826 -5470 279 203 -356 -1 -73 -87
1534352048.4292378 636 533 566 713 541 703 5248 -2924 -5556 242 165 87 -1 -70 -88
1534352048.4919024 636 533 567 714 542 703 5274 -2906 -5590 -80 232 -8 -2 -72 -88
1534352048.569056 636 533 567 713 542 704 5490 -2870 -5450 260 199 106 0 -74 -86
1534352048.6320527 636 533 567 714 541 703 5350 -2810 -5438 20 210 -136 -1 -73 -89
1534352048.6945372 636 533 567 713 542 703 5256 -2928 -5560 156 101 96 0 -70 -87
1534352048.7744563 636 533 567 713 541 703 5354 -3020 -5468 -35 146 -151 0 -73 -89
1534352048.8628876 637 533 567 714 541 703 5154 -2662 -5616 -2325 -1691 1081 -2 -72 -88
1534352048.914881 637 533 567 713 542 704 5182 -2970 -5706 83 -411 266 -2 -70 -92
1534352048.9773657 636 533 568 713 542 703 5154 -2976 -5758 488 488 -110 0 -71 -90
1534352049.0543578 636 532 567 712 541 704 5242 -2836 -5630 506 408 37 -2 -74 -89
1534352049.1154935 636 533 567 714 541 703 5418 -2742 -5544 679 135 6 -1 -70 -88
1534352049.1781516 636 533 567 714 541 703 5126 -2856 -5752 59 76 -20 -2 -71 -90
1534352049.2563553 636 533 567 714 541 703 5230 -2852 -5698 97 110 199 -1 -70 -92
1534352049.3271792 636 533 567 713 541 703 5358 -2888 -5554 432 225 -197 -2 -72 -89
1534352049.38257 636 533 567 712 540 703 5290 -2820 -5654 682 75 -7 -2 -72 -88
1534352049.4608781 636 533 568 712 541 703 5134 -2810 -5684 8 273 -181 -1 -71 -89
1534352049.5340512 636 533 566 714 541 704 5282 -2898 -5584 74 242 94 -2 -70 -89
1534352049.5852916 636 533 567 713 541 703 5286 -2764 -5488 430 275 -108 -2 -73 -89
1534352049.6635213 636 533 567 713 542 703 5180 -2918 -5676 336 186 64 0 -71 -90
1534352049.7258825 636 533 567 714 542 703 5364 -2834 -5566 209 63 79 -4 -72 -89
1534352049.8005118 636 533 567 714 542 703 5322 -2812 -5502 329 -30 97 1 -72 -89
1534352049.8673782 636 533 567 714 541 704 5132 -2838 -5674 291 227 14 -1 -71 -89
1534352049.9296772 636 533 567 715 542 703 5442 -2938 -5614 587 333 81 -1 -73 -87
1534352049.9921575 636 533 567 713 541 703 5312 -2938 -5596 134 170 -72 -2 -72 -89
1534352050.0704675 636 533 567 713 541 703 5276 -2806 -5644 219 9 293 0 -70 -88
1534352050.1327505 636 533 567 714 541 703 5290 -2924 -5618 409 126 -133 0 -73 -87
1534352050.2108548 636 533 566 714 541 704 5142 -2950 -5582 270 245 -118 0 -72 -87
1534352050.276163 636 533 566 712 540 704 5250 -2930 -5642 39 56 87 -3 -73 -88
1534352050.3458307 636 533 567 712 542 703 5298 -2668 -5502 196 112 -198 1 -73 -91
1534352050.4145236 636 533 567 713 541 703 5188 -3132 -5674 -40 252 -152 -1 -71 -86
1534352050.477142 636 533 567 714 542 703 5344 -2762 -5458 221 165 241 -3 -69 -87
1534352050.5552747 637 532 566 713 542 704 5380 -3004 -5512 639 -49 -107 -1 -72 -88
1534352050.6167135 636 533 567 713 541 704 5090 -2774 -5688 286 3 143 0 -72 -87
1534352050.6793733 636 533 567 714 541 703 5372 -3044 -5540 302 224 35 0 -72 -89
1534352050.7572103 636 532 567 713 541 703 5240 -2842 -5498 153 213 -162 -1 -72 -90
1534352050.8253195 636 532 567 714 541 704 5266 -2868 -5618 153 2 265 -1 -72 -88
1534352050.899047 636 533 567 712 542 703 5296 -2812 -5528 82 124 -94 -1 -72 -88
1534352050.9461422 636 533 567 714 542 703 5316 -3058 -5568 304 141 151 1 -71 -87
1534352051.0286002 636 532 567 713 541 703 5258 -2796 -5508 340 155 -85 0 -72 -89
1534352051.097897 636 533 567 713 541 703 5332 -2886 -5580 368 -27 133 -3 -70 -89
1534352051.160421 636 533 567 714 541 704 5134 -2920 -5544 567 210 -126 -2 -72 -88
1534352051.2231226 636 533 566 712 540 704 5292 -2992 -5466 287 124 241 -2 -72 -89
1534352051.3012264 636 533 567 714 541 703 5242 -2968 -5574 103 -65 206 1 -73 -89
1534352051.3684525 636 533 567 712 541 704 5248 -2898 -5602 326 155 -36 2 -70 -90
1534352051.4309406 636 533 567 713 541 703 5274 -2942 -5600 153 118 -91 0 -71 -88
1534352051.5091796 636 533 567 713 541 703 5278 -2852 -5502 343 122 -49 0 -70 -91
1534352051.5715284 636 532 567 712 541 703 5180 -2994 -5658 144 -12 138 1 -71 -89
1534352051.6340184 637 533 566 713 541 703 5224 -2844 -5536 71 -2 78 1 -70 -89
1534352051.6965024 636 532 567 714 543 703 5232 -2922 -5600 205 105 14 -2 -72 -90
1534352051.7782981 636 533 566 712 541 703 5222 -3034 -5650 213 74 29 -1 -71 -88
1534352051.8451188 636 533 568 714 542 703 5184 -2754 -5622 308 145 14 0 -70 -89
1534352051.899666 636 533 567 713 542 703 5158 -3024 -5772 182 362 -19 -1 -72 -88
1534352051.9775054 636 532 566 714 542 703 5312 -2866 -5442 390 55 35 1 -72 -89
1534352052.039987 636 533 567 714 541 704 5222 -2988 -5694 102 187 -82 -1 -70 -88
1534352052.1026332 636 533 568 714 542 703 5240 -2794 -5554 218 203 260 0 -71 -88
1534352052.1805837 636 533 567 714 542 703 5296 -3010 -5506 189 242 -105 1 -73 -88
1534352052.2430623 636 533 566 713 542 703 5274 -2856 -5582 189 40 12 1 -74 -89
1534352052.31943 636 533 567 712 542 703 5262 -2976 -5634 205 56 -6 -1 -71 -89
1534352052.3840451 636 532 568 714 542 704 5206 -2896 -5650 221 173 38 -2 -68 -89
1534352052.4465353 636 533 567 714 541 703 5230 -2946 -5620 250 74 81 2 -72 -91
1534352052.509289 636 532 567 714 542 703 5250 -2990 -5634 108 81 7 -1 -72 -88
1534352052.584187 636 533 567 714 542 703 5268 -2808 -5542 304 160 31 -1 -72 -89
1534352052.6466737 636 533 567 714 542 703 5184 -2948 -5644 46 72 -59 0 -74 -89
1534352052.7092602 636 533 567 713 541 704 5322 -2964 -5626 121 -96 260 -1 -72 -89
1534352052.7914953 636 533 567 713 541 703 5204 -3008 -5708 136 260 86 -1 -72 -89
1534352052.8621795 636 533 567 713 540 703 5288 -2936 -5598 133 99 -17 -1 -72 -89
1534352052.930771 636 533 567 714 541 703 5156 -2986 -5678 134 153 56 0 -70 -88
1534352052.9934707 636 533 566 711 541 704 5270 -2826 -5648 294 142 44 0 -70 -89
1534352053.0622444 636 532 567 714 542 703 5290 -2962 -5598 221 132 -101 0 -72 -90
1534352053.1151886 636 533 567 714 542 703 5228 -2856 -5598 203 186 42 -2 -71 -88
1534352053.1932964 636 533 566 714 541 703 5222 -3016 -5642 135 137 78 0 -71 -88
1534352053.2560077 636 532 566 713 542 704 5258 -2920 -5498 97 30 -60 0 -71 -88
1534352053.3318608 636 533 567 713 541 704 5252 -2954 -5600 273 94 -42 -1 -71 -89
1534352053.3968158 636 533 567 715 542 703 5214 -2940 -5688 234 60 121 0 -72 -89
1534352053.4593816 636 533 567 714 542 703 5232 -2814 -5538 325 293 -158 0 -71 -90
1534352053.5338655 636 533 566 713 542 702 5164 -3004 -5732 213 38 88 1 -70 -90
1534352053.6000402 637 533 567 713 541 703 5258 -2958 -5568 89 138 44 -1 -70 -89
1534352053.6625264 636 533 567 714 542 704 5182 -2858 -5574 347 96 -19 0 -72 -90
1534352053.725217 637 533 567 714 541 704 5236 -3008 -5588 283 170 -99 0 -70 -89
1534352053.8039904 636 533 567 714 541 703 5214 -2866 -5514 247 12 106 -1 -75 -89
1534352053.8667736 636 533 567 713 541 703 5198 -2896 -5620 290 274 -47 -1 -72 -91
1534352053.9292903 636 533 566 713 541 703 5244 -2904 -5560 179 147 -3 -1 -70 -90
1534352054.0075443 636 533 567 713 541 703 5184 -2902 -5506 327 -102 -25 -1 -71 -87
1534352054.0753884 636 533 568 713 541 703 5128 -3086 -5820 9 176 3 2 -71 -87
1534352054.131283 636 532 566 712 541 704 5278 -2696 -5440 526 288 17 2 -71 -90
1534352054.2095985 637 533 566 712 541 702 5282 -3090 -5586 125 104 -123 -1 -72 -89
1534352054.281711 636 533 567 713 541 703 5138 -2772 -5712 178 -166 374 0 -71 -90
1534352054.3495667 636 533 567 714 542 703 5316 -3098 -5620 202 220 -37 1 -72 -90
1534352054.4135115 637 532 567 714 542 704 5258 -2860 -5464 190 107 -17 -1 -72 -89
1534352054.4762108 636 533 566 714 541 704 5170 -3004 -5674 66 112 -9 1 -71 -90
1534352054.5532393 636 532 568 715 543 704 5208 -2882 -5576 -77 113 65 -2 -69 -89
1534352054.6155636 636 533 567 713 541 703 5268 -3076 -5674 5 34 237 -1 -71 -90
1534352054.6779947 636 533 567 714 542 704 5174 -2778 -5572 347 126 -147 3 -74 -91
1534352054.7561371 636 533 567 713 541 703 5220 -3032 -5654 252 184 -69 0 -71 -89
1534352054.8235905 636 533 567 713 542 703 5232 -2794 -5540 400 111 23 0 -73 -87
1534352054.8821514 636 533 567 713 541 703 5228 -3020 -5712 269 116 3 0 -72 -88
1534352054.9602187 636 533 567 713 542 704 5202 -2838 -5624 140 135 39 -1 -72 -90
1534352055.0229194 636 533 566 712 542 703 5272 -2922 -5526 238 149 41 0 -71 -90
1534352055.0834203 636 533 567 712 541 703 5196 -2924 -5630 230 109 127 1 -70 -90
1534352055.1461682 636 532 566 713 542 703 5276 -2904 -5596 127 75 4 -3 -69 -89
1534352055.2241845 637 533 566 713 541 703 5208 -2848 -5618 250 70 97 -1 -71 -89
1534352055.2870061 636 533 566 714 541 703 5186 -2938 -5658 121 185 -6 1 -71 -88
1534352055.3517764 636 533 567 714 542 703 5302 -2962 -5576 181 68 56 0 -71 -90
1534352055.4142652 636 533 566 714 541 703 5202 -2872 -5630 224 198 -64 0 -69 -89
1534352055.4923718 637 532 567 713 542 703 5188 -2906 -5582 280 215 -53 -1 -72 -89
1534352055.563252 636 533 567 713 541 704 5158 -2896 -5634 253 156 49 1 -72 -87
1534352055.6165323 636 533 567 714 541 703 5178 -2950 -5628 91 85 136 -1 -72 -89
1534352055.6946046 636 533 567 713 541 703 5178 -2948 -5568 256 243 -23 0 -71 -91
1534352055.7689672 636 532 567 714 542 703 4942 -2708 -6054 -1013 730 288 -1 -72 -88
1534352055.8390377 636 533 568 714 542 703 5340 -2978 -5500 -177 804 781 -1 -70 -91
1534352055.8980598 636 533 567 713 541 703 5338 -2958 -5226 35 926 -200 1 -73 -88
1534352055.976332 636 533 567 713 542 703 5522 -2900 -5294 139 -354 925 0 -73 -90
1534352056.0473676 636 533 567 714 541 704 5258 -3456 -5624 182 -683 -103 1 -71 -87
1534352056.1158478 636 533 566 713 542 703 5280 -2762 -5548 479 136 -705 0 -73 -86
1534352056.1782084 636 533 567 714 542 704 5366 -2830 -5494 -19 589 221 -1 -71 -87
1534352056.2563188 636 532 567 713 542 704 4942 -2840 -5534 -552 116 -523 -1 -74 -88
1534352056.3316753 636 533 566 714 541 703 5216 -2418 -5516 1025 641 265 -1 -71 -89
1534352056.3821847 635 533 567 713 541 703 5618 -3656 -5616 -596 367 359 0 -73 -89
1534352056.4602952 636 532 566 713 542 704 5134 -2362 -5158 788 601 -725 0 -73 -86
1534352056.5327277 636 532 567 714 541 703 5098 -2900 -5630 397 201 725 0 -74 -88
1534352056.602546 636 533 567 714 542 703 5390 -2964 -5618 158 350 -15 -1 -74 -87
1534352056.6713588 636 532 567 714 542 704 5410 -2956 -5326 482 646 169 -1 -73 -85
1534352056.7361841 636 532 567 712 541 704 5444 -2946 -5300 75 161 4 2 -74 -85
1534352056.8059962 635 532 568 715 542 703 5508 -3074 -5366 -50 -367 153 -1 -75 -85
1534352056.8778045 636 533 566 713 541 704 5240 -2882 -5552 -255 -312 -156 -1 -72 -86
1534352056.9466205 636 532 567 714 542 703 5230 -2926 -5570 -58 -83 169 0 -74 -87
1534352057.0224173 636 533 567 714 542 703 5368 -2974 -5508 191 151 -56 0 -73 -88
1534352057.112187 636 532 567 714 542 703 5320 -2896 -5604 84 120 238 0 -72 -88
1534352057.1809933 636 533 567 714 542 704 5194 -2766 -5562 611 795 -387 0 -72 -88
1534352057.223878 636 533 566 714 542 703 5344 -2850 -5554 394 147 312 -2 -73 -87
1534352057.2897022 636 533 567 713 542 703 5440 -2896 -5552 355 435 -297 -3 -76 -88
1534352057.358521 636 533 567 713 541 703 5188 -2744 -5244 362 669 124 1 -74 -86
1534352057.4170897 636 533 566 713 541 703 5646 -3214 -5406 709 409 737 -1 -73 -85
1534352057.495198 636 532 566 713 541 703 5336 -2944 -5358 -121 319 -1013 -2 -74 -85
1534352057.5680988 636 533 567 714 542 704 5534 -2738 -5572 -128 489 -225 0 -74 -86
1534352057.630775 636 532 567 713 541 704 5502 -3092 -5380 -322 329 -242 -1 -73 -87
1534352057.720284 636 532 567 712 541 704 5498 -2958 -5444 331 416 98 -1 -75 -85
1534352057.7831182 636 532 567 715 541 704 5466 -2736 -5366 -128 643 -768 2 -75 -84
1534352057.8469434 636 532 567 712 542 704 5526 -2710 -5222 -94 588 60 -1 -72 -85
1534352057.915758 636 533 567 713 543 703 5590 -2888 -5264 97 278 204 -2 -74 -85
1534352057.9835782 636 533 567 714 542 703 5564 -2716 -5328 711 -53 18 -1 -74 -84
1534352058.0533907 636 532 567 714 542 703 5456 -2880 -5402 -120 128 162 -1 -76 -85
1534352058.1222074 636 533 567 712 541 704 5588 -2876 -5206 129 62 129 -3 -75 -84
1534352058.186036 636 532 567 714 541 703 5552 -2884 -5260 9 13 8 -1 -75 -86
1534352058.247861 636 533 566 712 542 703 5472 -2818 -5472 239 -86 119 -1 -73 -83
1534352058.3240142 636 532 567 713 542 704 5470 -2872 -5400 159 264 47 -3 -75 -85
1534352058.3968194 636 532 567 712 542 703 5538 -2784 -5312 237 189 99 -1 -76 -84
1534352058.477606 636 532 567 712 541 704 5592 -2872 -5314 71 -8 110 -2 -74 -85
1534352058.5324566 636 533 567 712 541 703 5542 -2876 -5376 124 -8 -31 -3 -76 -84
1534352058.5952888 635 533 566 714 541 703 5464 -2884 -5392 377 254 -80 -2 -75 -85
1534352058.664104 636 532 567 714 542 703 5550 -2768 -5386 211 112 256 -2 -74 -87
1534352058.7329197 636 533 566 715 541 703 5482 -2872 -5430 262 148 -73 0 -75 -85
1534352058.8017364 636 533 567 714 542 703 5528 -2790 -5368 399 107 185 -2 -74 -84
1534352058.871549 635 533 566 712 541 703 5522 -2896 -5348 -76 -18 -112 0 -74 -85
1534352058.9373732 636 533 567 713 541 703 5422 -2878 -5430 135 7 208 -4 -74 -85
1534352059.0071867 636 532 567 712 541 703 5486 -2884 -5406 81 304 -80 -2 -75 -83
1534352059.0779965 635 533 567 713 542 703 5508 -2746 -5344 209 93 190 -1 -74 -85
1534352059.148808 636 532 566 713 541 703 5496 -2910 -5420 254 322 -69 -1 -73 -83
1534352059.211841 636 533 566 713 541 703 5462 -2868 -5374 199 182 135 -1 -76 -85
1534352059.2816532 636 532 567 713 541 703 5468 -2856 -5368 271 194 -18 -2 -74 -84
1534352059.349472 637 533 568 714 542 704 5468 -2848 -5382 173 142 -22 0 -74 -84
1534352059.407818 636 532 567 714 541 703 5572 -2918 -5340 251 104 156 0 -74 -84
1534352059.4859996 636 533 567 714 541 703 5458 -2846 -5410 215 155 -120 -1 -75 -83
1534352059.556074 636 533 567 713 541 703 5468 -2808 -5320 285 95 136 -2 -75 -83
1534352059.6181166 636 532 567 713 541 703 5502 -2856 -5364 284 338 -256 -1 -74 -84
1534352059.680732 636 533 566 713 541 704 5546 -2944 -5346 5 -91 170 -2 -75 -85
1534352059.7659898 636 532 567 714 541 703 5522 -2876 -5322 156 -28 -54 -3 -75 -85
1534352059.8298185 636 532 567 712 541 703 5466 -2788 -5352 274 147 11 -2 -75 -85
1534352059.8845344 636 533 567 713 541 703 5424 -2838 -5476 25 209 13 -1 -74 -85
1534352059.9626393 636 533 567 712 542 703 5576 -3026 -5302 134 11 329 -2 -74 -85
1534352060.0358844 636 533 567 712 542 703 5544 -2814 -5276 260 212 -238 -3 -75 -83
1534352060.1011693 636 532 567 714 541 704 5440 -2772 -5402 153 62 12 0 -74 -84
1534352060.1635973 636 532 567 712 541 703 5414 -2888 -5438 230 50 33 -1 -75 -84
1534352060.226086 636 532 566 712 541 703 5548 -2788 -5320 318 173 67 -1 -74 -83
1534352060.305283 636 533 567 712 541 703 5488 -2872 -5320 61 307 -128 -1 -76 -84
1534352060.3658702 636 532 566 712 541 703 5490 -2878 -5372 172 0 130 -2 -74 -86
1534352060.4439762 636 533 567 713 541 703 5468 -2812 -5446 262 75 22 -3 -75 -84
1534352060.5089884 636 533 567 713 541 703 5534 -2854 -5354 207 252 -93 -4 -75 -84
1534352060.575808 636 532 567 712 541 703 5550 -2782 -5342 235 6 140 -3 -76 -85
1534352060.6456215 636 532 567 715 542 703 5490 -2876 -5356 31 114 -110 -2 -76 -82
1534352060.7134523 636 532 567 713 541 703 5576 -2800 -5362 186 35 179 -1 -75 -84
1534352060.782255 636 532 567 714 542 703 5494 -2810 -5352 322 255 -87 -3 -74 -84
1534352060.850073 636 532 567 714 542 703 5470 -2852 -5438 229 115 10 -1 -75 -85
1534352060.917892 636 532 566 714 541 704 5460 -2714 -5408 -57 28 17 -2 -75 -84
1534352060.9857125 636 532 567 712 541 703 5522 -2922 -5346 213 236 -1 -2 -77 -83
1534352061.0555246 636 532 567 713 542 704 5514 -2800 -5394 220 155 119 -2 -76 -84
1534352061.124339 636 532 567 713 542 703 5476 -2758 -5330 236 146 -42 -3 -74 -83
1534352061.1931558 636 532 567 712 541 703 5480 -2922 -5392 356 239 100 -3 -75 -82
1534352061.2609746 636 532 566 712 541 703 5554 -2834 -5344 137 -40 10 -2 -74 -85
1534352061.3297896 636 532 567 712 541 703 5502 -2844 -5404 205 107 -18 -2 -73 -83
1534352061.384812 636 532 566 713 541 703 5520 -2850 -5360 238 169 74 -1 -74 -83
1534352061.462984 636 532 567 715 542 703 5490 -2716 -5334 140 111 -77 -2 -77 -85
1534352061.5352802 636 532 567 713 541 703 5444 -2906 -5406 -9 -79 340 -3 -74 -82
1534352061.6047878 636 532 567 712 541 703 5420 -2796 -5366 -139 98 -11 -3 -76 -86
1534352061.670523 636 532 567 713 542 703 5486 -2890 -5436 364 38 118 -1 -75 -84
1534352061.7327824 636 533 566 714 542 703 5394 -2806 -5450 212 212 68 -2 -75 -86
1534352061.808767 636 533 567 712 541 703 5540 -2786 -5356 136 98 152 0 -74 -86
1534352061.8755877 636 532 566 713 542 703 5518 -2808 -5398 74 55 -33 -1 -75 -84
1534352061.943416 636 532 566 714 541 703 5430 -2828 -5446 -14 -42 387 0 -73 -83
1534352062.0122225 636 532 567 713 542 703 5474 -2898 -5378 185 207 -84 -1 -76 -86
1534352062.0790713 636 532 566 713 541 703 5480 -2868 -5338 -50 50 82 -1 -74 -86
1534352062.147859 635 532 567 713 541 703 5452 -2802 -5344 486 306 22 -2 -74 -84
1534352062.2157145 636 532 567 713 542 703 5456 -2930 -5464 173 171 24 -1 -77 -84
1534352062.2864923 636 532 567 715 542 703 5522 -2792 -5316 -109 193 -196 -2 -73 -83
1534352062.3543093 636 532 566 713 541 703 5464 -2902 -5392 408 127 71 -2 -74 -85
1534352062.4252653 636 532 567 713 541 703 5432 -2812 -5374 296 242 -121 -2 -75 -82
1534352062.4959273 635 532 567 712 542 703 5462 -2854 -5406 104 153 80 -1 -77 -85
1534352062.5597582 636 532 567 714 542 703 5476 -2690 -5364 222 121 0 -1 -77 -85
1534352062.6267636 636 532 566 712 541 703 5502 -2830 -5464 153 85 13 -2 -74 -83
1534352062.6973898 636 532 566 711 542 703 5514 -2796 -5376 407 212 -182 -1 -74 -86
1534352062.7662039 636 532 567 714 541 703 5458 -2922 -5506 753 -93 126 -3 -73 -85
1534352062.833952 636 532 567 714 541 703 5306 -2480 -5402 1348 261 -601 -3 -74 -83
1534352062.896437 636 532 566 714 542 704 5336 -2826 -5404 1537 -258 110 -1 -74 -86
1534352062.9745433 636 532 566 714 541 704 5436 -2796 -5334 -381 -203 -625 -2 -76 -85
1534352063.0485947 636 533 567 714 543 703 5514 -3166 -5474 942 55 315 0 -75 -84
1534352063.1156073 636 532 567 714 542 704 5434 -2888 -5342 864 570 -253 0 -75 -85
1534352063.177953 636 532 568 715 542 703 5376 -2860 -5594 -59 200 26 -1 -75 -84
1534352063.2404928 635 532 568 713 542 703 5568 -2658 -5128 294 751 615 -2 -76 -84
1534352063.318117 636 532 567 713 541 702 5568 -3058 -5092 404 664 -349 -2 -76 -82
1534352063.3806 635 532 566 712 542 703 5640 -3302 -5390 124 -192 802 1 -75 -85
1534352063.4587693 636 532 566 713 541 702 5244 -2470 -5194 144 155 -262 0 -75 -84
1534352063.528495 636 532 567 713 542 703 5268 -3508 -5464 -3 92 119 0 -75 -85
1534352063.5843396 636 532 567 713 542 703 5452 -2636 -5182 -53 -271 212 0 -74 -84
1534352063.6646984 636 533 567 713 542 703 5424 -3040 -5370 -84 379 -305 0 -76 -84
1534352063.7271833 636 532 567 713 541 703 5280 -2498 -5268 420 40 80 -1 -76 -84
1534352063.8168237 636 532 567 714 541 704 5644 -3272 -5262 -433 -54 29 2 -76 -86
1534352063.863688 636 532 566 713 541 703 5498 -3026 -5284 287 -174 405 0 -75 -84
1534352063.926182 636 532 567 712 541 703 5424 -3250 -5476 442 -207 445 1 -74 -85
1534352064.0043125 636 532 566 714 541 703 5458 -2562 -5180 256 20 -697 1 -75 -84
1534352064.091812 636 532 567 712 542 703 5212 -3418 -5414 -163 271 -271 -1 -76 -85
1534352064.1646173 636 532 567 712 542 703 5698 -2846 -4904 553 -1037 -59 -1 -75 -84
1534352064.2207863 636 532 566 712 541 703 5414 -3042 -5364 215 375 -598 -1 -74 -84
1534352064.2901201 636 532 566 713 542 703 5340 -2808 -5398 809 291 528 -2 -74 -85
1534352064.3619306 636 532 566 713 541 703 5562 -2986 -5198 -139 283 -157 -1 -75 -84
1534352064.4175186 636 532 566 714 542 703 5482 -2720 -5430 33 -365 926 -3 -75 -85
1534352064.488507 636 532 567 714 543 704 5538 -3020 -5598 73 -192 -324 0 -75 -86
1534352064.5815666 636 532 567 713 542 704 5556 -2748 -5394 400 -305 279 -1 -73 -86
1534352064.6315193 636 532 567 713 541 703 5316 -3024 -5282 500 294 -846 2 -75 -85
1534352064.694091 636 532 566 713 541 703 5350 -2960 -5464 304 -151 551 0 -74 -85
1534352064.7783566 636 532 567 712 542 702 5436 -2786 -5466 262 241 -301 -1 -75 -86
1534352064.8341794 636 532 566 713 542 703 5464 -3018 -5394 186 423 239 0 -74 -86
1534352064.916405 636 532 566 714 541 703 5550 -2828 -5050 288 489 -252 -1 -74 -84
1534352064.9842238 636 532 567 712 541 703 5474 -3150 -5258 102 364 76 1 -74 -85
1534352065.0510447 636 532 567 714 542 703 5560 -2982 -5360 296 13 189 1 -76 -84
1534352065.1208582 636 532 567 714 541 703 5394 -2830 -5316 499 -117 -197 0 -75 -85
1534352065.1798484 636 532 566 713 541 703 5182 -2746 -5442 514 57 80 1 -75 -84
1534352065.257982 636 533 566 713 541 703 5448 -3058 -5428 292 514 108 -2 -75 -86
1534352065.322704 636 532 567 713 541 703 5606 -3102 -5008 698 111 71 0 -75 -84
1534352065.3817787 636 532 567 713 542 703 5566 -3128 -5254 864 442 57 -1 -76 -86
1534352065.444171 636 532 566 713 542 703 5512 -2780 -5220 169 85 -6 0 -75 -83
1534352065.5242898 636 532 567 713 541 703 5528 -2960 -5264 93 -46 393 0 -78 -85
1534352065.5829747 636 532 566 712 541 703 5500 -2922 -5284 115 177 -107 1 -75 -83
1534352065.6610763 636 532 567 712 542 703 5558 -3018 -5266 36 228 -8 -1 -76 -83
1534352065.7235973 635 532 567 714 541 703 5584 -3046 -5242 6 170 34 2 -75 -84
1534352065.794689 636 533 567 714 542 703 5478 -2926 -5252 167 268 -105 0 -77 -83
1534352065.8617017 636 532 567 712 542 703 5498 -3028 -5280 216 92 144 0 -76 -82
1534352065.9404895 636 532 567 713 542 703 5592 -2880 -5266 120 124 -61 1 -75 -84
1534352066.0013328 636 532 567 713 541 703 5494 -2970 -5260 203 163 -19 0 -75 -84
1534352066.0641794 636 532 567 714 542 703 5442 -2982 -5382 33 11 145 0 -76 -84
1534352066.1192033 636 532 566 713 542 703 5572 -2998 -5262 366 185 -43 0 -75 -84
1534352066.1972985 636 532 567 714 542 703 5438 -2898 -5284 590 196 -5 1 -74 -83
1534352066.2662091 636 532 567 714 542 703 5562 -2984 -5240 110 73 113 0 -77 -84
1534352066.3330302 636 532 567 713 542 704 5462 -2966 -5172 222 -5 -1 -2 -74 -86
1534352066.3999503 636 532 567 713 542 703 5642 -3188 -5224 -60 179 60 0 -74 -83
1534352066.4570282 636 532 566 715 542 703 5236 -2428 -5586 -382 149 -261 0 -74 -84
1534352066.5412226 636 533 567 712 542 703 5454 -3226 -5170 -938 1731 -207 1 -75 -84
1534352066.5994666 636 532 566 712 541 703 5372 -2658 -5428 912 596 -463 -1 -76 -83
1534352066.6817508 636 532 567 714 541 703 5364 -2930 -5570 199 3087 891 -1 -77 -79
1534352066.7545578 636 532 567 713 542 703 4470 -1916 -8538 4062 12185 5340 2 -81 -77
1534352066.828358 636 532 567 713 541 703 4050 -3596 -2572 1886 32767 16283 17 -91 -42
1534352066.8992696 636 532 566 712 541 702 7134 -5554 3856 22435 27239 6082 27 -87 3
1534352066.9617581 636 532 567 714 542 703 4130 -2440 3720 21849 32013 -7374 16 -71 33
1534352067.0454288 636 532 566 713 541 703 5240 -3754 8600 -1299 29847 2620 13 -42 65
1534352067.1154306 636 533 567 713 542 704 2854 -5046 5952 8193 21134 5430 15 -15 76
1534352067.1778166 636 532 567 714 541 703 1120 -5974 6370 1316 18665 -6627 15 19 82
1534352067.256342 636 532 567 713 541 703 900 -5102 9700 2985 9265 -3579 17 37 75
1534352067.3165889 636 532 567 712 541 703 1336 -1216 8558 811 214 -6679 15 41 73
1534352067.3791947 635 532 567 714 541 703 236 -2120 5596 5228 563 331 10 42 72
1534352067.4572175 635 532 566 713 542 703 400 -1216 6058 12515 9506 1582 0 48 68
1534352067.5196674 636 533 567 714 541 703 376 -3978 9210 10530 12303 12330 -15 65 57
1534352067.5977738 636 532 566 715 542 704 -1084 -1870 8896 6536 17017 15489 -29 76 48
1534352067.676062 635 532 567 712 541 702 -4010 -1810 8020 -14253 32767 -8705 -28 92 38
1534352067.755528 636 532 567 713 542 703 -1008 -2360 5466 -24982 23746 -9694 -2 122 17
1534352067.8178537 636 532 567 713 541 703 -5992 -4128 4820 -1898 852 15291 -10 122 12
1534352067.8960414 636 532 567 713 542 703 -7502 -3644 4478 -2791 6832 227 -15 119 13
1534352067.9741023 636 532 567 714 541 704 -6844 -3972 4118 -17305 19979 -21587 19 132 1
1534352068.048801 636 532 566 712 541 703 -4206 -4320 1144 7371 -146 210 30 135 -7
1534352068.1159983 636 532 566 713 542 704 -5754 -4012 850 -3779 -8399 -28035 44 132 0
1534352068.1784854 636 532 567 712 541 703 -4256 -6270 2858 37 -441 -3080 52 127 5
1534352068.2565901 635 532 566 712 541 703 -918 -6516 1738 11280 3431 -15797 63 120 8
1534352068.3347878 636 532 567 712 541 703 -4204 -8028 2646 -2290 1882 -3638 69 115 12
1534352068.3974326 636 532 567 713 541 703 -3238 -8000 2654 1100 -2758 2418 70 113 9
1534352068.4754174 636 532 566 713 541 703 -2454 -6382 1574 4690 4222 1692 66 115 10
1534352068.5507534 636 532 566 713 541 703 -2290 -7070 3436 -8466 13843 -4084 77 111 4
1534352068.6146417 636 532 567 714 542 703 272 -6804 826 -8637 -8247 -4390 79 115 -6
1534352068.6929495 636 532 567 713 541 703 -7626 -8940 4594 7612 11306 2979 80 108 1
1534352068.755233 636 532 567 712 541 703 -2486 -7912 2298 -1678 717 -684 82 112 -8
1534352068.8355217 636 532 566 713 542 703 -2224 -8150 1086 -1143 7274 -4348 86 109 -11
1534352068.8982687 636 532 566 713 541 703 -1588 -7062 994 1338 880 196 83 111 -11
1534352068.9761152 636 532 566 712 541 703 -2544 -8168 1782 -274 1927 5385 83 114 -7
1534352069.0502954 636 533 567 712 541 703 -2728 -6748 1470 -94 3036 2022 77 119 -14
1534352069.1211061 636 532 567 714 542 703 -3270 -6838 1244 979 2052 2425 77 120 -14
1534352069.1829715 636 532 566 712 542 703 -2950 -6304 728 -5440 2228 -751 77 122 -18
1534352069.2665753 635 533 566 713 541 703 -3168 -7606 162 -1254 3385 1433 80 121 -26
1534352069.3334687 636 532 567 714 542 703 -3086 -7596 516 89 3165 1211 77 122 -27
1534352069.4031434 636 532 567 713 542 703 -3644 -7302 86 46 1554 1603 77 126 -31
1534352069.485934 636 532 567 713 541 703 -3712 -7228 -10 -158 -578 934 74 126 -30
1534352069.5507498 636 532 566 712 541 703 -3762 -6868 -200 955 -971 -1995 74 123 -29
1534352069.6004488 635 532 566 712 541 703 -3418 -7084 552 198 412 -779 76 125 -28
1534352069.6785567 636 532 568 713 541 703 -3196 -7494 526 -208 -892 -175 77 121 -29
1534352069.7410736 635 532 567 713 542 703 -3224 -7368 434 919 99 366 76 123 -29
1534352069.818552 636 532 567 713 541 703 -3430 -6998 266 423 -90 121 75 123 -28
1534352069.8812096 636 532 566 712 542 703 -3352 -7284 398 -132 -173 -93 76 123 -27
1534352069.9593146 636 532 566 712 541 703 -3210 -7012 210 -442 -234 1124 78 123 -27
1534352070.031463 637 532 567 713 542 703 -3508 -7080 392 832 -47 1729 76 125 -27
1534352070.100347 636 532 567 713 541 703 -3488 -7004 542 -8 -177 532 76 124 -27
1534352070.1823535 637 532 567 713 541 703 -3532 -7166 262 -31 -131 574 75 125 -27
1534352070.224817 636 532 567 713 541 703 -3668 -7284 158 792 -338 1105 73 126 -26
1534352070.3098218 635 532 567 713 542 703 -3696 -7066 486 997 -516 1292 72 126 -28
1534352070.364952 636 532 566 713 541 703 -3642 -7030 424 -1528 -61 594 71 127 -28
1534352070.4432333 637 532 566 713 541 703 -3706 -6882 280 -2786 863 -2155 73 125 -28
1534352070.5233996 637 532 567 713 542 703 -3372 -6866 102 -456 -339 1343 73 126 -29
1534352070.5827992 636 532 566 713 541 703 -3574 -7156 282 525 278 652 71 128 -26
1534352070.65511 636 532 565 712 541 702 -3786 -6866 224 691 176 -8 71 129 -28
1534352070.7174983 636 532 566 713 542 703 -3932 -7074 -10 354 -355 -41 72 127 -27
1534352070.7980354 636 532 566 712 541 703 -4192 -7524 -18 -1556 723 621 72 127 -30
1534352070.8649614 635 532 567 713 541 703 -3678 -6916 274 637 -869 422 69 129 -29
1534352070.9274466 637 532 567 713 542 703 -4076 -6912 -142 -4136 1973 -541 70 127 -27
1534352071.0055575 636 532 566 712 541 703 -3788 -6904 -272 -5882 4414 1151 70 128 -34
1534352071.0832891 636 532 567 713 541 702 -3966 -6868 -498 931 -569 -545 71 128 -39
1534352071.1457715 636 532 566 713 541 703 -4018 -7036 -866 -371 421 519 67 129 -40
1534352071.2239132 636 532 566 713 541 703 -3920 -7086 -880 -1119 446 668 67 131 -38
1534352071.2999334 635 532 566 712 541 703 -4036 -7006 -1184 -7090 5503 2099 67 130 -43
1534352071.3651571 636 532 567 713 542 703 -4124 -6742 -2030 -5765 3605 2498 67 132 -51
1534352071.4431949 636 532 567 712 541 703 -4184 -6404 -1896 -1543 728 -31 63 131 -54
1534352071.5054858 636 532 566 713 542 703 -4368 -6842 -2478 -256 196 899 63 133 -56
1534352071.5834253 636 532 567 714 541 703 -4256 -6310 -1974 123 112 647 63 132 -54
1534352071.6459124 636 532 567 713 541 703 -4270 -6194 -2004 -498 771 -818 63 133 -55
1534352071.7240186 636 532 566 712 542 703 -4316 -6596 -2468 -2513 22 -664 63 134 -55
1534352071.8040133 636 532 567 713 542 703 -4314 -6186 -2400 267 218 -417 63 132 -55
1534352071.8663538 636 532 566 713 541 703 -4198 -6504 -2410 -1799 1185 -697 64 131 -55
1534352071.944358 636 532 566 713 541 703 -3976 -6548 -2630 27 1272 -354 63 132 -59
1534352072.0250137 636 532 567 713 542 703 -3912 -6556 -2596 -2830 -205 -2003 62 132 -57
1534352072.0838678 636 532 566 712 541 703 -4030 -6222 -2724 781 1940 -1076 64 130 -61
1534352072.1621683 636 532 566 713 542 703 -3626 -5940 -3324 -17751 5176 3443 60 132 -66
1534352072.2400827 635 532 567 713 541 703 -4922 -5346 -4972 -12076 11314 10910 43 133 -81
1534352072.332363 636 532 567 713 541 703 -4816 -4708 -6526 -2824 2985 1810 34 130 -90
1534352072.3980057 636 532 567 713 541 703 -4264 -4666 -5792 1636 4862 4062 32 129 -94
1534352072.4604886 636 532 567 713 541 703 -4210 -4252 -5758 -2082 1059 1370 30 130 -95
1534352072.5474904 636 532 567 713 542 703 -4166 -4454 -5838 -742 1508 2020 28 129 -95
1534352072.6148984 635 532 567 713 542 703 -4180 -4206 -5702 502 1006 1220 25 128 -97
1534352072.6771986 636 532 567 713 542 703 -4190 -4026 -6066 -442 638 792 26 127 -97
1534352072.762834 636 532 566 713 542 703 -4190 -4246 -5916 -800 1010 869 25 129 -98
1534352072.8203647 636 532 566 713 542 703 -4112 -4046 -5936 32 31 1346 23 129 -99
1534352072.898471 636 532 566 713 542 703 -4388 -3900 -5870 793 1026 858 20 129 -100
1534352072.9765778 636 532 567 713 542 703 -4198 -4134 -5766 -1613 880 755 22 126 -96
1534352073.0531065 636 532 567 712 542 703 -4276 -3762 -5956 -1307 797 1412 18 129 -103
1534352073.1163602 636 532 567 713 542 702 -4024 -3676 -5938 -855 -110 -1540 16 126 -101
1534352073.1945975 636 532 566 713 541 703 -4078 -3366 -6638 -1388 -171 -163 18 127 -100
1534352073.2724595 636 532 567 713 542 703 -4054 -3498 -6216 1158 275 948 17 128 -99
1534352073.3323693 636 532 566 713 542 703 -4186 -3668 -5852 114 621 1466 16 128 -101
1534352073.4102988 636 532 567 712 541 702 -4226 -3294 -6360 15 -257 -244 14 127 -100
1534352073.4883113 635 532 567 712 541 703 -4214 -3234 -6290 950 -605 360 14 129 -100
1534352073.5619974 636 532 567 713 541 703 -4308 -3546 -6114 385 677 1257 14 130 -101
1534352073.6310184 635 532 567 713 542 703 -4406 -3476 -6046 -32 361 1586 15 127 -103
1534352073.7090895 636 532 567 713 542 703 -4460 -3684 -6012 -901 1243 1273 12 128 -102
1534352073.7867754 636 532 566 713 541 703 -4410 -3282 -6330 -2421 -582 2413 7 131 -100
1534352073.849216 636 532 567 713 541 703 -3572 -2528 -5492 -9816 3601 49 5 127 -102
1534352073.9271944 636 532 567 713 542 703 -720 -2756 -1938 -223 -2517 4722 -4 126 -100
1534352074.0087373 636 532 566 713 542 702 -11880 -2680 -17376 -4605 -3953 2755 -13 123 -101
1534352074.083616 636 532 566 713 542 702 -7924 -3622 -6996 -3428 -6850 -3226 -10 125 -98
1534352074.1614885 636 532 567 713 541 702 -4664 -2810 -6206 7258 -1958 -10836 1 126 -102
1534352074.239595 636 532 566 713 541 703 -4452 -3682 -5912 8194 -9685 -14255 21 130 -95
1534352074.3176045 636 532 567 713 541 703 -4134 -5410 -4272 12082 -11283 -22750 47 129 -77
1534352074.380096 636 532 567 714 542 703 -2936 -6690 -2432 2072 -8238 4375 55 131 -69
1534352074.4581969 636 532 566 713 541 703 -5152 -5432 -3838 -2496 275 463 52 136 -66
1534352074.5388942 636 532 566 713 541 703 -5204 -6080 -2740 1951 -618 -1498 51 134 -64
1534352074.6147625 636 532 567 712 541 703 -5018 -5996 -3916 -1394 1066 -2853 57 134 -65
1534352074.6772482 636 532 566 712 541 703 -3580 -5172 -3132 1389 3015 -809 59 136 -66
1534352074.755392 636 532 566 713 542 703 -4154 -5332 -3698 2338 484 -1298 62 133 -68
1534352074.834454 635 532 567 713 542 702 -2972 -6340 -3968 -282 1924 -2133 63 129 -66
1534352074.89694 636 532 566 713 542 703 -3098 -6290 -3918 459 -589 -525 66 131 -67
1534352074.9750493 636 532 567 713 541 703 -2522 -5358 -3820 4826 -2962 -3044 69 130 -65
1534352075.0594573 636 532 567 713 542 703 -2384 -6004 -3330 7331 -7833 -6106 74 127 -54
1534352075.1314554 636 532 566 712 541 703 -3716 -6424 -1222 9840 -8825 -3183 79 126 -43
1534352075.193944 636 532 567 713 542 703 -6384 -9526 90 8280 -9617 -9489 83 121 -27
1534352075.2859123 635 532 566 712 541 702 -1610 -7144 -198 7851 -16771 -11080 93 112 -13
1534352075.350978 636 532 567 713 542 702 -2456 -7846 1182 13468 -22045 -16688 97 89 9
1534352075.4290836 636 532 566 712 541 703 2746 -7706 1492 -6898 1610 -4943 101 72 15
1534352075.4916046 636 532 567 713 541 703 -710 -9412 1874 11161 -6133 -840 98 76 15
1534352075.5698667 636 532 567 713 541 703 376 -10830 4248 -5663 -10685 -13308 98 62 26
1534352075.63216 635 532 566 712 541 703 808 -5700 734 2538 -17559 3950 101 51 28
1534352075.7102654 636 532 567 713 541 703 586 -7292 2326 3648 -11361 -15852 102 38 35
1534352075.7911668 636 532 567 712 541 703 4036 -8886 1826 -12187 -8563 430 100 27 30
1534352075.8488317 636 532 566 712 541 703 2378 -8110 1324 1661 -1424 476 104 30 30
1534352075.9270074 636 532 566 713 542 703 2898 -7814 1354 -2171 -3947 -241 106 26 26
1534352076.0072553 636 532 567 713 542 703 2598 -7802 688 -3685 -8169 -4337 105 17 25
1534352076.06787 636 532 566 713 541 703 2210 -8558 -1318 -3877 -6702 -2286 113 10 18
1534352076.1460075 636 532 566 713 541 702 4094 -5882 164 7657 -2832 -5919 108 3 21
1534352076.2087214 635 532 568 713 542 703 4162 -7160 -208 2383 -5567 2290 105 -3 24
1534352076.2939277 636 532 567 713 541 703 2834 -7438 -540 3379 -3144 -3717 103 -6 23
1534352076.3673644 636 532 566 712 541 703 3828 -8054 -1118 2724 -2108 -3901 104 -10 24
1534352076.429989 635 532 567 713 542 703 3614 -6760 162 6245 -4358 330 97 -13 28
1534352076.5115025 635 532 566 713 542 703 4626 -7802 1184 11006 -9028 -1996 94 -18 32
1534352076.567143 636 532 567 713 541 703 4758 -6506 974 6858 -14159 1573 85 -26 35
1534352076.6455142 636 532 566 713 542 703 3092 -6186 504 6144 -5524 -4271 82 -38 33
1534352076.7077339 636 532 567 713 541 703 2050 -7758 2116 6563 5 6695 73 -40 37
1534352076.7916465 636 532 566 713 542 703 2972 -7338 2226 -4809 9825 -698 78 -30 41
1534352076.8514204 635 532 566 712 541 703 3768 -5748 618 -4687 7190 -2441 78 -29 41
1534352076.9295437 636 532 567 713 541 702 5322 -6682 3856 -4066 -9446 -1962 82 -21 39
1534352077.0074887 636 532 566 714 542 703 4678 -6978 -98 2835 -3397 -8304 80 -33 35
1534352077.0682445 636 532 566 712 541 703 4966 -5594 776 2868 -2996 -6762 74 -38 32
1534352077.1464024 636 532 567 713 541 703 4572 -6078 930 2063 -586 -8394 66 -42 33
1534352077.20884 636 532 566 714 542 703 5382 -6286 352 -1000 -2455 -5145 60 -47 30
1534352077.2928805 636 532 566 712 542 703 5928 -5894 962 -1122 -3145 -5563 60 -50 29
1534352077.3495538 636 532 567 711 541 703 6026 -4730 966 1797 984 174 57 -51 30
1534352077.4430716 636 532 566 712 541 703 6934 -4204 1804 2954 1156 6790 59 -46 31
1534352077.4899414 636 532 565 712 541 703 6032 -5406 1082 1462 2577 2758 59 -43 34
1534352077.5698025 636 532 566 714 542 703 4982 -6022 270 1863 4215 1254 65 -41 36
1534352077.6316886 636 532 567 715 541 703 5210 -5422 1674 5743 1034 581 59 -37 38
1534352077.6941738 636 532 566 712 541 703 5336 -5590 2562 2760 766 -684 56 -39 42
1534352077.777572 636 532 566 712 541 703 4930 -6060 2092 482 -2246 1967 54 -39 43
1534352077.8345265 636 532 568 714 541 703 5442 -5432 2020 1223 420 1601 56 -39 41
1534352077.9126341 636 532 566 713 541 703 4796 -5942 1938 -593 -1899 2084 57 -40 42
1534352077.975119 636 532 567 714 542 703 4528 -6570 2082 273 -7936 5067 59 -40 40
1534352078.0619464 636 532 567 712 541 703 5314 -5558 1304 -3543 -3699 -4416 59 -47 33
1534352078.1313665 635 532 567 712 541 703 5462 -5424 1184 237 -766 -413 60 -48 31
1534352078.1938527 635 532 567 712 541 703 5300 -5854 874 -494 -330 91 60 -48 30
1534352078.2661936 636 532 566 712 541 703 4834 -5854 1080 242 -365 707 61 -51 31
1534352078.3316977 635 532 567 714 541 703 5280 -5678 1026 -688 -368 528 61 -50 30
1534352078.3974159 636 532 568 714 542 703 4972 -5802 994 -1594 10 -804 63 -48 29
1534352078.4599032 636 532 565 712 541 703 5450 -5936 850 27 -772 1188 62 -49 29
1534352078.5401094 635 532 566 711 541 703 5326 -6108 674 -309 -663 1057 64 -48 27
1534352078.5985103 636 532 565 712 541 703 5220 -6128 494 346 -191 456 64 -50 25
1534352078.665015 635 532 566 712 541 702 5498 -6124 692 38 805 0 66 -49 27
1534352078.7377741 636 532 565 712 541 703 5536 -5844 402 540 2265 -329 63 -47 30
1534352078.8173428 636 532 566 712 541 703 5182 -5806 1132 1001 1180 412 64 -46 29
1534352078.8648596 636 532 566 713 541 703 4756 -5928 1236 54 438 726 63 -46 30
1534352078.9273806 635 532 564 713 541 702 5076 -6030 824 -110 -488 71 63 -45 29
1534352079.0023935 635 532 566 712 541 703 5360 -5878 738 -74 327 631 64 -46 30
1534352079.0748808 636 532 566 711 541 703 4980 -6366 786 -308 449 -1042 63 -46 30
1534352079.141711 636 532 566 712 541 703 5046 -5896 1110 404 239 -60 66 -46 29
1534352079.2075362 635 532 566 712 541 703 5126 -5930 840 -448 56 542 67 -46 30
1534352079.273358 636 532 565 713 541 703 5138 -6048 770 -79 404 900 67 -45 29
1534352079.340179 636 532 566 712 541 702 5092 -6166 800 186 295 160 66 -45 30
1534352079.4060051 635 532 566 712 541 703 4970 -6084 910 287 -42 398 67 -44 31
1534352079.4808033 635 532 565 712 541 703 5056 -6112 828 114 45 249 67 -45 28
1534352079.5346596 636 532 567 712 542 703 4736 -6048 912 4 -71 580 66 -44 30
1534352079.6004837 636 533 566 713 541 703 4882 -6366 706 327 37 -801 67 -44 28
1534352079.6663067 636 532 567 714 541 703 5180 -5832 892 814 60 -519 66 -45 30
1534352079.7341423 635 532 566 714 541 703 5054 -6036 794 -502 148 398 66 -44 31
1534352079.7999494 636 532 566 712 541 703 4920 -6246 810 376 172 100 66 -44 29
1534352079.8637793 635 533 567 713 542 702 4994 -6080 900 190 21 93 67 -45 31
1534352079.9306052 635 532 566 712 541 703 5036 -6186 844 265 -305 -70 67 -47 28
1534352079.9974217 636 532 566 711 541 703 4906 -6178 718 -9 -857 710 67 -47 28
1534352080.0515637 635 532 566 712 541 703 5066 -6226 754 73 -60 152 68 -47 28
1534352080.1302514 636 533 565 711 541 702 4998 -6128 784 8 79 152 66 -44 26
1534352080.1772847 636 532 566 711 541 702 5024 -6066 750 -495 176 453 68 -46 27
1534352080.2467306 636 532 567 712 541 703 4916 -6286 652 -634 201 -221 68 -47 28
1534352080.3182428 636 532 567 710 541 703 4902 -6188 638 229 115 -131 66 -44 27
1534352080.3807287 635 532 565 711 542 703 4990 -6560 1118 119 586 -789 68 -46 27
1534352080.4588363 636 532 567 711 542 703 4886 -6094 532 270 242 137 69 -46 26
1534352080.525581 636 532 566 711 542 702 4998 -6174 644 232 263 67 69 -45 26
1534352080.583787 636 532 567 712 541 703 4938 -6218 650 316 95 -142 67 -45 27
1534352080.646323 635 532 566 712 541 703 5092 -5996 684 456 92 -79 69 -45 28
1534352080.7217956 636 532 566 712 541 702 5036 -6158 590 71 307 224 68 -46 27
1534352080.7965987 635 532 566 713 541 702 5006 -6136 734 537 330 -86 68 -47 26
1534352080.862426 635 532 566 712 541 703 4964 -6120 734 -31 151 -119 68 -45 28
1534352080.9207537 636 532 565 712 541 703 5054 -6240 748 201 85 -190 66 -46 28
1534352080.9832397 636 532 566 711 542 703 4998 -5966 832 -161 -49 -349 68 -48 27
1534352081.0499127 636 532 567 712 541 703 5066 -6188 386 -350 18 -505 68 -47 27
1534352081.1216915 636 532 566 712 541 702 5314 -6098 680 201 189 -48 67 -44 29
1534352081.1778767 636 532 565 712 541 703 5102 -6154 606 262 325 -29 67 -47 27
1534352081.2547636 636 532 566 713 542 703 4964 -6066 638 346 228 -136 67 -46 29
1534352081.3186533 635 532 567 712 541 703 5040 -5968 802 -146 -28 128 66 -47 29
1534352081.3811777 636 532 566 712 541 702 5066 -6146 604 -445 133 -247 66 -48 28
1534352081.4436255 636 532 565 712 541 702 5188 -6216 392 274 64 -349 66 -46 27
1534352081.5217345 635 532 564 712 542 702 5164 -5930 654 216 373 -379 66 -45 26
1534352081.584261 635 532 566 712 541 702 5216 -5930 602 -602 668 -186 67 -46 27
1534352081.6538892 636 532 566 711 541 703 5140 -6104 452 98 519 6 67 -46 26
1534352081.719711 636 532 567 713 541 703 5092 -5912 674 333 205 239 68 -46 27
1534352081.7840009 636 532 567 714 541 703 5092 -6020 582 230 210 306 68 -45 30
1534352081.8543308 636 532 565 712 541 703 5156 -5896 466 -529 215 -148 66 -47 28
1534352081.9212468 636 532 566 712 542 703 5516 -6354 380 -1095 1296 -421 70 -45 26
1534352081.9836988 636 532 566 711 541 703 5114 -6018 658 1169 1114 -83 69 -47 28
1534352082.0512357 636 532 566 712 541 703 4948 -6094 850 168 444 155 67 -46 29
1534352082.125901 636 532 564 712 541 702 4970 -6052 848 804 -196 163 67 -45 27
1534352082.1921785 635 532 566 712 541 702 5126 -5828 560 425 -134 302 68 -45 30
1534352082.258882 636 532 567 711 541 702 4998 -5996 738 472 -377 766 67 -46 28
1534352082.3167415 635 532 565 712 541 703 5020 -6462 780 35 -242 -39 68 -45 29
1534352082.3792262 635 532 566 712 541 702 5018 -6050 674 808 -123 -425 70 -47 28
1534352082.4573874 635 532 565 713 541 703 5218 -5852 582 134 19 -257 67 -46 30
1534352082.5261846 636 532 565 711 541 703 5078 -6110 642 -139 186 243 69 -46 31
1534352082.5837657 636 532 565 712 541 703 4950 -6200 774 273 143 -296 66 -47 26
1534352082.6618102 635 532 565 713 541 703 4756 -6380 888 -71 -226 -530 67 -46 27
1534352082.7156196 635 532 566 711 542 703 5442 -5686 618 92 -642 -496 67 -47 28
1534352082.8000164 635 532 567 712 541 703 5392 -6064 128 58 114 -98 67 -45 27
1534352082.846914 636 532 565 712 541 702 5112 -5902 732 617 526 244 65 -47 29
1534352082.9251902 636 532 566 713 541 703 5056 -6132 690 216 138 197 67 -45 28
1534352082.9892316 635 532 566 711 541 703 5222 -5894 546 314 74 84 67 -46 30
