
406 319 346 179 237 292
337 317 328 178 236 290
313 317 322 180 239 294
303 316 314 180 239 293
299 312 307 179 236 289
299 312 307 180 237 291
298 314 309 179 238 292
294 315 312 179 237 292
291 317 314 179 237 292
292 318 315 179 237 292
292 318 315 179 237 292
292 318 315 179 237 292
292 319 316 179 237 292
291 319 318 179 237 292
291 319 318 179 237 292
291 320 318 179 237 292
292 320 318 179 237 292
291 320 319 179 237 292
292 321 318 179 237 292
292 321 318 179 237 292
292 321 319 179 236 292
292 321 319 178 237 292
292 321 319 179 237 292
292 321 319 179 237 293
292 321 320 179 237 292
292 322 320 178 237 292
292 322 320 179 236 293
292 322 320 179 236 292
292 321 320 179 236 292
292 321 319 178 237 292
292 321 319 179 237 292
292 321 320 179 236 292
292 321 320 178 236 292
291 321 321 179 237 292
291 321 320 179 236 292
291 321 321 179 236 292
292 321 320 179 237 292
292 320 320 180 237 292
292 320 319 179 237 292
292 320 318 179 237 292
292 319 316 179 237 292
290 318 315 179 235 289
293 318 312 180 237 292
294 320 316 182 239 294
291 318 316 180 237 291
290 317 316 181 238 291
291 317 314 181 238 292
292 317 314 182 239 292
293 317 314 182 239 292
295 317 314 183 241 295
295 317 313 183 242 295
297 318 313 184 243 297
298 318 315 184 243 298
298 318 317 184 243 298
293 314 315 181 239 292
291 315 314 181 238 291
291 315 314 181 238 291
290 316 313 181 238 291
292 316 313 181 238 292
292 317 314 181 238 292
292 317 315 181 238 291
292 317 315 181 238 292
292 317 315 180 238 292
292 317 315 180 238 291
291 318 315 180 238 291
291 318 316 180 238 292
291 318 316 180 238 292
291 318 316 180 238 291
291 318 316 180 237 292
290 318 317 179 237 291
291 318 317 180 238 291
291 318 317 180 237 291
291 319 317 180 237 291
291 319 316 179 237 291
291 319 317 180 237 291
290 319 318 179 237 291
291 319 318 180 238 292
291 319 317 180 237 291
291 319 317 180 238 292
292 319 317 180 238 292
292 319 317 180 238 292
294 322 319 182 240 296
296 323 320 182 241 297
297 323 320 183 241 297
297 323 321 183 241 297
293 320 318 181 239 292
293 321 319 182 239 293
293 321 318 182 239 293
293 321 318 182 239 293
291 320 318 181 238 290
291 320 318 181 237 290
289 319 318 179 236 288
291 322 317 182 239 292
293 323 319 182 240 294
295 324 320 183 242 296
297 325 322 184 243 297
296 325 322 185 244 297
297 325 321 185 245 298
297 324 321 185 244 297
296 322 320 185 243 294
297 322 321 186 245 298
298 322 322 187 246 299
299 321 321 186 246 299
293 317 318 184 242 291
293 318 316 184 241 292
293 318 317 184 242 293
292 318 316 184 241 292
292 318 316 183 241 292
292 318 316 183 241 293
293 319 317 184 241 293
293 319 317 184 242 294
293 319 317 183 241 293
291 318 316 182 239 291
292 319 318 183 241 293
293 319 318 183 241 294
293 319 318 183 241 294
292 319 318 183 241 294
292 319 319 183 241 294
293 319 318 183 241 294
291 318 316 181 239 291
292 319 317 183 241 293
293 319 317 183 241 293
293 320 317 183 240 293
293 319 317 183 241 293
293 320 317 183 241 294
293 320 317 183 241 294
293 320 317 183 241 293
294 320 318 183 241 294
293 320 318 183 241 293
293 320 318 183 241 293
293 320 318 183 241 294
291 319 317 181 238 291
293 320 318 183 241 294
294 321 318 183 241 294
294 321 319 184 241 294
295 322 319 184 242 295
294 321 319 183 241 293
293 321 319 183 240 293
293 321 319 183 241 293
295 324 320 185 243 297
294 322 320 184 241 295
296 325 321 185 244 298
297 325 322 185 244 298
298 326 322 186 245 299
298 326 322 186 244 299
295 322 319 184 241 291
295 325 323 186 242 295
296 325 320 186 242 294
294 323 319 185 241 291
294 324 317 186 242 293
294 323 317 186 243 293
295 324 318 187 244 295
296 323 318 187 245 295
296 321 318 187 245 295
293 320 318 185 242 292
294 321 318 186 244 295
294 321 319 186 243 295
294 321 319 186 242 294
294 321 319 185 242 294
294 321 318 185 242 294
293 321 318 185 242 294
294 321 318 185 242 294
293 321 319 185 242 294
292 321 320 185 242 294
293 321 320 183 240 292
293 320 318 184 242 294
293 320 319 185 242 294
292 320 318 185 242 293
293 320 318 184 242 293
293 320 318 184 241 293
293 320 318 184 241 293
292 320 318 184 241 293
293 320 318 184 241 293
292 320 318 184 241 293
292 320 318 183 240 291
291 319 319 183 240 292
292 320 317 183 240 292
292 320 318 183 241 293
292 320 317 184 241 293
292 320 318 183 241 293
292 320 318 183 240 292
293 320 318 183 240 293
293 320 318 183 241 293
293 321 319 184 241 293
295 323 320 185 243 297
297 325 321 186 244 298
297 325 322 187 244 298
297 326 322 187 244 298
297 327 323 187 245 298
297 327 324 187 244 297
293 325 322 185 241 291
292 326 322 186 241 291
290 326 323 185 240 290
291 326 323 186 241 291
292 326 324 188 244 293
293 326 324 188 244 294
294 326 324 188 245 295
295 326 324 189 246 295
296 327 325 188 246 298
294 324 321 187 244 293
294 324 321 186 243 293
293 324 321 186 243 293
296 324 318 186 243 293
298 324 314 186 243 293
304 324 314 186 243 294
302 323 314 185 242 293
300 323 316 186 242 293
293 322 327 185 241 293
295 322 321 184 241 292
304 322 299 184 241 292
317 322 339 184 241 292
306 322 310 184 241 292
301 322 318 184 241 292
297 322 315 184 240 292
291 321 315 184 240 291
284 322 314 184 240 292
278 321 314 184 240 291
271 321 317 184 240 292
284 321 319 184 240 292
304 321 322 184 240 292
307 321 323 183 239 291
300 321 321 183 240 291
284 321 315 184 240 292
288 321 314 183 240 291
293 321 313 183 240 292
288 321 315 183 240 292
283 321 314 183 240 292
280 321 318 183 240 292
283 321 319 183 240 292
286 321 319 184 240 292
294 323 318 185 242 296
301 323 320 185 242 296
301 322 320 185 241 294
298 324 320 185 242 296
297 324 321 185 243 297
297 324 321 185 243 297
304 324 323 185 243 297
313 324 328 185 243 297
305 324 325 185 243 297
301 323 323 185 243 297
298 323 321 185 242 296
297 323 321 185 242 296
296 323 321 184 241 295
297 323 322 185 242 297
297 323 321 185 242 296
297 323 321 185 242 296
296 323 321 185 242 296
296 324 320 185 242 297
297 324 320 186 243 297
