3
392 334 335 194 279 334
357 335 333 194 279 333
339 331 329 192 276 328
330 331 328 192 275 328
327 331 328 192 275 327
325 331 327 192 275 327
324 331 327 192 275 328
325 331 327 192 275 328
326 331 327 192 276 328
326 332 327 192 275 328
326 332 327 192 276 329
326 332 327 192 275 329
326 332 327 192 276 330
327 332 327 192 275 330
329 331 328 192 276 330
331 334 329 193 278 335
330 333 328 193 278 335
331 333 328 193 278 338
334 333 327 193 277 340
340 335 329 194 279 347
342 332 327 192 276 347
345 332 327 193 277 352
350 333 328 192 277 358
355 333 328 193 278 365
359 334 328 193 278 372
367 334 328 193 278 380
375 335 329 193 279 387
383 335 330 194 279 393
389 335 331 193 279 398
396 336 332 194 281 403
400 336 333 194 280 406
403 336 333 194 281 408
405 339 334 195 283 412
404 339 335 196 284 410
402 339 335 196 284 407
400 339 335 196 283 403
396 339 335 196 284 398
391 338 336 196 282 392
386 335 334 194 279 383
383 335 334 194 279 380
376 337 332 195 281 382
372 336 331 194 279 378
374 336 331 195 280 377
375 337 333 195 281 377
374 337 333 196 281 377
372 337 333 195 281 377
372 337 334 195 281 376
372 337 333 195 281 375
371 337 332 196 281 374
367 335 330 194 278 370
369 334 329 194 277 367
366 333 329 193 276 366
364 333 330 193 276 366
366 334 331 194 277 367
365 334 331 193 276 366
364 335 331 194 277 367
365 336 332 194 279 369
364 335 331 194 278 366
363 334 330 193 277 365
364 336 332 194 279 368
363 336 331 194 279 368
360 334 329 193 276 364
360 333 329 193 276 363
361 334 330 193 276 363
364 335 332 194 277 365
372 335 336 194 278 366
378 336 340 194 278 366
373 336 338 194 278 366
367 334 335 193 276 363
361 333 332 193 275 361
363 333 332 192 275 361
364 333 333 193 275 360
362 335 333 193 277 363
362 336 334 194 278 364
359 334 332 193 276 361
357 333 329 192 275 359
355 333 328 192 275 359
355 333 328 192 274 358
354 333 328 192 274 359
354 332 328 192 274 359
354 333 327 193 275 361
354 333 327 193 276 360
354 332 326 192 274 359
354 332 327 191 274 359
354 332 326 192 274 359
352 332 326 192 274 358
353 332 326 192 274 358
354 332 326 192 275 359
355 333 328 192 275 360
355 334 328 193 276 361
350 332 327 192 274 357
350 332 327 192 274 358
350 331 327 191 273 357
351 331 327 192 273 357
352 331 326 191 273 357
352 331 327 191 273 356
352 331 327 191 273 356
353 331 328 191 273 356
354 331 328 191 273 356
354 331 328 191 273 356
353 331 328 191 273 356
354 332 329 191 274 358
356 333 330 192 276 360
356 334 330 192 276 360
352 331 328 191 273 355
352 331 327 191 273 355
351 331 327 191 273 355
352 331 327 191 274 356
353 331 327 191 273 358
357 333 328 192 276 365
356 331 325 191 274 367
357 331 323 191 274 374
366 333 325 192 277 385
374 332 325 191 275 390
384 333 327 192 277 399
395 333 328 192 277 408
406 334 329 193 278 418
415 334 330 193 278 427
422 335 330 193 279 433
426 335 331 194 280 435
428 336 332 194 281 434
427 337 332 195 281 432
425 338 334 196 284 428
420 339 335 196 285 420
413 337 334 195 282 409
406 336 333 195 281 403
403 338 334 196 284 406
403 338 334 196 282 405
401 337 333 196 282 403
396 335 329 195 279 398
395 335 329 195 279 397
396 334 331 195 279 397
393 334 332 194 279 395
391 335 331 195 280 396
389 334 330 194 278 393
388 334 330 194 278 392
387 334 330 194 278 391
386 334 330 194 278 391
384 333 329 193 278 390
384 333 329 194 278 389
384 334 329 193 277 389
384 333 329 193 277 388
383 333 329 193 277 388
383 333 330 193 277 387
383 333 330 193 277 386
382 333 329 193 277 386
381 333 329 193 277 385
381 333 328 193 277 385
380 333 328 193 277 384
380 333 328 193 277 384
380 332 328 193 276 384
379 332 328 193 277 383
379 332 328 193 276 383
379 332 328 193 276 382
378 332 328 193 276 382
378 332 328 193 276 382
377 332 328 193 276 382
377 332 328 193 277 382
379 334 329 194 278 384
380 335 330 194 279 385
378 333 329 194 277 382
377 332 329 193 276 380
376 332 328 193 276 380
377 333 329 194 277 382
378 334 329 194 278 383
379 335 330 194 279 383
380 335 331 194 279 384
382 335 332 194 278 383
380 333 330 193 276 381
379 333 330 193 276 380
379 334 331 194 277 382
380 334 332 194 277 382
378 331 330 192 274 377
374 331 328 192 274 377
372 331 327 192 274 377
371 331 326 192 274 378
373 331 327 192 275 379
375 331 327 192 275 381
377 332 327 191 275 385
383 332 328 192 276 389
385 335 329 193 279 393
385 333 330 192 277 389
383 333 330 192 278 386
383 334 331 193 279 385
382 337 332 194 281 384
380 338 332 195 283 382
377 339 332 195 285 381
373 338 332 195 283 376
368 337 331 194 281 371
365 336 330 193 282 368
363 337 332 194 283 367
358 336 331 192 280 359
353 335 331 192 279 354
352 335 331 192 280 355
353 335 332 192 279 357
355 335 331 193 280 363
357 335 331 194 280 366
360 336 328 195 281 368
362 335 329 194 280 368
363 336 331 195 281 370
363 334 331 193 279 367
363 334 330 193 279 367
363 335 330 194 279 368
365 336 330 195 281 370
366 338 331 196 283 373
367 338 332 196 283 373
365 336 331 194 280 369
366 337 332 195 281 371
363 334 330 194 279 367
365 337 332 195 282 372
367 337 332 195 282 372
363 334 330 193 278 366
363 334 330 193 278 366
363 334 330 193 278 366
363 333 330 193 278 366
363 333 330 193 278 366
362 334 329 193 278 366
365 336 332 194 281 371
367 337 333 195 281 371
368 337 333 195 281 371
368 337 333 195 281 372
368 337 333 195 281 372
368 337 333 195 281 371
368 337 333 195 281 372
367 337 333 195 281 371
366 337 332 195 281 371
366 337 332 195 281 371
366 337 332 195 281 371
367 337 332 195 281 371
367 337 332 195 281 371
367 337 332 195 281 371
366 337 332 194 281 371
365 336 331 195 281 370
361 333 328 193 277 365
360 334 328 193 277 366
360 333 328 193 277 365
362 336 330 194 279 369
364 336 331 194 279 369
361 332 329 192 276 364
361 332 328 192 276 364
358 332 328 192 276 364
358 332 327 191 276 364
357 331 327 192 275 363
360 334 328 193 278 368
363 335 330 194 279 369
359 332 328 191 276 362
359 332 328 191 276 362
358 333 329 192 277 362
358 333 329 192 278 362
357 334 329 192 278 361
356 334 329 193 279 360
354 334 329 192 279 358
353 335 330 193 280 357
351 334 330 192 278 353
351 336 331 193 280 354
349 335 331 192 281 352
347 335 331 192 281 349
346 336 332 193 281 348
344 336 332 192 281 347
343 335 331 192 280 347
343 336 330 193 281 351
339 334 327 192 278 349
339 334 326 192 279 351
341 334 325 193 280 353
344 334 327 193 280 353
347 334 328 193 279 353
348 334 328 193 279 353
350 334 327 193 279 353
349 334 327 193 279 354
347 334 327 192 279 353
348 334 327 192 279 353
348 334 328 192 279 353
349 333 329 192 279 353
350 333 329 192 278 353
349 334 329 192 278 353
349 333 329 192 278 353
349 333 329 192 279 353
349 333 329 192 278 353
349 333 329 192 278 353
349 333 329 192 278 353
349 333 329 192 278 353
349 333 329 192 278 353
350 333 329 193 278 353
350 333 329 193 278 353
349 333 329 192 278 353
349 333 329 193 278 353
348 333 328 193 278 353
349 333 329 192 278 353
349 333 329 192 278 353
349 333 329 192 278 353
349 333 329 192 278 353
349 333 329 192 278 352
349 333 329 193 277 353
348 332 328 192 277 352
348 333 328 192 277 352
348 332 328 192 277 352
348 333 328 192 277 352
348 333 328 192 277 352
348 333 328 193 277 352
347 333 328 193 277 352
348 332 328 193 277 352
348 332 328 193 277 352
349 332 328 193 277 353
349 333 328 194 277 352
348 333 328 194 277 352
348 333 328 194 277 352
349 332 329 194 277 352
349 333 329 194 277 352
349 333 329 193 277 352
349 333 329 193 277 352
349 332 328 193 277 352
348 332 328 193 277 352
347 332 328 193 277 352
347 332 328 192 277 352
347 332 328 191 276 350
347 334 329 192 278 352
348 334 330 192 279 352
346 332 329 191 277 347
344 332 329 191 277 347
345 334 330 192 279 349
343 334 329 192 278 346
339 332 328 191 276 341
337 333 328 190 276 340
337 332 328 190 277 339
337 333 329 191 278 338
336 334 329 191 279 337
336 335 330 191 279 337
335 334 330 192 280 336
337 336 332 193 282 341
338 335 332 192 280 340
336 334 330 192 278 340
337 334 329 192 279 342
338 335 329 192 280 343
341 335 330 193 281 344
341 335 331 193 280 344
342 335 331 193 281 345
342 335 331 193 281 345
340 334 330 193 280 344
340 334 330 193 280 344
340 334 330 193 280 344
340 334 330 193 280 344
341 334 330 193 280 344
344 336 332 194 282 349
345 337 332 194 283 350
345 337 333 195 283 350
345 337 332 195 283 350
347 337 333 195 282 350
352 338 338 195 283 350
354 338 338 195 284 351
351 338 337 195 284 351
345 336 332 194 281 346
344 337 332 195 283 349
343 337 332 195 283 348
339 334 330 193 280 341
337 333 329 192 279 338
337 334 330 192 279 336
334 334 330 192 279 335
332 333 329 192 279 335
331 333 329 192 278 336
332 334 330 192 279 337
334 334 331 192 279 338
336 333 333 192 278 337
332 333 333 192 279 338
328 333 332 192 279 338
329 333 333 192 279 338
333 333 334 192 279 338
328 333 333 192 279 338
341 333 335 192 279 338
344 333 335 192 279 338
348 333 335 192 279 339
349 332 337 192 278 338
403 333 387 192 278 338
305 333 261 193 278 338
175 332 323 192 278 337
260 332 262 193 278 338
300 333 262 193 278 338
329 332 303 193 278 337
319 332 307 193 278 338
327 333 316 193 278 337
328 333 319 194 278 338
334 332 323 194 278 337
336 333 336 194 278 337
325 332 347 193 278 337
388 332 426 193 278 337
381 333 478 193 278 337
384 333 425 193 278 337
