
384 315 198 216 244 292
333 316 199 217 244 292
315 315 199 216 244 292
308 315 198 216 244 292
307 315 198 216 244 292
264 315 198 216 244 293
271 316 199 217 245 295
279 315 198 216 244 292
274 315 198 216 244 292
276 315 198 216 244 292
282 315 198 216 244 292
282 315 197 216 244 292
286 315 197 216 244 292
289 315 197 216 244 292
290 315 197 216 244 292
289 315 197 216 244 292
289 315 197 216 244 292
290 315 197 215 244 292
290 315 197 216 244 292
288 315 197 215 244 292
291 315 196 216 244 292
291 315 196 216 244 292
295 314 196 215 244 292
296 314 196 216 244 292
293 314 196 216 244 292
292 314 196 216 244 292
291 314 196 216 245 292
297 312 193 215 244 290
288 313 194 215 244 291
280 312 193 215 243 289
286 312 193 215 244 290
284 312 193 215 244 290
286 312 192 215 244 290
287 312 193 215 245 290
289 313 193 216 246 291
294 313 193 216 246 291
297 313 193 216 246 291
297 314 193 216 247 291
293 314 193 216 247 291
280 314 194 216 247 292
251 315 196 217 247 292
342 314 195 216 247 292
306 314 195 216 247 292
288 314 195 217 247 293
296 315 195 217 247 293
297 315 196 217 247 293
291 317 198 218 250 297
275 315 197 217 248 293
260 315 197 217 247 293
284 315 198 217 248 294
306 315 198 217 248 294
308 315 197 217 248 294
306 315 197 217 248 293
303 315 197 217 247 293
300 315 197 217 247 293
298 314 196 217 247 293
295 314 196 217 247 293
294 314 196 216 246 293
292 313 196 216 246 292
291 313 195 216 247 292
292 313 195 216 246 293
294 314 196 216 246 292
295 313 196 216 247 292
295 314 196 216 246 293
294 314 196 216 247 293
294 314 196 217 247 293
293 314 196 217 247 293
293 314 196 217 247 293
294 314 196 216 247 293
294 314 196 217 247 293
294 314 196 217 247 293
294 314 196 216 247 293
293 314 196 217 247 293
292 314 196 216 247 293
292 314 196 217 247 293
291 314 196 216 247 293
291 314 196 217 247 293
290 314 196 217 247 293
288 314 196 217 247 294
285 315 196 217 247 294
285 314 196 217 248 294
294 314 197 217 247 294
298 315 197 217 248 295
294 315 197 217 248 294
288 315 197 218 248 294
291 315 197 217 248 294
296 314 197 218 248 294
298 314 197 217 248 294
295 314 196 217 247 294
289 313 196 217 247 293
287 313 196 217 246 293
291 313 195 216 247 293
289 313 195 217 247 293
292 313 195 216 246 293
294 313 194 216 246 293
292 313 194 216 246 292
285 313 194 216 246 293
255 313 194 217 247 293
243 314 195 218 248 294
249 315 196 218 249 295
233 314 194 216 247 292
245 313 194 217 248 292
244 314 194 218 248 293
241 314 195 218 250 293
257 315 196 218 251 294
264 314 193 217 249 292
252 314 193 217 249 293
261 314 194 217 250 293
268 314 194 217 251 293
254 315 194 218 252 294
241 315 194 218 252 295
256 316 195 219 252 295
262 316 194 219 252 295
250 317 197 220 254 296
278 317 196 220 254 297
285 316 195 219 253 296
254 318 197 220 254 298
260 318 198 221 254 299
288 319 197 220 254 299
297 317 195 219 252 296
298 317 195 219 253 296
297 317 195 219 252 296
296 316 195 219 252 295
298 316 195 219 252 296
298 316 195 219 252 296
298 316 195 219 252 295
298 316 195 219 252 296
297 316 195 219 252 296
296 316 194 219 252 295
296 316 195 219 252 296
297 316 195 219 252 296
297 316 194 219 252 296
297 316 195 219 252 296
295 316 194 219 252 296
296 316 194 219 251 295
295 316 194 219 251 296
296 316 194 219 252 296
293 316 195 219 252 296
295 316 194 219 252 296
295 316 194 219 252 296
295 316 194 219 252 295
295 316 194 219 251 295
295 315 194 219 251 295
295 315 194 219 252 296
295 316 194 219 251 295
295 316 194 219 251 295
295 316 194 219 251 295
295 315 194 219 252 296
295 315 194 219 251 296
296 316 194 219 252 296
296 316 195 219 252 296
296 316 195 220 252 296
295 316 195 220 253 297
296 316 195 220 253 297
296 316 195 220 253 297
296 317 196 220 253 297
297 316 195 220 253 297
296 316 195 220 252 297
295 316 195 220 253 297
296 316 195 220 252 297
297 316 195 220 253 297
296 316 196 220 253 297
295 316 195 220 252 297
295 316 194 220 252 296
295 316 194 220 252 297
284 315 193 219 251 296
275 315 192 219 251 295
267 315 191 218 251 294
247 315 190 218 252 294
233 315 190 218 252 294
259 317 191 219 254 297
251 318 191 219 255 297
245 316 189 218 254 294
251 316 189 218 255 294
242 317 189 218 256 295
240 317 189 218 256 294
240 317 189 218 256 295
235 317 190 219 256 295
248 317 190 219 256 296
238 318 192 220 257 297
246 318 192 220 257 297
305 319 192 220 257 297
298 319 193 220 258 298
297 319 192 220 257 298
302 318 192 220 257 297
300 318 192 220 256 297
297 318 192 220 257 297
294 318 193 220 256 297
294 318 192 220 257 297
294 318 192 220 257 297
296 318 193 220 256 297
298 318 193 220 257 297
298 318 193 220 256 297
297 318 193 220 257 297
297 318 193 220 257 297
297 318 193 220 256 297
298 318 193 220 257 297
298 318 193 220 256 297
298 318 193 220 256 297
297 318 193 220 256 297
297 318 193 220 256 297
297 318 193 220 256 297
297 318 193 220 256 297
297 318 193 220 256 297
297 318 193 220 256 297
296 318 193 219 256 297
295 318 193 220 256 297
296 318 193 220 256 297
297 318 193 220 256 297
297 318 193 220 256 297
297 318 193 220 256 297
297 317 193 219 256 297
296 317 192 219 255 296
296 317 193 219 256 297
295 317 192 219 256 297
295 317 193 220 256 296
294 317 192 219 256 297
295 317 192 219 255 297
295 317 193 219 255 297
296 317 192 219 256 297
297 317 193 219 256 297
297 317 192 219 256 297
297 317 192 219 255 297
296 317 192 219 255 297
297 317 193 219 256 297
297 317 193 220 256 297
298 317 193 220 256 297
298 317 193 220 256 297
297 318 193 220 256 297
296 317 192 220 255 297
296 317 192 219 255 297
296 317 193 220 256 297
296 317 193 220 256 297
295 317 193 220 256 297
297 317 192 220 255 297
296 317 191 219 255 296
296 317 190 219 255 296
294 317 190 218 255 295
287 316 189 218 255 294
266 317 187 217 255 293
247 318 188 218 257 294
248 318 189 218 258 295
260 319 190 218 258 295
263 319 190 218 260 296
261 319 189 218 260 296
261 319 189 218 260 296
296 319 190 218 261 297
310 319 189 218 260 297
294 320 190 219 260 297
243 320 191 219 261 298
278 320 191 220 259 298
303 320 192 220 261 298
247 322 192 221 262 300
254 321 191 220 262 299
254 321 191 221 262 299
271 321 191 220 261 298
271 320 191 219 260 298
241 320 190 219 258 297
246 320 190 219 258 297
246 320 190 220 259 298
244 320 190 219 259 298
241 320 190 220 260 298
239 320 190 219 259 298
244 320 190 219 260 298
259 320 190 219 259 298
271 320 190 220 259 298
273 320 190 220 260 298
275 319 190 219 259 298
277 319 190 220 259 298
280 319 190 219 259 298
283 319 190 219 259 298
283 319 190 219 259 298
283 319 190 219 259 298
284 319 190 219 259 297
286 319 190 219 259 297
286 319 190 219 258 297
285 319 190 219 258 297
285 318 190 219 258 297
290 318 190 219 258 297
295 318 190 219 258 297
297 318 189 219 258 297
296 318 189 219 258 297
297 318 189 219 258 297
297 318 189 219 258 297
295 318 189 219 258 297
292 318 189 219 258 297
288 318 189 219 258 297
284 318 189 219 258 297
284 318 189 219 258 297
285 318 189 219 258 297
283 318 189 219 258 297
283 318 190 219 258 298
281 318 189 219 258 298
282 318 189 219 258 298
288 318 189 219 258 298
290 318 189 219 258 298
290 318 189 219 258 298
288 318 189 218 257 297
290 318 189 219 257 297
282 317 188 218 257 297
288 317 188 218 257 297
284 317 188 218 257 297
278 317 188 218 257 297
286 317 187 219 257 296
263 317 186 218 256 296
226 318 186 218 257 297
228 317 184 218 257 295
239 317 183 217 257 295
254 317 181 217 257 294
263 318 181 218 258 295
240 320 184 219 262 298
226 320 184 219 262 296
255 319 181 217 262 295
261 317 178 215 259 292
260 317 177 214 259 292
242 318 178 215 261 294
238 318 179 215 261 295
241 318 179 215 262 295
248 318 180 215 262 295
279 319 182 216 263 297
288 319 183 218 263 297
290 319 183 217 262 296
295 319 183 218 263 297
285 318 182 217 261 297
286 318 182 217 261 297
276 316 179 216 256 293
268 315 176 215 248 291
259 315 175 215 249 291
247 315 177 215 252 293
270 315 175 215 247 292
299 315 176 215 252 293
304 315 176 215 251 293
295 315 177 216 252 294
290 315 176 215 249 293
289 314 175 215 246 292
293 314 175 215 247 292
297 315 174 215 246 291
296 314 174 214 246 291
294 315 175 215 250 292
292 315 175 215 250 292
292 315 174 215 249 292
293 315 174 215 249 292
294 316 177 216 259 294
294 317 178 216 259 295
294 317 178 217 259 296
296 317 178 217 259 296
299 317 178 217 257 295
295 316 177 216 255 295
294 316 176 216 254 294
295 315 175 215 250 293
298 316 176 216 255 294
300 317 177 217 259 296
300 317 178 217 259 296
300 317 178 217 259 296
298 317 178 217 259 297
298 317 178 217 260 298
298 318 178 217 260 298
299 318 179 218 261 299
300 318 179 218 261 299
300 319 179 218 261 300
300 319 179 218 262 300
301 319 179 218 261 301
301 319 179 218 261 300
301 319 179 218 261 301
300 319 179 218 261 300
300 319 179 218 261 301
301 319 179 218 262 301
300 318 178 218 261 300
299 317 177 217 260 298
298 317 177 217 259 297
295 316 176 216 258 295
292 316 175 216 258 295
285 315 175 216 258 296
251 316 174 216 258 295
279 316 171 216 258 295
182 315 168 216 255 295
200 316 170 216 257 295
253 314 168 215 250 293
277 314 169 216 256 295
286 316 170 216 258 296
288 316 168 216 258 296
289 316 168 216 258 296
288 316 166 216 258 296
293 316 168 216 258 297
302 316 169 216 258 296
311 316 169 216 258 296
324 316 169 215 258 296
359 316 170 215 258 296
302 316 171 215 258 296
293 316 171 214 257 296
251 316 171 214 258 296
254 316 171 214 257 296
146 316 171 214 257 296
146 316 170 214 257 295
151 316 169 214 257 296
176 316 167 214 258 296
262 316 169 215 258 296
301 316 169 215 258 296
346 316 169 215 258 296
278 316 169 215 258 296
185 316 168 214 257 295
149 316 167 215 257 296
248 316 166 214 253 295
251 316 166 214 257 295
254 316 166 214 257 295
281 317 166 214 257 296
278 317 166 214 257 296
367 317 164 213 257 295
359 316 164 213 257 295
348 316 164 213 257 295
