1533770701.6554143 609 614 639 614 666 586 7830 -332 -2646 464 162 -310 -5 -27 -44
1533770701.7353337 607 614 638 612 665 586 7598 -146 -2594 -23 -133 -439 -5 -28 -45
1533770701.8071434 608 614 638 613 665 586 7860 -434 -2682 -607 -1034 -641 -4 -27 -44
1533770701.8803635 608 614 638 612 664 585 8346 -946 -2580 -2048 -3814 -5873 -7 -26 -45
1533770701.9546325 624 616 640 626 674 591 7662 440 -2966 -4150 -3947 -7982 -6 -27 -47
1533770702.0283973 622 615 640 623 673 590 7614 1310 -3598 1440 -1361 -6055 -14 -29 -50
1533770702.1020544 620 615 640 623 672 590 6718 1918 -3438 -717 5733 -6385 -20 -27 -54
1533770702.1726062 604 613 638 610 663 585 7330 2302 -2664 2118 884 -3072 -30 -22 -51
1533770702.2350993 608 614 638 613 665 587 6874 2930 -3370 -3468 -38 -3662 -33 -20 -48
1533770702.3131669 609 616 639 613 666 588 6908 3078 -3048 -543 843 -3036 -38 -17 -49
1533770702.4259243 608 614 638 613 665 586 6502 3942 -2796 1310 1647 462 -40 -17 -46
1533770702.5632143 609 614 639 613 666 586 6990 2768 -2520 430 1294 -179 -41 -16 -46
1533770702.6257083 609 614 638 613 666 587 7286 2754 -2576 -931 1301 83 -40 -19 -46
1533770702.656947 612 618 639 614 669 588 6740 3012 -2612 -3404 -668 -1117 -41 -16 -44
1533770702.7038069 613 618 640 615 669 588 7304 3094 -2364 4925 1476 400 -39 -15 -43
1533770702.7506716 615 619 640 615 669 593 6884 3678 -2688 1198 -1104 -1191 -40 -16 -45
1533770702.8131557 612 618 639 611 668 589 6248 2302 -2872 9026 -1596 3366 -42 -15 -46
1533770702.8912647 641 628 645 642 676 634 6700 2502 -2730 12316 16070 3124 -44 -17 -48
1533770702.9719634 617 617 640 618 667 601 8644 1882 -3256 8757 5111 2035 -44 -16 -48
1533770703.0471692 607 614 638 609 664 586 6704 2222 -1494 18437 5149 11171 -45 -13 -45
1533770703.1340804 620 615 640 620 672 591 7648 656 -2026 23535 5025 1053 -41 -17 -48
1533770703.180957 628 620 641 624 678 593 8474 74 -1308 -4205 -1482 -13069 -39 -23 -53
1533770703.259235 624 621 641 620 676 592 8354 -402 1110 -9018 3683 13060 -52 -15 -51
1533770703.337161 626 622 641 621 678 593 11546 1192 -5402 -1314 11245 5844 -45 -17 -44
1533770703.4183989 624 618 641 619 674 591 12466 -272 -646 -411 -17388 -17767 -32 -15 -39
1533770703.4866385 621 615 640 618 671 591 10314 4668 -2588 -24266 -32768 -22306 -35 -8 -35
1533770703.5647345 615 616 639 612 669 588 7152 1804 -3656 -12675 -22603 -13139 -56 -9 -56
1533770703.6428432 616 615 639 613 670 588 1576 5252 -4490 -20803 -32768 -10839 -66 -7 -68
1533770703.7209485 613 614 639 609 667 587 3042 6864 -3908 -4647 1430 -2592 -75 3 -75
1533770703.7836876 624 616 641 618 674 591 6000 5432 -4116 -2134 -6834 -7673 -80 9 -74
1533770703.877163 617 616 639 612 671 589 658 6350 -4454 -5401 1242 1603 -82 13 -71
1533770703.9388876 644 625 644 640 677 631 3004 2170 -2390 -10898 -983 5697 -85 17 -71
1533770704.0013678 678 636 651 677 687 687 4770 6132 -3762 4224 7994 6670 -80 11 -68
1533770704.0865977 679 635 651 671 688 676 2408 5264 -1574 31063 32767 14492 -76 7 -62
1533770704.1500297 669 632 649 668 683 676 7540 3672 -3394 1039 10345 -999 -74 -1 -64
1533770704.2280724 648 627 647 654 675 666 6282 3838 -2964 12073 25095 557 -69 0 -59
1533770704.29421 651 626 645 651 681 651 8622 3962 -1046 9179 9831 4032 -69 5 -55
1533770704.3741982 604 612 638 607 662 598 8250 4472 -2584 -3030 11444 10743 -72 8 -53
1533770704.4385076 601 611 637 601 663 586 7434 3250 -2790 -9302 -2704 121 -69 3 -50
1533770704.5166137 594 610 636 596 659 583 7750 1988 -1970 -12923 -18214 2855 -64 1 -48
1533770704.5947251 575 607 633 580 648 576 7400 3082 -3036 -14139 -30165 -9942 -62 0 -48
1533770704.657206 575 606 633 581 648 576 3106 6290 -5784 -23875 -32768 -9006 -62 -7 -57
1533770704.735313 612 614 639 610 670 588 1784 6110 -5018 -14940 -17546 6695 -62 -8 -69
1533770704.8134193 596 606 636 598 659 583 2086 6412 -5398 -505 3572 4098 -65 -8 -76
1533770704.8915262 601 605 637 601 662 584 2432 6032 -5188 2119 29485 8558 -63 -11 -77
1533770704.9544861 592 609 636 595 656 581 8012 1234 -4886 2328 1731 4231 -58 -15 -67
1533770705.0396533 588 609 635 592 654 581 5762 4222 -2438 -1486 -6380 -7791 -54 -10 -50
1533770705.1165016 598 610 637 600 659 584 3908 7568 -3328 -17340 -11642 -7798 -54 -11 -53
1533770705.1892836 593 611 636 595 656 583 4136 8008 -2038 -18137 -10091 -10317 -55 -6 -53
1533770705.2673342 597 611 637 599 659 584 2142 7588 -338 -7986 -9003 -7534 -50 -2 -47
1533770705.3532248 593 611 636 594 655 582 1412 8854 -486 4291 -1267 4130 -54 0 -48
1533770705.4104602 600 613 637 602 660 585 2628 5916 -1464 9408 -4198 -9889 -57 -3 -51
1533770705.4710977 604 614 637 605 663 586 1720 5964 -2812 5829 4568 -5917 -60 -1 -57
1533770705.549206 602 614 638 603 662 586 2926 8194 -3846 8483 7952 -77 -68 6 -61
1533770705.6118257 607 614 638 609 664 587 3104 6586 -2224 4976 6158 3557 -74 8 -67
1533770705.689955 611 614 639 611 667 588 2036 9062 -5900 12818 3267 -3548 -70 8 -66
1533770705.7678142 605 612 638 607 663 586 1154 7794 -5942 -10617 -811 2082 -71 10 -69
1533770705.830298 607 612 638 610 665 587 2134 8242 -2480 -8480 -4082 -1590 -69 8 -68
1533770705.9150772 612 613 639 614 668 589 2224 7332 -2328 -4088 -4048 -2560 -66 8 -61
1533770705.9855292 612 612 639 614 667 589 1856 8746 -2032 3374 -2003 -3571 -67 7 -60
1533770706.059559 611 611 639 614 667 588 1396 6456 -2726 -5751 -7728 -7624 -65 10 -58
1533770706.1220458 623 622 640 619 678 592 -308 8608 -3124 -903 -1676 -5024 -68 13 -62
1533770706.200152 618 616 639 618 674 590 -1776 8584 -830 -6539 -10750 -4657 -72 24 -60
1533770706.2822747 601 613 635 603 663 584 -2094 7790 294 -4410 -9495 -6183 -73 27 -59
1533770706.3569427 604 614 637 605 665 585 -1252 8062 -848 -5248 -4289 7401 -73 30 -60
1533770706.4289958 598 612 636 601 661 583 248 7128 1826 -10757 -3534 5027 -74 28 -59
1533770706.5010858 602 613 637 604 663 584 -948 8176 -1448 -15985 3705 14763 -68 22 -55
1533770706.5635707 589 610 635 593 655 580 1526 8178 2714 -5844 -1353 1307 -57 11 -47
1533770706.641942 607 613 638 607 666 586 806 8074 2400 -9036 -2815 -3206 -50 8 -42
1533770706.7041638 607 613 638 608 666 586 748 7328 2738 -2604 -2863 487 -49 8 -40
1533770706.78227 608 614 638 609 667 587 968 7922 2658 -1424 -1391 481 -47 7 -40
1533770706.8448188 614 616 639 613 672 589 1154 7700 2586 -1159 -2221 1221 -45 6 -39
1533770706.9280388 617 616 640 615 675 589 1052 7426 3304 -2505 -690 -1454 -46 4 -39
1533770706.9873276 608 614 638 608 670 586 1052 7438 2584 -1979 3442 -615 -44 4 -39
1533770707.0654335 602 613 637 603 667 583 684 7844 4402 -6618 -4463 -9467 -43 4 -40
1533770707.1259084 599 615 636 601 668 582 592 6628 1950 -6498 -1236 -7328 -44 9 -35
1533770707.2040172 615 625 639 610 683 589 198 6230 3230 -4415 -5534 -131 -51 15 -33
1533770707.282124 614 626 639 607 680 587 -1060 5766 3390 4569 762 2305 -46 13 -33
1533770707.3510559 625 634 641 612 688 591 314 7538 3778 -1711 -2103 852 -48 9 -37
1533770707.4195697 623 630 640 611 687 591 558 6620 4436 2800 -627 -393 -46 8 -37
1533770707.5024 627 629 641 614 689 592 390 7572 3612 566 -1106 1812 -49 9 -39
1533770707.5492775 624 627 641 613 687 591 258 7226 4112 884 -887 1099 -49 7 -39
1533770707.6117496 622 626 640 611 687 590 776 7058 4028 1195 -7 1485 -50 7 -42
1533770707.6743958 616 625 639 607 684 589 774 7324 3840 1221 -349 1392 -47 4 -39
1533770707.752341 616 618 639 607 685 589 788 7404 3794 472 282 -295 -47 4 -39
1533770707.8148255 610 623 638 602 682 587 756 7334 3408 -580 385 -1710 -47 4 -44
1533770707.8929331 614 614 638 605 684 587 116 7088 4644 -3461 -2816 -1708 -47 4 -41
1533770707.954632 601 615 636 598 673 583 1206 6644 3928 -2074 537 -6391 -50 5 -40
1533770708.034093 604 613 636 602 675 584 944 7614 3752 -3635 1316 -3244 -50 4 -40
1533770708.0909584 602 613 636 599 672 584 -440 6596 5082 -4634 20 -3122 -50 8 -38
1533770708.1846874 599 617 636 595 672 583 -848 6540 5602 1409 1144 467 -49 12 -35
1533770708.2315528 602 619 636 596 673 585 -412 6894 4674 6459 1980 3201 -50 13 -36
1533770708.3099072 600 618 636 595 672 583 306 7350 4114 10130 1205 5416 -49 13 -37
1533770708.372143 599 617 635 595 671 582 652 7668 3176 5913 5260 2041 -51 10 -40
1533770708.438986 606 625 637 597 678 585 292 7560 3146 3769 2200 5598 -52 7 -43
1533770708.5172884 607 626 636 598 678 585 1044 7406 3034 -122 915 1101 -52 6 -42
1533770708.5796914 622 642 639 603 691 591 626 7534 3478 -754 2126 -1749 -49 7 -42
1533770708.652098 608 628 637 597 678 585 22 7796 3190 269 576 -280 -50 7 -39
1533770708.7179203 605 624 636 597 676 584 796 7592 3398 326 -458 254 -51 6 -40
1533770708.7849166 603 622 635 597 674 584 226 7684 3136 481 406 -415 -50 8 -40
1533770708.8632765 602 620 635 596 672 583 502 8100 3114 1796 1113 1081 -50 6 -40
1533770708.9207523 602 621 635 596 672 583 338 7620 3054 2637 2602 1583 -49 7 -40
1533770708.985963 603 621 635 597 672 584 480 7478 3094 1399 2154 65 -49 8 -39
1533770709.039476 604 621 635 597 673 584 322 7766 2458 2951 2628 819 -51 8 -38
1533770709.1175835 603 621 635 597 672 584 762 7718 2728 1905 -279 1556 -49 7 -39
1533770709.1920807 603 621 635 597 671 584 500 8144 2606 -1296 -854 -2204 -51 7 -40
1533770709.252106 603 621 635 597 671 584 294 7824 2984 -468 474 -762 -52 5 -42
1533770709.3145967 603 621 635 597 670 584 438 7738 2824 65 -190 -371 -52 8 -39
1533770709.3929236 600 619 635 595 667 583 414 7730 2570 -1293 -15 -244 -53 7 -38
1533770709.4542484 599 618 634 595 666 583 298 7638 2902 -1554 16 -714 -52 9 -41
1533770709.5322917 598 617 634 595 665 583 288 7630 3078 227 84 -217 -53 9 -39
1533770709.579158 598 616 634 595 664 583 236 7562 2916 313 -229 -257 -50 10 -38
1533770709.657843 597 615 635 594 664 582 266 7716 3040 1370 56 539 -50 8 -39
1533770709.7236707 597 615 634 594 663 582 364 7754 2866 2310 406 245 -51 9 -37
1533770709.7904947 597 615 634 594 663 582 296 7764 2684 2151 -198 338 -51 9 -40
1533770709.8563163 596 615 634 594 663 582 454 7830 2420 2104 188 659 -54 9 -39
1533770709.9241374 598 615 634 595 663 582 430 7882 2308 571 148 -267 -53 10 -42
1533770709.988962 598 616 634 595 664 583 352 7892 2538 791 380 120 -52 8 -42
1533770710.054052 598 615 634 595 664 583 418 7906 2440 530 176 -25 -54 7 -42
1533770710.118613 598 615 634 595 663 582 420 7920 2350 758 111 162 -53 8 -43
1533770710.2183468 598 615 634 596 663 582 412 7880 2420 783 24 100 -54 6 -43
1533770710.257244 598 615 634 595 663 582 484 7894 2314 -221 108 -589 -54 8 -42
1533770710.3150868 597 614 634 596 663 582 288 7880 2392 153 143 -145 -54 8 -41
1533770710.3789158 597 614 634 595 662 582 436 7914 2312 98 60 -115 -54 8 -44
1533770710.4447403 596 613 634 595 661 582 292 7868 2346 314 323 -64 -54 8 -44
1533770710.5059073 595 613 634 595 661 582 424 7854 2380 492 416 266 -53 7 -42
1533770710.5683923 595 612 634 594 661 582 416 8030 2190 56 480 -658 -55 8 -46
1533770710.6378715 594 612 633 594 660 581 242 7874 2486 414 195 97 -54 8 -41
1533770710.7031925 594 611 633 594 660 581 390 7926 2188 241 324 -249 -53 6 -44
1533770710.7655933 594 612 633 594 659 581 278 7884 2432 253 123 -61 -55 8 -40
1533770710.8437953 594 611 633 594 659 581 394 7934 2150 103 186 -46 -53 9 -43
1533770710.8906112 619 619 638 619 665 618 268 7920 2432 -145 303 -413 -54 6 -44
1533770710.9530492 617 619 638 618 665 616 266 7858 2366 135 130 -50 -56 7 -44
1533770711.0320315 634 624 640 635 669 640 298 7944 2410 213 100 -70 -54 10 -44
1533770711.0852108 655 631 644 659 675 678 234 7922 2440 200 68 -128 -55 8 -42
1533770711.1557603 656 631 645 661 675 681 262 7878 2308 164 91 -77 -55 9 -42
1533770711.2182832 656 632 645 662 675 682 216 7942 2348 177 165 13 -54 8 -44
1533770711.2807314 657 632 646 663 675 683 306 7878 2430 311 140 36 -53 9 -42
1533770711.3550196 658 632 645 664 676 685 250 7950 2324 150 169 -19 -54 10 -44
1533770711.4086025 658 633 645 664 675 685 270 7934 2378 453 146 94 -55 8 -44
1533770711.486614 659 633 646 665 676 686 278 7902 2454 126 35 -78 -55 8 -43
1533770711.5334773 660 633 646 666 676 688 262 7946 2338 296 -169 444 -54 9 -43
1533770711.6116626 660 633 646 666 675 688 318 7906 2414 33 31 185 -55 9 -42
1533770711.673017 659 633 646 666 675 688 296 8072 2376 397 103 174 -54 7 -42
1533770711.735504 658 632 645 664 675 685 266 7944 2380 355 275 41 -52 9 -43
1533770711.7979884 658 632 646 664 675 685 382 7858 2412 193 340 -291 -54 9 -43
1533770711.8606997 659 632 646 665 675 685 248 7908 2304 91 342 -485 -56 6 -42
1533770711.9229624 659 632 646 665 675 686 246 7882 2512 378 194 91 -53 7 -42
1533770712.001195 659 632 646 665 675 686 236 7890 2302 108 169 -242 -54 8 -41
1533770712.054223 659 632 646 665 675 686 214 7930 2454 447 56 112 -55 10 -43
1533770712.1418009 658 632 646 666 675 686 270 7952 2314 142 213 -236 -54 9 -42
1533770712.1884677 659 633 646 666 675 686 196 7954 2426 308 164 -87 -51 10 -43
1533770712.2606416 658 632 646 666 675 687 228 7886 2262 166 111 -162 -53 11 -43
1533770712.3233073 659 632 646 666 675 686 272 7944 2352 306 171 55 -55 11 -42
1533770712.3929596 658 632 646 666 675 686 260 7902 2332 182 126 -25 -53 9 -43
1533770712.4554465 658 632 646 666 675 687 264 7898 2362 181 270 -77 -54 8 -43
1533770712.518176 659 632 646 666 675 686 142 7894 2518 607 320 478 -55 10 -42
1533770712.580422 657 631 645 665 675 683 78 8128 2054 1284 210 1358 -54 10 -42
1533770712.661925 596 612 634 598 658 588 358 7970 2268 -1710 -109 -288 -54 8 -44
1533770712.718089 595 610 633 596 658 583 620 7914 2204 -1991 448 355 -54 8 -45
1533770712.7961955 595 610 633 596 658 583 474 8438 2638 274 1743 3598 -53 8 -41
1533770712.8588014 595 611 633 596 658 583 318 7530 2506 4502 7466 3993 -50 8 -40
1533770712.9213517 594 611 633 595 656 583 3956 6738 2332 17219 11139 15896 -51 5 -40
1533770713.0069702 663 634 646 669 674 692 2392 8512 1030 9210 2047 11789 -49 4 -37
1533770713.0737004 663 632 647 669 673 694 3196 7680 26 23301 14771 26803 -46 0 -39
1533770713.147844 659 632 646 665 673 687 4214 7248 418 -1801 -4860 -757 -38 -6 -39
1533770713.2187245 648 628 645 646 669 670 4636 6396 -1050 12878 2744 18981 -36 -8 -36
1533770713.2814722 617 614 637 614 670 594 5250 6598 -984 3968 1079 -379 -32 -14 -40
1533770713.361076 602 611 635 603 662 587 5840 5110 -1140 5429 2155 7612 -25 -16 -41
1533770713.4243376 603 610 634 601 661 586 5982 4874 -876 1409 4388 5491 -25 -14 -38
1533770713.5180655 598 609 633 599 659 584 6100 4772 -750 -1140 2141 442 -20 -16 -38
1533770713.5807593 596 607 633 596 657 583 6888 4878 -1318 -2896 -181 1136 -18 -16 -34
1533770713.652799 612 615 637 607 671 588 6594 4638 -1328 4496 2099 6383 -16 -17 -33
1533770713.7197056 616 616 637 609 672 588 6694 3756 -806 5929 1910 5597 -16 -19 -34
1533770713.7822561 615 615 637 609 673 588 6878 5480 -2414 3160 2182 1760 -12 -17 -35
1533770713.8602388 613 616 637 607 676 588 6656 3972 -852 -1978 4208 1402 -9 -19 -33
1533770713.9382994 620 616 638 617 679 589 7158 4282 -1462 -419 1028 337 -10 -20 -33
1533770714.010626 628 615 639 616 685 591 7350 3702 -1184 -2435 731 -326 -9 -17 -30
1533770714.0700943 616 602 637 615 679 587 7270 4632 -1034 1535 1131 1289 -8 -16 -31
1533770714.1551447 587 595 635 607 673 584 7422 3094 -506 424 -809 2249 -8 -17 -28
1533770714.2334237 589 592 635 605 667 583 6726 3106 -468 5089 -389 903 -5 -17 -27
1533770714.2801533 595 604 637 602 670 584 6458 3972 -1864 3879 -8570 3199 -6 -17 -27
1533770714.3612266 582 592 634 601 654 576 7122 3800 -2404 8671 3095 -224 -6 -21 -35
1533770714.424382 639 621 645 665 674 659 7294 3678 -2078 -1441 3416 -2283 -4 -24 -39
1533770714.5024946 613 590 641 658 651 658 7700 3692 -1160 2227 3417 -1786 -6 -20 -36
1533770714.5651581 614 590 641 656 652 654 7316 3244 -1352 13 -2166 8 -11 -20 -32
1533770714.6480198 617 586 641 659 652 657 7288 3308 -1280 2118 -1420 94 -10 -19 -31
1533770714.7189333 624 594 645 685 658 681 7310 3180 -1658 313 -459 -631 -12 -17 -31
1533770714.7815835 620 593 645 682 655 680 7296 3196 -1608 719 -558 -879 -13 -19 -31
1533770714.8595269 616 590 643 671 653 672 7034 3094 -1928 -330 562 -248 -14 -21 -35
1533770714.9376326 615 591 644 667 651 676 7344 3492 -1820 486 202 -200 -13 -21 -35
1533770715.0040016 626 595 646 676 659 685 7186 3424 -1780 -725 1698 -228 -13 -21 -36
1533770715.0695612 629 596 646 678 659 688 7244 3574 -1522 -671 271 -15 -14 -23 -37
1533770715.1458206 626 595 646 675 657 694 7178 3506 -1712 -290 -576 430 -15 -22 -33
1533770715.203211 629 597 647 675 659 694 7130 3360 -1746 -230 -70 -142 -14 -20 -37
1533770715.281487 627 597 647 674 659 694 7396 3564 -1646 -22 529 113 -13 -20 -34
1533770715.3540711 628 597 646 671 661 691 7444 3190 -1528 -206 39 50 -14 -20 -35
1533770715.4244409 630 596 644 667 660 685 7234 3426 -1270 -1016 1072 -834 -14 -21 -34
1533770715.4871316 631 602 645 667 665 685 7192 3590 -1760 79 -274 -403 -12 -20 -32
1533770715.565028 628 601 644 666 666 684 7192 3574 -1420 79 654 -748 -12 -19 -33
1533770715.651005 618 597 641 642 664 647 7004 3700 -1312 -454 480 -1182 -10 -20 -30
1533770715.7033114 563 581 631 586 643 577 7296 2860 -1758 557 337 -1 -15 -18 -33
1533770715.7659962 555 586 630 585 639 572 7744 2594 -726 2401 -2321 -863 -14 -18 -33
1533770715.8440812 564 584 631 596 644 574 5966 4322 -98 -4052 -5550 -4832 -13 -18 -32
1533770715.922177 571 590 632 597 649 577 7388 7672 -1836 -1795 -3511 -6255 -15 -20 -35
1533770716.0002098 572 594 633 593 652 577 8482 5312 -2728 9306 -6045 890 -22 -19 -41
1533770716.0706084 576 595 633 591 650 577 5436 3814 -4664 -2795 -1916 -5454 -25 -27 -50
1533770716.150762 572 595 633 591 649 578 5676 6876 -3916 -9662 -484 -9380 -28 -27 -55
1533770716.2190988 566 586 631 586 640 574 5920 4878 -1600 -7380 -2997 -1693 -35 -26 -57
1533770716.2970903 570 595 632 590 644 576 5178 5636 -2286 -7532 1717 -9542 -38 -24 -55
1533770716.3932235 584 599 634 599 655 581 5008 6232 -3756 3653 1000 6646 -40 -21 -56
1533770716.4402866 588 607 635 597 656 582 4500 9914 -4376 5500 2035 2150 -41 -20 -54
1533770716.5026765 584 610 635 596 656 582 6816 5140 -1232 8439 -5714 198 -39 -19 -56
1533770716.580679 598 611 637 601 664 585 4758 5818 -5004 -10766 -4248 -6488 -38 -19 -52
1533770716.6666646 595 611 638 604 661 585 4954 8336 184 -11144 7037 -4148 -42 -22 -63
1533770716.7346773 577 596 634 600 648 576 4632 6032 -1752 -2328 1941 2051 -43 -15 -50
1533770716.7969484 577 593 632 600 646 573 4560 6332 -1688 -156 590 404 -41 -15 -48
1533770716.8750186 550 581 626 575 627 562 4514 6510 -1062 -1155 -1237 -1081 -42 -17 -48
1533770716.9531863 554 578 623 582 628 560 4934 6152 -1704 -1244 -1912 -673 -40 -17 -45
1533770717.031893 533 573 618 576 626 550 5130 6514 -1736 -476 1118 -710 -40 -18 -46
1533770717.1162944 536 575 618 572 626 551 4934 6538 -1454 -398 1634 -462 -42 -13 -45
1533770717.170314 535 577 619 575 628 552 4794 6032 -1270 -790 2340 -652 -41 -14 -43
1533770717.2484164 544 584 622 566 630 556 5522 5506 -1800 -4792 1802 -3407 -39 -16 -42
1533770717.310906 544 594 623 561 631 555 2878 7440 348 -10024 3522 -17486 -40 -11 -41
1533770717.3917015 573 597 627 585 651 565 1720 8158 1404 -5105 -866 -8402 -47 -4 -37
1533770717.4541728 551 594 628 567 633 563 810 9386 162 14769 1660 -3980 -48 7 -31
1533770717.532278 576 599 633 591 649 574 3024 6998 -3036 3962 -1754 -819 -60 15 -34
1533770717.610386 577 596 635 592 650 577 1018 7332 -3056 -475 4255 -2029 -62 8 -44
1533770717.672871 574 598 635 590 648 576 1894 6524 952 -17386 1823 -4923 -66 9 -45
1533770717.7512267 581 598 635 595 651 577 2370 5502 -476 -5040 -1032 4014 -61 13 -37
1533770717.829084 574 591 633 593 649 575 1356 8460 378 -10141 5567 -4397 -57 13 -33
1533770717.8916492 579 595 633 590 649 575 1836 8778 1404 -1792 556 -45 -54 15 -24
1533770717.9542224 571 590 631 588 644 571 2602 9266 836 3183 2014 3311 -50 20 -23
1533770718.0381465 585 594 633 597 654 576 1772 5440 3788 -3520 -4180 -4394 -50 17 -23
1533770718.1077127 578 591 632 596 651 574 1096 8434 290 2940 -2701 -4594 -48 17 -23
1533770718.1715314 544 582 628 570 630 563 1452 9036 -618 2319 -2468 -2913 -53 17 -27
1533770718.2356439 538 580 627 567 625 561 1758 8732 106 -495 1797 3460 -57 18 -33
1533770718.3138368 532 576 625 562 622 557 1862 6884 1444 -6513 562 -2125 -57 15 -32
1533770718.391858 530 581 625 562 619 557 1006 7696 1568 -646 2291 1768 -55 16 -30
1533770718.45457 527 579 625 585 622 587 1512 8208 410 2630 -1963 -398 -54 18 -26
1533770718.548266 535 581 625 573 621 567 1680 8562 314 1287 -624 -164 -55 17 -30
1533770718.5949383 599 610 635 625 647 652 1616 8244 460 -318 -35 -20 -56 14 -31
1533770718.6550505 595 605 637 629 643 661 1490 7928 580 558 -168 856 -53 18 -27
1533770718.7177975 599 606 638 630 644 666 1610 8012 300 765 910 52 -56 16 -27
1533770718.7956367 597 605 638 626 646 658 1110 8302 336 1639 2390 702 -55 15 -31
1533770718.8583891 594 604 637 616 647 645 2470 7262 1292 -2862 3240 333 -56 18 -28
1533770718.9362295 545 588 627 558 632 561 1286 8296 624 3187 3404 7110 -53 18 -27
1533770719.0062733 574 600 632 579 651 570 2636 7522 218 1743 401 3941 -54 17 -27
1533770719.0695846 566 594 630 583 644 567 2504 7830 836 -1468 1503 4504 -50 14 -26
1533770719.1466637 565 592 631 581 643 567 2958 8060 472 1892 -6120 -3205 -48 13 -27
1533770719.2185285 568 592 631 579 643 568 1964 7968 672 -3645 -139 71 -47 14 -29
1533770719.2812774 566 591 629 585 642 566 2800 7418 610 -550 -631 -1111 -49 12 -26
1533770719.357481 588 594 631 600 654 572 2604 7830 1102 -2285 -351 -2033 -47 14 -26
1533770719.4140816 560 588 627 578 637 562 2870 7780 890 -1843 -674 -427 -46 14 -27
1533770719.4920712 560 587 628 582 638 563 2678 7438 1132 -698 1286 1147 -45 15 -21
1533770719.5545862 554 585 628 571 634 561 2702 7174 1180 953 420 1211 -47 12 -22
1533770719.6363416 555 585 628 569 634 561 2520 7934 772 -945 -1222 -649 -45 12 -23
1533770719.7014863 622 607 643 658 654 670 2448 7970 966 1371 -71 864 -44 12 -22
1533770719.7639732 612 603 642 652 653 659 2760 7646 1200 -363 -224 -984 -43 13 -21
1533770719.8422139 577 590 636 601 642 602 2080 7888 908 -855 1005 1007 -44 12 -23
1533770719.9204495 582 591 637 605 643 608 2292 7902 1198 1805 255 -1137 -43 11 -24
1533770719.9672477 569 593 636 602 634 610 3028 7710 1896 -562 54 -54 -46 14 -21
1533770720.0388987 581 591 637 609 643 610 2650 7462 906 -1446 1873 435 -45 11 -20
1533770720.117248 587 591 638 613 645 614 2492 7202 1446 -979 1327 2216 -43 15 -22
1533770720.1880543 583 594 638 610 643 613 2754 7972 1554 1880 567 1725 -42 13 -18
1533770720.2508047 583 593 636 609 647 596 2614 7564 1056 2083 417 -612 -38 14 -17
1533770720.32879 577 588 633 595 647 571 2878 7304 1366 566 -2492 -2424 -39 13 -16
1533770720.3921258 569 589 631 587 641 567 2802 7882 1324 -379 -11 922 -43 14 -18
1533770720.4546154 587 594 634 600 651 573 2614 7456 1254 876 -2620 -349 -44 13 -21
1533770720.5327187 594 597 635 607 656 577 2756 7608 1076 581 808 -254 -42 12 -21
1533770720.6108263 577 593 632 586 643 569 2588 7848 1472 501 -521 -1091 -41 11 -22
1533770720.6702523 581 596 633 587 648 574 2514 7766 1298 163 -1283 -155 -39 10 -19
1533770720.7325313 590 597 634 603 654 575 2658 7750 976 113 -1842 -739 -41 11 -21
1533770720.81072 579 595 633 598 647 571 2874 7856 928 1241 -657 607 -39 9 -23
1533770720.8730948 569 598 630 583 641 565 2548 7682 900 874 -867 187 -42 11 -23
1533770720.9357755 569 593 628 587 642 563 2584 8222 820 103 1144 611 -42 8 -25
1533770721.0145383 565 591 628 585 639 563 2638 8196 1102 -1723 4337 1561 -42 8 -26
1533770721.0854714 557 588 628 575 633 561 2644 7184 1818 -3157 3961 -269 -41 10 -22
1533770721.1531231 538 581 627 564 623 556 2438 7566 1726 934 669 475 -40 11 -19
1533770721.2171385 536 582 624 557 623 552 2588 8002 1310 2604 -787 -518 -40 12 -17
1533770721.2976964 533 581 616 546 622 542 2636 8118 1376 1269 63 -3 -39 16 -16
1533770721.3578045 532 581 613 541 621 538 2206 7906 1266 945 1782 499 -41 14 -19
1533770721.4240942 534 582 617 545 623 543 2590 7564 1372 -868 1239 532 -42 16 -18
1533770721.4863825 552 589 622 562 637 554 2644 7526 1720 -599 407 709 -41 15 -17
1533770721.5644276 550 590 624 559 632 556 2818 7140 2030 7021 2377 1248 -39 15 -15
1533770721.637444 571 600 630 575 647 566 2600 8186 1230 -1080 -2326 3461 -43 16 -17
1533770721.7025743 567 596 628 571 641 564 2168 8350 -8 4630 -2799 901 -43 16 -18
1533770721.7650607 552 593 625 560 633 558 3454 7462 946 692 40 3142 -42 12 -23
1533770721.8397667 545 590 623 554 628 556 3794 6458 714 -4028 -479 -893 -42 7 -23
1533770721.9020977 564 592 627 570 638 563 3072 7264 1862 -8664 1610 505 -40 8 -23
1533770721.9802039 565 591 627 569 637 561 3224 7368 1572 -3195 -456 1119 -39 7 -20
1533770722.0428143 563 591 625 578 636 559 3352 7456 2234 -2406 -744 -241 -37 7 -19
1533770722.1053002 568 593 622 581 643 555 3260 7638 1358 886 -2012 -1281 -36 9 -16
1533770722.185978 598 622 707 673 661 661 3434 7374 1568 -52 -1197 -1603 -33 8 -15
1533770722.248256 601 621 725 688 660 684 3346 7064 1536 -768 -1014 -1151 -33 7 -17
1533770722.326338 611 628 732 691 667 691 3322 7564 1788 1121 422 -99 -33 7 -17
1533770722.3930085 613 625 735 697 667 696 2998 7426 2170 -1968 748 314 -34 3 -17
1533770722.4554837 654 647 761 766 688 771 3050 8222 1906 -651 -7600 -3866 -34 6 -19
1533770722.533343 621 615 633 647 660 654 3508 6628 162 4025 1880 -2162 -33 3 -21
1533770722.5960824 626 617 645 659 662 654 1836 6440 -918 6689 2671 -1390 -35 4 -22
1533770722.686054 582 600 633 597 649 573 1486 7920 2312 -2604 -649 1074 -37 5 -22
1533770722.732712 580 596 630 591 648 566 3300 9178 152 -832 -3034 -5 -40 4 -28
1533770722.8108172 557 586 624 574 633 555 3304 6564 1692 -702 5078 4198 -41 4 -27
1533770722.8733027 536 580 619 555 621 543 2646 6606 1972 -718 1257 575 -39 2 -26
1533770722.9357898 531 577 612 547 619 531 2696 6826 1838 -2760 6447 549 -39 6 -23
1533770723.0190353 535 580 615 550 621 534 2920 8220 1902 1129 1577 -80 -37 4 -21
1533770723.0696018 541 585 621 557 624 541 2652 7552 2204 680 996 582 -35 9 -17
1533770723.1537337 580 592 631 593 647 562 3242 6786 1866 2531 -2540 780 -37 7 -16
1533770723.2181294 576 589 632 589 642 563 3156 14752 2596 18987 -3529 1021 -39 8 -19
1533770723.2960086 575 590 631 587 641 564 3536 5382 -80 4702 -11481 6490 -41 8 -20
1533770723.3766668 624 610 644 664 645 680 192 2564 -5890 2021 -9222 -9008 -49 -4 -35
1533770723.4409668 651 621 648 683 662 688 1662 7486 858 -18226 -11689 -15736 -49 -12 -45
1533770723.5190773 620 616 644 659 645 681 1450 9944 -1102 -6569 -7953 12465 -60 -1 -50
1533770723.58156 622 617 645 661 647 683 1144 8396 -390 19622 8087 15893 -57 -3 -55
1533770723.6549425 618 617 643 655 646 675 3530 6312 -924 13780 -3573 13550 -49 -14 -58
1533770723.733051 623 618 644 661 647 684 4950 5638 -5356 15093 11614 12600 -39 -25 -66
1533770723.8114147 650 626 648 680 665 687 6278 4026 -2778 4678 -1236 10644 -31 -28 -66
1533770723.8738735 622 619 644 653 648 679 5642 5648 -3176 -4093 -50 5401 -23 -30 -61
1533770723.9517484 620 618 644 658 647 678 6790 5872 -1544 9194 4033 6844 -17 -30 -65
1533770724.0351734 620 618 643 653 646 679 6566 4854 -2972 8556 1701 5461 -13 -32 -58
1533770724.1165953 649 623 647 675 663 688 6838 4296 -3036 6063 -2596 3891 -11 -32 -58
1533770724.1716912 635 621 645 656 656 682 6724 3332 -3220 3964 -948 5124 -8 -32 -59
1533770724.2364442 648 625 647 665 666 688 6334 4338 -2492 -5629 6037 -2876 -5 -33 -58
1533770724.3147058 639 618 643 655 661 679 6616 3864 -1760 -1954 1375 904 -5 -33 -58
1533770724.392124 640 604 642 661 666 672 6814 2966 -2526 -5494 -59 -917 -7 -33 -54
1533770724.4543457 648 606 642 667 675 675 6918 3424 -2532 -8 1428 -2812 -2 -33 -53
1533770724.5324533 618 607 639 650 666 655 6774 3122 -2378 -1503 -186 378 -2 -31 -55
1533770724.5950894 561 597 627 584 648 568 7110 5224 -2634 22073 15321 10773 -4 -29 -52
1533770724.67122 603 616 638 641 655 651 8186 2752 -1366 11448 5055 9082 0 -28 -49
1533770724.7493246 609 621 639 644 657 654 8518 1352 -1118 7823 -4550 1654 5 -22 -37
1533770724.8274453 626 625 641 655 670 652 7586 1296 -1708 1189 -3413 2459 6 -23 -38
1533770724.889918 631 626 641 663 671 663 7258 1932 -4242 -2783 -10900 2030 4 -25 -41
1533770724.9524035 627 623 640 658 670 654 7566 566 -4332 -1590 883 1319 10 -29 -50
1533770725.0387778 628 620 640 662 669 657 8618 1844 -2250 -12231 9495 -6613 8 -32 -52
1533770725.1012638 635 627 643 669 671 674 6800 2628 -1524 7365 6848 -1156 8 -32 -48
1533770725.1701016 588 608 632 608 655 598 7128 2374 -1420 -1729 174 2824 4 -24 -39
1533770725.2479522 584 604 628 589 662 574 7982 2542 -2180 -725 -42 -2901 5 -23 -39
1533770725.3106885 586 605 628 587 665 574 7974 2142 -1918 -561 1688 -686 5 -21 -39
1533770725.3813357 580 602 625 581 664 570 7564 2650 -1234 -275 2339 -162 3 -23 -37
1533770725.4594452 564 600 622 568 656 564 7238 2260 -1490 -1225 3 -73 2 -21 -34
1533770725.5375507 570 600 621 570 659 565 7478 1904 -1304 -107 -440 -679 6 -24 -36
1533770725.584487 576 601 621 572 663 565 7918 2466 -1538 920 283 171 6 -21 -36
1533770725.6640108 634 621 633 633 679 653 7778 3100 -1880 357 387 -311 3 -23 -36
1533770725.7332802 609 618 635 612 675 651 7576 1930 -1152 2231 -411 606 4 -20 -36
1533770725.7957244 635 630 641 649 688 672 7486 3164 -1946 2003 439 530 6 -22 -34
1533770725.8582098 635 623 641 652 684 680 7860 2352 -1724 821 1462 62 6 -20 -36
1533770725.9365346 642 623 640 649 685 677 7806 2132 -1598 -259 798 -249 3 -21 -37
1533770726.0053458 640 621 640 648 683 678 7434 2132 -1576 -39 406 -310 5 -20 -34
1533770726.05836 644 622 642 650 684 678 7586 2234 -1306 387 550 -493 5 -21 -34
1533770726.1431289 649 627 643 653 688 681 7620 2394 -1254 81 -294 -1000 4 -22 -35
1533770726.218158 633 620 641 635 683 658 8394 1776 -1580 -529 -4425 -1301 1 -22 -33
1533770726.280721 585 607 631 599 669 581 7898 1394 -804 -9023 -4981 -6940 2 -24 -34
1533770726.361539 578 600 630 590 664 577 5764 3754 -1196 -14298 -7260 -14585 2 -22 -42
1533770726.4240632 581 598 630 597 667 578 5902 6126 -1910 -7680 1107 -10068 -3 -23 -44
1533770726.5022402 579 605 630 592 663 577 5396 6078 -1378 3856 14269 -7783 -8 -20 -45
1533770726.5804324 579 604 630 593 662 577 8248 6838 -1940 1881 -319 -8600 -16 -16 -39
1533770726.6545622 580 605 631 594 663 578 4672 6322 -480 1241 4740 -5490 -22 -7 -32
1533770726.7179017 588 611 632 599 667 580 6486 6694 -182 -421 4994 -1717 -31 -5 -34
1533770726.7959993 584 607 631 597 664 578 5708 7010 -690 5702 -921 4020 -31 -1 -27
1533770726.873853 582 610 631 594 664 579 4448 4428 -1026 6635 606 3190 -33 -3 -31
1533770726.9365418 587 610 632 599 666 580 3236 3336 -182 -7351 11033 -7176 -34 -4 -30
1533770727.0084474 590 608 632 601 665 580 5544 8574 668 6546 2862 -2926 -35 0 -28
1533770727.0689654 591 608 633 602 664 581 4220 6588 188 2854 7446 -2442 -35 11 -21
1533770727.146842 595 613 634 603 667 582 4780 7836 98 4142 5170 -196 -39 13 -19
1533770727.2009263 585 606 631 596 659 577 4640 6486 460 4672 5476 3760 -41 20 -17
1533770727.2816336 636 616 643 660 672 658 4710 7306 302 506 867 2118 -45 23 -17
1533770727.3482912 627 611 641 651 667 654 4792 7410 624 583 3 -433 -43 25 -16
1533770727.4074368 626 609 641 654 666 655 4904 6424 408 -2662 -3370 -270 -44 24 -15
1533770727.4855454 559 590 629 578 642 570 5294 5754 1168 -11373 -14189 -9340 -41 23 -15
1533770727.5636516 556 593 628 574 641 568 3990 7624 16 -3045 -2047 -4028 -40 18 -17
1533770727.647575 579 602 631 594 653 575 4858 5416 484 -5106 -5773 -20973 -41 16 -20
1533770727.7024229 581 603 632 595 655 576 3114 6786 190 4131 5948 3244 -43 19 -19
1533770727.7646408 580 604 632 593 653 576 1976 7846 58 1933 54 1322 -45 27 -17
1533770727.8429897 581 603 632 595 654 576 2826 7706 300 1367 1111 4588 -46 26 -19
1533770727.905233 587 605 633 599 657 578 3698 7384 180 2099 402 2737 -48 23 -21
1533770727.9677198 589 602 633 601 658 579 3384 7378 -88 996 -224 487 -46 21 -21
1533770728.042594 589 600 633 601 658 579 3128 7918 202 -588 387 4089 -46 20 -21
1533770728.1050816 591 599 634 603 659 580 3858 7220 268 1061 771 2461 -45 20 -21
1533770728.1709785 593 608 634 604 660 580 3726 7410 90 214 133 589 -44 17 -21
1533770728.233721 596 611 634 605 663 581 3912 7216 -12 432 751 1410 -44 17 -21
1533770728.3274074 597 611 634 606 664 582 4314 6944 -358 -396 284 -1687 -42 17 -20
1533770728.376331 600 613 635 607 665 582 3218 7416 278 -1766 -2297 -2482 -42 17 -21
1533770728.454436 601 609 635 607 666 583 3792 7220 280 602 -624 97 -45 18 -22
1533770728.5171857 600 606 635 608 666 583 4200 6834 104 882 192 -2635 -42 17 -20
1533770728.5794616 603 606 635 609 667 583 3348 7528 228 742 1417 1019 -43 18 -22
1533770728.6618397 601 603 635 608 666 583 3750 7470 -36 1270 1314 -1036 -46 20 -22
1533770728.7175674 598 601 634 607 663 582 3532 7450 166 -293 70 -116 -45 19 -20
1533770728.7800524 597 600 634 607 663 582 3334 7414 26 663 58 176 -46 22 -19
1533770728.858185 597 599 634 606 662 581 3796 7260 116 192 122 1252 -48 22 -20
1533770728.9206452 595 598 634 605 661 580 3548 7400 -96 1300 282 807 -47 19 -20
1533770729.0001616 593 597 634 604 660 580 3490 7568 50 1406 149 -329 -46 21 -22
1533770729.0549045 596 598 634 606 661 580 3432 7434 -310 1639 15 462 -45 19 -23
1533770729.117391 594 598 633 602 660 579 3764 7644 28 1081 -1561 757 -49 18 -22
1533770729.200883 591 597 633 601 659 578 3952 7226 -206 1674 -7545 -3696 -48 19 -24
1533770729.263367 590 597 633 600 658 578 3254 7106 -1228 6159 -9678 -9003 -50 15 -27
1533770729.3414764 592 597 634 602 659 579 2386 8900 -2174 182 -10339 -14135 -58 11 -35
1533770729.4198194 590 597 633 601 658 578 -714 8512 -1878 2790 -4936 -10413 -66 19 -44
1533770729.482325 590 607 633 600 657 578 1234 7660 -1666 -730 -4559 -6119 -72 26 -46
1533770729.5601723 592 601 633 602 658 578 4954 6736 -2404 3153 -1154 -4264 -75 34 -51
1533770729.6420877 593 601 633 603 659 579 -2636 6856 -12 -7797 -481 -1623 -78 33 -52
1533770729.718814 591 599 633 602 658 578 764 7880 -1660 -154 -3023 240 -78 37 -50
1533770729.781448 592 606 633 603 659 579 -1642 9538 -760 4297 -554 -6912 -73 33 -45
1533770729.8594084 592 607 632 603 659 578 -1850 9484 -2198 13695 -815 -1294 -75 37 -47
1533770729.9221454 569 604 627 580 644 571 -1478 7274 -3236 -5082 -3852 3073 -79 38 -54
1533770730.0066347 562 602 626 575 641 568 -416 6768 -818 -3011 -2222 -6913 -82 34 -61
1533770730.074288 561 601 627 575 640 569 -458 7654 -82 -594 190 -1607 -80 36 -55
1533770730.1509824 585 606 631 597 654 577 -1316 8148 -2602 3622 -12770 -8911 -80 35 -55
1533770730.2187276 584 605 631 594 653 577 -1522 8300 -1950 -4454 605 -1440 -82 38 -59
1533770730.2812073 594 608 633 604 660 581 -1952 7708 -868 25 402 -70 -83 44 -60
1533770730.3606262 663 632 647 685 679 690 -2124 8078 -810 -181 2998 209 -82 44 -57
1533770730.4389884 659 634 647 679 679 690 -2206 7838 -1718 -70 1567 547 -83 46 -57
1533770730.501345 663 639 647 663 684 689 -2076 7958 -1626 -2113 -370 1996 -84 44 -61
1533770730.563723 677 649 649 665 695 693 -1706 8196 -1136 1041 754 1037 -80 43 -57
1533770730.6480882 697 663 651 674 713 698 -1994 7824 -1510 448 1256 2619 -82 41 -58
1533770730.7180703 720 680 655 686 733 711 -1258 8046 -1520 579 -452 -322 -81 40 -55
1533770730.7805283 713 682 654 678 730 706 -2116 7866 -1610 -240 -4212 -2763 -82 40 -57
1533770730.85845 700 667 652 672 719 698 -2146 8510 -882 2105 1397 -2487 -80 37 -57
1533770730.9367445 696 656 652 677 716 697 -2028 8090 -1422 929 -2907 1552 -83 40 -57
1533770731.011117 703 658 654 682 720 701 -1540 8136 -822 -2651 -2730 3214 -82 42 -58
1533770731.069358 699 660 653 678 721 700 -1850 8456 -746 -928 -522 -488 -79 36 -55
1533770731.1541753 674 649 649 660 710 686 -1546 7976 -872 -201 1761 671 -79 35 -55
1533770731.216766 662 654 647 644 704 678 -1740 8112 -986 579 -212 -1926 -81 35 -55
1533770731.2947698 685 665 651 662 728 682 -1912 7878 -1112 596 -628 -280 -77 36 -58
1533770731.3605092 682 660 653 674 732 690 -1796 8068 -694 1019 255 -192 -79 38 -55
1533770731.423102 691 658 653 682 734 698 -1966 7978 -1160 1312 518 759 -81 38 -55
1533770731.5019531 682 657 653 678 730 698 -1644 8002 -1004 -68 176 542 -79 39 -55
1533770731.5642567 689 657 652 674 733 689 -1922 8154 -946 138 644 559 -80 36 -57
1533770731.6431584 682 655 651 665 727 687 -1870 8052 -1294 1502 475 185 -76 38 -56
1533770731.7016356 682 658 651 664 730 683 -1600 7984 -1192 295 248 779 -80 36 -59
1533770731.7797036 687 658 651 664 734 677 -1098 8116 -1208 537 -42 2431 -81 36 -57
1533770731.8734298 688 658 653 676 736 693 -1918 8248 -1802 3148 1072 3779 -80 34 -58
1533770731.9202962 671 649 648 641 722 645 -1222 7558 -1382 4781 6420 12139 -78 31 -58
1533770732.0000067 671 646 648 649 721 656 570 7596 -1354 6211 12654 12088 -74 23 -61
1533770732.0704389 629 622 639 609 710 595 558 8508 -2418 5784 4414 7434 -71 16 -60
1533770732.1424396 635 630 640 613 712 596 2408 7070 -2152 6244 10670 18283 -68 8 -58
1533770732.202663 635 618 640 613 709 595 3840 6964 -2636 1369 3003 1962 -61 -1 -55
1533770732.280807 631 616 640 610 706 594 3898 7552 -1788 1139 3907 2183 -52 -4 -54
1533770732.358575 633 614 640 611 705 594 6226 6524 -3374 7180 12514 16811 -51 -5 -51
1533770732.423421 629 626 640 609 700 592 8324 4596 -1272 4087 11480 15332 -45 -10 -46
1533770732.5019534 625 625 640 605 696 591 8204 3982 -1802 4337 4327 -2198 -29 -17 -40
1533770732.5800216 610 623 638 592 684 585 7436 4478 -1626 -98 -85 -177 -26 -15 -37
1533770732.6512012 612 625 638 594 687 587 7136 5346 -2310 -4580 -2790 3844 -27 -14 -36
1533770732.7172656 614 627 638 595 688 587 6326 3720 -2320 4734 2587 4871 -26 -14 -38
1533770732.7953727 616 627 639 595 688 588 5554 3242 -600 2690 10378 -2136 -22 -17 -38
1533770732.8578591 614 627 638 594 687 587 6294 3164 -704 -4648 21528 -7745 -25 -17 -35
1533770732.9359639 614 626 638 594 685 587 8122 3262 464 287 597 1502 -25 -1 -19
1533770733.0079236 604 623 637 585 678 583 6448 5268 -214 -86 -3866 -2120 -27 8 -16
1533770733.0754423 611 625 638 591 682 586 4194 3242 1348 -2716 613 1204 -29 6 -17
1533770733.1453454 605 619 637 588 675 584 7108 4256 152 1670 658 -1170 -27 4 -20
1533770733.203916 608 618 637 592 676 585 6356 4904 -428 42 -1357 -3600 -24 6 -17
1533770733.3132637 604 614 637 591 672 584 6326 5410 -230 1576 1024 -1167 -30 7 -19
1533770733.3525894 602 613 637 590 670 583 6540 4932 -112 1228 1007 382 -32 7 -17
1533770733.4079144 601 612 636 589 669 583 6798 4624 -182 1179 -64 -142 -32 5 -18
1533770733.4863555 596 611 635 586 665 581 6422 5190 -494 306 201 838 -32 10 -18
1533770733.5488396 594 610 635 585 663 581 6470 5064 -296 497 1483 989 -34 7 -19
1533770733.6113253 597 611 636 586 664 581 6764 4684 -26 210 1041 1322 -31 8 -17
1533770733.6851895 597 611 635 587 664 581 6832 4508 -116 475 -27 331 -32 7 -17
1533770733.747927 597 611 636 587 663 581 6718 4548 80 -460 326 306 -30 10 -17
1533770733.8101637 595 610 635 586 661 580 6700 4618 -216 457 -117 424 -30 7 -15
1533770733.8726485 595 609 635 587 661 581 6738 4686 -128 361 471 655 -30 9 -18
1533770733.9663768 602 609 636 593 664 583 6808 4472 -92 364 369 1016 -29 8 -17
1533770734.0188472 587 601 634 585 653 578 6872 4398 -116 375 74 -218 -30 7 -16
1533770734.0709853 586 600 634 584 653 578 6690 4638 -160 -106 142 -15 -28 5 -17
1533770734.1490922 589 603 634 585 656 579 6848 4416 -66 98 310 601 -29 8 -18
1533770734.2015948 592 604 635 587 657 579 6744 4572 -254 185 287 262 -27 8 -15
1533770734.2797003 601 606 636 594 662 583 6986 4434 -36 211 455 1185 -28 7 -17
1533770734.3480644 601 607 636 593 662 583 6930 4256 -112 562 565 387 -28 7 -17
1533770734.4074018 600 607 636 593 661 582 6940 4258 114 29 175 -391 -27 6 -18
1533770734.4707835 600 606 636 594 661 582 6850 4484 -194 117 -59 91 -29 8 -14
1533770734.5488904 600 607 636 594 661 582 7054 4396 72 420 175 -380 -29 7 -17
1533770734.6313539 600 606 636 594 660 582 6884 4380 -200 779 239 -19 -27 7 -15
1533770734.6713297 599 607 636 594 661 582 6936 4354 70 200 570 527 -28 8 -17
1533770734.733816 600 607 636 594 660 582 6816 4434 -104 52 -57 -229 -27 8 -17
1533770734.7963493 600 607 636 594 660 582 6920 4374 -62 162 186 -135 -26 6 -14
1533770734.8587856 600 607 636 595 660 582 6926 4382 -82 140 130 -60 -29 8 -14
1533770734.9212713 600 607 636 595 660 582 6798 4474 -128 168 -1 70 -27 8 -16
1533770734.9993794 601 608 636 595 660 582 6906 4300 -10 21 -123 -378 -28 9 -15
1533770735.0543957 601 608 636 596 660 582 6860 4502 -164 417 199 -70 -26 7 -14
1533770735.1168802 617 612 639 608 670 588 6914 4358 108 112 145 11 -28 8 -16
1533770735.185326 614 611 639 606 668 587 6980 4356 -122 209 168 245 -27 8 -16
1533770735.2790546 614 611 638 606 668 587 6956 4310 96 220 -88 -501 -28 7 -18
1533770735.3259702 617 611 638 608 670 588 6910 4374 -92 299 252 -461 -27 8 -16
1533770735.3763735 627 613 640 616 676 591 6840 4502 -26 44 -35 -380 -30 8 -15
1533770735.4552157 619 611 639 609 670 588 6842 4452 -182 244 232 113 -29 7 -17
1533770735.5177507 614 609 638 606 667 587 6902 4476 64 267 157 -25 -27 7 -16
1533770735.5801873 601 606 636 596 659 582 6798 4472 -54 101 206 100 -29 9 -15
1533770735.65021 599 606 636 595 658 582 6866 4410 -116 136 67 -47 -29 5 -17
1533770735.7024896 599 606 636 595 658 582 6882 4472 -30 109 107 -52 -29 7 -15
1533770735.7649424 601 606 636 597 659 583 6850 4402 -84 271 245 39 -28 7 -17
1533770735.843047 601 607 636 597 659 583 6858 4480 10 163 30 -164 -28 8 -15
1533770735.9170437 601 607 636 598 659 583 6834 4454 -72 204 168 27 -28 6 -16
1533770735.9639583 602 606 637 598 659 583 6856 4438 -20 283 115 -125 -29 7 -16
1533770736.03631 602 607 636 599 659 583 6836 4430 -84 29 57 119 -28 9 -14
1533770736.1008785 612 609 638 607 665 586 6814 4494 -120 217 58 -25 -27 8 -14
1533770736.153722 602 607 637 599 659 583 6810 4422 -72 445 740 478 -29 6 -17
1533770736.23235 602 607 637 599 659 583 6876 4344 -26 253 170 -248 -31 7 -18
1533770736.2823012 602 608 636 600 659 583 6854 4520 10 166 260 42 -29 9 -15
1533770736.3604765 619 611 639 613 669 589 6880 4388 -130 246 -31 -260 -29 7 -15
1533770736.4210334 620 612 639 616 669 588 6806 4598 -78 129 54 -2 -27 9 -15
1533770736.4835665 623 612 639 620 672 590 6928 4334 -18 197 103 106 -29 7 -16
1533770736.577246 631 614 641 626 677 593 6714 4696 -90 315 301 164 -28 7 -15
1533770736.6084893 632 614 641 627 677 593 6976 4338 92 201 145 21 -28 7 -15
1533770736.6703227 632 614 641 627 677 593 6876 4504 -18 162 -96 -434 -29 8 -15
1533770736.7484295 627 612 640 622 673 591 6816 4486 -72 232 310 342 -29 6 -16
1533770736.810916 629 613 640 625 675 592 6702 4538 -106 84 -38 428 -32 7 -17
1533770736.8733995 630 613 641 626 675 592 6932 4358 36 -290 234 735 -26 9 -15
1533770736.9358857 630 613 640 626 675 592 6872 4406 -68 220 -82 -655 -26 8 -13
1533770737.0098135 629 612 640 626 674 592 6812 4484 -112 143 171 144 -28 7 -16
1533770737.0698397 629 612 640 626 674 592 6844 4388 18 189 163 -136 -26 8 -15
1533770737.1416605 628 611 640 626 674 592 6854 4488 -118 213 237 193 -29 8 -16
1533770737.2475982 629 611 640 626 674 592 6882 4346 6 143 51 -8 -27 7 -17
1533770737.2788427 628 611 640 625 673 592 6830 4436 -62 287 152 -126 -27 7 -14
1533770737.3257084 629 611 640 626 674 592 6876 4424 -18 203 63 6 -28 8 -16
1533770737.38819 630 612 640 626 674 592 6864 4368 -134 251 192 149 -28 10 -17
1533770737.4506755 630 612 640 626 675 592 6844 4424 0 299 -12 -264 -26 9 -16
1533770737.5131955 630 612 640 626 674 592 6818 4404 -170 157 218 34 -28 8 -14
1533770737.5756457 630 612 641 625 675 592 6894 4436 -6 277 199 67 -28 8 -14
1533770737.6536279 630 612 640 625 674 592 6880 4404 -100 295 138 28 -30 9 -18
1533770737.7176418 630 612 640 625 674 592 6886 4416 -48 257 100 -23 -28 5 -15
1533770737.7813501 630 612 640 628 674 592 6866 4442 -58 207 65 -71 -27 6 -16
1533770737.87508 631 612 640 627 674 592 6872 4392 -76 169 122 -107 -29 6 -15
1533770737.9098985 631 613 640 629 675 593 6824 4442 -66 235 163 -21 -27 8 -16
1533770737.972415 631 613 641 631 675 593 6808 4450 -102 266 139 26 -27 7 -15
1533770738.040836 631 612 640 631 674 592 6870 4378 -34 186 151 -62 -27 9 -14
1533770738.1033232 631 612 640 632 674 593 6838 4470 -164 266 215 120 -29 7 -16
1533770738.1700065 631 612 640 632 674 592 6946 4320 52 290 191 -131 -28 8 -15
1533770738.2324445 631 612 640 633 674 592 6800 4516 -62 279 213 239 -28 8 -16
1533770738.2949278 632 612 640 634 675 593 6888 4388 8 220 19 -102 -29 6 -16
1533770738.360383 631 612 640 634 674 593 6882 4444 -84 269 232 153 -29 6 -14
1533770738.422921 632 612 640 634 675 593 6852 4446 -12 253 109 -38 -27 9 -16
1533770738.5165975 632 612 641 634 675 593 6866 4434 -30 163 110 32 -28 8 -16
1533770738.5478406 632 613 641 634 675 593 6824 4494 -16 244 60 -52 -28 8 -15
1533770738.6103244 632 612 641 634 675 593 6864 4382 -120 186 155 26 -27 8 -16
1533770738.6869905 632 612 641 634 675 593 6870 4444 -56 203 139 44 -27 10 -17
1533770738.749476 633 612 640 635 675 593 6834 4468 -56 246 167 149 -29 11 -16
1533770738.8119595 633 613 641 635 675 593 6886 4408 -56 245 235 -18 -28 7 -14
1533770738.8744442 633 612 640 635 675 593 6864 4442 -4 144 43 -145 -27 7 -14
1533770738.9369307 633 612 641 635 675 593 6852 4414 -116 144 130 128 -28 7 -17
1533770739.014837 633 612 640 635 675 593 6850 4398 -38 218 76 -150 -28 6 -14
1533770739.0849707 633 612 641 635 675 593 6928 4430 -88 224 249 86 -28 9 -16
1533770739.1712937 632 612 641 635 675 593 6910 4336 -38 233 172 78 -27 9 -16
1533770739.2025383 633 612 641 635 675 593 6796 4440 -80 142 -47 -136 -27 10 -13
1533770739.2677453 633 612 640 635 675 593 6838 4450 -122 229 147 -67 -26 7 -16
1533770739.3301923 632 611 641 635 674 593 6852 4418 -36 193 163 4 -28 7 -16
1533770739.3916736 632 612 640 635 674 593 6852 4342 -130 160 57 14 -27 6 -15
1533770739.4541926 633 612 640 635 674 593 6846 4428 -2 207 102 15 -28 9 -15
1533770739.5167775 632 611 641 635 674 593 6886 4410 -136 133 91 -52 -27 9 -15
1533770739.594883 632 612 641 635 675 593 6870 4430 -104 241 218 99 -28 8 -15
1533770739.6537526 633 612 641 635 675 593 6822 4468 -44 222 208 87 -28 10 -15
1533770739.7162745 633 612 641 635 674 593 6856 4452 -8 225 198 61 -28 8 -15
1533770739.8099658 633 612 641 635 675 593 6866 4426 -2 276 122 -8 -27 7 -16
1533770739.841209 633 612 641 635 675 593 6848 4426 -78 190 102 -35 -29 8 -17
1533770739.903743 633 612 641 635 675 593 6864 4432 -54 162 149 93 -28 6 -18
1533770739.9661806 633 611 641 634 675 593 6834 4420 -22 241 84 -230 -29 8 -17
1533770740.0378613 633 611 640 634 674 593 6918 4298 -6 111 128 22 -27 6 -15
1533770740.1003482 633 612 641 635 675 593 6806 4484 -80 171 42 6 -28 8 -15
1533770740.1688507 633 611 641 635 675 593 6858 4426 -32 207 256 77 -28 9 -16
1533770740.2326424 633 612 641 635 674 593 6864 4414 -78 205 134 50 -27 8 -17
1533770740.2950811 633 611 641 635 675 593 6886 4390 -32 172 162 55 -26 6 -14
1533770740.3603377 633 611 641 634 675 593 6850 4418 -24 244 176 148 -27 8 -16
1533770740.454114 633 611 640 634 674 593 6822 4412 -64 204 104 -68 -27 9 -19
1533770740.485571 633 611 641 634 674 593 6930 4394 -42 201 61 -1 -28 8 -18
1533770740.548057 633 611 640 634 674 593 6912 4362 -118 170 164 -100 -27 7 -14
1533770740.610542 633 612 641 635 674 593 6906 4404 -94 342 133 -503 -27 4 -17
1533770740.685089 633 612 641 635 675 593 6842 4522 -94 244 231 78 -26 8 -16
1533770740.7475393 633 611 641 634 674 593 6830 4434 -96 198 98 99 -29 7 -16
1533770740.8100238 634 612 641 635 675 593 6930 4368 -76 166 158 40 -28 9 -16
1533770740.872509 633 611 641 634 675 593 6802 4508 -34 196 50 43 -27 7 -17
1533770740.9349952 633 612 641 635 674 593 6886 4432 -36 161 76 -94 -29 6 -15
1533770741.0068479 633 611 641 635 675 593 6842 4448 -22 201 181 105 -28 7 -16
1533770741.1057444 633 611 641 635 675 593 6742 4572 -28 166 128 -130 -28 7 -16
1533770741.139431 634 612 641 634 675 593 6904 4354 -142 196 -38 90 -26 9 -15
1533770741.2019315 634 612 641 635 676 593 6884 4506 -12 -129 -36 -487 -28 9 -16
1533770741.2644272 634 612 641 633 675 594 6702 4634 -128 333 147 -142 -27 7 -15
1533770741.3268645 634 611 640 632 675 593 6868 4468 -48 384 126 -184 -28 6 -16
1533770741.3916306 634 612 641 631 675 593 6872 4448 50 46 232 -192 -28 9 -17
1533770741.4541001 634 612 641 632 675 593 6826 4542 -182 418 222 47 -28 9 -18
1533770741.516878 634 612 641 631 675 593 6938 4292 62 189 99 51 -28 7 -17
1533770741.5793624 635 612 641 631 676 594 6768 4542 -98 80 -46 -269 -28 8 -16
1533770741.653803 635 613 641 631 676 594 6856 4474 -196 -71 -237 -900 -26 7 -16
1533770741.7475326 634 612 641 631 675 593 6768 4520 -134 -118 -74 -400 -27 5 -16
1533770741.7944448 634 612 641 630 675 594 6776 4552 -128 290 -203 -927 -28 9 -16
1533770741.8568819 634 612 641 630 675 593 6642 4694 -120 95 350 53 -28 8 -17
1533770741.9193668 634 612 641 630 675 593 6806 4532 -90 189 -1 -362 -31 8 -16
1533770741.9818506 634 612 641 629 675 593 6736 4620 -208 91 68 -76 -30 9 -17
1533770742.0419517 634 612 641 630 676 593 6648 4714 -42 266 100 145 -30 11 -16
1533770742.1044393 635 613 641 630 676 593 6752 4582 -156 226 94 -1 -26 7 -18
1533770742.1711369 635 613 641 630 676 594 6750 4598 -70 79 41 -193 -27 8 -15
1533770742.2468524 635 612 641 630 676 593 6732 4634 -154 155 -15 54 -31 9 -16
1533770742.3057518 635 612 641 629 676 593 6604 4710 -96 116 -70 -187 -29 8 -16
1533770742.423434 635 613 641 630 676 594 6696 4608 -234 36 -170 -144 -27 8 -15
1533770742.4546752 635 613 641 630 676 594 6802 4606 170 -36 -130 -262 -28 8 -18
1533770742.5015402 635 612 641 630 676 594 6578 4820 -196 200 -217 -508 -29 8 -16
1533770742.5701244 635 613 641 630 676 594 6796 4590 -126 -35 -189 344 -29 7 -17
1533770742.6480558 635 612 641 631 676 594 6794 4532 -220 -21 100 531 -29 7 -15
1533770742.7033193 635 613 641 631 676 594 6740 4686 -200 82 187 217 -28 5 -16
1533770742.77815 635 612 641 630 676 594 6738 4606 168 50 -94 -216 -29 5 -18
1533770742.8364513 635 613 641 630 676 593 6750 4634 -150 -102 -263 -123 -28 5 -16
1533770742.8989358 635 612 641 630 676 594 6792 4600 -244 81 -146 -218 -28 7 -15
1533770742.9797778 635 613 641 630 676 594 6770 4596 -40 134 27 -438 -26 5 -17
1533770743.0761898 635 613 641 630 676 594 6738 4624 -200 -5 -9 -317 -28 5 -18
1533770743.1074338 635 613 641 630 676 594 6670 4686 -192 140 89 19 -26 6 -16
1533770743.1711974 635 613 641 631 676 594 6658 4698 -204 380 29 -234 -29 7 -17
1533770743.2388124 636 613 641 632 676 594 6718 4576 -178 75 32 -361 -26 6 -18
1533770743.2887664 635 612 641 632 676 594 6642 4750 -24 239 166 -3 -27 7 -16
1533770743.3606975 635 612 641 632 675 593 6742 4686 -180 134 191 50 -28 7 -18
1533770743.423184 634 611 641 632 675 593 6722 4638 -232 248 106 -85 -29 6 -16
1533770743.4992075 634 611 641 632 675 593 6794 4602 -150 93 -79 -236 -30 4 -17
1533770743.5665188 635 611 641 633 675 593 6560 4878 -102 265 213 -323 -26 7 -18
1533770743.6198401 634 612 641 632 675 593 6720 4720 -104 268 281 419 -29 6 -15
1533770743.7552557 635 612 641 633 675 594 6712 4632 -136 53 17 -548 -29 6 -15
1533770743.786498 635 612 641 633 676 594 6652 4800 -260 358 -16 -199 -26 6 -18
1533770743.817741 635 612 641 632 676 594 6756 4610 -198 86 136 -156 -27 8 -19
1533770743.8892732 635 612 641 633 676 594 6568 4796 -214 80 89 15 -27 6 -17
1533770743.9597855 635 612 641 633 676 594 6676 4720 -186 170 224 142 -29 7 -20
1533770744.0256104 636 612 641 633 676 594 6634 4812 -134 222 87 -110 -28 4 -17
1533770744.0874944 635 612 641 633 676 594 6630 4778 -260 249 171 110 -29 6 -18
1533770744.1576293 635 612 641 633 676 594 6670 4726 -170 273 67 -161 -30 7 -17
1533770744.2186315 635 612 641 633 676 594 6746 4678 -170 187 195 43 -31 8 -16
1533770744.2887325 635 612 641 633 676 594 6620 4810 -142 348 161 -87 -28 6 -17
1533770744.3767955 635 612 641 633 675 594 6640 4736 -124 127 144 22 -30 7 -17
1533770744.4080393 635 611 641 634 676 594 6736 4678 -170 290 64 -98 -28 7 -16
1533770744.470525 635 611 641 634 675 594 6658 4700 -158 158 126 6 -28 8 -17
1533770744.5472836 635 611 641 634 675 594 6618 4788 -108 237 190 70 -30 6 -18
1533770744.6127455 635 611 641 634 676 594 6752 4610 -174 227 166 -82 -27 7 -17
1533770744.6720536 636 611 641 634 676 594 6594 4776 -166 200 233 274 -33 7 -17
1533770744.7444677 636 612 641 634 676 594 6694 4692 -220 236 63 -16 -29 8 -17
1533770744.8040366 636 611 641 634 676 594 6684 4736 -150 314 178 -117 -31 6 -18
1533770744.8665228 636 611 641 634 676 594 6592 4794 -206 203 304 327 -29 5 -17
1533770744.9290073 636 611 641 634 676 594 6664 4736 -258 294 43 -170 -29 9 -17
1533770745.0388415 636 612 641 634 676 594 6658 4750 -196 253 149 -75 -30 6 -18
1533770745.0700839 636 612 641 634 676 594 6710 4752 -56 182 164 -22 -31 8 -17
1533770745.1399822 636 612 641 634 676 594 6646 4752 -202 218 168 111 -28 7 -17
1533770745.2062683 636 612 641 635 676 594 6668 4772 -124 228 82 -245 -28 7 -18
1533770745.2722085 635 611 641 635 676 594 6578 4780 -224 203 351 316 -30 7 -17
1533770745.3377109 635 611 641 635 675 594 6770 4610 -194 149 190 101 -28 9 -18
1533770745.3933232 635 611 641 635 675 594 6636 4772 -106 260 179 -63 -29 6 -16
1533770745.4558065 635 611 641 635 675 594 6684 4728 -100 184 273 317 -30 6 -14
1533770745.5362175 635 611 641 635 675 593 6724 4688 -148 180 19 -309 -30 8 -16
1533770745.5864675 634 611 641 635 675 594 6734 4664 -194 130 185 97 -29 8 -17
1533770745.7014017 635 611 641 635 675 594 6678 4720 -196 153 79 10 -28 6 -17
1533770745.7460372 635 612 641 634 675 593 6616 4804 -184 171 22 -149 -28 7 -15
1533770745.788202 635 612 641 635 676 594 6688 4694 -204 134 193 71 -28 7 -17
1533770745.850687 635 612 641 634 675 594 6696 4748 -106 247 176 48 -29 10 -17
1533770745.9132068 635 612 641 634 676 594 6708 4630 -176 193 192 149 -28 7 -15
1533770745.9928627 633 612 641 633 674 593 6722 4604 -124 133 466 46 -28 7 -18
1533770746.0584059 626 610 640 627 670 591 6668 4614 -186 262 -176 -312 -29 7 -17
1533770746.1208897 633 611 641 633 674 593 6718 4598 -50 172 65 -538 -29 4 -17
1533770746.1945617 662 625 648 685 671 676 6710 4530 -142 125 -459 -1046 -29 7 -18
1533770746.266692 651 623 647 664 662 679 6746 4788 -14 -796 -632 -2316 -29 8 -17
1533770746.3605618 681 627 650 695 678 694 6470 5062 -128 -144 13 -1033 -30 10 -16
1533770746.391804 678 626 648 699 674 698 6418 5080 146 1151 319 225 -30 8 -19
1533770746.4542897 657 617 643 685 657 692 6514 4940 -290 184 306 422 -32 7 -19
1533770746.5318596 651 615 642 684 655 686 6588 4924 -220 200 350 -121 -28 7 -16
1533770746.587222 652 616 643 685 657 684 6518 5208 -408 752 786 -669 -30 9 -19
1533770746.6545372 661 619 646 689 668 676 6324 4940 -70 -984 -2400 -2566 -30 7 -15
1533770746.735946 653 615 645 668 670 642 7116 4384 460 891 595 1387 -31 8 -17
1533770746.8026435 626 606 639 635 667 594 6450 4972 -268 88 -702 -867 -29 7 -16
1533770746.8651297 621 606 638 630 664 590 6380 5084 -168 10 -189 -133 -32 8 -16
1533770746.927664 625 607 639 633 667 592 6534 4972 -204 264 4 27 -31 10 -18
1533770747.0373287 626 607 640 633 667 592 6432 5062 -196 268 178 132 -30 7 -17
1533770747.0540504 626 606 639 633 667 592 6416 5048 -176 242 115 81 -31 8 -18
1533770747.1165366 625 607 640 633 667 591 6488 5024 -220 206 116 263 -32 9 -17
1533770747.1945875 625 607 639 632 667 591 6464 4964 -258 199 88 29 -32 7 -18
1533770747.2590704 624 606 639 631 666 591 6456 5010 -142 249 178 59 -31 9 -18
1533770747.319562 622 606 639 630 665 590 6472 4982 -180 217 158 -10 -31 9 -19
1533770747.3764749 625 607 640 632 667 591 6448 5026 -240 218 -31 35 -31 8 -17
1533770747.454582 626 607 640 633 667 591 6468 4958 -152 156 70 -54 -31 9 -17
1533770747.520195 626 607 640 633 668 591 6450 5062 -234 206 165 65 -32 6 -16
1533770747.5864036 626 607 640 633 668 592 6422 4992 -130 145 151 -27 -32 8 -18
1533770747.6880922 626 607 640 633 667 591 6462 5022 -254 189 67 116 -31 9 -17
1533770747.7193346 626 607 640 633 668 591 6502 4996 -114 254 185 51 -30 7 -17
1533770747.7816625 626 607 640 633 668 591 6462 4940 -246 173 111 -53 -29 8 -17
1533770747.8355856 626 607 640 633 668 592 6434 5058 -154 199 193 134 -31 8 -17
1533770747.9136934 626 607 640 633 668 592 6464 4994 -202 273 233 215 -32 7 -19
1533770747.9794688 626 607 640 633 668 592 6514 4980 -94 116 73 -185 -34 10 -17
1533770748.041 626 607 640 633 668 592 6454 4996 -204 176 138 106 -30 7 -17
1533770748.103485 626 607 640 633 668 592 6558 4934 -168 178 122 31 -31 11 -20
1533770748.1699927 626 607 640 633 668 592 6462 4988 -208 299 248 -6 -31 8 -17
1533770748.2425146 626 607 640 633 668 592 6482 5030 -158 162 84 -116 -31 9 -16
1533770748.3366618 627 607 640 633 668 592 6556 4942 -126 222 92 -34 -32 9 -17
1533770748.3760252 627 607 641 633 668 592 6480 5014 -260 311 283 254 -30 7 -19
1533770748.4385114 627 607 640 634 669 592 6518 4946 -186 168 29 -85 -32 8 -16
1533770748.504853 627 607 641 634 669 592 6480 5006 -202 186 151 -22 -32 9 -18
1533770748.5679584 627 607 640 634 668 592 6512 4952 -130 151 133 43 -29 7 -16
1533770748.6359093 627 607 641 634 669 592 6510 4936 -214 174 41 -117 -30 7 -18
1533770748.687499 627 607 641 634 669 592 6498 4968 -90 105 219 23 -31 9 -17
1533770748.7545154 627 607 641 634 669 592 6538 4926 -232 227 218 44 -32 8 -16
1533770748.8170016 627 607 641 634 669 592 6462 4942 -162 258 217 300 -31 7 -17
1533770748.895108 627 608 641 634 669 592 6460 5002 -206 234 169 186 -32 9 -18
1533770748.9957554 627 607 641 634 669 592 5198 3580 580 102 628 546 -31 10 -19
1533770749.0296996 627 607 640 634 668 592 6500 5024 -234 158 -38 -257 -30 8 -19
1533770749.085659 626 606 640 632 667 591 6546 5028 -162 237 411 -70 -30 8 -18
1533770749.1618557 674 622 649 684 677 668 6376 5052 -46 -365 490 143 -30 8 -16
1533770749.2282066 663 620 647 679 670 672 6502 4980 -150 109 290 -150 -30 7 -17
1533770749.2947156 668 620 646 683 672 673 6558 5016 -134 168 497 214 -30 8 -16
1533770749.3611717 650 616 644 678 654 687 6506 5048 -142 372 455 -287 -29 8 -17
1533770749.423658 681 621 646 709 675 692 6414 4956 74 222 56 -336 -30 10 -16
1533770749.4931266 673 616 644 704 670 681 6532 5014 -230 551 -90 -145 -30 8 -16
1533770749.552652 680 619 646 713 672 692 6592 5034 -84 305 -433 -263 -32 9 -17
1533770749.6541905 673 618 646 702 671 678 6382 5234 -346 -686 -573 -663 -32 8 -20
1533770749.687903 649 612 642 676 666 651 6552 4428 -202 -323 -568 -1 -30 7 -20
1533770749.7604427 617 602 638 633 658 591 6654 4740 20 742 373 142 -29 6 -18
1533770749.818411 618 602 638 633 660 589 6336 5132 -326 176 -275 -236 -30 8 -18
1533770749.8808649 619 603 638 633 661 589 6422 4974 -258 248 109 -148 -30 6 -19
1533770749.958972 620 603 639 634 661 590 6522 5062 -186 277 126 48 -31 8 -17
1533770750.0267851 620 603 639 634 662 590 6492 4934 -210 278 305 384 -31 8 -16
1533770750.0896876 620 603 639 633 661 590 6474 5046 -282 220 -142 44 -31 7 -18
1533770750.157919 620 604 639 632 662 590 6520 4954 -170 259 127 48 -30 7 -17
1533770750.2228203 621 604 639 633 662 590 6510 4976 -232 271 182 12 -31 6 -19
1533770750.318496 621 604 639 633 662 590 6420 5018 -262 341 184 201 -33 7 -18
1533770750.3552804 622 604 639 633 663 590 6526 4916 -214 178 21 -161 -32 7 -20
1533770750.407558 623 604 639 634 664 590 6466 5016 -292 261 3 -89 -29 8 -16
1533770750.4844406 623 605 640 634 664 590 6478 4950 -148 141 37 -218 -31 6 -17
1533770750.5372112 623 604 640 634 664 591 6524 4954 -174 189 0 -115 -31 7 -16
1533770750.599696 624 605 640 635 665 591 6426 5038 -222 160 93 64 -32 7 -16
1533770750.6723382 624 605 640 634 665 591 6490 5012 -150 257 114 -176 -32 7 -18
1533770750.7444687 624 605 640 635 665 591 6468 4974 -276 66 92 112 -31 8 -19
1533770750.8031592 624 606 640 635 665 591 6422 5068 -262 150 154 60 -31 8 -18
1533770750.8812156 624 606 640 635 665 591 6484 5022 -300 304 288 231 -32 6 -20
1533770750.9593227 624 606 640 635 665 591 6466 5024 -190 156 177 -11 -30 6 -18
1533770751.0064592 625 606 640 635 665 591 6542 4938 -194 175 85 -92 -30 6 -17
1533770751.0696828 624 605 640 635 665 591 6506 4928 -220 203 110 -1 -31 8 -17
1533770751.1355498 624 605 640 635 665 591 6442 5026 -246 289 203 65 -31 8 -19
1533770751.1859863 624 606 640 634 665 591 6482 4968 -232 235 192 80 -31 8 -19
1533770751.2551582 624 605 640 634 665 591 6448 4934 -240 173 179 6 -31 8 -18
1533770751.3176427 624 605 640 635 665 591 6500 5022 -274 246 140 -4 -32 8 -20
1533770751.3927898 624 605 640 635 665 591 6408 5054 -184 135 100 -44 -31 7 -19
1533770751.4552767 625 606 640 635 665 591 6570 4834 -198 22 154 160 -30 8 -18
1533770751.5281816 625 605 641 635 665 591 6472 4980 -202 340 116 -155 -30 7 -19
1533770751.617582 625 606 640 635 665 591 6502 4966 -284 133 172 164 -30 8 -18
1533770751.6642902 625 606 640 635 666 591 6570 4902 -216 153 55 -102 -31 7 -19
1533770751.7243645 625 605 640 635 666 591 6482 4982 -208 234 269 70 -31 6 -18
1533770751.7870514 625 606 641 635 665 591 6468 5038 -130 230 220 110 -32 6 -17
1533770751.8496864 625 606 640 635 666 591 6552 4930 -332 179 174 51 -31 10 -19
1533770751.9120781 625 606 641 635 666 591 6448 5046 -166 283 282 195 -30 7 -19
1533770751.9890938 625 606 640 635 666 591 6456 5042 -288 235 206 111 -29 6 -17
1533770752.0390818 625 606 641 635 666 591 6536 4898 -210 198 147 11 -31 7 -18
1533770752.1174474 625 606 641 635 666 591 6504 4954 -224 249 291 30 -31 6 -18
1533770752.170462 625 606 641 635 666 591 6502 4988 -210 263 120 43 -31 7 -17
1533770752.2698243 625 605 641 635 665 591 6530 4996 -162 399 -129 -479 -31 7 -18
1533770752.3186367 624 605 640 635 665 591 6450 5058 -222 497 118 -350 -31 6 -18
1533770752.3768353 623 604 639 634 663 590 6498 5024 -332 231 712 178 -31 8 -17
1533770752.43932 664 619 648 688 669 672 6556 4910 -414 -321 392 -635 -32 9 -17
1533770752.5190995 671 620 648 692 669 684 6472 5036 -196 80 468 -329 -30 6 -16
1533770752.569596 667 619 646 688 667 677 6480 4960 -94 80 40 -441 -29 9 -18
1533770752.647631 650 615 643 677 655 675 6468 5026 -164 64 599 373 -31 9 -16
1533770752.701572 682 620 647 708 671 693 6414 5138 -90 74 490 70 -30 8 -15
1533770752.7702768 682 619 646 711 669 697 6464 5158 -104 132 148 -23 -32 10 -16
1533770752.832721 681 621 646 713 669 697 6506 4978 -168 585 -322 -715 -31 9 -14
1533770752.9266815 675 620 646 705 670 683 6386 5306 -190 115 -913 -530 -30 8 -18
1533770752.9783573 615 605 638 640 650 610 6344 4696 70 -143 681 997 -32 9 -16
1533770753.0425994 590 598 634 609 642 581 6670 4744 -56 301 -537 -979 -30 7 -17
1533770753.10523 593 599 635 609 643 580 6232 5312 -296 539 -397 -1080 -33 9 -16
1533770753.1711671 595 599 635 611 645 581 6296 5180 -308 232 366 698 -31 11 -16
1533770753.2499294 594 601 637 627 656 587 6498 5016 -116 136 -123 -273 -32 9 -17
1533770753.303566 621 604 639 635 661 590 6432 5022 -138 104 44 -129 -31 8 -18
1533770753.377775 622 604 639 635 661 590 6306 5194 -222 166 87 338 -31 10 -19
1533770753.4405258 622 603 639 635 661 590 6414 5078 -204 224 120 -141 -34 9 -18
1533770753.5129287 622 604 640 636 662 591 6386 5116 -42 266 171 85 -32 7 -20
1533770753.5860007 623 604 640 636 662 591 6454 4958 -282 118 176 186 -33 9 -18
1533770753.6474414 623 604 640 636 662 591 6390 5148 -182 219 -105 -125 -32 11 -17
1533770753.701787 623 604 640 636 662 591 6458 5018 -232 53 150 95 -34 8 -18
1533770753.777794 623 604 640 636 662 591 6400 5072 -204 321 265 273 -32 9 -17
1533770753.8357046 623 604 640 636 663 591 6478 4952 -118 -45 64 258 -31 8 -16
1533770753.8984087 624 604 640 636 663 591 6438 5046 -290 230 117 43 -31 8 -19
1533770753.9724255 624 604 640 636 663 591 6430 5130 -280 238 95 78 -31 10 -17
1533770754.038638 624 604 640 636 663 591 6464 5018 -72 159 102 -182 -31 8 -17
1533770754.1013832 624 604 640 636 663 591 6476 4998 -250 245 113 83 -33 10 -18
1533770754.1692257 624 604 640 636 663 591 6386 5068 -120 145 171 1 -31 9 -17
1533770754.2505205 623 604 640 636 663 591 6448 5044 -290 290 178 2 -31 8 -18
1533770754.2886448 623 604 640 636 663 591 6474 5048 -172 220 237 81 -33 8 -18
1533770754.3621302 623 604 641 636 663 591 6474 4968 -258 185 168 70 -31 9 -17
1533770754.4247868 624 604 640 636 663 591 6402 5074 -224 275 112 15 -32 8 -17
1533770754.4922442 624 604 640 636 663 591 6394 5102 -284 203 156 25 -31 8 -17
1533770754.5547848 624 604 641 636 663 591 6426 5018 -206 277 178 52 -31 8 -17
1533770754.6229656 623 603 640 636 663 590 6450 5068 -262 223 234 138 -31 8 -18
1533770754.6882145 624 604 640 636 663 591 6398 5028 -246 225 104 -55 -31 8 -18
1533770754.7549963 624 604 640 636 663 592 6408 5080 -216 299 241 131 -31 8 -17
1533770754.8181412 624 604 640 636 663 592 6530 4972 -112 191 12 37 -30 8 -17
1533770754.895993 624 604 640 637 664 592 6432 4996 -252 121 7 -233 -32 7 -16
1533770754.9428585 625 604 641 637 664 592 6368 5140 -220 163 54 -70 -33 8 -16
1533770755.0122907 625 604 641 637 664 592 6524 4912 -238 208 78 39 -32 7 -18
1533770755.069828 625 604 640 637 664 592 6434 5040 -192 265 259 33 -33 7 -19
1533770755.1439526 625 605 641 637 664 592 6420 5052 -230 306 144 162 -32 9 -19
1533770755.203407 625 605 641 637 664 592 6440 5020 -204 179 63 -223 -34 7 -17
1533770755.2724447 625 604 640 637 664 592 6432 4998 -284 156 198 108 -32 9 -17
1533770755.3349826 625 605 641 637 664 592 6416 5046 -234 216 162 81 -32 9 -19
1533770755.3928604 625 604 641 637 664 592 6490 4962 -196 158 51 -96 -32 7 -18
1533770755.4709697 625 605 641 637 664 592 6384 5036 -234 119 76 -79 -30 8 -17
1533770755.5539904 625 605 641 637 664 592 6446 5042 -230 151 190 197 -31 10 -19
1533770755.6008568 624 604 640 636 664 592 5674 5140 -824 609 1181 713 -33 9 -18
1533770755.6717093 624 604 640 637 663 591 6484 5052 -194 268 -196 -1072 -30 7 -19
1533770755.7402058 623 603 640 636 662 590 6482 5010 -200 312 41 -406 -30 8 -19
1533770755.8035944 665 616 647 688 670 662 6410 4968 -348 430 654 -696 -32 9 -18
1533770755.8660624 675 622 648 701 674 686 6426 5146 -62 -414 340 -53 -32 8 -18
1533770755.9285483 667 619 646 692 667 672 6488 5138 -118 127 411 -63 -30 8 -17
1533770756.0071921 670 619 646 697 666 681 6334 5200 -172 360 -223 -682 -30 8 -16
1533770756.071402 666 617 645 692 664 664 6428 5080 -112 13 431 225 -30 9 -18
1533770756.1397407 669 617 646 694 667 683 6356 5152 -64 166 -326 -209 -32 9 -17
1533770756.2174516 670 619 647 699 668 676 6234 5588 -390 -624 -1525 -749 -32 9 -18
1533770756.2752304 628 605 640 648 660 609 6158 5440 42 78 2979 3245 -31 11 -18
1533770756.3354013 618 602 638 633 658 590 6456 4930 38 124 -786 -1307 -31 9 -17
1533770756.4084132 620 605 639 633 660 590 6168 5380 -438 233 -35 -267 -32 7 -18
1533770756.4708667 622 604 639 635 661 591 6482 5042 -82 140 235 260 -31 11 -19
1533770756.5385787 622 605 639 635 662 591 6396 5082 -208 239 68 -6 -31 8 -18
1533770756.6036813 623 605 640 636 662 591 6344 5138 -144 167 6 -65 -30 8 -17
1533770756.6679955 624 605 640 636 662 591 6422 5066 -248 144 78 109 -31 7 -18
1533770756.718172 624 605 640 636 663 591 6382 5126 -46 260 98 57 -32 8 -17
1533770756.796068 624 605 640 636 663 591 6452 5040 -170 326 210 118 -31 7 -16
1533770756.8743536 624 604 640 636 663 592 6284 5156 -262 215 85 37 -32 7 -17
1533770756.9210014 624 605 640 636 663 591 6420 5082 -102 103 -69 -270 -31 9 -16
1533770756.9924324 625 606 640 636 664 592 6396 5084 -192 239 177 78 -30 8 -16
1533770757.054108 624 605 640 635 664 590 6332 5150 -148 201 104 19 -31 8 -16
1533770757.122217 625 605 640 635 664 590 6434 5034 -176 154 82 -86 -31 9 -16
1533770757.1871314 624 604 640 635 664 590 6404 5052 -194 211 221 163 -31 11 -16
1533770757.2563365 624 604 640 635 664 590 6404 5098 -202 205 104 -110 -31 9 -17
1533770757.3196335 624 604 640 635 664 590 6378 5116 -228 246 225 194 -32 8 -18
1533770757.3770692 624 604 640 635 664 590 6438 5058 -134 191 91 -159 -30 9 -18
1533770757.439545 624 604 640 635 664 590 6388 5086 -186 204 110 78 -31 7 -19
1533770757.5528293 624 604 641 636 664 591 6448 4996 -96 138 107 -109 -31 8 -16
1533770757.5873146 624 604 640 635 664 590 6392 5032 -256 245 245 217 -30 7 -16
1533770757.6524677 624 604 640 635 664 590 6420 5098 -156 216 106 -125 -31 9 -18
1533770757.703778 624 604 640 635 663 590 6366 5140 -122 264 298 36 -30 5 -17
1533770757.7820823 624 604 640 635 663 590 6432 5018 -186 191 240 44 -31 9 -17
1533770757.8443713 624 604 640 635 664 590 6402 5096 -126 130 -70 -232 -29 9 -17
1533770757.9071162 624 604 640 635 664 590 6356 5168 -246 236 253 220 -31 7 -17
1533770757.9813912 624 604 640 636 664 590 6398 5070 -150 226 33 -135 -30 8 -18
1533770758.040571 624 604 641 636 664 590 6438 5058 -178 166 80 -37 -32 9 -17
1533770758.1032426 624 604 641 636 664 591 6430 5056 -186 182 150 -52 -32 9 -20
1533770758.187431 625 605 641 636 664 591 6278 5234 -182 174 148 101 -29 7 -17
1533770758.2440698 625 605 641 636 664 591 6520 4918 -172 179 -9 -67 -31 8 -18
1533770758.3022974 625 605 641 636 665 591 6408 5118 -96 161 250 18 -30 8 -17
1533770758.3615968 625 605 641 636 665 591 6344 5086 -236 244 147 179 -31 7 -20
1533770758.4397032 626 606 641 636 665 591 6454 5034 -198 223 45 -184 -32 9 -18
1533770758.5058024 625 605 641 636 665 591 6340 5162 -202 244 221 143 -30 9 -17
1533770758.5691595 625 605 641 636 665 591 6410 5060 -186 276 157 59 -31 7 -18
1533770758.6358197 625 605 641 636 665 591 6400 5112 -198 173 69 -195 -31 8 -18
1533770758.6874797 625 605 640 636 665 591 6376 5134 -196 210 176 96 -32 8 -19
1533770758.7675254 626 605 641 636 665 591 6424 5054 -160 192 37 -152 -32 8 -18
1533770758.834081 626 605 641 636 665 591 6442 5056 -170 148 109 42 -33 10 -15
1533770758.896824 626 605 641 636 665 591 6440 5076 -142 199 231 215 -31 7 -18
1533770758.959291 626 605 641 636 665 591 6406 5040 -214 167 93 -6 -30 8 -19
1533770759.025845 626 605 641 636 665 591 6384 5100 -238 242 81 7 -32 8 -19
1533770759.0860894 626 605 641 636 665 591 6410 5108 -182 196 218 169 -33 8 -18
1533770759.1569521 626 605 641 637 665 591 6412 5082 -50 150 12 -266 -31 7 -18
1533770759.224178 626 605 641 636 665 591 6512 5020 -214 210 -47 -12 -32 10 -15
1533770759.287796 626 605 641 636 665 591 6464 4974 -86 277 316 137 -30 8 -17
1533770759.3570914 625 605 641 636 665 591 6086 4786 -170 621 -72 -507 -31 10 -19
1533770759.4084053 625 605 641 637 664 591 6362 4956 -250 829 271 -46 -30 7 -18
1533770759.513383 625 604 640 637 664 590 6344 5036 6 -231 222 -226 -31 7 -17
1533770759.552679 624 603 639 636 662 589 6362 5038 -226 718 214 0 -31 10 -16
1533770759.6151624 624 604 639 636 662 589 6208 5040 -220 765 120 -787 -32 9 -15
1533770759.6725178 679 622 649 698 673 680 6392 5044 -278 374 137 -51 -30 9 -19
1533770759.7519917 659 615 644 679 668 653 6472 5100 -166 238 410 244 -30 9 -16
1533770759.8022554 654 612 643 677 665 648 6472 5140 -166 71 223 -86 -32 8 -16
1533770759.8803635 655 612 643 677 665 649 6450 5074 -128 -43 -141 -529 -31 6 -17
1533770759.9429648 654 612 644 669 665 647 6328 5210 -308 -158 58 68 -33 10 -16
1533770760.019279 618 601 638 630 658 589 6296 5282 -484 -351 -553 -88 -29 7 -18
1533770760.0852015 619 601 639 634 659 589 6722 4748 224 1036 1321 1413 -32 8 -17
1533770760.1703093 618 601 639 633 658 588 6378 5092 -264 273 67 80 -32 8 -17
1533770760.217175 620 602 639 635 660 589 6210 5298 -188 -22 -187 -165 -31 8 -17
1533770760.2833793 621 602 639 635 660 589 6452 5048 -186 213 42 44 -33 8 -19
1533770760.3353634 621 602 640 635 660 589 6386 5100 -164 197 122 -84 -31 8 -19
1533770760.408472 621 602 640 635 661 589 6342 5134 -216 183 67 -58 -32 8 -18
1533770760.470995 622 602 640 635 661 589 6374 5166 -130 161 88 2 -31 9 -18
1533770760.5372624 621 602 640 634 661 589 6414 5052 -204 197 66 -162 -32 8 -17
1533770760.6088183 620 602 639 633 660 589 6360 5128 -270 217 160 43 -32 10 -16
1533770760.6702461 621 602 640 633 660 589 6314 5162 -224 229 123 133 -32 9 -21
1533770760.7399344 620 602 640 633 660 589 6380 5098 -246 159 89 -99 -32 7 -19
1533770760.8183155 621 602 640 633 661 589 6358 5112 -194 227 110 -158 -32 8 -19
1533770760.8652418 621 602 640 634 661 589 6474 4948 -274 121 134 -10 -30 9 -16
1533770760.9276655 621 602 640 634 660 590 6346 5250 -208 292 -54 -73 -31 8 -17
1533770761.0050414 622 602 640 634 661 590 6444 5036 -146 196 125 -55 -31 9 -19
1533770761.0708666 621 602 640 634 661 590 6354 5170 -254 268 137 144 -29 8 -17
1533770761.138677 621 602 640 633 660 589 6448 4998 -322 230 -103 -380 -31 9 -18
1533770761.2017033 621 602 640 634 661 589 6382 5114 -70 228 143 -52 -30 7 -17
1533770761.269064 622 602 640 634 661 590 6282 5166 -338 150 188 48 -29 8 -17
1533770761.3350961 622 602 640 634 661 590 6428 5072 -134 278 188 -28 -31 7 -17
1533770761.3917246 621 602 640 634 661 589 6318 5188 -124 212 283 35 -32 10 -20
1533770761.48033 621 602 640 634 661 589 6314 5130 -322 262 161 55 -33 7 -19
1533770761.520371 621 601 640 633 660 589 6438 5110 -312 331 226 92 -31 9 -17
1533770761.582857 620 601 640 633 661 589 6428 5072 -232 166 61 -44 -30 8 -17
1533770761.6614783 620 601 640 634 661 590 6394 5062 -130 208 193 -88 -32 7 -17
1533770761.7246675 621 602 640 634 660 589 6402 5122 -152 95 82 -3 -30 8 -17
1533770761.7875917 620 602 640 634 661 589 6352 5196 -184 185 150 85 -32 10 -17
1533770761.8500795 621 602 640 634 660 590 6410 5122 -214 174 97 -45 -31 7 -19
1533770761.912783 620 602 640 634 660 589 6406 5116 -158 226 88 -203 -30 8 -17
1533770761.9878395 620 601 640 633 660 589 6334 5164 -254 259 246 194 -32 10 -17
1533770762.0420704 620 602 640 634 661 590 6442 5052 -98 190 68 -211 -32 9 -18
1533770762.1201763 621 602 640 634 661 590 6296 5200 -276 222 134 53 -30 9 -17
1533770762.1715474 621 602 641 634 661 590 6450 5092 -180 133 127 -19 -31 10 -16
1533770762.2502553 621 602 640 634 661 590 6364 5104 -182 213 110 61 -30 7 -16
1533770762.3035343 621 602 641 634 661 590 6418 5102 -212 183 140 -86 -31 8 -18
1533770762.3767493 621 602 640 634 661 590 6412 5074 -196 187 103 -24 -31 6 -19
1533770762.4394972 622 602 641 634 661 590 6390 5144 -176 163 119 -181 -32 7 -16
1533770762.5162392 623 602 641 635 662 590 6346 5170 -250 168 -59 -463 -31 9 -18
1533770762.5691473 623 602 641 635 662 590 6360 5144 -132 62 -21 -282 -32 7 -18
1533770762.6461623 623 602 640 635 662 590 6356 5188 -180 156 4 116 -32 9 -18
1533770762.701374 623 602 641 635 662 590 6220 5242 -244 157 87 -255 -32 9 -18
1533770762.7869508 623 602 641 636 662 590 6424 5104 -148 198 164 33 -31 10 -18
1533770762.8338158 623 602 641 635 662 590 6380 5118 -218 257 331 21 -29 9 -19
1533770762.8963003 623 602 641 636 662 590 6346 5130 -192 205 65 72 -33 11 -17
1533770762.9754188 623 602 641 636 662 591 6318 5196 -154 209 -74 -242 -33 9 -17
1533770763.0422401 623 602 641 636 663 591 6360 5094 -242 148 191 353 -32 10 -18
1533770763.1069732 624 603 641 636 662 591 6432 5076 -100 195 205 331 -31 9 -17
1533770763.1766536 624 603 641 636 663 591 6386 5128 -266 324 148 -147 -31 11 -16
1533770763.2415035 624 603 641 636 663 591 6450 5030 -134 238 156 27 -31 7 -17
1533770763.301827 624 603 641 636 663 591 6370 5052 -176 211 67 43 -32 10 -17
1533770763.362221 624 603 641 636 663 591 6346 5106 -172 64 -2 -179 -31 11 -18
1533770763.4403274 624 603 641 636 663 591 6370 5110 -230 173 132 -65 -30 8 -17
1533770763.5030966 624 602 641 636 663 590 6324 5096 -190 275 74 -59 -30 9 -17
1533770763.5681212 624 602 641 636 663 591 6426 5090 -156 170 11 -60 -32 8 -20
1533770763.6356034 624 603 641 636 663 591 6294 5152 -200 213 141 -125 -30 8 -18
1533770763.686091 624 603 641 636 663 591 6392 5106 -216 215 113 -16 -32 9 -16
1533770763.76955 624 603 641 636 663 591 6382 5042 -242 332 134 -201 -32 10 -18
1533770763.8341815 623 602 641 636 663 591 6292 5182 -76 197 88 -111 -32 9 -18
1533770763.896694 624 603 641 636 663 591 6354 5144 -284 176 54 -87 -29 9 -17
1533770763.9650388 624 603 641 636 663 591 6368 5148 -188 217 38 -192 -32 9 -19
1533770764.0317664 624 603 641 636 663 591 6394 5110 -174 229 191 -30 -31 8 -16
1533770764.1245186 624 602 641 636 663 591 6338 5154 -252 235 3 -200 -32 7 -19
1533770764.1654088 624 603 641 636 663 591 6442 5052 -164 256 128 19 -32 9 -19
1533770764.2224576 624 603 641 636 663 591 6296 5230 -176 2 58 96 -32 6 -18
1533770764.2885306 625 603 641 636 663 591 6286 5224 -300 222 21 -171 -31 8 -20
1533770764.3509166 624 603 641 636 663 591 6482 5122 2 172 105 17 -31 8 -19
1533770764.4071965 625 603 641 636 663 591 6366 5088 -214 136 328 259 -31 9 -19
1533770764.4805675 625 603 641 636 663 591 6378 5144 -70 55 74 -189 -29 9 -18
1533770764.5371733 624 603 641 636 663 591 6338 5192 -252 304 39 -107 -31 7 -19
1533770764.5998552 625 603 641 636 663 591 6332 5148 -106 198 84 200 -30 8 -17
1533770764.6715193 625 603 641 636 663 591 6380 5160 -216 131 87 -71 -30 9 -18
1533770764.7648535 624 603 641 636 663 591 6350 5190 -166 254 134 33 -30 10 -18
1533770764.8048518 625 603 641 636 663 591 6384 5054 -270 238 319 64 -32 10 -18
1533770764.8673384 625 603 641 637 663 591 6292 5206 -114 294 137 13 -31 7 -18
1533770764.9297912 625 603 641 636 663 591 6394 5118 -212 214 32 -29 -30 8 -17
1533770765.004268 625 603 641 636 663 591 6320 5196 -192 166 204 -1 -32 10 -18
1533770765.0567567 624 603 641 636 663 591 6238 5278 -160 217 -14 -84 -30 11 -17
1533770765.137318 624 603 641 636 663 591 6512 4994 -232 230 -1 -415 -31 8 -18
1533770765.2031832 625 603 641 636 663 591 6280 5194 -192 166 294 -65 -32 8 -18
1533770765.2534587 625 603 641 636 663 590 6262 5334 -124 307 29 100 -31 8 -19
1533770765.3352504 625 603 641 636 664 591 6392 5084 -316 352 431 191 -32 10 -19
1533770765.4230661 625 603 641 636 663 591 6296 5224 -178 472 393 -197 -31 9 -19
1533770765.4543388 625 603 641 636 663 591 6188 5322 -270 445 13 -4 -30 7 -18
1533770765.5326042 625 603 641 636 663 591 6354 5142 -250 265 101 -17 -33 7 -18
1533770765.598923 625 603 641 636 663 591 6400 5130 -234 355 156 -43 -33 9 -18
1533770765.665668 625 603 641 636 663 591 6338 5140 -128 130 -44 -409 -32 10 -19
1533770765.7182245 625 603 641 637 663 591 6348 5216 -208 66 27 51 -32 9 -17
1533770765.7964733 625 603 641 637 664 591 6192 5312 -170 148 71 -193 -31 10 -18
1533770765.858818 625 603 641 637 663 591 6304 5138 -206 176 176 47 -33 8 -19
1533770765.921302 625 603 641 636 664 591 6340 5174 -222 211 221 13 -33 9 -19
1533770765.9961433 625 603 641 637 664 591 6292 5238 -76 227 106 -226 -31 8 -18
1533770766.0908928 625 603 641 636 664 591 6238 5260 -476 227 108 364 -32 10 -18
1533770766.1746666 624 603 641 637 664 591 6358 5172 -106 88 248 -26 -33 10 -18
1533770766.207578 625 603 641 636 663 591 6284 5234 -352 414 252 696 -32 8 -17
1533770766.2564492 625 603 641 636 664 591 6434 5068 -210 250 84 -266 -30 9 -17
1533770766.3242657 625 602 641 636 664 591 6382 5106 -138 288 -4 -184 -31 11 -15
1533770766.3900971 625 603 641 636 663 591 6382 5130 -242 180 15 -366 -33 8 -19
1533770766.4559224 625 603 641 636 663 591 6166 5322 -178 49 9 -260 -31 10 -17
1533770766.5247443 625 603 641 637 664 591 6352 5136 -310 -64 -123 -233 -31 11 -18
1533770766.5905588 625 603 641 636 664 591 6278 5222 -160 76 238 -154 -30 8 -19
1533770766.6583726 625 603 641 637 664 591 6274 5314 -278 224 251 -206 -34 10 -18
1533770766.796005 625 603 641 636 663 591 6290 5230 -200 73 128 -135 -31 12 -18
1533770766.8349004 624 602 641 636 663 591 6262 5310 -178 178 -143 -327 -33 9 -19
1533770766.8658173 625 603 641 637 663 591 6228 5298 -148 374 86 -62 -32 10 -18
1533770766.920323 624 602 641 637 664 591 6338 5130 -308 340 122 206 -31 9 -17
1533770766.9878154 625 603 641 637 663 591 6324 5176 -144 344 283 292 -34 8 -17
1533770767.0545378 625 603 641 637 663 591 6246 5298 -250 455 35 -207 -32 9 -19
1533770767.1226718 625 602 641 637 664 591 6312 5168 -152 126 160 185 -34 9 -17
