1533766072.8154826 670 707 693 672 723 701 5718 4224 4110 364 841 -210 -82 66 -36
1533766072.8935916 670 707 693 672 723 701 5660 4150 4134 383 908 345 -81 69 -38
1533766072.9560757 673 707 694 676 725 705 5792 4044 4058 135 313 65 -80 68 -38
1533766073.028861 671 707 693 674 724 704 5706 4194 4176 159 400 41 -80 71 -36
1533766073.081808 671 706 693 674 724 703 5798 4168 4050 293 33 -138 -81 69 -36
1533766073.1567574 670 706 693 673 724 702 5614 4174 4086 -208 355 24 -81 69 -38
1533766073.2289402 670 706 693 672 723 701 5662 4126 4258 25 60 -285 -80 69 -36
1533766073.2947078 670 706 693 672 724 700 5758 4204 4016 -29 -69 33 -79 69 -36
1533766073.361041 671 707 693 675 724 704 5776 4118 4182 -51 466 -87 -80 70 -36
1533766073.4235253 672 707 694 676 725 705 5616 4186 4244 77 363 -105 -77 68 -35
1533766073.5139241 671 706 693 675 724 704 5698 4210 4082 89 -247 -100 -81 69 -34
1533766073.6339095 671 706 693 675 724 704 5754 4106 4322 96 310 -115 -79 69 -35
1533766073.6963944 672 707 693 675 724 705 5620 4176 4220 239 402 -60 -81 69 -37
1533766073.7432563 671 706 693 675 724 705 5692 4166 4156 195 155 151 -80 69 -35
1533766073.7831676 672 707 694 676 724 706 5628 4294 4156 244 223 -179 -77 69 -37
1533766073.8293374 673 707 694 677 724 706 5704 4080 4272 -14 606 95 -80 70 -34
1533766073.891981 672 707 694 676 724 705 5636 4100 4140 219 33 258 -77 70 -35
1533766073.9542341 672 706 693 676 724 706 5624 4178 4190 200 196 -129 -81 72 -36
1533766074.0329182 672 706 693 675 724 705 5744 4076 4132 197 130 22 -80 69 -34
1533766074.0978436 673 707 694 677 725 707 5610 4164 4204 88 131 -1 -80 72 -35
1533766074.17595 674 707 694 678 725 707 5646 4142 4462 12 -17 -135 -80 70 -34
1533766074.2230427 674 707 694 678 725 708 5686 4138 4078 614 -564 321 -82 69 -34
1533766074.2990007 680 715 695 680 730 708 5676 4144 4096 127 54 -56 -79 68 -35
1533766074.3613534 679 712 695 680 729 709 5702 4174 4186 119 351 24 -79 69 -34
1533766074.4240901 679 712 695 680 729 709 5742 4180 4118 260 -126 -167 -81 69 -34
1533766074.5024197 679 712 695 681 729 710 5734 4074 4214 -329 178 107 -81 68 -36
1533766074.5707035 678 711 695 680 729 710 5550 4164 4204 291 268 -241 -79 70 -36
1533766074.6373641 678 711 695 680 728 709 5750 4132 4240 343 -209 62 -80 70 -35
1533766074.6895096 678 711 695 680 728 709 5680 4156 4122 191 209 268 -80 70 -33
1533766074.7749698 677 711 694 680 728 709 5698 4142 4140 435 115 -203 -77 68 -36
1533766074.8445177 676 711 694 678 728 707 5654 4162 4174 87 206 166 -79 69 -35
1533766074.8913834 680 715 695 678 731 706 5696 4146 4126 433 225 83 -78 69 -36
1533766074.9711034 675 711 694 677 728 706 5772 4132 4188 301 -155 38 -80 70 -35
1533766075.0369284 673 708 694 676 726 705 5784 4190 4040 300 185 66 -79 72 -36
1533766075.0978825 674 709 694 677 726 706 5700 4192 4082 39 99 -2 -78 70 -36
1533766075.166921 675 709 694 677 726 706 5704 4114 4198 245 57 -95 -79 67 -35
1533766075.2293587 677 710 694 678 728 707 5708 4136 4126 113 242 63 -79 69 -37
1533766075.298749 676 710 694 678 727 708 5638 4222 4072 290 264 48 -81 70 -37
1533766075.3622022 676 710 694 679 727 709 5732 4128 4204 255 6 24 -80 68 -36
1533766075.4247255 679 713 695 680 729 709 5756 4150 4114 213 59 -33 -79 68 -35
1533766075.518624 690 724 697 685 740 712 5694 4194 4120 94 96 97 -79 68 -36
1533766075.5481098 680 714 695 681 730 710 5720 4130 4252 221 209 -108 -77 69 -37
1533766075.6262167 677 710 695 680 727 710 5710 4186 4112 139 345 113 -79 66 -33
1533766075.688958 677 710 694 680 728 710 5694 4126 4160 208 92 14 -79 70 -35
1533766075.7564695 679 711 695 682 729 711 5746 4166 4148 306 44 0 -80 69 -37
1533766075.8133612 678 711 694 681 729 710 5714 4146 4126 142 151 -95 -80 69 -34
1533766075.8760543 681 714 695 683 730 712 5640 4150 4252 208 185 -33 -78 71 -35
1533766075.9541376 679 710 695 682 728 713 5748 4120 4190 181 204 51 -80 69 -34
1533766076.0221195 677 709 694 682 727 713 5656 4208 4040 258 16 64 -80 68 -37
1533766076.0901537 678 709 695 682 727 712 5716 4106 4180 129 209 -117 -80 68 -35
1533766076.194715 678 710 694 682 727 712 5650 4144 4188 212 219 97 -80 71 -34
1533766076.2259562 678 710 695 682 728 712 5762 4158 4112 193 98 -11 -79 67 -35
1533766076.288945 678 710 695 682 728 713 5648 4152 4202 143 158 -73 -83 67 -36
1533766076.3455405 678 710 695 683 728 713 5722 4104 4144 209 158 1 -81 69 -36
1533766076.4202275 677 708 695 682 726 713 5768 4162 4080 202 117 49 -78 69 -37
1533766076.4869835 677 708 694 682 726 713 5672 4144 4128 224 153 -65 -79 71 -37
1533766076.5467415 676 708 694 682 726 713 5820 4124 4102 15 530 37 -80 70 -37
1533766076.6092265 677 708 695 683 726 713 5694 4168 4244 163 231 10 -77 68 -34
1533766076.6717122 677 708 694 683 726 713 5668 4152 4168 158 28 -53 -80 70 -34
1533766076.7459757 677 708 695 683 726 713 5766 4120 4254 119 478 83 -78 71 -35
1533766076.830833 677 708 694 682 726 713 5678 4144 4196 -53 124 -105 -80 70 -35
1533766076.8779123 676 707 695 682 726 713 5680 4120 4280 325 64 -80 -80 69 -35
1533766076.9401813 677 707 695 682 726 713 5744 4146 4184 114 121 -62 -79 70 -36
1533766077.0161192 678 708 695 683 726 713 5644 4156 4204 222 173 1 -79 69 -36
1533766077.0810828 677 708 695 683 726 713 5682 4184 4096 160 37 -169 -79 69 -36
1533766077.1414402 678 708 695 683 726 713 5726 4118 4286 229 -103 -204 -78 68 -34
1533766077.2039263 677 708 695 683 727 714 5682 4196 4156 191 120 -17 -80 67 -34
1533766077.2841558 676 708 695 682 726 712 5676 4134 4210 146 103 9 -79 69 -36
1533766077.346741 677 708 695 683 726 714 5710 4150 4118 209 54 -40 -78 67 -35
1533766077.408856 678 708 695 684 726 715 5578 4186 4254 238 -132 16 -79 70 -36
1533766077.5391312 678 708 695 685 726 716 5812 4122 4120 132 213 -142 -80 68 -34
1533766077.5730405 680 708 695 686 727 717 5672 4224 4156 130 423 -31 -81 70 -37
1533766077.613705 680 708 695 686 726 717 5740 4166 4236 118 -279 73 -79 69 -35
1533766077.6761906 676 707 694 682 725 712 5720 4182 4184 223 -67 -27 -80 70 -36
1533766077.73871 678 707 695 684 726 715 5740 4134 4098 79 -17 113 -80 70 -36
1533766077.813742 679 708 695 686 727 718 5688 4114 4232 71 57 -53 -79 67 -37
1533766077.876199 679 708 695 686 726 717 5754 4188 4146 42 40 66 -77 71 -36
1533766077.9386826 679 707 692 686 725 717 5762 4128 3994 43 111 161 -80 69 -34
1533766078.0140991 678 707 695 685 726 716 5726 4084 4104 -63 -278 85 -81 69 -34
1533766078.0803587 676 707 695 681 725 713 5666 4022 4044 35 460 -26 -78 68 -33
1533766078.1573882 676 709 687 678 726 707 5786 4090 4104 -37 322 -45 -78 69 -33
1533766078.2042992 667 707 693 666 723 692 5702 4144 4228 -155 -17 78 -79 67 -34
1533766078.2808943 660 706 692 658 721 683 5842 4028 4426 -65 303 225 -77 70 -36
1533766078.3465075 655 706 689 649 719 672 5724 3936 4150 -25 133 124 -77 69 -33
1533766078.4083781 652 704 691 647 718 671 5636 3942 4182 42 750 -275 -77 70 -33
1533766078.4834435 652 703 691 647 716 671 5630 4162 4326 -41 -215 301 -78 67 -35
1533766078.5478585 647 698 689 644 712 669 5784 3944 4256 -35 4 296 -77 68 -34
1533766078.6114936 647 699 690 644 712 669 5824 3958 4102 326 281 -7 -78 69 -34
1533766078.6769783 646 697 688 643 710 668 5800 3992 4176 251 307 -255 -78 67 -33
1533766078.7392015 646 698 689 644 711 668 5772 4008 4302 166 480 -187 -78 69 -32
1533766078.8319762 645 697 688 643 710 668 5682 3992 4408 417 582 -418 -79 69 -32
1533766078.8788424 645 697 688 643 710 668 5684 4126 4270 349 872 -78 -76 70 -33
1533766078.941396 650 702 689 646 715 670 5556 4118 4294 247 -711 171 -79 70 -34
1533766079.0229998 654 705 690 647 718 670 5814 4018 4262 149 -411 -108 -80 70 -34
1533766079.0800395 654 705 690 647 719 670 5526 4142 4266 370 -460 2 -80 70 -34
1533766079.1408415 656 707 690 648 721 670 5832 4042 4202 165 139 184 -76 68 -36
1533766079.2190707 651 703 689 646 717 669 5844 4114 4178 294 625 -379 -78 71 -35
1533766079.292618 652 703 689 647 718 670 5536 4138 4326 204 443 -139 -77 70 -32
1533766079.3582091 653 706 689 647 719 670 5690 4120 4330 205 -85 48 -76 71 -34
1533766079.423946 650 701 689 645 715 669 5728 4100 4166 219 189 79 -78 70 -33
1533766079.4975512 655 705 690 647 720 670 5692 4068 4340 86 231 -49 -78 70 -34
1533766079.555614 650 702 689 646 716 669 5686 4098 4224 321 59 -98 -78 71 -32
1533766079.6119826 652 703 689 646 717 669 5646 4124 4254 160 108 66 -76 69 -32
1533766079.6779397 653 705 689 647 719 670 5688 4096 4228 115 181 -81 -77 71 -34
1533766079.7404227 663 715 692 651 728 672 5688 4054 4234 160 -45 11 -79 70 -32
1533766079.814662 655 706 690 647 720 670 5680 4124 4160 197 -12 -101 -78 69 -33
1533766079.877147 651 703 689 646 717 669 5642 4112 4268 104 165 139 -79 69 -34
1533766079.9552522 650 701 688 645 715 668 5750 3994 4350 97 -106 -69 -77 68 -33
1533766080.0233703 648 700 689 645 714 668 5758 4064 4236 198 254 70 -79 71 -34
1533766080.0802443 648 700 688 644 714 668 5714 4082 4182 165 265 -55 -80 70 -34
1533766080.1719494 647 699 688 644 714 668 5664 4048 4284 228 205 -36 -79 71 -32
1533766080.2190645 648 699 688 644 714 668 5694 4076 4258 84 43 41 -79 69 -33
1533766080.2870498 649 700 688 644 714 668 5704 4090 4264 177 158 16 -79 70 -36
1533766080.3526812 648 701 689 644 715 668 5708 4084 4240 159 313 32 -78 70 -32
1533766080.409144 648 700 689 644 714 668 5740 4062 4218 221 135 -17 -79 69 -35
1533766080.4879181 649 700 688 644 715 668 5686 4088 4236 156 299 -16 -77 68 -34
1533766080.5525165 647 699 688 644 713 668 5702 4080 4348 212 31 -5 -79 71 -34
1533766080.6129239 647 699 688 643 713 668 5788 4040 4272 71 89 -6 -78 70 -36
1533766080.678676 648 699 688 644 714 668 5672 4070 4278 237 401 91 -78 69 -33
1533766080.741057 649 700 688 644 715 668 5706 4094 4176 255 63 -84 -80 71 -32
1533766080.829196 647 699 688 644 713 668 5722 4074 4258 134 300 9 -79 69 -33
1533766080.87605 647 699 688 644 714 668 5678 4046 4256 89 134 21 -78 69 -33
1533766080.9385474 647 699 689 644 713 668 5734 4120 4148 209 109 31 -78 72 -32
1533766081.009946 648 699 688 644 713 668 5630 4088 4380 92 -28 -45 -77 68 -33
1533766081.0649297 647 699 688 644 714 668 5706 4052 4214 186 73 -33 -78 70 -33
1533766081.141321 647 699 688 644 714 669 5684 4070 4330 177 -54 11 -79 68 -35
1533766081.203753 648 699 688 644 714 668 5788 4046 4222 129 126 -12 -78 69 -33
1533766081.2643573 648 700 688 645 715 669 5648 4100 4288 313 92 -41 -78 70 -34
1533766081.3294902 649 700 689 645 716 668 5646 4040 4344 30 143 -13 -77 71 -34
1533766081.4086597 650 701 689 646 716 669 5794 4088 4172 296 169 -62 -79 70 -33
1533766081.490628 651 702 689 646 716 669 5686 4062 4326 182 313 150 -76 69 -34
1533766081.5424259 651 702 689 646 716 669 5690 4126 4282 181 82 -124 -78 69 -35
1533766081.5970707 649 702 689 645 716 669 5736 4074 4284 146 106 -25 -79 70 -33
1533766081.6636305 649 701 688 645 715 668 5682 4056 4306 213 176 -15 -78 71 -33
1533766081.7260804 649 702 689 645 716 669 5700 4024 4222 217 67 27 -78 69 -34
1533766081.8080466 649 702 689 644 716 669 5674 4102 4330 187 107 -50 -79 70 -35
1533766081.8615036 649 702 689 645 716 668 5688 4038 4248 115 117 45 -78 70 -34
1533766081.939476 651 702 689 646 717 669 5708 4082 4256 301 103 -80 -78 70 -32
1533766082.005956 650 702 689 646 717 669 5674 4076 4190 221 92 10 -79 71 -31
1533766082.0747707 650 702 689 646 717 669 5752 4080 4314 115 -245 -99 -77 70 -32
1533766082.1415062 650 702 689 645 716 669 5690 4050 3952 180 -69 281 -78 70 -33
1533766082.2041903 647 699 688 643 713 668 5434 4102 3936 57 -330 12 -76 70 -35
1533766082.2766504 656 708 691 647 721 670 5710 3990 4214 -124 -242 235 -79 67 -35
1533766082.3318775 651 704 690 646 716 669 5908 4022 4372 -263 -1513 269 -78 69 -33
1533766082.4089057 651 703 690 645 717 669 5924 4018 3972 335 483 85 -79 70 -34
1533766082.4797447 651 702 691 645 716 669 5814 3960 4058 277 176 -38 -78 66 -33
1533766082.5451767 649 701 690 644 714 668 5826 3898 4128 105 111 96 -78 67 -34
1533766082.6119087 649 701 689 642 711 667 5802 3950 4252 204 28 -216 -79 68 -32
1533766082.6801019 649 700 689 642 711 668 5870 3942 4244 98 -17 -329 -76 67 -32
1533766082.7425842 646 699 689 642 710 667 5872 4004 4148 227 299 -78 -77 68 -33
1533766082.829416 644 695 688 641 709 666 5820 3994 4220 225 36 201 -77 69 -32
1533766082.8761113 644 694 688 641 707 666 5936 4098 4108 196 522 -101 -77 66 -34
1533766082.9385867 647 697 688 643 711 667 5996 3996 4424 1099 255 -1392 -78 70 -34
1533766083.018303 649 699 689 644 712 667 5696 4258 4154 914 208 334 -79 69 -33
1533766083.0808344 655 706 690 647 718 669 5788 4030 4166 12 -447 -285 -77 68 -33
1533766083.143753 657 708 690 648 721 670 5768 4062 4098 312 -69 58 -78 68 -34
1533766083.205996 655 706 689 647 719 669 5812 4068 4052 104 144 -2 -79 68 -35
1533766083.2835407 692 721 697 686 737 714 5790 4078 4134 197 71 77 -78 69 -35
1533766083.3457227 684 713 695 683 730 712 5772 4104 4162 281 9 -28 -78 67 -34
1533766083.4079363 684 711 695 687 729 717 5820 4128 3966 147 301 104 -79 68 -35
1533766083.4957385 694 713 697 698 732 732 5808 4032 4180 94 279 80 -79 69 -32
1533766083.546483 695 714 697 701 733 735 5724 4124 4150 138 174 -74 -76 68 -34
1533766083.6116905 693 711 697 699 730 735 5806 4116 4080 215 135 -23 -78 67 -35
1533766083.6665869 692 710 697 701 729 735 5776 4034 4224 136 159 -2 -79 69 -34
1533766083.7446976 691 709 697 700 728 735 5822 4090 4132 137 -7 24 -78 69 -35
1533766083.8107426 689 708 697 697 728 732 5778 4084 4186 117 215 -2 -79 68 -32
1533766083.8765798 685 707 695 692 726 726 5842 4034 4070 208 196 -77 -78 68 -35
1533766083.9391568 685 707 695 694 726 728 5766 4014 4186 135 344 -12 -80 67 -34
1533766084.012544 693 709 697 701 729 736 5790 4076 4166 236 102 126 -79 69 -35
1533766084.0792348 691 709 696 700 728 734 5786 4078 4122 168 141 -85 -79 68 -35
1533766084.1561613 691 709 696 700 728 735 5784 4084 4192 226 -44 -61 -79 66 -33
1533766084.2030253 691 709 696 699 727 734 5790 4110 4210 204 116 -38 -78 68 -35
1533766084.2775369 686 709 696 693 726 729 5842 4052 4104 151 172 3 -78 66 -34
1533766084.3315558 688 709 696 695 726 731 5786 4076 4162 258 182 20 -79 68 -37
1533766084.408752 688 708 696 695 726 731 5760 4084 4136 146 157 -27 -76 67 -35
1533766084.4775941 688 710 696 696 727 731 5788 4050 4154 170 56 -57 -78 69 -33
1533766084.54268 686 708 696 695 726 731 5802 4082 4170 187 137 14 -77 69 -34
1533766084.5973346 687 709 696 695 726 731 5794 4104 4092 255 217 -6 -79 68 -36
1533766084.6673093 686 709 695 694 726 729 5768 4064 4154 143 159 -9 -79 68 -34
1533766084.729793 686 709 696 694 725 729 5774 4046 4162 162 78 38 -79 68 -34
1533766084.8147147 686 709 696 694 726 730 5766 4070 4084 174 115 -37 -79 68 -36
1533766084.8617635 687 709 695 694 726 729 5794 4092 4140 176 158 66 -79 68 -34
1533766084.9397275 685 708 695 693 725 729 5770 4042 4128 163 167 -60 -80 70 -36
1533766085.004373 684 708 695 692 725 727 5840 4056 4130 250 72 5 -78 68 -34
1533766085.0689435 687 709 696 695 726 731 5734 4070 4120 177 187 9 -77 65 -35
1533766085.1292725 687 709 696 695 726 731 5754 4108 4096 103 119 63 -79 68 -34
1533766085.1917562 688 709 696 696 726 732 5808 4046 4132 119 211 2 -77 67 -35
1533766085.2542758 689 710 696 696 727 732 5820 4024 4102 183 124 15 -80 67 -34
1533766085.3329434 688 710 696 696 726 732 5768 4070 4160 205 155 -41 -75 69 -31
1533766085.393501 689 710 696 696 727 732 5794 4078 4118 188 48 8 -78 68 -36
1533766085.49603 689 711 696 697 728 733 5808 4084 4146 99 71 32 -81 69 -35
1533766085.5336742 689 711 696 697 727 733 5830 4102 4074 215 159 -51 -77 67 -36
1533766085.5803945 688 710 695 696 727 732 5730 4104 4150 204 36 -63 -77 68 -35
1533766085.6518302 686 709 696 694 725 730 5752 4050 4150 111 -61 51 -78 68 -34
1533766085.714544 687 709 696 696 727 731 5836 4078 4084 97 34 -82 -78 68 -34
1533766085.7916515 687 709 696 695 726 731 5758 3986 3868 172 351 -73 -77 69 -34
1533766085.845619 687 709 696 696 726 731 5778 4016 4152 250 156 -64 -79 67 -33
1533766085.923671 687 710 696 695 727 730 5882 4078 4114 142 145 39 -78 67 -34
1533766085.9917648 687 711 696 694 727 728 5774 4104 4120 197 248 -13 -80 66 -34
1533766086.0585527 668 707 692 670 721 701 5744 4110 4090 249 -52 49 -78 69 -36
1533766086.140677 676 708 693 680 723 711 5840 4008 4188 160 60 -112 -78 67 -32
1533766086.1876364 674 708 693 676 722 708 5802 4072 4134 149 209 25 -79 68 -34
1533766086.2500257 672 708 692 674 722 704 5772 4080 4162 244 135 -13 -77 66 -35
1533766086.3247664 672 707 692 674 721 706 5784 4056 4142 199 147 -10 -78 70 -34
1533766086.3766732 673 707 692 673 721 706 5774 4072 4098 184 194 -8 -78 66 -33
1533766086.446351 671 707 692 674 721 705 5788 4052 4136 150 114 13 -78 66 -35
1533766086.5227592 671 706 692 672 721 703 5836 4062 4102 195 185 -3 -76 66 -34
1533766086.580406 672 707 693 673 722 703 5726 4112 4096 321 81 -77 -79 68 -33
1533766086.65275 670 707 692 672 721 702 5758 4058 4236 166 215 -54 -78 69 -33
1533766086.7152348 671 708 692 672 722 702 5804 4076 4070 131 91 32 -79 68 -34
1533766086.811158 670 707 693 672 721 702 5798 4098 4158 283 63 -97 -79 67 -34
1533766086.8465612 670 706 692 673 721 704 5812 4104 4122 189 159 5 -79 68 -34
1533766086.9092991 671 707 692 672 722 703 5726 4088 4182 209 167 -68 -77 67 -36
1533766086.984121 669 706 692 671 720 702 5842 4030 4102 102 82 42 -79 68 -35
1533766087.0498462 669 706 692 671 721 701 5786 4084 4106 243 223 34 -79 68 -32
1533766087.115167 673 707 692 674 722 705 5728 4076 4184 176 97 31 -79 68 -33
1533766087.17431 670 707 693 672 721 703 5834 4098 4152 230 202 42 -77 68 -34
1533766087.2366266 670 707 692 672 721 703 5746 4090 4044 255 -109 43 -77 68 -34
1533766087.3139405 669 706 692 671 720 700 5836 4098 3982 42 -470 30 -78 68 -34
1533766087.3781266 664 704 691 665 718 694 5734 3916 4140 140 -338 82 -77 69 -34
1533766087.4564269 685 709 696 689 726 722 5792 3976 4128 230 -279 -108 -77 65 -33
1533766087.5145013 691 714 698 695 730 728 5822 4088 4006 528 -344 -266 -79 68 -35
1533766087.5808032 690 713 698 694 728 727 5870 4076 4150 -415 -236 -93 -79 67 -33
1533766087.6526952 678 701 696 688 718 724 5742 4002 4184 92 -16 -6 -79 68 -34
1533766087.7162826 671 698 695 682 714 718 5866 4126 4186 519 -346 -664 -78 69 -34
1533766087.7868013 672 698 696 683 715 718 5874 4082 4066 -8 272 65 -77 67 -34
1533766087.8453226 669 697 696 681 714 714 5796 4122 4082 -19 216 -86 -79 68 -34
1533766087.9078605 669 696 695 677 714 709 5862 4074 4132 71 43 28 -77 66 -33
1533766087.9846833 672 697 696 679 714 706 5910 4014 4092 208 -18 50 -77 67 -32
1533766088.0515046 672 697 695 679 714 711 5902 4014 4266 -104 812 79 -77 67 -33
1533766088.125623 674 699 696 685 717 716 5600 4154 3974 764 1407 -916 -78 66 -32
1533766088.188189 676 699 696 686 718 717 5662 4170 4126 564 -1051 54 -79 70 -36
1533766088.2505946 676 701 696 687 719 719 5850 4072 4046 -47 -124 114 -77 70 -33
1533766088.3228898 679 702 696 692 721 724 5898 4110 4066 121 -3 100 -79 68 -35
1533766088.3763068 681 702 696 692 721 725 5748 4098 4190 189 -239 -9 -79 69 -35
1533766088.4544134 683 703 697 694 723 727 5814 4062 4118 195 251 90 -78 70 -35
1533766088.5146198 685 704 696 694 724 727 5808 4120 4026 159 88 139 -78 69 -34
1533766088.5874968 690 708 698 696 728 727 5792 4150 4036 293 248 -1 -79 70 -37
1533766088.6538935 701 722 700 700 739 730 5818 4130 4008 54 353 -65 -80 68 -34
1533766088.7177553 695 716 698 696 734 725 5762 4112 4118 141 122 36 -78 68 -33
1533766088.797856 695 715 698 697 733 726 5800 4130 3994 175 333 -30 -78 68 -34
1533766088.8447213 696 718 698 697 735 726 5784 4154 4136 215 68 -37 -79 68 -34
1533766088.907443 692 713 698 695 731 725 5836 4076 4100 65 -4 7 -79 69 -33
1533766088.9814904 691 712 697 695 731 726 5750 4068 4120 175 175 -6 -78 70 -34
1533766089.04763 690 712 697 695 731 725 5786 4124 4098 161 -30 -77 -78 68 -34
1533766089.1149118 689 713 698 695 731 726 5788 4102 4158 211 31 -32 -78 68 -33
1533766089.1726327 687 710 697 694 729 725 5776 4082 4162 180 45 -30 -78 67 -34
1533766089.2353654 687 711 697 694 729 726 5800 4134 4080 196 100 35 -76 68 -33
1533766089.3115852 688 712 697 694 731 725 5814 4038 4106 81 43 -23 -78 69 -34
1533766089.3761115 687 711 697 693 730 724 5822 4064 4074 161 99 88 -77 69 -34
1533766089.4385917 687 712 697 694 731 724 5754 4122 4058 311 131 -45 -79 68 -32
1533766089.5094337 687 712 697 693 731 724 5836 4072 4094 167 82 -45 -79 68 -33
1533766089.5652657 691 717 698 695 735 724 5820 4116 4120 127 70 2 -79 67 -34
1533766089.6389902 693 718 698 695 736 724 5754 4088 4066 128 214 50 -77 68 -32
1533766089.7042556 689 715 698 694 733 724 5800 4064 4090 192 159 -56 -78 67 -33
1533766089.7730927 692 717 698 695 735 724 5796 4104 4122 212 -86 -35 -76 68 -36
1533766089.8299758 692 717 698 695 735 724 5836 4120 4046 138 125 -28 -79 69 -34
1533766089.8923676 688 714 697 693 732 723 5786 4042 4094 136 113 -9 -79 68 -33
1533766089.973742 689 714 697 693 733 723 5784 4092 4134 223 168 -19 -78 68 -34
1533766090.039566 687 713 697 692 732 722 5738 4156 4068 158 134 79 -78 69 -35
1533766090.1246564 689 714 697 693 733 724 5774 4100 4162 166 178 -24 -78 68 -34
1533766090.1573837 688 714 697 693 732 723 5754 4134 4038 159 67 37 -80 68 -35
1533766090.2353556 688 714 697 693 733 723 5758 4088 4166 253 186 37 -79 68 -35
1533766090.3045368 688 714 697 692 733 721 5762 4098 4154 117 138 -38 -79 68 -34
1533766090.360901 689 715 697 693 733 722 5788 4136 4004 209 186 5 -78 67 -34
1533766090.4233851 689 716 698 693 733 722 5782 4048 4152 96 113 -53 -79 70 -36
1533766090.4977589 687 714 697 692 732 721 5752 4118 4078 189 152 16 -78 69 -32
1533766090.5647342 687 713 697 692 731 723 5736 4040 4206 1 188 15 -80 68 -33
1533766090.6326768 687 714 697 691 732 721 5828 4060 4112 138 253 -37 -79 68 -33
1533766090.6902194 686 713 697 691 731 721 5740 4074 4162 254 -21 -101 -78 67 -33
1533766090.779558 688 716 697 692 733 721 5804 4114 4036 214 59 -13 -79 67 -33
1533766090.8296602 688 715 697 691 733 721 5812 4120 4132 174 145 -52 -79 69 -34
1533766090.8920612 688 715 697 692 733 721 5800 4130 4080 195 131 20 -78 68 -34
1533766090.9545481 688 716 697 691 733 722 5804 4088 4076 209 185 -39 -77 69 -35
1533766091.0336518 689 715 697 693 733 724 5796 4106 4186 277 155 -69 -78 68 -35
1533766091.0986195 688 714 697 693 733 722 5796 4100 4192 116 23 14 -78 67 -35
1533766091.156141 688 714 698 693 733 723 5906 4012 4044 303 734 237 -80 70 -36
1533766091.2342458 690 717 698 693 734 723 5610 4376 4512 121 2785 1241 -79 68 -33
1533766091.3009608 688 714 698 692 731 722 5550 4066 4052 221 -461 3 -78 69 -35
1533766091.3607795 688 714 698 692 732 722 6130 3952 4362 392 -485 143 -79 69 -34
1533766091.438886 687 712 698 692 730 723 5822 3882 4284 -312 -688 191 -77 70 -33
1533766091.5051808 675 701 696 685 720 717 5970 4076 4354 -92 -438 18 -80 67 -32
1533766091.574347 675 700 696 685 719 717 5882 3776 4472 762 -380 -190 -78 69 -34
1533766091.6434464 670 698 695 678 716 709 5786 4030 4188 203 -608 -247 -79 67 -32
1533766091.7078233 659 695 694 667 712 695 5812 4060 4128 -155 358 -169 -78 68 -33
1533766091.7806408 658 694 693 666 711 695 5712 4036 4318 222 -124 -58 -77 67 -34
1533766091.8462749 661 694 694 669 712 698 5808 4002 4074 242 101 -90 -77 68 -33
1533766091.908648 661 696 694 670 712 699 5918 3972 4116 64 909 -218 -78 69 -34
1533766091.9839454 667 698 695 677 715 707 5856 4014 4414 -92 1889 -218 -77 70 -31
1533766092.0515168 670 698 695 680 717 710 5324 4148 4360 797 155 -352 -77 71 -34
1533766092.126377 671 699 694 680 717 709 5780 4062 4256 904 -451 -192 -79 69 -32
1533766092.1732416 670 699 694 679 718 708 5750 4120 4146 49 -444 38 -77 71 -33
1533766092.255952 671 700 694 680 719 709 5722 4090 4100 220 -567 -252 -77 67 -34
1533766092.3148835 672 700 695 680 719 710 5802 4070 4094 223 -286 -48 -79 68 -34
1533766092.3785293 673 700 694 681 719 710 5764 4082 4180 120 118 74 -78 69 -33
1533766092.441205 673 700 694 681 719 711 5752 4102 4096 222 51 -5 -78 67 -34
1533766092.5218556 674 701 695 682 720 712 5786 4138 4126 165 -18 -46 -79 67 -34
1533766092.5804968 675 702 695 683 721 713 5778 4056 4116 82 177 77 -80 68 -34
1533766092.6430013 677 703 695 685 722 715 5702 4124 4216 165 154 -53 -78 68 -34
1533766092.706398 678 704 695 685 723 715 5736 4128 4100 110 143 -33 -79 69 -34
1533766092.8051517 677 703 695 685 722 714 5808 4128 4164 220 133 28 -78 68 -32
1533766092.846937 677 704 695 684 723 713 5720 4168 4124 192 72 -30 -80 70 -34
1533766092.9092157 678 704 695 684 724 714 5724 4026 4132 117 206 55 -78 71 -33
1533766092.9860063 678 704 695 684 724 713 5822 4070 4116 292 106 -87 -79 70 -33
1533766093.050833 679 706 695 685 724 715 5716 4116 4082 167 14 68 -79 69 -35
1533766093.1158576 677 705 695 684 723 714 5756 4082 4184 120 3 -11 -79 67 -33
1533766093.1820908 677 704 695 684 723 714 5788 4136 4062 242 192 21 -78 67 -34
1533766093.2443233 677 704 695 684 723 714 5718 4124 4134 95 56 -60 -80 70 -37
1533766093.3142626 669 703 694 674 721 703 5812 4010 4014 193 103 -90 -78 69 -34
1533766093.3763294 668 703 693 673 721 701 5744 4086 4172 146 292 1 -76 68 -34
1533766093.4543004 668 703 694 673 721 700 5768 4128 4062 242 111 -54 -78 69 -33
1533766093.5122333 667 704 693 670 721 698 5830 4062 4138 252 103 -86 -78 69 -35
1533766093.5787292 668 705 693 671 722 698 5800 4154 4054 227 -6 -45 -75 68 -35
1533766093.6461108 665 704 693 668 721 695 5812 4092 4046 149 272 -23 -77 70 -33
1533766093.710594 667 706 693 669 722 695 5710 4162 4128 174 109 -75 -80 69 -34
1533766093.7787552 666 705 693 668 722 695 5802 4076 4102 144 104 86 -78 68 -33
1533766093.8307095 667 706 693 669 723 695 5770 4098 4160 151 -3 -53 -78 70 -35
1533766093.9088159 668 706 693 669 723 695 5728 4098 4110 192 -13 -19 -79 67 -35
1533766093.978745 668 707 693 669 723 695 5738 4094 4090 127 221 -65 -79 68 -34
1533766094.0455682 667 705 693 669 723 695 5830 4100 4140 183 205 90 -79 68 -36
1533766094.128916 666 705 693 669 722 695 5776 4088 4196 158 118 -75 -79 68 -36
1533766094.1756783 666 705 693 668 722 695 5832 4104 4052 244 130 49 -78 68 -34
1533766094.2380874 666 705 693 669 722 695 5788 4068 4144 161 257 -55 -78 69 -35
1533766094.3113444 666 704 693 669 722 695 5804 4096 4100 253 241 32 -78 69 -33
1533766094.376147 666 704 693 669 722 695 5798 4084 4144 156 104 -67 -80 68 -35
1533766094.438633 667 706 693 670 723 696 5796 4076 4086 81 72 -3 -77 69 -34
1533766094.4975564 667 705 693 669 722 695 5830 4072 4076 317 218 -34 -77 68 -34
1533766094.575954 670 709 694 670 726 696 5704 4186 4052 194 -33 -24 -78 68 -34
1533766094.6281252 670 709 694 670 726 696 5822 4078 4232 150 111 7 -78 69 -34
1533766094.6965926 671 710 695 671 728 696 5692 4108 4126 161 222 -81 -79 68 -35
1533766094.791324 671 709 694 671 727 696 5812 4060 4108 217 115 -35 -77 68 -33
1533766094.830092 669 708 694 670 726 696 5744 4158 4108 263 -71 12 -80 67 -32
1533766094.9081733 670 709 694 671 726 696 5738 4078 4070 164 329 -59 -79 70 -32
1533766094.9742749 671 711 694 671 727 696 5820 4136 4160 165 150 42 -79 69 -35
1533766095.0410945 672 711 694 672 728 697 5798 4120 4086 59 -311 -57 -78 67 -35
1533766095.0982144 674 712 694 672 729 697 5808 4084 4086 166 66 -35 -79 69 -35
1533766095.1607566 674 712 694 672 728 697 5800 4106 4012 233 447 -14 -79 67 -33
1533766095.238807 669 707 694 670 725 696 5752 4114 4154 155 312 125 -78 67 -34
1533766095.3105352 667 705 693 669 723 695 5760 4014 4094 230 -433 -196 -80 69 -33
1533766095.3760061 665 703 693 668 721 695 5858 4084 4066 46 -464 296 -81 68 -34
1533766095.4750988 662 700 693 667 718 694 5818 4108 4050 -298 -1037 686 -78 66 -35
1533766095.513383 661 698 694 667 717 694 5980 4040 3798 -183 -357 604 -78 68 -34
1533766095.5800567 660 697 693 665 715 692 5752 3914 4060 -301 58 508 -78 66 -32
1533766095.6519659 660 697 694 665 714 692 5956 3966 3896 213 -70 -106 -78 65 -33
1533766095.7126946 657 696 693 664 713 691 6032 3832 4052 -14 -221 325 -78 66 -32
1533766095.7858715 657 696 694 664 713 690 5964 3898 4020 -81 709 25 -76 65 -34
1533766095.8474917 658 696 694 664 713 690 5918 3942 4150 406 105 -333 -76 64 -34
1533766095.9099774 657 696 694 663 713 689 5982 3882 4026 241 -23 152 -78 66 -32
1533766095.987927 657 696 693 662 713 688 6136 3896 3992 4 1202 -203 -78 67 -34
1533766096.0567415 658 696 693 663 714 689 5900 4020 4136 418 660 -676 -77 66 -32
1533766096.1254175 661 697 693 664 714 689 5882 4074 4076 162 308 -150 -76 66 -33
1533766096.1879063 658 697 693 664 715 689 5772 3940 4302 183 -227 -149 -78 67 -34
1533766096.2503896 658 697 693 664 716 689 5812 4104 3972 254 -160 -392 -76 69 -34
1533766096.3306487 659 698 693 664 716 690 5866 4128 4066 281 -187 -60 -77 71 -34
1533766096.392513 661 698 692 664 716 690 5900 3998 3998 402 484 10 -76 69 -33
1533766096.4548244 662 698 692 664 716 690 5840 4046 3968 285 -44 0 -77 68 -33
1533766096.5128977 661 698 693 663 716 688 5852 4008 4090 167 89 -68 -78 66 -31
1533766096.579829 662 698 692 664 716 689 5816 4036 4088 139 262 69 -77 68 -36
1533766096.6609936 663 699 692 664 717 690 5872 4012 4132 115 139 123 -79 66 -34
1533766096.7140372 664 699 692 665 717 690 5850 4010 4068 259 60 -92 -76 69 -34
1533766096.7975125 664 699 692 664 717 690 5862 4024 4118 182 56 51 -77 67 -32
1533766096.8443754 665 699 692 664 717 690 5842 4048 4034 241 201 -8 -78 67 -34
1533766096.922484 665 699 692 665 718 690 5828 4040 4118 89 171 42 -78 67 -34
1533766096.988541 666 700 693 665 718 690 5894 3996 4054 169 12 -19 -79 67 -32
1533766097.0545585 666 700 692 665 718 690 5818 4048 4148 260 92 -24 -78 69 -33
1533766097.1202662 667 700 692 665 718 690 5928 3990 4054 102 199 -9 -79 67 -35
1533766097.173714 667 700 692 665 718 691 5930 4022 4112 152 172 102 -79 70 -31
1533766097.2544065 666 700 692 664 717 690 5818 4034 4038 322 63 -75 -75 66 -34
1533766097.314808 667 701 692 664 718 691 5886 3990 4138 160 135 -40 -77 68 -32
1533766097.3773003 668 702 693 665 719 691 5878 4068 4084 216 205 -10 -76 68 -34
1533766097.4554121 668 702 692 665 719 691 5898 4016 4050 111 153 31 -79 66 -34
1533766097.5147026 669 702 692 665 719 691 5818 4006 4164 242 137 -25 -75 67 -33
1533766097.5805945 669 702 692 665 719 691 5876 4066 4052 177 232 -38 -78 68 -31
1533766097.6546216 670 703 692 666 721 691 5896 4008 4116 203 129 -71 -77 66 -33
1533766097.715897 671 704 693 666 722 691 5854 4080 4064 185 161 98 -78 67 -34
1533766097.784616 672 705 693 667 722 692 5854 3968 4122 115 80 7 -77 68 -32
1533766097.8473077 673 706 693 667 723 691 5894 3986 4110 198 151 -34 -78 69 -32
1533766097.9098246 673 706 693 667 723 692 5946 4084 4226 190 226 31 -78 66 -31
1533766097.982594 674 707 693 668 724 693 5874 3986 4096 129 90 29 -76 68 -34
1533766098.0476854 673 706 693 667 723 692 5862 4004 4074 229 195 -30 -78 68 -32
1533766098.12684 672 705 693 666 723 692 5884 4028 4034 332 255 9 -77 66 -37
1533766098.1737032 672 705 693 666 723 692 5862 4074 4100 153 7 22 -76 69 -34
1533766098.2361882 671 704 693 666 721 691 5856 4030 4118 197 71 -84 -76 67 -33
1533766098.3099163 671 704 693 666 722 692 5848 4074 3944 192 45 80 -81 68 -33
1533766098.3769507 671 704 693 665 721 691 5808 3984 4092 224 98 -113 -76 70 -32
1533766098.4393709 671 704 692 666 721 692 5842 3990 3996 154 8 116 -79 68 -33
1533766098.5072155 671 703 693 665 721 691 5802 4038 4120 242 168 53 -76 66 -36
1533766098.5738988 671 703 693 665 721 691 5746 4032 4018 915 46 422 -79 68 -35
1533766098.6282213 670 703 692 665 721 691 5900 3962 4006 250 28 150 -78 67 -34
1533766098.7005348 671 703 692 666 721 691 5860 4058 4112 257 -78 12 -80 63 -34
1533766098.781178 672 703 693 666 722 691 5900 3962 4038 310 31 19 -78 67 -34
1533766098.8302643 672 703 693 666 722 691 5866 4066 3944 359 93 136 -78 67 -34
1533766098.8927517 672 704 693 666 722 691 6004 4024 3958 403 -258 3 -79 68 -34
1533766098.9711747 672 704 693 666 722 691 5992 4088 3904 269 -279 -263 -77 67 -34
1533766099.0400736 672 704 693 666 722 690 5954 4070 3878 480 -345 -182 -76 67 -35
1533766099.0984845 670 704 693 665 722 690 5946 4082 3772 255 168 -96 -76 65 -35
1533766099.1664987 672 704 693 665 722 690 5908 4042 3964 -146 243 -105 -78 66 -36
1533766099.2287266 672 704 693 666 722 691 5878 3946 4250 79 349 77 -79 67 -35
1533766099.308829 671 703 693 665 722 690 5796 4040 4028 335 327 -14 -80 68 -36
1533766099.3613384 672 703 693 666 722 690 5904 4074 3950 252 10 117 -77 66 -35
1533766099.4550662 672 704 693 665 722 689 5928 4026 3996 200 109 47 -79 67 -34
1533766099.4972203 670 703 692 664 721 687 5850 4142 3770 831 -167 -162 -79 66 -34
1533766099.56468 666 702 691 659 720 682 6306 4064 3892 592 -924 -424 -79 65 -36
1533766099.6428003 670 702 692 664 721 688 6008 4114 3498 181 530 99 -78 65 -35
1533766099.7055202 668 701 692 662 720 688 5846 4040 4018 -409 -137 -177 -79 66 -37
1533766099.7827487 672 702 693 667 722 693 5808 4172 4056 363 -287 -28 -79 66 -38
1533766099.847615 675 705 693 668 723 693 6052 3928 3880 233 64 -13 -79 65 -35
1533766099.910105 675 705 693 668 724 692 5942 3978 4056 429 311 -135 -79 65 -35
1533766099.9847085 675 706 693 668 724 693 5870 4162 3926 173 757 440 -78 65 -35
1533766100.0507615 674 705 693 668 724 692 6046 4252 3650 415 73 -65 -80 65 -37
1533766100.125059 675 705 693 669 724 693 5986 4092 3692 -229 125 94 -76 63 -36
1533766100.1719265 674 704 693 669 724 694 5928 3930 4162 210 -37 -267 -77 64 -38
1533766100.2500305 676 704 693 672 723 698 5922 4168 3902 441 -101 -42 -78 65 -37
1533766100.3200374 675 703 693 672 723 698 5962 4164 3744 236 126 -23 -80 65 -35
1533766100.3868089 675 704 693 672 723 698 6050 4134 3688 314 -4 -96 -79 66 -35
1533766100.4547505 675 703 693 673 723 699 5936 4136 3838 241 -68 -117 -80 65 -36
1533766100.5202448 678 704 694 675 723 702 6004 4140 3836 305 6 -117 -79 65 -37
1533766100.5796056 679 704 694 678 724 705 6032 4130 3754 424 98 -75 -78 66 -36
1533766100.6422002 682 705 695 681 725 709 5922 4190 3812 257 348 -225 -78 66 -38
1533766100.722329 683 706 695 681 726 709 5764 4302 3682 239 316 -36 -80 65 -35
1533766100.8016467 683 705 695 682 726 710 6004 3966 3912 -464 511 263 -79 65 -36
1533766100.8470802 683 707 695 682 726 709 5730 4172 4060 -74 1170 115 -79 66 -36
1533766100.9251885 685 708 695 683 727 711 5946 4028 3850 -68 713 361 -80 68 -36
1533766100.9912064 685 708 696 683 728 711 5808 4190 3952 280 576 35 -78 66 -35
1533766101.0570319 686 708 695 684 728 711 5846 4104 4014 -98 675 72 -79 65 -35
1533766101.1242664 686 708 695 684 729 712 5830 4082 4132 283 437 -66 -78 69 -37
1533766101.1798737 686 708 696 685 729 713 6040 4096 3726 293 138 37 -77 67 -36
1533766101.2555714 686 707 695 684 728 712 5810 4104 3914 2 237 -183 -78 69 -35
1533766101.321987 686 707 696 685 728 713 5752 4064 4022 486 -231 0 -78 66 -36
1533766101.3772829 686 709 696 685 729 712 5854 4122 4166 261 16 -162 -80 69 -33
1533766101.4553437 686 709 695 685 730 712 6000 4252 3546 435 -265 -57 -77 66 -35
1533766101.52596 688 711 696 685 731 712 6078 4146 3862 -151 100 -528 -80 64 -36
1533766101.581016 689 711 696 686 731 713 5666 4028 4162 -189 -98 111 -78 67 -36
1533766101.6461868 689 711 696 686 731 713 5696 4090 4216 305 432 81 -78 67 -34
1533766101.7182207 688 710 696 686 731 712 5816 4186 3898 298 819 325 -80 66 -34
1533766101.794139 688 710 696 686 731 713 5914 4082 3964 288 406 214 -80 67 -36
1533766101.8468273 690 710 696 688 731 716 5858 4086 3950 300 280 -54 -78 68 -35
1533766101.9288547 690 710 696 688 731 716 5748 4242 3988 136 80 -105 -80 67 -35
