1533316571.1329982 594 627 602 577 711 661
1533316571.1779213 593 627 602 578 711 661
1533316571.2370412 594 627 602 578 711 661
1533316571.2870178 594 627 602 577 711 661
1533316571.3338792 594 627 602 577 711 661
1533316571.3807466 594 627 602 577 710 661
1533316571.4432313 593 627 602 577 710 660
1533316571.4900951 594 627 602 577 710 661
1533316571.5369687 593 627 602 577 710 661
1533316571.6027539 594 627 602 577 711 661
1533316571.6712947 593 627 602 578 711 661
1533316571.7025375 594 627 602 578 711 661
1533316571.7736251 594 627 603 577 711 661
1533316571.8475342 593 626 601 577 711 660
1533316571.859649 594 628 602 578 711 661
1533316571.9065132 594 628 603 578 711 662
1533316571.953378 594 629 604 578 711 663
1533316572.0158615 594 629 604 578 711 663
1533316572.0627267 594 629 604 578 711 663
1533316572.124932 595 629 605 579 713 663
1533316572.1977358 593 624 600 577 711 658
1533316572.223418 593 625 602 578 711 660
1533316572.2702813 593 626 602 578 712 660
1533316572.3327675 593 626 602 578 712 660
1533316572.3796299 593 626 602 578 712 660
1533316572.4265337 593 626 602 578 712 660
1533316572.488981 593 626 602 578 712 661
1533316572.5358434 593 626 602 578 711 660
1533316572.5953677 593 626 602 578 711 660
1533316572.64723 593 626 602 578 711 660
1533316572.7260504 593 626 601 577 711 660
1533316572.741672 593 626 602 577 711 660
1533316572.8041582 593 626 602 577 711 660
1533316572.8560026 593 626 601 577 711 660
1533316572.9054823 592 626 601 575 710 659
1533316572.9523468 592 626 601 575 710 659
1533316573.0126529 592 625 601 574 710 659
1533316573.0582526 592 625 600 574 709 659
1533316573.1171875 591 623 598 573 709 657
1533316573.166971 593 629 603 574 709 663
1533316573.2294564 593 619 602 574 709 662
1533316573.2606997 593 624 603 574 709 663
1533316573.326222 592 619 599 569 705 662
1533316573.3730862 594 619 603 573 708 664
1533316573.4199502 596 621 605 575 709 667
1533316573.482436 594 624 604 635 708 664
1533316573.5292988 593 634 603 584 707 662
1533316573.5877798 586 630 601 591 705 654
1533316573.6249564 585 629 600 630 704 652
1533316573.6874945 594 635 624 642 736 659
1533316573.765546 576 622 572 598 662 646
1533316573.796789 578 623 574 606 665 649
1533316573.846421 600 640 626 664 739 666
1533316573.9007006 602 640 626 650 737 670
1533316573.943094 619 645 631 649 740 697
1533316574.0055792 614 643 629 636 739 690
1533316574.0579822 606 639 622 618 729 679
1533316574.1103551 603 639 623 613 733 674
1533316574.1622167 600 638 623 608 734 670
1533316574.2146828 599 636 622 604 732 668
1533316574.27363 604 637 624 608 733 676
1533316574.3048718 604 638 624 607 733 675
1533316574.3584454 604 638 624 606 733 676
1533316574.4209304 604 638 623 604 733 675
1533316574.4677942 604 637 623 603 733 675
1533316574.5146916 603 637 623 601 733 674
1533316574.5798447 602 637 623 601 733 673
1533316574.6257973 601 637 623 599 733 672
1533316574.6709313 600 636 622 597 732 669
1533316574.733473 598 635 622 594 731 666
1533316574.7959306 598 636 621 594 731 666
1533316574.8292997 597 635 621 592 731 665
1533316574.8917885 597 635 621 591 732 665
1533316574.9386508 597 635 621 591 731 664
1533316574.9855201 597 635 621 591 731 664
1533316575.0502143 597 635 621 591 731 665
1533316575.1025746 597 635 621 591 731 665
1533316575.1541717 597 635 621 590 731 664
1533316575.2070296 597 635 621 590 731 664
1533316575.254989 597 635 621 590 731 665
1533316575.333093 597 635 621 589 731 665
1533316575.3487136 597 635 621 589 731 664
1533316575.4112005 597 635 621 589 731 665
1533316575.4580655 597 635 621 589 731 664
1533316575.515701 597 635 621 589 731 665
1533316575.56261 597 635 621 589 731 664
1533316575.6245596 597 635 621 588 731 665
1533316575.6766827 597 635 620 588 731 665
1533316575.714408 597 635 621 588 731 664
1533316575.776846 597 635 621 588 731 665
1533316575.839332 597 635 621 588 731 664
1533316575.8705738 597 635 621 588 731 665
1533316575.9330578 597 635 621 587 731 664
1533316575.9799237 597 635 620 588 731 665
1533316576.0424082 597 636 621 588 731 664
1533316576.0929418 597 635 620 587 731 665
1533316576.1467047 597 635 621 587 731 664
1533316576.1903415 597 635 620 587 731 664
1533316576.237244 597 635 621 587 731 664
1533316576.2996912 597 635 620 586 731 664
1533316576.3621757 596 635 616 581 725 663
1533316576.3934867 594 634 614 577 721 662
1533316576.4559436 592 634 613 600 721 661
1533316576.5027688 595 636 620 624 731 663
1533316576.549663 592 635 611 623 718 659
1533316576.6165648 580 634 607 634 712 657
1533316576.6568105 601 637 611 635 715 675
1533316576.7193985 602 637 612 638 711 679
1533316576.7661598 604 638 607 630 709 689
1533316576.8130336 611 641 612 636 712 690
1533316576.8755102 605 639 607 655 719 687
1533316576.9223742 601 636 598 639 696 681
1533316576.9692414 594 636 609 615 713 663
1533316577.020772 624 642 613 632 713 713
1533316577.0871472 627 644 615 633 716 722
1533316577.1391764 626 642 611 623 711 722
1533316577.179143 628 645 620 628 723 723
1533316577.2300367 630 645 621 630 725 726
1533316577.2925246 630 646 622 628 725 726
1533316577.339425 625 644 620 620 722 718
1533316577.4169555 624 643 619 618 723 717
1533316577.4481993 628 644 620 621 723 722
1533316577.4950624 626 644 617 617 722 718
1533316577.5419264 624 643 618 615 721 716
1533316577.6089764 622 642 618 611 721 712
1533316577.661607 621 642 617 610 720 713
1533316577.7009053 623 642 619 613 724 714
1533316577.7633915 623 643 620 612 724 714
1533316577.810257 621 642 619 610 724 711
1533316577.8571212 625 643 620 614 725 719
1533316577.9508474 626 644 620 614 724 720
1533316577.9664688 625 644 620 613 724 719
1533316578.0133314 624 644 620 612 724 718
1533316578.079361 621 642 618 608 722 712
1533316578.1318662 624 643 619 610 724 715
1533316578.1788096 624 643 619 610 724 716
1533316578.2256775 623 643 619 610 723 716
1533316578.2881618 623 643 619 609 723 709
1533316578.3350236 624 643 620 611 724 717
1533316578.3818872 623 643 619 609 723 716
1533316578.4599977 622 642 619 607 723 712
1533316578.4912388 624 643 619 609 724 716
1533316578.5381038 623 642 619 608 724 715
1533316578.5927188 622 643 619 607 724 712
1533316578.639601 621 642 619 605 724 713
1533316578.7020693 623 643 620 609 725 715
1533316578.7489316 622 643 620 609 725 714
1533316578.7957954 621 642 619 607 724 711
1533316578.8582795 619 642 618 605 724 707
1533316578.9051447 623 643 620 609 725 715
1533316578.983253 622 642 619 607 725 713
1533316579.014542 622 642 619 607 725 713
1533316579.0613592 620 641 619 606 724 711
1533316579.1235683 623 642 619 608 725 715
1533316579.1764808 622 642 619 607 724 713
1533316579.2233465 618 641 618 604 724 709
1533316579.2799547 619 642 619 606 724 711
1533316579.326816 624 643 620 609 725 717
1533316579.37368 625 643 618 603 725 718
1533316579.4361649 625 643 620 610 726 719
1533316579.5298939 626 643 621 611 726 721
1533316579.545515 626 644 620 611 726 720
1533316579.5944116 624 643 620 609 725 718
1533316579.6403236 625 643 620 610 725 718
1533316579.6848958 625 643 621 609 726 719
1533316579.7473836 624 643 620 609 726 718
1533316579.7942462 625 644 620 608 726 719
1533316579.841109 625 645 620 607 725 719
1533316579.9036148 622 644 612 669 714 715
1533316579.9504912 607 641 608 659 708 691
1533316580.0206742 613 641 608 665 712 700
1533316580.0519207 606 640 613 648 722 689
1533316580.116044 612 642 617 671 723 697
1533316580.1689024 622 645 613 677 714 714
1533316580.2091596 622 643 605 674 708 714
1533316580.2716823 631 651 634 693 746 721
1533316580.3185413 628 648 629 694 737 722
1533316580.365373 633 652 633 698 744 725
1533316580.4278574 627 649 630 656 739 715
1533316580.4747238 625 649 630 648 739 713
1533316580.552829 624 648 630 641 738 712
1533316580.5863283 624 648 630 638 738 712
1533316580.6241329 624 648 629 633 738 711
1533316580.685281 624 648 630 631 738 711
1533316580.7321448 623 647 629 629 738 710
1533316580.7946608 622 646 626 624 734 709
1533316580.8414915 631 649 629 631 735 724
1533316580.8883579 622 646 625 620 732 710
1533316580.9508402 621 645 622 615 727 709
1533316580.997709 620 645 621 613 727 709
1533316581.060191 620 645 621 612 727 708
1533316581.1093183 622 645 623 615 730 711
1533316581.1612482 621 644 620 611 726 710
1533316581.2081635 620 644 620 610 726 709
1533316581.2550676 618 644 620 608 726 707
1533316581.3175135 617 643 619 606 725 704
1533316581.3643765 616 643 619 604 725 702
1533316581.4112413 615 643 619 603 724 700
1533316581.4737277 614 642 618 601 724 698
1533316581.5206301 613 642 618 599 723 697
1533316581.5923765 612 641 618 599 723 696
1533316581.6247823 611 641 617 597 722 694
1533316581.671644 611 641 616 596 722 695
1533316581.734163 613 641 618 599 723 697
1533316581.7810268 612 641 617 598 724 696
1533316581.8278582 612 641 617 597 723 695
1533316581.8903425 613 641 618 598 724 697
1533316581.937244 613 641 617 598 724 698
1533316581.9841034 614 641 618 599 724 699
1533316582.04659 614 641 617 597 723 699
1533316582.1192372 613 641 615 596 720 698
1533316582.1531482 614 641 617 598 723 700
1533316582.1957352 615 641 614 597 719 703
1533316582.2479162 608 639 614 598 719 694
1533316582.3104017 619 642 619 603 724 708
1533316582.3572686 618 642 620 603 727 705
1533316582.404168 619 643 620 605 727 709
1533316582.466617 623 644 620 608 727 715
1533316582.5134816 622 644 621 607 727 712
1533316582.5603435 621 644 621 608 728 713
1533316582.6407156 625 645 622 611 729 718
1533316582.6757207 624 644 622 610 729 717
1533316582.7256663 621 642 613 601 718 714
1533316582.7725296 623 644 619 607 725 715
1533316582.8193944 624 645 623 611 730 716
1533316582.8818798 623 644 623 610 729 715
1533316582.9287434 623 644 620 606 725 716
1533316582.9756074 624 645 618 601 720 716
1533316583.036936 623 644 615 599 719 716
1533316583.0925548 623 644 612 598 714 718
1533316583.170675 609 638 589 640 683 708
1533316583.1943262 613 642 612 667 721 701
1533316583.2439396 612 642 618 672 726 699
1533316583.290801 618 645 620 678 726 709
1533316583.3533423 619 644 618 678 725 708
1533316583.4001825 620 645 619 681 726 710
1533316583.4509335 622 646 622 687 730 711
1533316583.4977999 619 643 611 679 710 709
1533316583.5602832 624 646 628 697 738 714
1533316583.609021 618 642 613 668 719 707
1533316583.685618 620 645 625 654 734 710
1533316583.7168598 618 643 619 638 724 708
1533316583.7729025 621 644 617 633 721 716
1533316583.8124163 621 642 612 624 715 714
1533316583.8748653 622 644 617 626 722 715
1533316583.921728 621 644 619 624 725 713
1533316583.9685924 612 638 596 595 693 706
1533316584.0310774 609 637 598 591 696 698
1533316584.0854678 610 637 597 590 695 700
1533316584.1379838 611 638 597 588 678 704
1533316584.2078574 610 637 597 588 696 702
1533316584.239136 609 636 595 583 692 701
1533316584.2860029 609 636 595 583 693 700
1533316584.342148 605 634 586 571 680 698
1533316584.3890665 615 642 615 604 723 703
1533316584.4514992 613 641 614 602 720 701
1533316584.4983625 614 641 614 601 720 702
1533316584.5452251 614 641 614 602 721 703
1533316584.6079357 610 640 613 597 719 698
1533316584.657174 604 638 612 590 719 686
1533316584.7317681 612 641 616 598 722 695
1533316584.7630446 614 641 616 601 723 701
1533316584.8098736 614 641 616 601 723 703
1533316584.8567371 614 641 617 600 724 702
1533316584.9192212 614 641 617 600 723 702
1533316584.9661376 608 639 615 593 721 692
1533316585.0129504 611 640 616 597 722 697
1533316585.0782766 612 641 616 597 722 698
1533316585.1306632 613 641 617 598 723 700
1533316585.1765888 614 641 617 599 723 702
1533316585.2703173 615 641 617 600 724 703
1533316585.2859395 615 642 617 599 723 704
1533316585.3328025 615 642 617 599 724 704
1533316585.3796682 615 641 617 599 723 703
1533316585.4421523 614 641 617 598 723 702
1533316585.4890184 614 641 617 598 723 702
1533316585.535928 612 641 617 597 723 700
1533316585.6002233 616 642 618 600 724 706
1533316585.641886 616 642 618 600 724 705
1533316585.7043703 615 642 617 599 724 705
1533316585.7824762 615 641 618 600 724 704
1533316585.7981296 616 642 618 601 724 706
1533316585.8605833 613 641 618 599 726 701
1533316585.9074466 615 642 620 602 727 703
1533316585.9543126 617 642 620 603 728 706
1533316586.0183468 616 642 620 602 727 704
1533316586.0710588 617 643 621 603 728 707
1533316586.1229224 621 644 621 605 728 713
1533316586.1748145 624 646 624 608 732 717
1533316586.2261496 626 648 632 683 746 718
1533316586.2886376 618 645 620 671 726 708
1533316586.3199127 611 642 610 664 712 699
1533316586.3823652 613 645 615 668 719 699
1533316586.429229 615 645 612 669 717 703
1533316586.4760919 618 648 617 674 722 706
1533316586.5385768 619 647 614 675 718 708
1533316586.5927315 616 646 612 668 715 708
1533316586.645256 617 645 613 651 717 707
1533316586.6858265 619 646 613 678 717 710
1533316586.7483132 621 646 617 650 722 712
1533316586.8264604 621 647 617 640 723 712
1533316586.8420415 620 645 614 628 718 711
1533316586.904524 621 646 617 627 724 711
1533316586.9513938 620 646 618 624 725 710
1533316586.9982545 620 646 619 621 725 709
1533316587.0607393 617 645 618 616 725 706
1533316587.1085598 620 645 618 616 725 709
1533316587.1674922 620 646 620 616 727 710
1533316587.214352 620 645 620 615 726 710
1533316587.2612147 620 645 619 613 726 709
1533316587.339322 619 645 619 612 725 709
1533316587.3705645 619 645 619 610 725 709
1533316587.4174297 619 645 619 609 725 709
1533316587.4799156 619 645 618 608 725 709
1533316587.526779 619 645 618 607 724 709
1533316587.5852678 619 645 618 606 725 709
1533316587.6378357 619 644 618 606 724 709
1533316587.685445 619 645 618 605 724 709
1533316587.7323103 619 645 617 604 723 709
1533316587.794794 618 644 615 601 720 708
1533316587.85728 619 645 618 604 725 709
1533316587.8885236 618 645 618 603 724 707
1533316587.9359698 617 644 618 602 724 705
1533316587.9984522 616 644 618 601 724 704
1533316588.0453198 616 644 618 601 723 705
1533316588.1081212 617 644 618 601 724 706
1533316588.1600325 616 644 617 600 724 705
1533316588.2089446 615 643 617 599 723 704
1533316588.2625093 616 643 617 598 722 704
1533316588.3093748 612 641 612 592 716 699
1533316588.371862 614 642 611 593 714 704
1533316588.4187233 615 642 610 592 712 706
1533316588.4729404 614 642 612 594 715 707
1533316588.5198078 616 642 612 594 716 707
1533316588.5666702 614 641 605 587 707 706
1533316588.624076 617 642 610 593 714 709
1533316588.6820557 617 642 610 593 714 709
1533316588.7300084 616 642 610 593 713 707
1533316588.7768707 617 643 614 596 718 708
1533316588.8393552 617 643 614 597 719 708
1533316588.901841 617 643 613 596 718 708
1533316588.9331172 617 643 612 595 716 708
1533316588.9955707 617 642 611 594 715 708
1533316589.0361378 616 642 611 593 715 707
1533316589.0999203 619 643 613 597 717 711
1533316589.1527808 619 643 613 598 718 712
1533316589.1923873 620 643 613 598 718 713
1533316589.2548711 620 643 612 598 717 712
1533316589.3017359 620 643 613 598 718 713
1533316589.3486006 620 643 612 597 716 712
1533316589.4423277 620 644 615 599 720 712
1533316589.457949 619 643 614 599 720 711
1533316589.5048118 621 644 615 600 720 713
1533316589.5586452 620 643 612 597 716 713
1533316589.6219847 620 643 613 599 718 713
1533316589.6715279 621 644 613 598 717 714
1533316589.7183952 622 645 617 603 723 715
1533316589.7709265 621 644 615 601 721 714
1533316589.817791 620 643 615 599 721 711
1533316589.8802774 623 645 616 603 722 716
1533316589.9427636 622 644 616 602 722 714
1533316589.974058 622 644 616 602 722 715
1533316590.0404022 622 645 616 602 721 715
1533316590.0927188 622 645 616 602 722 714
1533316590.144398 623 645 617 604 723 717
1533316590.1972556 625 645 618 606 724 719
1533316590.2395525 624 645 618 605 724 717
1533316590.294108 622 645 617 604 722 716
1533316590.340971 622 643 613 599 718 716
1533316590.4034579 623 644 614 601 719 718
1533316590.4659433 622 644 613 599 717 716
1533316590.497185 622 643 611 598 716 717
1533316590.562098 622 643 610 597 712 718
1533316590.6073823 622 643 608 595 711 718
1533316590.6542432 623 644 610 597 714 718
1533316590.7192822 623 644 612 599 716 718
