1534351619.1243358 646 544 577 726 553 717 -3142 -2844 6946 194 153 17 37 100 57
1534351619.2010376 647 544 577 726 553 716 -3126 -2830 6940 248 139 2 38 100 56
1534351619.2679126 647 544 577 726 553 716 -3078 -2850 6912 213 131 4 40 100 56
1534351619.3219194 646 544 577 726 553 716 -3102 -2866 6870 232 112 14 40 99 54
1534351619.3998048 646 544 577 726 553 716 -3080 -2832 6866 220 121 39 40 99 58
1534351619.4622636 646 544 577 726 553 716 -3092 -2850 6868 200 155 -2 37 98 54
1534351619.5315468 646 544 577 726 553 716 -3112 -2840 6830 215 146 3 39 100 56
1534351619.5883014 646 544 577 726 553 716 -3104 -2822 6832 217 139 7 40 98 55
1534351619.6507854 646 544 577 726 553 716 -3108 -2844 6884 213 92 24 39 97 56
1534351619.7132702 646 544 577 726 553 715 -3098 -2834 6858 204 138 8 38 97 55
1534351619.8853464 647 544 577 726 553 716 -3118 -2822 6922 234 129 18 40 99 54
1534351619.9322116 646 544 577 726 553 716 -3112 -2854 6932 190 123 16 41 100 55
1534351619.98376 647 544 577 726 553 716 -3118 -2828 6896 177 146 3 39 101 57
1534351620.0306242 646 544 577 726 553 716 -3046 -2874 6862 232 131 15 40 102 56
1534351620.0774891 647 544 577 726 553 716 -3076 -2822 6852 185 122 -4 40 97 55
1534351620.1243773 647 544 577 726 553 716 -3096 -2824 6930 234 133 19 40 99 55
1534351620.1868389 646 544 577 726 553 716 -3094 -2868 6934 204 120 -10 39 99 57
1534351620.2493224 647 544 577 726 553 716 -3114 -2840 6860 208 122 20 38 100 57
1534351620.3227072 647 544 577 726 553 716 -3118 -2854 6898 196 142 24 38 99 54
1534351620.3851986 646 544 577 726 553 716 -3066 -2864 6882 178 134 8 40 98 54
1534351620.4476779 647 544 577 726 553 716 -3116 -2830 6856 235 110 10 39 98 54
1534351620.5139682 647 544 577 726 553 716 -3124 -2824 6926 211 148 11 39 99 55
1534351620.5765622 647 544 577 725 553 716 -3096 -2820 6882 222 111 -3 40 100 57
1534351620.6545722 647 544 577 726 553 716 -3096 -2874 6846 139 199 -9 39 100 58
1534351620.717042 646 544 577 726 553 716 -3066 -2800 6912 195 151 43 38 101 54
1534351620.7887464 647 544 577 726 552 716 -3104 -2862 6940 223 127 27 41 99 55
1534351620.854572 646 544 577 726 553 716 -3092 -2850 6896 207 119 20 39 98 57
1534351620.9192193 646 544 577 726 553 716 -3114 -2850 6832 218 124 -9 41 99 55
1534351620.981857 646 544 577 726 553 716 -3108 -2828 6938 256 136 47 40 99 55
1534351621.0536492 646 544 577 726 553 716 -3098 -2854 6954 194 151 52 37 98 56
1534351621.1186643 646 544 577 725 553 716 -3110 -2824 6870 183 153 3 40 99 55
1534351621.1811538 647 544 577 726 553 716 -3098 -2808 6900 254 130 22 38 99 55
1534351621.2501707 646 544 577 725 553 716 -3060 -2864 6902 236 130 27 39 100 56
1534351621.3061554 646 544 577 726 553 716 -3054 -2828 6942 233 151 -17 37 99 57
1534351621.3845236 647 544 577 726 553 716 -3100 -2862 6932 229 138 -12 40 99 55
1534351621.4467516 647 544 577 725 553 716 -3078 -2852 6918 216 119 51 42 98 54
1534351621.5172753 647 544 577 726 553 716 -3110 -2842 6888 225 137 33 40 100 56
1534351621.5727017 647 544 577 726 553 716 -3104 -2844 6934 237 133 18 41 99 53
1534351621.6351876 647 544 577 726 553 716 -3076 -2846 6844 205 114 42 38 98 58
1534351621.7133303 647 544 577 726 553 716 -3138 -2820 6864 224 131 8 39 100 55
1534351621.782693 646 544 577 726 553 716 -3098 -2848 6860 194 152 30 38 100 53
1534351621.8495145 646 544 577 725 553 716 -3082 -2854 6912 205 127 -8 40 99 56
1534351621.9147875 646 544 577 726 553 716 -3100 -2838 6886 221 108 25 39 98 57
1534351621.9736125 646 544 577 726 553 716 -3120 -2886 6924 195 111 0 42 99 55
1534351622.0469139 647 544 577 726 552 716 -3090 -2834 6878 263 155 30 41 100 56
1534351622.1127157 647 544 577 726 553 716 -3110 -2838 6928 231 111 9 40 100 56
1534351622.1736279 646 544 577 726 553 716 -3116 -2840 6892 209 124 26 38 99 57
1534351622.2361128 646 544 577 726 553 716 -3120 -2836 6920 194 128 26 39 97 54
1534351622.3105845 647 544 577 725 553 716 -3086 -2848 6868 214 116 12 39 99 55
1534351622.377414 646 544 577 726 553 716 -3108 -2850 6884 193 109 19 40 100 57
1534351622.4435859 646 544 577 726 553 716 -3092 -2832 6850 234 131 7 39 100 56
1534351622.510407 646 544 577 726 553 716 -3108 -2836 6908 218 139 15 40 100 57
1534351622.570532 646 544 577 726 553 716 -3138 -2850 6950 211 155 28 40 101 54
1534351622.633017 647 544 577 726 553 716 -3078 -2888 6930 219 137 4 40 100 56
1534351622.7049878 646 544 577 726 553 716 -3092 -2826 6908 249 125 12 41 99 56
1534351622.774394 646 544 577 725 553 716 -3062 -2878 6920 207 130 4 40 97 56
1534351622.8389559 646 544 577 726 553 716 -3098 -2884 6956 226 105 32 38 99 56
1534351622.9014764 646 544 577 726 553 716 -3110 -2826 6874 202 130 26 41 101 55
1534351622.9640055 646 544 577 725 553 716 -3092 -2846 6904 225 127 0 39 100 54
1534351623.038355 646 544 577 726 553 716 -3138 -2848 6920 214 104 0 41 99 56
1534351623.1046646 647 544 577 726 553 716 -3100 -2834 6912 218 126 8 40 99 56
1534351623.1671844 646 544 577 725 553 716 -3106 -2854 6910 222 106 14 39 100 54
1534351623.2370074 646 544 577 726 553 716 -3082 -2852 6914 200 130 27 39 100 54
1534351623.303315 646 544 577 726 553 716 -3136 -2836 6888 208 132 27 41 99 58
1534351623.3542058 646 544 577 725 553 716 -3098 -2840 6890 195 115 1 40 98 55
1534351623.4323118 647 544 577 726 553 716 -3050 -2804 6944 196 134 -4 42 100 54
1534351623.5000668 646 544 577 726 553 716 -3118 -2846 6914 214 111 23 39 97 54
1534351623.5672195 646 544 577 726 553 716 -3086 -2868 6926 229 137 29 41 99 56
1534351623.6214917 646 544 577 726 553 716 -3098 -2876 6856 206 134 33 39 99 57
1534351623.6995966 646 544 577 725 553 716 -3090 -2894 6906 177 134 -6 39 99 56
1534351623.7669091 646 544 577 726 553 716 -3116 -2846 6796 246 134 10 39 99 55
1534351623.8215418 646 544 577 726 552 716 -3120 -2848 6908 213 119 -1 37 100 55
1534351623.8996572 646 544 577 726 553 716 -3104 -2840 6924 220 113 19 42 100 55
1534351623.9621613 646 544 577 726 553 716 -3096 -2854 6884 223 175 -4 39 100 54
1534351624.0340056 646 544 577 726 553 716 -3072 -2832 6848 221 100 -11 41 99 55
1534351624.0863056 646 544 577 726 553 716 -3084 -2852 6912 230 113 24 39 98 56
1534351624.1643968 647 544 577 726 553 716 -3082 -2846 6886 207 104 -2 40 100 57
1534351624.2319095 646 544 577 726 553 716 -3080 -2808 6924 206 137 43 39 100 54
1534351624.2995017 647 544 577 725 553 716 -3116 -2852 6894 248 129 1 40 100 57
1534351624.3545144 647 544 577 726 553 716 -3112 -2866 6906 210 119 2 39 99 57
1534351624.4325843 647 544 577 726 553 715 -3106 -2846 6864 192 118 19 38 100 58
1534351624.483908 647 544 577 726 553 716 -3112 -2862 6888 220 120 -3 40 99 57
1534351624.5561724 646 544 577 726 553 716 -3120 -2852 6900 243 142 25 39 99 54
1534351624.6189332 646 544 577 726 553 716 -3112 -2848 6858 203 118 36 39 98 56
1534351624.6811416 646 544 577 726 553 716 -3074 -2880 6864 228 147 25 39 99 57
1534351624.7472742 646 544 577 726 553 716 -3088 -2838 6950 261 135 2 39 100 55
1534351624.8233793 646 544 577 726 553 716 -3076 -2840 6900 167 175 33 41 98 57
1534351624.8858676 647 544 577 726 553 716 -3122 -2852 6870 218 155 11 41 99 53
1534351624.9483643 647 544 577 726 553 716 -3072 -2864 6880 261 116 23 42 100 56
1534351625.0143793 647 544 577 726 553 716 -3062 -2816 6874 174 118 40 41 98 54
1534351625.0889409 646 544 577 726 553 716 -3102 -2840 6894 196 101 -4 39 100 54
1534351625.151428 646 544 577 725 553 716 -3098 -2806 6942 174 154 4 39 99 55
1534351625.2139404 646 544 577 726 553 716 -3086 -2866 6892 197 123 23 38 99 56
1534351625.289223 647 544 577 726 553 716 -3096 -2862 6922 229 147 5 41 99 57
1534351625.3548794 647 544 577 726 553 716 -3096 -2834 6902 191 122 11 40 99 55
1534351625.417359 647 544 577 726 553 716 -3094 -2840 6908 225 133 45 40 99 57
1534351625.4796672 647 544 577 726 553 716 -3074 -2840 6918 213 116 16 40 99 56
1534351625.5533695 647 544 577 726 553 716 -3102 -2864 6916 210 131 15 40 99 57
1534351625.61057 646 544 577 726 553 716 -3110 -2848 6924 225 137 10 38 102 55
1534351625.6732013 646 544 577 725 553 716 -3080 -2854 6902 162 118 9 40 98 56
1534351625.758234 646 544 577 726 553 716 -3074 -2842 6870 239 109 16 40 100 56
1534351625.8190706 647 544 577 726 553 716 -3110 -2846 6912 212 137 13 38 100 56
1534351625.8857825 647 544 577 725 553 716 -3100 -2838 6888 202 120 21 38 99 55
1534351625.9483154 646 544 577 725 553 716 -3114 -2858 6922 232 139 28 38 98 55
1534351626.015503 647 544 577 726 552 716 -3084 -2850 6878 230 122 -2 39 98 56
1534351626.0782313 646 544 577 725 553 716 -3136 -2876 6942 231 128 15 39 98 56
1534351626.1405084 647 544 577 726 553 716 -3102 -2864 6860 209 109 15 39 99 56
1534351626.2029607 646 544 577 726 553 716 -3098 -2846 6896 198 103 11 38 98 54
1534351626.2825215 646 544 576 726 553 716 -3106 -2844 6910 192 145 24 40 101 53
1534351626.3371704 646 544 577 725 553 716 -3106 -2850 6862 242 141 12 40 100 55
1534351626.4152749 646 544 577 726 553 716 -3096 -2848 6924 241 131 23 40 100 55
1534351626.4777598 646 544 577 725 553 716 -3106 -2860 6898 249 129 20 37 99 53
1534351626.5489733 646 544 577 726 553 716 -3092 -2860 6948 218 114 36 41 97 54
1534351626.6041274 647 544 577 726 553 716 -3090 -2834 6896 197 104 22 39 100 56
1534351626.6667306 646 544 577 726 553 716 -3104 -2890 6896 218 114 13 40 98 55
1534351626.7467186 646 544 577 726 553 716 -3096 -2832 6906 243 122 1 38 98 54
1534351626.8133807 647 544 577 725 552 716 -3082 -2830 6946 246 148 16 40 100 57
1534351626.8694654 646 544 577 725 553 716 -3102 -2886 6920 208 116 3 39 101 57
1534351626.9317865 646 544 577 726 553 716 -3110 -2856 6900 171 169 18 40 100 58
1534351627.012562 647 544 577 726 553 716 -3122 -2854 6902 187 133 0 40 101 57
1534351627.072761 647 544 577 726 553 716 -3078 -2838 6832 219 132 21 39 97 55
1534351627.135321 646 544 577 726 553 716 -3088 -2836 6904 240 126 -10 39 99 56
1534351627.197734 646 544 577 726 552 716 -3072 -2844 6874 204 118 18 39 100 56
1534351627.2784214 647 544 577 726 552 716 -3120 -2868 6892 193 127 33 39 99 56
1534351627.337717 646 544 577 726 552 716 -3100 -2876 6896 206 140 7 41 101 56
1534351627.400429 646 544 577 726 553 716 -3102 -2834 6844 186 125 -8 43 99 56
1534351627.4657867 646 544 577 726 552 716 -3072 -2838 6876 220 117 20 38 101 57
1534351627.5435622 646 544 577 726 552 716 -3086 -2840 6816 239 139 18 40 99 55
1534351627.6028295 646 544 577 726 553 716 -3096 -2878 6854 210 146 7 38 97 57
1534351627.665581 646 544 577 726 553 715 -3102 -2850 6936 230 134 22 38 98 54
1534351627.7425747 646 544 577 725 552 716 -3092 -2814 6886 207 116 39 40 100 57
1534351627.8078668 647 544 577 726 553 716 -3100 -2862 6878 197 134 16 39 99 57
1534351627.8700376 646 544 577 726 552 716 -3112 -2832 6878 232 106 39 39 98 56
1534351627.9325242 646 544 577 726 553 716 -3096 -2836 6936 229 162 25 40 99 55
1534351627.9990025 646 544 577 725 553 716 -3112 -2826 6874 219 99 26 38 97 55
1534351628.0557647 646 544 576 726 552 715 -3112 -2852 6926 215 104 4 37 98 57
1534351628.1338716 646 544 577 726 553 715 -3102 -2832 6872 206 125 -2 40 99 55
1534351628.1963565 646 544 577 725 553 716 -3108 -2866 6952 254 120 16 41 101 56
1534351628.2701683 646 544 577 725 552 716 -3058 -2834 6918 243 117 37 39 100 54
1534351628.3233013 646 544 577 725 552 716 -3124 -2872 6882 205 119 23 39 99 55
1534351628.401408 646 544 577 726 552 716 -3074 -2846 6884 206 120 -5 38 97 55
1534351628.4641306 646 544 577 726 553 716 -3124 -2854 6866 195 141 26 38 98 58
1534351628.534005 646 544 577 725 553 716 -3062 -2860 6868 221 120 -6 39 98 55
1534351628.587915 646 544 577 726 552 716 -3084 -2816 6854 214 98 8 40 99 58
1534351628.6503997 646 544 577 726 552 715 -3098 -2886 6900 202 134 30 41 99 57
1534351628.7284558 646 544 577 725 552 716 -3094 -2828 6934 226 117 7 40 99 55
1534351628.7944198 646 544 577 726 552 716 -3094 -2860 6926 252 109 16 38 96 53
1534351628.853572 646 544 577 726 552 716 -3094 -2836 6896 225 170 -3 39 99 55
1534351628.916127 646 544 577 725 553 716 -3098 -2850 6874 222 152 20 39 99 57
1534351628.9823604 646 544 577 726 552 716 -3108 -2834 6876 218 112 -25 40 100 56
1534351629.0732086 646 544 577 726 552 716 -3130 -2870 6890 221 145 7 40 100 57
1534351629.1200736 646 544 577 726 552 716 -3130 -2834 6882 206 126 2 41 100 56
1534351629.1825588 646 544 577 726 552 716 -3110 -2828 6914 195 130 2 39 99 57
1534351629.2560825 646 544 577 725 552 715 -3120 -2844 6878 201 90 10 41 98 54
1534351629.3206544 646 544 577 726 552 716 -3090 -2870 6884 228 119 6 39 99 55
1534351629.3831697 646 544 577 726 552 716 -3064 -2836 6958 227 129 28 40 101 54
1534351629.4455888 646 544 577 726 552 716 -3102 -2812 6952 215 143 15 40 99 55
1534351629.520299 647 544 577 725 552 716 -3088 -2832 6840 206 115 7 39 100 54
1534351629.5711982 646 544 577 725 552 716 -3074 -2854 6836 205 134 12 39 98 54
1534351629.6492946 647 544 577 725 552 716 -3072 -2840 6844 189 148 -10 41 99 55
1534351629.7167845 647 544 576 726 552 716 -3094 -2826 6880 225 130 1 40 98 55
1534351629.784259 647 544 577 726 552 716 -3122 -2832 6906 229 108 37 39 99 54
1534351629.8390822 646 544 577 726 552 716 -3098 -2828 6922 223 125 30 41 98 55
1534351629.9015713 646 544 577 726 552 716 -3078 -2820 6916 224 125 35 40 98 56
1534351629.9796777 646 544 577 726 552 716 -3102 -2838 6922 227 124 15 38 99 54
1534351630.0482962 646 544 577 725 552 716 -3104 -2882 6898 239 140 1 39 101 55
1534351630.103002 646 544 577 725 552 716 -3098 -2864 6896 236 151 30 38 100 55
1534351630.1811042 646 544 577 726 552 716 -3112 -2870 6920 194 133 23 39 99 55
1534351630.246817 646 544 576 725 552 716 -3092 -2828 6896 206 116 17 41 99 56
1534351630.3059266 646 544 577 726 552 716 -3066 -2852 6948 177 126 22 41 99 57
1534351630.3840325 646 544 577 725 552 716 -3106 -2868 6872 194 156 31 40 102 55
1534351630.4309514 646 544 577 725 552 716 -3076 -2890 6890 220 126 8 39 98 54
1534351630.4976873 647 544 576 725 552 716 -3106 -2840 6888 185 143 5 39 98 55
1534351630.5721796 646 544 577 726 552 716 -3080 -2836 6916 206 112 35 39 100 55
1534351630.6346679 647 544 577 725 552 716 -3128 -2836 6946 233 136 13 39 99 55
1534351630.6971507 646 544 576 725 552 716 -3098 -2830 6926 221 121 22 40 100 55
1534351630.7763643 646 544 577 725 552 716 -3092 -2856 6918 236 136 23 39 98 55
1534351630.8367448 647 544 577 725 552 716 -3116 -2832 6880 218 128 17 41 98 55
1534351630.8992298 646 544 577 725 552 716 -3158 -2876 6878 218 126 6 39 98 55
1534351630.9647436 646 544 577 725 552 717 -3084 -2846 6902 216 151 37 40 101 55
1534351631.0475445 646 544 577 725 552 716 -3088 -2864 6860 251 129 20 38 98 55
1534351631.1029043 646 544 577 725 552 716 -3104 -2854 6932 225 123 25 39 99 54
1534351631.165409 647 543 576 725 552 716 -3106 -2862 6932 165 136 35 39 98 57
1534351631.2380166 646 544 576 725 552 716 -3098 -2864 6878 200 127 54 38 99 56
1534351631.3053672 646 544 577 725 552 716 -3112 -2844 6986 221 111 13 40 101 56
1534351631.370477 646 544 577 725 552 716 -3100 -2850 6894 197 109 10 39 99 54
1534351631.4332004 646 544 577 725 552 716 -3074 -2838 6892 201 120 30 39 100 56
1534351631.49955 646 544 577 725 552 716 -3116 -2838 6848 177 97 19 39 99 56
1534351631.569175 646 544 576 725 552 716 -3068 -2866 6908 219 133 -7 39 99 54
1534351631.6351054 646 544 577 726 552 716 -3080 -2838 6984 204 156 15 40 99 56
1534351631.6974015 646 544 576 725 552 716 -3120 -2864 6912 237 100 14 38 99 56
1534351631.7669144 646 544 576 726 552 716 -3088 -2842 6906 210 131 35 38 99 55
1534351631.8222373 646 544 577 725 552 716 -3112 -2860 6898 204 122 15 39 100 54
1534351631.884722 646 544 577 726 552 716 -3124 -2856 6904 213 98 -1 39 98 56
1534351631.9629765 646 544 576 725 552 715 -3076 -2846 6886 223 150 29 40 98 54
1534351632.0312517 647 544 576 726 552 716 -3108 -2868 6864 220 140 16 40 99 56
1534351632.0892065 646 544 576 725 552 716 -3132 -2846 6846 217 146 35 40 101 55
1534351632.1516953 646 544 577 726 552 716 -3088 -2836 6876 189 102 -9 38 100 56
1534351632.2326465 646 544 577 725 552 716 -3086 -2860 6878 202 129 26 40 100 56
1534351632.2983477 646 544 577 726 552 716 -3120 -2864 6918 217 141 17 40 98 55
1534351632.3526962 646 544 576 725 552 716 -3098 -2866 6950 218 173 11 38 99 56
1534351632.415341 646 544 577 725 552 716 -3078 -2880 6852 215 113 12 37 99 55
1534351632.4962978 646 544 576 725 552 716 -3102 -2836 6836 221 125 -2 40 98 54
1534351632.5612118 646 544 577 725 552 716 -3094 -2842 6902 192 91 29 39 98 57
1534351632.620213 646 544 576 726 552 716 -3102 -2878 6866 236 124 8 39 99 56
1534351632.6826968 646 544 576 726 552 715 -3080 -2828 6896 215 103 18 39 99 56
1534351632.7595665 646 544 576 726 552 716 -3110 -2854 6912 222 132 23 39 101 55
1534351632.826408 646 544 577 726 552 716 -3098 -2858 6936 201 124 11 39 100 54
1534351632.8871992 646 544 577 725 552 716 -3120 -2864 6890 235 130 17 38 99 56
1534351632.9494236 646 544 576 726 553 716 -3092 -2850 6900 193 112 26 39 99 56
1534351633.0307045 646 544 577 726 552 716 -3124 -2878 6904 192 156 5 39 99 56
1534351633.0870147 646 544 577 725 552 715 -3092 -2822 6930 197 125 -1 38 99 57
1534351633.1497228 646 544 576 726 552 716 -3078 -2826 6904 214 111 -5 41 98 55
1534351633.2154331 646 544 576 725 552 716 -3086 -2800 6892 215 145 -3 40 100 55
1534351633.2880507 646 544 577 725 552 716 -3110 -2828 6896 215 131 5 39 101 55
1534351633.3544488 646 544 577 725 552 716 -3090 -2854 6880 215 92 16 41 100 55
1534351633.4169858 646 544 576 725 552 716 -3082 -2880 6928 192 150 18 39 101 56
1534351633.479418 646 544 577 725 552 716 -3104 -2850 6928 194 142 37 39 98 54
1534351633.5520513 646 544 576 725 552 716 -3076 -2840 6930 230 111 9 38 99 55
1534351633.618779 646 544 576 725 552 716 -3106 -2826 6896 204 110 34 39 100 56
1534351633.6810708 646 544 577 725 552 716 -3090 -2838 6918 225 136 -6 38 100 56
1534351633.7462661 646 544 577 725 552 716 -3084 -2876 6902 209 100 -12 39 101 57
1534351633.821749 646 544 577 726 552 716 -3138 -2848 6950 232 113 -6 39 100 54
1534351633.886331 646 544 577 725 552 716 -3130 -2832 6908 221 127 28 41 101 56
1534351633.9488726 646 544 577 725 552 716 -3118 -2854 6894 220 96 8 40 99 54
1534351634.0199137 646 544 576 725 552 716 -3102 -2862 6914 171 133 22 39 101 56
1534351634.0718555 646 544 577 725 552 716 -3126 -2814 6878 228 131 16 40 99 55
1534351634.1496658 646 544 576 725 552 716 -3080 -2864 6850 203 163 20 38 97 57
1534351634.2151885 646 544 577 725 552 716 -3084 -2850 6928 217 159 12 39 98 55
1534351634.2852073 646 544 577 725 552 716 -3124 -2860 6876 190 144 39 40 100 57
1534351634.3525023 646 544 577 726 552 716 -3112 -2842 6846 201 114 10 39 99 57
1534351634.4151256 646 544 576 725 552 716 -3018 -2828 6936 223 119 11 39 101 53
1534351634.4774737 646 544 577 725 552 716 -3092 -2834 6854 244 134 22 40 100 57
1534351634.550634 646 544 577 725 552 716 -3104 -2838 6864 200 141 -2 39 99 55
1534351634.6027176 646 544 576 725 552 716 -3110 -2836 6954 223 121 32 39 98 55
1534351634.680786 646 544 576 725 552 716 -3072 -2846 6892 179 98 15 41 99 55
1534351634.7478561 646 544 576 725 552 716 -3088 -2844 6942 194 134 20 39 99 53
1534351634.8128185 646 544 577 725 552 716 -3074 -2854 6894 197 105 1 41 98 55
1534351634.8697197 646 544 576 726 552 715 -3102 -2856 6904 242 143 17 38 99 53
1534351634.9320257 646 544 577 725 552 716 -3092 -2848 6950 226 124 24 41 101 56
1534351635.0231025 646 544 577 725 552 716 -3086 -2842 6954 234 134 23 41 100 56
1534351635.0719266 646 544 577 726 552 716 -3098 -2866 6908 214 135 11 40 98 56
1534351635.1343055 646 544 577 725 552 716 -3132 -2886 6856 203 78 34 39 99 55
1534351635.1968215 646 544 576 726 552 715 -3072 -2820 6912 254 125 26 41 100 55
1534351635.276642 646 544 577 725 552 716 -3100 -2882 6914 243 126 17 39 97 54
1534351635.3374465 646 544 576 726 552 716 -3118 -2854 6894 206 148 14 39 100 57
1534351635.399896 646 544 577 725 552 716 -3108 -2844 6906 211 113 4 39 99 56
1534351635.4625962 646 544 576 725 551 716 -3086 -2856 6876 209 120 -15 40 99 58
1534351635.5417292 646 544 577 725 552 716 -3088 -2866 6904 223 125 22 39 99 56
1534351635.6043413 646 544 576 725 552 716 -3092 -2816 6920 207 133 21 39 99 56
1534351635.6668062 646 544 576 725 552 716 -3076 -2846 6874 187 117 23 38 99 54
1534351635.7397435 646 544 576 726 552 716 -3076 -2838 6928 217 138 22 40 98 57
1534351635.8052557 647 544 576 725 552 716 -3042 -2870 6924 241 116 21 42 99 57
1534351635.8701522 646 544 576 725 552 716 -3084 -2858 6888 214 161 2 40 99 56
1534351635.9326348 646 544 576 726 552 716 -3082 -2826 6892 216 143 32 40 99 57
1534351636.0020056 646 544 576 725 552 716 -3066 -2824 6944 231 147 15 40 99 57
1534351636.054958 646 544 576 726 552 716 -3078 -2878 6914 215 131 26 39 100 57
1534351636.1330986 646 544 577 725 552 716 -3078 -2838 6868 174 136 6 40 99 57
1534351636.1958208 646 544 576 725 552 716 -3062 -2848 6880 212 156 33 38 98 56
1534351636.2651274 646 544 576 725 552 716 -3104 -2862 6890 216 136 7 40 99 58
1534351636.3230698 646 544 576 725 552 716 -3122 -2844 6960 201 147 -2 40 99 57
1534351636.3855884 646 544 576 725 552 716 -3078 -2874 6890 201 103 -4 40 99 55
1534351636.463697 646 544 576 726 552 716 -3124 -2874 6870 189 115 10 39 100 55
1534351636.5315487 646 544 577 725 552 716 -3090 -2820 6896 233 136 21 40 100 55
1534351636.58693 646 544 577 726 552 716 -3090 -2838 6878 216 102 23 40 99 55
1534351636.6495705 646 544 576 726 552 716 -3124 -2844 6862 229 136 -11 40 98 56
1534351636.730475 646 544 577 725 552 716 -3102 -2838 6932 221 150 43 40 99 56
1534351636.7974348 646 544 576 725 552 716 -3108 -2860 6896 196 134 18 40 101 54
1534351636.8530166 646 544 576 726 552 716 -3098 -2886 6868 244 122 24 39 99 55
1534351636.9311216 646 544 576 725 552 716 -3110 -2828 6886 174 160 25 37 100 57
1534351636.996464 646 544 577 726 552 716 -3078 -2856 6872 194 119 36 40 98 57
1534351637.0629187 646 544 576 725 552 716 -3108 -2854 6918 168 122 17 40 99 53
1534351637.1190243 646 544 576 726 552 716 -3114 -2850 6908 188 126 13 40 99 57
1534351637.1817782 646 544 576 726 552 716 -3090 -2852 6914 216 143 42 39 100 57
1534351637.2622817 646 544 577 725 552 716 -3092 -2836 6888 171 111 20 40 101 58
1534351637.3209972 646 544 577 725 552 716 -3080 -2860 6924 189 108 2 40 100 55
1534351637.3837485 646 544 576 726 552 716 -3096 -2866 6904 199 161 8 40 99 55
1534351637.4461133 646 544 576 726 552 716 -3134 -2852 6892 226 130 21 38 100 54
1534351637.5264914 646 544 577 725 552 716 -3088 -2862 6932 198 122 14 39 99 56
1534351637.5867453 646 544 576 725 552 716 -3106 -2854 6904 232 144 34 42 99 54
1534351637.6492295 646 544 576 725 552 716 -3114 -2864 6868 224 99 24 38 100 54
1534351637.7117445 646 544 576 725 552 716 -3110 -2844 6910 221 129 14 39 100 55
1534351637.7915597 646 544 577 726 552 716 -3072 -2848 6848 236 147 17 38 99 54
1534351637.848889 646 544 576 725 552 715 -3084 -2868 6888 216 98 18 42 99 54
1534351637.911559 646 544 576 725 552 717 -3112 -2836 6938 210 130 2 41 100 56
1534351637.9895132 646 544 576 726 552 716 -3096 -2852 6866 214 165 -3 38 101 56
1534351638.0548275 646 544 577 726 552 716 -3088 -2836 6940 222 108 32 40 98 54
1534351638.1190486 646 544 576 725 552 716 -3132 -2848 6900 199 129 27 38 99 57
1534351638.181418 646 544 576 725 552 716 -3130 -2858 6924 193 131 38 40 101 57
1534351638.254464 646 544 577 725 552 716 -3120 -2832 6864 233 145 12 39 97 58
1534351638.3312578 646 544 576 725 552 716 -3080 -2886 6876 202 160 0 38 99 55
1534351638.371579 646 544 576 725 552 715 -3092 -2854 6880 218 100 19 41 100 57
1534351638.4496872 646 544 577 725 552 716 -3112 -2864 6950 223 157 -4 37 101 58
1534351638.520042 646 544 577 725 552 716 -3088 -2840 6914 224 142 -16 39 99 56
1534351638.5730014 646 544 577 725 552 716 -3080 -2844 6892 219 111 13 42 99 56
1534351638.651109 646 544 576 726 552 716 -3094 -2854 6908 221 121 16 38 100 54
1534351638.713598 646 544 576 726 552 716 -3102 -2874 6882 237 168 30 40 99 55
1534351638.7855837 646 544 576 726 552 716 -3088 -2832 6970 196 127 12 38 99 55
1534351638.8386672 646 544 576 725 552 716 -3092 -2842 6910 214 127 -1 38 100 55
1534351638.916778 646 544 577 725 552 716 -3084 -2850 6864 196 156 5 40 100 55
1534351638.9792595 646 544 576 725 552 716 -3062 -2850 6892 195 138 7 40 100 56
1534351639.0505211 646 544 576 725 552 716 -3096 -2836 6874 195 134 7 38 103 55
1534351639.1179638 646 544 576 725 552 716 -3086 -2848 6860 210 116 19 39 101 55
1534351639.180487 646 544 577 725 552 716 -3108 -2852 6852 178 138 6 38 99 56
1534351639.2472115 646 544 576 725 552 716 -3080 -2844 6878 208 136 17 40 98 55
1534351639.3060458 646 544 576 725 552 716 -3148 -2826 6864 227 162 26 39 98 55
1534351639.368798 646 544 576 725 552 716 -3090 -2882 6916 216 128 23 40 100 54
1534351639.4468887 646 544 577 726 552 716 -3112 -2844 6906 211 156 10 38 99 56
1534351639.513969 646 544 576 724 552 716 -3118 -2854 6906 199 146 7 41 100 56
1534351639.5715466 646 544 576 725 552 716 -3112 -2836 6896 205 141 12 39 101 58
1534351639.6496015 646 544 576 725 552 716 -3102 -2850 6870 200 99 20 39 100 55
1534351639.7120888 646 544 576 725 552 716 -3090 -2870 6886 215 125 35 38 99 57
1534351639.777786 646 544 576 725 552 716 -3092 -2838 6928 225 127 7 40 99 55
1534351639.837612 646 544 576 725 552 716 -3094 -2848 6906 175 119 6 39 101 57
1534351639.9000914 646 544 576 725 552 716 -3064 -2850 6908 238 136 15 40 101 56
1534351639.9627576 646 544 577 725 552 716 -3086 -2836 6874 181 134 -23 38 99 54
1534351640.0434864 646 544 577 725 552 716 -3078 -2876 6862 213 113 23 38 97 56
1534351640.1050735 646 544 576 726 552 716 -3102 -2858 6914 204 122 11 40 99 58
1534351640.1675549 646 544 576 725 552 716 -3094 -2874 6866 227 109 8 40 98 55
1534351640.230044 646 544 576 725 552 715 -3116 -2848 6880 225 138 17 38 100 54
1534351640.308873 646 544 576 725 552 716 -3068 -2846 6870 197 107 9 40 99 57
1534351640.3697836 646 544 576 725 552 716 -3076 -2870 6866 240 126 21 40 99 57
1534351640.4323893 646 544 576 725 552 716 -3106 -2876 6868 198 119 32 42 100 54
1534351640.506578 646 544 576 725 552 716 -3072 -2826 6850 232 114 15 39 103 56
1534351640.5725172 646 544 577 725 552 716 -3096 -2840 6880 228 157 10 40 100 54
1534351640.634877 646 544 576 725 552 716 -3088 -2832 6936 216 110 23 40 97 55
1534351640.6975312 646 544 576 726 552 716 -3094 -2848 6896 198 137 18 38 98 57
1534351640.772493 646 544 576 726 552 716 -3092 -2856 6878 205 143 10 38 100 57
1534351640.838329 646 544 577 725 552 716 -3088 -2854 6926 228 146 -4 39 99 53
1534351640.9005766 646 544 576 725 552 716 -3082 -2842 6926 220 118 3 38 100 56
1534351640.9630218 646 544 576 726 552 716 -3106 -2838 6890 222 142 7 40 99 56
1534351641.0365312 646 544 576 725 552 716 -3100 -2868 6842 219 153 -5 37 101 57
1534351641.0876634 646 544 577 725 552 716 -3108 -2860 6902 206 157 21 39 98 55
1534351641.1657684 646 544 576 725 552 716 -3090 -2846 6906 185 143 9 40 100 53
1534351641.2316744 646 544 576 725 552 716 -3116 -2870 6904 208 138 15 40 100 55
1534351641.302426 646 544 577 725 552 716 -3096 -2848 6942 197 128 43 40 100 56
1534351641.368597 646 544 577 725 552 716 -3096 -2850 6878 210 154 33 40 99 56
1534351641.4313555 646 544 576 725 552 716 -3076 -2820 6908 238 156 -6 41 101 56
1534351641.4969192 646 544 576 725 552 716 -3094 -2848 6954 214 147 32 39 101 56
1534351641.568888 646 544 577 725 552 716 -3100 -2836 6884 200 122 -1 39 98 55
1534351641.6198163 646 544 576 725 552 716 -3110 -2854 6924 219 112 5 39 98 56
1534351641.697924 646 544 576 725 552 715 -3068 -2876 6878 195 130 15 38 99 57
1534351641.7658925 646 544 576 725 552 716 -3078 -2834 6912 215 141 45 39 99 55
1534351641.830723 646 544 576 725 552 716 -3072 -2816 6890 229 83 29 39 98 57
1534351641.8868248 646 544 576 725 551 716 -3098 -2836 6890 217 130 21 40 100 56
1534351641.9649308 646 544 577 725 552 716 -3102 -2848 6890 176 157 26 38 100 55
1534351642.031077 646 544 576 725 552 716 -3098 -2840 6848 221 133 18 39 96 54
1534351642.0876927 646 544 576 726 552 716 -3084 -2878 6936 226 177 19 38 101 57
1534351642.1499987 646 544 577 725 552 716 -3108 -2854 6886 225 149 30 39 99 54
1534351642.2165923 646 544 576 725 552 716 -3106 -2822 6908 201 143 21 40 101 56
1534351642.2999518 646 544 576 725 552 716 -3108 -2850 6932 207 115 4 39 99 55
1534351642.3529153 646 544 576 725 552 716 -3088 -2824 6868 221 126 -2 40 98 57
1534351642.415449 646 544 576 725 552 716 -3110 -2870 6960 204 151 30 40 101 56
1534351642.4936666 646 544 576 725 552 716 -3088 -2860 6878 207 126 14 39 99 55
1534351642.5607138 646 544 576 725 552 716 -3092 -2866 6898 250 139 0 41 101 58
1534351642.6195908 646 544 576 725 552 716 -3090 -2826 6924 200 125 11 40 98 56
1534351642.682306 646 544 576 725 552 715 -3072 -2854 6950 214 112 41 39 99 55
1534351642.7600152 646 544 576 725 552 716 -3106 -2852 6864 198 119 29 40 101 55
1534351642.821783 646 544 576 725 552 716 -3128 -2832 6926 174 170 15 39 99 55
1534351642.884268 646 544 576 725 552 716 -3106 -2884 6930 219 128 37 39 100 57
1534351642.9623744 646 544 576 725 552 716 -3084 -2834 6884 229 136 15 40 100 56
1534351643.0263867 646 544 576 725 552 716 -3132 -2846 6900 223 162 11 41 100 57
1534351643.0872314 646 544 576 725 552 716 -3090 -2856 6860 209 123 32 38 100 54
1534351643.1496267 646 544 576 725 552 716 -3118 -2850 6916 197 134 47 39 100 55
1534351643.2121441 646 544 576 725 552 716 -3104 -2838 6880 198 128 20 39 97 53
1534351643.2938035 646 544 576 725 552 716 -3080 -2828 6898 167 116 26 40 100 57
1534351643.3541427 646 544 576 725 552 716 -3100 -2834 6908 219 123 43 41 98 55
1534351643.416592 646 544 576 725 552 716 -3100 -2854 6884 209 141 7 40 101 57
1534351643.47921 646 544 576 725 552 716 -3098 -2866 6918 190 109 9 38 100 55
1534351643.557745 646 544 576 725 552 716 -3088 -2836 6816 217 118 1 40 102 55
1534351643.6201785 646 544 576 725 552 716 -3126 -2846 6876 206 124 0 39 100 57
1534351643.6826642 645 544 576 725 552 716 -3098 -2826 6874 244 107 11 37 98 55
1534351643.7564995 646 544 576 726 552 716 -3096 -2874 6890 233 115 -5 39 100 55
1534351643.8216124 646 544 576 725 552 716 -3092 -2838 6880 228 132 35 40 98 54
1534351643.8840256 646 544 576 725 552 716 -3076 -2858 6860 188 139 35 39 97 56
1534351643.946546 646 544 576 725 552 716 -3098 -2868 6886 183 100 10 39 99 57
1534351644.0231194 646 544 576 725 552 716 -3098 -2848 6890 200 104 -15 39 100 55
1534351644.088968 646 544 576 725 552 716 -3106 -2840 6912 226 124 12 40 99 55
1534351644.1515908 646 544 576 725 552 716 -3092 -2852 6932 208 152 10 38 99 55
1534351644.213878 646 544 576 725 552 716 -3080 -2854 6954 184 141 -1 40 99 57
1534351644.2972279 646 544 576 725 552 716 -3102 -2844 6892 196 107 32 39 97 57
1534351644.338905 646 544 576 725 552 716 -3118 -2852 6920 195 106 9 40 99 56
1534351644.4170432 646 544 576 725 552 716 -3086 -2856 6868 190 127 -9 39 100 56
1534351644.4795063 646 544 576 725 552 716 -3076 -2840 6894 226 144 12 38 98 57
1534351644.5453904 646 544 576 725 551 716 -3092 -2852 6912 221 121 4 40 99 56
1534351644.6076381 646 544 576 725 552 716 -3084 -2840 6922 225 146 42 40 99 54
1534351644.6701422 646 544 576 725 552 716 -3068 -2856 6890 191 127 -5 39 98 56
1534351644.7325945 647 544 576 725 552 716 -3144 -2856 6864 211 138 8 37 98 56
1534351644.805984 646 544 576 725 552 715 -3104 -2858 6942 212 136 26 40 101 57
1534351644.868469 646 544 576 725 552 716 -3082 -2826 6850 222 87 9 39 99 58
1534351644.9309523 646 544 576 726 552 715 -3096 -2842 6924 242 167 15 39 99 55
1534351644.9965537 646 544 576 725 552 716 -3126 -2830 6884 209 136 25 40 98 54
1534351645.073208 646 544 576 725 552 716 -3102 -2874 6940 249 106 16 39 100 55
1534351645.1356945 646 544 577 725 552 716 -3126 -2866 6920 219 122 14 38 98 56
1534351645.198215 646 544 576 725 552 716 -3098 -2832 6946 221 155 30 39 99 55
1534351645.2759738 646 544 576 725 552 716 -3118 -2834 6950 217 127 16 39 100 56
1534351645.3385513 646 544 576 725 552 716 -3076 -2846 6876 243 139 7 39 98 56
1534351645.4013045 647 544 576 725 552 715 -3122 -2840 6912 234 153 27 40 98 56
1534351645.463523 646 544 576 725 552 716 -3112 -2854 6942 227 161 35 40 99 55
1534351645.5421581 646 543 576 726 552 716 -3112 -2852 6882 197 132 47 41 101 56
1534351645.603508 646 544 576 725 552 716 -3116 -2818 6838 177 150 35 39 98 54
1534351645.6660364 646 544 576 725 552 716 -3104 -2820 6872 228 125 11 39 99 55
1534351645.7368073 646 544 576 725 552 716 -3094 -2834 6856 211 157 9 39 99 55
1534351645.789028 646 544 576 725 552 715 -3080 -2820 6850 247 118 22 39 100 56
1534351645.8671706 646 544 576 725 552 716 -3074 -2864 6914 207 108 4 42 99 58
1534351645.9296238 646 544 576 725 552 715 -3090 -2832 6926 233 114 17 39 101 55
1534351646.002203 646 544 576 725 552 716 -3096 -2852 6864 232 142 34 40 100 55
1534351646.0561774 646 544 576 725 552 716 -3056 -2838 6878 204 125 11 40 101 57
1534351646.1344914 646 543 576 725 552 716 -3084 -2854 6872 208 124 6 39 98 57
1534351646.1968038 646 544 576 725 552 716 -3118 -2830 6922 210 138 3 39 99 54
1534351646.268582 646 544 576 725 552 716 -3112 -2864 6884 195 131 43 40 100 54
1534351646.3334084 646 544 576 725 552 716 -3092 -2844 6928 223 127 -1 40 99 56
1534351646.3854792 646 544 576 725 552 716 -3110 -2852 6910 221 128 28 38 100 55
1534351646.4635854 646 544 576 725 552 716 -3070 -2840 6904 226 131 5 38 100 55
1534351646.5321229 646 544 576 725 552 716 -3128 -2848 6846 224 110 2 40 101 56
1534351646.5887082 646 544 576 725 552 716 -3098 -2854 6890 209 128 40 40 98 55
1534351646.6512923 646 544 576 725 552 716 -3112 -2856 6914 220 149 12 40 99 54
1534351646.729557 646 544 576 725 552 716 -3118 -2844 6872 233 135 18 38 99 55
1534351646.7952065 646 544 576 725 552 716 -3086 -2854 6856 245 138 3 40 100 56
1534351646.8543463 645 544 576 725 552 716 -3102 -2864 6816 209 136 18 40 99 55
1534351646.9166644 646 544 576 725 552 716 -3086 -2874 6878 227 139 3 39 99 56
1534351646.9792802 646 544 576 725 552 716 -3084 -2830 6900 199 100 3 40 100 55
1534351647.0589807 646 544 576 725 552 716 -3100 -2862 6922 188 134 26 38 99 57
1534351647.1199243 646 544 576 725 552 716 -3100 -2844 6910 189 156 33 41 100 57
1534351647.1824117 646 544 576 725 552 716 -3054 -2860 6886 228 134 8 37 101 55
1534351647.2574658 646 544 576 725 552 716 -3120 -2854 6878 240 116 -7 40 99 54
1534351647.3227189 646 544 576 725 552 716 -3086 -2832 6894 227 140 10 38 100 57
1534351647.385286 646 544 576 725 552 716 -3118 -2868 6922 194 117 6 40 98 57
1534351647.4476802 646 544 576 725 552 716 -3096 -2824 6812 251 114 10 42 100 56
1534351647.5242531 646 544 576 725 552 716 -3084 -2852 6838 231 128 25 39 100 56
1534351647.5875022 645 544 576 725 552 716 -3094 -2838 6930 210 116 26 40 99 56
1534351647.6499882 646 544 576 725 552 716 -3116 -2842 6904 186 104 17 39 99 55
1534351647.7160625 646 544 576 725 552 716 -3098 -2880 6900 224 124 31 40 100 54
1534351647.7888606 646 544 576 725 552 716 -3120 -2846 6964 200 139 30 39 99 56
1534351647.853284 646 544 576 725 552 716 -3124 -2880 6886 202 140 0 40 101 57
1534351647.9158828 646 544 576 725 552 716 -3104 -2848 6904 238 150 8 40 101 54
1534351647.9782572 646 544 576 725 552 716 -3100 -2848 6906 203 142 34 40 97 53
1534351648.0532176 646 544 576 725 552 716 -3090 -2850 6886 202 133 37 40 99 55
1534351648.1058576 646 544 576 725 552 716 -3114 -2854 6888 184 143 15 39 98 54
1534351648.1840198 646 544 576 725 552 716 -3094 -2876 6846 179 134 21 39 100 54
1534351648.252676 646 544 576 725 552 716 -3108 -2832 6878 217 141 9 38 99 55
1534351648.307229 646 544 576 725 552 716 -3084 -2862 6854 204 129 4 40 99 54
1534351648.3699117 646 544 576 725 552 715 -3074 -2850 6852 216 129 -4 39 99 57
1534351648.4478543 646 544 576 725 551 716 -3116 -2844 6880 226 140 23 43 100 56
1534351648.5139418 646 544 576 725 552 716 -3082 -2866 6908 222 118 19 41 100 56
1534351648.5763886 646 544 576 725 552 716 -3076 -2852 6908 192 134 -18 39 99 56
1534351648.6391308 646 544 576 725 552 716 -3124 -2872 6874 258 98 26 40 100 56
1534351648.701359 646 544 576 725 552 716 -3086 -2842 6916 224 143 7 40 101 57
1534351648.7797296 646 544 576 725 552 716 -3122 -2886 6898 195 99 29 39 99 55
1534351648.8385441 646 544 576 725 552 716 -3116 -2852 6852 211 132 16 40 99 56
1534351648.901025 646 544 576 725 552 716 -3092 -2846 6926 264 162 14 39 99 56
1534351648.9635115 646 544 576 725 552 716 -3066 -2862 6896 221 110 15 39 100 57
1534351649.045298 646 544 576 725 552 716 -3090 -2838 6916 220 144 18 40 99 55
1534351649.103296 646 544 576 725 552 716 -3088 -2868 6936 235 109 9 39 101 56
1534351649.1659524 646 544 576 725 552 716 -3090 -2842 6866 204 141 15 40 99 57
1534351649.232487 646 544 576 725 552 716 -3100 -2846 6892 197 108 21 40 99 57
1534351649.304618 646 544 576 725 552 716 -3086 -2886 6912 248 110 3 39 99 54
1534351649.367269 646 544 576 725 552 716 -3094 -2870 6892 194 130 20 39 99 55
1534351649.4295883 646 544 576 724 552 716 -3084 -2874 6906 210 111 35 41 98 57
1534351649.5053916 646 544 576 726 552 716 -3114 -2842 6954 214 135 12 39 99 57
1534351649.555786 646 544 576 725 552 716 -3110 -2872 6938 192 143 1 40 99 56
1534351649.6339018 646 544 576 725 552 716 -3090 -2848 6898 217 155 22 39 100 56
1534351649.6963823 646 544 576 725 552 716 -3108 -2848 6880 213 131 42 41 99 56
1534351649.769166 646 544 576 725 552 716 -3116 -2842 6884 172 121 8 38 98 55
1534351649.8231082 646 544 576 725 552 716 -3088 -2848 6880 248 140 16 39 98 56
1534351649.8856635 646 543 576 725 552 716 -3122 -2860 6864 183 123 25 40 99 55
1534351649.9637356 646 544 576 725 552 716 -3138 -2864 6838 202 132 35 40 101 56
1534351650.0350268 646 544 576 725 552 716 -3086 -2848 6878 155 122 19 39 100 54
1534351650.0873232 646 544 576 725 552 716 -3088 -2818 6908 228 108 37 41 98 53
1534351650.1654267 646 544 576 725 552 716 -3094 -2858 6980 224 118 -6 41 98 54
1534351650.2320645 646 544 576 725 552 716 -3072 -2872 6896 247 119 12 38 99 56
1534351650.2987924 646 544 576 725 552 716 -3114 -2834 6924 192 142 5 41 101 58
1534351650.3532073 646 544 576 725 552 716 -3086 -2840 6906 175 118 -5 39 99 56
1534351650.4159284 646 544 576 725 552 716 -3090 -2850 6878 178 156 5 39 98 54
1534351650.4938319 646 544 576 725 552 716 -3080 -2828 6906 187 142 -1 39 99 57
1534351650.5557516 646 544 576 725 552 716 -3106 -2816 6880 195 118 34 40 101 58
1534351650.6182396 646 544 576 725 552 716 -3094 -2832 6868 250 121 20 40 100 56
1534351650.6966004 646 544 576 725 552 716 -3088 -2838 6894 211 131 32 38 101 58
1534351650.762761 646 544 576 726 552 716 -3098 -2880 6890 252 120 27 40 98 57
1534351650.8237686 646 544 576 725 552 715 -3122 -2832 6890 224 120 21 40 99 54
1534351650.886254 646 544 576 725 552 716 -3100 -2864 6904 225 103 -13 40 99 58
1534351650.94877 646 543 576 726 552 716 -3076 -2862 6864 207 119 9 40 98 53
1534351651.0283654 646 543 576 725 552 715 -3112 -2838 6890 227 170 -8 40 100 56
1534351651.087676 646 544 576 725 552 716 -3110 -2824 6862 239 111 25 39 99 54
1534351651.15013 646 544 576 725 552 716 -3122 -2862 6878 201 139 -10 39 100 54
1534351651.2159948 646 544 576 725 552 715 -3116 -2862 6924 197 146 41 39 100 55
1534351651.2965975 646 543 576 725 552 716 -3094 -2832 6918 243 113 26 38 100 56
1534351651.353197 646 544 576 725 552 716 -3084 -2824 6934 194 137 29 40 98 57
1534351651.415529 646 543 576 725 552 716 -3112 -2858 6876 225 120 15 38 100 56
1534351651.493799 646 544 576 725 552 716 -3094 -2846 6964 250 106 4 39 100 56
1534351651.5713332 646 544 576 725 552 716 -3102 -2846 6928 199 130 5 39 98 56
1534351651.618198 646 544 576 725 552 716 -3072 -2832 6934 204 129 28 40 100 56
1534351651.680683 645 543 576 725 552 716 -3094 -2846 6922 227 104 10 40 99 56
1534351651.7589676 646 544 576 725 552 716 -3120 -2844 6864 198 100 -7 41 99 54
1534351651.8219159 645 543 576 725 552 716 -3112 -2836 6914 252 118 35 41 99 53
1534351651.8844335 646 543 576 725 552 716 -3112 -2868 6902 201 125 1 39 99 58
1534351651.947068 646 544 576 725 552 716 -3112 -2836 6894 202 117 32 41 98 55
1534351652.0217478 646 544 576 725 552 716 -3104 -2864 6910 201 127 21 40 99 57
1534351652.0869796 646 543 576 725 552 716 -3060 -2844 6886 214 124 14 41 100 58
1534351652.1497314 646 543 576 725 552 716 -3094 -2842 6882 208 152 5 40 99 53
1534351652.2159798 646 543 576 725 552 716 -3096 -2878 6902 276 99 1 39 98 55
1534351652.2837682 646 543 576 725 552 716 -3088 -2880 6854 184 137 -9 41 98 55
1534351652.3384361 646 543 576 725 552 716 -3066 -2848 6836 181 152 17 39 99 54
1534351652.4010181 645 543 576 725 552 715 -3116 -2856 6924 205 148 17 39 99 56
1534351652.4679673 646 544 576 725 552 716 -3098 -2826 6904 210 132 18 40 99 56
1534351652.5488968 646 544 576 725 552 716 -3102 -2822 6876 233 136 13 39 101 55
1534351652.6029139 646 544 576 725 552 716 -3120 -2850 6928 235 128 27 40 98 55
1534351652.665327 646 544 576 725 552 716 -3108 -2850 6830 250 151 4 41 99 55
1534351652.7309527 646 543 576 725 552 716 -3100 -2848 6860 187 139 4 41 101 56
1534351652.8068666 646 544 576 726 552 716 -3080 -2856 6920 202 115 -2 38 99 54
1534351652.8693516 646 544 576 725 552 716 -3102 -2850 6928 201 129 -13 39 100 56
1534351652.9318383 646 544 576 725 552 716 -3078 -2840 6856 187 111 21 37 98 55
1534351653.01132 646 543 576 725 552 716 -3104 -2866 6902 203 100 26 38 97 56
1534351653.072896 646 543 576 725 552 716 -3132 -2834 6876 197 122 18 40 99 55
1534351653.1353824 645 544 576 725 552 716 -3104 -2858 6932 239 121 13 38 100 56
1534351653.1978703 645 543 576 725 552 716 -3138 -2864 6850 217 102 36 39 99 55
1534351653.2761238 646 544 576 725 552 716 -3102 -2868 6926 244 137 1 40 101 55
1534351653.3389673 646 543 576 725 552 716 -3080 -2844 6872 190 133 5 38 99 57
1534351653.4011846 646 543 576 725 551 716 -3094 -2858 6942 222 111 10 40 100 55
1534351653.463809 646 543 576 725 552 716 -3092 -2866 6888 185 140 22 40 99 55
1534351653.5494225 646 544 576 725 552 716 -3096 -2854 6924 201 141 3 39 98 55
1534351653.5919027 646 543 576 725 552 715 -3078 -2860 6890 242 135 41 40 96 56
1534351653.6700096 646 543 576 725 552 716 -3094 -2878 6864 190 139 -5 40 98 56
1534351653.7377725 646 543 576 725 552 716 -3108 -2866 6878 197 137 10 40 99 54
1534351653.8022723 646 543 576 725 552 716 -3090 -2876 6886 242 160 2 39 98 57
1534351653.8548548 646 543 576 725 552 715 -3098 -2868 6892 207 127 -3 41 98 57
1534351653.9329598 646 544 576 725 552 716 -3040 -2868 6882 204 148 12 40 100 57
1534351653.999164 646 543 576 725 551 716 -3100 -2842 6832 240 146 23 39 98 55
1534351654.0680163 646 543 576 725 552 716 -3108 -2838 6854 205 122 24 39 99 54
1534351654.135642 646 543 576 725 552 715 -3116 -2862 6914 203 121 -10 38 98 55
1534351654.198126 646 543 576 725 552 716 -3138 -2856 6920 237 143 28 38 98 55
1534351654.2664447 646 543 576 725 552 716 -3116 -2844 6866 191 118 34 42 97 53
1534351654.320211 646 543 576 725 552 715 -3106 -2868 6918 214 105 19 39 99 55
1534351654.398516 646 543 576 725 551 715 -3126 -2868 6884 206 109 26 40 100 56
1534351654.464647 646 543 576 725 552 716 -3106 -2866 6912 226 136 -8 38 100 56
1534351654.5323124 646 543 576 725 552 716 -3098 -2874 6910 209 103 25 40 99 56
1534351654.587889 646 544 576 725 552 716 -3128 -2858 6920 181 124 15 40 100 55
1534351654.6658223 646 543 576 725 552 716 -3114 -2828 6920 218 134 30 38 99 57
1534351654.731551 646 544 576 725 551 716 -3100 -2876 6906 223 112 10 40 100 56
1534351654.797799 646 543 576 725 552 716 -3108 -2882 6880 224 138 7 40 99 55
1534351654.8696797 646 543 576 725 552 716 -3090 -2842 6886 241 141 45 40 100 56
1534351654.932163 645 543 576 725 551 716 -3100 -2880 6862 200 156 16 39 100 55
1534351654.9977617 646 543 576 725 552 716 -3094 -2842 6888 212 139 1 36 100 54
1534351655.0562785 645 543 576 725 552 716 -3100 -2848 6892 212 138 -12 40 98 56
1534351655.1187654 646 543 576 725 551 716 -3136 -2844 6888 212 148 11 39 98 55
1534351655.1813016 646 543 576 726 552 716 -3092 -2842 6928 234 112 7 39 99 55
1534351655.2630925 646 543 576 725 552 716 -3108 -2852 6882 228 121 27 40 101 57
1534351655.3230324 646 543 576 725 551 716 -3108 -2850 6892 234 88 28 38 99 55
1534351655.3857327 646 543 576 725 551 716 -3086 -2888 6856 240 125 7 40 98 54
1534351655.4480317 646 543 576 725 551 715 -3092 -2866 6914 239 149 16 40 99 56
1534351655.5302238 646 543 576 725 551 716 -3134 -2832 6896 250 150 -15 38 98 55
1534351655.5865867 646 543 576 725 552 716 -3088 -2856 6862 199 118 35 39 101 55
1534351655.6491761 646 543 576 725 552 716 -3118 -2868 6922 219 121 40 39 100 55
1534351655.7149322 646 543 576 725 551 716 -3108 -2874 6934 186 148 8 40 101 56
1534351655.7924466 646 544 576 725 551 716 -3120 -2880 6880 214 134 15 40 100 55
1534351655.8528416 646 543 576 725 551 716 -3122 -2854 6866 230 147 9 41 102 55
1534351655.9155464 646 543 576 725 551 715 -3072 -2856 6902 195 149 -8 40 99 55
1534351655.9778457 646 543 576 725 552 716 -3094 -2824 6918 230 110 1 40 99 57
1534351656.0561934 646 543 576 725 552 716 -3084 -2874 6856 207 137 11 41 101 57
1534351656.1194248 646 543 576 725 551 716 -3062 -2870 6846 199 140 18 39 99 54
1534351656.181635 646 543 576 725 551 716 -3100 -2856 6928 220 123 16 40 100 55
1534351656.2559793 646 543 576 725 551 716 -3112 -2860 6914 198 112 14 39 98 56
1534351656.321805 646 543 576 725 551 716 -3096 -2840 6894 236 137 12 43 98 57
1534351656.3855422 646 543 576 725 551 716 -3102 -2862 6890 222 109 15 38 98 54
1534351656.4480276 646 543 576 725 551 716 -3110 -2866 6862 224 145 27 40 100 56
1534351656.522151 646 543 576 725 551 716 -3114 -2862 6892 236 138 17 38 101 56
1534351656.5856452 646 543 576 725 551 716 -3120 -2842 6918 221 114 4 39 100 55
1534351656.6482842 645 543 576 725 551 716 -3102 -2868 6904 218 110 14 40 101 57
1534351656.7139957 646 543 576 725 551 715 -3062 -2852 6904 226 109 53 38 100 56
1534351656.7876782 646 543 576 725 552 716 -3108 -2856 6904 233 112 17 40 99 55
1534351656.852911 646 543 576 725 552 715 -3098 -2824 6884 194 140 6 39 100 56
1534351656.915571 646 543 576 725 552 716 -3102 -2878 6878 213 133 18 39 99 54
1534351656.981361 646 543 576 725 552 716 -3114 -2872 6890 207 134 14 40 99 55
1534351657.0521953 646 543 576 725 551 716 -3112 -2852 6896 199 133 18 39 99 56
1534351657.104663 646 543 576 725 551 716 -3094 -2830 6896 197 123 24 40 97 55
1534351657.1826215 646 543 576 725 551 716 -3084 -2826 6892 213 143 50 39 100 58
1534351657.2512777 646 543 576 725 552 716 -3108 -2856 6906 238 127 -14 39 98 55
1534351657.3187351 646 543 576 725 551 716 -3110 -2860 6884 229 102 32 41 101 58
1534351657.3868818 646 543 576 725 551 716 -3112 -2862 6964 221 130 -19 39 101 56
1534351657.4491029 646 543 576 725 551 716 -3090 -2846 6906 205 98 -3 39 100 54
1534351657.5381918 646 543 576 725 551 716 -3102 -2866 6856 222 118 6 40 100 55
1534351657.5718775 646 543 576 725 551 716 -3120 -2884 6908 220 129 45 40 99 55
1534351657.64998 646 543 576 725 551 716 -3110 -2864 6902 232 144 -6 38 99 55
1534351657.7169569 646 543 576 725 551 716 -3094 -2846 6906 225 133 17 39 97 53
1534351657.783482 646 543 576 725 551 716 -3090 -2874 6824 169 117 18 40 98 55
1534351657.837458 646 543 576 725 552 716 -3102 -2872 6872 200 142 -1 38 100 57
1534351657.9155304 646 543 576 725 551 716 -3068 -2846 6950 211 139 7 39 100 56
1534351657.9780517 645 543 576 725 552 716 -3080 -2844 6890 232 144 18 39 101 54
1534351658.047739 645 543 576 725 551 716 -3110 -2856 6854 194 127 5 38 99 56
1534351658.1040027 646 543 576 725 551 715 -3130 -2840 6824 213 152 -10 39 101 56
1534351658.182108 646 543 576 725 551 715 -3096 -2868 6854 246 153 30 38 99 55
1534351658.2483351 646 543 576 725 551 716 -3076 -2838 6920 219 143 38 40 98 57
1534351658.315568 646 543 576 725 551 716 -3086 -2848 6882 223 134 14 40 100 56
1534351658.3707845 646 543 576 725 551 716 -3106 -2852 6876 209 129 7 40 101 56
1534351658.433372 646 543 576 725 551 716 -3084 -2844 6832 234 110 16 39 98 56
1534351658.5135136 645 543 576 725 551 716 -3124 -2852 6928 224 126 -7 39 99 57
1534351658.5704205 645 543 576 725 551 716 -3106 -2842 6876 239 131 28 40 101 56
1534351658.6326354 645 543 576 725 551 716 -3086 -2866 6934 225 156 10 39 98 55
1534351658.7107415 646 543 576 725 551 716 -3092 -2856 6842 221 110 15 41 99 54
1534351658.780031 646 543 576 725 551 715 -3112 -2872 6882 193 125 -12 37 102 54
1534351658.8379917 646 543 576 725 552 716 -3124 -2850 6936 242 159 -14 39 99 57
1534351658.900479 645 543 576 725 551 715 -3084 -2864 6838 201 126 22 41 99 55
1534351658.9668212 645 543 576 725 551 716 -3108 -2866 6872 235 125 12 40 101 56
1534351659.0468845 646 543 576 725 551 716 -3126 -2824 6922 214 117 28 40 98 56
1534351659.1029058 646 543 576 725 551 716 -3126 -2850 6900 247 130 -10 41 101 55
1534351659.16545 646 543 576 725 551 715 -3116 -2846 6916 230 129 4 38 99 54
1534351659.2314641 645 543 576 725 551 715 -3096 -2844 6884 188 125 4 40 99 54
1534351659.3097942 645 543 576 725 551 715 -3150 -2872 6914 151 81 14 40 98 55
1534351659.3688228 646 543 576 725 551 715 -3078 -2868 6894 228 147 17 39 98 55
1534351659.431576 646 543 576 725 551 715 -3098 -2828 6906 192 100 23 38 98 53
1534351659.5154974 646 543 576 725 551 716 -3078 -2834 6910 217 132 22 40 98 55
1534351659.572249 646 543 576 725 551 715 -3072 -2850 6874 224 143 11 39 99 57
1534351659.6349826 645 543 576 725 551 715 -3104 -2868 6856 214 149 17 39 99 56
1534351659.6972537 646 543 576 725 551 716 -3112 -2854 6874 214 156 -5 40 100 57
1534351659.7723532 645 543 576 725 551 715 -3134 -2854 6902 231 124 35 40 99 55
1534351659.8381839 645 543 576 725 551 716 -3098 -2858 6916 192 133 4 38 100 54
1534351659.9006646 646 543 576 725 551 716 -3082 -2854 6906 228 139 19 39 99 55
1534351659.9629276 646 543 576 725 551 715 -3114 -2854 6836 186 129 29 40 101 57
1534351660.0364559 646 543 576 725 551 716 -3070 -2858 6882 188 94 20 40 99 57
1534351660.1034207 645 543 576 725 551 716 -3084 -2876 6950 222 151 10 39 100 55
1534351660.165869 646 543 576 725 551 716 -3066 -2826 6930 200 131 -15 39 99 56
1534351660.231029 645 543 576 725 551 715 -3130 -2860 6926 200 122 -1 41 98 57
1534351660.3017287 646 543 576 725 551 716 -3102 -2840 6898 214 141 23 40 99 55
1534351660.3686538 646 543 576 725 551 716 -3098 -2866 6878 240 123 20 39 99 53
1534351660.431149 646 543 576 725 551 716 -3094 -2854 6882 200 127 26 39 100 55
1534351660.5002434 646 543 576 725 551 716 -3118 -2848 6922 256 71 15 41 99 56
1534351660.555344 646 543 576 725 551 715 -3156 -2846 6918 202 118 12 40 98 55
1534351660.617833 646 543 576 725 551 716 -3086 -2828 6904 214 130 24 40 99 55
1534351660.6961782 646 543 576 725 551 715 -3102 -2844 6942 211 150 -4 39 100 56
1534351660.7642248 646 543 576 725 551 715 -3084 -2858 6858 239 138 8 39 98 53
1534351660.82231 646 543 576 725 551 716 -3114 -2832 6882 243 132 17 40 100 55
1534351660.8847952 646 543 576 725 551 716 -3060 -2868 6894 203 105 4 40 99 56
1534351660.9629364 646 543 576 725 551 715 -3110 -2850 6882 196 137 18 38 100 54
1534351661.0302386 646 543 576 725 551 716 -3084 -2854 6880 202 121 21 39 101 55
1534351661.0875666 646 543 576 725 551 716 -3108 -2836 6858 188 141 35 40 99 54
1534351661.150001 646 543 576 725 551 715 -3110 -2864 6854 199 145 11 39 100 56
1534351661.215821 646 543 576 725 551 716 -3112 -2896 6954 205 136 24 39 100 55
1534351661.2960153 646 543 576 725 551 716 -3104 -2844 6936 203 105 9 40 100 54
1534351661.3530164 646 543 576 725 551 716 -3102 -2848 6918 216 115 22 39 100 54
1534351661.4155104 646 543 576 725 551 716 -3120 -2846 6894 244 119 1 41 101 57
1534351661.4964037 645 543 576 725 551 715 -3108 -2832 6888 263 126 13 41 100 54
1534351661.5620108 645 543 576 725 551 716 -3058 -2866 6818 186 148 12 38 99 55
1534351661.6188672 646 543 576 725 551 716 -3102 -2850 6892 235 138 13 38 99 56
1534351661.6813538 646 543 576 725 551 716 -3104 -2846 6966 215 114 24 39 98 55
1534351661.7609358 646 543 576 725 551 716 -3084 -2858 6834 188 116 31 40 99 54
1534351661.8218322 646 543 576 725 551 716 -3106 -2852 6814 210 135 -9 37 99 56
1534351661.8843222 646 543 576 725 551 716 -3092 -2874 6870 238 106 30 39 101 56
1534351661.9469936 646 543 576 725 551 715 -3090 -2844 6878 216 128 31 38 99 56
1534351662.0263429 646 543 576 725 551 716 -3082 -2848 6922 232 105 17 39 100 56
1534351662.0859118 646 543 576 725 551 715 -3108 -2842 6902 242 134 19 39 99 54
1534351662.1481354 646 543 576 725 551 715 -3132 -2876 6906 223 117 4 40 98 57
1534351662.2139432 646 543 576 725 551 715 -3086 -2892 6864 254 136 23 41 100 56
1534351662.291801 645 543 576 725 551 716 -3088 -2852 6930 211 134 29 38 101 55
1534351662.3540301 645 543 576 725 551 715 -3100 -2866 6902 198 151 8 39 98 53
1534351662.416519 645 543 576 725 551 715 -3130 -2840 6932 200 137 33 39 99 55
1534351662.4822009 646 543 576 725 551 716 -3086 -2846 6898 214 114 23 39 100 57
1534351662.5550423 645 543 576 725 551 716 -3118 -2856 6926 204 158 18 41 100 57
1534351662.6175277 646 543 576 725 551 716 -3096 -2888 6806 208 134 18 41 98 55
1534351662.6802905 646 543 576 725 551 716 -3080 -2844 6872 242 124 29 40 99 58
1534351662.7457929 645 543 576 725 551 716 -3090 -2856 6938 246 120 17 40 99 55
1534351662.822699 646 543 576 725 551 716 -3066 -2870 6850 229 133 28 40 99 54
1534351662.8851848 645 543 576 725 551 715 -3094 -2900 6906 186 104 22 41 99 55
1534351662.9478476 645 543 576 725 551 715 -3078 -2854 6914 220 133 20 37 100 57
1534351663.0183196 645 543 576 725 551 716 -3088 -2856 6978 195 118 9 41 99 55
1534351663.0721943 645 543 576 725 551 716 -3106 -2830 6946 217 130 -13 41 99 54
1534351663.1502116 645 543 576 725 551 716 -3106 -2876 6884 230 135 19 39 98 54
1534351663.2166076 646 543 576 725 551 716 -3106 -2840 6906 212 98 -24 38 100 56
1534351663.285984 646 543 576 725 551 715 -3102 -2862 6910 202 140 14 39 100 56
1534351663.3369665 646 543 576 725 551 715 -3074 -2838 6892 220 106 7 39 100 55
1534351663.4150705 646 543 576 725 551 716 -3114 -2856 6884 244 107 29 39 97 55
1534351663.4775147 646 543 576 725 551 716 -3112 -2844 6912 221 125 -1 40 100 55
1534351663.5507693 646 543 576 725 551 715 -3106 -2856 6890 201 120 10 37 99 55
1534351663.604256 646 543 576 725 551 715 -3082 -2834 6900 194 128 8 38 98 56
1534351663.6821156 646 544 576 725 551 715 -3116 -2836 6886 191 114 24 39 99 55
1534351663.749402 645 543 576 725 551 716 -3092 -2874 6958 219 114 -13 41 100 55
1534351663.8065374 646 543 576 725 551 716 -3098 -2880 6900 259 99 1 37 98 56
1534351663.8692038 645 543 576 725 551 716 -3110 -2822 6860 247 109 10 39 100 57
1534351663.9474 645 543 576 725 551 716 -3096 -2856 6900 213 117 28 39 100 56
1534351664.012974 646 543 576 725 551 716 -3124 -2856 6860 195 137 -5 42 98 55
1534351664.071195 646 543 576 725 551 716 -3100 -2904 6870 223 118 -12 40 101 56
1534351664.1492984 646 543 576 725 551 716 -3062 -2844 6874 211 78 20 40 100 55
1534351664.2118056 646 543 576 725 551 716 -3088 -2850 6768 229 119 38 39 100 55
1534351664.279672 646 543 576 725 551 715 -3082 -2822 6910 205 157 4 40 99 57
1534351664.339295 646 543 576 725 551 715 -3094 -2880 6916 197 128 27 38 98 56
1534351664.401832 645 543 576 725 551 716 -3138 -2858 6874 233 127 11 41 99 54
1534351664.4642704 645 543 576 725 551 716 -3132 -2880 6882 229 104 6 38 98 56
1534351664.5448425 645 543 576 725 551 715 -3084 -2820 6922 230 137 -17 39 100 57
1534351664.6029284 646 543 576 725 551 715 -3116 -2878 6942 237 113 28 39 100 55
1534351664.6652336 646 543 576 725 551 715 -3100 -2860 6924 254 102 12 38 99 56
1534351664.7307186 645 543 576 725 551 715 -3120 -2804 6894 234 117 32 42 99 58
1534351664.8213742 645 543 576 725 551 715 -3102 -2880 6900 229 138 31 38 99 54
1534351664.8682387 645 543 576 725 551 716 -3110 -2886 6854 138 171 11 40 100 57
1534351664.9307923 645 543 576 725 551 716 -3094 -2826 6886 226 135 18 39 100 54
1534351664.9966247 646 543 576 725 551 716 -3056 -2846 6880 221 107 20 41 99 57
1534351665.07608 645 543 576 725 551 716 -3098 -2840 6890 198 126 21 40 99 55
1534351665.136292 645 543 576 725 551 715 -3080 -2842 6952 219 136 26 39 100 54
1534351665.2063587 646 543 576 725 551 716 -3116 -2852 6922 215 103 32 38 99 54
1534351665.2757351 645 543 576 725 551 715 -3086 -2850 6916 219 127 -3 42 100 56
1534351665.337612 646 543 576 725 551 716 -3096 -2856 6908 209 126 16 39 98 57
1534351665.3998497 646 543 576 725 551 716 -3094 -2828 6914 211 129 3 38 97 55
1534351665.4623313 646 543 576 725 551 715 -3106 -2846 6838 220 125 7 39 98 57
1534351665.535917 646 543 576 725 551 716 -3092 -2856 6912 182 146 0 37 99 56
1534351665.6019545 646 543 576 725 551 716 -3090 -2858 6892 253 135 22 38 99 56
1534351665.6646073 646 543 576 725 551 715 -3118 -2864 6862 188 120 7 42 100 57
1534351665.7279732 646 543 576 725 551 715 -3082 -2858 6900 233 89 20 39 100 57
1534351665.8007622 645 543 576 725 551 715 -3120 -2870 6856 207 149 3 39 101 57
1534351665.8532705 646 543 576 724 551 716 -3080 -2862 6846 212 138 23 40 99 56
1534351665.9313815 646 543 575 725 551 715 -3114 -2880 6926 145 123 10 39 102 58
1534351665.9998715 646 543 576 724 551 716 -3090 -2838 6830 248 124 23 39 98 55
1534351666.0560286 646 543 576 725 551 716 -3102 -2866 6864 205 143 15 39 99 54
1534351666.1185124 646 543 576 725 551 716 -3096 -2844 6912 200 99 11 37 99 57
1534351666.181002 646 543 576 725 551 716 -3124 -2850 6902 242 87 38 39 99 55
1534351666.2621405 646 543 576 725 551 716 -3082 -2868 6886 243 108 25 40 101 56
1534351666.3222563 646 543 576 725 551 716 -3102 -2832 6882 210 124 37 38 99 56
1534351666.3848958 646 543 576 725 551 715 -3076 -2862 6912 171 175 10 41 100 54
1534351666.4472272 645 543 576 725 551 716 -3100 -2836 6916 206 143 25 41 99 56
1534351666.5277011 645 543 576 725 551 716 -3116 -2872 6878 249 103 38 38 99 56
1534351666.587515 646 543 576 725 551 715 -3092 -2854 6884 215 135 16 41 98 55
1534351666.6497989 646 543 576 725 551 716 -3096 -2848 6912 220 147 4 37 100 57
1534351666.716235 646 543 576 725 551 716 -3116 -2842 6870 220 156 26 38 99 55
1534351666.7975872 645 543 576 725 551 715 -3090 -2856 6870 231 112 -1 38 100 55
1534351666.8540099 645 543 576 725 551 716 -3140 -2846 6864 227 153 -4 40 99 54
1534351666.9163778 646 543 576 725 551 716 -3104 -2870 6898 232 165 2 39 98 56
1534351666.9788654 646 543 576 725 551 716 -3100 -2830 6882 189 131 16 38 99 55
1534351667.0542743 646 543 576 725 551 716 -3116 -2886 6900 207 150 23 38 100 57
1534351667.1167548 646 543 576 725 551 715 -3086 -2856 6920 207 144 -6 40 100 55
1534351667.1892893 646 543 576 725 551 716 -3102 -2852 6946 232 132 16 38 98 57
1534351667.2551105 646 543 576 725 551 715 -3084 -2854 6846 213 121 26 41 98 57
1534351667.321932 646 543 576 725 551 715 -3098 -2852 6890 227 136 17 42 99 56
1534351667.3716197 646 543 576 725 551 715 -3104 -2800 6916 176 84 -7 39 98 55
1534351667.4497135 646 543 576 725 551 715 -3120 -2856 6938 188 142 8 41 100 56
1534351667.5189831 646 543 576 725 551 716 -3062 -2860 6862 210 149 43 39 100 55
1534351667.5721974 646 543 576 725 551 715 -3064 -2858 6900 235 158 16 40 98 56
1534351667.650306 645 543 576 725 551 715 -3116 -2868 6858 228 124 32 39 97 57
1534351667.713019 646 543 576 725 551 715 -3074 -2844 6870 230 150 0 39 99 56
1534351667.7816896 645 543 576 725 551 715 -3072 -2862 6862 259 97 21 39 98 55
1534351667.8380835 645 543 576 725 551 716 -3110 -2864 6854 160 135 19 41 100 57
1534351667.900602 646 543 576 725 551 715 -3082 -2864 6922 216 107 7 40 98 55
1534351667.9677215 645 543 576 725 551 716 -3086 -2880 6894 262 88 23 42 99 56
1534351668.045029 646 543 576 725 551 715 -3086 -2832 6884 210 170 16 39 98 55
1534351668.1022696 646 543 576 725 551 715 -3116 -2838 6876 254 113 2 38 99 54
1534351668.1647623 646 543 576 725 551 715 -3062 -2874 6880 202 133 -31 40 98 53
1534351668.2437654 646 543 576 725 551 716 -3090 -2832 6884 203 141 -7 40 101 55
1534351668.3091815 646 543 576 725 551 716 -3100 -2854 6854 201 132 23 41 99 57
1534351668.3749754 646 543 576 725 551 716 -3090 -2862 6914 195 135 16 41 98 56
1534351668.441834 646 543 576 725 551 715 -3108 -2822 6896 240 115 45 40 98 56
1534351668.5086505 645 543 576 725 551 715 -3098 -2828 6922 239 124 25 40 100 55
1534351668.572546 645 543 576 725 551 715 -3072 -2874 6956 250 116 7 39 99 56
1534351668.635031 645 543 576 725 551 715 -3084 -2832 6928 216 147 20 41 98 55
1534351668.6977682 646 543 576 725 551 715 -3124 -2838 6916 209 180 5 41 99 55
1534351668.768985 645 543 575 725 551 715 -3130 -2860 6910 209 139 3 37 99 56
1534351668.822366 645 543 576 725 551 716 -3102 -2888 6934 228 132 13 41 101 55
1534351668.9005089 646 543 576 725 551 716 -3090 -2842 6942 231 114 -29 39 100 55
1534351668.9629579 645 543 576 725 551 715 -3104 -2894 6954 215 132 13 40 99 57
1534351669.0359795 646 543 576 725 551 716 -3122 -2844 6904 233 123 -4 37 97 56
1534351669.0874598 646 543 575 725 551 715 -3098 -2884 6844 188 143 16 39 99 55
1534351669.1655104 645 543 576 725 551 716 -3106 -2852 6922 166 127 4 38 100 57
1534351669.2318583 646 543 576 725 551 715 -3090 -2844 6862 230 129 11 41 99 56
1534351669.3001683 646 543 576 725 551 716 -3108 -2876 6888 194 143 10 38 99 57
