1534351437.1005557 649 548 582 729 560 718 -3030 -2702 6968 194 145 25 41 101 59
1534351437.1566834 649 548 582 728 560 717 -3014 -2744 7022 201 143 20 41 98 59
1534351437.2194035 650 548 582 729 560 718 -3002 -2706 6954 186 135 -3 41 99 60
1534351437.299764 649 548 582 729 560 717 -3026 -2710 6996 192 100 20 39 100 57
1534351437.3587413 649 548 582 729 560 718 -2986 -2730 7028 225 161 -3 39 99 58
1534351437.421321 650 548 582 729 560 718 -3038 -2744 7036 193 117 18 41 100 61
1534351437.499859 650 548 582 729 560 718 -3042 -2708 7006 233 139 33 40 100 58
1534351437.56733 650 548 582 729 560 718 -3016 -2720 7034 190 117 12 40 101 58
1534351437.6235633 650 548 582 729 560 718 -3020 -2732 6964 201 107 18 40 97 59
1534351437.686049 649 548 582 729 560 718 -3096 -2710 7038 186 135 -16 38 99 59
1534351438.1884265 649 548 582 729 560 718 -2990 -2736 7018 265 134 26 40 97 61
1534351438.2196693 649 548 582 729 560 718 -3028 -2740 7006 159 120 6 41 101 59
1534351438.2665327 649 548 582 729 560 718 -3054 -2746 7036 250 127 29 41 98 61
1534351438.3472517 649 548 582 729 560 718 -2984 -2716 6944 219 123 26 40 100 59
1534351438.4344337 649 548 582 729 560 718 -3022 -2732 6994 169 163 -10 39 100 61
1534351438.4902847 649 548 582 729 560 717 -3024 -2726 6990 209 141 57 40 97 58
1534351438.5262063 649 548 582 729 560 718 -3058 -2760 6980 201 156 19 41 101 58
1534351438.5670938 649 548 582 729 560 718 -3030 -2704 6992 243 130 26 39 99 57
1534351438.6030016 649 548 582 729 560 718 -3042 -2680 6952 199 112 52 41 100 56
1534351438.6260839 649 548 582 729 560 718 -3036 -2726 6934 208 119 -4 41 98 58
1534351438.6573262 649 548 582 729 560 718 -3014 -2724 6982 232 133 17 40 99 57
1534351438.6885686 649 548 581 729 560 718 -3042 -2760 7002 241 131 30 39 99 60
1534351438.719811 650 548 582 729 560 718 -3024 -2734 6992 237 126 9 40 98 57
1534351438.776832 649 548 582 729 560 718 -3032 -2690 6970 221 117 14 38 98 60
1534351438.8290625 649 548 582 729 560 718 -2992 -2710 6974 220 136 30 40 98 58
1534351438.8752012 649 548 582 729 560 718 -3036 -2734 6932 212 117 38 39 99 59
1534351438.8908238 649 548 582 729 560 718 -3024 -2744 6986 225 133 12 39 100 58
1534351438.9220958 649 548 582 729 560 718 -3038 -2732 6986 223 89 2 39 100 60
1534351438.9691174 649 548 582 728 560 717 -3034 -2696 6962 197 130 -10 40 99 60
1534351439.0262508 649 548 582 729 560 718 -3018 -2738 6966 180 133 23 40 100 59
1534351439.0968728 649 548 582 729 560 718 -3050 -2746 6948 203 127 -12 40 99 59
1534351439.1559181 649 548 582 729 560 718 -3000 -2734 6988 214 146 13 39 99 57
1534351439.2184029 649 548 582 729 560 717 -3036 -2710 6956 191 138 13 40 100 58
1534351439.2841494 649 548 582 729 560 718 -3042 -2728 6902 238 104 26 39 99 59
1534351439.3581738 649 548 582 728 560 718 -3034 -2762 6982 177 133 -3 40 99 59
1534351439.4206605 649 548 582 729 560 718 -3024 -2716 6968 195 105 28 40 99 58
1534351439.4831452 650 548 582 729 560 718 -3054 -2750 7026 243 144 7 40 99 63
1534351439.5545928 649 548 582 729 560 716 -2984 -2734 7016 204 137 -3 38 98 60
1534351439.608119 649 548 582 729 560 718 -3022 -2718 7038 206 160 7 40 98 59
1534351439.6862242 649 548 582 728 560 718 -3040 -2724 6976 180 123 8 39 98 59
1534351439.7487092 649 548 582 729 560 717 -3062 -2700 6976 205 145 28 38 99 59
1534351439.8169777 649 548 582 729 560 718 -3032 -2764 6974 217 133 21 41 99 59
1534351439.8728967 649 548 582 729 560 717 -3048 -2722 6986 214 154 17 39 99 60
1534351439.9353912 649 548 581 729 560 717 -3028 -2700 7022 249 108 26 38 98 59
1534351440.0134919 649 548 582 729 560 718 -3024 -2746 6964 213 154 0 38 98 58
1534351440.0801756 649 548 582 729 560 717 -3028 -2750 6984 186 168 19 39 98 60
1534351440.1410117 649 548 582 729 560 718 -3040 -2730 7010 211 157 47 39 99 60
1534351440.2035022 649 548 582 729 560 717 -3032 -2742 6996 202 148 0 38 98 61
1534351440.2661016 650 548 581 729 560 717 -3000 -2698 7008 184 122 -3 41 99 60
1534351440.3469281 650 548 581 728 560 718 -3036 -2734 7004 249 159 18 39 100 60
1534351440.405845 649 548 582 729 560 718 -3026 -2714 6980 172 116 26 40 99 58
1534351440.4683287 649 548 581 729 560 718 -3008 -2708 6994 190 123 27 41 99 59
1534351440.5413647 649 548 581 728 560 718 -3050 -2720 6954 201 113 -3 39 98 58
1534351440.606267 650 548 582 729 560 718 -3036 -2710 6930 218 85 38 39 99 59
1534351440.6722572 650 548 582 729 560 718 -3004 -2748 6998 210 138 14 41 99 60
1534351440.7348678 649 548 582 729 560 718 -3040 -2754 7050 255 121 29 39 98 58
1534351440.8006144 649 548 582 729 560 717 -3030 -2704 6994 184 133 -5 40 100 58
1534351440.863136 649 548 582 729 560 718 -3020 -2712 7024 230 140 33 40 98 60
1534351440.9258308 649 548 582 728 560 718 -3034 -2736 6980 243 126 4 39 98 59
1534351440.9881215 650 548 582 729 560 718 -3010 -2728 6980 213 131 6 40 98 59
1534351441.0687425 649 548 582 729 560 718 -3010 -2760 7034 175 131 40 40 100 59
1534351441.1245568 649 548 582 729 560 717 -3012 -2728 6920 229 130 26 38 97 60
1534351441.1870522 650 548 581 729 560 718 -3010 -2770 6978 243 133 -9 40 97 59
1534351441.2685585 649 548 582 729 560 718 -3022 -2724 6992 217 110 17 39 100 57
1534351441.3348842 649 548 582 729 560 718 -3030 -2726 7002 213 121 22 41 100 60
1534351441.390413 649 548 582 729 560 718 -3064 -2746 6962 183 114 33 39 100 59
1534351441.4529657 649 548 582 729 560 718 -3016 -2752 6930 208 141 5 39 98 58
1534351441.5324566 649 548 581 729 560 718 -3020 -2710 6974 195 127 36 41 99 57
1534351441.5905862 650 548 582 729 560 718 -3050 -2730 7016 198 156 54 40 99 59
1534351441.6531007 649 548 581 729 560 718 -3016 -2730 6916 232 172 11 40 98 58
1534351441.7311766 650 548 582 729 560 717 -3020 -2720 7000 197 140 15 39 99 59
1534351441.7970266 649 548 582 729 560 718 -3050 -2738 7006 176 121 40 41 101 60
1534351441.8585012 649 548 582 729 560 717 -3038 -2746 7070 200 146 7 41 99 58
1534351441.9209883 650 548 581 729 560 718 -3006 -2726 7000 209 133 9 41 99 57
1534351441.9834726 650 548 582 729 560 718 -2996 -2706 6966 213 136 8 41 99 58
1534351442.057891 649 548 581 729 560 717 -3024 -2734 7028 207 158 26 40 99 58
1534351442.1242163 649 548 581 729 560 718 -3012 -2760 7004 209 153 16 40 100 60
1534351442.1867337 650 548 582 728 560 718 -2998 -2732 6998 223 151 15 40 97 57
1534351442.2491882 649 548 582 729 560 718 -3016 -2744 6966 197 147 19 41 101 60
1534351442.326405 649 548 582 728 560 718 -3044 -2704 6978 232 107 60 41 103 58
1534351442.389654 649 548 582 729 560 718 -3056 -2746 6970 220 139 35 40 98 60
1534351442.4523358 649 548 582 729 560 718 -3032 -2734 6958 235 153 31 41 97 61
1534351442.5239167 649 548 582 729 560 718 -3030 -2730 7004 244 141 52 40 99 59
1534351442.5895107 649 548 581 729 560 718 -3042 -2710 7028 213 135 26 41 98 59
1534351442.6556191 649 548 581 729 560 718 -3024 -2716 7002 181 147 -6 40 100 60
1534351442.7178957 650 548 582 729 560 718 -3008 -2732 6990 172 126 22 40 100 58
1534351442.7838535 649 548 582 729 560 718 -3034 -2740 6954 180 164 24 40 101 59
1534351442.8574164 649 548 582 729 560 718 -2990 -2732 6948 198 109 25 41 99 58
1534351442.9203649 649 548 582 729 560 718 -3040 -2736 6980 201 138 23 41 99 59
1534351442.9827616 649 548 581 729 560 718 -3022 -2740 6984 181 110 -10 40 100 58
1534351443.0592606 650 548 581 729 560 718 -3036 -2738 6972 231 168 28 39 100 60
1534351443.1238317 649 548 582 729 560 718 -3068 -2742 6990 223 112 47 40 98 58
1534351443.187384 649 548 582 729 560 718 -3038 -2746 6952 224 113 12 41 99 60
1534351443.2498956 649 548 581 729 560 718 -3014 -2696 6966 186 117 -15 42 99 59
1534351443.3231206 649 548 582 729 560 718 -3070 -2754 7020 215 132 4 41 102 60
1534351443.3888586 649 548 581 729 560 718 -3016 -2716 6984 214 114 41 41 99 59
1534351443.451211 649 548 582 729 560 718 -3030 -2728 6934 220 109 7 39 99 58
1534351443.5202003 649 548 581 729 560 717 -3016 -2712 6988 151 123 26 39 99 57
1534351443.5727649 649 548 582 729 560 717 -2998 -2702 7054 225 124 22 39 97 57
1534351443.6511273 649 548 581 729 560 718 -3030 -2734 7042 210 133 -13 40 102 61
1534351443.713362 649 548 581 729 560 718 -3050 -2726 7014 216 135 20 42 97 58
1534351443.7758412 649 548 581 729 560 718 -3024 -2732 6996 228 94 32 39 100 61
1534351443.851428 649 548 582 729 560 718 -3010 -2754 6996 217 139 22 40 99 57
1534351443.9048173 649 548 581 729 560 718 -3028 -2760 6986 244 121 17 39 99 59
1534351443.9829226 649 548 581 729 560 718 -3060 -2734 6958 187 151 7 42 98 60
1534351444.050271 649 548 581 729 560 718 -3024 -2726 7010 230 112 30 39 101 60
1534351444.1156194 649 548 582 729 560 718 -3062 -2718 6996 198 139 12 40 99 60
1534351444.1725588 649 548 581 729 560 718 -3010 -2728 7044 223 122 14 39 100 57
1534351444.235044 649 548 582 729 560 718 -3054 -2738 6928 166 108 33 40 98 60
1534351444.314938 649 548 581 729 560 718 -3018 -2718 6958 197 118 16 40 98 59
1534351444.3901699 649 548 581 729 560 718 -3048 -2738 7024 193 127 2 40 100 60
1534351444.4370332 649 548 581 728 560 717 -3046 -2722 7008 226 167 43 38 98 58
1534351444.4995189 649 548 581 729 560 718 -2978 -2712 6996 207 98 4 40 98 60
1534351444.5767584 649 548 581 729 560 718 -3028 -2716 6964 245 120 33 39 98 58
1534351444.6382253 649 548 581 728 560 718 -2992 -2696 6986 221 115 6 39 98 59
1534351444.700843 649 548 581 729 559 717 -3034 -2736 7024 188 107 13 38 100 58
1534351444.7632391 649 548 582 728 560 718 -3036 -2702 7028 164 136 19 41 100 59
1534351444.8417146 649 548 582 729 560 718 -3032 -2730 6976 238 146 38 40 99 60
1534351444.9071229 649 548 581 728 560 717 -3002 -2710 6958 198 156 33 39 97 56
1534351444.969537 649 548 581 729 560 718 -3044 -2732 6982 191 127 20 38 98 58
1534351445.0494678 649 548 581 728 560 718 -3018 -2702 6946 200 103 27 38 99 60
1534351445.1053174 650 548 582 729 560 718 -3032 -2722 6964 171 120 25 41 99 60
1534351445.1715868 649 548 581 728 560 718 -3026 -2734 6952 234 134 13 40 98 59
1534351445.2340713 649 548 581 729 560 718 -3060 -2748 7018 194 120 9 41 99 60
1534351445.3000019 649 548 581 729 559 718 -3032 -2770 6984 246 163 -1 40 101 60
1534351445.3695717 649 548 582 729 559 717 -3036 -2744 6948 187 114 12 42 97 58
1534351445.4228883 649 548 581 728 559 718 -3038 -2724 7028 200 126 24 40 100 58
1534351445.5009723 649 548 582 729 560 718 -3058 -2694 6958 179 105 38 40 99 59
1534351445.5685327 649 548 581 729 560 718 -3044 -2726 7006 218 159 2 39 99 59
1534351445.6233978 649 548 581 729 559 717 -3038 -2726 6992 225 148 1 41 99 60
1534351445.7015064 649 548 581 728 559 718 -3036 -2720 6960 249 127 25 39 98 58
1534351445.7640347 649 548 581 729 560 717 -3046 -2752 7030 178 123 45 40 97 60
1534351445.830522 649 548 581 729 560 717 -3046 -2752 6928 214 154 29 42 99 58
1534351445.8900113 649 548 581 729 560 718 -3010 -2748 6962 205 113 18 38 98 61
1534351445.9525056 649 548 581 729 560 718 -3052 -2770 6976 192 149 14 41 102 59
1534351446.0301614 649 548 582 729 560 718 -3030 -2712 7006 216 123 49 42 100 58
1534351446.0957336 649 548 582 729 560 718 -3044 -2760 6970 209 106 4 40 99 59
1534351446.1551661 649 548 581 729 560 718 -3030 -2726 7008 188 140 19 41 98 59
1534351446.2175093 649 547 582 729 560 717 -2992 -2726 6980 231 96 4 40 100 58
1534351446.2835264 649 548 581 729 560 718 -3024 -2756 6944 201 132 7 40 98 60
1534351446.366098 649 548 582 728 560 717 -3012 -2726 6966 213 173 22 39 99 58
1534351446.4220986 650 548 581 729 560 718 -3030 -2734 6954 173 123 2 39 99 56
1534351446.484611 650 548 581 729 559 717 -3028 -2768 6984 252 139 7 40 99 59
1534351446.5416174 649 548 581 728 560 717 -3034 -2766 6946 229 113 18 38 99 58
1534351446.608736 650 548 581 729 559 718 -3032 -2766 6976 208 144 -3 38 98 60
1534351446.686844 649 548 581 728 560 718 -3026 -2732 6964 198 121 31 40 100 58
1534351446.7495315 649 548 582 729 559 718 -3040 -2756 6992 198 135 6 39 100 57
1534351446.8173966 649 548 582 729 559 717 -3044 -2722 7022 193 96 25 41 99 58
1534351446.8750215 649 548 581 728 560 718 -3036 -2734 7010 200 125 23 40 100 58
1534351446.9377863 649 548 581 729 560 718 -3040 -2760 6976 233 140 11 39 100 58
1534351447.024065 649 548 581 728 559 718 -3034 -2738 6938 204 117 8 39 99 57
1534351447.0822144 649 548 581 729 559 718 -3042 -2762 6930 221 128 7 41 100 59
1534351447.1389735 649 548 581 729 559 718 -3012 -2718 6946 224 118 34 39 98 58
1534351447.2016163 649 548 581 729 559 718 -3032 -2722 6938 174 149 35 39 99 58
1534351447.267826 649 548 581 729 559 718 -3026 -2716 7020 242 145 40 41 98 60
1534351447.345672 649 548 581 728 559 718 -3052 -2746 6950 214 134 8 41 97 59
1534351447.4057286 649 548 581 729 559 717 -3020 -2740 6982 229 152 43 40 98 58
1534351447.4681826 649 548 582 729 559 718 -3044 -2734 6994 212 125 36 39 100 59
1534351447.5440633 649 548 582 729 560 718 -3012 -2738 6976 193 135 -8 40 99 57
1534351447.6076443 649 548 581 729 559 718 -3030 -2752 7010 222 133 12 39 100 58
1534351447.670131 649 548 581 729 559 717 -3024 -2734 7002 205 160 3 42 98 58
1534351447.7326627 649 548 581 729 559 718 -3012 -2760 6960 189 141 33 39 99 59
1534351447.8081386 650 548 581 729 559 718 -3030 -2726 7006 210 123 8 40 100 58
1534351447.8737335 649 548 581 729 559 718 -3040 -2764 6998 221 140 37 41 99 59
1534351447.936218 649 548 581 729 559 718 -3028 -2740 7010 193 126 9 39 97 58
1534351447.9987066 649 548 581 728 559 718 -3054 -2722 6996 226 121 13 38 98 60
1534351448.0575612 649 548 581 729 560 718 -3018 -2726 7048 186 114 15 39 98 60
1534351448.1239805 649 548 581 728 559 718 -3016 -2706 7000 181 139 34 40 100 59
1534351448.2020512 649 548 582 729 559 718 -3050 -2750 6950 212 98 29 41 99 58
1534351448.2644455 649 548 581 729 559 718 -3020 -2740 6968 213 153 9 41 100 60
1534351448.340157 649 548 581 728 559 718 -3038 -2708 6946 212 115 35 39 98 59
1534351448.3904324 649 548 581 729 559 718 -3046 -2742 7010 221 121 34 39 99 59
1534351448.4529176 649 548 581 729 560 718 -3036 -2736 6958 238 148 2 41 98 59
1534351448.5337355 649 548 581 729 559 718 -3038 -2742 7042 229 132 29 39 100 60
1534351448.5912638 649 548 582 729 559 718 -3042 -2760 6954 194 153 32 38 100 58
1534351448.6537492 649 548 581 728 560 718 -3026 -2718 6994 202 134 20 38 100 60
1534351448.7319522 649 548 582 728 560 718 -3004 -2756 6950 217 126 20 41 98 58
1534351448.7989578 649 548 581 729 559 718 -3018 -2722 6946 206 149 28 38 98 59
1534351448.8576949 649 548 581 728 559 718 -3026 -2706 7038 213 163 17 41 100 58
1534351448.9201806 649 548 581 729 559 718 -3036 -2758 6980 147 140 3 40 99 59
1534351448.9982865 649 548 581 728 559 718 -3030 -2748 7002 204 110 11 39 100 61
1534351449.058365 649 548 582 728 559 718 -3044 -2716 6958 217 127 35 40 100 59
1534351449.1260593 649 548 581 729 559 718 -3024 -2752 6958 205 170 8 40 99 58
1534351449.1887398 649 548 581 729 559 718 -3018 -2762 6972 217 164 38 41 99 59
1534351449.2510307 650 548 581 729 559 718 -3030 -2754 6948 228 158 24 40 102 59
1534351449.330994 649 548 581 728 559 718 -3022 -2726 6930 197 162 10 40 101 57
1534351449.3882372 649 548 581 729 559 718 -3048 -2706 7042 170 123 10 43 100 58
1534351449.4506981 649 548 581 729 559 718 -3052 -2734 7014 194 135 26 41 98 56
1534351449.529359 649 548 581 728 559 717 -2996 -2722 7010 220 118 8 40 100 58
1534351449.5954366 649 548 581 728 559 718 -3020 -2742 6990 196 117 43 40 99 58
1534351449.6550634 649 548 581 729 559 718 -3058 -2754 6974 244 130 30 39 99 58
1534351449.7176704 649 548 581 728 559 718 -3020 -2744 6984 220 156 19 39 99 59
1534351449.7828605 649 548 581 728 559 718 -3008 -2732 6992 141 121 27 39 100 59
1534351449.8454037 649 548 582 729 559 718 -3010 -2754 6976 227 111 9 39 99 59
1534351449.9235613 649 548 581 729 559 717 -3030 -2734 7000 229 139 20 40 98 58
1534351449.9859667 649 548 581 728 559 718 -3030 -2716 6986 194 132 21 42 101 58
1534351450.0597465 649 548 582 729 559 718 -3040 -2764 7020 210 133 10 39 101 59
1534351450.122198 649 548 582 728 559 717 -3058 -2696 6974 226 112 39 39 99 59
1534351450.1849134 649 548 581 729 559 717 -3022 -2736 6970 221 118 20 40 99 58
1534351450.2471673 649 548 581 728 559 718 -3018 -2724 6980 176 158 12 40 99 59
1534351450.3269029 649 548 581 728 559 718 -3042 -2712 7014 173 147 17 39 98 58
1534351450.3901737 649 548 581 729 559 718 -3016 -2684 7018 195 105 50 38 100 59
1534351450.4526587 649 548 581 728 559 718 -3020 -2776 7020 216 122 7 40 100 59
1534351450.522462 649 548 581 728 559 718 -3050 -2740 6972 213 112 29 39 98 57
1534351450.5882857 649 548 581 728 559 718 -3046 -2750 7036 206 124 23 41 99 57
1534351450.6550379 649 548 581 729 559 718 -3036 -2754 6958 241 151 33 41 102 60
1534351450.717523 648 548 581 729 559 718 -3012 -2742 7000 192 134 14 40 98 60
1534351450.7824988 649 548 581 728 559 718 -3004 -2776 7030 233 104 12 38 100 59
1534351450.8551762 649 548 582 729 560 718 -3048 -2716 6970 232 154 30 40 100 60
1534351450.920766 650 548 581 729 559 717 -2982 -2736 7024 216 130 9 40 101 58
1534351450.983251 649 548 581 729 559 718 -3012 -2738 7004 199 146 -3 42 100 60
1534351451.0544147 649 548 581 729 559 718 -3036 -2754 7004 193 165 30 38 99 59
1534351451.1074145 649 548 581 729 559 718 -3044 -2714 7002 211 124 11 40 98 58
1534351451.185729 649 548 581 728 559 718 -3058 -2718 6956 231 123 33 40 99 57
1534351451.2480083 649 548 581 728 559 718 -3054 -2726 6980 239 132 46 39 98 58
1534351451.3200228 649 548 581 729 559 718 -3048 -2778 6954 211 129 12 40 100 60
1534351451.3748527 649 548 581 728 559 718 -3036 -2722 7004 159 121 24 41 100 60
1534351451.4529583 649 548 581 728 559 718 -3046 -2748 7038 185 105 48 39 99 59
1534351451.518833 649 548 581 728 559 717 -3008 -2720 7042 215 145 2 39 100 59
1534351451.5853727 649 548 581 729 559 718 -3048 -2748 6966 227 167 27 39 100 60
1534351451.6552703 649 548 581 729 559 718 -3030 -2730 6984 238 139 -18 40 100 58
1534351451.7177553 649 548 581 729 559 718 -3052 -2726 6984 222 106 26 41 99 58
1534351451.78349 649 548 581 729 559 718 -3044 -2748 6994 207 138 22 39 100 57
1534351451.8526268 649 548 581 728 559 718 -3042 -2706 6982 225 124 20 40 97 58
1534351451.9071102 649 548 581 729 559 718 -2994 -2752 6940 193 132 2 40 100 59
1534351451.9852166 649 548 581 728 559 718 -3034 -2740 6990 220 131 -4 40 99 58
1534351452.0414848 649 548 581 729 559 718 -3046 -2756 7020 207 134 20 41 99 59
1534351452.1073282 649 548 581 728 559 718 -3052 -2734 6968 210 101 -9 38 100 58
1534351452.1696808 649 548 581 729 559 718 -3014 -2780 6984 225 164 4 40 98 60
1534351452.2477913 649 548 581 729 559 717 -3022 -2716 6976 198 131 -10 39 101 59
1534351452.3199127 649 548 581 729 559 718 -3018 -2730 6970 283 99 42 41 98 61
1534351452.3682246 649 548 581 728 559 718 -3026 -2764 6976 221 142 3 40 98 58
1534351452.4307125 649 548 581 728 559 717 -3042 -2732 6932 204 115 1 40 98 60
1534351452.5115485 649 548 581 728 559 718 -3020 -2746 7022 210 126 12 40 99 58
1534351452.5747547 649 548 581 729 559 717 -3028 -2724 6994 200 149 -1 39 99 57
1534351452.6374114 649 548 581 729 559 718 -3046 -2730 6982 213 142 2 39 100 57
1534351452.6997275 649 548 581 729 559 718 -3026 -2744 6942 194 145 10 40 99 60
1534351452.764754 649 548 581 729 559 718 -3060 -2726 6986 215 154 35 39 99 57
1534351452.8416312 649 548 581 729 559 718 -3042 -2750 6998 234 137 29 40 99 57
1534351452.9057627 649 548 581 728 559 718 -3058 -2708 6970 169 127 4 38 99 58
1534351452.9680362 649 548 581 728 559 718 -3032 -2770 7018 237 132 40 40 101 59
1534351453.0408254 649 548 581 729 559 718 -3050 -2726 6978 183 137 15 41 100 59
1534351453.1068857 649 548 581 728 559 718 -3030 -2720 7006 257 134 48 41 97 58
1534351453.1723893 649 548 581 729 559 718 -3034 -2730 6938 200 163 27 40 100 59
1534351453.2347746 649 548 581 728 559 718 -3024 -2750 6984 197 161 10 39 100 60
1534351453.3048773 649 548 581 729 559 718 -3010 -2746 6966 192 99 6 38 97 60
1534351453.3570344 649 548 581 729 559 717 -3020 -2734 7024 194 131 -8 37 98 58
1534351453.4350116 649 548 581 729 559 718 -3050 -2738 6960 187 119 8 42 99 58
1534351453.497499 649 548 581 729 559 717 -3056 -2780 6982 200 134 26 41 99 58
1534351453.558571 649 548 581 729 559 718 -3042 -2762 6964 225 110 9 42 98 59
1534351453.6253119 649 548 581 728 559 717 -3032 -2710 6996 203 130 15 39 98 58
1534351453.6879985 649 548 581 729 559 718 -3026 -2724 7008 225 117 -2 40 98 59
1534351453.7505646 649 548 581 729 559 718 -3024 -2764 6968 186 118 -6 39 100 61
1534351453.8321612 649 548 581 728 559 718 -3026 -2736 6992 237 138 42 41 100 58
1534351453.8903856 649 548 581 728 559 718 -3036 -2770 7008 245 98 14 39 100 57
1534351453.9528708 649 548 581 729 559 717 -3014 -2764 6976 208 130 -17 38 98 58
1534351454.0335343 649 547 581 728 559 718 -3000 -2736 7006 215 125 -16 40 101 58
1534351454.0988925 649 548 581 729 559 717 -3040 -2748 6948 176 138 9 41 99 59
1534351454.1571708 649 548 581 728 559 718 -3054 -2714 6960 230 152 3 40 98 59
1534351454.2195086 649 548 581 728 559 718 -3030 -2754 7000 249 151 14 40 99 58
1534351454.2850592 649 547 581 729 559 718 -3028 -2736 6942 219 140 6 41 100 59
1534351454.3581865 649 548 581 728 559 718 -3020 -2754 7006 185 120 17 39 101 60
1534351454.4206715 649 548 581 728 559 718 -3044 -2742 6964 219 148 17 41 102 59
1534351454.4831564 649 548 581 728 559 718 -3028 -2736 6990 211 153 22 41 99 60
1534351454.556654 649 548 581 729 559 718 -3044 -2754 6986 219 138 20 39 100 60
1534351454.6247182 649 548 581 728 559 718 -2992 -2754 6950 231 115 20 40 99 59
1534351454.687263 649 548 581 728 559 718 -3044 -2716 6990 187 133 0 42 99 58
1534351454.7496893 649 548 581 729 559 718 -3038 -2722 6980 211 132 24 40 98 58
1534351454.8257477 649 548 581 728 559 718 -3044 -2744 7042 193 149 22 39 98 58
1534351454.889317 649 548 581 729 559 717 -3048 -2746 6976 215 117 13 39 97 58
1534351454.951668 649 548 581 729 559 717 -3032 -2710 6972 250 98 16 39 98 59
1534351455.022168 649 548 581 729 559 718 -3026 -2724 7026 214 134 14 40 97 58
1534351455.0892582 649 547 581 728 559 718 -3020 -2752 6984 206 122 11 40 101 58
1534351455.1407597 649 548 581 728 559 718 -3072 -2754 7008 216 122 4 40 100 57
1534351455.219058 649 548 581 728 559 718 -3018 -2734 6952 215 145 -1 40 101 59
1534351455.284925 649 548 581 728 559 718 -3020 -2738 6976 237 101 24 39 98 59
1534351455.354857 649 548 581 728 559 718 -3012 -2718 7014 218 148 32 39 99 59
1534351455.4215012 649 548 581 729 559 718 -3040 -2740 6970 215 124 15 41 101 59
1534351455.483771 649 548 581 728 559 718 -3068 -2758 6958 170 122 -30 39 100 61
1534351455.555109 649 548 581 728 559 717 -3054 -2734 6944 227 130 21 41 98 58
1534351455.6057856 649 548 581 728 559 718 -3040 -2722 6984 192 140 9 40 99 58
1534351455.6838899 649 548 581 728 559 717 -3048 -2734 6970 224 168 10 41 97 59
1534351455.746517 649 548 581 728 559 718 -3062 -2734 6980 194 106 24 36 98 57
1534351455.8186405 649 548 581 729 559 718 -3038 -2724 6978 221 143 12 39 99 61
1534351455.8732471 649 547 581 728 559 718 -3052 -2750 6974 222 124 19 41 98 58
1534351455.9354668 649 548 581 728 559 718 -3060 -2752 7000 200 124 32 39 98 59
1534351456.0155513 649 548 581 728 559 718 -3032 -2740 6994 198 137 7 39 99 61
1534351456.0811217 649 547 581 728 559 717 -3026 -2762 7020 232 116 2 40 100 58
1534351456.14098 649 548 581 728 559 718 -3014 -2752 6912 217 90 -16 40 100 60
1534351456.2034967 649 548 581 728 559 717 -3026 -2732 6964 203 119 14 43 100 60
1534351456.283865 649 547 581 728 559 717 -3042 -2738 6976 252 156 20 38 99 59
1534351456.3472555 649 548 581 728 559 718 -3014 -2744 6956 204 153 11 38 98 60
1534351456.4053018 649 548 581 729 559 718 -3014 -2682 6986 239 125 14 41 99 58
1534351456.4677799 649 548 581 729 559 718 -3032 -2764 7008 239 153 12 39 99 60
1534351456.5414302 649 548 581 728 559 718 -3042 -2708 6994 205 147 27 40 98 57
1534351456.6079848 649 547 581 728 559 718 -3044 -2754 6994 203 138 27 39 100 59
1534351456.6704953 649 548 581 728 559 718 -3042 -2730 6958 221 123 32 37 100 60
1534351456.7331748 649 547 581 728 559 717 -3046 -2756 6948 207 131 -3 40 100 59
1534351456.8110461 649 548 581 728 559 718 -3074 -2756 6988 197 156 2 40 98 59
1534351456.8726294 649 547 581 729 559 718 -3028 -2750 6994 238 125 20 39 98 58
1534351456.935115 649 548 581 728 559 718 -3028 -2738 7010 231 125 13 40 101 59
1534351456.997601 649 548 581 729 559 718 -3052 -2734 6930 230 94 14 39 99 57
1534351457.0744293 649 547 581 729 559 718 -3046 -2762 7000 228 142 11 41 99 59
1534351457.1403854 649 548 581 728 559 718 -3014 -2724 7024 175 143 -14 38 97 58
1534351457.2026563 649 548 581 728 559 718 -3018 -2748 6984 232 156 13 42 101 60
1534351457.265344 649 548 581 728 559 718 -3028 -2750 6970 224 136 4 40 99 58
1534351457.339362 649 548 581 728 559 717 -3048 -2734 6956 196 128 9 40 99 58
1534351457.4038868 649 548 581 729 559 717 -3040 -2750 6962 240 117 15 40 99 58
1534351457.4664679 649 548 581 728 559 718 -3056 -2758 6980 209 128 21 40 100 59
1534351457.5393019 649 548 581 728 559 717 -2996 -2742 6936 215 116 49 41 98 61
1534351457.6128361 649 547 581 728 559 718 -3032 -2710 6960 213 112 31 41 100 57
1534351457.6571498 649 548 581 728 559 717 -3030 -2728 6988 198 134 35 37 99 59
1534351457.7353244 649 548 581 729 559 718 -3010 -2710 6986 204 136 19 40 99 58
1534351457.804384 649 548 581 728 559 718 -3038 -2768 6966 205 110 -3 40 99 58
1534351457.8585787 649 547 581 728 559 718 -3038 -2746 6992 206 147 -5 41 99 59
1534351457.921237 649 547 581 728 559 718 -3052 -2706 6950 232 142 0 41 100 56
1534351457.9993331 649 548 581 728 559 718 -3014 -2738 6982 220 138 36 42 100 58
1534351458.0570464 649 547 581 728 559 718 -3062 -2738 6930 210 106 27 41 97 60
1534351458.1250627 649 547 581 728 559 718 -3016 -2736 7028 203 143 31 40 101 57
1534351458.1877716 649 548 581 729 559 717 -3050 -2742 7000 240 155 32 40 99 59
1534351458.2656832 649 547 581 728 559 718 -3028 -2758 7040 235 145 16 39 99 58
1534351458.3351545 649 548 581 728 559 718 -3048 -2730 6986 251 102 18 41 100 58
1534351458.389537 649 547 581 728 559 718 -3054 -2726 6964 201 123 5 41 98 60
1534351458.4519958 649 548 581 728 559 717 -3020 -2730 6964 204 160 20 41 97 57
1534351458.5315993 648 548 581 728 559 718 -3042 -2746 6956 195 147 12 41 99 58
1534351458.597829 649 547 581 728 559 718 -3054 -2736 6996 202 134 14 40 99 58
1534351458.6557035 649 548 581 728 559 718 -3010 -2744 6960 213 116 12 40 100 59
1534351458.7182345 649 548 581 729 559 718 -2976 -2742 6968 198 159 14 42 100 59
1534351458.7842176 649 548 581 728 559 718 -3038 -2736 7012 196 134 22 42 97 58
1534351458.8645737 649 547 581 728 559 717 -3036 -2714 7032 223 138 24 40 100 58
1534351458.922359 649 548 581 728 559 718 -3048 -2758 7002 226 128 19 41 98 59
1534351458.997476 649 547 581 729 559 717 -3046 -2754 6938 196 162 21 38 100 60
1534351459.0647547 649 547 581 728 559 717 -3050 -2720 6922 214 138 -12 41 99 59
1534351459.122207 648 547 581 728 559 718 -3014 -2752 6966 218 137 -4 41 99 58
1534351459.1848023 649 547 581 729 559 717 -3024 -2732 6920 225 133 21 40 98 58
1534351459.262738 649 547 581 728 559 718 -3054 -2770 6930 198 124 13 38 99 59
1534351459.3287883 649 548 581 729 559 717 -3028 -2752 6950 210 134 18 40 98 59
1534351459.3917353 649 547 581 728 559 717 -3060 -2762 6944 231 146 44 39 99 57
1534351459.4596982 649 547 581 728 559 718 -3022 -2742 6966 151 112 8 40 97 58
1534351459.525332 649 547 581 728 559 716 -3050 -2782 7004 203 119 36 38 97 59
1534351459.6060462 649 547 581 728 559 717 -3054 -2762 6972 247 117 32 38 100 58
1534351459.6529095 649 547 581 728 559 718 -3034 -2772 7012 196 126 3 41 99 59
1534351459.7155945 649 548 581 729 559 718 -3052 -2780 6990 251 130 4 39 99 57
1534351459.7803378 649 547 581 728 559 718 -3030 -2762 6994 197 146 -28 41 99 59
1534351459.8414555 649 548 581 728 559 718 -3042 -2756 6950 198 115 15 39 98 58
1534351459.919563 649 547 581 728 559 718 -3056 -2756 7032 190 119 26 41 97 60
1534351459.9821677 649 547 581 728 559 717 -3042 -2752 6996 214 136 19 40 101 56
1534351460.0533526 649 547 581 728 559 717 -3042 -2704 6986 201 115 3 42 99 58
1534351460.1198828 649 547 581 728 559 717 -3032 -2772 7004 236 125 19 39 99 59
1534351460.1719575 648 547 581 728 559 717 -3058 -2778 6982 221 121 33 40 100 58
1534351460.2500656 649 547 581 728 559 718 -3002 -2722 6944 226 116 47 39 100 59
1534351460.319616 649 548 581 728 559 718 -3068 -2754 6944 213 107 6 38 100 58
1534351460.3744512 649 547 581 728 559 717 -3068 -2746 7036 190 123 9 41 99 59
1534351460.436879 649 547 581 728 559 717 -3064 -2750 6934 211 147 38 42 101 58
1534351460.5180774 649 547 581 728 559 717 -3016 -2766 6980 193 151 25 38 98 57
1534351460.5850666 649 547 581 728 559 718 -3016 -2726 6990 253 160 11 41 100 57
1534351460.6406193 649 547 581 728 559 717 -3054 -2786 6902 182 151 34 39 100 58
1534351460.7189026 649 548 581 728 559 717 -3022 -2704 7002 201 148 32 39 100 60
1534351460.7843006 649 548 581 728 559 718 -3070 -2750 6958 254 121 33 39 99 59
1534351460.851322 649 547 581 728 559 717 -3048 -2754 6954 228 119 22 42 99 57
1534351460.9209619 649 547 581 728 559 718 -3020 -2750 6990 147 145 -2 40 100 59
1534351460.983577 649 548 581 729 559 718 -3078 -2742 6946 223 122 20 40 101 58
1534351461.0410542 649 547 581 729 559 718 -3030 -2746 6966 200 149 22 40 98 59
1534351461.116619 649 547 581 728 559 718 -3038 -2780 6936 199 112 11 41 98 57
1534351461.1726477 649 547 581 729 559 717 -3044 -2762 6968 215 142 4 39 98 57
1534351461.2350452 649 547 581 728 559 718 -3036 -2734 6976 231 123 3 41 99 58
1534351461.3141065 649 548 581 729 559 717 -3034 -2752 6966 203 123 38 41 101 58
1534351461.373813 648 547 581 728 559 717 -3042 -2748 6958 197 123 -6 39 100 57
1534351461.4362977 649 547 581 728 559 718 -3036 -2712 7000 216 114 -5 41 99 58
1534351461.4987836 649 547 581 728 559 718 -3056 -2772 6978 195 100 11 41 97 59
1534351461.587854 649 547 581 729 559 718 -3048 -2742 6990 165 122 19 39 98 61
1534351461.6381724 650 547 581 728 559 718 -3046 -2742 7002 253 146 26 39 99 60
1534351461.7006912 649 547 581 728 559 718 -3044 -2730 6948 201 160 25 39 100 59
1534351461.763184 649 547 581 728 559 718 -3024 -2724 6998 221 152 12 40 98 58
1534351461.8441546 649 548 581 728 559 718 -3038 -2766 7030 181 128 -8 40 98 59
1534351461.905085 649 547 581 729 559 717 -3024 -2752 7046 185 151 21 41 100 58
1534351461.9677641 649 547 581 728 559 718 -3016 -2726 6964 209 118 -6 39 99 58
1534351462.0432234 649 548 581 728 559 717 -3042 -2718 6954 174 110 21 41 98 59
1534351462.1076288 649 547 581 728 559 718 -3048 -2750 6954 185 133 -1 39 97 59
1534351462.170113 649 547 581 728 559 718 -3020 -2756 6934 236 129 48 41 99 60
1534351462.2326002 649 548 581 729 559 717 -3054 -2766 6982 238 150 30 39 100 57
1534351462.3092237 649 547 581 729 559 718 -3022 -2808 6978 222 137 25 40 100 58
1534351462.3716576 649 547 581 728 559 718 -3054 -2756 6992 216 115 -2 42 100 60
1534351462.433954 649 547 581 729 559 718 -3038 -2736 7020 206 134 30 39 98 57
1534351462.496438 649 547 581 728 559 718 -3076 -2746 6964 203 110 5 40 102 56
1534351462.5729666 649 548 581 728 559 717 -3056 -2786 6984 203 131 33 40 99 58
1534351462.639978 649 547 581 729 559 717 -3066 -2730 6936 219 117 -2 40 97 59
1534351462.7022593 649 547 581 728 559 717 -3074 -2724 6976 237 124 20 40 98 57
1534351462.764744 649 547 581 728 559 717 -3016 -2760 6948 216 134 39 39 101 58
1534351462.8387043 649 547 581 728 559 717 -3052 -2752 6974 179 151 36 41 98 58
1534351462.9054503 649 547 581 728 559 718 -3032 -2730 6972 203 127 5 40 100 60
1534351462.9679701 648 547 581 729 559 718 -3044 -2774 6994 197 120 19 41 100 58
1534351463.0379765 648 547 581 728 559 718 -3022 -2734 6998 227 122 33 41 98 57
1534351463.1035488 649 547 581 728 559 718 -3044 -2722 6900 219 103 28 39 99 59
1534351463.1546998 649 547 581 728 559 718 -3048 -2772 7030 192 124 4 40 99 56
1534351463.2329943 649 547 581 728 559 718 -3040 -2734 6944 232 129 35 41 98 59
1534351463.298532 649 547 581 728 559 717 -3004 -2756 6984 187 136 30 41 100 59
1534351463.3573196 649 547 581 728 559 717 -3002 -2772 6982 217 112 72 40 97 57
1534351463.4198046 649 547 581 728 559 718 -3004 -2764 6972 208 137 42 40 100 59
1534351463.4979112 649 547 581 728 559 718 -3078 -2780 6956 210 120 25 40 99 58
1534351463.5692754 649 547 581 728 559 718 -3006 -2764 6986 193 154 16 40 100 60
1534351463.6239302 649 547 581 728 559 718 -3054 -2750 6994 206 136 4 40 100 61
1534351463.6866202 649 547 581 729 559 718 -3038 -2734 6998 231 101 16 40 99 59
1534351463.7646518 649 547 581 728 559 718 -3040 -2760 7006 198 137 -5 39 98 60
1534351463.833345 649 547 581 729 559 718 -3072 -2768 6974 249 119 36 39 101 58
1534351463.8909829 649 547 581 729 559 718 -3030 -2750 6982 210 126 0 41 100 59
1534351463.953397 649 547 581 728 559 718 -3066 -2768 6974 214 133 29 39 99 58
1534351464.031299 649 547 581 728 559 717 -3028 -2740 6982 222 115 16 40 99 59
1534351464.097038 649 547 581 728 559 717 -3014 -2754 7036 212 123 15 40 97 57
1534351464.1559217 649 547 581 728 559 717 -3062 -2736 6978 232 134 16 39 99 56
1534351464.2184076 649 547 581 729 559 717 -3052 -2754 6992 190 116 25 41 97 59
1534351464.2840288 649 547 581 728 559 718 -3044 -2754 6976 226 139 22 39 99 58
1534351464.3610494 649 547 581 728 559 718 -3040 -2742 6970 235 111 27 38 98 57
1534351464.4219728 649 547 581 728 559 718 -3044 -2754 6990 192 138 34 41 98 56
1534351464.4844682 649 548 581 728 559 718 -3058 -2732 6950 193 150 -3 40 99 59
1534351464.559134 649 547 581 728 559 718 -3032 -2720 6928 200 107 -6 41 99 58
1534351464.6248372 649 547 581 728 559 718 -3064 -2782 7016 246 109 25 40 100 59
1534351464.6875098 649 547 581 728 559 718 -3020 -2708 7024 215 141 33 41 99 58
1534351464.7498477 649 548 581 728 559 717 -3060 -2732 6948 168 110 15 39 100 57
1534351464.8266401 649 547 581 728 559 718 -3028 -2742 7028 220 160 12 40 100 56
1534351464.8898656 649 547 581 728 559 718 -3068 -2738 6962 222 113 4 41 99 59
1534351464.9523685 649 548 581 728 559 717 -3050 -2752 6984 233 106 20 41 100 58
1534351465.0250168 649 548 581 728 559 718 -3020 -2780 7020 210 118 33 42 100 58
1534351465.091388 649 547 581 728 559 718 -3044 -2762 6970 201 124 40 39 98 59
1534351465.1553373 649 547 581 729 559 718 -3034 -2770 6972 214 107 3 40 99 58
1534351465.2178226 649 547 581 728 559 718 -3012 -2768 7014 218 126 10 40 99 61
1534351465.2835426 649 548 581 728 559 718 -3056 -2760 6926 178 133 3 38 100 60
1534351465.3529282 649 548 581 729 559 717 -3016 -2782 6966 200 126 5 39 98 58
1534351465.4063497 649 547 581 728 559 717 -3032 -2742 6978 247 146 7 39 100 58
1534351465.4843304 649 547 581 729 559 717 -3064 -2734 6976 213 128 21 40 99 58
1534351465.5578299 649 548 581 728 559 718 -3018 -2780 6996 240 143 36 41 101 59
1534351465.609102 649 547 581 728 559 718 -3034 -2788 6990 219 153 41 41 99 58
1534351465.6715875 649 548 581 728 559 717 -3066 -2750 6960 191 110 3 41 100 58
1534351465.7497163 649 547 581 728 559 718 -3036 -2746 6942 210 148 19 41 98 58
1534351465.8163474 649 547 581 728 559 718 -3050 -2766 7004 219 165 35 41 100 56
1534351465.8755136 649 547 581 728 559 717 -3020 -2760 6958 219 127 27 40 99 58
1534351465.9379997 649 547 581 728 559 717 -3052 -2760 6950 211 160 13 39 100 59
1534351466.0163317 649 547 581 728 559 718 -3068 -2756 6964 211 105 -6 39 98 59
1534351466.081563 649 547 581 728 559 717 -3030 -2762 7000 177 100 9 39 101 59
1534351466.139169 649 547 581 728 559 717 -3036 -2758 6988 197 152 19 40 98 58
1534351466.2016525 649 547 581 728 559 717 -3042 -2728 6978 211 167 35 40 98 57
1534351466.2798016 649 547 581 728 559 718 -3036 -2786 6978 234 118 -1 41 98 58
1534351466.344539 648 547 581 728 559 718 -3034 -2766 6976 185 137 3 38 98 59
1534351466.40791 649 547 581 728 559 717 -3052 -2746 6950 238 127 32 39 101 58
1534351466.4744763 649 547 581 728 559 717 -3042 -2756 6988 202 113 35 40 99 58
1534351466.5412443 649 547 581 728 559 718 -3044 -2750 7008 205 131 -4 39 100 60
1534351466.6035087 649 547 581 729 559 718 -3038 -2742 6956 211 167 -2 40 99 58
1534351466.6659834 648 547 581 728 559 717 -3034 -2754 6932 214 169 27 39 100 58
1534351466.7440898 648 547 581 728 559 717 -3072 -2754 6994 256 114 7 39 100 59
1534351466.8102963 649 547 581 729 559 718 -3028 -2752 6978 173 109 4 40 100 61
1534351466.8812327 649 547 581 728 559 718 -3038 -2734 6976 216 130 15 41 99 60
1534351466.9388566 649 547 581 728 559 717 -3038 -2776 6970 225 130 20 39 99 58
1534351467.004586 649 547 581 728 559 718 -3058 -2770 6980 177 128 17 39 99 58
1534351467.0741534 649 547 581 728 559 718 -3066 -2752 6942 168 155 25 40 99 57
1534351467.125068 649 547 581 728 559 718 -3052 -2772 6986 178 91 37 39 99 60
1534351467.2033 649 547 581 728 559 717 -3020 -2782 6936 168 121 10 39 99 57
1534351467.2658432 649 547 581 728 559 718 -3050 -2770 7050 187 163 7 40 99 60
1534351467.3367908 649 547 581 728 559 717 -3056 -2790 6996 203 116 19 39 100 59
1534351467.3898494 649 547 581 728 559 718 -3046 -2722 6946 218 109 16 41 100 61
1534351467.467956 649 547 581 728 559 718 -3052 -2696 6986 182 121 17 41 99 57
1534351467.5338748 649 547 581 728 559 718 -3050 -2738 6988 253 151 12 41 97 56
1534351467.601623 649 547 581 728 559 717 -3030 -2734 6958 229 139 1 42 100 59
