1534351476.8038688 649 547 580 728 558 717 -3036 -2794 6964 221 109 1 38 100 59
1534351476.8724856 649 547 581 728 558 718 -3064 -2764 7000 208 106 44 38 100 60
1534351476.9349704 649 547 581 728 558 718 -3022 -2780 6946 212 126 9 40 99 60
1534351477.0130765 649 547 581 728 558 717 -3072 -2804 7012 190 126 35 41 99 58
1534351477.0755732 649 547 580 728 558 718 -3028 -2798 6944 198 128 -1 41 98 58
1534351477.1380568 649 547 580 728 558 717 -3038 -2746 6994 159 115 44 40 99 58
1534351477.211013 649 547 580 728 558 717 -3048 -2756 7002 201 91 11 39 101 59
1534351477.2720208 649 547 580 728 558 717 -3068 -2770 6990 177 153 23 40 100 60
1534351477.3440042 649 547 581 728 558 718 -3048 -2764 6900 242 111 17 40 99 58
1534351477.4049141 649 547 580 728 558 718 -3042 -2740 6972 195 134 0 41 100 58
1534351477.9543233 648 547 580 728 558 717 -3050 -2766 6920 216 127 43 40 97 59
1534351477.9952133 649 547 581 728 558 717 -3032 -2734 6910 219 126 23 41 98 59
1534351478.0520608 649 547 580 728 558 718 -3076 -2742 6946 219 155 9 40 99 59
1534351478.1348405 649 547 580 728 558 717 -3048 -2758 6988 210 120 30 40 98 59
1534351478.2106407 648 547 580 728 558 717 -3040 -2752 6922 212 141 17 41 100 59
1534351478.3173516 648 547 581 728 558 717 -3084 -2746 7008 254 104 -5 40 101 60
1534351478.3583605 648 547 581 728 558 718 -3050 -2752 6992 193 108 33 39 97 57
1534351478.4052231 649 547 580 728 558 718 -3026 -2778 6948 236 145 30 41 97 59
1534351478.4364676 648 547 580 728 558 718 -3048 -2774 7026 178 169 14 40 97 58
1534351478.4677088 649 547 580 728 558 718 -3060 -2764 6980 202 164 31 39 101 59
1534351478.4989552 649 547 581 728 558 717 -3050 -2746 6958 182 134 31 39 100 59
1534351478.5440161 649 547 581 728 558 717 -3062 -2756 6940 190 169 -2 41 99 57
1534351478.5809026 649 547 580 728 558 717 -3066 -2760 6952 198 128 40 41 100 59
1534351478.6551201 649 547 581 728 558 717 -3054 -2754 6952 223 122 7 42 100 58
1534351478.7019832 649 547 580 728 558 717 -3052 -2752 6962 229 126 16 39 101 59
1534351478.7176046 649 547 581 728 558 718 -3012 -2754 7020 233 120 17 40 99 57
1534351478.7488472 649 547 581 728 558 718 -3082 -2776 6978 174 114 -4 42 100 58
1534351478.8001637 649 547 581 728 558 717 -3064 -2738 6976 243 118 12 38 99 58
1534351478.8232093 649 547 580 728 558 717 -3040 -2770 6984 223 116 34 39 100 60
1534351478.8544495 649 547 581 728 558 717 -3066 -2740 7016 207 143 30 41 100 60
1534351478.9169335 649 547 581 728 558 718 -3046 -2754 6960 223 170 21 42 100 59
1534351478.9885533 649 547 581 728 558 718 -3032 -2760 6946 201 134 42 40 98 58
1534351479.067519 649 547 580 728 558 718 -3036 -2756 6992 212 128 25 40 101 58
1534351479.116391 649 547 581 728 558 717 -3038 -2756 6962 213 156 -9 39 100 59
1534351479.1401758 649 547 581 728 558 717 -3052 -2714 6930 255 154 19 41 97 60
1534351479.171419 648 547 580 728 558 718 -3042 -2776 6984 208 155 24 39 99 59
1534351479.2026668 649 547 580 728 558 718 -3026 -2726 6988 229 149 1 39 97 59
1534351479.2681897 649 547 581 728 558 718 -3054 -2754 6954 236 130 17 38 98 58
1534351479.3237767 649 547 581 728 558 717 -3058 -2758 6996 219 135 10 38 98 57
1534351479.3862607 649 547 580 728 558 718 -3032 -2752 7008 222 138 -23 40 98 58
1534351479.4685311 649 547 581 728 558 717 -3050 -2768 6962 176 139 18 38 100 57
1534351479.534848 648 547 581 728 558 717 -3056 -2750 6982 234 126 57 40 100 59
1534351479.6011684 649 547 581 728 558 718 -3052 -2762 6998 245 139 10 39 99 58
1534351479.658348 649 547 580 728 558 717 -3072 -2770 6938 179 147 23 42 101 59
1534351479.7208314 649 547 581 728 558 717 -3068 -2754 6892 195 122 30 40 98 57
1534351479.799848 648 547 580 728 558 718 -3024 -2790 6962 237 128 38 42 99 58
1534351479.856235 648 547 580 728 558 717 -3024 -2808 6864 209 142 105 41 98 57
1534351479.935565 648 547 581 728 558 718 -3066 -2812 6946 -108 338 66 40 100 58
1534351480.0033793 648 547 581 728 558 717 -3014 -2798 6930 -180 369 -68 42 99 59
1534351480.0688314 649 547 580 728 558 717 -3104 -2770 6944 184 156 7 40 100 60
1534351480.1389937 649 547 580 728 558 717 -3036 -2810 6954 204 148 -22 40 102 59
1534351480.2407267 649 547 580 728 558 718 -3064 -2918 6838 -84 308 -85 42 98 58
1534351480.314361 649 547 581 728 558 717 -3088 -2868 6942 193 35 63 43 99 57
1534351480.3414397 648 547 580 728 558 717 -3054 -2864 6850 333 -32 80 39 99 57
1534351480.3883042 648 547 580 728 558 718 -3082 -2786 6984 302 139 0 40 100 59
1534351480.4664466 648 547 580 728 558 717 -3026 -2790 6978 203 204 2 41 99 57
1534351480.532157 649 547 580 728 558 718 -3062 -2776 6926 66 158 14 41 101 58
1534351480.59108 649 547 580 728 558 718 -3076 -2820 6974 7 270 -99 43 100 58
1534351480.6535814 649 547 580 728 558 718 -3058 -2828 6892 101 182 -18 40 100 56
1534351480.731672 648 547 581 728 558 717 -3100 -2828 6960 290 22 114 45 100 58
1534351480.8118522 649 547 581 728 558 718 -3056 -2870 6916 258 -12 127 43 102 59
1534351480.8568497 649 547 580 728 558 717 -3050 -2798 6962 208 37 64 42 100 56
1534351480.920388 649 547 580 728 558 717 -3238 -2876 6956 -244 418 -31 45 98 58
1534351481.003477 649 547 580 728 558 717 -3062 -2942 6822 -190 944 -405 43 99 58
1534351481.0736856 649 547 580 728 558 718 -3092 -2802 6998 -561 601 -254 43 98 57
1534351481.1369545 649 547 581 728 558 717 -3048 -2716 7066 -578 671 -215 42 98 57
1534351481.1994412 649 547 580 728 558 717 -3080 -2860 6960 -4 303 -66 41 99 57
1534351481.273401 648 547 580 728 558 717 -3066 -2800 6948 243 143 3 41 98 57
1534351481.340029 648 547 580 728 558 718 -3054 -2806 6936 191 138 19 41 98 57
1534351481.4025135 649 547 580 728 558 717 -3056 -2798 6930 197 143 -6 40 98 56
1534351481.4650006 649 547 580 728 558 717 -3048 -2776 6974 262 131 19 39 100 57
1534351481.5381274 649 547 581 728 558 717 -3068 -2832 6912 205 117 0 40 97 55
1534351481.5911124 649 547 580 728 558 717 -3074 -2800 6900 219 139 7 39 98 56
1534351481.6535988 649 547 580 728 558 717 -3078 -2822 6948 206 140 10 39 96 55
1534351481.7357335 649 547 580 728 558 718 -3084 -2812 6944 222 137 25 41 101 56
1534351481.801667 649 547 581 728 558 717 -3042 -2812 6984 205 136 18 38 99 54
1534351481.8563812 648 547 580 728 558 717 -3088 -2810 6948 233 121 21 39 99 56
1534351481.9342756 648 547 580 728 558 717 -3064 -2774 6926 215 148 12 38 99 55
1534351481.985677 648 547 580 728 558 717 -3074 -2816 6940 209 120 9 39 100 57
1534351482.0666966 649 547 580 728 558 717 -3070 -2782 6944 164 112 11 39 98 55
1534351482.1365228 648 547 580 728 558 717 -3058 -2800 6950 225 123 -13 39 100 55
1534351482.199161 649 547 580 728 558 717 -3070 -2804 6948 199 131 25 38 99 57
1534351482.2660131 648 547 580 728 558 717 -3070 -2804 6990 225 134 20 38 98 57
1534351482.32476 648 547 580 728 558 717 -3050 -2816 6870 198 120 24 37 99 57
1534351482.387195 648 547 580 728 558 717 -3054 -2808 6944 220 113 18 38 97 56
1534351482.4495845 648 547 580 728 558 718 -3088 -2792 6892 191 145 12 36 97 56
1534351482.5298033 649 547 580 728 558 717 -3050 -2802 6938 227 139 21 39 99 55
1534351482.5919433 648 547 580 728 558 718 -3080 -2812 6918 151 120 19 38 99 55
1534351482.6544926 648 547 580 728 558 717 -3072 -2792 6972 190 137 -6 38 98 56
1534351482.7168775 648 547 580 728 558 718 -3076 -2820 6940 229 118 34 36 99 56
1534351482.793437 648 547 580 728 558 718 -3064 -2830 6960 212 127 6 39 97 55
1534351482.856814 648 547 580 728 558 717 -3080 -2808 6946 213 156 20 38 99 57
1534351482.919453 649 547 580 728 558 718 -3074 -2820 6970 227 143 6 37 98 56
1534351482.9852304 649 547 580 728 558 717 -3072 -2834 6954 207 147 10 36 98 57
1534351483.0543473 649 547 580 728 558 717 -3068 -2782 6946 218 104 7 38 99 58
1534351483.1069636 648 547 580 728 558 717 -3040 -2804 6948 220 111 48 38 97 57
1534351483.1853282 649 547 580 728 558 717 -3060 -2812 6904 224 113 18 37 98 56
1534351483.250878 649 547 580 728 558 717 -3056 -2774 6978 207 108 24 38 99 57
1534351483.3188422 648 547 580 728 558 718 -3082 -2816 6940 216 109 30 40 97 56
1534351483.3865619 649 547 580 728 558 717 -3052 -2782 6878 178 125 8 39 97 56
1534351483.4646692 649 547 580 728 558 718 -3096 -2784 6970 208 140 20 39 100 56
1534351483.5163476 649 547 580 728 558 717 -3076 -2820 6888 217 150 23 40 97 55
1534351483.5824006 649 547 580 728 558 717 -3070 -2794 6898 209 144 11 37 99 56
1534351483.6385665 649 547 580 728 558 717 -3022 -2780 6928 223 134 14 39 100 57
1534351483.7165985 649 547 581 728 558 717 -3064 -2786 6960 232 144 15 38 100 56
1534351483.782439 649 547 581 728 558 718 -3086 -2822 6994 233 125 34 40 99 55
1534351483.8403518 649 547 580 728 558 718 -3068 -2798 6896 183 167 0 40 100 57
1534351483.903885 649 547 580 728 558 717 -3112 -2804 6948 232 155 1 39 98 55
1534351483.9663687 649 547 580 728 558 718 -3110 -2798 6956 217 123 41 41 99 57
1534351484.047091 648 547 580 728 558 718 -3078 -2814 6992 198 124 27 38 100 54
1534351484.122349 648 547 580 728 558 717 -3066 -2820 6944 209 144 17 38 99 57
1534351484.1692727 649 547 580 728 558 717 -3064 -2792 6916 251 118 10 39 99 57
1534351484.2348146 649 547 580 728 558 718 -3042 -2798 6954 239 135 13 39 99 58
1534351484.2972996 649 547 580 728 558 717 -3094 -2834 6984 208 142 31 37 99 55
1534351484.3754067 649 547 580 728 558 718 -3078 -2820 6914 198 112 5 39 97 57
1534351484.437894 649 547 580 728 558 717 -3066 -2778 6934 237 145 26 39 101 54
1534351484.5005727 649 547 580 728 558 718 -3056 -2818 6926 205 131 40 40 97 56
1534351484.5733602 648 547 580 728 558 717 -3106 -2790 6928 177 122 8 37 98 57
1534351484.638463 649 547 580 728 558 718 -3088 -2810 6940 203 129 11 37 100 55
1534351484.7011302 649 547 581 728 558 718 -3092 -2808 6912 204 127 22 39 99 56
1534351484.7859406 649 547 580 728 558 717 -3054 -2786 6962 225 128 33 40 98 55
1534351484.838653 649 547 580 728 558 717 -3102 -2810 6948 204 142 23 40 99 56
1534351484.9012823 649 547 580 728 558 717 -3046 -2820 6876 210 155 30 40 97 56
1534351484.9635913 649 547 580 728 558 718 -3064 -2832 6856 226 149 6 38 98 57
1534351485.0353143 649 547 580 728 558 717 -3108 -2830 6922 170 136 30 38 98 55
1534351485.091275 648 547 580 728 558 717 -3048 -2790 6940 176 138 35 38 99 55
1534351485.1537738 649 547 580 728 558 717 -3178 -2794 6968 143 174 -36 35 99 55
1534351485.236151 649 547 581 728 558 717 -3086 -2810 6908 108 217 -38 38 100 58
1534351485.302968 649 547 580 728 558 717 -3024 -2816 6968 190 121 36 36 97 55
1534351485.3553298 649 547 580 728 558 717 -3058 -2808 7022 224 123 43 37 99 57
1534351485.4333947 649 547 580 728 558 717 -3044 -2832 6894 184 136 15 38 98 55
1534351485.4995525 648 547 580 728 558 717 -3094 -2802 6892 182 92 -1 38 100 57
1534351485.5663996 649 547 580 728 558 717 -3058 -2826 6982 255 137 16 39 99 56
1534351485.621546 648 547 580 728 558 717 -3080 -2812 6974 221 119 18 38 98 54
1534351485.683885 648 547 580 728 558 718 -3084 -2818 6912 224 113 34 39 98 56
1534351485.7621753 648 547 580 728 558 717 -3112 -2832 6924 208 128 46 38 99 57
1534351485.8305643 648 547 580 728 558 718 -3074 -2796 6920 213 130 23 38 98 57
1534351485.8885825 649 547 580 728 558 717 -3044 -2794 6892 171 143 30 40 97 58
1534351485.9510865 649 547 580 728 558 718 -3076 -2796 6950 208 142 -7 38 99 57
1534351486.0290093 649 547 580 728 558 717 -3064 -2784 6940 213 116 32 38 97 54
1534351486.091237 649 547 580 728 558 717 -3056 -2832 6914 242 141 16 39 101 55
1534351486.1537228 649 547 581 728 558 718 -3062 -2802 6878 211 134 3 39 98 57
1534351486.2163498 649 547 580 728 558 718 -3070 -2800 6936 236 108 20 38 98 57
1534351486.29094 648 547 580 728 558 717 -3078 -2796 6894 245 147 9 39 97 57
1534351486.3565469 648 547 580 728 558 717 -3066 -2766 6946 232 132 30 38 98 56
1534351486.4191804 649 547 580 728 558 717 -3068 -2826 6880 188 147 10 37 100 58
1534351486.4815075 648 547 580 728 558 717 -3048 -2818 6956 198 112 9 37 99 56
1534351486.5559475 649 547 580 728 558 717 -3058 -2816 6904 205 120 11 38 96 58
1534351486.6199455 648 547 580 728 558 717 -3082 -2814 6928 199 136 -7 39 98 56
1534351486.682507 648 547 580 728 558 717 -3098 -2806 6980 189 105 34 38 100 56
1534351486.7500741 648 547 580 728 558 718 -3040 -2806 6922 200 152 3 37 102 56
1534351486.8125837 648 547 580 728 558 717 -3062 -2796 6980 201 146 -8 40 98 56
1534351486.8751714 648 547 580 728 558 717 -3058 -2816 6926 238 119 10 40 97 56
1534351486.937648 648 547 580 728 558 717 -3090 -2810 6952 208 114 13 37 99 57
1534351487.0182319 648 547 580 728 558 717 -3068 -2846 6930 222 171 10 38 99 57
1534351487.083215 648 547 580 728 558 718 -3086 -2796 6890 213 138 8 41 97 57
1534351487.138176 648 547 580 728 558 718 -3096 -2794 6984 226 140 22 38 97 57
1534351487.2162735 649 547 580 728 558 717 -3096 -2800 6894 216 130 47 40 103 56
1534351487.2834039 649 547 580 728 558 717 -3050 -2802 6892 210 111 -3 38 100 56
1534351487.3410296 649 547 580 728 558 717 -3080 -2794 6900 258 121 28 38 97 56
1534351487.4035144 649 547 580 728 558 718 -3090 -2780 6920 216 120 -13 38 97 55
1534351487.4817228 649 547 580 728 558 718 -3080 -2822 6942 203 121 7 37 98 57
1534351487.5472162 648 547 580 728 558 717 -3086 -2800 6948 231 136 21 37 99 58
1534351487.6060607 648 547 580 728 558 717 -3110 -2834 6914 219 142 15 40 97 57
1534351487.6684318 648 547 580 728 558 717 -3082 -2790 6918 231 139 16 38 99 56
1534351487.7343078 649 547 580 728 558 717 -3052 -2844 6928 210 135 19 37 99 59
1534351487.8076067 649 547 580 728 558 718 -3072 -2798 6998 173 118 7 40 98 56
1534351487.8700883 648 547 580 728 558 718 -3096 -2800 6946 204 153 17 40 99 54
1534351487.9325738 649 547 580 728 558 717 -3090 -2802 6894 229 119 18 39 97 57
1534351487.9995422 649 547 579 728 558 717 -3082 -2808 6936 209 122 24 42 100 56
1534351488.0740736 648 547 581 728 558 717 -3044 -2806 6924 194 107 51 41 97 57
1534351488.1366098 649 547 580 728 558 717 -3088 -2782 6858 206 131 -3 40 99 56
1534351488.1990435 649 547 580 728 558 717 -3056 -2778 6944 196 121 32 39 100 58
1534351488.265279 649 547 580 728 558 717 -3098 -2820 6940 209 108 15 36 98 59
1534351488.3407896 649 547 580 728 558 717 -3082 -2820 6930 159 121 11 40 99 54
1534351488.4045615 648 547 580 728 558 717 -3078 -2808 6914 232 135 13 39 98 56
1534351488.4670465 649 547 580 728 558 717 -3068 -2798 6938 232 121 25 41 98 56
1534351488.538378 649 547 580 728 558 718 -3054 -2820 6946 185 127 15 40 99 57
1534351488.5904622 649 547 580 728 558 718 -3062 -2808 6910 238 139 14 41 98 57
1534351488.6685991 648 547 580 728 558 717 -3078 -2802 6926 242 147 7 38 100 57
1534351488.731055 649 547 580 728 558 718 -3072 -2786 6912 187 114 13 39 100 56
1534351488.8029685 648 547 580 728 558 717 -3068 -2804 7054 225 151 -1 38 98 56
1534351488.857582 649 547 580 728 558 717 -3096 -2794 6964 174 131 21 39 99 55
1534351488.9356923 648 547 580 728 558 717 -3038 -2806 6956 225 119 14 40 99 55
1534351489.0023098 648 547 580 727 558 717 -3074 -2798 6972 229 121 13 38 100 57
1534351489.06713 648 547 580 728 558 717 -3082 -2804 6894 205 115 9 37 98 55
1534351489.1213017 648 547 580 728 558 717 -3086 -2772 6974 199 127 -9 37 98 56
1534351489.1994026 649 547 580 728 558 717 -3068 -2802 6936 228 128 21 40 97 56
1534351489.2502213 649 547 580 728 558 718 -3092 -2850 6900 214 149 27 38 99 57
1534351489.331571 649 547 580 728 558 717 -3068 -2840 6916 235 141 11 38 98 55
1534351489.404133 649 547 580 728 558 717 -3074 -2804 6906 192 118 12 37 100 54
1534351489.4511929 649 547 580 728 558 717 -3078 -2804 6960 201 131 42 39 98 57
1534351489.5298598 649 547 580 728 558 717 -3050 -2826 6938 203 125 20 39 98 56
1534351489.5899055 649 547 580 728 558 717 -3054 -2772 6962 196 133 39 41 98 56
1534351489.6524704 648 547 580 728 558 717 -3078 -2850 6908 214 136 16 39 99 58
1534351489.7150624 649 547 580 728 558 717 -3092 -2766 6932 217 141 12 40 97 55
1534351489.7938826 648 547 580 728 558 717 -3068 -2792 6930 253 145 38 39 99 57
1534351489.8575628 648 547 580 728 558 718 -3062 -2818 6940 230 106 -11 41 98 56
1534351489.9203644 649 547 580 728 558 717 -3080 -2810 6940 218 172 10 39 99 57
1534351489.9828506 648 547 580 728 557 717 -3066 -2786 6952 252 129 17 39 98 55
1534351490.0635655 648 547 580 728 558 717 -3064 -2808 6964 200 120 4 40 97 57
1534351490.122337 648 547 580 728 558 717 -3042 -2796 6932 193 113 15 37 99 55
1534351490.1848562 648 547 580 728 558 717 -3060 -2804 6950 252 112 38 38 99 57
1534351490.2516541 648 547 580 728 558 717 -3086 -2802 6918 176 135 15 38 100 57
1534351490.323425 648 547 580 728 558 717 -3040 -2838 6928 204 132 39 38 98 58
1534351490.3872588 648 547 580 728 558 717 -3076 -2822 6944 220 130 26 41 98 56
1534351490.4496956 649 547 580 728 558 717 -3066 -2836 6966 235 120 21 38 98 56
1534351490.521966 648 547 580 728 558 717 -3074 -2820 6964 211 134 -14 37 98 58
1534351490.5886307 649 547 580 728 558 717 -3060 -2838 6918 229 119 23 37 98 54
1534351490.6543818 648 547 580 728 558 718 -3060 -2830 6948 187 155 14 39 100 57
1534351490.716835 649 547 580 728 558 717 -3064 -2824 6944 213 112 -7 40 98 56
1534351490.7872424 649 547 580 728 558 717 -3050 -2780 6974 213 122 15 39 99 56
1534351490.839603 649 547 580 728 558 717 -3044 -2840 6968 216 144 7 38 97 57
1534351490.917595 648 547 580 728 557 718 -3090 -2792 6966 185 148 6 39 101 57
1534351490.9840345 648 547 580 728 558 717 -3058 -2830 7002 235 128 41 38 97 56
1534351491.0503478 648 547 580 728 557 718 -3072 -2780 6916 217 123 14 38 99 57
1534351491.1049523 649 547 580 728 558 718 -3082 -2830 6932 191 140 7 37 101 58
1534351491.1830597 648 547 580 728 557 718 -3064 -2812 6888 218 121 16 40 100 57
1534351491.2503233 648 547 580 728 557 717 -3076 -2818 6926 193 153 17 41 100 58
1534351491.3167222 648 547 580 728 558 717 -3090 -2804 6998 185 111 -6 39 99 54
1534351491.386512 648 547 580 728 557 718 -3066 -2820 6926 221 143 22 38 99 57
1534351491.4334056 649 547 580 728 558 718 -3076 -2782 6938 201 105 -7 39 98 56
1534351491.514449 648 547 580 728 558 717 -3050 -2840 6966 180 125 10 41 99 58
1534351491.5806785 648 547 580 728 558 718 -3064 -2824 6952 203 114 15 37 98 55
1534351491.6387887 648 547 580 728 558 718 -3082 -2836 6954 182 139 43 39 96 58
1534351491.7012722 649 547 580 728 558 717 -3050 -2796 6952 187 126 -1 39 97 57
1534351491.7779403 648 547 580 728 558 718 -3080 -2786 6882 222 109 21 37 98 58
1534351491.8387673 648 547 580 728 558 717 -3066 -2796 6930 233 120 -24 40 99 55
1534351491.9012156 648 547 580 728 557 717 -3056 -2840 6938 222 113 36 39 97 55
1534351491.965104 648 547 580 728 557 717 -3052 -2800 6896 208 132 15 38 98 56
1534351492.0437908 648 547 580 728 558 717 -3034 -2792 6980 199 155 6 39 98 55
1534351492.1062057 649 547 580 728 557 717 -3064 -2812 6954 198 153 -6 40 97 56
1534351492.1686885 649 547 580 728 557 717 -3100 -2818 6898 205 139 -6 40 98 55
1534351492.2313142 649 547 580 728 558 717 -3096 -2804 6904 213 118 25 38 98 57
1534351492.3075473 649 547 580 728 558 717 -3084 -2806 6964 220 132 19 37 100 56
1534351492.3723993 648 547 580 728 558 717 -3072 -2804 6912 223 130 10 38 97 56
1534351492.4349215 648 547 580 728 558 717 -3114 -2810 6884 238 126 17 37 97 56
1534351492.5014732 649 547 580 728 558 717 -3084 -2840 6918 214 72 7 40 98 56
1534351492.5687752 648 547 580 728 558 717 -3050 -2818 6920 180 103 24 38 99 58
1534351492.6209047 649 547 580 728 557 718 -3062 -2840 6956 241 126 5 39 98 57
1534351492.6990113 649 547 580 728 557 717 -3086 -2812 6962 210 146 30 39 98 57
1534351492.765667 649 547 580 728 558 718 -3106 -2820 6898 203 108 25 39 98 58
1534351492.8235893 648 547 580 728 557 717 -3064 -2790 6906 230 130 26 39 99 56
1534351492.886076 649 547 580 728 558 717 -3054 -2814 6924 197 143 42 37 99 58
1534351492.9494948 648 547 580 728 557 717 -3072 -2792 6950 200 107 -4 38 99 57
1534351493.0302768 648 547 580 728 558 717 -3072 -2822 6924 191 168 27 38 96 56
1534351493.0903018 648 547 580 728 558 717 -3078 -2808 6870 191 138 32 38 98 56
1534351493.1530094 648 547 580 728 557 718 -3094 -2822 6892 224 133 9 39 99 55
1534351493.215271 648 547 580 728 557 717 -3092 -2822 6938 239 138 12 39 100 56
1534351493.290735 649 547 580 728 558 717 -3080 -2820 6930 210 129 32 39 101 58
1534351493.3688414 649 547 580 728 557 717 -3092 -2776 6942 244 130 22 38 98 57
1534351493.4158416 649 547 580 728 558 717 -3080 -2816 6948 194 154 18 40 101 56
1534351493.4812305 649 547 580 728 558 718 -3058 -2812 6942 199 116 1 40 98 55
1534351493.558664 649 547 580 728 557 717 -3070 -2802 6900 204 137 -7 38 98 57
1534351493.6219187 648 547 580 728 557 717 -3062 -2836 6950 218 140 20 41 98 59
1534351493.6844034 649 547 580 728 558 717 -3080 -2838 6916 217 109 31 39 98 55
1534351493.7469838 649 547 580 728 558 717 -3112 -2832 6876 191 152 37 39 99 56
1534351493.8220782 649 547 580 728 557 717 -3072 -2810 6886 242 130 5 39 97 55
1534351493.8882606 649 547 580 728 557 717 -3096 -2810 6998 216 145 13 39 100 56
1534351493.9507127 649 547 580 728 558 717 -3068 -2814 6948 187 127 37 38 100 57
1534351494.0278268 649 547 580 728 558 717 -3036 -2812 6944 210 126 17 40 98 57
1534351494.0742826 649 547 580 728 557 717 -3094 -2808 6920 241 133 40 39 98 56
1534351494.1525888 648 547 580 728 557 717 -3080 -2826 6948 195 111 8 39 100 56
1534351494.2148743 648 547 580 728 557 717 -3104 -2802 6998 203 128 20 38 99 56
1534351494.2861464 648 547 580 728 557 717 -3106 -2816 6974 208 154 -4 40 97 56
1534351494.3411014 649 547 580 728 557 717 -3070 -2814 6978 240 147 32 37 97 58
1534351494.4037578 649 547 580 728 557 717 -3068 -2800 6952 216 143 1 38 99 57
1534351494.4817402 649 547 580 728 557 718 -3062 -2790 6926 216 109 -22 39 99 57
1534351494.5496395 649 546 580 728 557 717 -3060 -2800 6992 204 155 10 37 99 54
1534351494.6051512 648 547 580 728 557 717 -3082 -2774 6974 223 143 39 38 98 57
1534351494.683117 648 547 580 728 557 717 -3064 -2818 6930 206 123 38 41 100 56
1534351494.7490914 648 547 580 728 557 717 -3066 -2824 6920 236 131 22 37 98 58
1534351494.8162026 648 547 580 728 557 717 -3058 -2800 6914 217 162 30 40 100 55
1534351494.8712475 648 547 580 728 557 717 -3092 -2810 6938 211 139 11 37 99 55
1534351494.9337325 648 547 580 728 557 717 -3082 -2828 7002 205 139 13 41 99 57
1534351495.0134206 648 546 580 728 557 717 -3104 -2818 6944 231 120 8 39 99 56
1534351495.074472 649 547 580 728 557 716 -3058 -2824 6932 199 141 26 38 100 58
1534351495.136958 648 547 580 728 557 717 -3068 -2816 6996 203 153 -5 38 97 55
1534351495.1994443 648 547 580 728 557 717 -3090 -2804 6924 219 115 6 39 97 58
1534351495.27596 649 547 580 728 557 717 -3072 -2810 6962 205 110 7 38 99 58
1534351495.3549507 648 547 580 728 557 718 -3094 -2804 6992 204 108 35 39 98 57
1534351495.4019094 648 547 580 728 557 718 -3092 -2810 6944 218 133 1 39 100 54
1534351495.468422 648 547 580 727 557 717 -3088 -2804 6918 250 119 18 40 98 58
1534351495.5395997 648 547 580 728 557 717 -3112 -2794 6954 184 147 23 39 99 53
1534351495.6059945 648 547 580 728 558 717 -3064 -2810 6964 197 141 23 37 99 56
1534351495.6686342 648 547 580 728 557 717 -3110 -2836 6982 184 124 9 40 100 57
1534351495.735078 648 547 580 728 557 717 -3056 -2816 6958 208 143 10 37 99 58
1534351495.8045633 649 547 580 728 557 717 -3078 -2830 6948 232 131 32 39 100 57
1534351495.8712032 648 547 580 728 557 717 -3088 -2838 6966 241 152 28 39 98 57
1534351495.933645 648 547 580 728 557 717 -3100 -2804 6946 187 126 -3 38 99 58
1534351496.0003128 648 547 580 728 557 717 -3082 -2800 6956 220 129 29 41 98 55
1534351496.0690463 648 547 580 728 557 718 -3068 -2816 6956 200 142 13 38 99 56
1534351496.1233878 648 547 580 728 557 717 -3096 -2788 7014 199 139 -3 39 100 57
1534351496.1859846 648 547 580 728 557 717 -3090 -2814 6964 226 121 7 39 99 59
1534351496.251606 648 547 580 728 557 716 -3074 -2784 6904 195 143 4 38 99 56
1534351496.3241534 649 547 580 728 557 717 -3066 -2828 6954 190 117 46 39 98 56
1534351496.3866417 648 547 580 728 557 717 -3056 -2816 6972 213 173 22 38 99 55
1534351496.4491246 648 547 580 728 557 717 -3082 -2808 6918 217 126 14 40 99 58
1534351496.5282025 648 547 580 728 557 717 -3044 -2810 6946 207 96 19 39 99 56
1534351496.5911515 649 547 580 728 557 717 -3094 -2804 6976 216 99 38 39 99 58
1534351496.6536367 649 547 580 728 557 717 -3050 -2818 6954 204 131 14 40 98 56
1534351496.716169 648 547 580 728 557 717 -3044 -2820 6872 186 115 31 39 98 57
1534351496.7914815 648 547 580 728 557 717 -3088 -2798 6862 172 140 -3 39 97 57
1534351496.8557382 648 547 580 728 557 717 -3048 -2792 6964 223 135 27 39 98 58
1534351496.918308 648 547 580 728 557 717 -3066 -2794 6950 189 172 -1 41 98 57
1534351496.9848597 649 547 580 728 557 717 -3072 -2822 6962 204 131 5 40 100 57
1534351497.0553656 648 547 580 728 558 717 -3076 -2812 6930 218 123 38 40 98 56
1534351497.121639 649 547 580 728 557 717 -3080 -2814 6974 203 165 12 40 98 56
1534351497.184124 648 547 580 728 557 717 -3058 -2814 6906 194 118 46 39 98 56
1534351497.2496898 648 547 580 728 557 717 -3068 -2820 6938 192 119 3 39 97 56
1534351497.3121781 648 547 580 728 557 718 -3066 -2822 6892 203 139 31 38 99 56
1534351497.3748305 648 547 580 728 557 717 -3072 -2806 6944 233 137 23 40 100 55
1534351497.4371467 649 547 580 728 557 717 -3090 -2834 6958 232 119 17 39 98 56
1534351497.517839 649 547 580 728 557 718 -3060 -2816 6922 211 155 46 38 98 53
1534351497.5856571 649 547 580 728 557 718 -3082 -2792 6926 238 130 -20 39 100 57
1534351497.6388702 649 547 580 728 557 717 -3074 -2780 6940 205 124 20 38 99 56
1534351497.7167873 649 547 580 728 557 717 -3052 -2804 6950 151 106 29 37 98 55
1534351497.782878 648 547 580 728 557 717 -3072 -2812 6958 230 127 7 40 99 57
1534351497.8405592 648 547 580 728 557 718 -3082 -2810 6922 196 151 22 39 98 55
1534351497.9029768 649 547 580 728 557 717 -3070 -2824 6890 213 128 9 40 97 57
1534351497.986002 649 547 580 728 557 717 -3070 -2814 6930 209 128 10 38 97 56
1534351498.0465257 649 547 580 728 557 717 -3098 -2816 6904 189 142 23 38 101 56
1534351498.1060877 649 547 580 728 557 717 -3084 -2820 6902 223 141 6 40 99 56
1534351498.1685731 649 547 580 728 557 717 -3084 -2820 6836 208 126 29 39 101 56
1534351498.2352002 649 547 580 728 557 717 -3092 -2812 6944 205 121 6 40 98 55
1534351498.3093748 648 547 580 728 557 717 -3062 -2814 6950 228 141 28 37 99 57
1534351498.370553 648 547 580 728 557 717 -3094 -2824 6916 213 126 -2 39 98 57
1534351498.4329908 649 547 580 727 557 718 -3066 -2784 6936 193 151 42 37 97 56
1534351498.4988232 649 547 580 728 557 717 -3084 -2826 6988 206 132 17 39 98 56
1534351498.5740027 648 547 580 728 557 717 -3080 -2820 6950 247 172 53 39 99 55
1534351498.6379788 649 547 580 728 557 717 -3096 -2816 6978 236 132 20 39 98 57
1534351498.7004623 648 547 580 728 557 717 -3062 -2798 6952 214 112 24 40 98 56
1534351498.7713025 648 547 580 728 557 717 -3072 -2810 6906 198 128 -2 38 98 54
1534351498.8252702 648 547 580 728 557 717 -3078 -2830 6924 191 126 64 40 99 57
1534351498.9035976 648 547 580 728 557 717 -3064 -2824 6872 201 157 -11 39 98 56
1534351498.9658957 648 547 580 728 557 717 -3082 -2808 6976 188 146 24 40 99 56
1534351499.036888 649 547 580 728 557 718 -3060 -2848 6936 216 130 24 39 97 57
1534351499.0918753 648 547 580 728 557 718 -3102 -2816 6930 173 132 38 38 98 56
1534351499.154361 649 547 580 728 557 717 -3062 -2794 6944 214 147 15 39 99 57
1534351499.2345054 649 547 580 728 557 717 -3054 -2806 6920 202 161 11 38 98 59
1534351499.299958 649 547 580 728 557 717 -3074 -2802 6890 236 155 3 38 98 57
1534351499.3553112 648 547 580 728 557 717 -3048 -2818 6926 224 129 12 40 98 55
1534351499.4178185 648 547 580 728 557 717 -3070 -2810 6938 172 131 27 40 100 57
1534351499.4989688 648 547 580 728 557 717 -3106 -2808 6884 189 151 33 39 98 56
1534351499.5657437 648 547 580 728 557 717 -3070 -2830 6956 230 150 16 39 101 57
1534351499.6209514 648 547 580 728 557 718 -3060 -2838 6880 259 108 -26 36 97 57
1534351499.6990607 648 547 580 728 557 717 -3064 -2804 6888 238 156 33 38 99 55
1534351499.7647707 649 546 580 728 557 717 -3086 -2810 6884 190 102 28 40 97 57
1534351499.8233674 648 547 580 728 557 717 -3080 -2786 6966 218 128 67 39 99 56
1534351499.8858583 648 547 580 728 557 717 -3074 -2806 6896 210 137 17 38 98 56
1534351499.9688272 648 547 580 728 557 717 -3096 -2820 6946 238 127 22 39 99 54
1534351500.0289786 648 547 579 728 557 717 -3064 -2794 6928 210 147 10 40 97 57
1534351500.0899649 649 546 580 728 557 717 -3084 -2814 6898 218 113 16 40 97 54
1534351500.1524498 648 547 580 728 557 717 -3096 -2808 6924 193 187 0 41 98 56
1534351500.2149348 648 547 580 728 557 717 -3086 -2828 6908 218 143 40 38 98 56
1534351500.292284 648 547 580 728 557 717 -3098 -2810 6966 170 161 -16 38 97 55
1534351500.3557386 648 547 580 728 557 717 -3072 -2796 6932 201 127 40 39 98 55
1534351500.4182475 648 547 580 728 557 718 -3034 -2820 6938 220 112 6 40 98 55
1534351500.484934 648 547 580 728 557 718 -3076 -2808 6884 239 83 20 39 101 55
1534351500.554188 649 546 580 728 557 717 -3076 -2826 6896 195 130 4 37 98 57
1534351500.6201115 648 547 580 728 557 716 -3072 -2822 6972 196 106 -8 38 99 56
1534351500.6826026 648 546 580 728 557 717 -3056 -2826 6986 204 109 22 40 98 56
1534351500.748053 648 547 580 728 557 717 -3084 -2804 6926 183 140 26 41 98 55
1534351500.8191996 649 547 580 728 557 717 -3096 -2844 6910 223 151 12 38 100 55
1534351500.8730614 648 546 580 728 557 717 -3086 -2822 6922 229 107 55 38 99 56
1534351500.9511874 649 546 580 728 557 717 -3074 -2794 6934 213 136 17 39 100 55
1534351501.0180738 648 547 580 728 557 718 -3054 -2796 6916 200 119 20 40 98 56
1534351501.0840907 649 547 580 728 557 717 -3080 -2792 6898 217 156 6 37 100 56
1534351501.13788 648 546 580 727 557 717 -3078 -2820 6934 236 151 17 40 97 56
1534351501.216118 648 547 580 728 557 717 -3072 -2818 6878 225 114 14 40 98 57
1534351501.2886002 649 547 580 728 557 717 -3068 -2844 6886 235 118 19 37 97 57
1534351501.3419538 648 547 580 728 557 717 -3078 -2794 6922 190 142 37 38 99 57
1534351501.4044406 649 547 580 728 557 717 -3090 -2790 6892 231 116 18 40 98 54
1534351501.4669256 649 546 580 728 557 717 -3040 -2830 6940 219 165 29 39 99 57
1534351501.5463061 648 546 580 728 557 717 -3088 -2830 6944 205 128 13 38 98 57
1534351501.6068828 648 547 580 728 557 717 -3056 -2792 6862 203 163 29 40 98 57
1534351501.669367 648 547 580 728 557 717 -3080 -2778 6924 175 135 -2 40 100 55
1534351501.731854 648 547 580 728 557 717 -3064 -2824 6930 199 137 21 39 99 56
1534351501.8111265 648 546 580 728 557 717 -3094 -2824 6958 212 126 -8 38 97 58
1534351501.8733234 648 547 580 728 557 717 -3084 -2802 6962 236 139 9 39 100 56
1534351501.935807 648 547 580 728 557 718 -3078 -2862 6966 199 159 8 37 98 56
1534351502.0077348 649 547 580 728 557 717 -3066 -2820 6870 208 125 15 35 98 57
1534351502.0740006 648 546 580 728 557 717 -3076 -2814 6946 206 146 -7 39 99 56
1534351502.1365275 648 547 580 728 557 717 -3082 -2810 6946 188 158 21 38 97 58
1534351502.1992087 648 547 580 728 557 717 -3108 -2818 6948 208 138 -1 40 97 57
1534351502.2646787 648 547 580 728 557 717 -3058 -2824 6960 217 135 10 39 98 56
1534351502.338449 648 546 580 728 557 717 -3090 -2806 6908 252 125 33 38 98 57
1534351502.4039946 649 547 580 728 557 717 -3052 -2794 6946 208 162 23 39 99 57
1534351502.466313 648 546 580 728 557 717 -3074 -2818 6902 245 141 21 40 98 56
1534351502.5366073 648 546 580 728 557 717 -3076 -2786 6948 233 111 42 39 99 56
1534351502.5896695 648 546 580 728 557 717 -3096 -2806 6948 246 166 -16 39 98 55
1534351502.6677752 648 546 580 728 557 717 -3080 -2802 6914 202 123 17 37 100 57
1534351502.7335331 648 546 580 728 557 717 -3090 -2810 6926 212 116 13 37 100 55
1534351502.8046062 649 546 580 728 557 717 -3054 -2806 6942 187 146 19 41 100 57
1534351502.8559837 648 546 580 728 557 717 -3072 -2804 6876 248 132 20 40 98 55
1534351502.9340906 648 546 580 728 557 717 -3064 -2854 6910 229 149 31 38 100 57
1534351503.0032837 648 546 580 728 557 717 -3084 -2800 6918 197 101 20 41 99 57
1534351503.069135 648 547 580 728 557 718 -3078 -2790 6850 234 115 23 39 99 56
1534351503.1212747 648 547 580 728 557 718 -3060 -2838 6890 250 123 25 39 97 55
1534351503.1992605 649 546 580 728 557 717 -3090 -2834 6902 195 141 12 37 98 56
1534351503.269062 648 547 580 728 557 717 -3076 -2842 6910 233 141 10 39 101 57
1534351503.321724 648 547 580 728 557 717 -3100 -2800 6956 200 151 18 39 98 56
1534351503.399829 648 547 580 728 557 717 -3058 -2832 6942 230 124 8 39 98 55
1534351503.4657283 648 547 580 728 557 718 -3080 -2812 6968 190 160 20 39 98 57
1534351503.531926 648 547 580 728 557 717 -3096 -2828 6918 226 116 8 40 100 55
1534351503.5918744 648 547 580 727 557 717 -3070 -2812 6902 190 122 7 38 100 55
1534351503.6543598 648 547 580 728 557 717 -3074 -2812 6910 185 133 16 38 98 56
1534351503.716845 649 547 580 728 557 718 -3084 -2816 6974 219 121 15 39 98 55
1534351503.7950897 648 547 580 728 557 717 -3090 -2806 6888 214 132 18 38 99 57
1534351503.8568783 648 547 580 727 557 717 -3060 -2822 6948 190 100 -12 40 98 55
1534351503.9193177 649 547 580 728 557 718 -3074 -2806 6928 147 137 2 37 99 55
1534351503.9819584 648 547 580 728 557 718 -3094 -2802 6916 245 121 -15 39 100 57
1534351504.060977 648 547 580 728 557 717 -3048 -2844 6918 192 150 12 39 99 56
1534351504.121241 649 547 580 728 557 717 -3072 -2838 6898 237 111 22 39 98 55
1534351504.1835063 648 547 580 728 557 717 -3062 -2812 6906 217 139 1 39 99 56
1534351504.2489812 648 547 580 728 557 717 -3076 -2792 6966 197 108 5 40 97 58
1534351504.3230433 649 547 580 728 557 717 -3080 -2828 6920 236 143 32 39 99 55
1534351504.3882055 648 547 580 728 557 717 -3104 -2844 6904 231 118 10 37 97 56
1534351504.4507308 648 547 580 728 557 717 -3098 -2846 6896 219 133 4 39 101 56
1534351504.5216422 648 547 580 727 557 717 -3092 -2788 6898 190 143 -3 39 98 57
1534351504.5974386 648 547 580 728 557 717 -3062 -2822 6910 223 129 17 39 97 56
1534351504.6397235 649 546 580 728 557 717 -3078 -2818 6920 191 159 7 39 98 56
1534351504.71783 648 546 580 727 557 717 -3082 -2820 6966 251 132 21 39 98 55
1534351504.7844777 648 546 580 727 557 717 -3102 -2820 6988 236 145 26 38 97 56
1534351504.8388462 648 547 580 727 557 717 -3082 -2838 6954 206 132 -6 39 98 55
1534351504.9171734 648 547 580 728 557 717 -3064 -2840 6958 217 121 -5 39 100 57
1534351504.982746 648 547 580 728 557 717 -3050 -2826 6920 205 105 39 39 98 54
1534351505.0478854 648 547 580 728 557 717 -3060 -2828 6956 192 153 2 39 99 56
1534351505.1077323 649 547 580 728 557 716 -3064 -2794 6914 234 105 23 40 98 58
1534351505.170048 648 547 580 728 557 717 -3078 -2822 6930 199 149 14 39 99 56
1534351505.252224 648 547 580 727 557 717 -3094 -2778 6854 201 118 29 39 96 56
1534351505.299165 648 547 580 728 557 718 -3040 -2824 6892 245 138 17 38 99 57
1534351505.3771656 648 547 580 728 557 717 -3086 -2836 6896 172 103 8 40 99 58
1534351505.4396522 649 547 580 728 557 717 -3078 -2828 6970 228 151 25 39 99 57
1534351505.5023375 649 546 580 728 557 717 -3062 -2834 6944 201 145 44 40 95 56
1534351505.5763233 648 547 580 728 557 718 -3090 -2824 6890 214 113 38 39 100 54
1534351505.6392324 648 547 580 728 557 717 -3038 -2846 6936 232 122 51 38 99 56
1534351505.7014687 648 547 580 728 557 717 -3070 -2810 6958 165 141 2 37 99 55
1534351505.7729695 648 547 580 728 557 718 -3116 -2828 6992 203 122 12 39 99 58
1534351505.8251574 649 547 580 728 557 717 -3094 -2796 6908 206 133 -9 39 97 56
1534351505.903266 648 547 580 728 557 718 -3094 -2828 6932 258 138 25 38 98 56
1534351505.965751 648 546 580 728 557 717 -3074 -2838 6938 203 75 7 36 97 58
1534351506.0349276 648 547 580 728 557 717 -3076 -2846 6896 224 139 11 38 99 57
1534351506.0908961 648 547 580 727 557 717 -3064 -2842 6958 206 124 5 38 99 55
1534351506.15342 648 547 580 728 557 718 -3078 -2798 6906 219 183 -6 38 96 54
1534351506.2314892 648 546 580 728 557 717 -3080 -2818 6982 237 129 24 37 98 56
1534351506.298341 648 546 580 727 557 717 -3020 -2844 6900 229 116 67 37 98 56
1534351506.3545747 648 547 580 728 557 717 -3110 -2816 6950 222 138 21 41 99 56
1534351506.4170597 648 546 580 728 557 717 -3072 -2826 6932 198 109 30 40 100 54
1534351506.4833806 648 546 580 728 557 718 -3070 -2804 7022 210 166 -3 39 99 57
1534351506.5745575 648 546 580 728 557 717 -3082 -2834 6918 230 159 16 39 99 56
1534351506.621473 648 547 580 728 557 717 -3070 -2804 6950 188 124 -26 39 100 59
1534351506.6839583 648 546 580 728 557 718 -3100 -2820 6914 175 153 37 38 99 56
1534351506.763292 649 547 580 728 557 717 -3068 -2830 6946 204 164 24 39 97 56
1534351506.8243544 649 546 580 728 557 717 -3094 -2818 6984 201 152 -5 38 97 55
1534351506.8865752 648 547 580 728 557 718 -3098 -2800 6912 193 137 26 39 98 54
1534351506.9490623 648 546 580 728 557 717 -3086 -2838 6934 212 142 38 40 99 58
1534351507.026645 648 547 580 728 557 717 -3064 -2844 6980 246 147 20 39 97 57
1534351507.0896294 648 546 580 728 557 717 -3068 -2816 6982 185 147 26 40 99 56
1534351507.1522923 648 546 580 728 557 718 -3080 -2816 6942 217 131 19 37 98 57
1534351507.2145882 648 546 580 728 557 717 -3090 -2830 6946 201 153 4 39 99 57
1534351507.2900465 648 546 580 728 557 716 -3078 -2808 6910 243 114 21 38 98 55
1534351507.3553846 648 546 580 728 557 717 -3072 -2812 6932 186 144 44 40 101 57
1534351507.4178076 649 546 580 728 557 717 -3054 -2820 6902 227 136 17 38 99 57
1534351507.4831183 648 546 580 728 557 717 -3086 -2824 6896 192 150 1 36 98 56
1534351507.5540197 648 547 580 728 557 716 -3092 -2808 6936 235 141 7 40 101 56
1534351507.6056132 648 546 580 728 557 717 -3084 -2790 6924 209 112 10 39 98 55
1534351507.6839516 648 546 580 727 557 717 -3088 -2820 6908 207 140 4 38 98 58
1534351507.7507303 648 546 580 728 557 718 -3096 -2808 6860 203 134 27 41 99 56
1534351507.8084865 648 546 580 728 557 717 -3052 -2802 6894 198 143 36 39 99 57
1534351507.8865948 648 546 580 728 557 717 -3086 -2810 6908 200 130 10 38 101 56
1534351507.9490786 648 547 580 727 557 717 -3098 -2818 6934 227 158 19 37 98 56
1534351508.0154533 648 546 580 727 557 717 -3110 -2830 6888 244 110 20 37 100 57
1534351508.0742676 648 546 580 728 557 718 -3098 -2824 6864 221 120 34 39 98 56
1534351508.1368353 648 546 580 728 557 717 -3080 -2806 6932 258 130 29 39 99 56
1534351508.1992395 648 546 580 728 557 717 -3106 -2824 6946 232 132 9 37 99 56
1534351508.2794175 649 546 580 728 557 716 -3062 -2826 6972 180 102 11 39 99 57
1534351508.34017 648 546 580 728 557 717 -3060 -2836 6942 202 138 15 39 99 55
1534351508.4028962 648 546 580 728 557 717 -3072 -2822 6924 186 140 54 37 99 57
1534351508.4652324 648 547 580 728 557 717 -3056 -2854 6916 208 111 -15 39 98 56
1534351508.5493517 648 546 580 728 557 717 -3062 -2834 6980 185 149 7 41 99 56
1534351508.6047165 648 546 580 728 557 717 -3074 -2816 6928 204 116 12 38 100 55
1534351508.6672246 648 546 580 728 557 717 -3074 -2806 6978 232 124 33 38 98 56
1534351508.7327392 648 546 580 728 557 717 -3134 -2832 6908 206 128 29 41 98 57
1534351508.8089337 648 546 580 728 557 717 -3056 -2834 6948 212 113 20 39 99 57
1534351508.8708851 648 546 580 728 557 717 -3100 -2808 6940 168 155 12 38 99 57
1534351508.9333706 648 546 580 728 557 717 -3056 -2808 6952 189 142 14 39 98 56
1534351509.007352 648 546 580 728 557 717 -3086 -2830 6910 222 134 38 40 100 57
1534351509.074359 648 546 580 728 557 717 -3076 -2832 6912 226 118 27 38 100 57
1534351509.1368785 648 546 580 728 557 717 -3092 -2836 6946 188 126 16 40 97 57
1534351509.1993587 648 546 580 727 557 717 -3092 -2828 6914 233 118 16 41 99 55
1534351509.2728682 648 546 580 728 557 717 -3082 -2824 6936 206 146 33 40 99 56
1534351509.3234568 649 546 580 727 557 717 -3096 -2814 6912 224 125 3 38 98 57
1534351509.4015636 648 547 580 727 557 717 -3054 -2794 6856 240 149 9 39 100 56
1534351509.467044 648 547 580 727 557 717 -3104 -2806 6930 213 121 -10 40 97 55
1534351509.5368338 648 546 580 728 557 717 -3094 -2802 6972 186 132 14 39 98 57
1534351509.5884633 648 546 580 728 557 718 -3102 -2820 6920 219 100 4 38 97 55
1534351509.666796 648 546 580 728 557 717 -3086 -2802 6876 197 101 27 39 99 56
1534351509.7319546 648 546 580 727 557 717 -3102 -2814 6938 238 133 50 38 99 56
1534351509.8001335 648 546 580 727 557 717 -3096 -2826 6936 223 133 19 40 98 56
1534351509.855486 648 547 580 728 557 717 -3086 -2830 6884 215 126 13 41 101 58
1534351509.918087 648 546 580 728 557 717 -3058 -2858 6866 221 138 9 39 98 54
1534351509.9846873 648 546 580 728 557 717 -3084 -2812 6910 242 154 27 40 99 56
1534351510.0639315 648 546 580 728 557 717 -3096 -2828 6894 240 162 32 38 98 57
1534351510.1207724 648 547 580 727 557 717 -3088 -2816 6950 212 101 30 39 99 57
1534351510.18329 648 546 580 728 557 717 -3088 -2812 6924 200 150 28 37 99 57
1534351510.2612457 648 547 580 728 557 717 -3064 -2800 6962 216 103 42 37 97 55
1534351510.323891 648 546 580 728 557 717 -3088 -2790 6890 189 123 -7 39 99 56
1534351510.386505 648 546 580 728 557 717 -3080 -2836 6934 215 136 6 39 99 57
1534351510.4488306 648 546 580 728 557 717 -3096 -2826 6960 231 127 25 37 98 56
1534351510.5312974 649 546 580 728 557 717 -3088 -2806 6988 208 119 25 41 98 56
1534351510.5910943 649 547 580 728 557 717 -3076 -2784 6940 211 117 21 40 101 56
1534351510.6534624 648 546 580 727 557 717 -3098 -2808 6914 211 81 18 39 99 58
1534351510.7159476 648 546 580 728 557 717 -3086 -2802 6944 186 139 45 39 100 55
1534351510.7896996 648 546 580 728 557 717 -3112 -2818 6934 223 119 21 41 99 56
1534351510.841888 648 546 580 728 557 717 -3078 -2822 6866 235 122 4 38 99 57
1534351510.92019 648 546 580 728 557 716 -3060 -2824 6944 245 128 17 39 100 56
1534351510.9824812 648 546 580 728 557 717 -3106 -2824 6938 203 127 13 37 98 58
1534351511.0533464 648 546 580 727 557 718 -3086 -2812 6970 218 135 38 39 98 55
1534351511.1070464 648 546 580 728 557 718 -3042 -2812 6930 209 104 19 39 100 57
1534351511.185153 648 546 580 728 557 717 -3104 -2816 6906 224 135 28 37 98 57
1534351511.2508185 648 546 579 728 557 717 -3094 -2848 6940 180 116 -2 39 98 56
1534351511.3181758 649 546 580 728 557 717 -3058 -2796 6934 233 132 32 39 98 54
1534351511.3725781 648 546 580 728 557 717 -3052 -2830 6902 212 128 6 38 99 55
1534351511.4350958 648 546 580 728 557 717 -3088 -2810 6964 223 143 10 42 99 57
1534351511.5146723 648 546 580 728 557 717 -3072 -2832 6958 209 93 20 38 98 56
1534351511.5794432 648 546 580 728 556 718 -3070 -2838 6888 245 112 5 38 98 55
1534351511.6377661 648 546 580 728 557 718 -3080 -2822 6850 240 85 19 38 99 57
1534351511.7000196 648 546 579 728 557 718 -3096 -2844 6878 178 138 15 40 97 56
1534351511.7670884 648 546 580 727 557 717 -3106 -2808 6928 205 140 19 39 101 58
1534351511.8397446 648 546 580 728 557 717 -3088 -2834 6922 208 126 31 38 101 56
1534351511.9022295 648 546 580 728 557 717 -3074 -2820 6912 206 140 33 40 100 55
1534351511.9649467 647 546 580 728 557 717 -3060 -2788 6866 227 137 30 40 98 57
1534351512.0436692 648 546 579 728 557 717 -3100 -2792 6954 218 101 16 36 98 57
1534351512.1054769 648 546 580 728 557 717 -3080 -2816 6940 217 123 6 38 98 56
1534351512.167964 648 546 580 728 557 717 -3062 -2796 6904 218 128 21 39 100 55
1534351512.2304468 648 546 580 728 557 717 -3066 -2844 6982 199 135 21 40 100 58
1534351512.3082578 648 546 580 727 557 717 -3104 -2838 6908 209 174 8 38 100 59
1534351512.3703582 648 546 580 728 557 717 -3086 -2846 6910 236 139 25 41 99 55
1534351512.432772 648 546 580 728 557 718 -3080 -2842 6960 220 137 2 38 98 57
1534351512.504267 648 546 580 728 557 717 -3058 -2790 6936 217 110 4 40 97 56
1534351512.5575209 648 546 579 728 557 717 -3054 -2822 6916 212 143 19 40 97 56
1534351512.620008 648 546 579 728 557 717 -3102 -2812 6922 225 131 8 38 97 57
1534351512.6981132 648 546 580 728 557 717 -3108 -2782 6924 228 118 5 41 102 58
1534351512.7652178 648 546 579 727 557 717 -3068 -2832 6962 164 96 15 41 98 56
1534351512.824664 648 546 580 728 557 717 -3080 -2814 6918 203 128 12 39 98 57
1534351512.8871498 648 546 580 728 557 717 -3074 -2824 6870 214 128 7 40 99 55
1534351512.9496348 647 546 580 728 557 717 -3088 -2812 6918 212 122 27 39 99 57
1534351513.0290778 648 546 580 728 557 717 -3082 -2844 6942 220 127 14 40 98 57
1534351513.0886312 648 546 580 728 557 717 -3110 -2830 6920 220 134 22 40 99 57
1534351513.1823597 648 546 580 728 557 717 -3104 -2830 6950 218 149 -5 38 99 58
1534351513.2172716 648 546 580 728 557 717 -3094 -2820 6938 223 122 3 39 99 55
1534351513.2928066 648 546 580 728 557 717 -3058 -2818 6862 213 138 -7 38 101 56
1534351513.354096 648 546 580 728 557 717 -3080 -2832 6930 236 142 5 39 96 56
1534351513.4165788 648 546 580 728 557 718 -3096 -2812 6972 234 103 18 38 98 54
1534351513.4835699 648 546 579 727 557 717 -3084 -2816 6922 204 134 10 39 100 55
1534351513.5565324 648 546 579 728 557 718 -3096 -2814 6882 230 127 24 39 99 56
1534351513.6226737 648 546 580 728 557 717 -3048 -2840 6946 223 148 11 39 98 56
1534351513.6853116 648 546 580 727 557 717 -3078 -2818 6980 220 121 2 39 100 55
1534351513.7510264 648 546 580 728 557 717 -3070 -2816 6916 206 122 -8 40 98 54
1534351513.824491 648 546 580 727 557 717 -3110 -2830 6876 233 122 16 37 99 56
1534351513.8871787 648 546 580 728 557 717 -3078 -2830 6932 236 112 -2 38 100 59
1534351513.9495676 648 546 580 727 557 717 -3088 -2850 6934 221 110 10 40 99 55
1534351514.0189111 648 546 579 728 557 717 -3068 -2816 6914 186 132 0 41 98 56
1534351514.0743213 648 546 580 728 557 716 -3080 -2836 6888 195 139 2 38 99 58
1534351514.1368067 648 546 579 728 557 717 -3062 -2818 6868 213 117 14 39 101 56
1534351514.215007 648 546 580 728 557 717 -3102 -2826 6922 214 122 20 39 100 56
1534351514.2824051 648 546 580 728 557 717 -3072 -2822 6932 184 130 4 38 97 57
1534351514.3386602 648 546 579 727 557 717 -3060 -2822 6934 211 135 37 38 98 55
1534351514.4011455 648 547 580 727 557 717 -3084 -2814 6940 204 140 26 39 99 57
1534351514.4976337 648 546 579 728 557 717 -3090 -2822 6930 172 111 27 38 98 58
1534351514.5467765 648 546 579 727 557 718 -3068 -2832 6898 208 135 38 38 99 56
1534351514.6063662 648 546 580 728 557 718 -3100 -2830 6942 196 147 26 39 99 56
1534351514.668936 648 546 580 728 557 717 -3110 -2842 6924 201 136 37 40 98 57
1534351514.7343621 648 546 580 727 557 717 -3094 -2822 6938 225 129 9 40 98 55
1534351514.8085275 648 546 579 728 557 718 -3084 -2842 6954 199 147 7 39 97 56
1534351514.8706148 648 546 580 727 557 717 -3046 -2806 6966 224 130 21 41 99 55
1534351514.9331 648 546 579 728 557 717 -3076 -2820 6942 217 114 32 39 99 55
1534351514.998764 648 546 580 728 556 717 -3092 -2810 6904 192 125 31 39 101 56
1534351515.0735593 648 546 580 728 557 717 -3050 -2806 6978 232 126 10 40 98 55
1534351515.1365469 648 546 579 727 557 717 -3100 -2812 6938 201 147 10 38 101 55
1534351515.1991196 648 546 580 727 557 717 -3084 -2824 6900 217 130 5 40 99 58
1534351515.2714431 648 546 580 728 557 717 -3044 -2830 6960 193 143 16 39 98 56
1534351515.3238606 648 546 580 728 557 717 -3082 -2796 6920 197 158 20 39 100 55
1534351515.4019518 648 546 580 728 557 717 -3086 -2868 6964 224 115 22 39 98 57
1534351515.4676197 648 546 580 728 557 717 -3056 -2804 6890 218 116 28 40 101 56
1534351515.5382006 648 546 579 728 557 717 -3068 -2828 6926 213 139 17 40 99 59
1534351515.5893185 648 546 579 727 557 717 -3070 -2802 6864 181 140 13 37 99 56
1534351515.6674833 648 546 579 727 557 717 -3098 -2820 6914 186 147 -4 38 98 55
1534351515.73395 648 546 579 728 556 717 -3080 -2814 6938 203 135 31 37 98 54
1534351515.8082986 648 546 580 728 557 717 -3060 -2842 7000 186 153 5 40 98 56
1534351515.8551981 648 546 580 728 556 717 -3096 -2840 6922 241 134 30 39 98 58
1534351515.9177198 648 546 579 727 557 717 -3062 -2806 6914 226 123 21 38 97 55
1534351515.9838185 648 546 579 727 557 717 -3070 -2794 6924 202 138 42 39 98 55
1534351516.0647771 648 546 579 727 557 717 -3064 -2822 6864 210 119 8 38 100 57
1534351516.1220675 648 546 579 727 557 717 -3112 -2804 6912 227 117 31 38 99 56
1534351516.1847625 648 546 580 728 557 717 -3076 -2832 6904 224 135 10 40 98 56
1534351516.250794 648 546 579 727 557 717 -3038 -2784 6938 221 136 42 40 101 57
1534351516.3246005 648 546 580 728 557 717 -3082 -2778 6950 260 138 14 40 98 57
1534351516.3870862 648 546 579 727 557 717 -3086 -2802 6976 213 121 4 39 100 54
1534351516.449574 648 546 579 728 557 717 -3076 -2854 6902 241 163 12 38 99 56
1534351516.5257764 648 546 579 728 557 717 -3058 -2798 6894 193 150 4 38 99 54
1534351516.5909111 648 546 579 727 557 716 -3092 -2824 6906 202 126 28 36 97 54
1534351516.6533973 648 546 579 727 556 717 -3076 -2816 6920 241 148 27 39 99 57
1534351516.715883 648 546 579 728 556 717 -3038 -2834 6926 203 141 39 39 99 56
1534351516.7916462 648 546 579 727 556 717 -3100 -2800 6942 202 139 -18 38 99 55
1534351516.855055 648 546 580 727 556 717 -3088 -2818 6912 218 117 15 40 98 58
1534351516.9175837 648 546 579 728 557 717 -3064 -2802 6934 189 139 -17 41 99 57
1534351516.9838643 648 546 580 728 557 717 -3100 -2834 6876 209 161 18 40 97 54
1534351517.0568485 648 546 579 727 556 717 -3094 -2844 6990 183 109 23 36 99 57
1534351517.121043 648 546 579 727 556 717 -3104 -2852 6950 217 167 14 40 98 56
1534351517.183581 648 546 579 727 557 717 -3082 -2820 6992 243 107 23 39 96 55
1534351517.2510872 647 546 579 727 557 717 -3098 -2828 6926 230 135 -5 38 99 57
1534351517.3203373 648 546 579 727 557 717 -3090 -2814 6924 208 130 34 39 99 56
1534351517.3869333 648 546 579 728 557 717 -3098 -2860 6902 202 120 24 37 98 57
1534351517.4496415 647 546 579 728 556 717 -3066 -2814 6902 225 130 -14 37 98 58
1534351517.5188773 648 546 579 727 556 717 -3076 -2800 6928 242 96 11 40 99 55
1534351517.5848126 648 546 579 727 557 718 -3078 -2796 6926 207 114 15 40 99 56
1534351517.6376119 648 546 580 728 556 717 -3110 -2836 6924 205 124 29 39 98 56
1534351517.7157214 648 546 579 727 557 717 -3104 -2800 6888 239 146 21 39 98 56
1534351517.7919 648 546 579 727 557 717 -3112 -2790 6896 166 148 23 39 98 55
1534351517.83845 649 546 580 727 556 717 -3048 -2808 6966 212 132 20 39 98 57
1534351517.900935 648 546 579 727 557 717 -3058 -2808 6924 215 136 22 37 99 55
1534351517.9790418 648 546 579 728 557 717 -3070 -2830 6850 241 121 15 38 99 58
1534351518.0467308 648 547 579 728 557 717 -3076 -2830 6912 222 152 37 39 99 57
1534351518.1066098 648 546 579 727 556 717 -3094 -2798 6882 246 121 6 39 100 57
1534351518.169067 648 546 580 728 556 717 -3056 -2802 6932 205 105 16 41 99 56
1534351518.235938 648 546 579 727 556 717 -3068 -2822 6948 218 142 4 38 99 59
1534351518.3071334 648 546 579 727 556 717 -3056 -2840 6902 204 143 17 40 99 56
1534351518.3696535 648 546 579 727 557 717 -3074 -2806 6982 174 138 21 39 99 55
1534351518.4321046 648 546 580 727 556 717 -3052 -2822 6886 184 110 3 38 99 53
1534351518.4982882 648 546 580 728 556 716 -3086 -2792 6966 226 145 44 39 98 55
1534351518.5719643 648 546 579 727 557 717 -3090 -2826 6914 219 121 34 41 99 56
1534351518.6380475 648 546 579 727 557 717 -3106 -2814 6924 204 130 -2 37 98 56
1534351518.7005122 648 546 579 728 557 717 -3096 -2810 6922 201 123 16 39 99 56
1534351518.770206 648 546 579 727 556 717 -3074 -2812 6920 196 127 11 36 98 55
1534351518.8244178 648 546 579 728 557 717 -3106 -2796 6900 201 134 0 38 99 56
1534351518.902705 648 546 579 727 556 717 -3106 -2786 6930 205 104 -14 39 100 57
1534351518.9652321 648 546 579 728 556 717 -3112 -2804 6938 243 143 35 38 98 57
1534351519.0346715 648 546 579 727 556 717 -3066 -2808 6870 199 136 20 40 99 56
1534351519.0908253 648 546 579 727 556 717 -3070 -2802 6938 222 149 21 39 98 57
1534351519.1533103 648 546 579 728 556 717 -3098 -2784 6916 183 129 20 39 100 57
1534351519.2348402 648 546 580 728 557 717 -3106 -2822 6954 207 119 22 40 100 57
1534351519.301239 648 546 580 728 556 717 -3102 -2832 6958 217 154 44 40 99 57
1534351519.3555224 648 546 579 728 556 717 -3086 -2798 7016 184 129 16 40 99 56
1534351519.4180062 648 546 579 727 557 717 -3052 -2844 6906 228 132 8 38 99 56
1534351519.4842553 648 546 579 728 557 717 -3062 -2850 6958 228 128 8 39 98 55
1534351519.5580788 648 546 580 728 556 718 -3112 -2820 6924 176 140 23 39 100 59
1534351519.6206143 648 546 579 728 556 717 -3066 -2818 6974 219 138 -8 40 100 54
1534351519.6830492 648 546 579 727 556 717 -3094 -2836 6932 206 111 18 38 98 56
1534351519.766281 648 546 579 727 556 717 -3080 -2810 6970 236 155 -4 38 98 55
1534351519.824731 648 546 579 728 556 717 -3104 -2814 6932 223 119 20 38 98 56
1534351519.8873706 648 546 579 728 557 717 -3092 -2814 6918 205 115 21 39 99 56
1534351519.9497795 648 546 579 727 556 717 -3078 -2842 6954 221 130 21 39 100 56
1534351520.0281854 648 546 579 727 556 718 -3072 -2828 6916 190 132 4 37 100 54
1534351520.091291 648 546 579 727 556 717 -3072 -2836 6910 187 133 10 38 98 57
1534351520.1537774 648 546 579 727 556 717 -3084 -2798 6950 232 137 12 40 98 54
1534351520.2162943 648 546 579 727 556 717 -3088 -2824 6940 249 121 10 37 99 57
1534351520.291599 647 546 579 727 557 717 -3074 -2816 6936 214 122 0 39 99 55
1534351520.3549857 648 546 579 727 556 716 -3074 -2852 6886 211 142 16 39 98 55
1534351520.4174354 648 546 579 727 556 717 -3066 -2840 6938 228 122 10 38 97 55
1534351520.4837074 648 546 579 727 556 717 -3092 -2818 6892 206 160 19 38 99 57
1534351520.5549066 648 546 579 728 556 717 -3078 -2814 6938 206 113 21 39 98 57
1534351520.6065092 648 546 579 727 556 717 -3094 -2824 6942 182 86 52 40 97 54
1534351520.6846168 648 546 579 727 556 717 -3084 -2836 6946 204 141 22 39 98 55
1534351520.7497578 648 546 579 727 556 717 -3072 -2816 6910 233 140 59 38 99 55
1534351520.8185678 648 546 579 728 556 717 -3080 -2812 6926 186 136 11 38 98 56
1534351520.87167 648 546 579 727 556 717 -3074 -2840 6918 194 166 25 39 98 55
1534351520.9497747 648 546 579 727 556 717 -3078 -2820 6900 209 137 -6 38 98 55
1534351521.0171971 648 546 579 728 556 717 -3062 -2786 6916 224 128 30 40 100 54
1534351521.0870087 648 546 580 728 556 717 -3100 -2804 6904 245 133 1 40 99 56
1534351521.1380463 648 546 580 728 556 717 -3070 -2796 6908 194 153 3 39 99 56
1534351521.200534 648 546 579 728 556 718 -3082 -2826 6946 212 142 24 39 100 56
1534351521.28046 648 546 579 727 557 717 -3080 -2834 6938 218 134 -4 40 99 56
1534351521.3381865 648 546 579 727 556 717 -3052 -2802 6958 202 102 13 38 99 57
1534351521.4005842 648 546 579 728 557 718 -3088 -2854 6936 216 129 20 39 97 56
1534351521.4630682 648 546 579 728 556 717 -3074 -2852 6896 202 137 32 39 98 55
1534351521.5455704 648 546 579 728 557 717 -3134 -2812 6870 193 142 -11 39 98 57
1534351521.6052268 648 546 579 727 556 717 -3072 -2812 6912 239 147 25 39 100 56
1534351521.667679 648 546 579 728 556 717 -3078 -2828 6908 199 130 15 39 98 57
1534351521.7346177 648 546 579 727 556 717 -3078 -2830 6908 213 108 30 39 100 54
1534351521.806249 648 546 579 728 556 717 -3072 -2808 6928 207 118 25 39 98 55
1534351521.8686972 648 546 579 727 556 717 -3098 -2826 6944 240 134 20 40 97 55
1534351521.9311824 648 546 579 727 556 717 -3112 -2832 6910 243 133 19 39 100 58
1534351521.996446 648 546 579 727 556 717 -3088 -2820 6932 174 127 47 38 97 57
1534351522.0764563 648 546 579 728 556 717 -3106 -2830 6916 224 115 -6 40 99 57
1534351522.1384661 648 546 579 728 556 717 -3068 -2844 6918 244 140 8 42 99 55
1534351522.2010589 648 546 579 727 556 718 -3090 -2854 6930 218 141 -9 38 98 57
1534351522.2729526 648 546 579 727 556 717 -3074 -2810 6924 204 105 13 41 99 56
1534351522.3382502 648 546 579 728 557 717 -3080 -2822 6934 231 132 18 40 98 57
1534351522.4007368 648 546 579 727 556 717 -3046 -2820 6912 215 122 -2 39 99 57
1534351522.466106 648 546 579 728 557 717 -3090 -2832 6954 189 125 12 40 100 57
1534351522.5286841 648 546 580 727 557 717 -3072 -2816 6870 221 149 17 39 98 56
1534351522.5910237 648 546 579 727 556 717 -3098 -2836 6920 213 130 16 39 98 56
1534351522.669131 648 546 579 728 557 717 -3080 -2800 6930 203 140 -5 38 98 56
1534351522.7316182 648 546 579 727 556 717 -3092 -2828 6924 228 138 45 37 99 55
1534351522.8007882 648 546 579 727 556 717 -3098 -2824 6944 200 119 6 41 99 56
1534351522.8563037 648 546 579 727 557 717 -3092 -2830 6948 194 111 12 39 100 55
1534351522.9342701 648 546 579 727 557 717 -3108 -2800 6900 225 148 30 38 99 57
1534351522.9996185 648 546 579 727 557 717 -3076 -2824 6896 213 103 10 40 99 55
1534351523.0737946 648 546 579 727 556 717 -3046 -2818 6972 213 156 16 39 98 57
1534351523.1208847 648 546 579 727 557 717 -3104 -2850 6892 177 114 5 37 99 56
1534351523.1832855 648 546 579 727 557 717 -3100 -2834 6924 185 116 18 39 98 57
1534351523.2628183 648 546 579 728 556 717 -3086 -2838 6974 257 126 15 41 99 58
1534351523.323392 648 546 579 727 556 717 -3076 -2816 6906 210 124 21 40 99 54
1534351523.3859088 648 546 579 728 556 717 -3052 -2836 6862 181 134 12 39 97 57
1534351523.4483643 648 546 579 727 556 717 -3120 -2820 6976 212 119 18 36 98 56
1534351523.5269644 648 546 579 728 556 717 -3092 -2844 6936 199 138 -1 39 98 56
1534351523.589851 648 546 579 727 556 717 -3096 -2808 6952 210 163 23 38 100 58
1534351523.652336 648 546 579 727 556 717 -3056 -2822 6906 227 155 12 40 99 57
1534351523.7349105 648 546 579 728 556 717 -3082 -2848 6962 204 124 0 39 100 57
1534351523.7914188 648 546 579 727 556 717 -3088 -2824 6880 210 152 29 37 99 56
1534351523.8552978 648 546 579 727 556 717 -3086 -2846 6948 225 132 18 38 101 57
1534351523.9177814 648 546 580 727 556 717 -3070 -2844 6882 211 148 25 39 101 56
1534351523.983394 648 546 580 728 556 717 -3088 -2842 6950 217 135 30 38 97 55
1534351524.0570831 648 546 579 728 556 718 -3086 -2832 6874 227 137 8 39 98 57
1534351524.1195686 648 546 579 727 556 717 -3092 -2792 6936 214 120 14 40 97 56
1534351524.1820538 648 546 579 727 556 717 -3092 -2802 6944 184 131 10 39 98 56
1534351524.2552614 648 546 579 728 556 717 -3074 -2820 6942 223 149 21 39 97 55
1534351524.3074286 648 546 579 727 556 717 -3112 -2822 6948 221 123 26 37 98 54
1534351524.3855362 648 546 579 727 556 717 -3044 -2806 6914 181 146 -6 39 99 56
1534351524.4480207 648 546 579 727 556 717 -3098 -2832 6918 240 147 -5 39 99 57
1534351524.5184724 648 546 579 727 556 717 -3082 -2798 6928 220 106 19 40 98 57
1534351524.5739517 648 546 579 727 556 717 -3110 -2842 6948 230 128 26 37 97 56
1534351524.6364381 648 546 579 727 556 717 -3090 -2822 6956 219 119 28 39 98 58
1534351524.7145426 648 546 579 727 556 717 -3064 -2832 6944 200 88 20 38 100 55
1534351524.782455 648 546 579 727 556 717 -3084 -2794 6934 202 118 2 39 99 55
1534351524.8387897 648 546 579 727 556 717 -3114 -2828 6934 206 146 50 39 100 55
1534351524.9012728 648 546 579 727 556 717 -3056 -2820 6948 180 128 6 38 97 53
1534351524.9676385 648 546 579 727 556 718 -3084 -2846 6992 225 132 23 39 99 56
1534351525.046812 648 546 579 727 556 717 -3052 -2804 6940 211 132 12 39 96 55
1534351525.10659 648 546 579 727 556 717 -3064 -2820 6884 221 133 15 38 101 55
1534351525.1690748 648 546 580 727 556 717 -3068 -2814 6908 204 138 20 39 99 57
1534351525.2355986 648 546 579 727 556 717 -3076 -2804 6926 200 127 0 37 99 57
1534351525.3101614 648 546 579 727 556 716 -3082 -2806 6880 212 109 34 40 99 57
1534351525.370223 648 546 579 728 556 717 -3080 -2810 6876 178 131 40 39 102 58
1534351525.4327083 648 546 579 727 556 717 -3086 -2796 6856 204 155 31 37 96 55
1534351525.4983401 648 546 579 727 556 717 -3108 -2852 6902 253 135 24 39 98 55
1534351525.5745397 648 546 579 727 556 717 -3112 -2820 6904 249 136 46 42 100 56
1534351525.6370728 648 546 579 728 556 717 -3054 -2808 6890 193 117 5 40 99 57
1534351525.6995108 648 546 579 727 556 717 -3086 -2800 6934 206 133 40 40 97 57
1534351525.7732875 648 546 579 727 556 717 -3052 -2794 6898 189 113 12 37 99 56
1534351525.838795 648 546 579 728 556 717 -3080 -2820 6912 203 141 20 39 98 55
1534351525.9012291 648 546 579 727 556 717 -3094 -2840 6922 244 125 30 39 99 57
1534351525.96752 648 546 579 727 556 717 -3140 -2780 6974 232 111 30 39 100 56
1534351526.0388882 648 546 579 728 556 717 -3056 -2818 6920 228 130 38 37 100 56
1534351526.0908365 648 546 579 727 556 717 -3084 -2858 6930 218 134 10 38 99 57
1534351526.16912 648 546 579 727 556 717 -3086 -2828 6882 186 120 17 39 99 57
1534351526.2360623 648 546 579 728 556 717 -3092 -2824 6902 267 142 4 41 99 56
1534351526.3027182 648 546 579 728 556 717 -3072 -2820 6968 236 144 17 40 100 56
1534351526.3694162 648 546 579 727 556 717 -3076 -2810 6878 205 105 18 38 101 56
1534351526.4319026 648 546 579 727 556 717 -3078 -2798 6940 223 110 -10 39 99 56
1534351526.4977357 648 546 579 727 556 717 -3098 -2840 6966 201 124 16 36 100 56
1534351526.5696356 648 546 580 727 556 717 -3066 -2798 6906 221 128 22 39 98 57
1534351526.6227925 647 546 579 727 556 717 -3092 -2800 6900 212 139 23 38 98 56
1534351526.7008677 649 546 579 728 556 717 -3066 -2834 6916 249 161 3 39 97 55
1534351526.7524066 648 546 579 728 556 716 -3096 -2824 6892 206 155 31 40 98 58
1534351526.834164 648 546 579 727 556 717 -3066 -2840 6952 225 143 -11 39 97 57
1534351526.8889709 648 546 579 727 556 717 -3084 -2808 6890 202 143 -5 41 99 56
1534351526.9515798 648 546 579 727 556 717 -3082 -2830 6878 227 165 -4 39 99 56
1534351527.0332575 647 546 579 727 556 717 -3078 -2842 6928 230 144 15 38 98 56
1534351527.0912848 648 546 579 727 556 717 -3062 -2858 6892 228 172 -4 40 98 57
1534351527.153799 648 546 579 728 556 717 -3076 -2860 6914 205 126 8 41 99 56
1534351527.2162545 648 546 579 727 556 717 -3048 -2852 6914 188 153 7 41 100 56
1534351527.2945592 648 546 579 727 556 717 -3108 -2810 6938 227 174 -6 40 98 57
1534351527.3550248 648 546 579 727 556 717 -3036 -2780 6914 211 133 23 39 100 57
1534351527.4174247 648 546 579 727 556 717 -3094 -2826 6910 235 120 21 40 98 56
1534351527.4828897 648 546 579 727 556 717 -3090 -2818 6946 196 118 14 42 96 55
1534351527.5612693 648 546 579 727 556 718 -3092 -2844 6906 220 113 31 37 100 56
1534351527.622678 648 546 579 728 556 717 -3082 -2818 6878 214 149 11 39 98 58
1534351527.700785 648 546 579 727 556 717 -3096 -2834 6924 232 129 26 39 97 56
1534351527.7509365 648 546 579 727 556 717 -3088 -2824 6958 195 138 21 40 97 56
1534351527.8237364 648 546 579 727 556 717 -3044 -2806 6906 230 117 25 39 99 57
1534351527.8862224 648 546 579 727 556 717 -3102 -2828 6894 221 144 22 38 98 55
1534351527.948707 648 546 579 728 556 717 -3060 -2816 6874 207 139 19 38 97 56
1534351528.014277 648 546 579 727 556 717 -3084 -2808 6942 225 150 43 40 99 58
1534351528.0893247 648 546 579 727 556 717 -3062 -2830 6960 204 140 -10 37 97 56
1534351528.1518092 648 546 579 727 556 717 -3080 -2830 6936 204 140 30 39 98 55
1534351528.2142947 648 546 579 727 556 717 -3064 -2848 6958 227 138 10 37 98 56
1534351528.288 648 546 579 727 556 717 -3084 -2810 6892 222 129 12 38 98 56
1534351528.3561196 648 546 579 727 556 717 -3090 -2852 6930 218 114 15 40 98 54
1534351528.4186037 648 546 579 728 556 717 -3064 -2820 6954 187 132 32 40 100 56
1534351528.4811177 648 546 579 728 556 717 -3066 -2840 6894 218 111 8 39 100 59
1534351528.5527675 648 546 579 727 556 717 -3062 -2844 6920 233 146 52 40 99 56
1534351528.6055954 648 546 579 728 556 717 -3076 -2846 6998 176 118 23 38 98 56
1534351528.6837335 648 546 579 728 556 717 -3088 -2806 6934 204 130 18 39 100 56
1534351528.7496352 648 546 579 727 556 717 -3106 -2824 6920 189 165 13 39 100 55
1534351528.8194783 648 546 579 727 556 718 -3064 -2844 6942 240 117 42 38 99 55
1534351528.8720055 648 546 579 727 556 717 -3080 -2822 6954 201 127 32 39 98 56
1534351528.9499617 648 546 579 727 556 717 -3058 -2810 6920 237 106 31 40 100 55
1534351529.030093 648 546 579 727 556 717 -3076 -2866 6932 218 138 25 39 100 57
1534351529.0749943 648 546 579 727 556 717 -3102 -2826 6872 191 139 9 40 97 55
1534351529.1376987 648 546 579 727 556 717 -3048 -2814 6862 242 132 47 38 99 55
1534351529.2155876 648 546 579 727 556 717 -3086 -2820 6940 227 126 20 38 100 56
1534351529.2826703 648 546 579 726 556 717 -3080 -2810 6942 250 138 25 40 96 55
1534351529.3395066 648 546 579 727 556 717 -3086 -2826 6948 188 127 31 39 100 54
1534351529.401864 648 546 579 727 556 717 -3076 -2800 6928 232 138 8 40 99 56
1534351529.4824712 648 546 579 727 556 718 -3084 -2824 6952 201 131 -30 38 98 57
1534351529.5489876 648 546 579 727 556 717 -3064 -2820 6926 242 132 23 40 100 56
1534351529.6064034 648 546 579 727 556 717 -3058 -2816 6880 248 139 -4 39 98 55
1534351529.684325 648 546 579 727 556 717 -3088 -2834 6874 211 130 20 40 96 56
1534351529.7357824 648 546 579 727 556 717 -3058 -2840 6882 192 127 21 37 100 57
1534351529.8068879 648 546 579 727 556 717 -3064 -2850 6866 217 127 31 38 99 55
1534351529.869326 648 546 579 727 556 717 -3078 -2826 6896 215 90 10 40 100 55
1534351529.9318597 648 546 579 727 556 717 -3060 -2790 6956 216 117 10 39 98 56
1534351530.0123048 648 546 579 727 556 717 -3092 -2834 6956 175 144 27 39 99 56
1534351530.0745065 648 546 579 728 556 717 -3110 -2814 6966 162 140 36 37 100 56
1534351530.1369913 648 546 579 727 556 717 -3098 -2812 6902 189 121 27 37 98 57
1534351530.1995862 648 546 579 727 556 717 -3070 -2854 6952 197 161 -1 40 98 55
1534351530.277051 648 546 579 728 556 717 -3082 -2854 6982 194 155 24 39 99 54
1534351530.3550756 648 546 579 728 556 717 -3092 -2824 6888 204 122 2 37 97 57
1534351530.4019356 648 546 579 727 556 718 -3096 -2828 6934 229 136 50 39 97 57
1534351530.4645128 648 546 579 727 556 718 -3070 -2850 6994 206 127 4 37 100 56
1534351530.5402274 648 546 579 727 556 717 -3072 -2812 6922 238 140 23 38 98 55
1534351530.605606 648 546 579 728 556 717 -3080 -2832 6910 195 147 39 39 100 56
1534351530.668092 648 546 579 727 556 717 -3094 -2828 6934 220 155 18 39 98 57
1534351530.735529 648 546 579 727 556 717 -3068 -2856 6916 219 118 -5 40 96 55
1534351530.8050268 648 546 579 727 556 717 -3088 -2824 6938 240 133 26 39 99 55
1534351530.869926 648 546 579 727 556 717 -3118 -2812 6922 241 119 34 39 100 55
1534351530.9324932 648 546 579 727 556 717 -3048 -2816 6904 244 139 25 40 98 55
1534351530.9989114 647 546 579 727 556 717 -3062 -2804 6910 194 132 13 39 98 57
1534351531.0687451 648 546 579 727 556 717 -3104 -2816 6900 214 118 8 38 98 56
1534351531.1211808 648 546 579 727 556 717 -3084 -2816 6938 206 146 38 38 99 56
1534351531.1992736 648 546 579 727 556 717 -3088 -2822 6930 207 142 29 39 97 56
1534351531.2667327 648 546 579 727 556 717 -3090 -2822 6842 247 118 15 36 99 54
1534351531.321536 648 546 579 727 556 717 -3088 -2802 6910 218 136 26 40 99 56
1534351531.384021 647 546 579 727 556 717 -3090 -2844 6900 206 154 43 39 98 56
1534351531.4660835 648 546 579 728 556 717 -3096 -2828 6940 218 110 -24 38 98 57
1534351531.5316446 648 546 579 727 556 717 -3088 -2804 6898 200 144 31 38 99 56
1534351531.589591 648 546 579 727 556 717 -3088 -2838 6918 198 140 5 39 97 56
1534351531.6518824 648 546 579 727 556 718 -3106 -2836 6894 233 138 27 39 98 56
1534351531.7180538 648 546 579 727 556 717 -3086 -2802 6914 255 141 7 39 98 56
1534351531.7908244 648 546 579 727 556 716 -3082 -2794 6972 201 126 42 38 98 55
1534351531.8534937 648 546 579 727 556 717 -3072 -2844 6928 213 134 -4 39 98 57
1534351531.915795 648 546 579 727 556 717 -3088 -2838 6924 205 146 8 41 99 57
1534351531.9813347 648 546 579 728 556 716 -3066 -2830 6962 220 152 52 41 99 57
1534351532.0565996 648 546 579 727 556 717 -3104 -2816 6888 205 142 26 39 99 54
1534351532.1218674 648 546 579 727 556 717 -3088 -2836 6940 196 152 30 38 100 58
1534351532.1844018 648 546 579 727 556 717 -3104 -2824 6900 248 131 24 39 100 55
1534351532.2559516 648 546 579 727 556 717 -3074 -2806 6952 183 118 1 39 99 57
1534351532.337125 648 546 579 727 556 717 -3098 -2830 6938 240 119 24 39 98 56
1534351532.3840418 648 546 579 727 556 717 -3096 -2826 6954 209 140 5 39 98 55
1534351532.4464746 648 546 579 727 556 716 -3086 -2804 6924 225 151 27 38 99 56
1534351532.512718 648 546 579 727 556 717 -3102 -2842 6918 249 151 26 39 98 55
1534351532.5847092 648 546 579 727 556 717 -3072 -2780 6902 226 135 21 39 98 55
1534351532.6377969 648 546 579 728 556 717 -3100 -2820 6900 235 120 -7 41 99 55
1534351532.7158828 648 546 579 727 556 717 -3078 -2848 6932 247 151 50 39 99 56
1534351532.7673557 648 546 579 727 556 717 -3072 -2814 6904 205 118 1 38 99 57
1534351532.8454895 648 546 579 727 556 716 -3098 -2812 6924 198 148 16 38 99 56
1534351532.908075 648 546 579 728 556 717 -3072 -2822 6922 191 124 44 37 98 57
1534351532.9860556 648 546 579 727 556 717 -3130 -2834 6936 204 125 23 37 99 57
1534351533.0452323 648 546 579 727 556 717 -3086 -2820 6920 228 152 16 39 98 55
1534351533.1055317 648 546 579 727 556 717 -3070 -2830 6900 230 133 46 40 99 57
1534351533.168284 648 546 579 727 556 717 -3094 -2812 6954 234 136 11 41 98 57
1534351533.2335997 648 546 579 727 556 717 -3070 -2814 6850 198 135 0 38 98 57
1534351533.3074102 648 546 579 727 556 717 -3098 -2842 6882 208 130 25 38 97 58
1534351533.3699834 648 546 579 727 556 717 -3092 -2826 6924 181 122 -8 39 98 57
1534351533.4324636 648 546 579 727 556 717 -3106 -2800 6958 221 106 4 39 99 56
1534351533.498645 648 546 579 727 556 717 -3080 -2814 6872 181 117 45 39 100 55
1534351533.5734754 648 546 579 727 556 717 -3066 -2838 6904 212 106 11 39 98 55
1534351533.6363661 648 546 579 727 556 717 -3086 -2830 6862 219 157 15 39 99 56
1534351533.698979 648 546 579 727 556 717 -3056 -2842 6948 225 166 29 41 98 56
1534351533.770596 648 546 579 727 556 717 -3068 -2838 6968 203 127 10 41 96 56
1534351533.823226 648 546 579 727 556 717 -3064 -2806 6900 241 138 33 40 97 55
1534351533.90139 648 546 579 727 556 717 -3078 -2802 6934 239 127 15 40 97 56
1534351533.9673626 648 546 579 727 556 717 -3112 -2870 6934 224 142 32 39 100 56
1534351534.0357115 648 546 579 727 556 717 -3074 -2814 6882 222 117 10 40 99 58
1534351534.0896237 648 546 579 727 556 717 -3070 -2848 6920 222 139 3 38 99 56
1534351534.1521523 648 546 579 727 556 717 -3080 -2844 6948 232 107 29 40 99 55
1534351534.2329051 648 546 579 727 556 717 -3102 -2832 6944 217 146 -16 40 97 55
1534351534.308109 648 546 579 727 556 717 -3092 -2816 6868 207 135 7 39 98 56
1534351534.3550096 648 546 579 727 556 717 -3056 -2838 6912 249 128 36 39 100 55
1534351534.417636 648 546 579 727 556 717 -3080 -2840 6856 197 132 0 38 100 57
1534351534.4839165 648 546 579 727 556 717 -3094 -2850 6874 223 136 12 39 98 54
1534351534.5646448 648 546 579 727 556 717 -3042 -2830 6872 201 148 11 39 100 56
1534351534.6211183 648 546 579 727 556 717 -3088 -2848 6918 247 124 -1 39 100 56
1534351534.6836483 648 546 579 727 556 717 -3064 -2836 6922 213 133 -3 39 98 55
1534351534.7506678 648 546 579 727 556 717 -3110 -2820 6868 230 111 29 40 100 56
1534351534.8248987 647 546 579 727 556 717 -3086 -2856 6910 182 131 11 39 98 57
1534351534.887383 648 546 579 727 556 717 -3092 -2814 6930 206 145 37 35 100 55
1534351534.9654894 647 546 579 728 556 717 -3094 -2810 6954 186 112 55 41 100 55
1534351535.0304773 648 546 579 727 556 717 -3098 -2832 6908 222 122 32 39 97 56
1534351535.0913763 648 546 579 727 556 718 -3092 -2816 6942 240 111 5 40 98 56
1534351535.1538625 648 546 579 727 556 717 -3108 -2820 6876 215 148 -13 39 98 56
1534351535.2164829 648 546 579 727 556 717 -3076 -2826 6898 233 130 23 41 98 55
1534351535.2937083 647 546 579 727 556 717 -3090 -2824 6938 169 128 6 40 98 56
1534351535.356052 648 546 579 727 556 717 -3076 -2810 6918 212 133 19 39 99 57
1534351535.4185772 648 546 579 727 556 717 -3080 -2824 6928 232 150 14 38 99 55
1534351535.4848142 648 546 579 727 556 717 -3048 -2858 6944 190 145 18 40 101 56
1534351535.559482 648 546 579 727 556 717 -3076 -2832 6932 188 141 -10 38 97 56
1534351535.620665 648 546 579 727 556 717 -3096 -2810 6938 195 127 21 40 98 56
1534351535.6831498 647 546 579 727 556 717 -3094 -2802 6868 211 110 3 39 99 59
1534351535.7495651 648 546 579 727 556 717 -3086 -2814 6944 192 148 -8 39 100 56
1534351535.8242683 648 546 579 727 556 717 -3076 -2826 6882 207 135 -1 41 99 54
1534351535.8871284 648 546 579 727 556 717 -3064 -2868 6892 206 113 27 39 98 58
1534351535.9494774 648 546 579 727 556 717 -3086 -2806 6936 203 125 4 40 99 55
1534351536.0206394 648 546 579 727 556 716 -3078 -2838 6880 238 120 24 38 98 55
1534351536.0864668 648 546 579 727 556 717 -3098 -2838 6884 210 138 16 38 99 56
1534351536.137749 648 546 579 727 556 717 -3094 -2848 6906 225 155 25 39 99 56
1534351536.2155974 648 546 579 727 556 717 -3064 -2832 6908 204 158 15 39 99 56
1534351536.2963548 648 546 579 727 556 717 -3074 -2838 6930 218 118 18 39 97 57
1534351536.3392453 648 546 579 727 556 717 -3060 -2844 6864 210 148 -3 38 99 57
1534351536.4172978 648 546 579 727 556 717 -3080 -2840 6888 213 150 38 40 100 58
1534351536.482364 648 546 579 727 556 717 -3080 -2776 6876 223 110 24 39 97 55
1534351536.5498877 648 546 579 727 556 717 -3094 -2816 6938 230 120 10 39 98 55
1534351536.6065161 648 546 579 727 556 717 -3090 -2842 6896 230 129 22 41 100 56
1534351536.668766 648 546 579 727 556 717 -3076 -2820 6928 169 153 11 40 100 56
1534351536.7353733 648 546 579 727 556 717 -3122 -2842 6898 181 142 28 38 99 55
1534351536.815891 648 546 578 727 556 717 -3100 -2836 6896 209 141 29 39 98 55
1534351536.8709986 648 546 579 727 556 717 -3076 -2840 6942 232 138 31 39 100 56
1534351536.9491055 648 546 579 727 556 717 -2990 -2500 6332 276 156 -69 40 97 56
1534351537.0168147 648 546 579 727 556 717 -3082 -2836 6878 292 104 36 39 102 56
1534351537.0826385 648 546 579 727 556 717 -3090 -2864 6878 231 145 21 38 97 55
1534351537.1379404 648 546 579 727 556 717 -3114 -2876 7080 233 146 91 40 98 56
1534351537.2157967 648 546 579 727 556 717 -3036 -2748 6738 222 106 -14 38 100 55
1534351537.2819197 648 546 579 727 556 717 -3094 -2854 6996 216 125 8 38 97 56
1534351537.339673 648 546 579 727 556 716 -3116 -2828 6952 240 116 22 39 99 57
1534351537.402184 648 546 579 727 556 717 -3084 -2802 6956 193 96 22 42 99 57
1534351537.4646454 648 546 579 727 556 716 -3044 -2814 6876 227 100 0 38 99 58
1534351537.5442111 648 546 579 727 556 716 -3118 -2820 6970 271 126 23 41 99 55
1534351537.6047797 647 546 579 728 556 717 -3040 -2874 6806 228 108 -2 38 99 56
1534351537.667374 648 546 579 727 556 717 -3098 -2846 6970 106 160 17 39 100 56
1534351537.732515 648 546 579 727 556 717 -3084 -2802 6870 262 99 51 39 98 56
1534351537.8075695 648 546 579 727 556 717 -3084 -2880 6960 176 146 -22 40 98 57
1534351537.8701813 648 546 579 727 556 717 -3074 -2798 6934 207 138 22 40 99 57
1534351537.9325407 647 546 579 727 556 717 -3078 -2844 6898 224 115 1 38 96 55
1534351537.998987 648 546 579 727 556 717 -3070 -2822 6940 263 144 25 38 101 55
1534351538.0718896 648 546 579 727 556 717 -3104 -2848 6900 179 145 5 38 98 56
1534351538.137849 648 546 579 727 556 717 -3088 -2792 6872 256 117 -15 40 97 55
1534351538.200229 648 546 579 727 556 717 -3048 -2854 6922 220 111 39 40 98 53
1534351538.2787857 648 546 579 727 556 717 -3070 -2828 6942 219 130 19 38 99 56
1534351538.3366299 648 546 579 727 556 717 -3100 -2836 6980 232 154 18 40 98 56
1534351538.3886166 648 546 579 727 556 717 -3080 -2818 6978 237 134 18 40 97 56
1534351538.4667485 648 546 579 727 556 717 -3110 -2840 6964 199 112 7 38 100 58
1534351538.534537 648 546 579 727 556 717 -3086 -2828 6986 229 138 19 40 99 56
1534351538.600356 648 546 579 727 556 717 -3100 -2852 6928 243 123 24 38 98 56
1534351538.6561081 648 546 579 727 556 717 -3070 -2848 6918 173 157 -1 39 97 58
1534351538.7185931 648 546 579 727 556 717 -3052 -2826 6914 257 125 11 40 100 56
1534351538.7997818 648 546 579 727 556 717 -3090 -2804 6982 186 127 31 39 99 56
1534351538.854835 648 546 579 727 556 717 -3076 -2826 6922 205 99 41 40 99 56
1534351538.9173183 648 546 579 727 556 717 -3098 -2842 6896 204 137 -4 39 98 57
1534351538.994702 647 546 579 727 556 717 -3080 -2848 6962 215 113 4 40 99 55
1534351539.0616624 648 546 579 727 556 717 -3076 -2834 6902 212 130 19 39 98 57
1534351539.1218767 647 546 579 727 556 717 -3070 -2828 6886 200 130 10 40 100 56
1534351539.1942523 648 546 579 727 556 717 -3090 -2854 6956 232 116 30 38 97 56
1534351539.260076 648 546 579 727 556 717 -3052 -2836 6960 215 151 0 39 98 54
1534351539.3249035 648 546 579 727 556 717 -3088 -2808 6912 221 143 7 42 98 54
1534351539.3927243 648 546 579 727 556 717 -3080 -2824 6926 211 142 -19 38 100 56
1534351539.4595432 648 546 579 727 556 717 -3094 -2820 6882 213 139 41 39 100 54
1534351539.5273595 648 546 579 727 556 717 -3110 -2830 6874 229 178 -1 39 100 56
1534351539.607147 648 546 579 727 556 717 -3108 -2830 6890 184 123 -12 39 99 57
1534351539.681946 648 546 579 727 556 717 -3102 -2832 6900 241 125 -4 37 97 58
1534351539.7537541 648 546 579 727 556 717 -3076 -2840 6860 225 141 15 40 99 56
1534351539.8076098 648 546 579 727 556 717 -3072 -2808 6896 230 143 18 40 99 54
1534351539.8564792 648 546 579 727 556 717 -3086 -2842 6936 194 126 2 39 99 57
1534351539.9213045 648 546 579 727 555 716 -3082 -2814 6930 208 155 8 38 98 56
