1534195362.2357836 665 571 604 709 607 706 -1206 7388 3288 143 182 55 -73 -20 3
1534195362.298369 666 571 604 709 607 706 -1334 7548 3372 148 164 120 -72 -21 4
1534195362.3741267 666 570 603 709 607 705 -1284 7370 3282 276 143 -71 -73 -17 5
1534195362.4300196 666 570 604 709 607 706 -1282 7468 3362 366 342 226 -73 -19 4
1534195362.506905 666 570 603 709 607 705 -1248 7454 3390 293 268 74 -75 -19 3
1534195362.5680783 666 571 604 709 607 706 -1264 7526 3338 92 -85 44 -74 -19 5
1534195362.6408234 666 571 603 709 607 706 -1304 7494 3388 292 -47 -182 -73 -19 3
1534195362.7096345 666 571 603 709 607 706 -1356 7358 3528 155 -195 -247 -72 -20 4
1534195362.7687678 666 571 604 709 607 706 -1184 7610 3134 100 -137 30 -72 -18 3
1534195362.8312619 666 570 604 709 607 706 -1350 7398 3220 106 144 -228 -72 -17 6
1534195362.9477785 665 571 603 709 607 705 -1266 7620 3536 -288 -403 -454 -71 -20 3
1534195362.9960394 666 571 603 709 607 706 -1232 7420 3286 178 341 67 -72 -18 4
1534195363.0464106 665 571 604 709 607 706 -1330 7412 3416 428 214 235 -71 -18 3
1534195363.1088934 665 571 604 709 607 706 -1318 7346 3386 -35 -70 141 -73 -19 3
1534195363.1713817 665 571 604 709 607 706 -982 7442 3504 1656 1175 1399 -71 -20 3
1534195363.249486 666 571 603 709 606 706 -1402 7494 3432 -87 441 189 -74 -19 4
1534195363.3119743 666 571 604 709 606 706 -1154 7282 3348 640 453 299 -72 -20 4
1534195363.384342 666 570 603 709 607 705 -1426 7652 3384 27 43 -145 -74 -18 2
1534195363.4476612 665 571 603 709 606 706 -1188 7424 3300 859 221 32 -73 -19 3
1534195363.5154486 665 570 603 708 606 707 -1368 7528 3334 246 100 -151 -75 -19 4
1534195363.5779343 666 570 603 709 606 705 -1294 7496 3390 267 18 -81 -75 -18 2
1534195363.6496544 665 570 604 709 607 706 -1286 7392 3240 426 129 -3 -76 -17 4
1534195363.7168312 665 570 603 709 606 705 -1370 7568 3410 344 -142 47 -72 -18 3
1534195363.7764175 665 570 603 709 606 705 -1218 7482 3232 405 -2 -54 -74 -19 4
1534195363.838903 665 570 603 709 606 705 -1326 7504 3258 343 329 -6 -73 -19 2
1534195363.9146578 666 570 604 709 607 706 -1320 7508 3304 200 58 15 -75 -17 1
1534195363.979029 665 570 603 709 606 706 -1310 7450 3270 429 262 5 -73 -17 1
1534195364.0297058 666 570 604 709 607 706 -1360 7512 3254 217 94 73 -74 -16 4
1534195364.1079626 666 571 603 709 607 706 -1322 7552 3184 332 183 19 -75 -18 2
1534195364.177379 666 571 604 709 607 706 -1334 7462 3246 305 162 61 -75 -17 2
1534195364.2293208 666 571 604 709 607 706 -1320 7564 3156 144 47 67 -74 -18 2
1534195364.30743 666 570 603 709 607 706 -1304 7562 3252 306 193 -263 -77 -17 3
1534195364.3752663 666 571 604 709 607 706 -1240 7442 3202 -57 10 -24 -75 -18 1
1534195364.430098 665 571 604 709 607 706 -1310 7536 3288 346 287 36 -74 -17 3
1534195364.507163 666 570 604 709 607 706 -1238 7522 3256 123 -6 -49 -76 -20 2
1534195364.5630298 665 570 603 709 607 706 -1374 7616 3194 164 127 -66 -73 -21 1
1534195364.6411126 665 570 603 709 607 705 -1290 7518 3192 199 93 -176 -72 -19 2
1534195364.6966352 665 570 603 709 607 706 -1124 7176 2992 186 802 -356 -75 -19 3
1534195364.7747421 666 570 603 709 607 705 -1268 7272 3278 335 1176 -824 -73 -17 4
1534195364.83749 666 570 603 709 607 706 -1644 7946 3354 1973 367 -2370 -76 -19 2
1534195364.9309406 665 570 603 709 607 706 -1372 6882 2850 1972 424 1132 -75 -16 2
1534195364.9821615 665 570 603 709 607 706 -1396 7296 3282 -1472 -2593 37 -75 -16 1
1534195365.0446503 665 570 604 709 607 706 -1852 7682 3678 -56 -1309 1977 -75 -15 1
1534195365.1294522 665 570 604 709 607 706 -1864 7762 3118 1348 1586 -898 -74 -16 1
1534195365.1820185 666 571 604 710 607 705 -1780 7552 2824 55 -558 -911 -76 -15 2
1534195365.2608366 666 570 603 710 607 706 -1838 6812 3062 1179 -1920 2211 -76 -13 0
1534195365.3232582 665 570 603 710 608 705 -1894 8300 3114 323 1573 -260 -72 -14 -1
1534195365.4094577 665 570 604 710 607 705 -2086 7490 3530 2590 1024 1378 -76 -13 -2
1534195365.4818988 665 571 604 710 607 706 -1464 8530 2694 -1151 -2560 521 -75 -13 -2
1534195365.5460992 665 570 604 709 607 706 -1470 6788 3406 253 -2076 2912 -77 -14 -4
1534195365.6353476 665 571 604 709 607 706 -1346 8008 3446 526 -4711 486 -74 -15 -2
1534195365.6807027 666 571 604 709 607 706 142 6192 2258 2201 -10360 -7621 -74 -20 -5
1534195365.768011 666 571 604 709 607 706 -1818 8476 3100 -169 -142 -2291 -78 -21 -11
1534195365.8330872 665 571 604 709 607 705 -1006 7052 3272 996 -1352 1923 -81 -19 -15
1534195365.910886 666 571 604 709 607 706 -1396 7702 2760 2136 414 196 -81 -18 -13
1534195365.9828122 666 571 604 709 606 706 -1298 7612 2800 -498 3295 -1070 -81 -16 -13
1534195366.045297 665 571 603 709 606 706 -2020 7538 2800 -572 -66 1448 -82 -17 -13
1534195366.1283329 665 571 603 709 606 706 -1278 7318 3116 -1341 -1005 782 -80 -17 -13
1534195366.2003891 666 571 604 709 607 706 -1516 7804 2884 3758 2370 2945 -82 -16 -10
1534195366.2764208 665 571 603 708 606 706 -1012 7772 2944 2956 -1446 -1143 -78 -18 -11
1534195366.3471923 666 571 603 709 606 705 -1024 7892 2930 -416 -122 972 -80 -20 -14
1534195366.4195795 665 571 603 709 607 706 -2396 7162 2834 352 -2107 -2118 -80 -17 -14
1534195366.4907172 665 571 603 709 607 706 -1192 7504 2688 -628 -3272 -1743 -77 -17 -11
1534195366.568824 666 571 603 709 607 705 -1222 7372 2926 -1842 -773 -1396 -79 -18 -14
1534195366.643147 666 571 603 709 607 705 -1578 7798 3354 -1352 -1623 -777 -82 -14 -13
1534195366.714689 666 571 604 709 607 705 -1228 7046 2998 3430 386 -876 -83 -15 -11
1534195366.7771742 666 571 604 709 607 706 -1628 7562 3212 31 -369 395 -81 -14 -13
1534195366.8398585 665 571 604 708 607 706 -1478 7448 3060 296 1715 -966 -83 -13 -13
1534195366.9166431 665 570 604 709 606 705 -1892 7696 3184 -439 830 -105 -85 -13 -12
1534195366.9822233 665 571 604 709 606 706 -1686 7264 3314 198 42 -319 -83 -11 -13
1534195367.0603292 664 571 603 709 606 706 -1998 7582 3160 457 -395 -451 -81 -11 -10
1534195367.1355119 665 571 604 709 606 706 -1670 7322 3160 54 -246 -27 -84 -13 -10
1534195367.1967719 665 571 603 709 606 705 -1812 7482 3198 737 470 -107 -82 -11 -11
1534195367.2748816 665 571 603 708 606 705 -1748 7484 3124 -103 149 123 -82 -11 -12
1534195367.3373668 665 571 604 709 606 706 -1880 7486 3212 542 423 160 -82 -13 -13
1534195367.4151578 666 570 603 709 606 706 -1790 7468 3018 1070 691 265 -83 -11 -11
1534195367.482905 665 571 603 709 606 706 -1764 7476 3166 623 443 257 -83 -15 -13
1534195367.545391 665 570 603 709 606 706 -1884 7512 3062 546 100 -119 -84 -11 -9
1534195367.6078951 665 570 604 709 606 705 -1696 7504 2946 149 117 8 -85 -12 -12
1534195367.6832204 665 571 604 709 606 705 -1856 7550 2990 -95 100 180 -85 -12 -12
1534195367.745707 665 571 603 709 606 706 -1796 7430 3028 286 240 83 -84 -12 -14
1534195367.8244908 665 571 603 709 606 705 -1592 7400 3052 834 1842 531 -84 -13 -12
1534195367.8997092 665 571 604 708 606 706 -1558 7572 3082 3029 2565 1356 -85 -11 -12
1534195367.9716847 665 571 603 709 607 705 -2156 8336 3430 517 -304 3662 -83 -12 -14
1534195368.0453105 665 571 603 708 607 706 -1662 7870 2078 -3433 -4989 1326 -81 -13 -15
1534195368.1077948 665 571 603 709 607 706 -1852 7528 2656 -1956 -640 740 -80 -17 -15
1534195368.1827462 665 571 603 709 607 705 -1216 7304 3046 -1192 2548 -3566 -78 -16 -13
1534195368.2608547 665 571 603 710 607 705 -804 7010 2488 -2316 -3160 22 -79 -13 -14
1534195368.3235238 665 570 603 710 608 705 -1726 7888 3566 114 -1434 -224 -80 -15 -13
1534195368.3993275 665 571 603 709 607 705 -926 7626 2954 352 273 -707 -78 -16 -13
1534195368.486918 665 571 603 709 607 705 -2032 8368 3190 -4879 -2136 -1524 -81 -17 -17
1534195368.545874 665 571 603 709 607 705 -1646 7350 4136 383 65 2063 -80 -16 -13
1534195368.6208324 665 571 603 709 607 706 -264 5780 2792 308 -2267 -1907 -79 -14 -9
1534195368.6827624 666 571 603 709 607 705 -2138 8596 2624 18 2411 -2130 -79 -17 -11
1534195368.7608676 665 571 603 709 607 706 -1528 7022 3702 -341 844 1239 -80 -14 -13
1534195368.8233547 665 571 604 709 606 706 -1624 7482 3300 252 -535 -573 -81 -14 -10
1534195368.9066534 666 571 604 708 607 705 -1586 7612 3174 -1160 -263 -117 -81 -14 -9
1534195368.9766002 666 571 603 709 606 705 -1514 7048 3538 669 584 -102 -82 -15 -11
1534195369.0452292 665 571 604 709 606 705 -1746 7542 3246 466 -178 -359 -82 -16 -11
1534195369.1079476 665 571 604 709 607 706 -1444 7220 3450 333 486 -25 -80 -14 -9
1534195369.1812963 665 571 603 709 606 706 -1680 7492 3472 316 220 71 -82 -12 -9
1534195369.2438314 665 571 603 709 606 706 -1588 7354 3230 248 266 -160 -81 -12 -9
1534195369.306267 665 571 603 708 606 706 -1636 7384 3436 244 185 54 -83 -13 -10
1534195369.3866265 665 571 603 709 606 705 -1658 7400 3350 257 126 -138 -81 -13 -9
1534195369.4561598 665 571 603 709 606 706 -1624 7320 3288 226 148 -7 -81 -12 -9
1534195369.5140913 665 571 604 709 606 706 -1684 7488 3326 329 229 -78 -82 -13 -11
1534195369.592198 665 571 604 708 606 706 -1620 7324 3356 179 231 -200 -81 -14 -9
1534195369.6637318 665 571 603 708 606 706 -1778 7388 3306 428 150 190 -80 -14 -10
1534195369.7301173 665 571 603 709 606 706 -1668 7456 3304 90 148 -91 -80 -13 -11
1534195369.7927914 665 571 603 709 606 706 -1678 7408 3444 209 148 18 -83 -13 -9
1534195369.8681967 665 571 603 708 606 706 -1678 7344 3206 428 204 93 -84 -11 -12
1534195369.9320538 665 571 603 709 606 706 -1620 7340 3318 197 114 89 -83 -12 -12
1534195369.9990346 665 570 603 708 606 705 -1776 7546 3284 223 199 116 -81 -14 -10
1534195370.0615203 665 571 603 709 606 706 -1314 7054 3062 487 1588 -691 -82 -13 -11
1534195370.1488214 665 571 604 708 606 705 -1546 7710 3106 -399 2110 -1238 -80 -12 -11
1534195370.2121096 665 571 603 709 606 706 -1992 6922 2988 951 1094 341 -83 -13 -10
1534195370.2908618 665 571 604 709 607 706 -1904 7222 3514 -1897 -5335 -700 -81 -11 -11
1534195370.3533056 665 571 604 709 607 706 -1736 6708 2892 843 -1115 1016 -81 -10 -10
1534195370.4333825 665 571 604 709 607 706 -2078 7282 3508 305 -1508 -975 -81 -13 -13
1534195370.4984426 665 571 604 710 607 705 -2516 7058 3492 2238 1955 407 -81 -12 -12
1534195370.576551 665 571 605 710 607 706 -2008 6636 3174 1671 -1169 2446 -82 -9 -14
1534195370.6538603 665 571 605 710 607 706 -1918 7456 3352 -287 -1220 1665 -81 -8 -11
1534195370.714474 665 571 605 710 607 706 -2220 8510 3686 -2623 -2693 -108 -82 -9 -12
1534195370.792318 665 571 605 710 607 706 -1684 7630 3512 -1755 -1167 -328 -82 -6 -12
1534195370.8730369 665 571 604 709 607 706 -2046 7200 4220 -582 -478 3409 -79 -10 -11
1534195370.9309518 666 571 604 709 606 705 -570 6142 3184 1615 -1915 565 -78 -13 -12
1534195371.0151236 665 571 604 709 606 706 -816 7346 2602 1675 2699 -3073 -80 -17 -9
1534195371.0776083 665 571 604 709 606 705 -2190 7706 3850 -1204 3646 -731 -82 -15 -12
1534195371.159718 665 571 604 709 606 705 -1758 7056 3754 324 -732 -500 -83 -14 -10
1534195371.228876 665 571 604 709 606 705 -1654 7636 3190 51 -335 -143 -82 -12 -9
1534195371.3067734 666 571 604 709 606 706 -1648 7116 3668 218 855 189 -83 -10 -9
1534195371.3538356 665 571 603 709 606 706 -1896 7472 3478 163 43 -74 -83 -12 -10
1534195371.4326699 665 571 604 709 606 706 -1660 7220 3426 172 269 -183 -81 -11 -7
1534195371.497816 666 571 604 709 606 706 -1798 7334 3562 533 313 107 -83 -10 -10
1534195371.5603023 665 571 603 708 606 706 -1722 7294 3350 430 263 24 -81 -11 -11
1534195371.6411572 665 571 604 709 606 706 -1746 7174 3542 593 450 283 -84 -11 -10
1534195371.6974115 665 571 604 709 606 706 -1836 7400 3422 175 105 -49 -81 -10 -10
1534195371.7756822 665 571 604 709 606 706 -1746 7280 3452 382 266 -143 -81 -10 -9
1534195371.8380125 665 571 604 709 606 706 -1750 7344 3482 135 -15 152 -83 -11 -10
1534195371.918696 665 571 603 709 606 706 -1872 7360 3476 160 130 -22 -83 -10 -10
1534195371.9901242 665 571 603 709 606 705 -1720 7142 3402 691 324 136 -84 -13 -11
1534195372.0461848 665 571 604 709 606 706 -1846 7378 3448 167 94 29 -82 -13 -8
1534195372.108829 665 571 603 709 606 706 -1794 7290 3468 621 79 -356 -81 -12 -9
1534195372.1867297 665 571 603 708 606 706 -1714 7304 3420 299 -12 162 -82 -11 -11
1534195372.2494314 665 571 604 708 606 706 -1858 7402 3348 343 153 36 -83 -12 -11
1534195372.3273268 665 571 604 708 606 706 -1716 7214 3426 -64 326 566 -84 -11 -12
1534195372.3989952 665 571 604 709 606 706 -1560 7362 3178 -294 -211 -407 -81 -12 -11
1534195372.468808 665 571 604 709 606 706 -1792 6814 3416 1312 283 402 -84 -12 -12
1534195372.5316167 665 571 603 709 606 706 -1712 7086 2772 496 1676 -765 -82 -11 -10
1534195372.609724 665 571 603 708 606 705 -1646 7248 3076 -1576 1687 906 -85 -11 -11
1534195372.682908 665 571 604 709 606 705 -1492 7344 3564 -2567 -1845 69 -82 -9 -11
1534195372.7455873 665 571 603 709 606 706 -2162 6734 4566 121 -1307 1833 -79 -11 -9
1534195372.8234997 664 571 603 709 607 706 -1870 7478 3718 2499 888 -655 -78 -11 -9
1534195372.8989663 665 571 603 709 607 706 -2414 8094 3928 2048 2443 -2789 -81 -11 -11
1534195372.97169 665 571 604 710 607 705 -2256 7584 3820 -218 -1428 300 -80 -10 -11
1534195373.0311935 665 571 603 710 607 706 -2174 7754 3768 567 -1230 1554 -82 -9 -12
1534195373.1093001 664 571 604 709 607 706 -1482 7272 3606 2263 -2198 2900 -81 -11 -12
1534195373.1815243 665 571 604 709 607 706 -1536 7372 3418 -344 648 1555 -81 -12 -15
1534195373.2438118 665 571 604 709 606 705 -1536 7946 3220 -542 509 775 -80 -14 -16
1534195373.3219025 665 571 604 708 606 706 -1444 7192 3814 -1013 -394 3270 -79 -15 -13
1534195373.4044719 664 571 604 708 606 706 -768 6594 3094 -2041 454 -2395 -78 -16 -10
1534195373.4732888 665 571 604 708 606 705 -1922 7408 4124 226 2252 -1430 -78 -16 -8
1534195373.5300076 665 571 604 709 606 706 -1518 7106 3918 375 -802 800 -77 -14 -5
1534195373.6081142 665 571 604 709 606 706 -1466 7150 3718 600 -481 -1244 -78 -13 -6
1534195373.682276 665 571 604 709 606 705 -1598 7248 3708 846 245 -215 -79 -14 -5
1534195373.7449005 665 571 604 708 606 706 -1668 7202 3636 339 108 -190 -82 -14 -6
1534195373.8072503 665 571 603 708 606 706 -1586 7122 3686 469 261 -5 -79 -12 -7
1534195373.8898606 665 571 603 708 606 705 -1682 7306 3660 576 -176 -374 -80 -13 -6
1534195373.9569159 665 571 604 709 606 705 -1542 7164 3642 480 245 -9 -83 -15 -7
1534195374.013811 665 571 604 708 606 706 -1712 7230 3722 264 -4 -102 -80 -13 -8
1534195374.0919187 664 571 604 708 606 705 -1596 7238 3606 235 184 18 -80 -15 -7
1534195374.1617184 665 571 604 708 606 706 -1718 7436 3782 -762 205 -378 -81 -15 -7
1534195374.2295864 665 571 604 708 606 706 -1674 7052 3748 1123 177 -299 -81 -14 -7
1534195374.2918458 665 571 604 708 606 706 -1808 7406 3574 891 242 -365 -81 -14 -8
1534195374.3545573 664 571 603 708 606 706 -1598 7046 3636 106 372 229 -81 -11 -8
1534195374.4325016 664 571 604 708 606 705 -1778 7338 3698 840 306 -299 -81 -10 -9
1534195374.4998372 665 571 603 708 606 706 -1730 7222 3498 956 403 -346 -81 -11 -9
1534195374.5623221 664 571 604 708 606 706 -1824 7330 3428 634 346 -152 -82 -10 -8
1534195374.6442618 665 571 604 709 606 705 -1820 7252 3566 235 229 101 -82 -9 -9
1534195374.6967375 665 571 604 708 606 706 -1782 7348 3516 249 65 99 -83 -11 -10
1534195374.774675 665 571 604 708 606 705 -1748 6936 3334 1485 2393 -662 -83 -11 -10
1534195374.8527818 664 571 603 708 606 705 -2322 7662 3192 3500 6301 -2114 -81 -9 -10
1534195374.9156199 665 571 603 708 606 706 -2480 7556 3622 623 498 -261 -83 -7 -9
1534195374.982714 665 571 603 708 606 705 -1858 7074 2332 -90 -1356 1190 -83 -6 -11
1534195375.0608425 664 571 604 708 606 706 -1788 7394 3260 705 1035 -1614 -83 -6 -11
1534195375.137756 664 571 604 709 606 706 -3270 7698 3392 -1779 20 -1327 -82 -7 -12
1534195375.1975532 665 571 604 709 606 705 -2278 7652 3072 -979 -2073 -1019 -82 -4 -12
1534195375.269316 665 571 604 709 606 706 -1952 7422 2558 643 2442 -3919 -83 -6 -13
1534195375.3475904 665 571 604 709 607 705 -2070 7630 2618 -2488 3019 -6081 -82 -5 -15
1534195375.427181 665 571 604 710 607 706 -2854 7866 3072 -2077 -1859 -972 -83 0 -14
1534195375.4991162 665 571 605 710 607 705 -2166 7222 2794 1356 -2966 953 -85 3 -14
1534195375.561604 665 571 604 710 607 705 -2468 6776 2668 3542 1220 -67 -86 1 -17
1534195375.6356125 664 571 604 709 606 706 -2824 7586 1960 65 3445 -3279 -85 2 -18
1534195375.6964524 664 571 604 709 607 705 -3600 7738 3216 673 2395 712 -87 2 -19
1534195375.774582 664 571 604 709 607 706 -3092 7366 2766 -773 -6393 2518 -87 7 -19
1534195375.8368604 665 572 604 709 607 705 -1622 6494 1312 1181 -2731 -301 -87 3 -17
1534195375.9157064 665 571 604 708 607 705 -3146 8054 2664 -490 2162 242 -86 0 -22
1534195375.985866 665 571 604 709 606 706 -2684 7072 3048 -1672 -1483 35 -86 0 -19
1534195376.0459812 665 571 604 708 606 706 -2576 7526 2434 5 -782 175 -86 1 -17
1534195376.1183999 665 571 604 708 606 705 -2526 7280 2886 445 824 423 -85 0 -17
1534195376.1808364 664 571 604 709 606 705 -2778 7356 2868 -100 -258 129 -87 -3 -17
1534195376.243413 664 571 604 708 606 706 -2498 7274 2812 87 -564 107 -85 0 -18
1534195376.321689 664 571 603 708 606 705 -2586 7430 2734 398 123 29 -85 -1 -18
1534195376.3904023 665 571 604 708 606 706 -2544 7368 2800 341 237 192 -87 0 -17
1534195376.456455 664 571 604 708 606 705 -2596 7332 2816 247 62 86 -85 -1 -17
1534195376.515136 665 571 604 708 606 705 -2548 7386 2792 11 107 198 -87 0 -18
1534195376.577625 664 571 603 708 606 706 -2576 7324 2834 188 100 -39 -88 -1 -20
1534195376.6575017 664 571 603 708 606 706 -2602 7420 2778 12 -67 -93 -88 -2 -16
1534195376.7134473 665 571 604 708 606 706 -2522 7332 2814 391 284 198 -89 -2 -16
1534195376.7915561 664 571 604 708 606 706 -2576 7360 2782 431 201 177 -88 -3 -17
1534195376.8540401 665 571 604 708 606 706 -2576 7486 2804 137 213 47 -85 -1 -16
1534195376.9157481 664 571 604 708 606 705 -2528 7260 2800 157 190 96 -88 -1 -18
1534195376.9948587 665 571 603 708 606 705 -2572 7470 2792 397 170 53 -87 -1 -15
1534195377.0617585 664 571 604 708 606 706 -2482 7286 2808 166 110 -64 -88 -2 -18
1534195377.130898 664 571 604 708 605 705 -2572 7442 2738 323 195 255 -86 -2 -17
1534195377.1974862 664 571 603 708 605 706 -2586 7372 2758 336 240 61 -89 -2 -15
1534195377.2597172 664 571 603 708 606 706 -2532 7358 2828 71 42 -48 -86 -1 -17
1534195377.3224084 664 571 604 708 606 705 -2532 7390 2704 272 156 105 -86 -2 -17
1534195377.4000049 664 571 603 708 605 705 -2578 7392 2840 322 260 115 -87 -2 -17
1534195377.4683836 664 571 603 708 605 705 -2596 7396 2742 220 94 101 -87 -1 -16
1534195377.5306153 664 571 603 708 605 706 -2568 7344 2816 208 153 -107 -88 -2 -18
1534195377.5930996 664 571 603 708 605 705 -2538 7370 2770 380 95 140 -88 -2 -20
1534195377.6660202 664 571 603 708 605 706 -2622 7352 2790 211 217 73 -84 -1 -17
1534195377.7287033 665 571 603 708 605 705 -1296 7122 1652 -1521 -1573 -748 -89 0 -16
1534195377.806612 664 571 604 708 605 705 -3058 8008 2904 101 1039 1064 -88 -1 -18
1534195377.882422 664 571 604 708 605 706 -1916 6884 2072 783 -268 3318 -85 -2 -18
1534195377.95325 665 571 604 708 606 705 -1798 6866 2604 1129 516 1219 -86 -6 -18
1534195378.014641 664 571 603 709 606 705 -2580 7252 2660 1189 1531 -395 -84 -5 -18
1534195378.092748 665 571 604 709 607 705 -2716 7382 2486 1385 1166 -728 -83 -5 -19
1534195378.1649296 664 571 604 710 607 705 -2466 7974 2778 251 -1505 322 -85 -5 -20
1534195378.2274134 665 571 604 709 607 705 -1948 7232 2320 -3350 -3883 -871 -84 -3 -23
1534195378.3055272 664 571 604 710 607 705 -1388 6876 1644 59 -490 -840 -85 -3 -21
1534195378.3802109 665 571 604 709 607 705 -2616 8256 2602 2265 3477 -3077 -86 -6 -22
1534195378.452017 664 571 604 709 606 705 -3230 8626 3234 -4152 238 1119 -85 -3 -25
1534195378.5157876 664 571 604 708 606 706 -2386 6978 2938 -1132 -5882 5261 -86 -1 -20
1534195378.5938945 664 571 604 708 606 705 -650 6514 1540 1323 3372 -2221 -86 -6 -19
1534195378.6687326 664 571 604 708 605 705 -3018 7764 3774 -838 2152 -2211 -87 -6 -16
1534195378.7298813 664 571 603 708 606 705 -2490 7126 3536 -434 -2250 1243 -86 -4 -15
1534195378.8081477 664 571 603 708 606 705 -1912 7322 2878 -656 -817 522 -85 -4 -12
1534195378.880024 665 571 604 708 606 706 -2444 7272 3292 243 733 -330 -86 -7 -15
1534195378.9539402 665 571 603 708 606 705 -2212 7322 3178 1600 460 402 -84 -7 -14
1534195379.014005 664 571 603 708 606 706 -2210 7360 3084 -61 -275 14 -86 -5 -16
1534195379.076491 664 571 603 708 606 706 -2270 7438 3010 101 126 -397 -86 -4 -14
1534195379.154299 664 571 603 708 606 705 -2226 7288 3166 377 399 -37 -87 -5 -15
1534195379.213228 665 571 603 708 606 705 -2290 7438 3076 -78 -90 195 -87 -3 -14
1534195379.2910917 664 571 603 708 606 706 -2252 7260 3130 308 297 -293 -85 -5 -15
1534195379.360086 664 571 603 708 606 705 -2228 7322 3112 426 211 183 -88 -3 -16
1534195379.4161818 665 571 603 708 606 705 -2330 7348 3132 516 448 -3 -86 -4 -13
1534195379.4825373 665 571 604 708 606 705 -2258 7332 3026 69 182 76 -86 -4 -17
1534195379.5606446 664 571 604 708 606 705 -2310 7338 3132 212 275 -68 -86 -5 -17
1534195379.635405 665 571 604 708 605 705 -2348 7416 3020 135 219 -196 -85 -5 -14
1534195379.6962776 664 571 603 708 605 705 -2290 7258 3052 371 324 -104 -84 -5 -15
1534195379.7590098 665 571 603 708 605 705 -2372 7438 3006 148 120 0 -86 -4 -15
1534195379.821244 665 571 603 708 605 705 -2340 7346 3020 246 250 -71 -85 -6 -16
1534195379.8993528 665 571 603 708 605 705 -2322 7404 3056 344 172 -20 -87 -5 -16
1534195379.969339 664 571 603 708 605 705 -2386 7372 2904 254 184 -15 -86 -5 -14
1534195380.0306144 664 571 603 708 605 705 -2308 7278 3078 307 250 108 -86 -6 -17
1534195380.093102 664 571 603 708 605 705 -2330 7428 3058 204 117 162 -87 -5 -15
1534195380.1651638 664 571 603 708 605 705 -2330 7334 3018 206 207 -69 -88 -4 -15
1534195380.227651 664 571 603 708 605 704 -2356 7354 3084 327 149 127 -85 -4 -16
1534195380.3057566 664 571 603 708 605 705 -2274 7396 3020 238 261 -82 -86 -3 -17
1534195380.3695219 664 571 603 708 605 706 -2342 7310 3004 283 68 215 -86 -3 -19
1534195380.4320095 664 571 603 708 605 706 -2394 7404 3014 311 370 16 -85 -3 -17
1534195380.4977658 664 571 603 708 605 705 -2206 7362 2982 420 247 724 -87 -5 -14
1534195380.5756588 664 571 603 708 605 705 -2418 7408 2950 367 98 190 -86 -3 -14
1534195380.6502707 665 571 603 708 605 704 -2386 7360 3106 1363 1357 1006 -86 -6 -15
1534195380.7135558 664 571 603 708 605 705 -1760 7596 1540 -619 583 -755 -86 -3 -15
1534195380.7916646 664 571 603 708 605 705 -2468 7018 3134 3301 1104 5211 -85 -4 -19
1534195380.8622894 664 570 603 708 605 705 -2198 7488 2792 -59 -2651 -65 -83 -6 -19
1534195380.9321063 664 570 603 709 606 705 -2234 7696 3074 2134 2566 165 -84 -6 -22
1534195380.9994476 664 571 604 709 606 705 -2846 6926 3098 5579 6941 -2918 -83 -7 -20
1534195381.0619342 664 570 604 710 606 705 -3184 7762 2916 1686 2737 1639 -83 -5 -17
1534195381.143668 664 571 604 710 606 705 -3376 7780 3120 2494 12 156 -83 -1 -22
1534195381.2142935 664 571 604 709 606 705 -2388 8280 1882 -893 -406 -555 -85 -2 -19
1534195381.2765183 664 571 604 709 606 705 -2604 7948 3382 -1264 -4352 1448 -83 -3 -22
1534195381.3546238 664 571 603 708 605 705 -2744 7678 3102 1823 -764 2651 -84 -5 -21
1534195381.4300816 664 571 603 709 605 705 -732 7098 1348 -2839 837 3432 -86 -6 -18
1534195381.4982047 664 571 603 708 606 705 -1916 7024 2956 -2457 2670 -5252 -86 -10 -18
1534195381.5763354 664 571 603 708 606 704 -3312 8068 3392 -530 -1296 -1318 -83 -8 -16
1534195381.6499732 665 571 603 708 606 706 -1954 7290 2666 -183 -2525 1293 -86 -4 -15
1534195381.7143102 664 571 603 708 606 705 -2240 7374 2902 178 1370 -1454 -86 -4 -16
1534195381.7767973 665 571 603 708 606 705 -2504 7372 3156 831 -143 -633 -86 -4 -15
1534195381.8624148 664 571 604 708 606 705 -2632 7762 2582 -224 -863 -556 -86 -4 -14
1534195381.9320745 665 571 603 708 606 705 -2282 7176 2910 271 119 -306 -87 -3 -15
1534195381.9985564 664 571 603 708 605 705 -2508 7478 2890 394 50 199 -86 -3 -16
1534195382.0610788 665 571 603 708 606 706 -2388 7414 2872 -69 -153 -157 -85 -3 -18
1534195382.123529 664 571 603 708 606 705 -2460 7316 2936 218 64 38 -86 -5 -17
1534195382.2016325 664 571 603 708 605 705 -2366 7374 2960 220 11 -220 -86 -1 -14
1534195382.26412 665 571 603 708 605 704 -2428 7404 2944 92 47 241 -87 -1 -19
1534195382.3266058 664 571 603 708 606 706 -2460 7366 2960 303 344 -197 -85 -4 -16
1534195382.4052346 664 571 603 708 605 705 -2378 7322 2960 302 178 -2 -86 -3 -17
1534195382.4707377 664 571 603 708 606 705 -2402 7378 2892 204 122 1 -87 -2 -19
1534195382.530044 664 571 603 708 605 705 -2462 7424 2940 160 139 -69 -87 -3 -16
1534195382.5925057 664 571 603 708 605 705 -2444 7300 2872 475 240 170 -84 -3 -16
1534195382.6661744 664 571 603 708 605 705 -2508 7408 2878 282 214 70 -87 -2 -18
1534195382.7286606 664 571 603 708 605 706 -2430 7334 2900 219 241 4 -86 -1 -16
1534195382.8069644 664 571 603 708 605 705 -2454 7404 2876 374 175 154 -87 -2 -16
1534195382.8753319 664 571 603 708 605 705 -2418 7408 3004 387 30 -31 -86 -3 -16
1534195382.9313738 664 571 603 708 605 705 -2406 7348 2744 41 95 -48 -88 -4 -17
1534195382.9982464 664 571 603 708 605 704 -2368 7338 2922 391 197 46 -86 -2 -19
1534195383.076842 665 571 603 708 605 706 -2414 7400 2856 216 174 126 -86 -3 -17
1534195383.1458085 664 571 603 708 605 705 -2522 7466 2946 -45 -88 -100 -87 -3 -18
1534195383.2124355 664 571 603 708 605 705 -1854 6952 2428 -1152 -41 -819 -86 -3 -17
1534195383.2749176 664 571 603 708 605 705 -2928 7728 2858 545 1116 1951 -86 -2 -16
1534195383.353025 664 571 603 708 605 705 -1906 7076 3066 643 124 2681 -89 -2 -15
1534195383.4248343 663 571 603 708 605 705 -2816 7476 3416 734 692 -946 -84 -5 -16
1534195383.4981923 664 571 603 708 605 705 -2472 7226 3002 -244 -1396 -859 -86 -5 -15
1534195383.5621333 664 571 603 709 606 705 -1746 6796 2310 -3111 206 -1860 -85 -5 -14
1534195383.6429868 664 571 603 709 606 705 -2626 8684 2600 -1191 -334 -4618 -81 -5 -13
1534195383.7130961 664 571 604 710 607 705 -2290 6654 3248 1191 1519 -1989 -84 -1 -14
1534195383.7753837 664 571 604 709 607 705 -1802 7280 2538 -1211 628 -1148 -84 -3 -16
1534195383.8535304 664 571 603 709 606 704 -1752 7924 2416 943 -2342 1581 -83 0 -17
1534195383.9292297 664 570 603 709 606 705 -2860 6204 3866 3224 1156 1939 -86 -4 -18
1534195383.99817 664 571 603 708 606 705 -2478 8724 2152 -2821 -1152 -3567 -84 -2 -16
1534195384.060506 664 571 603 708 605 705 -2434 6752 3170 -2753 -399 -352 -85 0 -19
1534195384.142678 664 571 603 708 605 705 -1814 6154 3000 5595 775 940 -86 0 -18
1534195384.214307 664 571 603 708 605 706 -2962 8002 2832 -1188 422 -1652 -89 -3 -14
1534195384.2769465 663 571 603 708 605 705 -2438 6828 3384 -20 -760 -364 -87 1 -17
1534195384.3551056 664 571 603 708 605 705 -2526 7400 2894 1079 -477 -307 -86 -1 -17
1534195384.4155254 664 571 603 708 605 704 -2524 7280 2948 458 582 -262 -87 -3 -18
1534195384.48267 664 571 603 708 605 705 -2608 7318 2972 455 339 -27 -87 1 -17
1534195384.5607781 664 571 603 708 605 705 -2628 7160 3140 661 -161 -54 -88 -1 -21
1534195384.6251304 664 571 603 708 605 705 -2616 7358 2942 354 39 115 -88 0 -19
1534195384.6810262 664 571 603 708 605 705 -2548 7222 3076 216 367 -98 -89 1 -17
1534195384.7589986 664 571 603 708 605 705 -2664 7352 3022 212 55 105 -89 1 -17
1534195384.821484 664 571 603 708 605 705 -2580 7254 2998 438 302 80 -89 -1 -18
1534195384.895508 664 571 603 708 605 705 -2616 7308 3026 282 302 106 -87 -2 -20
1534195384.9602463 664 571 603 708 605 705 -2598 7240 2978 409 125 6 -89 0 -17
1534195385.0140631 665 571 603 708 605 705 -2602 7310 2942 134 327 172 -87 1 -20
1534195385.0921931 665 571 603 708 605 705 -2636 7200 2978 359 277 38 -89 0 -20
1534195385.1651173 664 571 603 708 605 705 -2586 7344 2964 291 292 183 -88 -1 -19
1534195385.22779 664 571 603 708 605 705 -2660 7270 2992 296 136 -21 -87 4 -19
1534195385.290089 664 571 603 708 605 705 -2588 7252 2972 350 147 84 -86 0 -21
1534195385.3525732 664 571 603 708 605 705 -2620 7296 2928 119 23 29 -88 -3 -20
1534195385.4279158 664 571 603 708 605 705 -2664 7290 3024 245 174 -44 -88 -2 -18
1534195385.48195 664 571 603 708 605 705 -2520 7334 2894 167 223 103 -88 -1 -20
1534195385.5600574 664 571 603 708 605 704 -2668 7264 3146 316 242 173 -89 -2 -17
1534195385.6311653 663 571 603 707 605 704 -2574 7348 2882 211 135 -98 -88 2 -18
1534195385.682132 664 571 603 708 605 705 -2594 7236 3142 322 240 74 -88 0 -18
1534195385.7602396 664 571 603 708 605 705 -2636 7336 2954 230 99 82 -88 1 -18
1534195385.8227236 664 571 603 708 605 705 -2600 7252 2924 135 127 -121 -87 0 -19
1534195385.895201 664 571 603 708 605 704 -2610 7324 2984 224 84 78 -85 1 -20
1534195385.961645 663 571 603 708 605 705 -2616 7334 2976 97 151 -40 -89 -3 -18
1534195386.0290244 664 570 603 708 605 704 -2612 7232 2992 293 -30 -17 -87 -2 -17
1534195386.0915117 664 571 602 708 605 705 -2590 7324 2968 156 209 107 -88 0 -19
1534195386.1654356 664 571 603 708 605 704 -2644 7338 2982 158 -22 -30 -88 -1 -17
1534195386.2297544 664 571 603 708 605 705 -2606 7318 2952 63 -52 -86 -88 1 -20
1534195386.292241 664 571 603 707 605 704 -2580 7264 2958 8 -236 -239 -89 1 -21
1534195386.3648167 664 571 603 708 605 705 -2646 7328 2940 53 -189 -2 -88 0 -17
1534195386.4317324 664 571 603 708 605 704 -2656 6726 2868 2338 2299 890 -88 0 -18
1534195386.5091763 664 571 602 708 605 705 -2810 7558 2730 489 92 180 -88 2 -20
1534195386.5640602 664 571 603 708 605 704 -2714 6860 3820 -3511 -2539 -6731 -88 1 -18
1534195386.6416929 664 571 603 708 605 705 -2060 6522 2656 -546 380 1222 -88 1 -20
1534195386.698377 664 571 602 708 606 704 -2180 6390 2794 1370 1414 338 -87 2 -20
1534195386.77649 664 571 603 709 606 705 -2672 6758 2778 1586 3041 -91 -85 3 -18
1534195386.8390398 664 571 603 709 606 704 -2442 6834 2434 424 -540 -319 -86 6 -22
1534195386.9162273 664 571 602 709 606 705 -2426 7070 2252 817 -1689 -1274 -85 6 -20
1534195386.994464 664 571 603 709 606 705 -2966 7860 3078 -3030 -1682 -1141 -86 5 -23
1534195387.0613196 663 571 603 708 605 705 -3452 7182 3712 -1837 -312 952 -86 7 -22
1534195387.1349401 663 571 602 708 605 704 -2774 6766 3598 496 -3743 2726 -85 5 -18
1534195387.1971898 664 571 603 708 605 704 -1722 6594 1870 2364 1706 -1322 -88 2 -18
1534195387.2599208 664 571 603 708 605 705 -3152 7576 3644 -692 1994 -57 -87 0 -19
1534195387.337781 664 571 603 708 605 705 -2692 7026 3276 -99 -973 17 -88 2 -19
1534195387.4088352 664 571 603 708 605 705 -2622 7242 2942 352 54 -252 -88 3 -18
1534195387.473593 664 571 603 708 605 704 -2842 7164 3178 400 289 7 -89 3 -16
1534195387.5306554 664 571 603 708 605 705 -2708 7196 3142 31 -170 -266 -88 4 -18
1534195387.608762 664 571 603 708 605 705 -2744 7164 3028 508 200 115 -90 3 -20
1534195387.6648433 664 571 603 708 605 705 -2826 7296 2940 36 99 -87 -89 3 -20
1534195387.7273476 664 571 603 708 605 705 -2698 7108 3110 290 268 59 -88 2 -20
1534195387.8056657 664 571 603 708 605 704 -2802 7242 3100 42 -96 141 -89 2 -19
1534195387.8741605 663 571 603 707 605 704 -2754 7160 3004 239 163 26 -88 4 -20
1534195387.9311867 664 571 603 707 605 705 -2768 7240 3050 781 442 488 -89 2 -20
1534195387.9979599 664 571 603 708 605 705 -2758 7206 3084 344 221 65 -89 3 -19
1534195388.0606925 663 571 603 708 605 705 -2762 7160 3028 181 90 -41 -88 2 -18
1534195388.1385725 664 571 603 707 605 705 -2756 7216 3130 356 259 148 -88 2 -19
1534195388.1985075 664 571 602 707 605 704 -2704 7188 3098 296 152 -53 -90 3 -19
1534195388.2610338 664 571 603 708 605 705 -2766 7156 3048 323 229 91 -89 3 -18
1534195388.3234804 664 571 603 707 605 705 -2744 7232 3072 366 171 69 -90 2 -19
1534195388.4014285 663 571 603 708 605 705 -2716 7180 3056 93 160 12 -90 2 -20
1534195388.4673254 663 571 602 708 605 705 -2702 7202 3090 337 145 40 -87 4 -19
1534195388.530619 664 571 603 708 605 705 -2746 7206 3052 256 140 40 -88 1 -20
1534195388.5931032 664 571 603 707 605 705 -2730 7194 3008 101 71 8 -89 4 -19
1534195388.6556776 664 571 603 708 605 705 -2744 7142 3102 315 235 66 -90 2 -20
1534195388.7180753 664 571 603 707 605 705 -2736 7288 3070 122 135 55 -89 4 -19
1534195388.7808213 663 570 603 707 605 705 -2754 7130 3104 183 26 -60 -88 1 -19
1534195388.858666 664 571 603 707 605 705 -2710 7206 3062 319 194 81 -89 6 -21
1534195388.9155962 663 571 603 707 605 705 -2728 7150 3058 289 192 124 -90 2 -21
1534195388.9823918 663 571 602 707 605 705 -2736 7168 3076 282 239 187 -92 3 -21
1534195389.0605416 663 570 603 707 605 705 -2340 6448 2672 1623 2149 349 -90 2 -19
1534195389.1365495 664 570 602 707 605 705 -3492 8018 3444 -1197 -449 -682 -89 2 -21
1534195389.1968331 663 571 603 708 605 704 -2920 7204 3260 1780 -1411 3686 -90 3 -20
1534195389.2749367 664 571 603 708 605 704 -2474 6610 2258 3677 215 1714 -90 2 -23
1534195389.337625 663 571 602 709 606 704 -2146 6502 2592 2830 2511 3041 -87 0 -25
1534195389.4136014 664 570 602 709 606 704 -2234 7682 1878 512 322 -59 -87 0 -25
1534195389.4820764 664 571 601 709 607 705 -2322 6716 2368 1093 886 151 -86 2 -26
1534195389.5459878 664 570 601 709 607 705 -2334 7628 2962 -2178 -2872 2262 -86 2 -23
1534195389.623584 663 570 602 709 607 703 -1952 7610 2064 -246 213 -836 -87 1 -22
1534195389.6812758 664 571 601 708 606 704 -2074 7308 1284 4417 8516 -3814 -86 -1 -25
1534195389.7593517 664 571 601 708 606 703 -5134 8490 4406 281 3393 5887 -88 3 -28
1534195389.8374598 664 571 601 707 605 704 -1682 6840 1224 -8987 -8483 -230 -86 8 -21
1534195389.909973 664 571 602 707 605 704 -2774 7066 2198 -1045 1120 -3219 -86 0 -20
1534195389.9782736 664 571 602 707 605 705 -2914 7640 3148 -22 -234 1122 -87 0 -19
1534195390.046456 664 571 602 708 605 705 -2504 7114 2786 -676 -728 -69 -86 2 -17
1534195390.1153626 664 571 602 708 605 704 -2688 7276 2938 521 570 -156 -87 1 -18
1534195390.1805599 664 571 602 707 605 705 -2800 7214 2980 -131 -375 -431 -86 0 -16
1534195390.251911 663 571 602 708 605 705 -2706 7288 2886 50 -382 -11 -87 -1 -17
1534195390.314447 664 572 602 707 605 705 -2724 7164 2902 373 203 39 -86 1 -17
1534195390.389764 664 571 603 708 605 704 -2762 7350 2978 163 -169 -214 -85 -1 -16
1534195390.456206 664 571 603 708 605 704 -2734 7272 2910 27 76 -103 -86 1 -16
1534195390.5151036 664 571 603 708 605 705 -2708 7240 3084 336 97 -22 -87 1 -17
1534195390.5932102 664 571 603 708 605 705 -2754 7256 2940 266 -327 64 -88 3 -16
1534195390.6557882 664 571 602 708 605 704 -2754 7256 2950 229 -13 -55 -87 3 -17
1534195390.722955 664 571 602 708 605 705 -2662 7234 3070 298 210 -33 -86 1 -16
1534195390.788779 664 571 602 707 605 705 -2758 7220 2908 280 92 115 -86 2 -19
1534195390.8546045 663 571 603 707 605 705 -2720 7270 2964 192 233 90 -86 2 -18
1534195390.9224222 664 571 602 708 605 705 -2728 7248 3002 305 223 -21 -89 2 -17
1534195390.9882567 663 571 603 707 605 705 -2768 7258 2956 337 174 48 -86 2 -17
1534195391.0540788 663 571 603 707 605 705 -2768 7222 3000 317 246 18 -88 1 -16
1534195391.1198947 664 571 603 707 605 705 -2722 7284 2922 243 285 38 -88 1 -17
1534195391.1877174 663 571 603 708 605 705 -2768 7268 2966 223 111 25 -86 2 -18
1534195391.2605202 663 571 603 707 605 705 -2732 7252 2954 114 254 -73 -86 0 -15
1534195391.3204012 663 571 603 707 605 705 -2782 7172 2994 242 236 138 -89 3 -16
1534195391.3881793 663 571 603 707 605 705 -2764 7340 3128 275 332 -110 -86 2 -17
1534195391.4540026 663 571 603 707 605 705 -2678 7120 2862 298 -5 187 -86 2 -17
1534195391.520826 664 571 603 707 605 705 -2762 7276 2908 109 415 45 -88 2 -18
1534195391.5867052 663 571 603 708 605 705 -2726 7260 3014 412 293 34 -87 1 -16
1534195391.6534688 664 571 603 707 605 704 -2778 7302 2984 277 -94 141 -86 3 -18
1534195391.719548 664 571 603 707 605 704 -2764 7230 2958 316 -63 28 -86 2 -18
1534195391.7857528 664 571 603 707 605 705 -2792 7240 2868 375 13 -13 -87 3 -16
1534195391.8525748 664 571 603 707 605 705 -2730 7196 2974 209 -65 104 -87 1 -16
1534195391.9231138 664 571 603 707 605 705 -2742 7264 2740 179 145 -100 -88 0 -15
1534195391.9766183 663 571 603 708 605 705 -2784 7202 2998 -160 230 -67 -88 1 -16
1534195392.0547347 664 571 603 707 605 704 -2782 7240 3158 254 -83 -82 -89 1 -17
1534195392.1193852 664 571 603 708 605 704 -2734 7314 2816 431 -21 62 -87 1 -17
1534195392.1832292 664 571 603 707 605 704 -2788 7244 2948 347 411 173 -88 3 -17
1534195392.2457178 664 571 603 708 605 704 -2770 7278 2972 -142 112 -54 -89 3 -17
1534195392.324264 664 571 603 707 604 704 -2750 7178 2894 450 487 112 -87 2 -15
1534195392.3909094 664 571 603 707 605 704 -2764 7294 3030 305 168 164 -88 2 -17
1534195392.4464426 664 571 602 707 604 705 -2758 7190 2950 326 38 119 -86 1 -16
