1534194902.1106932 681 582 618 728 628 722 -3304 -5790 4416 172 115 54 53 115 4
1534194902.175038 681 582 618 728 628 722 -3280 -5760 4370 215 114 43 52 115 4
1534194902.2382045 681 582 618 728 628 723 -3282 -5774 4502 161 127 59 52 116 5
1534194902.3006897 681 582 618 728 628 723 -3214 -5754 4420 288 56 53 54 116 4
1534194902.372932 681 582 618 728 628 723 -3314 -5740 4430 180 22 -52 52 117 5
1534194902.4320474 681 582 618 728 628 723 -3252 -5742 4420 229 185 42 53 115 3
1534194902.505399 681 582 618 728 628 723 -3286 -5784 4414 211 104 -2 53 114 6
1534194902.5664382 681 582 618 728 628 722 -3276 -5758 4388 233 103 59 53 116 4
1534194902.6289225 681 582 618 728 628 723 -3262 -5762 4462 157 192 96 55 115 4
1534194902.691408 681 582 618 728 628 722 -3302 -5742 4466 130 177 65 53 116 7
1534194902.8007584 681 582 618 728 628 722 -3314 -5724 4414 215 129 97 53 114 5
1534194902.8675637 681 582 618 729 628 722 -3258 -5760 4444 176 188 22 52 115 5
1534194902.9003968 680 582 618 728 628 722 -3286 -5704 4386 218 109 45 50 114 4
1534194902.9926817 681 582 618 728 628 722 -3282 -5766 4404 211 154 131 51 116 5
1534194903.0345697 680 582 618 728 628 722 -3294 -5764 4404 182 103 -31 53 117 5
1534194903.1019664 681 582 618 728 628 722 -3298 -5738 4464 240 78 -46 50 114 4
1534194903.1523569 681 582 618 728 628 723 -3274 -5748 4342 197 152 63 52 116 6
1534194903.230651 681 582 618 728 628 722 -3268 -5774 4472 198 189 -7 51 115 5
1534194903.2929437 680 582 618 728 628 722 -3308 -5702 4418 220 152 61 54 116 5
1534194903.36539 680 582 618 728 628 723 -3306 -5802 4406 179 227 94 55 115 6
1534194903.4312973 680 582 618 728 628 722 -3264 -5706 4430 248 133 -34 52 116 5
1534194903.498993 680 582 618 728 628 723 -3282 -5754 4398 233 235 150 52 116 5
1534194903.566565 681 582 618 728 628 722 -3294 -5768 4420 180 174 -31 52 117 4
1534194903.6189585 680 582 618 728 628 722 -3290 -5718 4396 269 64 10 51 116 4
1534194903.6970649 680 582 618 728 628 722 -3308 -5794 4376 221 140 89 53 116 4
1534194903.7622042 681 582 618 728 628 722 -3310 -5740 4430 197 197 -16 51 115 4
1534194903.8282344 681 582 618 728 628 722 -3296 -5712 4504 246 64 -38 51 115 6
1534194903.8967261 681 582 618 728 628 722 -3302 -5754 4494 147 260 117 54 117 4
1534194903.9634526 681 582 618 728 628 722 -3276 -5782 4422 236 112 50 53 115 5
1534194904.029716 681 582 618 728 627 722 -3300 -5722 4424 226 130 -12 54 117 3
1534194904.0965388 680 582 618 728 627 723 -3310 -5780 4414 255 126 24 55 114 4
1534194904.1502206 681 582 618 728 628 722 -3294 -5732 4392 256 57 -87 53 115 5
1534194904.2287128 681 582 618 728 628 722 -3278 -5710 4426 155 205 162 52 117 5
1534194904.2843618 680 582 618 728 628 722 -3326 -5770 4366 221 -3 59 51 116 5
1534194904.3605554 681 582 618 728 628 721 -3286 -5764 4404 150 169 16 55 115 4
1534194904.4160476 681 582 618 728 628 722 -3282 -5728 4422 229 136 66 54 116 5
1534194904.4933662 681 582 618 728 628 722 -3292 -5814 4478 182 170 113 54 117 4
1534194904.5506759 681 582 618 728 628 722 -3322 -5732 4352 289 -8 -89 53 117 5
1534194904.625991 681 582 618 727 627 722 -3288 -5728 4460 217 236 100 53 116 5
1534194904.6829576 681 582 618 728 628 722 -3308 -5786 4426 240 121 23 52 115 5
1534194904.7610657 681 582 618 728 628 722 -3284 -5704 4406 141 166 83 53 119 6
1534194904.8235502 680 582 618 728 628 722 -3356 -5768 4320 187 174 67 51 118 6
1534194904.8859732 680 582 618 728 628 722 -3256 -5766 4338 189 129 -4 54 115 6
1534194904.9545403 681 582 618 728 628 723 -3330 -5692 4418 187 131 23 51 118 4
1534194905.0182374 680 582 618 728 628 722 -3310 -5788 4438 297 108 66 53 116 5
1534194905.0890067 680 582 618 728 627 722 -3312 -5766 4450 197 130 -64 54 115 4
1534194905.1531794 680 582 618 728 628 722 -3282 -5730 4394 251 32 3 52 117 5
1534194905.2156644 680 582 618 728 628 723 -3296 -5762 4466 157 227 84 51 115 4
1534194905.2781494 681 582 618 728 627 722 -3274 -5696 4354 180 158 48 50 116 5
1534194905.3506312 681 582 618 728 628 722 -3346 -5800 4318 239 188 50 54 117 4
1534194905.4181578 681 582 617 728 627 722 -3264 -5734 4464 175 205 50 53 118 6
1534194905.4840088 681 582 617 727 627 722 -3434 -5748 4438 110 343 159 54 117 4
1534194905.5493498 681 582 618 727 628 723 -3296 -5730 4230 195 27 59 53 116 5
1534194905.6141868 681 582 618 727 627 722 -3290 -5806 4388 209 -83 0 53 117 3
1534194905.6676452 681 582 618 727 628 723 -3284 -5712 4436 152 119 21 52 116 4
1534194905.7301311 681 582 618 728 627 722 -3210 -5764 4388 186 -3 3 51 114 6
1534194905.8082395 681 582 618 728 628 723 -3258 -5718 4490 61 268 29 51 116 5
1534194905.8757534 681 582 618 728 627 722 -3334 -5786 4518 211 292 160 53 118 5
1534194905.9340525 681 582 618 728 628 722 -3316 -5790 4420 116 260 -7 50 118 5
1534194906.002961 681 582 618 728 628 722 -3242 -5736 4448 150 270 165 53 117 5
1534194906.0810697 680 582 618 728 628 722 -3250 -5784 4258 244 193 55 52 116 5
1534194906.1416025 681 582 618 728 628 722 -3334 -5760 4370 211 251 140 51 117 4
1534194906.1996381 681 582 618 728 628 722 -3366 -5830 4314 292 216 78 52 116 6
1534194906.2620847 681 582 617 728 628 722 -3350 -5736 4330 104 148 98 50 116 3
1534194906.3401995 680 582 618 728 628 722 -3368 -5760 4392 261 108 98 50 117 5
1534194906.402695 680 582 618 728 628 722 -3374 -5810 4380 154 199 112 52 116 3
1534194906.465163 680 582 618 728 628 722 -3398 -5768 4338 64 381 51 54 118 3
1534194906.5349925 680 582 617 728 628 723 -3348 -5744 4240 514 -280 -185 50 118 3
1534194906.606475 681 582 617 728 628 722 -3284 -5790 4494 61 268 102 52 116 3
1534194906.6677787 680 582 618 728 627 722 -3416 -5740 4306 185 128 146 52 116 4
1534194906.7302654 681 582 618 728 628 722 -3366 -5790 4430 50 305 139 52 117 4
1534194906.7927506 680 582 617 728 628 722 -3394 -5732 4308 179 155 76 53 118 5
1534194906.8729053 680 582 617 728 628 722 -3360 -5752 4330 138 237 162 52 119 3
1534194906.933006 680 582 618 728 628 723 -3438 -5756 4254 193 199 96 52 119 5
1534194907.0043924 680 582 617 728 627 722 -3340 -5712 4362 99 142 30 52 116 3
1534194907.0658166 680 581 618 728 627 722 -3388 -5760 4186 137 143 229 52 118 2
1534194907.12834 681 582 618 727 628 722 -3452 -5802 4364 88 212 130 52 117 5
1534194907.190793 681 582 618 728 627 722 -3398 -5726 4362 76 119 77 53 115 3
1534194907.2688951 680 582 617 728 627 722 -3422 -5830 4362 166 128 258 51 117 3
1534194907.3358796 680 582 618 728 628 722 -3402 -5676 4278 118 435 315 52 118 2
1534194907.4014645 681 582 618 728 628 722 -3402 -5852 4324 -354 488 632 52 117 4
1534194907.4639502 681 582 618 728 628 722 -3548 -5626 4174 -379 561 899 51 119 3
1534194907.5352046 680 582 618 728 627 722 -3572 -5778 4260 29 129 41 51 119 2
1534194907.6072092 680 582 618 727 627 722 -3510 -5848 4352 -704 603 1156 51 118 -1
1534194907.6678607 681 582 617 728 628 721 -3576 -5590 4176 -1347 1427 1811 52 119 1
1534194907.7459671 680 582 617 728 628 722 -4000 -5804 3760 -845 945 1022 51 121 1
1534194907.8084512 680 582 617 728 627 721 -4036 -5710 3760 94 309 167 49 122 0
1534194907.8831086 680 582 617 728 627 722 -3804 -5896 4074 -224 380 448 48 121 -1
1534194907.9530618 681 581 617 728 627 722 -3886 -5990 3994 -1782 1195 2273 49 121 -3
1534194908.0196047 681 581 617 727 627 722 -4226 -5618 3562 -1472 2005 2054 49 123 -4
1534194908.1043496 680 581 618 728 628 722 -4288 -5792 3448 -1004 1225 973 45 126 -5
1534194908.165733 681 581 617 728 627 721 -4444 -5666 3448 -1116 1562 1964 45 127 -8
1534194908.2283497 681 582 617 728 627 722 -4634 -5620 3022 -474 1433 703 43 127 -8
1534194908.3063178 681 582 618 728 628 721 -4710 -5738 3176 554 46 -691 46 129 -8
1534194908.369319 681 582 617 728 628 721 -4516 -5740 3198 577 75 -519 43 128 -9
1534194908.431805 680 582 617 728 628 721 -4480 -5744 3260 308 247 -72 42 128 -10
1534194908.5025053 681 581 617 728 627 722 -4446 -5670 3200 359 21 -630 43 130 -11
1534194908.5863552 680 582 618 727 628 722 -4324 -5674 3204 -591 83 -1725 45 130 -11
1534194908.649714 681 581 617 727 627 722 -4390 -5844 3088 -1941 2026 -670 47 126 -10
1534194908.7278185 681 581 618 727 627 722 -4560 -6432 3244 -588 1174 -3011 49 129 -12
1534194908.8059266 680 581 617 727 628 722 -3806 -5972 3582 33 3170 6502 51 127 -14
1534194908.8690083 680 580 617 727 627 722 -4090 -6752 2018 9409 -906 -7642 49 128 -16
1534194908.947976 680 579 617 727 627 722 -4064 -7436 3128 1229 -478 -4094 49 125 -14
1534194909.0178602 679 577 617 727 626 720 -4154 -6842 2954 1297 -591 -706 53 126 -15
1534194909.0941813 679 577 617 727 627 721 -5440 -6590 3128 1649 263 1172 54 125 -13
1534194909.165419 680 580 617 728 627 722 -3076 -5580 3164 1186 3256 6929 51 125 -15
1534194909.2276888 680 581 617 727 627 722 -4244 -5296 3156 905 1747 4207 50 124 -12
1534194909.3057978 681 581 618 728 627 722 -4628 -5592 2708 1140 -1984 -3295 45 129 -11
1534194909.3853085 681 582 618 727 628 723 -4168 -6046 3274 1020 -1118 -3301 45 127 -13
1534194909.4523573 681 582 618 728 628 722 -3834 -6100 3630 -92 332 -31 48 124 -10
1534194909.534717 681 582 617 727 628 722 -4202 -5878 3244 -358 900 842 51 124 -9
1534194909.595931 681 582 618 728 628 721 -4476 -5942 3218 -125 1043 1103 51 122 -8
1534194909.6519382 681 582 617 727 628 722 -4322 -5672 3252 108 838 132 49 125 -12
1534194909.730044 681 582 617 728 628 723 -4360 -5956 3128 -141 165 70 49 126 -11
1534194909.7925282 680 582 617 728 628 722 -4250 -5948 3156 203 528 74 51 127 -11
1534194909.8722558 680 582 617 727 628 722 -4412 -5852 3168 -171 572 267 48 126 -14
1534194909.9341128 681 582 617 728 628 722 -4334 -5896 3100 202 144 31 49 128 -13
1534194910.0083163 681 582 617 728 628 722 -4352 -5990 3148 138 277 96 48 127 -11
1534194910.066294 680 582 617 727 628 722 -4340 -5888 3062 187 34 -7 49 127 -13
1534194910.1365042 681 582 618 728 628 722 -4318 -5904 3130 208 126 68 47 126 -14
1534194910.199007 681 582 617 727 627 722 -4300 -5962 3068 84 142 76 49 129 -11
1534194910.2770972 681 582 617 727 627 722 -4396 -5926 3164 210 103 -40 50 127 -14
1534194910.348654 681 582 617 728 628 722 -4288 -5884 3126 188 309 131 49 126 -13
1534194910.4183466 681 582 617 727 627 722 -4412 -5948 3090 129 345 216 49 126 -14
1534194910.487496 681 582 617 727 628 722 -4362 -5900 3086 164 290 114 48 127 -14
1534194910.5510607 681 582 617 727 627 721 -4376 -5920 3084 241 230 38 49 128 -14
1534194910.6226377 681 582 617 727 627 721 -4382 -5914 3088 256 92 -99 48 127 -14
1534194910.683952 681 582 617 728 628 722 -4352 -5902 3040 161 335 115 47 127 -15
1534194910.7464063 680 582 617 727 628 722 -4386 -5904 3044 210 185 9 49 125 -13
1534194910.8245125 681 582 617 727 628 722 -4342 -5948 3036 268 133 20 48 127 -17
1534194910.8869128 681 582 617 728 627 721 -4368 -5912 3044 148 246 93 49 125 -16
1534194910.9493895 680 582 617 727 627 721 -4430 -5892 2988 73 236 94 47 129 -15
1534194911.018591 680 582 617 727 628 721 -4420 -5940 2954 234 184 28 51 128 -15
1534194911.0966985 680 582 617 727 627 722 -4416 -5926 3044 165 185 -52 47 126 -14
1534194911.1591828 681 582 617 727 627 721 -4376 -5914 2996 145 271 159 48 126 -14
1534194911.2374105 680 582 617 728 628 721 -4426 -5932 3062 166 81 -32 48 124 -14
1534194911.2997763 680 582 617 727 627 722 -4358 -5908 3020 160 171 41 48 129 -12
1534194911.3697815 680 582 617 728 627 722 -4430 -5874 3056 115 141 30 48 128 -14
1534194911.4325228 681 582 617 727 628 722 -4414 -5918 3030 185 157 80 51 129 -16
1534194911.5098846 681 582 617 727 627 722 -4426 -5962 3024 197 122 20 49 128 -16
1534194911.5671608 681 582 617 728 628 722 -4340 -5908 3014 199 84 -23 49 127 -16
1534194911.6296465 681 582 617 728 628 722 -4440 -5882 3086 -1 159 56 49 126 -16
1534194911.7079363 681 582 617 727 628 722 -4458 -5938 2946 128 326 78 48 128 -14
1534194911.770237 680 582 617 727 628 722 -4446 -5914 3032 193 450 166 47 128 -16
1534194911.851082 681 582 617 727 627 722 -4452 -5980 2868 229 248 104 48 127 -15
1534194911.9175012 680 581 617 727 628 722 -4452 -5970 3030 323 136 -33 50 128 -16
1534194911.9908485 680 581 617 727 627 722 -4234 -5732 3312 364 175 -1104 48 126 -16
1534194912.0578249 681 582 618 728 628 722 -4148 -6408 3072 843 -1551 1649 49 126 -15
1534194912.1329415 680 581 617 727 627 722 -4932 -4838 1556 392 158 1340 50 127 -17
1534194912.1980724 680 580 617 727 627 721 -4124 -4998 2848 -1904 -1539 -2289 46 128 -18
1534194912.2761776 680 578 617 727 627 720 -5684 -5294 1756 1323 -619 10 47 129 -17
1534194912.353653 679 577 616 727 627 721 -5924 -5338 1916 -1069 -737 -2340 47 128 -19
1534194912.4183037 679 577 616 727 627 720 -4624 -6356 3366 -2195 5226 5210 47 129 -20
1534194912.4997334 680 578 617 727 627 721 -5284 -5114 1950 -1292 -1897 913 42 130 -22
1534194912.5649078 680 580 617 727 627 721 -5176 -5854 2348 -2 -411 1122 42 131 -25
1534194912.6366122 680 581 617 728 628 721 -4752 -4560 2062 -793 228 919 42 131 -24
1534194912.6991193 680 581 617 728 628 722 -5490 -5722 1952 707 -657 -3763 39 134 -25
1534194912.777457 680 582 617 727 627 721 -4808 -5930 2732 1627 -1123 -1684 40 131 -22
1534194912.855445 680 582 617 727 627 721 -4826 -5896 2686 130 203 16 43 132 -23
1534194912.9181266 680 581 617 727 627 722 -4978 -5696 2364 273 239 -22 43 130 -22
1534194912.9995525 681 581 617 728 628 722 -4804 -5802 2710 230 13 -161 44 132 -23
1534194913.0465777 681 581 617 727 627 722 -4862 -5744 2608 49 279 200 44 129 -22
1534194913.1188276 680 582 617 728 627 722 -4878 -5782 2498 257 308 -14 43 130 -21
1534194913.1969342 680 582 617 728 627 721 -4830 -5784 2554 291 161 10 45 129 -22
1534194913.2596362 680 582 617 728 627 722 -4856 -5814 2612 278 120 -25 43 132 -21
1534194913.3363626 680 582 617 727 628 722 -4856 -5770 2592 229 195 67 45 130 -22
1534194913.4010396 680 582 617 728 627 722 -4916 -5794 2576 184 208 60 43 133 -22
1534194913.4724667 680 582 617 727 627 722 -4940 -5766 2526 251 154 -9 45 130 -20
1534194913.5339744 680 581 617 727 627 721 -4844 -5796 2602 212 279 17 44 130 -24
1534194913.6089149 680 582 617 728 628 722 -4914 -5798 2546 119 261 126 45 130 -22
1534194913.681566 681 582 617 727 627 722 -4886 -5816 2586 247 163 -7 44 132 -21
1534194913.74405 681 582 617 727 627 721 -4906 -5878 2476 135 258 139 44 130 -23
1534194913.8065383 680 582 617 727 627 721 -4876 -5768 2502 231 163 -22 43 132 -22
1534194913.8843281 680 581 617 728 628 722 -4818 -5770 2564 107 152 45 42 132 -21
1534194913.9484944 680 582 617 727 627 722 -4896 -5762 2468 216 3 42 43 130 -22
1534194914.0182762 680 582 617 727 627 722 -4946 -5830 2672 143 197 84 43 130 -23
1534194914.0882504 680 582 617 727 627 721 -4876 -5804 2666 -323 460 674 42 130 -22
1534194914.150655 680 581 617 727 627 722 -4946 -5684 2310 -324 712 733 43 131 -25
1534194914.2287598 681 582 617 728 628 721 -5024 -5852 2374 344 196 -330 45 130 -21
1534194914.2914844 681 582 617 727 627 722 -4976 -5746 2426 124 278 118 44 132 -24
1534194914.3795955 680 581 617 727 627 721 -4750 -5674 2264 448 -1226 -1934 41 130 -23
1534194914.4325569 680 581 617 727 627 721 -4978 -6828 2236 159 880 873 42 131 -22
1534194914.5129838 680 581 617 727 627 722 -4866 -5676 2146 -1719 3831 3480 45 131 -22
1534194914.5856056 680 579 617 726 627 721 -6540 -5092 1410 261 329 -1412 42 132 -26
1534194914.6523037 680 577 617 727 627 721 -6034 -5302 1664 -1912 -4781 -5242 41 131 -25
1534194914.7304106 679 574 616 727 626 720 -6756 -5254 1448 -3652 1498 4043 42 132 -26
1534194914.7930098 679 575 616 727 626 721 -4936 -5956 2388 696 496 380 37 133 -30
1534194914.869001 679 577 616 726 626 720 -5696 -4958 1656 2562 -5728 -3813 37 132 -30
1534194914.9476082 680 580 617 726 627 720 -4444 -6094 3880 -311 2479 6664 40 131 -26
1534194915.0193193 680 581 617 727 627 721 -5272 -4328 2260 1231 -3968 -2303 39 132 -22
1534194915.0973623 681 581 617 728 627 722 -4620 -5576 3004 655 930 -23 38 130 -23
1534194915.151985 680 581 617 727 627 720 -4570 -5676 3382 -147 744 -596 41 127 -17
1534194915.2300928 680 581 617 727 627 721 -5178 -5638 2648 -388 1068 913 42 129 -18
1534194915.2925775 681 581 617 727 627 721 -5066 -5598 2764 489 -430 -530 40 129 -19
1534194915.3688293 680 581 617 727 627 721 -4836 -5652 2992 174 -71 -246 42 129 -17
1534194915.4469717 681 581 617 727 627 722 -4872 -5576 2870 -158 708 298 41 131 -18
1534194915.5023794 680 582 617 727 627 722 -4950 -5614 2862 182 98 -93 41 130 -17
1534194915.5828245 680 581 617 727 627 722 -4882 -5706 2908 -9 510 105 43 130 -19
1534194915.649483 680 582 617 727 627 722 -4872 -5566 2846 -19 403 195 41 132 -20
1534194915.7121594 680 581 617 727 627 721 -5032 -5606 2780 -237 675 372 41 131 -19
1534194915.790074 680 581 617 727 627 721 -4960 -5744 2766 -48 559 122 41 131 -18
1534194915.8613915 680 582 617 727 627 722 -4954 -5656 2676 -356 602 333 41 131 -20
1534194915.931999 681 582 617 727 627 721 -4964 -5640 2566 -875 1085 431 41 131 -19
1534194916.0027134 680 582 617 727 627 721 -4968 -5620 2616 -1273 404 58 40 131 -23
1534194916.0713823 680 581 617 727 628 721 -5102 -5678 2594 -495 -40 9 42 134 -22
1534194916.1359308 680 582 617 727 627 721 -5052 -5764 2376 3 -98 60 42 131 -22
1534194916.1984174 679 581 617 727 627 722 -5050 -5612 2592 65 324 193 41 131 -22
1534194916.2610855 680 581 617 727 627 721 -5028 -5706 2484 244 11 -167 44 134 -20
1534194916.3417246 680 582 617 727 627 721 -5034 -5658 2460 31 393 19 43 132 -22
1534194916.4004078 680 582 617 727 627 722 -5026 -5694 2390 240 308 123 43 133 -23
1534194916.4891527 680 582 617 728 627 721 -5272 -5412 2086 754 -492 -789 41 133 -21
1534194916.549977 680 582 617 727 627 721 -4932 -6284 2698 1364 251 -1372 43 132 -23
1534194916.6271336 680 581 617 727 627 721 -4556 -6196 2768 3818 1966 -3117 44 130 -23
1534194916.6978245 680 580 617 727 627 722 -4804 -6058 3060 807 -389 -2465 44 129 -22
1534194916.7602928 680 579 617 727 627 721 -4616 -6808 2650 226 773 -2083 46 128 -22
1534194916.8445039 679 577 616 726 626 720 -3794 -6788 2694 -33 -3450 -6579 51 128 -21
1534194916.9166524 678 574 616 727 625 720 -4518 -7360 2428 2464 -2797 -4175 52 124 -23
1534194916.9917912 678 573 615 726 625 720 -4378 -8104 3390 -1515 5757 3912 55 122 -19
1534194917.0583057 677 574 616 726 625 720 -2160 -3506 3512 4563 -6061 -3446 56 123 -22
1534194917.1408157 679 577 616 726 626 720 -5814 -7308 2458 2451 -2813 -2442 58 121 -19
1534194917.2154803 679 580 617 727 627 721 -3062 -5334 4126 -3596 2786 7190 56 118 -17
1534194917.2781088 680 581 617 727 627 721 -4490 -5588 2328 -1405 698 -136 52 121 -15
1534194917.3597271 681 581 617 727 627 721 -4244 -6008 3282 193 -1810 -1541 51 125 -17
1534194917.4184134 680 581 617 727 627 722 -3892 -5884 3492 20 -110 345 53 124 -15
1534194917.4993808 680 581 617 727 627 721 -4208 -5954 3044 -495 -167 256 54 121 -17
1534194917.5664876 680 581 617 727 627 721 -4130 -6002 3290 83 315 169 52 125 -15
1534194917.6349082 680 582 617 727 627 722 -4230 -6000 3160 124 437 438 51 122 -15
1534194917.6973934 680 581 617 727 627 721 -4158 -6028 3206 121 582 388 50 124 -15
1534194917.7608187 680 581 616 727 627 721 -4184 -5976 3128 300 414 207 51 125 -15
1534194917.8451986 680 582 617 727 627 722 -4300 -6050 3060 -78 375 526 52 125 -17
1534194917.9026442 680 582 616 727 627 722 -4176 -6000 3222 -16 216 71 52 127 -16
1534194917.9803894 680 582 617 727 627 721 -4334 -5962 3128 153 201 91 52 125 -18
1534194918.03509 680 582 616 727 628 721 -4276 -5974 3154 338 333 10 51 126 -15
1534194918.1167386 680 581 617 727 627 721 -4254 -6050 3130 156 187 73 51 127 -15
1534194918.1827338 680 582 617 727 627 720 -4364 -5960 2972 189 112 17 51 125 -17
1534194918.245219 680 582 616 727 628 722 -4334 -5998 3216 138 260 139 52 126 -18
1534194918.3077037 680 581 617 727 627 722 -4300 -5956 3000 52 350 189 50 126 -16
1534194918.3907847 680 582 617 727 627 722 -4300 -5910 3004 -135 71 138 51 125 -17
1534194918.4489758 681 582 617 727 628 721 -4308 -5954 2972 161 22 121 52 126 -16
1534194918.5194175 680 582 617 727 627 721 -4366 -6016 3096 239 135 42 52 127 -17
1534194918.5968692 680 582 617 727 627 722 -4312 -6022 3030 285 202 -82 51 125 -16
1534194918.668466 680 582 617 727 627 720 -3910 -5758 2498 -224 -523 -2026 50 125 -17
1534194918.731106 680 582 617 727 627 720 -4174 -6420 3264 -47 2462 -71 51 127 -16
1534194918.7935698 680 581 617 727 627 721 -4630 -5700 2994 878 7 1414 54 123 -17
1534194918.8782418 680 581 616 727 627 720 -4238 -6152 3520 1323 758 773 50 126 -18
1534194918.9482224 680 579 616 727 627 721 -3692 -6142 3150 -1233 2751 932 50 125 -19
1534194919.018344 679 578 616 726 626 721 -4520 -6456 2322 -467 1267 538 52 127 -18
1534194919.095219 679 577 616 726 626 720 -3984 -7934 3008 2796 1110 -2569 51 122 -20
1534194919.1520174 678 576 615 727 626 720 -3892 -6980 3186 907 -347 -717 55 122 -20
1534194919.2302928 678 576 615 726 626 720 -4042 -7128 3590 -249 -844 -951 55 125 -20
1534194919.3082309 679 577 616 726 626 720 -4378 -5686 3052 -489 -1220 251 53 124 -23
1534194919.3812587 679 578 616 726 627 720 -3876 -7008 3256 847 -2867 -4 52 126 -19
1534194919.4482496 680 580 616 727 626 721 -4186 -6074 3262 -39 -54 4977 55 121 -18
1534194919.5190704 680 581 617 727 627 721 -4128 -5280 2440 1102 -1167 -2151 53 124 -16
1534194919.600069 680 581 617 727 627 721 -3844 -6334 3700 1873 -1657 -2263 51 125 -16
1534194919.6675138 680 581 616 727 627 721 -3632 -6092 3476 168 367 93 53 123 -12
1534194919.7300007 680 581 616 727 627 720 -4040 -6062 3154 91 564 486 54 123 -12
1534194919.7924862 680 581 617 727 627 721 -3992 -6200 3356 -197 421 302 54 123 -12
1534194919.8762739 680 581 616 727 627 721 -4038 -6038 3218 176 497 214 54 124 -14
1534194919.9335494 680 581 617 727 627 720 -4120 -6066 3108 392 134 74 54 123 -10
1534194920.0027251 680 581 617 727 627 722 -3908 -6028 3252 1068 -855 -926 53 123 -12
1534194920.0868957 680 581 617 727 627 721 -4142 -6016 3442 816 -103 -298 55 123 -14
1534194920.1517987 681 582 617 727 627 721 -3590 -6296 3424 -185 1045 436 53 123 -12
1534194920.2142854 680 582 617 727 627 721 -4166 -6100 3014 -325 487 890 53 121 -14
1534194920.2923903 680 581 617 727 627 720 -3916 -5978 3122 140 -6 362 54 124 -12
1534194920.361092 680 582 616 727 627 721 -4166 -6062 3284 486 0 9 54 124 -16
1534194920.418758 680 581 617 727 627 720 -3772 -6076 3042 284 -31 25 53 126 -13
1534194920.4986818 680 581 616 727 627 722 -4082 -6158 3326 243 225 341 52 124 -12
1534194920.566711 680 582 616 727 627 721 -4280 -5980 3582 -848 -89 958 53 123 -15
1534194920.6349423 680 582 616 727 627 722 -4070 -5922 3166 -428 632 185 50 124 -13
1534194920.6974268 680 581 616 727 627 721 -4106 -5902 3140 109 596 498 51 124 -11
1534194920.7756884 680 581 617 727 627 722 -4066 -6086 2998 452 262 -225 52 124 -14
1534194920.847405 680 581 617 727 627 721 -4016 -5888 3142 120 -1 -351 51 122 -15
1534194920.9180312 680 581 616 727 627 721 -3600 -6508 4122 -193 817 -1230 51 126 -15
1534194920.9921985 679 581 617 727 627 721 -3504 -5340 3466 -881 2600 2435 55 123 -13
1534194921.050431 680 579 616 727 627 721 -3504 -6806 3738 -2013 1266 484 52 124 -13
1534194921.1355722 679 577 615 726 626 720 -3516 -7684 2362 -656 1010 1772 52 124 -17
1534194921.1980588 678 576 616 726 626 721 -5196 -5458 2550 4614 3928 261 52 125 -19
1534194921.276363 678 576 615 726 626 720 -3828 -7172 4338 233 4303 768 51 127 -22
1534194921.351028 679 576 615 726 626 720 -3832 -5868 2460 -328 -398 191 49 124 -20
1534194921.4169388 679 578 615 726 626 720 -3654 -6432 3670 520 995 2462 50 128 -23
1534194921.4928772 679 580 616 727 626 721 -5284 -6002 1922 3126 -6151 1596 52 127 -20
1534194921.5649867 680 581 616 727 627 720 -3310 -3848 2708 472 -3404 -2922 51 126 -17
1534194921.6346664 680 581 616 727 627 720 -4346 -6486 3740 1667 -2701 -1959 46 128 -13
1534194921.712658 680 581 616 727 627 720 -4212 -6872 3818 4348 -3900 1193 51 122 -10
1534194921.775702 680 581 617 727 627 721 -3624 -4824 3942 -2858 -150 3144 51 121 -7
1534194921.8569806 680 581 616 726 627 721 -4100 -5842 3908 -95 1045 -732 47 122 -4
1534194921.9174519 680 581 616 727 627 721 -3986 -5816 3990 -479 1392 319 47 123 -5
1534194921.9968462 680 581 616 727 627 721 -4196 -5764 3482 -560 1409 624 49 123 -5
1534194922.0649729 680 581 617 727 627 721 -4268 -5700 3590 126 651 414 48 125 -6
1534194922.1363912 680 581 616 727 627 721 -4280 -5818 3692 716 -401 129 47 124 -8
1534194922.198878 680 581 616 727 627 720 -4044 -5576 3604 259 145 138 48 125 -7
1534194922.2613633 680 581 616 727 627 720 -4260 -5660 3482 -18 390 202 47 124 -6
1534194922.3366146 680 581 617 727 627 721 -4174 -5662 3654 54 224 -1 47 126 -6
1534194922.4002018 680 581 616 727 627 721 -4242 -5710 3522 71 -88 -154 46 123 -6
1534194922.4713774 680 581 616 727 627 721 -4158 -5752 3604 112 105 21 48 122 -7
1534194922.533726 680 581 617 727 627 721 -4202 -5740 3672 -27 33 -2 49 123 -6
1534194922.606354 680 581 616 727 627 721 -4336 -5804 3642 -327 860 208 47 123 -7
1534194922.6657448 680 581 616 727 627 721 -4444 -5768 3302 -299 468 488 46 124 -10
1534194922.7437208 680 581 616 727 627 721 -4376 -5776 3434 192 348 -166 48 126 -10
1534194922.807136 680 581 616 727 627 721 -4230 -5770 3578 71 638 77 47 125 -8
1534194922.869624 680 581 616 727 627 721 -4430 -5868 3266 409 518 287 48 125 -11
1534194922.9477613 680 581 616 727 627 721 -3628 -5248 3518 -402 -664 -1725 46 123 -11
1534194923.0180318 680 581 617 727 627 720 -4218 -6298 2934 -289 -1019 -1381 46 125 -10
1534194923.0984516 680 581 616 727 627 721 -4396 -6158 3122 152 96 4032 51 122 -11
1534194923.166664 680 580 616 726 626 721 -5126 -7102 3406 -1188 3715 458 48 125 -12
1534194923.244955 679 578 615 726 626 720 -4472 -5544 2906 1598 -1519 -1465 47 126 -14
1534194923.307256 678 576 615 726 626 720 -3758 -6744 3690 -2287 1461 2374 50 126 -13
1534194923.38993 678 576 615 725 625 720 -3690 -4944 1884 445 -465 2924 47 125 -13
1534194923.4494483 678 575 615 725 625 719 -6410 -6372 1834 2734 866 1354 49 124 -10
1534194923.5342436 678 576 615 726 625 720 -2958 -6688 4852 -420 2258 2242 47 126 -13
1534194923.6065123 679 578 616 726 626 720 -4638 -5790 2894 -1316 -2778 122 46 127 -13
1534194923.665849 679 580 616 727 627 721 -4560 -5882 4148 528 2646 5372 44 127 -12
1534194923.744153 680 581 616 727 627 721 -4068 -5146 2808 1661 -2293 -5280 43 126 -12
1534194923.8228323 680 581 616 727 627 721 -4440 -6160 3490 1596 -139 -2472 41 126 -9
1534194923.8957617 680 581 617 727 627 720 -3888 -5876 3798 1358 251 -1170 48 123 -8
1534194923.9656343 680 581 616 726 627 721 -3928 -5796 3646 -206 334 263 47 123 -7
1534194924.0191514 680 581 616 727 627 721 -4140 -5964 3332 154 457 102 49 124 -4
1534194924.1035197 680 581 616 727 627 720 -4062 -5888 3534 270 -106 -155 51 123 -4
1534194924.1676736 680 581 616 727 627 721 -4042 -5834 3410 -60 187 33 51 123 -5
1534194924.230157 679 581 617 727 627 720 -4052 -5900 3468 -14 20 -37 51 121 -8
1534194924.292646 680 581 616 726 627 720 -4190 -5876 3472 296 -378 -326 50 124 -7
1534194924.3733144 680 581 616 727 627 721 -4132 -6006 3616 238 -34 6 50 123 -7
1534194924.4337554 680 581 616 727 627 721 -4020 -5926 3602 66 265 265 50 123 -7
1534194924.5021417 680 581 616 727 627 720 -4062 -5890 3418 82 322 72 49 122 -7
1534194924.5646265 680 581 616 727 627 721 -4150 -5976 3442 205 497 -4 49 122 -8
1534194924.6417105 680 581 617 727 627 721 -4082 -5808 3522 142 645 316 49 123 -8
1534194924.6997833 680 581 616 727 627 720 -4136 -5888 3474 41 630 249 48 123 -8
1534194924.7621675 680 581 616 727 627 720 -4090 -5866 3320 -89 616 245 48 123 -6
1534194924.842285 679 581 616 726 627 721 -4074 -5824 3364 -1 477 191 49 125 -8
1534194924.9026625 680 581 616 726 627 721 -4148 -5872 3264 -177 266 101 50 125 -9
1534194924.986651 680 581 616 727 627 720 -3962 -6058 3630 -1875 2252 -162 49 124 -10
1534194925.0489268 680 581 616 727 627 721 -2280 -7044 1992 -2942 -3392 -657 49 124 -11
1534194925.1190946 680 581 617 727 627 721 -4400 -6160 2728 -727 1546 344 50 126 -12
1534194925.2021105 679 581 616 727 627 721 -4150 -4382 3096 -2209 -507 -1761 52 124 -13
1534194925.2646854 679 579 616 726 626 720 -4544 -6574 3144 -1401 2581 4168 49 124 -12
1534194925.3535526 679 577 615 726 626 720 -4480 -5568 2740 996 -1161 -1772 51 126 -14
1534194925.4156349 678 576 615 726 625 720 -3930 -6828 2718 -156 -380 695 49 126 -18
1534194925.496059 678 575 615 726 625 720 -4426 -5734 2288 1218 -177 -558 49 125 -13
1534194925.5692003 678 577 616 726 626 720 -5172 -5766 2156 -188 -2128 -590 50 125 -16
1534194925.635911 679 579 616 727 626 720 -3484 -6216 2242 2044 -5387 3 48 126 -15
1534194925.698397 679 581 616 727 626 720 -4318 -5048 2728 3636 891 3122 52 123 -11
1534194925.776505 679 581 616 726 627 721 -4722 -6020 2616 2237 200 -4070 46 124 -10
1534194925.852536 680 581 616 727 627 721 -4142 -5978 3452 684 226 -710 46 124 -8
1534194925.9168968 680 581 616 726 627 720 -3828 -5988 3458 514 2275 -869 51 125 -10
1534194925.9923403 680 581 616 726 627 721 -4484 -6154 2754 -75 504 369 50 125 -11
1534194926.0601957 680 581 616 727 627 720 -4290 -6042 3096 456 -712 -420 50 124 -13
1534194926.133198 680 581 616 726 627 720 -4028 -5948 3160 190 310 -85 53 124 -11
1534194926.1991258 680 581 616 726 627 721 -4256 -5970 3104 215 226 191 50 124 -10
1534194926.261829 680 581 616 727 627 720 -4252 -6146 3086 175 231 71 50 124 -12
1534194926.3441079 680 581 616 726 627 720 -4188 -5988 3148 436 390 97 51 124 -10
1534194926.4017396 680 581 616 727 627 721 -4232 -6000 3034 144 140 47 51 124 -11
1534194926.4747314 679 581 616 727 627 720 -4206 -6048 3142 297 233 37 50 125 -10
1534194926.5336053 680 581 616 727 627 721 -4178 -5978 3108 169 163 -75 50 124 -12
1534194926.6022942 680 581 616 726 627 721 -4188 -5948 3228 254 332 127 50 123 -11
1534194926.6804004 680 581 616 726 627 720 -4246 -5990 3028 140 143 69 51 125 -10
1534194926.7429008 680 581 616 726 627 720 -4218 -6016 3092 325 200 26 49 124 -13
1534194926.805372 680 581 616 727 627 721 -4172 -5976 3088 139 301 177 49 124 -11
1534194926.886506 680 581 616 726 627 721 -4230 -5976 3076 218 190 92 48 126 -10
1534194926.9490323 680 581 616 726 627 720 -4194 -6050 3116 232 150 -18 51 125 -10
1534194927.0257223 680 581 616 727 627 721 -4268 -5968 3028 241 210 18 50 125 -11
1534194927.0826569 680 581 616 727 627 720 -4206 -6018 3094 191 315 54 52 126 -11
1534194927.1453438 680 581 616 726 627 721 -4246 -6026 3150 268 223 14 50 125 -11
1534194927.2234814 680 581 616 727 627 720 -4226 -5990 2996 308 813 34 49 126 -11
1534194927.285734 680 581 616 726 627 721 -4256 -5904 2982 254 182 42 50 126 -12
1534194927.3645928 680 581 616 726 627 720 -4248 -5996 3128 292 141 60 50 126 -11
1534194927.4315352 680 581 616 726 627 721 -4178 -6120 3112 273 -710 -1203 49 126 -11
1534194927.5051286 680 581 616 727 627 720 -4324 -5884 3078 -64 486 337 51 125 -12
1534194927.576342 680 581 616 726 627 720 -4626 -6124 3134 -746 1224 319 51 125 -12
1534194927.6497765 679 580 616 727 627 721 -4550 -5994 3256 -787 -886 -812 47 123 -12
1534194927.712259 679 579 616 726 626 720 -4654 -6064 3012 4010 -1261 -3546 48 124 -13
1534194927.7903647 679 577 615 726 626 720 -4162 -7092 4280 1798 3436 -1728 51 122 -12
1534194927.8686645 678 576 615 726 625 720 -4136 -5194 2508 1851 -1112 -794 51 123 -10
1534194927.9314065 678 576 615 726 625 720 -5156 -6704 3126 2345 1903 1458 50 123 -12
1534194928.0128536 678 576 615 726 625 720 -3470 -5262 2816 651 -158 1772 50 122 -10
1534194928.0870929 679 578 615 726 626 720 -5510 -5302 3092 -2006 4972 8044 51 124 -12
1534194928.1495028 679 580 616 726 626 720 -4138 -5942 3360 3043 -723 1147 45 127 -15
1534194928.22761 680 581 616 726 627 720 -3814 -4406 2842 97 291 -1337 44 124 -13
1534194928.2900975 680 581 616 726 627 721 -4608 -6130 3234 1435 -1156 -2226 45 128 -11
1534194928.3761077 679 581 616 726 627 720 -4140 -5772 3720 719 -814 -1554 46 124 -10
1534194928.4328146 680 581 616 726 626 721 -4162 -5660 3460 -423 858 443 48 124 -8
1534194928.5124152 680 581 616 726 627 721 -4342 -5892 3340 93 19 -155 48 123 -9
1534194928.5809584 680 581 616 726 627 721 -4152 -5866 3482 49 287 -366 48 123 -10
1534194928.6494868 680 581 616 726 627 721 -4244 -5786 3494 -454 374 169 49 123 -10
1534194928.7121596 680 581 615 726 627 720 -4194 -5812 3278 -3 268 74 51 126 -10
1534194928.7745812 680 581 616 727 627 720 -4344 -5894 3316 43 389 -129 50 123 -9
1534194928.854347 680 581 616 726 627 720 -4192 -5844 3366 -67 450 222 49 125 -9
1534194928.9163773 680 581 616 727 627 720 -4204 -5904 3282 43 332 208 49 125 -10
1534194928.9928558 680 581 616 726 627 720 -4272 -5864 3322 -212 483 398 49 124 -11
1534194929.049237 679 581 615 726 627 720 -4256 -5826 3074 108 115 182 51 126 -13
1534194929.1331363 680 581 616 726 627 721 -4238 -5914 3244 129 117 -399 50 125 -11
1534194929.1956236 679 581 616 727 627 720 -4324 -5892 3322 295 70 -47 49 124 -11
1534194929.2583055 679 581 616 726 627 721 -4318 -5964 3260 270 433 274 49 126 -11
1534194929.3385036 679 581 616 727 627 720 -4284 -5808 3252 -10 324 227 50 125 -12
1534194929.4004009 679 581 616 726 627 721 -4312 -5900 3210 41 171 140 50 126 -13
1534194929.4767964 679 581 616 727 627 721 -4322 -5848 3156 -219 243 209 47 122 -13
1534194929.5344262 680 581 616 727 627 721 -4406 -5988 3296 23 996 726 47 126 -11
1534194929.6172287 679 581 616 726 627 720 -4182 -5800 3034 638 -224 -1118 47 125 -11
1534194929.6818025 680 581 616 726 626 720 -4246 -5696 3182 -1338 -167 373 49 124 -11
1534194929.7599123 679 581 615 726 626 720 -3788 -5850 3070 -2082 1204 2048 50 124 -11
1534194929.8415496 679 580 616 726 626 720 -4352 -5184 2712 -1377 -10 -1200 48 124 -14
1534194929.9014118 679 578 615 726 626 720 -5714 -7226 3582 -234 2948 -3194 47 125 -13
1534194929.982982 678 576 615 726 625 720 -3262 -5322 3252 1332 1039 -1211 49 124 -12
1534194930.050234 677 574 614 725 624 719 -4496 -6172 3188 1018 -2389 -3324 49 122 -13
1534194930.118294 676 571 613 725 623 719 -5804 -6094 2346 -812 -511 -1364 53 124 -12
1534194930.196473 677 572 614 725 624 718 -3976 -6724 3246 1898 885 683 50 125 -16
1534194930.2745073 677 576 614 725 624 719 -4896 -6108 3322 6738 -8049 -569 52 125 -14
1534194930.345976 679 579 615 726 626 720 -2622 -7278 5810 -1571 1037 8794 49 120 -9
1534194930.416283 679 580 615 726 626 720 -4140 -3080 2338 -3073 562 3958 47 124 -5
1534194930.489401 679 581 615 726 626 720 -4326 -5764 3628 2387 901 -4674 41 126 -6
1534194930.5506678 679 581 615 726 626 721 -4098 -5936 4012 316 483 -998 43 124 -4
1534194930.6272109 680 581 616 726 626 720 -4364 -5628 3734 -233 798 319 47 123 -4
1534194930.6822066 680 580 616 726 626 720 -4244 -5626 3602 52 -210 -570 45 126 -5
1534194930.7603428 679 581 616 726 626 721 -4276 -5794 3622 91 101 -109 43 123 -6
1534194930.8319628 679 581 615 726 627 720 -4144 -5614 3670 -9 -93 -225 49 124 -6
1534194930.8862045 679 581 616 726 627 721 -4254 -5798 3562 235 65 48 48 124 -5
1534194930.9652889 680 581 616 726 627 720 -4136 -5708 3694 233 88 -267 46 123 -5
1534194931.019523 680 581 615 726 627 720 -4230 -5734 3576 63 301 162 45 123 -5
1534194931.0976298 679 581 616 726 627 720 -4174 -5778 3678 278 38 -327 48 123 -5
1534194931.1601155 679 581 615 726 627 720 -4174 -5732 3672 355 99 48 47 124 -5
1534194931.2382221 680 581 616 726 626 721 -4180 -5726 3534 168 217 -8 46 123 -4
1534194931.3009048 679 581 616 726 626 721 -4136 -5766 3620 251 129 27 47 123 -5
1534194931.3692021 680 581 616 726 626 720 -4134 -5822 3734 -26 398 80 48 123 -5
1534194931.4316874 679 581 616 726 627 720 -4148 -5744 3558 233 11 51 48 122 -4
1534194931.504209 680 581 616 726 626 721 -4104 -5732 3552 683 -448 -159 46 124 -6
1534194931.5736284 679 581 615 726 626 720 -4078 -5664 3792 274 -39 -318 48 120 -3
1534194931.6334805 680 581 615 726 627 720 -4108 -5800 3676 237 175 19 49 123 -5
1534194931.696139 680 581 616 727 627 721 -4102 -5716 3592 218 192 -55 49 123 -4
1534194931.7724411 679 581 616 726 627 721 -4078 -5760 3800 269 -12 3 49 123 -4
1534194931.8433788 679 581 616 726 627 720 -4092 -5732 3574 250 -175 22 45 124 -4
1534194931.9169855 679 581 616 726 627 720 -4104 -5704 3650 260 17 -55 49 123 -4
1534194931.97782 679 581 616 726 626 720 -4102 -5812 3680 149 383 122 47 125 -3
1534194932.0336387 680 581 615 726 626 720 -4212 -5732 3528 248 33 33 49 123 -5
1534194932.1142812 679 581 615 726 626 720 -4020 -5844 3696 476 -141 -493 46 124 -3
1534194932.1822262 679 581 615 726 626 720 -4080 -5856 3828 290 368 -29 48 122 -5
1534194932.2446983 680 581 616 726 627 721 -4016 -5652 3722 313 132 -58 48 123 -3
1534194932.3072112 680 581 615 726 627 720 -4146 -5868 3750 270 319 -37 46 122 -4
1534194932.387439 679 581 616 726 627 720 -4074 -5740 3614 237 324 167 48 122 -4
1534194932.4507966 680 581 615 726 627 720 -4038 -5782 3690 248 45 -90 50 123 -6
1534194932.519401 680 581 616 726 626 720 -4066 -5788 3674 39 206 209 47 125 -4
1534194932.5902596 680 581 616 726 627 720 -4162 -5832 3556 283 -8 -175 48 123 -4
1534194932.6505287 680 581 615 726 626 721 -4030 -5762 3862 124 214 16 48 123 -1
1534194932.7130144 680 581 616 726 627 721 -4042 -5760 3588 121 223 262 49 123 -6
1534194932.7911224 680 581 615 727 626 721 -4190 -5782 3786 129 -26 -219 47 123 -5
1534194932.8599067 679 581 616 726 626 721 -3944 -5746 3616 51 208 305 49 120 -6
1534194932.9188602 680 581 615 726 627 720 -4082 -5866 3648 169 -46 -52 48 122 -5
1534194932.9813416 680 581 615 726 626 720 -4128 -5682 3650 200 18 -63 49 123 -5
1534194933.0616386 680 581 616 726 626 720 -4146 -5888 3744 463 82 -127 47 121 -5
1534194933.1323197 679 581 615 726 626 720 -4056 -5830 3774 408 181 -163 47 122 -4
1534194933.1992228 680 581 615 726 627 721 -4006 -5702 3634 289 171 40 50 122 -4
1534194933.277331 680 581 616 726 626 720 -4036 -5844 3708 168 209 93 49 125 -3
1534194933.3241937 679 581 616 726 627 720 -4036 -5752 3694 241 127 -19 50 121 -7
1534194933.402144 679 581 615 726 626 720 -4060 -5812 3716 206 145 74 47 122 -5
1534194933.464833 679 581 615 726 626 720 -4076 -5778 3644 125 127 -30 50 123 -3
1534194933.527248 680 581 615 726 626 721 -3990 -5770 3670 51 354 81 49 123 -6
1534194933.6049495 679 581 615 726 627 720 -4050 -5876 3668 105 102 -338 48 123 -5
