1534185436.5149894 625 545 584 667 571 666 -8232 -652 156 420 337 447 -37 117 -48
1534185436.5833972 624 545 585 667 571 666 -8248 -690 62 53 366 317 -35 114 -46
1534185436.6452436 625 545 585 667 571 667 -8196 -562 -118 110 87 326 -36 113 -48
1534185436.7076113 625 545 585 667 571 666 -8238 -686 -80 479 -365 -291 -37 112 -49
1534185436.7881618 625 545 585 667 571 666 -8228 -624 150 529 126 101 -36 112 -48
1534185436.8477452 624 545 585 667 571 666 -8252 -656 100 199 229 88 -35 115 -47
1534185436.9104586 624 545 584 667 571 667 -8204 -736 -26 115 154 196 -35 113 -47
1534185436.9936128 625 546 584 667 570 666 -8250 -678 -8 326 141 -308 -37 112 -47
1534185437.0617175 624 545 585 667 571 666 -8282 -662 -60 147 -12 -61 -37 112 -47
1534185437.1277323 625 545 584 667 571 666 -8242 -692 88 203 -18 -92 -36 112 -48
1534185437.221462 625 545 584 667 571 666 -8212 -632 98 153 354 -112 -35 115 -47
1534185437.2754529 625 545 585 667 571 666 -8216 -714 -28 226 213 -55 -38 115 -47
1534185437.3476794 625 545 585 667 571 666 -8222 -640 114 299 -33 283 -35 115 -49
1534185437.3945436 625 545 584 667 571 666 -8264 -656 58 259 60 146 -38 115 -46
1534185437.4570282 625 545 585 667 571 667 -8244 -720 60 82 147 162 -36 115 -50
1534185437.5216637 625 545 584 667 571 666 -8228 -744 -46 164 232 66 -37 112 -48
1534185437.5975363 625 545 585 667 571 665 -8230 -662 -6 276 200 -31 -35 115 -50
1534185437.6600225 625 545 584 667 571 667 -8248 -664 90 150 399 -55 -39 114 -46
1534185437.7227519 625 545 584 667 571 666 -8224 -584 -98 206 112 32 -36 113 -47
1534185437.7885492 625 545 584 667 571 666 -8230 -598 122 238 94 -32 -35 115 -47
1534185437.8647301 625 545 585 667 571 667 -8240 -686 -52 179 13 186 -36 115 -48
1534185437.9272928 625 545 585 667 571 667 -8194 -630 82 177 50 148 -39 113 -49
1534185437.9976301 625 545 585 667 571 666 -8182 -748 -50 158 60 -83 -35 113 -46
1534185438.0660467 625 545 585 667 571 667 -8242 -690 86 156 209 16 -37 116 -48
1534185438.1306455 624 545 585 667 571 666 -8200 -676 48 193 391 176 -37 111 -46
1534185438.1933725 624 545 585 667 571 667 -8246 -536 -64 173 -20 59 -38 114 -48
1534185438.2556028 625 545 585 667 571 666 -8206 -746 56 350 283 345 -36 115 -46
1534185438.3314595 624 545 584 667 571 666 -8252 -632 -236 207 -62 119 -37 113 -48
1534185438.3939435 625 545 584 667 571 667 -8316 -828 58 -39 146 -358 -37 112 -47
1534185438.4564288 625 545 586 667 571 666 -8294 -712 70 287 250 187 -37 113 -49
1534185438.5312526 625 545 585 667 571 666 -8228 -624 -22 349 230 -332 -36 114 -48
1534185438.6093593 624 545 585 667 571 666 -8332 -868 -106 43 551 -414 -36 113 -47
1534185438.6718447 624 545 585 667 571 665 -8108 -676 -8 548 596 -529 -36 113 -47
1534185438.73433 625 545 585 667 571 666 -8094 -578 -198 588 458 -2224 -38 113 -47
1534185438.8225226 624 545 585 668 571 665 -7942 -962 -90 3363 -3447 -3319 -33 113 -46
1534185438.8943245 625 545 585 668 571 665 -7206 -1138 844 4832 -1072 4711 -32 115 -48
1534185438.9567468 625 545 585 668 571 667 -7850 -944 1188 -3033 -5515 -751 -29 117 -43
1534185439.0293486 625 545 585 668 571 667 -6046 -2764 838 -961 2373 5302 -29 115 -42
1534185439.0990052 625 545 585 668 571 667 -10034 24 734 -2890 8699 6164 -29 117 -40
1534185439.1771138 626 545 585 668 571 667 -7200 556 -1310 -1238 2222 -681 -31 112 -38
1534185439.2552183 625 545 585 668 571 667 -8662 -2374 1032 5332 -14545 -10435 -34 113 -43
1534185439.3314486 625 545 585 668 571 666 -7714 -1800 1726 -263 1174 986 -29 116 -35
1534185439.4096553 625 545 585 668 571 667 -8058 -1140 750 1661 -2521 -2471 -25 116 -36
1534185439.4819722 625 545 585 668 571 666 -7866 -1854 1572 191 548 -220 -24 115 -38
1534185439.5454397 625 545 585 668 571 665 -7906 -1416 1002 34 1330 1114 -24 116 -36
1534185439.6233723 625 545 585 668 571 666 -8072 -1694 1100 -104 537 624 -25 117 -37
1534185439.695349 625 545 585 668 571 666 -7750 -1550 1334 762 -187 127 -25 117 -36
1534185439.7606728 624 545 585 668 571 666 -8026 -1576 1110 527 1727 2104 -27 115 -36
1534185439.8364606 624 545 585 668 571 665 -7874 -1108 546 296 444 37 -29 117 -37
1534185439.8951285 624 545 585 668 571 666 -8118 -1214 740 387 -520 357 -27 115 -40
1534185439.988066 624 545 585 668 571 665 -8198 -604 142 2875 -7354 -1362 -30 117 -38
1534185440.054887 624 545 585 667 571 665 -8066 -1770 2632 -1786 3306 -2672 -29 117 -37
1534185440.113798 625 545 585 668 571 667 -9934 542 -238 -1993 3411 7253 -25 118 -34
1534185440.192108 625 545 585 667 571 666 -8202 -1340 -224 -24 -2126 -3589 -31 116 -39
1534185440.2718241 624 545 585 667 571 667 -8256 -1140 -20 -753 3118 -1102 -31 115 -40
1534185440.3478756 624 545 585 667 571 666 -8114 -1170 340 1468 -5483 -1133 -30 117 -39
1534185440.4104164 621 541 584 666 568 665 -7518 -1262 2126 -3486 2362 1288 -30 114 -38
1534185440.4976046 616 536 583 664 562 663 -8384 -994 -422 -5554 4431 4364 -28 116 -36
1534185440.5714047 613 533 581 663 558 661 -8190 -1146 1396 5601 -3678 1302 -31 113 -38
1534185440.6444213 611 531 581 662 556 661 -8260 -68 -908 -11532 16757 6267 -32 112 -37
1534185440.7225285 610 530 581 661 555 660 -8044 -1942 736 10681 -14286 -3141 -37 110 -43
1534185440.7936616 609 529 580 661 554 661 -8172 -232 370 -1343 1737 977 -33 109 -39
1534185440.8624063 609 529 580 661 554 660 -8576 -452 -780 -1258 -3106 -4768 -33 111 -37
1534185440.9405134 613 532 581 663 557 662 -9604 -4264 3156 5018 5765 2529 -33 109 -39
1534185441.0079029 620 540 583 666 567 665 -9428 3044 -712 578 963 1167 -31 113 -36
1534185441.0878315 622 542 584 666 569 666 -8874 -2510 340 4885 -6231 -12887 -38 112 -43
1534185441.1462336 622 543 584 667 569 666 -7672 -1220 1288 341 2863 5169 -29 114 -39
1534185441.2243402 623 543 584 667 570 666 -8270 -1424 542 1446 -2328 -1130 -28 115 -37
1534185441.3062203 623 543 584 667 570 666 -8146 -1256 800 621 2276 1818 -31 116 -39
1534185441.3639185 623 543 584 667 570 666 -8024 -1166 792 344 -820 1528 -30 114 -40
1534185441.4420245 623 543 584 667 570 667 -8114 -1212 826 561 695 -83 -30 115 -42
1534185441.514863 623 543 584 667 570 666 -8292 -1138 466 182 17 747 -33 116 -41
1534185441.5819986 623 544 584 667 570 666 -8204 -1122 698 -49 794 -354 -33 115 -40
1534185441.6444843 623 544 584 667 570 666 -8050 -1154 292 -2334 1910 97 -33 117 -40
1534185441.722592 620 540 584 666 567 665 -8110 -970 1620 -1710 617 1458 -31 114 -40
1534185441.8021598 613 533 582 663 558 662 -8726 -1222 1230 1135 -2643 5198 -29 114 -40
1534185441.8630707 610 531 581 662 555 661 -8366 -530 548 -2847 3864 1608 -33 113 -36
1534185441.9411767 608 529 580 661 553 661 -8236 -938 -576 -2477 1866 732 -33 110 -38
1534185442.0133343 607 528 580 660 552 660 -8190 -286 570 4398 -6996 -1390 -34 111 -39
1534185442.0815053 606 527 580 660 550 660 -8174 -1232 1680 -3107 5546 640 -35 112 -35
1534185442.1596124 606 526 580 660 550 658 -8174 -1428 1320 285 -2524 2629 -33 112 -35
1534185442.2221396 607 527 580 661 551 659 -8952 78 634 768 1114 1063 -34 110 -35
1534185442.3098762 610 531 581 662 555 662 -9254 -3676 1844 4538 -536 -6904 -35 108 -36
1534185442.3797204 618 537 583 665 565 665 -9440 1744 250 -2689 3510 4768 -33 114 -37
1534185442.4580538 620 540 584 666 568 664 -8476 -2062 1274 4638 -6990 -11638 -36 112 -39
1534185442.5315163 621 541 584 667 569 665 -7838 -1634 1554 -179 2022 2664 -28 117 -37
1534185442.5969317 622 542 584 667 570 665 -7970 -1172 774 612 584 -626 -28 117 -37
1534185442.6594157 623 543 585 667 570 665 -8074 -1392 1106 -238 -151 58 -29 116 -39
1534185442.7375224 623 543 584 667 570 666 -8146 -1388 974 604 1275 780 -28 117 -36
1534185442.8137472 623 544 584 667 571 666 -8068 -1188 1142 363 940 900 -29 117 -37
1534185442.8807049 623 544 584 667 571 666 -8210 -1426 964 -275 902 807 -28 117 -38
1534185442.9433408 623 544 584 667 571 666 -8090 -1186 978 665 -309 48 -28 118 -39
1534185443.015328 624 544 584 668 571 666 -8058 -1370 914 257 458 312 -30 115 -39
1534185443.092441 624 544 585 667 571 666 -7918 272 854 196 -326 -2892 -27 115 -40
1534185443.1611445 624 544 584 667 571 666 -7756 -1436 474 -987 1230 1119 -28 115 -40
1534185443.2234814 624 544 584 667 571 666 -7982 -1014 454 98 -588 486 -29 116 -40
1534185443.3068602 618 540 584 666 567 664 -8134 -1464 1124 -2004 -561 -26 -28 117 -39
1534185443.3793457 612 532 582 663 557 663 -8278 -1484 1146 -3105 1473 2668 -29 114 -36
1534185443.4418094 609 530 581 661 554 661 -8512 -970 302 1045 -3885 1081 -30 115 -38
1534185443.5153806 607 528 580 661 552 661 -8446 -1402 2088 -1948 1992 3336 -31 114 -36
1534185443.5984643 607 528 580 660 551 660 -8138 -598 -140 -809 820 243 -33 111 -33
1534185443.6610253 605 527 579 660 550 660 -7842 -924 1140 398 -1666 -1563 -33 111 -37
1534185443.7390552 605 527 580 660 550 660 -8242 -1440 750 144 2445 3178 -34 114 -34
1534185443.815065 606 528 580 660 551 659 -9070 272 812 1584 -3745 -7434 -31 113 -35
1534185443.8803303 611 532 582 662 556 662 -9650 -6066 3928 2309 9175 2631 -32 110 -32
1534185443.958355 616 536 583 665 565 665 -10650 5322 -1318 -300 583 6387 -28 117 -33
1534185444.0283718 618 539 583 666 567 665 -7850 -2174 1888 -1094 -5568 -13323 -44 110 -43
1534185444.0983522 621 541 584 666 569 666 -8148 -2178 954 -2681 2871 6090 -33 115 -38
1534185444.1764598 621 542 584 667 569 666 -8222 -694 1428 979 414 -724 -28 117 -38
1534185444.2545695 622 542 584 667 570 666 -8122 -1252 1068 -377 227 1890 -33 113 -39
1534185444.3258827 622 543 585 667 570 666 -8252 -730 828 760 30 -355 -33 116 -39
1534185444.380909 622 543 584 667 571 666 -8074 -998 1312 311 244 -197 -34 116 -39
1534185444.4591908 623 544 584 668 571 666 -8004 -760 1196 311 346 312 -31 117 -38
1534185444.5327394 623 544 584 667 571 666 -8114 -1102 1034 340 -189 563 -34 116 -40
1534185444.5986438 623 544 585 667 572 666 -8152 -964 1186 190 633 649 -35 116 -41
1534185444.6611304 623 544 584 667 572 666 -8036 -798 1072 329 852 -804 -34 114 -40
1534185444.7392356 623 544 584 668 571 667 -8182 -980 1074 218 523 387 -32 115 -41
1534185444.8092914 624 544 584 668 572 666 -8118 -974 904 291 13 144 -33 115 -40
1534185444.862876 624 545 584 667 572 666 -8070 -954 952 -89 275 413 -33 115 -41
1534185444.9407618 624 545 585 668 572 666 -8084 -914 974 71 85 91 -34 114 -41
1534185445.0098722 624 545 585 667 572 666 -8144 -892 1086 130 468 -4 -36 114 -40
1534185445.07704 624 545 584 667 572 666 -8136 -850 862 390 -1 293 -34 116 -40
1534185445.1452909 624 545 584 667 572 666 -8166 -850 1000 285 279 468 -31 114 -40
1534185445.2079341 624 545 584 668 572 666 -8190 -856 922 222 485 916 -34 113 -39
1534185445.2765021 624 544 585 668 571 666 -8310 -830 680 -1047 -105 416 -35 113 -41
1534185445.3467505 619 539 583 666 567 664 -8092 -640 1682 204 469 149 -35 112 -41
1534185445.4248586 611 532 581 662 556 662 -8456 -1222 1648 -4000 4133 2925 -35 113 -41
1534185445.497815 608 529 580 661 552 661 -8390 -1072 1276 -2168 1210 -256 -37 113 -42
1534185445.5765738 607 527 579 661 549 660 -8884 -504 246 -3808 4931 2100 -33 114 -38
1534185445.646383 605 525 579 659 548 659 -8094 -808 66 6712 -9419 -1020 -36 111 -41
1534185445.7086146 605 525 579 659 548 659 -8392 -784 3136 -1740 5933 -403 -36 111 -38
1534185445.7774732 605 525 579 660 548 660 -8452 28 -800 -87 -665 -594 -39 109 -34
1534185445.8558383 607 527 580 660 550 659 -8648 58 612 4082 -9588 -7088 -39 108 -41
1534185445.9339437 611 530 581 662 556 663 -11110 -4374 3014 36 14196 -2389 -34 112 -38
1534185446.0094213 617 536 582 665 565 665 -7050 2330 -956 -1279 -11 -4932 -36 116 -40
1534185446.0838962 619 539 583 666 568 665 -8076 -2498 2400 884 -3914 -7261 -40 114 -45
1534185446.1462708 621 541 584 667 569 665 -8228 -1026 736 807 2712 2761 -29 116 -42
1534185446.2243102 622 542 584 667 570 665 -8050 -1096 784 -176 -315 -769 -31 116 -44
1534185446.2972999 622 543 585 667 571 666 -8122 -1176 1072 84 688 2078 -30 116 -43
1534185446.363325 623 543 584 668 571 665 -8114 -890 798 722 163 -173 -31 117 -41
1534185446.4258113 623 544 584 668 572 666 -8120 -934 958 218 805 118 -31 115 -42
1534185446.502797 623 544 584 667 571 666 -8156 -906 990 283 -18 630 -35 114 -44
1534185446.5729446 623 544 584 668 572 666 -8192 -1012 1058 300 479 -24 -32 113 -43
1534185446.6293604 624 545 584 668 572 666 -8070 -826 796 297 399 231 -36 113 -42
1534185446.7074687 624 544 585 668 572 666 -8130 -830 924 167 399 331 -36 116 -43
1534185446.776052 624 545 584 668 572 666 -8124 -776 870 273 87 390 -34 114 -44
1534185446.8442652 624 545 585 667 572 666 -8154 -856 930 108 577 945 -36 116 -42
1534185446.910643 624 545 584 667 572 666 -8270 -808 972 148 679 458 -36 114 -43
1534185446.9822483 624 545 585 667 572 666 -7958 -756 1076 -677 69 309 -34 114 -44
1534185447.057545 620 540 583 666 568 664 -8690 -1262 1390 -2073 2259 -1055 -36 113 -46
1534185447.1284964 611 531 581 662 556 662 -8472 -820 1522 -1682 -2259 1872 -36 114 -45
1534185447.1909935 608 528 580 661 552 661 -8136 -620 1072 -1185 456 -43 -36 113 -41
1534185447.2759178 606 527 579 660 550 660 -8784 -1032 488 -2278 2636 1973 -35 112 -41
1534185447.3469086 605 525 579 659 549 659 -8336 -142 614 -1633 1554 1573 -36 111 -37
1534185447.409134 605 524 578 659 548 659 -8422 -1066 560 -427 -2129 -337 -37 110 -41
1534185447.4927685 604 524 579 659 548 659 -8156 -222 758 1472 -976 3161 -37 108 -41
1534185447.5640628 604 524 579 659 548 659 -8330 -672 1380 -520 157 1971 -39 109 -41
1534185447.629452 606 526 580 660 549 660 -8768 818 -180 230 -2532 -10902 -40 107 -39
1534185447.7077541 610 530 581 662 554 662 -9158 -4444 3090 7467 -269 -2536 -37 109 -38
1534185447.7763462 615 535 582 664 563 664 -10008 2250 -244 -1404 3549 12602 -31 115 -36
1534185447.8636022 618 537 583 666 566 664 -7946 -1948 1714 687 -3719 -9824 -38 113 -43
1534185447.9260874 620 539 583 666 569 665 -7886 -1454 1124 -307 2581 3531 -30 114 -38
1534185448.0047443 621 541 583 667 570 665 -8272 -882 1314 1081 356 357 -30 115 -39
1534185448.0759006 622 542 584 667 570 666 -7996 -1398 1332 427 404 2421 -29 115 -42
1534185448.1448574 622 543 584 667 571 665 -8056 -834 1046 497 485 1367 -30 115 -41
1534185448.2073426 623 543 584 667 572 665 -8054 -992 1274 -129 -499 289 -32 115 -42
1534185448.2761123 623 543 584 667 572 665 -8026 -1060 1028 464 708 680 -33 118 -39
1534185448.3484035 624 544 584 668 572 666 -8078 -866 1172 308 275 265 -32 115 -43
1534185448.4265103 623 544 584 667 572 666 -8092 -812 1018 269 665 775 -31 115 -41
1534185448.4963446 624 544 584 668 572 666 -8114 -1054 1218 315 633 370 -34 115 -41
1534185448.5650253 624 544 584 668 572 666 -8094 -726 888 300 57 300 -33 115 -41
1534185448.6294649 624 544 584 668 572 666 -8046 -932 1170 391 631 472 -34 114 -42
1534185448.6917455 624 545 584 668 573 666 -8168 -822 1054 181 543 655 -36 116 -44
1534185448.760854 624 545 584 668 573 666 -8154 -942 1082 92 685 947 -36 114 -43
1534185448.8398187 625 545 584 668 573 666 -8270 -576 960 692 1550 1305 -36 115 -41
1534185448.910637 623 543 584 667 572 665 -7552 -922 638 -1243 1552 1156 -37 112 -44
1534185448.985039 614 533 581 663 559 661 -7978 -266 1562 133 -3211 3244 -33 112 -44
1534185449.0558705 609 529 580 661 553 661 -8042 -324 1180 -544 3081 870 -38 113 -42
1534185449.113208 607 526 579 661 550 660 -8516 -512 908 -1372 -198 2827 -39 110 -42
1534185449.1915677 605 525 579 660 549 659 -8760 -162 296 -3814 3528 1539 -40 108 -40
1534185449.2756505 605 525 579 659 548 658 -7970 240 384 3445 -4097 738 -41 108 -41
1534185449.342203 605 524 579 660 548 658 -8296 -392 1468 -1067 710 -585 -44 108 -42
1534185449.4115405 605 524 579 659 548 658 -8274 260 248 873 -1466 -359 -43 106 -38
1534185449.4855945 606 525 579 660 549 659 -8350 -386 1578 -541 -472 -673 -43 108 -40
1534185449.5570111 608 528 580 661 553 661 -9232 -1050 352 4078 836 -688 -41 107 -39
1534185449.6269932 614 533 582 664 561 663 -7196 912 1672 6376 -1231 464 -40 106 -39
1534185449.6895132 617 536 583 665 565 664 -8290 -740 1470 44 -3161 -6268 -41 112 -41
1534185449.7585254 619 539 583 666 568 664 -8128 -1108 1186 -91 2690 1483 -37 113 -41
1534185449.8309932 620 540 583 666 569 664 -8150 -572 992 1183 -577 980 -35 114 -41
1534185449.9091012 622 541 584 667 570 665 -8168 -532 1082 383 370 1203 -37 114 -40
1534185449.9822748 622 542 584 667 571 665 -8046 -332 1000 590 89 585 -39 111 -41
1534185450.0498786 622 543 584 667 571 665 -8166 -402 1106 409 361 131 -38 113 -43
1534185450.1111734 623 543 584 668 572 666 -8204 -446 930 -39 438 547 -38 113 -39
1534185450.1738896 623 543 584 667 572 666 -8142 -444 1090 548 760 323 -39 115 -45
1534185450.253899 624 544 584 668 573 666 -8234 -400 978 47 411 740 -39 111 -42
1534185450.3212724 624 544 584 668 573 666 -8228 -384 976 517 441 93 -40 114 -41
1534185450.379666 624 544 584 668 573 665 -8300 -406 886 189 256 21 -40 112 -42
1534185450.44198 625 545 585 668 573 666 -8134 -340 902 516 162 168 -39 111 -43
1534185450.5132556 624 545 585 668 573 666 -8236 -514 924 252 678 319 -39 112 -43
1534185450.5971076 623 544 584 667 572 665 -8564 -1352 908 -3197 1368 -261 -40 112 -45
1534185450.6763847 617 538 583 665 567 664 -8284 -224 738 -180 1020 727 -37 113 -43
1534185450.7388685 612 533 581 663 559 663 -7590 -60 720 -2291 1095 -1200 -40 110 -45
1534185450.8117042 609 529 580 660 553 661 -8594 -718 70 -1590 -483 -689 -41 110 -44
1534185450.8779292 606 526 579 660 550 659 -8318 -1000 1586 -12 1070 3065 -39 112 -41
1534185450.9403625 605 526 579 659 549 659 -8342 332 940 -2788 -373 3317 -40 111 -42
1534185451.0139637 604 525 579 659 549 660 -8102 130 684 -375 3467 -2622 -42 108 -40
1534185451.09855 604 525 579 659 548 659 -7810 -964 890 -1811 254 -1744 -40 107 -41
1534185451.1610384 604 526 579 659 548 660 -8516 156 -506 4622 -4204 4279 -40 108 -40
1534185451.239143 607 528 580 661 551 661 -7944 -782 2136 5048 -6096 -9546 -41 108 -40
1534185451.3207302 611 531 581 662 556 663 -8746 -1300 898 -2247 11291 7331 -39 110 -40
1534185451.3937528 615 535 582 665 563 664 -7782 2034 56 -843 -3710 -7847 -42 110 -42
1534185451.4563334 618 537 583 665 566 665 -8138 -2208 2530 555 893 -3498 -46 109 -42
1534185451.521139 618 539 583 666 568 665 -8126 4 526 1323 -13 1718 -38 114 -40
1534185451.5997334 620 540 583 666 569 665 -8354 -876 1170 484 -89 364 -38 112 -39
1534185451.6618652 621 541 584 667 570 665 -8112 -168 900 948 -246 1468 -40 112 -42
1534185451.7242599 622 542 584 667 571 666 -8182 -386 1086 47 646 226 -40 109 -43
1534185451.806107 622 543 584 667 572 666 -8218 -388 984 487 228 258 -40 112 -42
1534185451.8624358 623 543 584 667 572 666 -8104 -270 790 348 269 8 -42 112 -39
1534185451.940444 623 543 584 668 572 665 -8286 -144 1130 498 412 131 -40 111 -41
1534185452.010391 623 544 584 667 573 666 -8202 -224 914 361 476 269 -41 112 -40
1534185452.088172 623 544 584 668 573 666 -8088 -172 842 437 420 73 -40 109 -43
1534185452.1300414 624 544 584 667 573 665 -8222 -172 1028 287 385 59 -42 112 -43
1534185452.2081487 624 545 584 668 573 666 -8208 -260 936 286 34 271 -41 110 -44
1534185452.2773304 624 545 584 668 574 665 -8184 -214 954 404 304 442 -43 112 -43
1534185452.347091 625 545 585 668 574 666 -8174 -86 850 544 -86 488 -41 111 -44
1534185452.4108927 625 546 585 668 574 666 -8298 -72 866 537 399 660 -44 112 -42
1534185452.4857922 623 543 584 667 571 666 -7972 -656 1506 -561 -878 473 -43 109 -44
1534185452.5564165 613 533 581 663 557 662 -7682 374 268 1114 -2080 4545 -41 111 -44
1534185452.614078 608 529 580 661 551 660 -8222 136 2270 -1652 6193 2473 -42 108 -44
1534185452.692183 606 526 579 660 549 660 -8326 1038 -784 -5782 3321 2054 -47 105 -41
1534185452.7638972 605 524 578 660 547 660 -8836 48 300 3358 -2840 -418 -46 105 -43
1534185452.8458323 604 523 579 659 546 660 -8220 918 1108 -2729 1208 -2386 -46 102 -43
1534185452.9104786 604 524 578 659 546 659 -8272 -120 134 610 1204 -3160 -50 103 -40
1534185452.989558 605 525 579 660 547 660 -8350 952 516 -432 -1711 -4664 -45 106 -39
1534185453.0625472 608 528 580 661 552 662 -9532 -3570 1818 1981 239 -2177 -41 108 -41
1534185453.1305032 615 533 581 664 561 664 -7978 2120 660 6763 -3925 10783 -36 110 -41
1534185453.2086995 617 537 583 666 566 665 -7186 -1002 2234 3615 -8681 -14028 -42 111 -44
1534185453.2769654 620 539 583 666 568 665 -8140 -1634 1334 -874 2911 2295 -36 114 -40
1534185453.3477507 622 540 584 667 570 666 -8172 -558 1214 2494 -1211 377 -32 116 -40
1534185453.4258552 622 542 584 667 571 666 -8062 -994 1492 237 814 1350 -35 115 -39
1534185453.4977694 623 543 584 667 572 666 -8072 -588 1422 175 645 2256 -34 113 -39
1534185453.566989 623 543 584 667 572 666 -8222 -536 1266 354 564 659 -35 114 -40
1534185453.6296 624 544 584 667 573 666 -8054 -610 1276 229 406 612 -38 114 -39
1534185453.6921194 624 544 584 668 573 667 -8194 -638 1124 569 399 80 -36 113 -41
1534185453.772236 625 545 584 668 574 666 -8220 -340 1212 658 553 632 -38 114 -41
1534185453.82985 625 545 585 668 574 666 -8110 -536 1310 325 197 -94 -39 113 -41
1534185453.9079587 625 545 584 668 574 666 -8258 -482 1172 246 853 174 -38 114 -43
1534185453.9800584 625 545 584 668 574 666 -8180 -400 1216 613 56 732 -39 114 -42
1534185454.049851 625 546 585 668 575 666 -8276 -422 1186 -65 654 399 -38 115 -43
1534185454.113598 625 546 585 668 574 666 -8202 -462 1116 454 353 289 -39 114 -44
1534185454.1760821 625 546 585 669 575 667 -8160 -276 1308 312 343 1081 -40 111 -42
1534185454.2604878 625 546 585 668 574 666 -8380 -796 1070 -348 544 -1345 -41 111 -43
1534185454.3333337 619 538 583 666 567 664 -9212 -304 1376 697 -1364 4100 -41 112 -43
1534185454.3945792 611 531 581 662 556 662 -8180 78 1484 -49 -783 3491 -41 111 -42
1534185454.4744177 607 528 580 661 551 660 -8464 -38 1092 -2535 6446 4001 -44 110 -41
1534185454.5454514 605 525 578 660 548 659 -8830 24 -126 -5737 6007 6734 -45 106 -42
1534185454.6136968 604 524 578 659 547 659 -8368 1626 542 2064 -3599 -1130 -49 103 -46
1534185454.6760762 604 523 578 659 546 659 -8792 226 562 -2603 6423 -5463 -51 99 -45
1534185454.7570124 603 523 578 659 546 658 -8428 842 636 -2631 -138 -4543 -49 103 -45
1534185454.8387895 604 523 578 659 547 659 -8292 -1000 -264 3222 -1927 -1409 -46 104 -45
1534185454.9105546 607 527 579 660 550 660 -9828 -1546 534 -157 -1666 -6814 -41 107 -44
1534185454.9870367 613 532 581 663 559 663 -6022 1062 1822 11378 -471 17837 -39 108 -45
1534185455.0609882 617 536 582 665 564 664 -8430 -454 562 -1117 -4514 -7571 -41 111 -46
1534185455.1287158 618 538 582 666 567 665 -8120 -1246 1318 442 1583 1382 -39 113 -43
1534185455.191201 620 540 583 666 569 665 -8236 -286 584 1443 -626 -438 -38 116 -44
1534185455.2598786 621 542 584 667 570 665 -8222 -638 1390 437 -16 328 -38 112 -45
1534185455.3424623 622 543 584 667 571 666 -8254 -376 714 578 189 751 -38 113 -43
1534185455.4113975 623 543 584 667 572 666 -8188 -464 878 415 -182 325 -38 111 -44
1534185455.4801133 623 544 584 667 572 665 -8308 -344 784 -104 764 483 -41 112 -43
1534185455.5471961 624 544 584 667 573 666 -8278 -418 924 21 730 562 -39 109 -42
1534185455.6136801 625 544 584 668 573 666 -8144 -186 816 117 453 1032 -41 112 -46
1534185455.676167 625 545 584 668 573 666 -8212 -226 912 510 168 192 -40 112 -44
1534185455.7386508 625 545 584 668 574 666 -8220 -212 800 266 477 594 -41 111 -44
1534185455.8205907 625 545 584 668 574 666 -8194 -20 766 198 181 589 -40 111 -44
1534185455.8781874 625 545 585 668 574 666 -8292 -246 790 452 454 617 -42 111 -45
1534185455.9404182 625 546 584 668 574 666 -8080 -30 1002 96 163 470 -42 110 -45
1534185456.014577 625 546 584 668 574 666 -8298 -28 594 2455 -2016 -1893 -43 112 -46
1534185456.0961728 621 540 583 666 570 664 -8786 -508 656 549 -1046 2910 -45 111 -45
1534185456.1588328 612 532 581 663 557 662 -8600 106 1602 740 -538 1272 -43 110 -47
1534185456.2367647 609 529 580 661 552 661 -8472 446 1274 -1180 3162 133 -45 109 -44
1534185456.3088524 606 526 579 660 549 660 -7356 864 222 561 3250 1427 -45 107 -45
1534185456.3771765 604 523 578 659 546 659 -8824 540 260 -4643 3442 1785 -43 108 -46
1534185456.4396636 603 522 577 658 544 658 -8344 1338 -212 1116 876 -3497 -48 103 -47
1534185456.514752 603 522 577 658 544 658 -8236 62 -324 -2576 924 -523 -46 106 -49
1534185456.5817907 603 522 577 658 544 658 -8284 1084 -294 1587 -3431 3094 -43 104 -51
1534185456.660153 605 524 578 659 547 659 -9416 -306 -40 504 -2811 -11215 -46 105 -49
1534185456.7380018 611 530 580 662 554 663 -882 2314 -348 10182 -3173 5063 -44 104 -48
1534185456.8165321 615 534 581 664 562 664 -7250 1012 20 -2547 -5709 -10722 -43 110 -48
1534185456.8809917 618 537 582 665 566 665 -8444 -2020 1746 -41 2079 -2261 -42 111 -47
1534185456.9590993 620 539 583 666 568 664 -8026 -710 260 2977 46 1236 -35 115 -43
1534185457.0273142 621 541 583 667 569 665 -8182 -450 718 383 -173 -465 -36 115 -48
1534185457.0978968 622 542 583 667 571 666 -8234 -752 648 -86 875 398 -36 113 -46
1534185457.160706 623 543 584 667 572 666 -8170 -666 546 378 -20 397 -36 112 -49
1534185457.2231953 624 544 584 667 572 666 -8214 -680 756 247 742 1365 -36 113 -47
1534185457.3043742 624 544 584 668 573 666 -8180 -434 564 439 -135 881 -39 113 -49
1534185457.3621655 625 545 584 668 573 666 -8280 -518 568 379 109 208 -39 113 -47
1534185457.4403574 625 545 584 668 574 666 -8226 -480 630 464 752 708 -39 115 -49
1534185457.497889 625 545 584 668 574 666 -8228 -276 712 -286 809 -461 -38 112 -49
1534185457.578432 626 546 584 668 574 666 -8286 -628 402 296 1102 -2 -40 111 -51
1534185457.648575 626 546 584 668 574 666 -8104 -302 628 -100 880 755 -39 113 -48
1534185457.7141538 626 546 584 668 575 666 -8330 -682 262 -531 1000 469 -40 113 -50
1534185457.7888856 626 546 584 668 575 666 -8050 -38 646 -407 -1177 3866 -40 112 -52
1534185457.8480465 626 546 584 668 575 667 -8260 -156 250 458 1215 -1030 -42 112 -50
1534185457.9262824 626 546 584 668 575 666 -8102 -400 260 680 2444 -1840 -40 112 -53
1534185458.0007339 626 547 584 668 575 666 -8200 -604 202 -15 714 -482 -41 112 -53
1534185458.0732572 626 547 585 669 575 666 -8298 -634 -42 -398 -162 -878 -40 112 -52
1534185458.1404276 626 547 585 668 575 666 -8298 -660 170 934 359 412 -40 111 -52
1534185458.197039 626 547 584 669 575 666 -8414 -512 312 -245 1335 -498 -38 115 -52
1534185458.2767951 627 547 584 668 575 666 -8196 -352 228 186 324 406 -40 112 -53
1534185458.3493783 627 547 584 668 575 666 -8276 -518 -220 -224 550 202 -37 110 -53
1534185458.4126408 627 547 584 668 575 667 -8206 -448 -70 592 693 1578 -39 113 -52
1534185458.4876819 627 547 585 669 576 666 -8156 180 120 589 1727 1725 -39 110 -52
1534185458.5591733 627 547 585 669 576 666 -8186 -628 -364 378 1005 -526 -42 109 -56
1534185458.6142604 627 547 584 669 576 667 -8274 -226 -10 27 878 -110 -42 110 -56
1534185458.6923673 627 547 584 668 576 667 -8200 -210 -212 528 322 725 -40 110 -55
1534185458.754851 627 547 584 669 576 667 -8356 -380 -412 316 769 438 -42 109 -56
1534185458.832253 627 547 584 669 575 666 -8258 -294 -206 -208 134 -235 -43 107 -58
1534185458.9061508 627 548 585 669 576 666 -8232 -156 -360 341 -72 -72 -40 110 -55
