1535510645.6263332 695 614 632 698 683 676 -3028 -7012 2636 302 123 -312 49 61 -43
1535510645.6942143 695 614 632 698 683 675 -2734 -7026 2826 172 130 95 45 63 -42
1535510645.7607956 696 614 632 698 683 676 -2956 -7014 2598 -4 200 551 46 62 -42
1535510645.8296428 695 614 632 698 683 675 -3114 -6936 2436 106 116 -324 48 63 -44
1535510645.898055 695 614 632 698 683 675 -3086 -6884 2528 137 200 345 45 63 -44
1535510645.9662957 695 614 632 698 683 676 -3020 -7004 2598 446 33 -371 46 64 -45
1535510646.034843 695 614 631 698 683 675 -2918 -7148 2748 252 -130 630 47 62 -43
1535510646.1018376 695 614 632 698 683 675 -2826 -6992 2706 39 103 -77 46 62 -44
1535510646.1691196 695 614 632 698 683 676 -3128 -6956 2700 265 40 137 47 63 -44
1535510646.2392664 695 614 632 698 683 676 -2890 -6964 2820 668 177 -707 48 63 -42
1535510646.4312758 695 614 632 698 683 676 -3094 -6804 2660 602 460 -104 46 64 -44
1535510646.542406 695 614 632 698 683 676 -2772 -7202 2624 167 -94 401 49 63 -42
1535510646.6921687 695 614 632 698 683 675 -2934 -6842 2800 42 464 -17 45 63 -44
1535510646.7317173 695 614 632 698 683 675 -2854 -7008 2498 248 63 272 50 62 -43
1535510646.7962945 695 614 632 698 683 676 -3012 -7052 2828 84 358 -30 46 60 -42
1535510646.8580747 695 614 632 698 683 676 -2950 -6930 2618 473 -84 -125 48 63 -42
1535510646.896728 695 614 632 698 683 676 -2876 -7016 2572 212 -267 -117 48 64 -43
1535510646.9285016 695 614 632 698 683 676 -2920 -6902 2942 195 -1333 1499 46 62 -44
1535510646.9634485 696 614 632 698 683 675 -3022 -6760 2736 94 315 -326 46 62 -42
1535510647.004246 696 614 632 698 683 675 -3204 -7116 2974 -704 227 -160 48 63 -41
1535510647.0856335 695 614 632 698 683 675 -2920 -7044 2936 98 65 -794 47 62 -43
1535510647.2429624 695 614 632 698 683 676 -3052 -7024 2550 42 -985 1352 47 64 -43
1535510647.276008 695 614 632 698 683 676 -2678 -6776 2742 87 320 -663 45 65 -44
1535510647.3143137 695 614 632 698 683 675 -2738 -7026 2672 783 1900 2975 47 64 -42
1535510647.3539615 695 614 632 698 683 676 -3388 -6648 2660 -6 526 194 45 64 -43
1535510647.392874 695 614 632 698 683 675 -3222 -6918 2806 422 157 -149 47 65 -43
1535510647.4228315 695 614 632 698 683 676 -3048 -6878 2630 371 124 -404 46 63 -43
1535510647.472608 695 614 632 698 683 676 -3288 -6814 2636 -93 322 334 45 64 -44
1535510647.5415094 696 614 632 698 683 676 -3186 -6892 2610 472 -166 -190 44 64 -44
1535510647.604127 696 614 632 698 683 676 -3004 -6886 2800 53 450 226 45 63 -44
1535510647.8033166 696 614 632 698 683 675 -3420 -6830 2496 161 141 444 46 63 -44
1535510647.8380783 695 614 632 698 683 675 -3194 -6936 2808 209 169 -349 45 64 -40
1535510647.8704152 695 614 632 698 683 676 -3160 -6754 2540 177 41 446 46 65 -43
1535510647.916345 695 614 632 698 683 676 -3378 -6962 2766 367 208 -309 44 62 -43
1535510647.9549549 696 614 632 698 683 675 -3110 -6754 2564 167 0 -97 44 65 -44
1535510648.0045173 696 614 632 698 683 675 -3298 -6824 2564 -9 319 50 47 63 -44
1535510648.085058 695 614 632 698 683 675 -3274 -6980 2754 356 -28 -434 46 65 -43
1535510648.152604 696 614 632 698 683 675 -3062 -6886 2776 150 543 84 45 64 -44
1535510648.2197056 695 614 632 698 683 676 -3238 -6824 2460 457 7 -165 45 65 -44
1535510648.288366 696 614 632 698 683 675 -3220 -6952 2878 420 121 -283 44 62 -43
1535510648.4798212 695 614 632 698 683 675 -3062 -6750 2616 -94 92 220 44 63 -42
1535510648.5098062 695 614 632 698 683 675 -3304 -6836 2620 181 104 105 45 63 -45
1535510648.540277 695 614 632 698 683 675 -3272 -6740 2604 379 9 -230 44 60 -42
1535510648.574419 696 614 632 698 683 676 -3098 -6996 2828 443 276 24 46 64 -43
1535510648.6236231 695 614 632 698 683 675 -3280 -6676 2554 115 91 92 47 63 -45
1535510648.689738 695 614 632 698 683 676 -3326 -6924 2710 262 184 2 45 63 -44
1535510648.7534018 696 614 632 698 683 676 -3126 -6794 2700 164 46 38 44 65 -44
1535510648.8241475 696 614 632 697 683 675 -3190 -6904 2624 148 142 123 47 65 -43
1535510648.8920727 696 614 632 698 683 675 -3430 -6876 2580 319 228 -109 47 62 -43
1535510648.9541054 695 614 632 697 683 676 -3120 -6896 2904 258 202 297 46 63 -43
1535510649.1972532 696 614 632 698 683 675 -3170 -6942 2564 109 217 129 46 65 -43
1535510649.2202542 695 614 632 698 683 676 -3368 -6736 2656 145 2 58 46 65 -42
1535510649.25503 695 614 632 698 683 675 -3164 -6954 2678 236 216 38 44 65 -42
1535510649.2970414 695 614 632 698 683 676 -3230 -6708 2674 -9 317 179 46 65 -43
1535510649.3200758 695 614 632 697 683 675 -3266 -6762 2522 3 469 74 46 64 -44
1535510649.3735523 696 614 632 698 683 675 -3254 -6930 2686 268 136 -18 46 64 -46
1535510649.421849 696 614 632 698 683 675 -3242 -6876 2610 279 219 -174 47 64 -42
1535510649.4958055 696 614 632 698 683 676 -3462 -6836 2556 166 205 315 45 63 -44
1535510649.5538776 695 614 632 698 683 675 -3164 -6850 2640 142 133 -191 46 64 -44
1535510649.6350079 696 614 632 698 683 675 -3244 -6816 2646 55 181 130 43 64 -44
1535510649.7842426 695 614 632 698 683 675 -3294 -6870 2546 -312 337 356 45 64 -45
1535510649.820951 696 614 632 698 683 675 -3424 -6826 2442 -105 128 -125 46 64 -45
1535510649.8696384 695 614 632 698 683 675 -3268 -6838 2660 417 41 199 46 65 -45
1535510649.9099624 695 614 632 698 683 675 -3368 -6920 2508 338 251 -45 45 65 -45
1535510649.9804823 695 614 632 698 683 675 -3306 -6636 2372 -192 1001 -111 44 64 -45
1535510650.038606 695 614 632 698 683 676 -3370 -6992 2428 387 143 273 48 64 -44
1535510650.1161075 695 614 632 698 683 675 -3236 -6782 2520 334 23 -360 44 66 -46
1535510650.1804533 696 614 632 698 683 675 -3312 -6924 2624 298 230 5 44 63 -46
1535510650.2398002 695 614 632 697 683 676 -3112 -6874 2484 376 -73 -241 45 63 -45
1535510650.320027 696 614 632 697 683 675 -3378 -6900 2538 450 121 -410 45 64 -43
1535510650.4705927 695 614 632 698 683 675 -3216 -6860 2562 304 107 2 46 66 -45
1535510650.507964 696 614 632 698 682 675 -3190 -6912 2588 247 147 -139 46 66 -45
1535510650.5372097 695 614 632 698 683 675 -3324 -6852 2594 349 136 32 46 66 -45
1535510650.5914235 695 614 632 698 683 676 -3282 -6902 2686 268 114 107 46 63 -46
1535510650.656279 695 614 631 698 683 675 -3164 -6950 2708 405 188 -105 47 65 -45
1535510650.72051 695 614 632 698 683 675 -3262 -6806 2606 139 89 127 45 64 -44
1535510650.7928233 695 614 632 698 683 675 -3222 -6854 2630 287 85 -71 46 63 -45
1535510650.8561761 695 614 632 698 683 675 -3242 -6860 2612 176 142 118 45 64 -45
1535510650.922302 695 614 632 698 683 675 -3214 -6920 2616 343 191 -27 45 64 -45
1535510650.9978542 695 614 631 698 683 675 -3186 -6810 2470 163 86 -51 47 64 -44
1535510651.1205037 695 614 632 698 683 675 -3300 -6920 2642 303 268 218 46 66 -42
1535510651.1536307 695 614 632 698 683 675 -3262 -6846 2504 350 -93 -212 46 64 -43
1535510651.2037249 695 614 632 698 683 675 -3236 -6888 2598 248 108 -187 46 65 -43
1535510651.2723606 696 615 632 698 683 676 -3272 -6906 2614 114 110 -16 46 63 -43
1535510651.3413992 695 614 632 697 683 675 -3264 -6884 2576 468 -60 -114 45 64 -46
1535510651.4074824 695 614 632 698 683 675 -2964 -6864 2608 150 150 23 46 62 -45
1535510651.4753597 695 614 632 697 683 675 -3322 -6810 2554 12 458 377 47 66 -46
1535510651.5425582 695 614 632 698 683 676 -3464 -6952 2480 675 93 -604 48 65 -44
1535510651.6122093 695 614 632 697 683 675 -3024 -6920 2654 457 189 -106 47 66 -45
1535510651.6792138 696 614 632 697 683 675 -3274 -6914 2598 321 273 66 47 63 -45
1535510651.94811 695 614 632 698 683 675 -3234 -6916 2634 330 210 -89 47 62 -43
1535510651.985176 695 614 632 698 683 675 -3134 -6838 2642 410 158 -6 45 64 -43
1535510652.0252292 695 614 632 698 683 675 -3166 -7014 2770 387 331 -178 46 64 -43
1535510652.0687613 696 614 632 698 683 675 -3266 -6754 2620 252 -83 -67 46 63 -43
1535510652.1071906 695 614 632 698 683 675 -3156 -6942 2682 318 90 -164 45 63 -44
1535510652.145151 695 614 632 697 683 675 -3160 -6822 2612 325 185 -114 45 64 -44
1535510652.1865003 695 614 632 698 683 675 -3210 -6860 2550 107 232 392 46 63 -43
1535510652.2362597 695 614 632 698 683 676 -3374 -6738 2612 542 90 -259 45 63 -45
1535510652.293132 695 614 632 697 683 675 -3126 -6972 2708 89 116 192 45 63 -46
1535510652.3581955 695 614 632 697 683 675 -3314 -6860 2730 92 145 275 47 63 -44
1535510652.598329 695 614 632 697 683 675 -3126 -6854 2616 164 56 43 47 64 -43
1535510652.6364238 695 614 632 697 682 675 -3232 -6948 2650 -34 209 160 47 66 -44
1535510652.675149 695 614 632 698 683 675 -3190 -6798 2718 -148 60 175 45 63 -44
1535510652.7111762 695 614 632 697 683 675 -3230 -6888 2664 -183 512 683 48 63 -44
1535510652.7523868 695 614 631 697 683 675 -3348 -6872 2480 196 111 123 47 65 -43
1535510652.7891273 695 614 632 697 683 676 -3394 -6820 2648 191 222 398 45 63 -44
1535510652.8341124 695 614 632 697 683 675 -3250 -6838 2608 342 47 -13 44 64 -43
1535510652.903512 695 614 632 697 683 675 -3226 -6846 2562 473 176 -148 43 66 -44
1535510652.9691849 695 614 632 697 683 675 -3448 -6854 2598 -1 95 557 48 64 -43
1535510653.038213 695 614 632 697 683 675 -3334 -6794 2652 165 281 144 46 64 -44
1535510653.2589853 695 614 631 698 683 675 -3366 -6838 2492 408 104 -75 47 64 -45
1535510653.2942498 696 614 631 697 683 675 -3440 -6924 2724 376 190 -164 44 63 -45
1535510653.328018 695 614 632 697 682 675 -3290 -6704 2636 60 3 -10 45 63 -46
1535510653.3621206 696 614 631 697 683 675 -3362 -6824 2560 184 86 207 47 65 -43
1535510653.4062607 696 614 632 697 683 675 -3456 -6836 2678 335 220 -203 46 64 -45
1535510653.4440324 696 614 631 698 683 675 -3344 -6798 2620 223 195 106 46 65 -44
1535510653.5111997 695 614 632 697 682 675 -3418 -6872 2596 211 161 65 47 63 -44
1535510653.5772457 696 614 632 697 683 675 -3384 -6796 2586 222 3 -56 44 65 -43
1535510653.646133 696 614 631 698 683 675 -3358 -6842 2634 106 184 -109 45 64 -44
1535510653.7131286 695 614 631 697 683 675 -3434 -6622 2398 60 171 515 44 65 -45
1535510653.903293 695 614 632 697 682 674 -3248 -6750 2388 709 439 -378 45 63 -43
1535510653.960258 695 614 632 697 683 675 -3348 -6708 2556 317 75 104 43 66 -45
1535510653.991878 695 614 632 697 683 675 -3482 -6906 2610 108 230 25 45 65 -43
1535510654.023506 695 614 632 697 683 675 -3360 -6828 2602 283 11 -213 46 64 -44
1535510654.0581083 696 614 632 697 682 676 -3298 -6816 2564 -37 166 387 46 63 -45
1535510654.1196892 696 614 632 697 683 675 -3466 -6748 2628 305 114 65 45 66 -44
1535510654.1878972 696 614 632 697 683 675 -3452 -6862 2632 364 -80 123 45 66 -44
1535510654.2561762 695 614 632 697 683 674 -3390 -6848 2570 290 138 -66 47 61 -45
1535510654.32411 695 614 632 697 683 675 -3412 -6810 2626 228 117 -119 45 66 -45
1535510654.3940322 695 614 632 697 683 675 -3412 -6764 2588 240 98 -31 46 65 -43
1535510654.671902 695 614 632 697 683 675 -3348 -6824 2648 147 190 136 44 65 -46
1535510654.7069101 695 614 631 697 683 674 -3470 -6828 2622 219 192 212 45 64 -43
1535510654.7440007 695 614 632 697 683 675 -3384 -6806 2614 256 134 -111 47 65 -45
1535510654.7839627 695 614 632 697 682 675 -3468 -6766 2562 296 125 105 44 67 -45
1535510654.82403 695 614 631 697 683 675 -3402 -6770 2570 255 86 8 43 65 -44
1535510654.866958 695 614 631 697 683 675 -3564 -6860 2494 857 -372 -932 44 64 -44
1535510654.9049656 695 614 632 697 682 675 -3330 -6692 2646 966 265 -485 45 65 -45
1535510654.9480665 695 614 632 698 683 675 -3132 -6834 2624 819 136 -708 45 67 -44
1535510655.0130093 695 614 631 697 683 675 -3732 -6506 2630 1160 -214 -1085 46 64 -43
1535510655.0839806 695 614 631 697 683 675 -3606 -7558 2710 -188 -377 -1513 48 63 -40
1535510655.323011 695 614 632 697 683 675 -3596 -6722 2720 2679 -85 -1265 45 61 -42
1535510655.3648968 695 613 631 697 682 675 -3478 -6146 3184 873 -192 175 45 66 -43
1535510655.4059901 695 613 631 697 683 675 -3686 -7820 3114 -2804 972 2583 44 65 -42
1535510655.4469686 695 613 631 697 682 675 -4428 -6826 2688 1106 -300 -1729 43 66 -43
1535510655.4869368 695 614 631 697 682 675 -3928 -7174 3268 832 -822 -3457 43 64 -43
1535510655.5297546 695 614 632 697 683 675 -2304 -8278 3378 1296 136 5530 47 65 -42
1535510655.5799577 695 614 631 697 682 674 -4760 -2998 3994 -1032 -67 3017 44 67 -41
1535510655.6529646 695 614 631 697 683 675 -4158 -7694 1636 -65 -1033 -4827 44 69 -44
1535510655.7239485 695 614 632 697 683 675 -3078 -6300 3746 -314 -256 1944 44 67 -39
1535510655.7951279 696 614 631 697 682 675 -3616 -6730 2958 -373 695 -1110 43 67 -44
1535510656.0168314 696 614 631 697 682 675 -3926 -6312 2652 479 104 388 42 66 -42
1535510656.0552435 695 614 631 697 683 674 -3610 -6520 2896 203 204 -179 44 66 -43
1535510656.0908403 695 614 631 697 683 675 -3750 -6598 2898 103 246 294 44 67 -41
1535510656.127914 695 614 631 697 682 675 -3786 -6514 2870 53 359 124 43 64 -43
1535510656.1648166 695 614 631 697 683 675 -3756 -6542 2850 190 128 202 46 67 -44
1535510656.2017968 695 614 631 697 683 675 -3700 -6568 3030 23 236 144 46 68 -42
1535510656.2699711 695 614 632 697 682 675 -3766 -6504 2818 280 217 188 45 66 -43
1535510656.337908 695 614 632 697 683 675 -3774 -6642 2798 213 219 83 43 66 -42
1535510656.403909 695 614 631 697 682 675 -3774 -6404 2806 7 179 130 44 65 -42
1535510656.4698908 695 614 631 697 683 675 -3754 -6446 2806 345 87 99 44 67 -41
1535510656.642774 695 614 631 697 682 675 -3768 -6590 2738 50 86 -71 43 70 -43
1535510656.676769 695 614 631 697 682 675 -3748 -6482 2914 306 118 9 45 67 -42
1535510656.7198656 695 614 632 697 682 675 -3738 -6548 2812 274 117 -59 43 68 -45
1535510656.763882 694 614 631 697 683 675 -3808 -6474 2864 390 109 -134 45 67 -45
1535510656.8061602 695 614 631 697 682 675 -3702 -6684 2848 383 272 8 45 67 -43
1535510656.8728497 695 614 631 697 682 675 -3904 -6406 2760 596 259 -21 43 65 -43
1535510656.9420164 695 614 631 697 683 676 -3356 -6628 3120 -115 -20 461 45 67 -41
1535510657.013079 695 614 631 697 683 675 -3310 -6898 3266 2025 1082 2402 43 67 -41
1535510657.0848963 695 614 631 697 682 675 -3674 -6154 1724 6642 282 -1696 44 65 -42
1535510657.1561277 695 614 631 697 682 675 -2714 -7046 3650 -1171 -529 3114 43 66 -39
1535510657.31273 696 613 631 697 682 675 -2890 -5720 3624 -473 291 -3979 42 67 -40
1535510657.3497002 695 613 631 697 682 675 -4442 -6692 2716 -1684 -819 -1323 45 65 -41
1535510657.394795 695 614 631 697 682 674 -4134 -6508 3510 -3804 -1714 2845 42 66 -43
1535510657.4468222 695 614 631 697 682 675 -3286 -8262 2888 -5846 -854 4809 42 69 -41
1535510657.518768 695 614 631 697 682 675 -4084 -4786 2910 2661 -1052 2817 42 70 -43
1535510657.5896928 695 614 631 697 683 674 -4214 -4772 3128 -776 256 1480 41 70 -41
1535510657.6607208 695 614 631 697 682 674 -4338 -5782 3078 628 1150 -2528 42 70 -42
1535510657.7318177 695 614 631 697 683 675 -4430 -6432 2650 -541 524 -1294 41 68 -41
1535510657.7987335 695 614 631 697 682 675 -3964 -6822 2846 -498 379 44 43 71 -44
1535510657.8694754 695 614 631 697 682 674 -4302 -6352 2710 581 182 -747 42 69 -45
1535510657.986786 695 614 631 697 682 675 -4184 -6052 2772 286 138 387 42 69 -42
1535510658.0318074 695 614 631 697 682 675 -4126 -6058 2948 503 239 -1150 44 69 -44
1535510658.0768466 695 614 631 697 682 675 -4174 -6382 2818 136 191 -840 43 68 -44
1535510658.1449068 695 614 632 697 682 674 -3992 -6500 2786 66 356 -574 44 68 -41
1535510658.2129278 695 614 631 697 682 675 -4034 -6436 2732 342 170 -420 41 68 -41
1535510658.282753 695 614 631 697 682 675 -4004 -6234 2798 499 514 -408 44 68 -42
1535510658.3558445 695 614 631 697 682 675 -4104 -6172 2744 1793 1042 -2179 45 69 -42
1535510658.4248013 695 614 632 697 683 675 -3902 -6628 2810 279 118 -445 44 68 -43
1535510658.4917212 695 614 631 697 683 675 -3730 -6572 2844 338 194 87 42 66 -43
1535510658.556777 695 614 631 697 683 675 -3858 -6282 3002 399 323 97 44 67 -44
1535510658.7066038 695 614 631 697 683 675 -3986 -6372 2902 -50 54 -105 44 64 -43
1535510658.741604 695 614 631 697 682 674 -3906 -6502 2778 302 312 -430 43 65 -41
1535510658.7751293 695 614 631 697 682 675 -3968 -6656 2794 539 154 50 44 68 -43
1535510658.8317657 695 614 632 697 683 674 -3086 -5874 3278 291 413 -469 44 65 -43
1535510658.9033375 695 614 631 697 683 675 -3872 -6192 2808 744 -410 -2685 43 66 -45
1535510658.9747062 695 614 631 697 683 675 -3630 -6486 2310 -178 -197 1963 43 65 -42
1535510659.0435684 695 614 631 697 682 675 -3882 -6280 2256 535 1439 210 43 67 -44
1535510659.1157846 695 613 631 697 683 674 -4262 -6686 2234 -2398 -2290 357 43 69 -45
1535510659.1868484 695 614 631 697 682 675 -4200 -6346 2586 714 -264 -1464 46 70 -45
1535510659.2656188 694 614 631 697 682 674 -3644 -7018 2532 -170 -918 -5059 45 67 -46
1535510659.4126112 695 614 632 697 682 675 -2992 -7090 2768 -2787 -885 4690 44 66 -44
1535510659.4485056 695 614 631 697 682 675 -4366 -5562 2602 -157 717 -2885 45 68 -44
1535510659.4918363 695 614 631 697 682 675 -3570 -7244 2510 1524 194 179 45 65 -43
1535510659.540727 694 614 632 697 682 675 -3504 -6598 2904 1258 604 -635 43 68 -45
1535510659.6077495 695 614 632 697 682 675 -3440 -6620 2910 87 -46 221 42 67 -44
1535510659.6776564 695 614 631 697 682 675 -3686 -6628 2756 329 448 200 42 67 -43
1535510659.7467277 695 614 632 697 682 675 -3734 -6536 2638 -117 153 226 43 68 -45
1535510659.8137815 695 614 632 697 683 675 -3684 -6590 2714 156 162 185 43 65 -44
1535510659.883631 694 614 631 697 683 674 -3716 -6698 2712 -231 144 577 43 67 -45
1535510659.951656 695 614 631 697 682 675 -3842 -6512 2670 48 201 359 43 67 -45
1535510660.111542 695 614 632 697 682 674 -3784 -6562 2572 142 34 -127 44 67 -44
1535510660.145484 695 614 632 697 682 674 -3724 -6656 2678 137 205 -151 44 68 -45
1535510660.1806822 695 614 631 697 683 674 -3632 -6680 2588 36 139 84 44 67 -45
1535510660.2226765 695 614 631 697 682 675 -3792 -6512 2550 289 293 140 44 67 -45
1535510660.2911334 695 614 631 697 682 675 -3818 -6674 2626 344 112 -212 44 66 -45
1535510660.3586783 695 614 631 697 682 674 -3726 -6616 2756 123 179 100 43 66 -46
1535510660.4265625 695 614 631 697 682 675 -3680 -6640 2662 253 207 94 44 66 -46
1535510660.4926748 695 614 632 697 682 675 -3766 -6628 2632 248 278 -4 44 66 -45
1535510660.5605981 695 614 631 697 682 675 -3714 -6614 2676 71 281 204 42 67 -46
1535510660.632664 695 614 632 697 682 674 -4228 -5858 2622 -172 -114 -2703 44 69 -44
1535510660.7848437 695 614 632 697 682 674 -3952 -7674 2734 -3631 1264 3044 43 67 -46
1535510660.8189409 695 614 631 697 682 675 -4334 -6426 2338 794 159 100 44 67 -45
1535510660.8543403 694 614 631 697 682 675 -4408 -6680 2338 -557 33 -286 45 67 -46
1535510660.9155693 695 614 631 697 682 674 -3936 -8036 2434 -3165 -212 -2210 44 66 -46
1535510660.9857538 695 614 631 697 682 674 -3926 -7972 2222 4521 804 1857 44 68 -48
1535510661.0565457 694 614 631 697 682 675 -4130 -6352 3004 -197 408 1831 42 68 -46
1535510661.127894 695 614 631 697 682 674 -3068 -8762 2118 420 -1360 -112 44 65 -47
1535510661.198646 695 614 631 697 682 674 -4408 -4636 3554 4395 -1752 1780 43 66 -43
1535510661.2706947 694 614 631 697 682 674 -4478 -5596 2344 -937 492 -6187 43 67 -41
1535510661.3405254 695 614 631 697 682 675 -3240 -7672 2492 1957 -564 -385 45 67 -45
1535510661.4924462 695 614 631 697 682 675 -3242 -6338 3116 210 142 -1121 45 66 -43
1535510661.5274231 695 614 631 697 682 675 -3322 -6972 2738 -1243 421 514 46 65 -43
1535510661.5624516 695 614 631 697 682 674 -3616 -6870 2492 737 673 958 46 64 -47
1535510661.616431 695 614 631 697 683 675 -3710 -6486 2648 134 484 361 45 65 -45
1535510661.6870425 695 614 631 697 682 675 -3456 -6782 2690 374 454 331 45 65 -45
1535510661.752429 695 614 631 697 682 674 -3656 -6628 2610 35 328 449 45 67 -45
1535510661.8197608 695 614 631 697 682 675 -3694 -6696 2604 52 210 64 43 67 -44
1535510661.8871408 695 614 631 697 682 675 -3666 -6580 2666 54 330 255 43 66 -44
1535510661.954703 695 614 631 697 682 674 -3636 -6718 2580 154 130 -171 45 68 -43
1535510662.0225828 695 614 631 697 682 674 -3538 -6644 2630 306 230 17 45 67 -43
1535510662.1715155 695 614 631 697 682 675 -3672 -6680 2592 125 235 162 44 67 -45
1535510662.212404 695 614 631 697 682 675 -3672 -6726 2628 289 180 -99 44 67 -45
1535510662.2473223 695 614 631 697 682 675 -3640 -6688 2602 225 78 -88 47 66 -44
1535510662.2936594 695 614 631 697 682 675 -3688 -6744 2540 289 108 47 44 67 -44
1535510662.3604715 695 614 632 697 682 675 -3694 -6690 2576 156 186 -50 44 67 -43
1535510662.4285588 695 614 631 697 683 674 -3714 -6630 2594 152 208 279 43 67 -45
1535510662.49562 694 614 631 697 682 674 -3662 -6748 2558 273 188 32 42 68 -45
1535510662.5640128 695 614 631 697 682 675 -3716 -6636 2586 210 106 48 43 66 -43
1535510662.6298602 695 614 632 697 682 675 -3632 -6724 2502 230 127 29 43 65 -46
1535510662.6988518 694 614 631 697 682 675 -3666 -6654 2566 297 133 -89 44 66 -44
1535510662.8513262 695 614 631 697 682 675 -3602 -6766 2602 76 237 403 44 67 -43
1535510662.8856747 695 614 632 697 683 674 -3292 -7080 2844 -1485 -58 2553 45 66 -43
1535510662.9224036 695 614 631 697 682 674 -3784 -6260 2520 -879 296 -45 43 67 -46
1535510662.9763598 695 614 631 697 682 674 -3944 -6676 1844 1970 614 2516 44 66 -45
1535510663.0483992 695 614 631 697 682 675 -3458 -5666 2030 11026 1449 -358 45 68 -46
1535510663.121618 694 614 631 697 682 674 -3066 -6762 2114 -7917 1410 7185 42 69 -47
1535510663.1918936 694 613 631 697 682 675 -4850 -7216 1652 2331 168 -2290 41 70 -46
1535510663.2653298 694 614 631 697 682 675 -3864 -7140 2376 3769 -2821 -4057 44 66 -45
1535510663.3366268 695 614 631 697 682 675 -2746 -6776 4180 -932 -960 9436 45 68 -43
1535510663.4096892 694 614 631 697 682 674 -4648 -4512 2912 1568 2917 -8268 45 67 -42
1535510663.5963051 694 614 631 697 682 675 -3888 -8646 1652 -243 91 -1717 44 66 -43
1535510663.6312976 694 614 631 697 682 675 -3512 -5914 3064 807 -670 777 45 66 -45
1535510663.668597 695 614 631 697 682 674 -3256 -7226 3044 -453 -119 -210 48 65 -43
1535510663.7135093 694 614 631 697 682 675 -3754 -6224 2708 161 299 324 45 67 -45
1535510663.7602153 694 614 631 697 682 674 -3668 -6714 2620 -252 82 350 44 66 -43
1535510663.8233724 694 614 631 697 682 675 -3616 -6642 2750 101 311 365 44 65 -45
1535510663.8934007 695 614 631 697 682 675 -3716 -6598 2624 -158 290 611 44 66 -46
1535510663.9614406 695 614 631 697 682 674 -3906 -6626 2626 425 192 -122 43 67 -43
1535510664.0284014 695 614 631 697 682 674 -3728 -6556 2734 189 46 121 44 67 -45
1535510664.0961452 694 614 631 697 682 675 -3738 -6614 2572 248 207 131 45 65 -45
1535510664.2652946 695 614 631 697 682 674 -3788 -6594 2652 115 238 121 44 67 -46
1535510664.3022456 695 614 631 697 682 675 -3754 -6536 2728 339 112 -102 45 67 -45
1535510664.3362315 695 614 631 697 682 675 -3756 -6626 2694 272 94 72 43 66 -44
1535510664.3754373 694 614 631 697 682 675 -3742 -6576 2702 341 300 722 43 67 -45
1535510664.4365768 694 614 631 697 682 674 -3848 -6590 2658 132 255 -36 44 67 -42
1535510664.5044746 695 614 631 697 682 675 -3750 -6494 2724 177 91 130 43 66 -44
1535510664.5714693 695 614 631 697 682 675 -3828 -6762 2622 121 93 360 45 67 -47
1535510664.6403904 695 614 631 697 682 675 -3854 -6470 2680 247 234 -120 44 66 -43
1535510664.7060027 695 614 631 697 682 674 -3786 -6652 2656 52 81 247 44 68 -44
1535510664.7723584 695 614 631 697 682 674 -3812 -6510 2674 64 139 -12 45 66 -45
1535510664.9571848 695 614 631 697 682 674 -3776 -6440 2504 625 87 -29 43 67 -43
1535510664.9922502 695 614 631 697 682 674 -3442 -7228 2512 -88 49 1677 43 68 -45
1535510665.0308764 695 614 631 697 682 675 -3118 -7858 3568 894 -1220 -1378 43 68 -43
1535510665.072278 695 614 631 697 682 674 -4016 -6734 2802 -504 1608 2430 43 65 -44
1535510665.1252782 694 614 631 697 682 675 -3502 -8058 2240 -3754 4909 12105 43 67 -46
1535510665.196448 695 614 631 697 682 674 -4526 -5664 1902 4100 2478 3304 41 69 -47
1535510665.2694564 694 614 632 697 682 674 -4972 -6110 2410 2268 -2000 -2789 40 70 -47
1535510665.343416 694 614 632 697 682 674 -4014 -7272 3022 -322 -2773 -4442 41 69 -44
1535510665.4147363 694 614 632 697 682 674 -3542 -4930 1722 5248 -3228 1110 43 70 -42
1535510665.4873292 694 614 632 697 682 674 -4728 -5234 2758 -3345 462 -6239 43 67 -44
1535510665.7140915 694 615 632 697 682 674 -3270 -8344 2330 1444 -535 -3938 45 66 -42
1535510665.748092 695 614 632 697 682 674 -3070 -6238 3388 764 -184 448 45 66 -42
1535510665.782154 695 614 632 697 682 674 -3416 -7002 2830 -530 368 815 44 66 -44
1535510665.8181348 694 614 632 697 682 674 -3764 -6452 2652 -163 380 367 45 66 -44
1535510665.8531916 694 614 632 697 682 674 -3460 -6734 2726 135 106 -215 44 66 -43
1535510665.9044065 694 614 632 697 682 674 -3438 -6690 2844 191 355 159 46 65 -43
1535510665.9733737 694 614 632 697 682 675 -3654 -6628 2746 -169 246 188 43 67 -43
1535510666.0423684 694 614 632 697 682 674 -3588 -6612 2630 113 195 -55 45 67 -43
1535510666.1105917 695 614 632 697 682 674 -3574 -6692 2752 137 47 -156 43 65 -44
1535510666.1764665 694 614 632 697 682 674 -3496 -6712 2818 257 305 265 46 66 -41
1535510666.413186 694 614 632 697 682 674 -3532 -6726 2684 430 284 -104 46 66 -44
1535510666.4597282 695 614 632 697 682 674 -3584 -6614 2726 452 410 145 45 64 -43
1535510666.5062678 695 615 632 697 682 674 -3592 -6800 2722 167 255 18 44 64 -43
1535510666.5524445 695 614 632 697 682 674 -3616 -6522 2696 269 191 84 44 67 -44
1535510666.5921943 695 614 632 697 682 675 -3590 -6780 2610 147 228 273 46 65 -43
1535510666.6281922 695 614 632 697 682 674 -3638 -6548 2682 115 126 33 45 65 -43
1535510666.6681275 695 614 632 697 682 675 -3586 -6680 2712 219 156 134 44 65 -44
1535510666.7212908 695 614 632 697 682 675 -3608 -6696 2678 228 177 -31 45 67 -42
1535510666.7882495 694 614 632 697 682 675 -3624 -6646 2778 318 154 58 43 66 -43
1535510666.859148 694 614 632 697 682 674 -4378 -6204 2740 620 -331 -1515 44 66 -44
1535510667.0931437 694 614 632 696 682 674 -3110 -6804 2894 -2004 -389 1601 45 64 -44
1535510667.1334147 695 614 632 697 682 674 -3134 -6218 2962 561 -569 1432 43 66 -44
1535510667.1721601 695 614 632 697 682 674 -3754 -5756 2956 1704 1414 4574 44 66 -44
1535510667.2121239 694 614 631 697 682 674 -4238 -6642 2980 1237 318 496 45 68 -44
1535510667.2511656 694 614 632 697 682 674 -2368 -7188 2408 -468 839 610 45 67 -43
1535510667.2914126 694 614 631 697 682 673 -3944 -7328 2412 -427 1397 878 44 67 -46
1535510667.3501976 694 614 631 697 682 673 -4160 -6822 2462 -1 23 -1622 43 64 -47
1535510667.4221666 694 614 631 697 682 674 -2962 -7750 2440 103 -1852 -4708 45 62 -46
1535510667.4940922 694 614 631 697 682 674 -3330 -5854 2428 4641 -1118 2742 47 64 -43
1535510667.5672076 694 614 631 697 682 674 -3728 -6444 2230 -1549 788 -4538 44 64 -44
1535510667.7633576 694 614 631 697 682 674 -2922 -7324 2552 273 -290 30 46 63 -45
1535510667.7980726 694 614 631 697 682 674 -2996 -6986 2806 217 42 -132 45 61 -44
1535510667.834082 694 614 631 697 682 674 -3120 -6926 2620 -260 223 766 46 62 -45
1535510667.875203 695 614 631 697 682 674 -3296 -6868 2436 75 120 243 45 63 -43
1535510667.9130754 695 614 631 697 682 674 -3136 -6864 2510 293 135 30 43 64 -43
1535510667.97321 695 615 631 697 682 674 -3180 -6966 2540 177 326 385 45 64 -44
1535510668.041138 695 614 631 696 682 673 -3304 -6812 2500 94 250 291 43 65 -43
1535510668.1094072 695 614 631 697 682 675 -3280 -6928 2616 272 36 -106 45 64 -44
1535510668.1770976 694 614 631 696 682 674 -3264 -6946 2542 156 125 148 47 63 -42
1535510668.2422628 695 614 631 697 682 674 -3248 -6886 2628 48 190 257 44 66 -45
1535510668.4770133 695 614 631 696 682 673 -3322 -6804 2536 236 167 84 44 64 -43
1535510668.5139902 694 614 631 697 682 674 -3230 -6946 2510 266 50 33 44 65 -43
1535510668.5549898 695 614 631 697 682 674 -3300 -6914 2564 90 177 113 46 65 -43
1535510668.5919755 695 614 631 696 682 674 -3264 -6808 2470 216 197 10 45 64 -44
1535510668.6276083 695 614 631 697 682 674 -3318 -6932 2518 176 134 175 45 65 -43
1535510668.6731894 695 614 631 696 682 674 -3350 -6824 2526 323 173 -80 45 66 -45
1535510668.720294 694 614 631 697 682 674 -3326 -6880 2454 277 179 71 46 65 -42
1535510668.7822871 695 614 631 697 682 674 -3288 -6952 2548 316 191 -32 44 65 -46
1535510668.849613 694 614 631 697 682 674 -3296 -6864 2514 242 198 96 45 64 -44
1535510668.9370117 694 614 631 697 682 674 -3104 -7138 2824 255 749 467 45 65 -44
1535510669.1549387 694 614 631 697 682 674 -2972 -6452 2618 339 623 102 46 64 -44
1535510669.1940634 694 614 631 697 682 674 -2982 -7254 2210 1693 438 2923 44 65 -45
1535510669.2340083 694 614 631 697 682 674 -3042 -6804 3388 1214 -1033 -148 45 66 -43
1535510669.2740955 694 614 631 697 682 674 -3642 -6896 2240 -2197 739 3527 46 66 -44
1535510669.3160512 695 614 631 697 682 673 -4162 -7838 2938 3209 1983 2657 42 68 -47
1535510669.3579643 694 614 631 696 682 674 -4074 -6614 2466 1808 898 -1144 40 65 -47
1535510669.4149857 694 614 631 696 682 674 -4274 -7368 3374 1394 -1748 -5516 45 63 -43
1535510669.4881926 695 615 632 696 682 674 -2426 -6804 2122 2000 -2291 2381 44 66 -43
1535510669.559041 694 614 632 697 682 674 -4342 -4926 2890 -2893 989 -423 45 65 -43
1535510669.631002 694 614 631 697 682 674 -3488 -7894 1986 -490 139 -2827 43 64 -46
1535510669.8439076 695 614 631 696 682 674 -3228 -6532 2894 492 -74 1494 44 65 -44
1535510669.8839955 694 614 632 696 682 674 -3312 -6936 2710 -116 101 -216 46 67 -44
1535510669.9239295 694 614 631 696 682 673 -3542 -6616 2494 -259 219 886 42 67 -44
1535510669.9659634 694 614 631 696 682 673 -3546 -6770 2456 -52 119 -41 44 66 -43
1535510670.0152216 694 614 632 696 682 674 -3438 -6812 2660 110 145 145 44 64 -43
1535510670.063363 694 614 631 696 682 674 -3528 -6790 2504 158 288 290 42 64 -44
1535510670.1129637 694 614 632 696 682 673 -3626 -6722 2522 58 145 19 45 64 -46
1535510670.175936 694 614 632 696 682 674 -3526 -6766 2554 112 130 29 42 66 -45
1535510670.2430613 694 614 632 697 682 674 -3562 -6772 2528 123 137 -33 45 68 -42
1535510670.3129497 694 614 631 696 682 674 -3546 -6668 2448 250 187 35 44 66 -43
1535510670.5559082 694 614 632 696 682 674 -3510 -6818 2544 259 241 19 46 66 -47
1535510670.5964117 694 614 632 696 682 674 -3580 -6754 2562 120 278 161 43 69 -45
1535510670.6338472 694 614 632 697 681 674 -3630 -6732 2448 74 227 61 43 66 -46
1535510670.670967 694 614 631 696 682 674 -3586 -6802 2524 148 104 -180 46 67 -46
1535510670.708878 695 614 632 696 682 674 -3568 -6740 2470 234 243 74 43 66 -45
1535510670.7469294 695 614 632 696 682 674 -3598 -6780 2518 178 179 109 42 68 -46
1535510670.784914 694 614 631 696 682 673 -3672 -6760 2460 279 252 51 44 64 -45
1535510670.8509147 694 614 632 696 682 674 -3578 -6790 2442 146 53 -14 44 66 -45
1535510670.9180715 694 614 632 696 682 674 -3614 -6782 2466 182 134 63 43 66 -44
1535510670.9868686 694 614 632 696 682 674 -3186 -6252 2158 751 70 -1290 45 67 -43
1535510671.2258716 694 614 631 696 682 674 -3222 -8046 2532 512 635 202 44 67 -45
1535510671.2638853 694 614 631 696 682 674 -4004 -6402 2492 1740 897 987 43 66 -48
1535510671.3077276 695 614 631 696 682 674 -3736 -6252 2730 281 -129 1904 43 66 -45
1535510671.3438363 695 614 631 696 682 674 -2568 -7322 2862 1950 -33 1114 43 66 -44
1535510671.384818 694 614 632 696 682 674 -3096 -7982 2862 -798 1457 3910 44 66 -46
1535510671.422852 694 614 633 696 682 674 -3920 -6280 2710 1396 376 6303 41 67 -46
1535510671.476798 694 614 634 696 682 673 -4506 -5280 2524 2898 953 -6671 40 67 -45
1535510671.549849 695 614 633 696 682 674 -3408 -8792 2398 -159 -178 -2937 43 66 -44
1535510671.620847 695 614 634 696 682 673 -3268 -5126 1576 4567 -1005 3933 44 66 -44
1535510671.6938124 694 614 633 696 682 674 -4308 -6358 2010 -2544 462 -5780 43 66 -44
1535510671.910745 695 614 633 696 682 674 -3254 -7054 2570 780 -771 -769 45 65 -44
1535510671.946726 695 614 633 696 682 674 -2908 -6840 3128 415 -357 -1249 47 64 -44
1535510671.9898198 694 615 633 696 682 674 -3284 -7040 2596 -618 168 1596 44 64 -45
1535510672.0347896 694 614 633 696 682 674 -3560 -6670 2592 -354 459 768 45 64 -44
1535510672.0769365 694 614 633 696 682 674 -3456 -6752 2518 -107 261 549 44 65 -44
1535510672.12097 694 614 633 696 682 674 -3426 -6858 2652 111 397 407 42 63 -44
1535510672.176996 694 614 633 696 682 674 -3576 -6664 2520 -9 417 421 41 65 -44
1535510672.2470045 694 614 633 696 682 674 -3618 -6808 2498 287 175 113 42 67 -44
1535510672.3150167 694 614 633 696 682 674 -3508 -6756 2566 117 179 -67 43 65 -45
1535510672.3828895 694 614 633 696 682 674 -3522 -6734 2502 218 264 195 45 66 -43
1535510672.4977772 694 614 633 696 682 674 -3552 -6794 2566 248 214 -41 42 65 -43
1535510672.535087 694 614 633 697 682 673 -3606 -6782 2562 308 240 -10 44 63 -47
1535510672.58786 694 614 633 696 682 674 -3522 -6812 2490 319 232 -28 44 68 -44
1535510672.655782 694 614 633 696 682 674 -3624 -6734 2516 245 157 -44 44 66 -44
1535510672.7220397 694 614 633 696 682 673 -3622 -6764 2502 230 163 54 45 67 -43
1535510672.7897723 694 614 633 696 682 674 -3570 -6726 2458 231 235 -73 44 65 -45
1535510672.8577843 694 614 633 696 682 674 -3638 -6738 2488 311 189 -18 46 68 -44
1535510672.9260366 694 614 633 696 682 674 -3560 -6744 2458 186 162 -7 43 67 -45
1535510672.9916894 694 615 634 696 682 674 -3610 -6740 2482 312 95 10 44 66 -46
1535510673.059939 694 614 633 696 682 674 -3576 -6780 2514 216 126 137 47 66 -42
1535510673.240612 694 614 633 696 682 674 -3544 -6792 2520 206 212 11 43 64 -44
1535510673.2766933 694 615 633 696 682 674 -3560 -6762 2526 268 302 311 44 65 -44
1535510673.3146067 694 614 633 696 681 673 -3500 -7528 2668 155 2023 -2069 43 64 -45
1535510673.352625 694 614 633 696 682 674 -4008 -6458 2394 988 -1144 -187 45 64 -44
1535510673.410111 695 614 633 696 682 674 -3902 -5802 2926 -2607 -114 -2619 44 65 -46
1535510673.4827979 693 609 629 695 681 668 -4366 -8996 696 -3761 1638 3386 43 65 -47
1535510673.5526292 693 611 631 696 681 671 -3914 -6938 2636 7127 202 -768 42 65 -47
1535510673.6247497 693 611 631 696 682 670 -3138 -8532 3324 255 -2408 -2355 44 66 -46
1535510673.6974223 695 614 634 696 682 673 -3744 -3656 2468 1849 -2085 9294 45 66 -44
1535510673.769972 695 614 633 696 682 673 -5462 -5586 1436 -3520 2226 -4945 43 71 -46
1535510673.9679122 695 614 634 696 682 673 -2932 -7762 2456 2269 -969 -2892 44 65 -46
1535510674.0027182 694 614 634 696 682 673 -3006 -6880 3432 996 -812 -563 44 66 -43
1535510674.0382726 694 614 633 696 682 673 -3494 -6862 2520 -142 -97 856 44 64 -43
1535510674.0725794 695 614 633 696 682 672 -3978 -6448 2230 118 524 547 43 66 -44
1535510674.119736 694 614 633 696 682 673 -3762 -6746 2472 -163 165 183 42 66 -45
1535510674.1878815 694 614 633 696 681 673 -3644 -6644 2534 -146 242 175 43 67 -44
1535510674.2556963 694 614 633 696 682 672 -3616 -6776 2570 -56 242 389 42 65 -47
1535510674.3258865 695 614 634 696 682 673 -3798 -6674 2316 -249 328 567 44 65 -46
1535510674.3946486 694 614 633 696 682 673 -3860 -6700 2320 -189 215 154 42 67 -46
1535510674.4610865 694 614 633 696 682 674 -3870 -6622 2300 67 13 224 42 67 -43
1535510674.6205041 694 614 633 696 682 673 -3794 -6790 2390 27 185 40 44 65 -45
1535510674.6545796 694 614 634 696 682 673 -3832 -6724 2358 134 230 40 41 67 -45
1535510674.6927319 694 614 633 696 682 673 -3870 -6696 2294 197 215 -150 44 67 -45
1535510674.7423098 694 614 633 696 682 673 -3786 -6650 2414 180 81 -154 42 68 -46
1535510674.7996798 694 614 633 696 681 673 -3760 -6722 2364 296 173 -86 41 67 -45
1535510674.8665395 694 613 633 696 682 673 -3824 -6774 2358 348 107 -80 44 68 -45
1535510674.9360054 694 614 633 696 682 673 -3704 -6708 2400 173 128 -90 43 68 -46
1535510675.0031512 694 614 633 696 682 673 -3828 -6726 2298 224 211 155 44 66 -46
1535510675.0708556 694 614 633 696 682 673 -3762 -6746 2274 253 256 -31 42 69 -48
1535510675.1386034 694 613 633 696 682 673 -3766 -6624 2254 285 179 -18 42 68 -46
1535510675.3155022 694 613 633 696 681 673 -3800 -6740 2502 201 245 -120 45 68 -47
1535510675.3505259 694 614 633 696 682 673 -3668 -6658 2232 191 168 150 42 67 -44
1535510675.388452 694 614 633 696 682 674 -3878 -6808 2402 277 362 -253 44 66 -47
1535510675.4296298 694 614 633 696 682 672 -3840 -6676 2288 417 47 -42 43 67 -46
1535510675.4818313 694 614 633 696 682 673 -3714 -6742 2196 325 103 -304 42 66 -46
1535510675.551641 695 614 633 696 682 673 -3800 -6714 2344 385 105 -204 43 66 -47
1535510675.618666 695 614 633 696 682 673 -3748 -6728 2386 222 159 39 43 68 -46
1535510675.6875467 695 614 633 696 681 673 -3822 -6710 2246 255 261 -141 43 69 -46
1535510675.7556577 694 614 633 696 682 673 -3802 -6676 2328 354 137 -68 42 66 -47
1535510675.824474 694 614 633 696 682 673 -3694 -6784 2384 260 28 -208 43 69 -47
1535510675.9904559 694 614 633 696 681 672 -3716 -6640 2352 417 26 28 42 67 -45
1535510676.0245163 694 613 633 696 681 673 -3756 -6814 2386 429 123 -103 43 68 -45
1535510676.06713 694 614 633 696 682 674 -3694 -6664 2376 251 124 -15 43 66 -47
1535510676.1094794 694 614 633 696 682 673 -3756 -6738 2390 392 81 -110 44 66 -44
1535510676.1610866 694 614 633 696 682 673 -3658 -6736 2360 222 60 65 45 68 -46
1535510676.2305737 694 614 633 696 681 673 -3760 -6822 2422 424 134 -215 43 66 -47
1535510676.2966142 694 614 633 696 682 672 -3574 -6668 2418 109 163 43 43 65 -45
1535510676.3665292 694 614 633 696 682 673 -3872 -6766 2260 266 325 -113 42 68 -45
1535510676.4355032 694 614 633 696 682 673 -3674 -6670 2424 385 -29 -332 44 66 -47
1535510676.5035093 694 614 633 696 682 673 -3650 -6824 2526 220 304 329 42 67 -45
1535510676.749484 694 614 633 696 682 673 -3810 -6698 2208 409 85 -134 42 68 -45
1535510676.7880301 694 614 633 696 682 673 -3668 -6796 2380 40 208 287 43 66 -46
1535510676.8264053 694 614 633 696 682 673 -3784 -6754 2370 71 155 133 42 67 -47
1535510676.86149 694 614 633 696 682 673 -3808 -6698 2390 108 272 193 45 66 -47
1535510676.9014547 695 614 633 696 681 673 -3808 -6680 2378 165 115 204 43 65 -47
1535510676.9384477 695 614 633 696 682 672 -3768 -6710 2344 230 115 77 44 65 -47
1535510676.977558 695 614 634 696 681 673 -3764 -6674 2232 117 140 179 44 64 -47
1535510677.0456681 694 614 633 696 682 673 -3866 -6762 2402 207 291 128 45 66 -46
1535510677.112507 695 613 633 696 681 673 -3874 -6630 2264 208 82 -40 43 68 -47
1535510677.1786687 695 614 634 696 681 673 -3768 -6714 2226 153 161 164 42 67 -46
1535510677.421363 694 614 633 696 682 673 -3842 -6706 2320 183 121 -43 42 68 -45
1535510677.4582858 695 614 633 696 682 674 -3778 -6696 2316 204 155 112 44 67 -45
1535510677.496928 694 614 633 696 682 673 -3824 -6726 2312 167 280 25 43 66 -46
1535510677.5337803 694 614 633 696 682 673 -3890 -6642 2282 267 127 52 42 66 -45
1535510677.5762808 695 614 634 696 681 673 -3780 -6744 2284 209 76 -51 42 69 -46
1535510677.6182845 694 614 633 696 681 673 -3864 -6676 2330 190 134 44 43 67 -45
1535510677.6528797 694 614 633 696 682 673 -3902 -6720 2276 75 238 170 44 67 -46
1535510677.7184286 694 614 633 696 682 672 -3856 -6684 2272 168 165 53 42 68 -47
1535510677.7743437 695 614 634 696 682 673 -3932 -6748 2374 231 45 -112 42 68 -47
1535510677.8560371 695 613 633 696 682 673 -3576 -6708 2478 246 113 -21 41 69 -45
1535510678.0593808 695 613 633 696 681 672 -3924 -6610 2260 93 248 347 42 67 -46
1535510678.09148 694 614 633 696 682 674 -3928 -6728 2184 481 56 -502 42 67 -45
1535510678.1190279 694 614 633 696 681 674 -3666 -6744 2404 99 235 193 43 66 -46
1535510678.152668 695 614 633 696 682 674 -3826 -6682 2194 91 172 274 44 67 -47
1535510678.1905732 695 614 634 696 682 673 -3964 -6734 2338 322 236 -345 43 68 -46
1535510678.2538943 694 613 633 696 681 673 -3700 -6602 2298 385 -161 -196 42 67 -46
1535510678.3206565 694 614 633 696 681 673 -3868 -6786 2298 411 223 -70 42 65 -46
1535510678.401178 695 614 633 696 682 673 -3780 -6726 2254 414 249 -615 43 65 -46
1535510678.4538796 694 614 633 696 681 673 -3778 -6776 2572 396 216 257 43 68 -47
1535510678.5496433 695 613 633 696 682 674 -3670 -6764 2248 81 14 4 43 65 -46
1535510678.7182922 694 614 633 696 682 672 -3894 -6670 2232 82 320 204 43 68 -45
1535510678.7570004 695 614 633 696 682 673 -3812 -6772 2296 152 101 -115 44 65 -46
1535510678.788938 694 614 633 696 681 673 -3830 -6600 2278 -198 294 148 41 66 -47
1535510678.8186972 694 614 633 696 682 673 -3756 -6674 2192 181 54 68 43 66 -46
1535510678.870752 695 613 633 696 681 673 -3846 -6822 2324 57 283 156 41 66 -47
1535510678.9395056 694 613 634 696 682 673 -3816 -6668 2306 105 146 141 42 67 -47
1535510679.0069807 695 614 633 696 681 673 -3960 -6636 2054 327 96 -130 44 67 -46
1535510679.0749922 694 613 633 696 681 673 -3742 -6758 2420 128 168 15 42 67 -45
1535510679.1418614 694 614 633 696 682 673 -3822 -6746 2286 176 27 154 44 69 -46
1535510679.2074 694 614 633 696 681 673 -3852 -6668 2246 57 330 85 42 66 -47
1535510679.4327698 694 614 633 696 682 673 -3888 -6670 2126 357 -71 -35 41 68 -47
1535510679.4749107 694 613 633 696 682 673 -3838 -6802 2352 255 332 -52 44 66 -45
1535510679.515008 694 613 633 696 682 673 -3840 -6592 2140 288 -36 -64 44 67 -47
1535510679.5594845 694 614 633 696 682 674 -3926 -6708 2254 289 218 -86 42 67 -46
1535510679.6004496 694 613 633 696 681 673 -3730 -6720 2374 160 110 248 41 68 -46
1535510679.6312356 694 614 633 696 681 673 -3964 -6734 2270 77 259 213 42 67 -46
1535510679.68193 694 614 633 696 682 673 -3904 -6582 2030 461 -114 -280 42 69 -46
1535510679.7532725 695 614 633 696 682 673 -3920 -6852 2368 402 294 132 43 66 -45
1535510679.8213723 694 614 633 696 681 673 -3672 -6692 2208 474 641 247 42 66 -47
1535510679.8890724 694 614 633 696 682 672 -3990 -6714 2268 485 524 49 43 66 -47
1535510680.1076443 694 614 633 696 682 672 -3962 -6630 2160 540 -15 -300 43 68 -44
1535510680.1492105 694 614 633 696 681 673 -3798 -6782 2370 240 294 130 41 67 -46
1535510680.1888132 694 613 633 696 682 673 -3966 -6642 2336 149 218 0 44 67 -47
1535510680.2332766 694 614 633 696 681 673 -3788 -6692 2360 157 170 204 41 66 -48
1535510680.2707162 694 614 633 696 682 672 -4038 -6640 2246 229 322 -47 44 68 -47
1535510680.3069131 694 613 633 696 682 673 -3664 -6658 2258 188 103 38 43 68 -47
1535510680.3632474 694 614 634 696 682 673 -3972 -6708 2250 223 185 141 43 65 -47
1535510680.4315648 694 613 633 696 681 673 -3854 -6656 2224 434 85 -324 42 65 -46
1535510680.5013423 694 614 633 696 682 673 -3958 -6688 2382 359 212 -134 43 68 -47
1535510680.5681517 694 614 633 696 682 673 -3908 -6698 2314 157 145 53 44 65 -44
1535510680.7860715 694 614 633 696 682 673 -3902 -6666 2282 427 -64 -275 42 67 -46
1535510680.8321676 694 614 633 696 682 672 -3772 -6728 2300 254 4 147 45 67 -47
1535510680.8697734 694 614 633 696 682 673 -3770 -6756 2386 152 68 -48 44 68 -45
1535510680.9080634 694 613 633 696 682 673 -4012 -6518 2068 329 56 318 42 66 -46
1535510680.9455855 694 614 633 696 682 673 -3784 -6732 2350 494 -67 -611 44 66 -46
1535510680.981317 694 614 633 696 681 673 -3656 -6700 2520 -95 399 196 42 67 -46
1535510681.032633 695 614 633 696 682 673 -3934 -6664 2242 453 34 209 42 69 -45
1535510681.1091542 695 614 633 696 681 672 -3866 -6714 2206 591 95 -587 45 65 -44
1535510681.1778655 694 614 633 696 682 673 -3754 -6674 2504 623 128 -316 43 67 -46
1535510681.246714 694 613 633 696 682 673 -3696 -6690 2364 447 220 -66 42 66 -46
1535510681.4205325 694 614 633 696 681 673 -3752 -6596 2222 610 722 -996 42 68 -48
1535510681.4561741 695 613 633 696 681 673 -3934 -7084 2522 902 -105 635 43 66 -46
1535510681.506279 695 614 633 696 682 673 -3732 -6582 2606 941 -158 1081 44 68 -46
1535510681.5585582 694 614 633 696 681 673 -3898 -6458 2552 763 127 1121 41 68 -47
1535510681.6131637 694 614 633 696 682 673 -4230 -6594 2450 1417 -273 939 42 67 -45
1535510681.6671388 694 614 633 696 682 673 -4238 -6432 2284 1846 -534 1412 41 69 -45
1535510681.7359457 694 614 633 696 681 673 -3952 -6528 2982 3597 -543 2464 41 67 -44
1535510681.8079743 694 614 633 696 682 673 -3896 -6342 3444 4616 -296 2907 41 68 -42
