1533315745.4807327 630 637 609 605 724 688
1533315745.5336745 637 641 630 632 745 690
1533315745.5839097 636 640 630 632 744 690
1533315745.6383522 635 640 628 630 742 689
1533315745.6852639 636 640 630 632 744 690
1533315745.7321281 636 640 630 632 744 690
1533315745.782202 642 647 631 634 745 696
1533315745.8446867 642 646 631 634 745 696
1533315745.8907106 641 646 631 633 744 695
1533315745.9375749 641 646 631 633 744 695
1533315746.0380545 639 644 631 632 745 692
1533315746.0536733 642 647 631 633 745 695
1533315746.119391 641 646 630 631 743 694
1533315746.1728883 639 644 629 631 742 693
1533315746.2252197 637 642 629 631 743 691
1533315746.2564628 636 641 630 631 743 689
1533315746.3033261 640 645 631 633 744 693
1533315746.3658125 642 647 632 634 745 695
1533315746.4218738 641 646 632 633 745 695
1533315746.4661398 642 646 632 634 745 695
1533315746.5658786 642 648 632 634 746 696
1533315746.5782402 643 648 633 635 746 697
1533315746.630101 643 647 632 634 746 696
1533315746.6828785 643 648 632 635 746 697
1533315746.7347956 643 648 632 635 746 697
1533315746.7868595 642 648 632 634 745 696
1533315746.8397174 643 648 632 634 744 696
1533315746.883036 638 644 619 621 728 694
1533315746.9299 636 642 615 616 723 693
1533315746.9989939 637 643 615 616 723 693
1533315747.0657542 639 644 621 620 729 695
1533315747.099291 638 644 617 618 727 694
1533315747.1532707 638 642 624 625 735 695
1533315747.190875 633 625 617 619 728 691
1533315747.2533631 630 611 627 629 740 689
1533315747.303553 625 596 612 617 726 685
1533315747.350415 636 602 623 629 744 689
1533315747.412902 641 604 625 632 751 691
1533315747.4597642 635 596 620 626 739 690
1533315747.5066278 635 595 628 635 749 691
1533315747.6093094 650 618 627 636 757 695
1533315747.6232724 632 602 622 628 742 688
1533315747.6702023 636 592 622 628 745 687
1533315747.717069 644 601 625 629 755 686
1533315747.7795532 674 641 632 642 789 692
1533315747.8296978 676 643 622 629 772 694
1533315747.8765619 680 634 626 633 779 697
1533315747.9234238 672 628 622 626 774 691
1533315747.9859083 674 628 635 686 801 688
1533315748.036145 647 621 607 647 760 656
1533315748.1146202 631 612 602 626 754 637
1533315748.1455338 638 617 603 645 752 644
1533315748.1981084 586 573 597 635 718 628
1533315748.249431 578 565 598 631 715 622
1533315748.2933164 591 577 591 627 714 627
1533315748.3401802 592 574 604 640 728 633
1533315748.402667 591 570 601 638 722 631
1533315748.4584067 637 602 616 660 768 646
1533315748.5046759 614 580 612 628 765 616
1533315748.5569508 617 600 613 622 769 619
1533315748.634517 644 675 623 625 777 639
1533315748.6679997 644 677 622 618 776 637
1533315748.705298 647 680 623 617 778 640
1533315748.7677834 645 677 619 609 773 637
1533315748.8189921 640 666 616 604 772 632
1533315748.8658555 647 657 621 611 779 638
1533315748.9283407 654 652 620 616 776 652
1533315748.975205 583 580 599 589 712 629
1533315749.0201983 601 610 606 601 734 638
1533315749.0857065 592 599 608 600 726 635
1533315749.1508148 584 590 604 595 719 632
1533315749.1778007 591 591 634 626 756 638
1533315749.2292702 597 588 636 630 766 639
1533315749.2793484 590 573 622 617 750 634
1533315749.3418317 599 574 636 630 771 638
1533315749.3991861 598 573 625 620 757 635
1533315749.4506955 596 569 626 621 759 635
1533315749.497559 628 597 634 633 767 669
1533315749.5467675 596 568 627 622 761 634
1533315749.5936313 592 564 626 620 758 633
1533315749.6703892 590 561 632 626 763 633
1533315749.7016318 596 567 634 629 770 636
1533315749.7641191 593 564 633 627 767 635
1533315749.8140652 581 553 622 613 729 624
1533315749.8609629 588 560 623 615 754 631
1533315749.9077935 587 558 623 616 752 633
1533315749.970332 587 557 622 615 750 633
1533315750.0171442 591 560 621 615 750 635
1533315750.0681682 595 564 629 624 764 637
1533315750.1302936 603 573 605 600 738 637
1533315750.208107 598 568 606 599 738 635
1533315750.2237296 598 568 599 592 732 635
1533315750.2862146 588 560 585 576 711 629
1533315750.3363733 575 548 580 570 699 625
1533315750.3832045 598 564 638 633 775 641
1533315750.4300694 596 562 633 628 766 639
1533315750.492554 594 562 629 625 763 639
1533315750.5424883 595 562 628 624 762 639
1533315750.5893533 598 564 637 632 773 641
1533315750.6516166 599 564 636 633 772 641
1533315750.716838 577 549 580 575 697 627
1533315750.756384 577 549 581 573 699 629
1533315750.798636 578 550 581 573 701 628
1533315750.8611434 582 552 583 576 705 632
1533315750.9079866 581 552 586 578 708 631
1533315750.9547946 587 555 596 591 726 634
1533315751.0172803 601 564 638 635 776 644
1533315751.0674748 612 576 634 631 779 644
1533315751.1226358 569 536 582 578 700 625
1533315751.1673596 580 546 599 593 721 632
1533315751.235047 581 554 598 597 728 637
1533315751.2698717 619 580 594 594 742 643
1533315751.3167381 641 587 633 609 756 643
1533315751.3792207 576 538 597 596 752 620
1533315751.4261212 587 540 615 603 766 603
1533315751.4729488 563 530 594 589 743 596
1533315751.5376303 548 505 590 579 729 593
1533315751.5844915 605 553 617 583 731 609
1533315751.6448863 584 533 623 590 712 632
1533315751.68552 610 547 567 583 730 635
1533315751.7668686 636 627 595 594 750 649
1533315751.7981145 648 645 607 609 769 658
1533315751.8449757 647 630 599 598 759 654
1533315751.8918753 646 619 599 599 759 654
1533315751.9543257 649 642 603 603 765 657
1533315752.010005 647 637 601 601 764 654
1533315752.0544188 644 617 601 600 763 651
1533315752.1147227 644 613 601 601 763 652
1533315752.166588 645 624 608 607 771 651
1533315752.219015 652 626 624 625 796 655
1533315752.29053 662 631 643 648 822 663
1533315752.3095214 650 619 601 606 765 661
1533315752.3720074 653 618 603 611 767 665
1533315752.4189365 657 619 604 615 769 672
1533315752.465736 660 620 605 619 770 676
1533315752.5317857 660 618 605 618 770 675
1533315752.578649 655 615 603 612 768 668
1533315752.6370716 659 615 604 618 769 674
1533315752.6857207 658 611 604 617 770 673
1533315752.7325506 658 613 604 617 769 674
1533315752.8150167 657 612 604 616 769 672
1533315752.8462565 657 611 603 615 769 672
1533315752.893121 657 608 604 616 770 671
1533315752.9416862 656 604 604 615 769 671
1533315752.9885533 654 609 603 614 768 669
1533315753.0541766 658 610 604 617 769 673
1533315753.1010823 648 606 601 608 766 661
1533315753.1597455 651 607 602 610 767 664
1533315753.2076685 649 606 601 608 766 662
1533315753.2545333 652 607 602 610 768 665
1533315753.3363595 650 601 601 610 767 664
1533315753.367602 650 604 601 609 767 663
1533315753.414466 653 606 602 612 768 667
1533315753.4613316 653 605 602 611 767 666
1533315753.5238154 653 606 602 612 769 667
1533315753.5738106 654 606 602 612 769 667
1533315753.629538 653 605 602 612 768 666
1533315753.669906 652 605 602 611 768 666
1533315753.7323945 653 605 601 611 769 666
1533315753.7826982 653 606 602 612 769 666
1533315753.8608053 652 604 601 611 769 666
1533315753.8764253 653 600 601 612 768 667
1533315753.9389114 654 587 607 619 776 667
1533315753.9857764 655 583 612 624 783 668
1533315754.0359137 648 576 599 611 765 664
1533315754.0984 647 575 603 613 768 664
1533315754.1511664 608 547 613 635 777 651
1533315754.1918051 627 569 573 601 739 651
1533315754.2549005 597 539 598 621 732 638
1533315754.3048434 573 517 570 632 725 632
1533315754.3673291 539 500 564 624 691 620
1533315754.3985722 550 498 569 620 688 623
1533315754.4614797 553 509 575 645 699 625
1533315754.5047276 564 497 597 645 725 632
1533315754.569344 565 509 606 645 732 635
1533315754.6216478 575 510 615 666 740 652
1533315754.6735568 559 505 577 615 696 634
1533315754.7178392 566 526 571 605 703 640
1533315754.7679214 638 628 604 637 754 675
1533315754.830409 664 625 610 643 776 680
1533315754.9085143 669 650 617 647 787 684
1533315754.9241362 665 624 603 631 768 680
1533315754.9866202 666 626 605 630 770 682
1533315755.0387788 670 638 615 640 787 681
1533315755.0856774 669 646 612 638 786 680
1533315755.1437201 669 621 614 639 786 682
1533315755.1913218 667 640 605 627 772 680
1533315755.2425041 671 637 614 638 790 680
1533315755.2913885 673 617 617 641 796 681
1533315755.3382518 668 631 607 633 785 678
1533315755.4163585 673 612 618 642 798 681
1533315755.4476032 674 641 620 645 801 681
1533315755.507906 674 614 619 643 800 681
1533315755.556951 676 614 621 645 803 682
1533315755.6141884 676 638 621 645 804 682
1533315755.6660151 676 632 622 645 805 682
1533315755.7169454 675 614 622 645 805 681
1533315755.763785 674 612 621 645 804 681
1533315755.8139763 674 613 622 645 806 681
1533315755.8608413 672 631 622 644 804 680
1533315755.9389539 673 607 622 645 805 681
1533315755.9701884 673 605 622 645 806 680
1533315756.017053 673 604 622 645 806 681
1533315756.083032 672 602 622 645 806 680
1533315756.1366298 672 628 623 645 807 680
1533315756.1885178 672 602 623 646 808 680
1533315756.2407646 673 623 623 646 808 680
1533315756.2907946 673 602 623 646 808 680
1533315756.3376613 672 601 623 646 808 680
1533315756.3845239 674 602 624 646 809 680
1533315756.4626315 670 600 622 642 808 675
1533315756.4938717 673 602 623 645 810 679
1533315756.5438488 673 602 623 645 810 679
1533315756.6063442 673 604 623 645 810 678
1533315756.6512132 672 614 623 645 810 678
1533315756.7016642 673 623 623 645 810 678
1533315756.7485309 673 621 623 645 811 678
1533315756.8141649 672 619 623 645 810 678
1533315756.8610303 672 615 623 645 810 677
1533315756.9079185 670 594 622 644 810 676
1533315756.9860003 666 595 620 642 806 674
1533315757.0237033 664 590 623 645 809 672
1533315757.0613856 656 572 610 636 798 667
1533315757.1284397 649 571 607 669 788 662
1533315757.1773067 643 579 608 678 790 656
1533315757.2241726 646 583 633 713 818 649
1533315757.2767162 645 573 635 712 819 651
1533315757.3235824 646 575 617 701 783 652
1533315757.386066 651 574 627 718 816 657
1533315757.43293 651 576 624 682 752 649
1533315757.4954154 632 552 586 665 752 652
1533315757.54536 642 576 601 674 759 668
1533315757.5922234 653 603 606 692 771 675
1533315757.6510804 661 618 606 692 773 678
1533315757.6928318 663 619 607 689 775 681
1533315757.7553158 667 630 611 676 778 682
1533315757.805358 667 625 607 662 779 681
1533315757.852222 664 624 601 651 772 678
1533315757.8990848 664 618 603 648 772 680
1533315757.961586 663 616 602 643 772 679
1533315758.0411108 663 614 599 639 772 676
1533315758.0567324 664 622 599 637 773 677
1533315758.1209295 664 616 599 635 773 676
1533315758.172792 664 603 599 634 774 676
1533315758.2251666 665 611 599 633 774 677
1533315758.2731085 664 609 598 631 774 676
1533315758.3229785 665 615 599 630 774 676
1533315758.3698726 665 612 599 630 775 676
1533315758.4330683 665 610 599 629 775 676
1533315758.4826298 665 609 600 629 776 677
1533315758.549314 665 598 599 628 776 677
1533315758.5805953 663 592 599 627 775 676
1533315758.6430116 664 612 598 627 776 676
1533315758.6857605 665 610 601 629 779 677
1533315758.7326303 665 606 601 628 777 677
1533315758.7987275 665 602 602 629 779 677
1533315758.8455954 665 609 602 629 780 678
1533315758.8924553 665 602 602 629 779 677
1533315758.9549396 666 594 601 628 780 677
1533315759.0018027 666 604 601 628 781 677
1533315759.1028872 665 602 601 627 779 676
1533315759.1148539 665 602 601 628 781 677
1533315759.1657176 665 594 600 627 780 676
1533315759.21758 665 596 600 627 780 676
1533315759.2588334 665 592 601 627 781 677
1533315759.3077068 666 593 601 627 781 677
1533315759.3702238 665 605 600 627 781 677
1533315759.4170573 666 598 601 627 781 677
1533315759.4643624 666 594 601 627 782 677
1533315759.5291646 666 594 600 627 782 677
1533315759.6087093 667 610 601 627 782 677
1533315759.6356359 666 596 601 626 782 677
1533315759.6852005 665 593 600 626 781 676
1533315759.7320654 665 593 600 625 780 676
1533315759.7813592 665 600 600 626 781 676
1533315759.8438456 663 595 599 625 780 675
1533315759.890711 661 581 597 623 778 673
1533315759.937606 664 579 602 630 790 675
1533315760.0000577 656 585 595 622 775 669
1533315760.05019 654 582 627 708 790 666
1533315760.1299365 651 575 607 702 797 660
1533315760.157863 626 560 585 664 768 627
1533315760.2100973 623 559 627 673 815 636
1533315760.2569613 508 478 595 631 714 577
1533315760.3070655 543 495 572 632 684 613
1533315760.35393 546 499 575 654 686 643
1533315760.4164178 635 555 588 680 751 658
1533315760.4632797 647 573 606 696 779 664
1533315760.513132 654 576 607 698 775 670
1533315760.5756176 660 616 611 703 786 674
1533315760.6336744 659 606 605 694 771 675
1533315760.6706984 663 614 610 699 775 680
1533315760.7175636 664 618 605 697 776 677
1533315760.7828164 664 600 607 698 776 678
1533315760.8296812 661 613 602 693 773 674
1533315760.876596 662 611 603 694 774 675
1533315760.9390326 665 597 606 697 777 678
1533315760.9858944 665 615 603 695 776 675
1533315761.0400574 664 597 600 692 775 672
1533315761.0869236 665 607 600 676 776 673
1533315761.1728573 666 611 602 665 779 673
1533315761.1884794 665 609 601 657 778 673
1533315761.2457554 666 615 601 652 779 673
1533315761.2956913 663 595 601 648 778 672
1533315761.3582094 663 595 602 645 778 672
1533315761.4050434 664 599 602 655 779 672
1533315761.4519074 665 601 603 645 780 674
1533315761.5144303 663 601 599 640 776 672
1533315761.564406 665 605 601 638 778 674
1533315761.6204317 668 598 606 640 780 676
1533315761.6810064 668 597 604 637 779 678
1533315761.7122517 669 598 607 638 782 679
1533315761.7747352 667 606 604 635 780 676
1533315761.824807 669 599 605 636 782 678
1533315761.87167 670 601 606 635 783 679
1533315761.918535 672 604 607 636 784 680
1533315761.98102 671 630 605 633 783 678
1533315762.0310645 673 608 609 636 785 682
1533315762.0779288 670 604 605 630 782 677
1533315762.1426132 670 607 604 631 783 677
1533315762.2095098 674 609 613 636 786 685
1533315762.2429671 674 613 613 636 786 685
1533315762.2930279 673 608 611 633 785 683
1533315762.3398936 672 608 609 631 784 680
1533315762.4023778 672 609 610 631 784 682
1533315762.4492397 671 611 607 628 782 678
1533315762.496104 671 613 606 627 782 678
1533315762.546227 671 612 607 628 783 678
1533315762.6131065 673 617 611 632 788 680
1533315762.6649675 675 620 615 636 793 681
1533315762.7380776 675 620 614 636 793 680
1533315762.7690563 673 613 610 631 788 679
1533315762.8109694 674 619 613 634 792 680
1533315762.873457 674 623 610 630 788 679
1533315762.9203207 673 623 610 630 788 679
1533315762.9671838 673 632 609 628 786 678
1533315763.0171309 672 629 610 629 788 678
1533315763.0823755 672 628 607 625 783 677
1533315763.1348999 672 623 607 625 784 677
1533315763.185798 671 617 607 625 784 677
1533315763.2685428 671 617 608 626 783 677
