226 293 277 229 283 241
226 292 277 229 282 240
225 291 276 228 281 239
7 294 278 230 284 242
226 293 278 229 284 242
226 293 277 229 283 241
226 292 277 229 282 240
225 291 276 228 281 239
217 287 273 224 276 226
217 288 273 225 276 226
217 288 271 225 275 226
217 286 273 226 275 227
218 288 274 226 276 228
219 287 275 227 276 229
219 287 274 227 275 230
219 288 274 227 277 232
219 288 275 226 277 232
219 288 275 227 277 233
219 288 274 226 277 232
219 288 273 226 277 232
219 287 273 226 276 231
219 287 272 226 276 231
219 287 272 225 276 231
218 287 273 225 276 231
219 287 272 225 276 231
219 287 272 225 276 232
219 287 272 225 276 231
219 287 272 225 276 231
219 287 273 225 276 231
219 287 272 225 276 231
219 287 272 224 276 231
219 287 272 225 276 231
219 288 272 225 276 231
218 287 272 225 276 232
219 287 272 224 276 231
219 287 272 224 276 232
219 287 271 224 276 231
219 287 271 224 276 231
219 287 271 224 276 231
218 287 271 224 276 230
218 287 271 224 276 230
217 287 270 224 275 229
217 287 271 224 276 229
218 287 271 224 276 229
217 287 270 224 275 228
218 286 270 225 275 226
218 287 271 213 276 226
217 286 269 204 274 224
217 285 267 203 274 224
215 284 265 202 272 224
216 285 266 202 272 225
215 286 267 201 273 227
214 285 267 201 273 227
214 286 268 231 273 227
214 286 268 229 274 228
215 287 269 228 275 229
215 288 269 228 275 229
216 289 269 227 276 230
216 289 269 227 276 231
216 289 270 227 277 231
216 290 270 227 277 231
217 290 270 227 278 232
217 291 270 227 278 233
217 291 271 226 278 233
218 291 270 227 278 233
218 291 270 227 279 233
218 291 271 226 278 233
218 291 271 226 279 234
218 291 271 226 279 233
218 291 270 226 279 233
218 291 270 226 279 234
218 291 270 226 279 233
218 290 269 225 278 233
218 290 269 225 278 232
216 284 267 223 273 227
215 283 266 223 271 226
215 282 265 203 271 224
215 285 265 200 272 224
215 284 266 200 271 223
215 283 265 200 271 223
216 283 265 200 271 222
216 284 264 201 271 222
217 284 262 199 272 223
217 285 262 200 273 225
216 286 264 200 273 225
216 285 262 199 273 227
216 286 264 202 274 229
217 290 265 232 278 233
217 292 266 230 279 235
217 291 266 228 278 233
216 291 266 227 278 233
217 291 266 227 278 234
217 291 267 227 278 234
218 292 267 227 279 235
217 291 267 227 278 233
217 291 267 226 278 233
218 292 267 227 279 235
218 292 267 226 279 234
218 291 267 227 278 233
218 291 267 226 278 233
218 291 267 226 278 233
217 291 267 226 278 234
217 291 266 226 278 233
218 290 267 226 278 233
218 291 266 226 278 232
217 291 266 226 278 233
217 291 266 225 278 233
215 287 264 221 274 227
215 286 263 201 273 227
215 286 263 199 273 226
215 286 262 199 273 225
214 286 261 198 272 225
214 285 260 198 272 223
215 286 260 199 272 224
215 282 259 200 270 221
216 281 257 199 269 220
216 281 256 201 269 219
216 281 255 201 269 218
216 282 254 202 269 219
217 284 253 202 271 221
219 288 255 202 275 228
216 285 255 200 272 223
216 286 258 201 272 225
217 286 259 201 272 226
216 286 260 200 272 226
220 294 264 203 281 237
221 296 264 203 283 240
222 297 265 203 284 241
218 288 262 200 275 229
216 286 261 199 273 227
217 287 261 199 273 227
217 287 261 199 273 227
217 287 261 199 274 229
217 288 262 199 274 229
217 288 262 199 275 229
217 287 261 199 273 228
217 286 261 199 273 229
217 286 260 199 273 229
218 286 260 198 273 227
217 285 259 197 272 227
217 286 259 196 272 225
218 286 258 197 273 224
217 282 256 197 270 222
215 282 248 196 268 221
216 284 256 198 270 221
217 284 256 199 271 220
216 280 255 193 267 218
216 280 253 191 268 216
214 279 250 187 267 213
214 280 248 189 268 213
214 282 248 189 270 214
217 284 250 200 271 218
217 284 249 198 272 219
219 284 250 198 271 222
221 288 254 200 277 230
221 288 256 200 276 228
223 289 257 201 278 233
221 286 257 200 274 230
223 291 259 202 278 236
224 293 260 202 281 238
225 294 261 203 282 240
223 291 260 202 278 234
222 289 260 201 276 233
223 290 260 202 277 234
225 293 262 203 280 237
223 289 260 201 276 233
222 288 260 201 276 232
222 288 260 201 275 232
222 289 260 201 276 232
222 288 260 200 275 232
222 289 260 201 276 231
222 289 261 200 277 233
222 291 261 200 278 234
222 291 261 200 278 234
222 291 261 199 278 233
222 291 262 200 278 233
223 291 261 200 278 233
223 291 262 200 278 233
222 292 262 200 279 233
222 291 262 200 279 233
222 292 262 200 279 234
222 292 262 200 279 233
222 292 262 200 279 233
222 290 262 199 277 232
222 288 261 199 276 232
222 288 261 198 275 232
221 288 261 198 276 231
221 288 261 198 275 231
221 288 260 198 275 231
222 287 260 198 275 231
222 287 260 198 275 231
221 287 260 198 275 231
221 287 260 198 275 231
221 287 260 197 275 231
221 287 260 197 275 231
221 287 260 198 275 231
221 287 260 197 275 231
221 287 260 197 275 231
221 287 260 197 275 231
221 287 260 197 275 231
221 287 260 197 275 231
221 287 259 197 275 231
221 287 259 197 275 231
220 287 259 197 274 230
