198 226 302 139 267 206
198 226 302 139 267 206
198 226 302 138 266 206
198 225 301 138 266 206
199 226 302 139 267 206
202 230 306 143 271 211
202 230 305 142 270 211
203 230 305 143 271 211
201 228 304 141 269 209
200 229 304 141 269 209
201 228 303 140 268 209
198 226 300 137 266 206
200 227 302 139 268 208
210 237 310 148 276 216
240 262 340 179 306 248
197 217 298 136 259 198
205 225 305 143 267 206
203 222 304 142 264 204
209 228 309 147 269 208
219 237 317 156 279 218
200 217 299 138 259 197
200 216 297 136 258 197
199 213 295 135 256 194
199 212 296 135 256 192
201 213 297 137 257 193
201 214 297 137 257 193
201 214 296 137 257 193
201 213 296 136 256 193
198 211 295 135 255 190
196 210 294 134 253 190
196 210 294 134 253 190
200 214 297 137 257 193
199 214 297 137 257 193
207 222 305 145 265 202
211 229 308 148 270 210
203 223 300 141 264 204
259 281 353 194 323 266
222 244 318 158 285 226
222 246 320 159 286 228
223 247 321 160 288 230
222 248 321 160 288 229
224 249 323 162 289 230
227 251 325 165 291 232
227 251 325 165 291 232
226 247 324 164 287 228
224 246 324 163 286 227
223 243 322 162 285 225
223 243 323 162 284 225
224 244 323 163 285 226
224 245 323 163 285 227
224 245 324 163 285 227
223 244 320 161 284 226
223 244 321 161 284 226
222 243 318 160 284 225
222 244 319 160 284 226
223 245 320 161 285 227
227 249 324 165 289 232
238 261 337 179 307 252
225 247 322 163 287 229
226 247 322 163 287 229
218 240 315 156 280 222
215 238 314 154 278 219
217 238 315 155 279 220
219 240 317 157 280 222
199 221 299 138 262 202
197 211 295 134 252 189
201 216 300 139 259 196
198 212 295 135 254 191
205 219 302 143 264 203
200 213 295 135 256 193
196 210 293 131 253 191
194 209 292 128 252 189
199 215 297 134 258 195
198 215 297 134 256 194
210 224 307 146 266 204
197 212 295 135 254 193
208 222 303 145 264 202
203 218 300 141 261 200
209 224 305 146 266 205
203 219 299 141 260 201
207 224 303 145 265 206
203 220 299 141 260 202
205 222 300 142 262 204
200 219 297 138 259 201
197 217 295 134 257 198
194 215 293 131 255 196
194 215 293 131 255 195
194 216 294 132 256 196
195 216 295 132 257 197
195 217 295 133 257 198
196 218 295 134 258 198
196 217 295 133 258 199
196 217 295 134 258 198
198 220 297 136 260 201
201 223 300 139 263 204
201 223 300 139 263 204
201 224 300 139 263 205
203 225 302 141 265 206
204 226 303 142 266 208
206 229 305 144 268 210
209 232 308 147 271 213
212 233 309 149 273 215
215 237 313 153 276 219
216 238 314 154 277 220
213 235 311 151 274 217
213 236 311 151 274 217
213 235 311 151 275 217
214 236 311 152 275 218
214 237 312 153 276 218
214 236 312 152 276 219
213 236 311 152 275 218
214 237 312 152 276 219
216 238 313 154 278 220
215 238 313 154 277 220
211 235 309 149 274 216
212 236 310 150 275 217
214 238 312 152 277 219
215 239 313 153 278 220
214 238 313 152 277 217
214 237 312 152 277 216
203 223 303 142 263 202
213 233 312 152 274 212
195 214 296 134 256 193
193 212 293 131 254 191
200 217 298 138 259 196
195 214 294 133 255 192
192 210 291 130 252 189
193 210 291 131 253 190
191 209 290 128 252 189
191 210 290 128 253 189
192 213 292 130 254 191
193 214 293 130 255 193
198 219 297 135 261 197
197 215 297 134 258 194
192 212 292 130 254 190
190 211 291 128 253 189
191 212 291 129 253 189
190 209 290 128 253 188
190 211 291 128 253 189
190 212 291 128 252 188
190 211 291 128 254 190
191 211 291 128 254 192
191 212 291 129 254 192
191 212 291 129 255 192
191 212 291 129 254 192
191 212 292 129 255 192
192 214 292 130 256 194
191 216 292 130 256 195
192 215 292 130 256 195
192 216 292 130 256 195
192 216 292 130 256 196
192 216 292 130 256 196
192 216 292 130 256 196
192 217 292 130 256 196
192 215 291 130 256 196
192 214 291 130 255 195
191 213 291 130 254 194
192 214 292 130 256 196
191 213 291 130 255 193
191 213 291 130 255 194
192 214 291 130 256 194
192 214 292 130 256 194
192 215 292 130 256 195
192 216 293 130 257 195
193 217 293 131 258 196
193 216 293 131 258 196
193 217 293 131 258 196
193 217 294 131 258 196
193 218 293 131 259 197
193 218 293 131 259 197
194 218 294 131 259 197
194 218 294 131 260 197
192 213 292 130 255 192
190 210 291 128 252 189
190 210 290 128 252 190
190 212 290 129 253 192
191 211 292 129 252 189
192 214 293 130 256 192
193 214 293 130 256 192
192 210 291 129 253 190
192 211 291 130 253 190
193 213 292 130 254 191
193 214 292 131 255 192
191 213 292 130 254 191
191 211 291 129 253 189
191 212 291 129 253 190
191 211 291 129 253 189
191 214 291 129 255 193
191 214 291 129 255 194
191 215 290 129 255 194
191 215 291 129 255 194
192 215 291 129 257 195
192 216 292 130 257 195
192 216 292 130 258 197
194 219 293 131 260 199
193 217 292 131 258 198
194 219 293 132 260 200
193 217 292 131 258 197
192 215 292 130 256 196
191 214 291 130 256 195
191 214 291 129 256 194
192 214 291 129 256 194
191 214 291 129 255 194
191 214 291 130 255 194
191 214 291 130 256 194
191 214 291 130 255 195
191 214 291 129 256 194
191 214 291 130 256 194
191 214 291 130 256 194
191 214 291 130 256 195
191 214 291 130 255 195
191 214 291 130 255 195
191 214 290 130 255 194
191 213 290 130 255 194
191 213 290 130 254 194
191 213 290 129 254 194
191 212 290 130 254 195
191 213 290 129 255 195
191 213 290 130 255 195
191 213 290 130 254 195
191 212 290 130 254 195
191 213 290 129 254 195
191 213 290 130 254 194
191 213 290 129 253 194
191 213 290 130 254 194
191 214 290 130 255 195
191 214 290 130 255 195
192 219 292 131 259 199
193 220 292 131 260 201
191 215 291 130 255 194
189 211 290 129 251 192
188 208 289 128 248 186
189 209 290 129 250 188
189 209 289 127 251 188
188 210 288 127 251 188
189 210 288 127 251 189
191 210 289 128 251 189
191 211 289 129 252 190
191 211 289 129 252 190
189 211 288 127 252 189
190 213 289 128 253 190
189 211 289 128 252 189
188 210 289 127 251 188
188 209 288 127 251 188
189 212 289 128 252 189
189 210 288 127 251 188
189 211 288 128 252 190
188 211 289 127 252 189
189 211 289 128 252 189
189 212 289 128 253 190
189 213 289 128 253 191
190 214 289 128 254 192
189 212 289 128 252 190
189 212 289 128 253 190
189 212 289 128 253 190
190 212 290 129 254 191
190 213 291 130 254 191
190 213 291 130 254 191
190 213 292 130 253 190
188 212 289 128 252 190
188 211 289 128 252 190
188 211 288 127 252 189
191 213 290 130 254 191
190 214 290 129 254 191
189 212 290 129 253 190
189 212 290 128 253 190
188 213 289 128 252 190
188 212 289 127 252 190
188 212 289 127 252 189
188 212 289 127 252 190
188 212 289 127 252 190
188 212 289 127 252 190
188 213 288 127 252 190
188 213 289 127 252 190
188 213 288 128 252 190
188 213 289 128 252 190
189 213 289 128 252 190
189 213 289 128 253 190
188 213 289 128 253 190
189 213 289 128 253 191
189 213 289 128 253 191
188 214 290 128 253 191
189 214 289 128 253 191
189 214 289 128 253 191
189 214 289 129 253 191
188 213 289 128 253 191
188 213 289 128 253 191
189 214 289 128 253 192
189 214 289 128 253 191
189 214 289 129 254 191
188 214 289 129 253 191
189 213 289 128 253 191
188 213 289 128 253 191
189 213 289 129 253 191
189 214 289 128 253 191
189 214 289 128 253 190
189 213 289 128 253 190
188 212 289 129 252 190
188 212 290 128 252 189
189 212 289 129 253 190
189 212 290 129 253 190
189 212 290 129 253 190
190 213 290 129 253 190
190 213 290 130 253 190
190 213 290 130 254 191
190 213 291 130 253 191
190 213 291 131 254 191
190 213 290 130 254 191
190 213 291 130 254 191
190 213 290 130 254 191
190 213 290 130 253 191
190 213 290 130 253 190
