199 297 318 154 273 211
199 297 318 154 272 211
199 296 317 153 272 210
199 296 318 154 272 210
199 297 318 154 273 211
199 297 318 154 272 211
203 307 322 162 277 215
208 313 325 166 281 219
202 308 318 160 276 214
199 300 315 156 272 208
199 298 316 155 272 208
202 307 318 158 278 218
203 306 320 159 279 217
203 306 319 158 278 217
203 306 319 158 279 217
203 306 319 158 279 218
204 306 319 158 279 217
205 307 321 160 281 219
206 308 322 161 283 221
207 308 322 161 283 221
206 306 322 161 283 220
207 306 322 161 282 220
206 304 321 161 281 219
207 306 322 161 282 220
207 306 322 161 283 220
207 307 322 162 283 221
208 307 322 162 283 221
208 308 323 163 284 222
208 307 323 163 284 222
206 304 320 161 281 219
205 302 320 160 279 218
205 302 319 159 279 218
205 301 319 159 279 217
205 301 319 159 279 217
204 300 318 158 278 217
204 300 319 159 278 217
204 300 319 159 278 217
204 299 318 158 278 216
205 299 319 159 279 217
205 299 320 159 279 217
220 312 334 175 294 233
214 305 329 168 287 226
207 300 323 162 281 221
198 289 315 155 269 208
193 285 311 150 266 205
192 282 310 151 264 203
193 282 309 151 265 204
194 284 310 151 266 204
193 284 310 150 265 204
198 294 314 154 274 214
198 295 314 154 274 216
199 297 314 155 275 216
201 299 316 156 277 219
209 305 322 164 285 227
218 313 331 173 293 235
220 314 332 174 294 237
218 313 331 173 294 236
216 309 329 171 290 230
215 308 328 171 289 228
217 311 329 172 292 234
215 308 328 170 288 228
214 308 328 169 288 228
215 309 328 170 289 229
215 308 328 170 289 229
216 309 328 170 289 230
215 308 328 170 289 229
216 309 328 170 290 230
214 306 327 170 287 227
214 305 327 169 286 226
213 304 326 167 285 224
212 302 325 167 284 223
210 301 324 165 282 221
208 299 321 163 280 220
207 300 320 162 280 220
210 303 324 166 284 223
206 299 319 161 280 219
198 292 311 154 270 210
196 296 309 154 268 207
196 298 308 153 270 210
194 288 306 151 266 207
193 283 305 150 264 204
193 284 307 151 264 204
199 292 312 156 271 210
204 300 315 159 278 220
204 302 316 159 280 222
205 303 316 159 281 223
204 303 316 159 281 223
204 303 315 159 280 223
204 303 315 159 281 223
204 303 315 158 281 223
204 303 315 158 281 223
204 303 315 159 281 223
204 303 315 159 281 224
204 303 315 159 281 223
204 303 315 158 281 223
204 303 315 159 281 223
204 300 314 158 279 222
204 299 314 158 279 222
204 300 314 159 279 222
204 300 315 158 279 222
204 299 314 158 279 222
203 299 314 158 279 222
202 295 313 156 275 215
201 294 313 156 274 214
202 294 314 156 275 215
203 294 314 157 275 214
202 292 314 157 274 213
202 294 314 157 275 215
203 293 314 157 276 216
200 291 313 157 272 212
203 291 316 160 274 213
220 313 329 176 296 240
220 308 327 175 294 239
220 310 328 175 298 242
205 289 317 162 277 217
206 296 317 162 278 220
199 290 311 156 271 210
198 290 310 154 270 209
201 297 313 157 276 216
202 298 313 157 278 219
205 301 316 160 281 221
207 302 317 161 282 223
206 302 317 161 282 223
206 301 317 160 282 222
206 302 316 160 282 224
206 303 316 160 282 224
205 302 316 160 282 224
206 303 315 160 283 225
206 303 316 160 283 225
206 303 316 160 283 226
207 303 316 161 284 227
207 304 317 161 285 227
207 303 317 162 284 226
208 303 317 163 284 227
210 303 318 164 286 229
211 305 321 166 287 230
213 305 322 167 289 232
215 306 323 168 289 233
215 306 323 169 290 234
216 307 324 170 291 235
214 305 322 168 288 233
211 302 320 166 286 230
212 302 321 167 287 231
215 302 324 169 287 227
215 304 323 169 289 233
218 308 325 173 294 240
218 303 327 176 292 236
202 285 310 159 274 217
201 291 307 156 278 224
199 286 304 154 275 220
198 287 303 153 275 219
198 286 303 153 273 216
193 279 300 149 266 206
237 317 342 194 308 251
234 312 339 191 301 240
203 288 310 159 273 214
211 295 318 167 281 222
199 286 306 154 270 210
197 285 305 152 269 209
199 288 306 154 271 212
199 288 307 155 272 213
201 292 309 157 275 216
231 314 336 186 301 243
218 303 324 173 289 230
218 303 324 173 289 230
218 304 325 175 293 234
222 309 328 177 295 236
223 310 329 178 296 237
224 311 330 179 297 238
224 310 330 178 296 238
223 309 329 178 296 237
222 307 328 176 294 235
223 308 328 177 295 236
223 307 328 177 295 236
224 308 329 177 296 237
222 307 328 176 294 235
221 306 327 175 293 234
220 305 326 174 292 234
221 306 326 175 293 234
221 306 327 175 294 235
223 308 328 177 295 236
224 309 330 178 296 238
225 310 330 178 297 238
223 309 329 177 295 237
222 308 328 176 294 236
221 307 327 175 293 235
221 306 326 174 293 235
219 305 325 173 291 233
218 303 323 171 290 231
214 301 321 168 287 229
211 299 318 165 284 226
207 295 314 161 280 222
206 294 313 160 280 221
206 294 313 160 279 221
206 294 313 160 280 221
207 295 314 160 280 222
208 295 314 161 281 222
