5 253 309
307 316 314 196 254 310
305 316 313 196 253 309
304 316 313 196 254 310
304 316 315 196 254 310

431 309 327 184 237 300
361 313 319 191 246 309
331 312 313 189 242 307
320 314 313 191 246 312
317 315 313 190 246 314
316 316 314 190 247 318
318 317 315 190 248 320
319 319 316 191 249 321
320 319 317 191 251 321
318 318 316 190 250 319
317 318 317 190 251 319
317 318 317 191 252 318
316 319 317 190 252 318
313 317 315 187 249 315
312 317 314 188 250 316
311 316 314 186 249 313
312 317 314 187 251 315
311 317 314 187 250 314
313 318 315 188 251 315
315 318 316 188 253 316
316 319 316 189 253 317
315 319 316 189 253 317
315 319 316 190 254 317
314 318 316 188 252 314
314 318 316 189 253 316
314 319 316 188 253 316
314 318 316 188 253 315
314 318 316 188 253 316
314 319 316 189 254 316
314 318 316 189 253 315
314 318 316 188 253 315
315 319 316 189 254 316
313 318 316 188 252 314
315 319 317 190 255 317
315 320 317 190 255 317
310 319 316 181 244 316
312 318 316 188 252 315
316 319 317 191 255 318
317 320 317 191 255 319
317 320 317 191 254 320
319 320 317 191 253 320
319 320 318 192 253 320
319 320 317 192 252 321
320 320 319 192 252 322
322 321 319 192 252 323
321 322 319 191 251 324
320 322 319 190 252 326
324 323 320 189 252 327
325 323 320 189 252 326
323 324 321 189 253 327
325 325 322 190 255 328
322 325 322 191 256 328
322 324 322 191 256 328
320 325 321 191 257 327
319 325 321 191 258 327
323 325 322 191 257 327
321 324 322 190 257 326
325 324 322 191 258 326
324 325 322 191 258 326
323 325 322 191 258 326
324 325 322 191 259 326
323 325 322 191 259 326
324 324 322 190 259 326
325 325 322 191 259 326
325 325 322 190 259 326
325 324 322 191 259 326
324 325 322 191 259 326
325 324 322 190 259 326
325 324 322 191 259 325
326 324 322 190 259 325
325 325 322 191 259 326
325 324 322 190 259 326
324 324 322 191 260 326
323 324 322 190 260 326
324 324 322 191 260 325
323 324 322 190 259 325
324 324 322 190 259 326
325 324 322 190 259 325
326 324 322 190 259 326
325 323 321 188 257 324
325 324 322 189 258 325
324 324 321 189 257 325
324 324 321 189 256 325
325 324 321 188 255 326
327 323 320 187 252 324
324 323 318 187 252 324
323 322 319 177 250 323
326 323 320 183 251 325
328 324 322 185 254 329
329 325 323 184 255 330
328 326 323 185 255 331
327 326 323 187 257 331
316 324 323 185 255 318
318 320 318 177 254 326
322 324 321 185 254 327
323 320 321 184 254 326
323 325 322 186 255 326
323 325 322 188 258 329
321 325 322 187 256 327
319 325 322 187 256 327
322 326 323 188 259 329
324 327 324 190 259 330
325 326 323 188 259 328
326 326 323 189 259 329
327 327 324 190 260 330
327 327 324 190 260 330
328 327 324 190 260 330
328 327 324 190 260 330
328 327 324 190 260 330
328 327 324 190 260 330
327 327 324 190 261 330
327 327 324 190 260 329
327 327 324 190 260 330
328 327 324 190 261 330
328 327 324 190 261 330
328 327 324 190 261 330
328 327 324 190 260 330
327 327 324 190 261 330
328 327 324 190 261 330
327 327 324 190 261 330
327 327 324 190 261 330
327 326 324 190 261 329
327 326 324 190 261 329
327 326 324 189 261 329
327 327 324 189 260 329
327 326 323 189 260 329
333 326 323 189 260 329
332 326 323 189 260 329
335 325 323 188 258 329
335 325 323 188 258 329
333 325 323 187 257 330
329 325 322 186 256 330
328 325 322 184 256 331
331 325 323 182 256 331
331 325 322 181 256 332
329 326 323 180 256 332
330 326 323 181 257 333
330 327 324 182 258 333
331 327 325 184 259 333
322 328 325 184 259 333
323 328 325 185 260 334
324 328 325 185 261 333
328 328 325 186 260 333
329 328 325 186 261 333
330 328 325 186 261 333
330 328 325 186 261 333
330 328 325 186 261 333
330 328 325 186 261 332
330 328 325 186 261 333
330 328 325 186 261 332
330 328 325 186 261 332
330 328 325 186 262 332
330 328 325 186 261 332
330 328 325 186 261 333
330 328 325 186 262 332
330 327 325 186 261 332
330 328 325 186 261 332
330 328 325 186 261 332
329 327 325 186 261 332
330 327 325 186 261 331
329 327 325 186 262 332
329 328 325 186 261 331
329 327 325 186 261 332
329 327 325 186 261 331
329 327 325 186 261 331
329 327 325 186 261 331
329 327 325 186 261 331
329 327 325 186 261 331
328 327 324 186 261 331
328 327 324 185 260 330
327 326 323 184 259 329
328 326 323 184 259 330
330 326 323 183 259 330
333 326 323 183 258 329
332 326 323 182 258 329
325 321 319 174 249 320
313 322 319 176 251 323
315 321 319 174 245 313
318 321 319 174 250 322
314 317 315 166 240 313
314 317 315 166 240 313
330 322 319 169 244 319
329 324 321 176 255 331
330 325 322 176 255 332
330 326 323 176 256 333
336 326 324 177 257 334
320 321 319 168 245 319
308 319 318 167 243 316
311 318 317 165 242 315
314 318 316 165 241 314
326 317 317 164 241 313
329 321 320 170 247 320
329 322 327 172 250 323
326 323 324 174 252 325
325 324 324 176 252 324
329 326 324 178 257 330
329 326 323 178 258 329
329 326 323 179 257 330
327 326 323 178 258 330
326 326 323 179 259 330
325 326 322 178 258 329
325 326 323 179 259 330
326 327 323 180 260 332
326 327 323 181 261 331
328 327 324 181 261 332
329 327 324 181 261 332
330 327 324 181 262 332
329 327 324 181 261 332
328 327 324 181 261 332
326 328 325 181 262 332
328 328 325 181 262 332
327 328 325 181 261 332
328 328 324 181 262 332
331 327 324 181 261 331
332 327 324 181 261 332
333 328 325 181 261 331
331 328 325 180 261 331
