1533314863.8411891 628 647 638 670 771 750
1533314863.8912613 635 660 642 675 775 752
1533314863.9546127 642 668 649 678 779 754
1533314864.0075402 648 674 655 681 783 757
1533314864.0569582 652 679 660 683 787 761
1533314864.1119761 656 683 665 686 789 764
1533314864.1638374 659 686 669 688 792 767
1533314864.2094889 661 688 671 690 793 769
1533314864.2563508 663 690 673 691 794 771
1533314864.3188393 664 691 673 691 795 771
1533314864.4003196 665 692 674 692 796 772
1533314864.4159439 666 692 674 692 796 772
1533314864.4940488 667 693 674 692 796 772
1533314864.556534 667 693 674 692 796 772
1533314864.5914218 668 694 675 692 796 772
1533314864.6404977 668 694 674 692 796 772
1533314864.6859295 669 694 675 692 797 772
1533314864.7264702 669 695 675 692 797 772
1533314864.788956 670 695 675 692 797 772
1533314864.8358195 670 695 675 692 797 772
1533314864.9334097 671 696 675 692 797 772
1533314864.9334097 671 696 675 691 797 773
1533314864.9958935 672 696 675 691 798 773
1533314865.0427573 672 697 675 692 798 773
1533314865.0896277 672 697 675 692 798 772
1533314865.1563432 673 697 675 692 799 772
1533314865.2082665 673 698 676 692 799 773
1533314865.2604403 674 698 676 692 799 773
1533314865.3073056 674 698 676 692 799 773
1533314865.3541718 674 699 675 692 800 773
1533314865.4355733 675 699 676 692 800 773
1533314865.4668446 675 699 676 692 800 773
1533314865.5136828 676 700 676 692 801 773
1533314865.5605438 676 701 676 692 801 773
1533314865.62303 677 701 676 692 802 773
1533314865.6772704 677 701 676 693 802 773
1533314865.724135 678 702 676 693 803 773
1533314865.771 680 705 677 693 805 774
1533314865.8335207 679 704 677 693 804 773
1533314865.8804 679 704 677 693 804 774
1533314865.9606693 679 703 677 693 804 773
1533314865.9919317 679 703 676 693 804 773
1533314866.038776 679 703 676 692 803 773
1533314866.085642 679 703 676 693 803 773
1533314866.1482651 679 703 676 693 803 773
1533314866.1926074 679 703 676 692 803 773
1533314866.2424374 678 703 676 692 803 773
1533314866.304922 679 703 676 693 803 773
1533314866.3518207 679 703 676 692 803 773
1533314866.4020634 679 703 676 693 803 773
1533314866.4645498 679 703 676 693 804 773
1533314866.5114465 679 703 677 693 804 773
1533314866.5582786 679 703 676 692 804 773
1533314866.605142 679 703 676 693 804 773
1533314866.670549 680 703 676 693 804 773
1533314866.7081854 679 703 676 692 803 773
1533314866.7707028 679 703 675 691 802 773
1533314866.8175323 679 703 677 693 804 773
1533314866.880019 677 702 672 687 796 772
1533314866.9301186 678 702 671 686 795 772
1533314867.0071988 675 700 664 679 788 771
1533314867.0358355 675 701 663 678 786 771
1533314867.0826979 676 701 668 683 792 772
1533314867.1406622 676 701 666 682 791 772
1533314867.1937199 676 701 665 680 789 771
1533314867.2456815 676 701 666 681 790 771
1533314867.2925835 676 702 666 682 791 771
1533314867.3394117 676 701 664 680 788 771
1533314867.389307 679 704 674 690 802 773
1533314867.4518259 679 704 674 690 801 772
1533314867.5143068 678 703 673 689 800 772
1533314867.54552 675 700 662 677 787 770
1533314867.608024 679 703 675 691 802 772
1533314867.6634274 677 700 662 676 767 768
1533314867.7080667 679 701 665 680 788 770
1533314867.754918 668 691 628 688 806 772
1533314867.817438 671 693 636 650 749 766
1533314867.8642678 684 703 677 691 806 771
1533314867.9143045 682 701 670 685 797 771
1533314867.9767888 681 700 662 677 786 770
1533314868.039276 685 702 657 672 783 769
1533314868.070518 681 698 661 675 781 769
1533314868.1336255 676 693 648 662 764 766
1533314868.1805418 674 691 641 654 755 765
1533314868.2274246 670 688 627 640 738 764
1533314868.2898912 677 689 628 640 739 763
1533314868.336758 683 698 664 678 788 768
1533314868.383622 682 695 659 674 782 768
1533314868.4337597 688 700 663 679 789 769
1533314868.496247 679 692 647 661 765 766
1533314868.5899734 677 691 640 654 757 765
1533314868.6055956 680 694 656 669 774 767
1533314868.6554787 686 698 668 680 760 766
1533314868.708147 678 695 635 649 751 766
1533314868.7550085 672 688 640 653 750 769
1533314868.8018734 672 689 639 653 752 766
1533314868.8643584 672 689 642 654 754 766
1533314868.914335 680 697 672 686 796 770
1533314868.9611967 667 687 628 640 737 764
1533314869.0080614 680 697 673 689 797 771
1533314869.0861676 667 687 627 641 737 764
1533314869.1174443 667 688 628 640 739 764
1533314869.1776192 667 689 629 641 740 764
1533314869.217911 669 692 630 642 744 765
1533314869.2736778 682 701 678 692 806 771
1533314869.3205822 681 700 676 692 802 771
1533314869.3862374 680 700 673 689 798 771
1533314869.433103 679 699 670 686 794 770
1533314869.4912813 679 698 670 685 793 771
1533314869.5432272 680 700 674 691 800 771
1533314869.6057122 680 699 673 689 798 771
1533314869.6479504 679 699 671 687 795 771
1533314869.6937263 679 699 671 686 795 771
1533314869.7405915 679 698 670 685 793 770
1533314869.803076 678 698 670 685 793 770
1533314869.8499398 678 699 670 686 794 770
1533314869.8998826 679 699 670 686 794 771
1533314869.946749 679 699 670 686 794 771
1533314870.0092316 678 699 670 686 794 770
1533314870.0560985 678 699 670 686 794 770
1533314870.146987 678 699 670 686 794 771
1533314870.1699293 679 699 670 686 794 771
1533314870.208183 678 699 668 684 792 771
1533314870.27067 680 700 672 688 798 771
1533314870.3175426 680 700 672 688 798 771
1533314870.3643956 680 701 672 688 798 771
1533314870.4300215 681 702 672 688 798 771
1533314870.4768836 681 702 672 688 799 771
1533314870.5237856 682 703 672 689 800 771
1533314870.586233 681 702 671 687 798 771
1533314870.6628382 669 693 629 643 742 765
1533314870.6919615 685 707 676 691 806 772
1533314870.7388253 683 704 672 688 800 771
1533314870.7856915 670 693 636 650 751 766
1533314870.8481765 667 690 640 654 753 765
1533314870.898234 666 688 639 652 752 765
1533314870.9450984 678 699 668 684 794 770
1533314870.9982343 674 695 668 684 789 770
1533314871.0450969 675 695 672 687 794 770
1533314871.1106093 675 695 671 687 793 770
1533314871.1934469 675 695 671 687 793 770
1533314871.2150843 675 695 671 687 793 770
1533314871.2563636 675 695 670 686 791 770
1533314871.3188467 674 694 669 684 789 769
1533314871.358832 674 693 665 681 785 768
1533314871.409146 676 694 670 686 791 769
1533314871.471594 675 692 666 682 787 768
1533314871.5184562 675 691 661 675 779 767
1533314871.5653598 679 694 665 681 787 767
1533314871.6325998 675 692 649 664 767 764
1533314871.7091339 675 691 641 656 755 763
1533314871.7247553 667 680 635 648 745 760
1533314871.7872424 671 684 635 648 748 760
1533314871.834106 681 692 665 680 790 763
1533314871.8840463 688 702 660 676 782 763
1533314871.9309113 684 696 667 682 792 765
1533314871.993396 682 693 669 685 791 767
1533314872.0402613 679 692 661 676 779 768
1533314872.1027486 672 688 644 657 757 765
1533314872.154954 672 687 643 656 756 765
1533314872.2217252 671 688 643 656 755 765
1533314872.2529676 670 688 643 656 755 765
1533314872.2998335 671 689 642 656 755 765
1533314872.3623168 669 687 640 653 752 764
1533314872.4131043 668 687 639 652 751 764
1533314872.459936 666 685 632 644 738 763
1533314872.5068004 665 685 630 643 737 763
1533314872.5693188 664 684 626 638 733 763
1533314872.6161485 665 685 629 642 737 763
1533314872.6774826 664 685 626 639 734 763
1533314872.7559986 671 691 653 666 768 766
1533314872.7716212 677 695 670 686 792 769
1533314872.8341048 677 696 669 685 791 769
1533314872.8840377 677 696 669 685 791 769
1533314872.9309044 678 697 669 686 792 769
1533314872.9777675 676 694 669 685 788 769
1533314873.0428288 676 694 669 684 788 769
1533314873.0947359 676 694 668 685 789 769
1533314873.1474414 676 695 669 685 789 769
1533314873.1934597 676 695 668 684 789 769
1533314873.264457 675 694 665 680 784 769
1533314873.2956975 676 696 670 685 791 769
1533314873.3425615 676 696 669 685 791 769
1533314873.4084 676 696 670 685 791 769
1533314873.460127 676 696 670 686 791 769
1533314873.5069916 677 697 670 685 792 770
1533314873.5538573 679 699 671 687 794 770
1533314873.6163747 719 749 670 686 790 768
1533314873.6690116 670 688 668 683 784 768
1533314873.7095084 670 688 668 683 783 768
1533314873.7876153 670 688 667 683 783 768
1533314873.8188593 670 689 668 683 783 768
1533314873.8657217 670 689 668 683 783 767
1533314873.930332 670 689 668 683 783 768
1533314873.9771495 670 689 668 683 784 768
1533314874.0240104 671 690 668 683 783 768
1533314874.0864966 670 689 667 682 782 768
1533314874.1403072 670 689 666 681 781 768
1533314874.1769023 661 682 633 646 738 762
1533314874.2411387 658 680 625 637 729 761
1533314874.3192444 658 680 625 638 729 762
1533314874.3348985 659 681 626 638 730 762
1533314874.4005544 659 681 627 639 732 762
1533314874.442654 659 682 628 640 733 762
1533314874.5051372 658 681 624 636 729 761
1533314874.5519986 659 681 625 637 735 762
1533314874.5988612 673 692 672 687 791 768
1533314874.661568 672 692 671 687 790 769
1533314874.7092202 673 693 670 686 789 769
1533314874.7560852 673 693 670 686 789 769
1533314874.8341918 673 693 670 686 789 769
1533314874.8654659 673 693 671 686 789 768
1533314874.9156768 674 694 670 686 789 769
1533314874.9625316 674 694 670 686 789 769
1533314875.025017 674 694 670 686 790 769
1533314875.0718815 674 694 670 686 791 769
1533314875.118745 675 694 670 686 790 769
1533314875.1762886 675 695 670 686 791 769
1533314875.2231526 675 695 670 686 791 769
1533314875.2856398 675 696 670 686 791 769
1533314875.363744 676 696 670 687 791 769
1533314875.379366 676 696 670 687 792 769
1533314875.4448514 676 696 670 687 792 769
1533314875.4917138 677 697 671 687 792 769
1533314875.53858 677 698 671 687 793 769
1533314875.6010616 677 698 671 687 793 770
1533314875.647957 677 698 671 687 794 770
1533314875.7068377 678 699 671 687 795 770
1533314875.756854 679 700 671 688 796 770
1533314875.8036718 678 699 671 688 795 770
1533314875.8818069 679 699 671 688 795 770
1533314875.9005418 681 702 672 689 798 770
1533314875.9630587 679 700 671 688 796 770
1533314876.0098963 680 700 672 688 797 770
1533314876.0635345 681 701 672 688 798 770
1533314876.124523 680 700 671 688 796 770
1533314876.1763833 680 700 671 688 797 770
1533314876.22895 680 700 671 688 797 770
1533314876.2803264 679 700 671 688 796 770
1533314876.3271894 680 701 672 688 797 770
1533314876.4090505 681 701 672 689 798 770
1533314876.4246702 679 700 671 687 795 770
1533314876.4871564 676 697 669 685 792 769
1533314876.5340376 670 692 645 662 762 766
1533314876.5809343 675 696 666 681 788 768
1533314876.6462436 677 695 662 678 781 767
1533314876.6974914 672 689 642 658 757 764
1533314876.744403 680 694 666 681 791 766
1533314876.803591 679 689 647 662 764 763
1533314876.8654873 676 686 642 657 758 760
1533314876.9161649 676 684 640 654 757 757
1533314876.947427 677 684 642 654 761 753
1533314877.0098925 675 684 655 662 779 740
1533314877.0567954 672 683 649 654 769 739
1533314877.1036232 663 678 627 631 743 736
1533314877.1685348 672 684 655 663 781 747
1533314877.2094781 679 689 658 670 777 758
1533314877.2588384 680 691 667 680 790 762
1533314877.3213222 676 687 659 672 777 761
1533314877.368186 666 679 625 634 730 756
1533314877.4493864 677 689 669 681 792 763
1533314877.4806292 668 683 638 650 748 759
1533314877.5274937 665 680 622 634 729 757
1533314877.574356 668 683 638 649 749 760
1533314877.6368413 679 694 671 684 796 765
1533314877.6765366 679 693 668 682 791 765
1533314877.7390227 678 692 666 681 788 765
1533314877.7858853 667 684 625 639 733 759
1533314877.8328032 679 694 671 686 794 765
1533314877.8984196 681 696 671 686 796 766
1533314877.960906 682 698 671 686 797 766
1533314877.9921484 684 701 669 684 797 766
1533314878.0546343 679 694 667 681 790 765
1533314878.108757 682 700 668 682 792 765
1533314878.1616151 668 686 634 647 747 760
1533314878.213774 681 697 670 684 794 765
1533314878.257014 677 693 667 681 789 765
1533314878.3038754 679 696 668 682 792 765
1533314878.3663604 679 696 668 683 793 765
1533314878.4226732 677 693 669 683 791 764
1533314878.499614 678 694 668 682 790 764
1533314878.5308564 677 693 667 681 789 764
1533314878.57772 676 693 664 678 785 764
1533314878.6245844 671 690 637 648 747 760
1533314878.6762002 680 697 672 686 797 766
1533314878.7230625 680 696 671 686 796 766
1533314878.7855487 682 699 672 686 798 766
1533314878.8324125 682 700 671 687 799 766
1533314878.8824384 681 698 670 685 795 766
1533314878.9449244 679 696 669 683 793 765
1533314879.0074115 669 688 628 641 740 760
1533314879.0386524 668 687 630 642 743 760
1533314879.101505 668 689 626 637 740 760
1533314879.1533656 670 691 627 638 742 760
1533314879.1933043 670 691 628 638 743 760
1533314879.2562099 667 688 626 637 740 760
1533314879.3031187 670 691 627 638 742 760
1533314879.349937 669 691 627 638 743 760
1533314879.3998322 671 691 627 639 742 760
1533314879.4623168 667 690 626 637 741 760
1533314879.5404243 668 691 627 638 741 760
1533314879.5716646 665 685 625 636 736 758
1533314879.6185606 708 701 673 687 799 766
1533314879.6762354 677 694 671 686 795 766
1533314879.723101 677 694 671 686 795 766
1533314879.7699647 677 695 671 686 795 766
1533314879.8324504 678 696 672 687 796 766
1533314879.8824098 671 685 669 683 788 764
1533314879.9292767 670 684 669 682 785 764
1533314879.9761412 669 685 668 683 785 764
1533314880.0542455 669 685 668 683 785 764
1533314880.08549 669 685 668 682 785 764
1533314880.145361 669 685 668 683 785 764
1533314880.1982164 669 685 668 683 785 764
1533314880.2506702 669 685 668 683 785 764
1533314880.2889628 670 685 669 683 784 764
1533314880.3514478 670 685 669 683 784 764
1533314880.3983092 669 686 668 683 785 764
1533314880.4451764 670 685 668 683 785 764
1533314880.5076609 670 686 668 683 785 764
1533314880.5701473 670 686 668 683 784 764
1533314880.6013875 670 686 668 683 784 764
1533314880.6680655 670 686 668 682 784 764
1533314880.717418 670 686 668 682 784 764
1533314880.7642467 670 686 668 683 784 764
1533314880.811111 670 686 668 683 784 764
1533314880.8735964 670 686 668 682 784 764
1533314880.9236214 669 686 668 683 784 764
1533314880.9704854 670 686 668 683 784 764
1533314881.0329719 670 685 668 683 784 764
1533314881.0954568 670 686 668 682 784 764
1533314881.1377485 670 686 668 683 785 764
1533314881.178681 670 686 668 683 785 764
1533314881.241169 670 686 668 683 784 764
1533314881.2880332 670 686 668 683 785 764
1533314881.3348966 670 686 668 682 784 764
1533314881.384871 670 687 668 683 785 764
1533314881.4473596 670 687 668 683 785 764
1533314881.494223 670 687 668 683 785 765
1533314881.5410874 671 687 668 683 785 765
1533314881.619193 671 687 668 683 785 765
1533314881.660205 671 687 668 683 786 764
1533314881.7091234 671 687 668 683 786 765
1533314881.7559896 671 688 668 683 786 764
1533314881.8028514 671 688 669 683 786 764
1533314881.8653386 671 688 668 683 786 764
1533314881.9153547 671 688 668 683 786 764
1533314881.9622202 672 688 668 683 786 765
1533314882.0204463 671 688 668 683 786 764
1533314882.0673127 669 685 658 672 772 763
1533314882.1547148 667 683 651 664 764 761
1533314882.1784046 662 678 637 649 745 756
1533314882.230599 667 681 644 654 759 752
1533314882.2774665 667 681 653 659 767 744
1533314882.3243282 671 681 660 667 781 747
1533314882.3900275 658 663 624 628 732 739
1533314882.436895 669 674 656 663 776 744
1533314882.4837587 657 661 630 635 737 739
1533314882.5462418 667 668 655 659 770 744
1533314882.5931075 662 667 642 650 759 746
1533314882.6690445 652 658 630 633 729 742
1533314882.6921375 656 661 639 644 742 746
1533314882.754624 657 663 636 642 741 746
1533314882.8014886 661 667 633 638 739 747
1533314882.848352 660 667 633 638 739 745
1533314882.9140453 655 662 625 630 729 744
1533314882.9609065 667 671 653 659 765 748
1533314883.0077732 672 674 663 671 779 753
1533314883.0702584 669 672 660 668 773 752
1533314883.1230195 664 669 641 648 749 749
1533314883.2087884 662 666 636 642 741 748
1533314883.2248201 661 666 635 641 739 749
1533314883.2716858 663 669 633 639 739 749
1533314883.3185494 660 665 630 636 733 748
1533314883.3810334 657 664 627 632 727 748
1533314883.4309108 654 663 624 629 723 747
1533314883.4777777 655 663 621 622 720 747
1533314883.5402625 653 662 616 621 712 746
1533314883.587125 654 662 620 624 717 747
1533314883.6452568 655 663 621 627 719 747
1533314883.70883 655 665 629 634 730 748
1533314883.7400723 653 663 617 626 720 747
1533314883.787798 666 671 662 671 772 754
1533314883.8502824 671 677 663 673 777 755
1533314883.9004571 673 679 663 674 778 756
1533314883.9473248 673 679 663 673 778 755
1533314884.0098097 673 680 663 673 778 756
1533314884.0566738 672 679 663 673 778 756
1533314884.103538 673 680 663 673 778 756
1533314884.1676817 673 680 663 674 778 756
1533314884.255415 673 680 663 673 778 756
1533314884.2713711 673 680 663 673 778 756
1533314884.3203294 673 680 663 673 778 756
1533314884.367193 673 681 663 674 778 756
1533314884.4172103 670 677 662 673 775 756
1533314884.4796598 672 679 663 673 777 756
1533314884.526524 672 679 663 673 776 756
1533314884.57339 673 680 664 674 777 757
1533314884.6358726 673 680 664 674 777 757
1533314884.6764674 673 681 663 674 778 757
1533314884.7701955 673 681 664 674 777 757
1533314884.7858176 673 681 663 673 777 757
1533314884.832682 673 681 662 673 776 757
1533314884.8983204 673 682 661 672 774 757
1533314884.9451823 671 680 658 668 770 756
1533314884.9920475 660 671 628 636 729 750
1533314885.046176 658 669 624 630 725 750
1533314885.0930376 662 674 626 631 725 750
1533314885.1598775 662 673 632 639 733 754
1533314885.2076423 673 682 665 675 778 759
1533314885.270129 673 682 663 674 777 758
1533314885.3013704 673 683 662 673 775 758
1533314885.3638568 673 682 660 672 774 758
1533314885.4139333 673 682 660 672 774 759
1533314885.460799 673 682 661 672 774 759
1533314885.523283 673 682 660 672 774 759
1533314885.5702002 673 682 660 672 774 759
1533314885.6170094 673 682 660 672 773 759
1533314885.682024 673 682 660 672 773 759
1533314885.7244403 673 682 660 672 773 759
1533314885.7868695 673 682 660 671 773 759
1533314885.8337345 673 682 660 672 772 758
1533314885.8805978 673 682 659 672 773 759
1533314885.930528 673 682 660 671 773 759
1533314885.993012 673 682 660 671 773 759
1533314886.0398777 673 682 659 671 772 759
1533314886.0867414 673 682 659 671 772 759
1533314886.1524312 673 682 659 671 772 758
1533314886.2042918 673 681 659 671 772 759
1533314886.256616 673 681 659 670 772 759
1533314886.319062 673 682 659 671 772 759
1533314886.3503063 673 681 659 670 772 759
1533314886.4003055 673 681 659 670 771 759
1533314886.462794 673 681 658 669 770 759
1533314886.5096564 663 674 624 674 782 760
1533314886.5565565 675 683 665 677 779 760
1533314886.6190033 675 683 665 677 779 760
1533314886.6747973 675 683 664 677 779 760
1533314886.7232187 675 683 664 677 779 760
1533314886.770119 675 684 665 677 779 760
1533314886.848215 675 683 664 677 779 760
1533314886.8794308 675 683 664 677 779 760
1533314886.9294405 675 683 664 677 778 761
1533314886.9762676 675 683 665 677 779 761
1533314887.038752 676 683 664 677 779 761
1533314887.0856183 676 683 665 678 779 762
1533314887.1439219 676 683 665 678 779 762
1533314887.1928608 675 683 665 678 779 761
1533314887.2490604 676 683 664 678 779 761
1533314887.286771 675 683 665 678 779 761
1533314887.3805013 676 683 665 678 779 761
1533314887.3961205 675 683 665 678 779 762
1533314887.4429836 672 682 660 673 772 760
1533314887.505472 662 676 639 650 746 757
1533314887.5523343 664 679 634 642 734 754
1533314887.6148176 647 663 624 631 724 745
1533314887.6669276 657 668 658 663 769 745
1533314887.7156157 652 661 626 632 727 741
1533314887.7624815 658 664 648 654 759 739
1533314887.8093457 661 665 652 658 765 740
1533314887.8770084 655 661 627 631 731 737
1533314887.923874 655 662 634 637 737 739
1533314887.9707386 656 662 626 629 722 745
1533314888.0176034 662 664 622 629 717 748
1533314888.080088 667 668 639 648 741 751
1533314888.1364017 667 668 637 646 739 751
1533314888.1759071 669 668 636 645 737 751
1533314888.2383916 675 672 646 654 745 754
1533314888.2852566 669 669 634 644 735 753
1533314888.3321216 671 670 639 649 740 755
1533314888.430731 669 669 632 642 731 753
1533314888.4463508 678 675 661 673 770 758
1533314888.493218 678 675 660 673 768 758
1533314888.5400803 678 675 659 671 766 759
1533314888.6025662 678 675 657 671 765 759
1533314888.6592717 679 675 658 671 765 759
1533314888.7068791 678 675 658 671 765 760
1533314888.7537415 679 675 657 671 765 760
1533314888.8006077 679 675 658 672 765 760
1533314888.8630936 679 676 658 672 765 760
1533314888.9442186 679 676 659 672 766 761
1533314888.95984 680 676 659 673 767 761
1533314889.0245256 680 676 661 675 768 762
1533314889.069161 681 677 663 676 769 764
1533314889.1293466 681 677 661 675 768 762
1533314889.176261 681 677 663 676 769 764
1533314889.226502 682 677 666 679 769 767
1533314889.273366 681 677 662 676 768 764
1533314889.3358538 680 677 659 673 766 762
1533314889.385751 681 677 660 674 766 763
1533314889.4638588 682 677 661 675 766 764
1533314889.4794793 682 678 663 676 766 766
1533314889.5419676 683 678 664 677 767 767
1533314889.588861 684 678 664 677 767 767
1533314889.651821 684 678 664 677 767 767
1533314889.691294 684 678 664 677 767 767
1533314889.7537344 685 679 664 677 767 767
1533314889.8005984 685 679 664 677 767 767
1533314889.8474622 685 679 664 677 767 767
1533314889.9131274 685 679 664 677 767 767
1533314889.9756145 682 677 649 662 748 765
1533314890.0068567 682 676 647 660 746 765
1533314890.0693405 680 675 642 653 738 764
1533314890.1208653 687 680 665 678 770 768
1533314890.1738026 687 680 664 678 768 767
1533314890.2260156 687 680 664 678 768 768
1533314890.273935 687 680 664 678 768 767
1533314890.3207989 687 680 663 677 767 767
1533314890.3676634 688 680 663 677 767 767
1533314890.433186 687 680 663 677 767 767
1533314890.495672 687 680 663 677 766 767
1533314890.5269775 687 680 663 676 766 767
1533314890.5894015 687 680 662 676 766 767
1533314890.636266 681 676 643 657 741 764
1533314890.694262 678 673 630 641 724 762
1533314890.741129 688 681 665 678 769 767
1533314890.7880247 688 681 664 678 768 768
1533314890.850478 688 681 664 678 768 767
1533314890.9004347 688 681 664 678 768 768
1533314890.947297 688 681 662 676 766 767
1533314891.009784 687 681 661 675 764 767
1533314891.0566456 688 681 664 678 768 768
1533314891.1139207 689 681 664 678 768 768
1533314891.1657503 688 681 662 676 765 768
1533314891.2083664 682 677 642 654 742 764
1533314891.255228 691 683 671 686 778 769
1533314891.317716 690 683 670 686 777 769
1533314891.3645797 691 683 670 685 777 769
1533314891.4143908 691 683 670 685 777 769
1533314891.4768763 691 684 670 685 776 769
1533314891.5393596 691 684 671 685 777 769
1533314891.5706024 690 684 670 685 777 769
1533314891.6363869 691 684 670 685 776 769
1533314891.6757853 689 682 664 678 768 768
1533314891.7383046 686 678 653 667 751 766
1533314891.785134 687 681 655 668 758 767
1533314891.832038 687 681 657 671 761 767
1533314891.8974824 688 681 659 673 763 767
1533314891.941747 688 682 659 673 763 767
1533314891.9886086 688 682 658 672 762 767
1533314892.0744228 688 682 658 673 762 767
1533314892.0930924 689 683 664 679 769 768
1533314892.158705 689 682 662 676 767 767
1533314892.2076278 688 682 659 673 763 767
1533314892.2624743 688 682 658 672 762 767
1533314892.3098335 683 678 642 656 740 765
1533314892.3639696 689 683 665 679 770 768
1533314892.408711 689 682 665 679 770 768
1533314892.4715924 689 682 665 679 770 768
1533314892.5270433 689 683 665 679 770 768
1533314892.573909 690 683 665 680 771 768
1533314892.6207716 691 684 665 680 772 768
1533314892.6802168 691 685 665 680 772 768
