1534181530.8762875 687 602 645 725 635 726 6210 -3926 -3236 248 156 149 48 -72 -20
1534181530.9434266 687 603 645 725 634 726 6104 -4106 -3200 121 52 68 48 -72 -20
1534181531.0128558 687 602 645 726 635 726 6194 -3978 -3244 346 196 123 48 -70 -23
1534181531.081906 687 603 645 725 635 725 6122 -4084 -3292 382 99 190 48 -69 -20
1534181531.1487129 687 602 645 725 635 726 6194 -4046 -3196 432 309 147 45 -72 -21
1534181531.2201972 686 602 645 725 635 726 6204 -4054 -3358 1062 404 429 48 -70 -19
1534181531.2887995 686 602 645 726 635 726 6094 -4018 -3282 1124 522 804 46 -72 -19
1534181531.3614297 686 602 645 726 634 725 6256 -4360 -3358 2513 1635 1034 50 -69 -19
1534181531.4336782 686 603 645 725 635 726 6148 -4338 -2858 4576 3170 1366 49 -70 -16
1534181531.5067468 687 603 646 725 634 726 6018 -4406 -2282 4074 1704 2681 50 -68 -15
1534181531.6301038 687 603 645 726 634 725 5898 -5172 -1578 1920 1260 1604 52 -70 -10
1534181531.6855407 687 603 645 726 635 726 5760 -5102 -1942 1044 262 1132 53 -68 -7
1534181531.7641425 687 603 645 726 634 725 6048 -4424 -2422 1146 606 2606 54 -68 -6
1534181531.8153527 687 603 645 726 634 725 5974 -4984 -2148 1115 1469 2488 55 -67 -3
1534181531.8638284 686 603 645 725 634 726 5366 -4952 -1790 4872 4343 3405 59 -65 -4
1534181531.9306793 686 603 645 725 635 726 5614 -5578 -700 4386 2947 1412 59 -65 0
1534181531.9977722 687 603 645 726 636 725 5364 -5642 -46 506 1770 1123 61 -63 6
1534181532.0693946 687 603 645 726 636 725 5358 -5586 -896 -1421 1751 1208 60 -62 11
1534181532.1398354 687 603 645 726 636 726 5574 -5378 -1032 1291 1475 1256 59 -60 7
1534181532.2069302 687 603 645 726 636 725 5296 -6112 -708 2050 12 1651 65 -59 10
1534181532.315316 687 603 645 726 635 725 5222 -5948 -332 1941 -17 868 63 -57 12
1534181532.3994427 687 603 645 725 635 725 5274 -5716 -652 -324 1948 639 63 -56 13
1534181532.4611683 687 603 645 726 635 725 5110 -6054 -486 527 -119 844 65 -57 12
1534181532.510738 686 603 645 725 635 725 5186 -6114 -392 568 559 821 65 -56 15
1534181532.5470686 686 603 645 725 634 725 5142 -6016 -186 17 -704 -290 65 -55 14
1534181532.6164913 687 603 645 726 635 726 5122 -5986 -636 -598 -285 -29 65 -54 15
1534181532.6835363 687 603 645 725 635 726 5114 -5970 -548 557 -57 430 66 -54 13
1534181532.7519038 687 603 645 725 635 725 5122 -5922 -488 -20 -737 219 63 -57 14
1534181532.8221107 687 603 645 725 635 726 4998 -6046 -514 -462 -391 -101 66 -54 14
1534181532.8931847 687 603 645 725 635 726 5220 -5898 -720 -1188 -726 72 68 -56 12
1534181533.0688424 686 603 645 725 635 726 5070 -6124 -1046 329 -470 415 65 -54 11
1534181533.1396484 687 603 645 726 635 726 5110 -5960 -864 1541 395 158 66 -56 10
1534181533.2003486 686 603 645 725 635 725 5064 -6008 -564 1183 430 274 67 -55 10
1534181533.234388 687 603 645 725 635 726 5004 -5978 -472 -8 246 193 68 -53 13
1534181533.2666478 687 603 645 725 635 725 5060 -6106 -802 26 -243 141 66 -56 11
1534181533.3073947 686 603 645 725 635 725 5060 -5972 -716 733 557 393 68 -54 12
1534181533.3638132 687 603 645 725 635 726 5018 -6068 -588 565 263 307 66 -56 10
1534181533.430931 686 603 645 725 635 725 4992 -6064 -538 297 368 508 66 -55 11
1534181533.4971952 687 602 645 725 635 726 4942 -6176 -638 372 188 407 67 -56 12
1534181533.5650733 686 602 645 725 635 725 4950 -6178 -522 775 391 465 68 -53 12
1534181533.636639 687 603 645 725 635 725 4926 -6110 -480 329 135 109 69 -53 15
1534181533.7146735 687 603 645 725 635 726 4912 -6106 -590 194 76 28 67 -54 12
1534181533.77959 687 603 645 725 634 726 4986 -6078 -548 499 255 116 68 -53 15
1534181533.8296297 686 603 645 725 635 726 4906 -6218 -442 187 98 -41 68 -52 13
1534181533.8960426 686 603 645 726 635 726 4922 -6102 -520 160 131 -1 67 -56 14
1534181533.960546 686 603 645 725 635 726 4928 -6100 -562 230 43 -7 66 -54 12
1534181534.0269413 687 602 645 725 635 726 4920 -6126 -554 326 173 65 67 -53 12
1534181534.0916405 687 603 645 725 635 726 4928 -6140 -448 236 86 29 66 -54 13
1534181534.157216 687 603 645 725 634 726 4984 -6104 -478 164 74 -11 67 -53 13
1534181534.2236128 687 603 645 725 635 726 4876 -6090 -554 285 125 69 67 -54 13
1534181534.3118796 687 603 645 725 634 726 4982 -6126 -586 344 118 44 68 -55 14
1534181534.3807645 687 603 645 725 635 726 4890 -6134 -448 238 174 63 66 -55 12
1534181534.4254222 687 603 645 725 634 726 4980 -6122 -376 317 119 13 67 -55 13
1534181534.4870095 687 603 645 725 635 726 4994 -6120 -558 155 28 60 65 -54 16
1534181534.5520275 687 603 645 725 635 726 4914 -6132 -580 254 211 -9 66 -56 13
1534181534.6190069 686 603 645 725 635 726 4926 -6176 -458 343 133 -16 68 -55 14
1534181534.6846745 686 603 645 726 634 725 4948 -6124 -500 153 111 6 70 -53 13
1534181534.7504098 687 603 645 725 634 726 4962 -6096 -600 207 111 42 69 -55 13
1534181534.8166857 687 603 645 725 635 726 4916 -6130 -478 433 220 69 66 -53 12
1534181534.883019 687 603 645 726 634 725 4934 -6156 -496 231 102 66 68 -54 12
1534181535.054982 687 603 645 725 634 726 4936 -6126 -602 235 125 17 66 -53 13
1534181535.1284072 687 603 645 725 635 726 4878 -6122 -470 392 188 81 69 -55 13
1534181535.179029 686 603 645 725 635 726 4902 -6160 -448 290 152 53 68 -55 14
1534181535.2144167 686 603 645 725 634 726 4956 -6130 -530 199 171 52 67 -55 15
1534181535.2473776 686 603 645 725 635 726 4904 -6116 -482 323 121 72 68 -54 15
1534181535.281792 687 603 645 725 635 726 4940 -6146 -468 313 214 136 68 -55 12
1534181535.3461597 687 603 645 725 635 725 4920 -6116 -494 458 207 158 68 -54 13
1534181535.41397 687 603 645 725 635 725 4896 -6180 -386 442 176 107 69 -55 14
1534181535.48079 687 603 645 725 635 725 4888 -6148 -354 296 229 73 67 -56 16
1534181535.5459383 686 603 645 725 634 726 4950 -6116 -508 90 34 8 67 -55 16
1534181535.6927943 686 603 645 725 635 726 4898 -6140 -538 206 144 36 67 -55 14
1534181535.7995718 686 603 645 725 634 726 4878 -6190 -356 203 219 42 67 -54 13
1534181535.8564837 686 603 645 725 634 726 4956 -6116 -378 20 -16 -26 67 -54 16
1534181535.9080558 686 603 645 725 634 726 4944 -6140 -554 169 67 45 66 -53 13
1534181535.94737 687 603 645 725 634 726 4918 -6132 -476 237 240 39 67 -53 13
1534181535.9883869 686 603 645 725 635 726 4916 -6168 -428 187 142 28 67 -53 14
1534181536.0228438 687 603 645 725 635 726 4926 -6172 -456 136 130 25 68 -53 12
1534181536.0695364 687 603 645 725 635 726 4924 -6122 -460 204 202 79 68 -55 13
1534181536.1315548 686 603 645 725 634 726 4898 -6120 -452 194 56 24 67 -53 13
1534181536.2004883 686 603 645 725 634 726 4902 -6134 -448 316 166 80 67 -53 12
1534181536.2916756 687 603 645 725 635 726 4946 -6144 -438 253 102 16 66 -53 15
1534181536.373845 686 602 645 725 634 726 4880 -6118 -458 260 39 3 67 -56 14
1534181536.4383442 686 603 645 725 635 726 4938 -6132 -428 255 194 65 65 -54 14
1534181536.478583 686 603 645 725 634 726 4912 -6144 -534 305 120 -3 67 -54 14
1534181536.5293732 686 603 645 725 635 726 4930 -6140 -472 272 144 -26 66 -55 16
1534181536.5976706 686 602 645 725 634 725 4858 -6312 -518 63 -258 -114 68 -56 14
1534181536.6668189 686 602 645 725 634 726 4998 -6768 96 -1057 -383 -261 65 -55 13
1534181536.7374933 686 602 645 725 634 726 5010 -6024 -456 -2003 617 -944 66 -53 14
1534181536.8094127 686 602 644 724 634 726 5152 -6808 -1508 -3796 553 -1221 66 -53 12
1534181536.8753633 687 603 645 724 634 726 3450 -7042 -778 457 469 -231 68 -54 9
1534181536.9690783 688 604 644 725 635 725 3904 -5462 -456 4873 4400 495 70 -53 13
1534181537.0512435 689 604 644 725 635 727 4836 -3032 584 2955 -2825 7185 66 -53 16
1534181537.119302 689 605 645 725 635 727 3954 -5280 974 5802 -355 3272 69 -50 18
1534181537.1603928 689 606 645 725 635 727 4290 -7470 1490 503 -4111 3065 70 -48 18
1534181537.2248778 689 606 645 725 635 727 5030 -6362 568 -2770 1611 1341 70 -46 21
1534181537.296314 688 604 644 725 634 727 4238 -8240 -54 -10895 570 -1317 70 -43 20
1534181537.367214 687 603 645 725 634 726 3882 -6872 -1386 4248 4955 2003 75 -43 18
1534181537.4382887 687 603 644 725 634 726 3844 -5484 -44 -2545 -2341 -710 76 -43 16
1534181537.5112822 687 603 645 725 634 726 4572 -7286 -1208 -3501 -1393 375 77 -45 15
1534181537.5802648 687 603 645 725 634 726 4278 -6524 -1378 5142 140 684 77 -45 12
1534181537.6923568 688 603 645 725 634 725 4210 -6324 -344 2737 1322 827 78 -46 14
1534181537.7783363 688 603 644 725 634 725 3994 -7028 10 1682 433 -149 76 -46 16
1534181537.8402464 688 603 645 725 634 726 4108 -6628 -8 1627 127 210 76 -45 17
1534181537.8802357 688 603 645 725 634 726 4238 -6578 -150 250 633 -323 77 -45 18
1534181537.9173656 688 603 645 725 634 726 4164 -6734 -120 732 143 95 76 -45 19
1534181537.982731 688 603 645 725 634 725 4152 -6530 -24 881 556 269 74 -44 21
1534181538.048287 688 603 645 725 634 726 4172 -6638 -22 133 192 -73 74 -44 21
1534181538.112436 688 603 645 725 634 726 4136 -6648 42 191 340 -1 76 -43 20
1534181538.177991 687 603 645 725 634 726 4192 -6666 -62 338 11 -59 75 -43 21
1534181538.2491615 687 603 645 725 634 726 4094 -6596 -18 -111 284 -159 77 -43 20
1534181538.3495426 687 603 645 725 634 726 4144 -6666 22 273 325 98 73 -42 21
1534181538.423265 687 603 645 725 634 726 4188 -6676 -152 128 349 46 76 -43 21
1534181538.4861238 687 603 645 725 634 726 4068 -6728 16 362 71 60 73 -45 20
1534181538.53117 688 603 645 725 634 726 4238 -6710 72 173 295 122 75 -41 20
1534181538.5682464 687 603 645 725 634 725 4160 -6524 -102 217 47 -49 76 -43 21
1534181538.6338222 687 603 645 725 634 726 4148 -6692 -24 241 145 13 75 -44 21
1534181538.6998742 687 603 645 725 634 726 4218 -6612 -20 356 271 162 73 -43 21
1534181538.7622676 687 603 645 725 634 725 4108 -6618 12 67 227 98 75 -42 20
1534181538.8272765 687 603 645 725 634 726 4206 -6646 -12 258 315 153 76 -42 20
1534181538.8937361 687 603 645 725 634 726 4170 -6658 20 163 359 117 76 -45 20
1534181538.9612281 687 603 645 725 634 725 4174 -6676 -12 20 117 -15 75 -44 20
1534181539.0361483 687 603 645 725 634 726 4156 -6700 6 216 145 43 75 -43 22
1534181539.1001706 687 603 645 725 634 726 4176 -6620 -24 226 247 54 74 -43 21
1534181539.149619 687 603 645 725 634 726 4150 -6726 -38 213 98 21 75 -43 22
1534181539.2136025 687 603 645 725 634 726 4122 -6646 -8 171 181 72 76 -42 22
1534181539.2778163 687 603 645 725 634 726 4148 -6650 -26 168 63 27 76 -42 21
1534181539.341259 687 603 645 725 634 726 4152 -6728 18 47 201 64 75 -43 21
1534181539.4062772 687 603 644 725 634 726 4220 -6624 -108 -49 95 49 75 -43 20
1534181539.4703813 687 603 645 725 634 726 4170 -6652 -178 32 97 -38 76 -42 20
1534181539.5384552 687 603 645 725 634 726 4122 -6782 -120 -179 320 38 76 -43 21
1534181539.6874914 687 603 645 725 634 726 4288 -6428 -206 -252 866 97 76 -41 20
1534181539.8363247 687 603 645 725 634 726 4098 -6526 18 -141 462 124 76 -43 20
1534181539.954289 686 603 645 725 634 725 4178 -6764 -194 -1482 406 -196 76 -43 20
1534181540.0590591 687 603 645 725 634 726 4028 -6968 -4 347 143 264 77 -43 19
1534181540.0961804 687 603 645 725 634 725 4278 -6562 -292 -988 706 -389 78 -41 21
1534181540.140863 687 603 645 725 634 726 4148 -6662 -152 -1421 619 -181 77 -44 22
1534181540.1937451 687 602 645 725 634 726 4170 -6610 -536 -1999 -122 -291 78 -43 21
1534181540.2491348 687 603 645 725 634 726 4216 -6720 -308 645 783 455 79 -43 20
1534181540.3030589 686 603 645 725 634 725 4090 -6548 -134 1610 354 443 82 -41 21
1534181540.339062 687 603 645 725 634 726 4152 -6696 -186 -355 204 -147 81 -40 19
1534181540.4868019 687 603 645 725 634 725 4156 -6700 -296 -230 -191 -99 78 -41 19
1534181540.5720034 687 602 645 725 634 726 4216 -6652 -352 309 290 78 78 -42 20
1534181540.6261005 687 603 645 725 634 726 4144 -6592 -442 320 364 119 81 -43 20
1534181540.6624424 686 602 645 725 633 726 4086 -6742 -362 377 -32 -75 79 -42 19
1534181540.6948357 687 603 645 725 634 725 4142 -6684 -196 106 157 -11 81 -41 19
1534181540.7279716 687 603 645 725 634 726 4180 -6662 -324 261 186 -16 81 -42 18
1534181540.7600617 686 603 645 725 634 725 4158 -6592 -332 381 163 -10 80 -43 21
1534181540.7991347 686 603 645 725 634 726 4166 -6656 -414 361 190 -6 79 -39 20
1534181540.8495977 687 603 645 725 634 726 4192 -6620 -348 514 189 -22 79 -41 21
1534181540.9001083 687 603 645 725 634 726 4166 -6652 -332 475 299 -14 78 -41 19
1534181541.0632598 687 603 644 725 634 725 4342 -6822 1018 -74 136 147 76 -41 22
1534181541.2210422 687 603 645 725 634 725 4456 -6934 -36 -454 -333 236 80 -41 22
1534181541.2810988 686 603 644 725 634 725 4018 -6976 -916 680 1209 853 79 -43 21
1534181541.3319967 686 603 644 725 634 726 4740 -6340 -670 913 618 -263 80 -41 20
1534181541.3679206 687 603 644 725 634 726 4218 -4936 -850 7904 133 1941 78 -42 23
1534181541.4081147 687 603 644 725 634 726 4258 -8334 436 2809 1578 -36 77 -42 22
1534181541.4552112 689 604 644 725 634 727 4218 -7794 1902 -97 462 -901 77 -40 26
1534181541.5135274 689 605 644 725 634 727 4238 -4896 698 -1373 -3856 4738 74 -40 28
1534181541.5635521 689 605 645 725 634 727 5004 -5788 866 2281 -538 704 77 -42 22
1534181541.608663 689 605 644 725 634 727 3828 -6832 -936 -101 1429 -1430 74 -40 23
1534181541.7936604 688 604 644 725 634 727 4726 -5904 738 -5730 -3513 -2787 76 -43 19
1534181541.8742125 687 603 644 725 634 726 4912 -8164 -2138 4675 -1908 -369 75 -46 20
1534181541.9389627 687 603 644 725 634 726 4062 -5636 1226 -1452 -645 -1478 75 -46 16
1534181541.9809353 687 603 645 725 634 726 4590 -5764 166 1096 -1575 -280 74 -48 16
1534181542.0199587 687 603 645 725 634 725 4898 -6352 -1498 -3317 -3055 -119 74 -49 15
1534181542.0671272 687 603 645 725 634 726 4836 -6490 -1656 -340 63 360 73 -48 13
1534181542.1140006 687 603 645 725 634 726 4642 -6308 -806 1936 1463 819 73 -50 9
1534181542.167378 686 603 644 725 634 726 4494 -6312 -460 1982 155 1273 74 -49 10
1534181542.2284563 687 603 644 725 634 726 4414 -6704 -534 -301 -149 103 74 -48 12
1534181542.2852037 687 603 644 725 634 726 4540 -6510 -626 -138 329 -229 75 -48 11
1534181542.3699079 687 602 644 725 634 726 4542 -6242 -684 617 550 46 74 -47 11
1534181542.4810164 687 603 645 725 634 725 4446 -6458 -608 -221 72 129 74 -50 14
1534181542.5410085 687 603 645 725 634 726 4518 -6514 -562 269 324 65 73 -50 16
1534181542.5804765 687 603 645 725 634 726 4478 -6328 -642 213 214 93 73 -49 12
1534181542.625908 687 603 645 725 634 726 4474 -6428 -696 -66 219 66 74 -48 12
1534181542.6801357 687 603 645 725 634 725 4530 -6444 -674 492 250 134 76 -48 13
1534181542.7465556 687 603 644 725 634 726 4474 -6410 -606 233 171 67 76 -49 13
1534181542.8106594 687 603 645 725 634 726 4494 -6480 -624 82 37 88 75 -47 14
1534181542.8762515 687 602 644 725 634 725 4520 -6364 -688 402 199 119 75 -48 14
1534181542.942691 687 603 645 725 634 726 4430 -6392 -634 194 82 2 73 -48 14
1534181543.0600026 687 602 645 725 634 725 4436 -6564 -596 91 45 -30 76 -49 12
1534181543.1379163 687 603 644 725 634 726 4498 -6396 -636 337 273 74 74 -48 14
1534181543.2189348 687 603 645 725 634 726 4476 -6488 -714 234 186 16 74 -48 13
1534181543.266914 687 603 645 725 634 725 4478 -6418 -566 118 223 18 75 -48 14
1534181543.298839 687 603 645 725 634 726 4506 -6446 -648 141 343 89 75 -50 15
1534181543.3358858 687 603 645 725 634 726 4482 -6442 -734 103 197 92 75 -48 13
1534181543.4034328 687 603 645 725 634 726 4418 -6456 -630 193 337 126 76 -48 13
1534181543.4711778 687 603 644 725 634 726 4554 -6372 -632 187 215 139 76 -48 14
1534181543.5354686 687 603 644 725 634 726 4448 -6508 -642 78 127 66 76 -47 14
1534181543.603057 687 602 645 725 634 726 4516 -6372 -614 379 269 172 74 -47 16
1534181543.7465417 687 602 644 725 634 725 4442 -6480 -712 226 172 88 76 -48 12
1534181543.8378892 686 603 645 725 634 726 4500 -6504 -574 325 103 94 75 -44 13
1534181543.9178798 687 603 645 725 634 726 4480 -6464 -602 287 368 209 75 -48 17
1534181543.9619634 687 602 645 725 634 726 4392 -6508 -628 192 285 155 75 -48 12
1534181544.0018358 687 602 645 725 634 726 4392 -6520 -546 275 178 47 77 -47 15
1534181544.0367455 687 603 645 725 634 726 4478 -6422 -688 290 270 131 76 -46 16
1534181544.0791585 687 602 644 725 634 726 4518 -6390 -706 472 469 285 74 -46 16
1534181544.1349852 687 603 645 725 634 725 4412 -6628 -500 988 545 378 77 -47 18
1534181544.2030458 687 603 644 725 634 726 4434 -6374 -322 908 646 463 76 -46 16
1534181544.2690527 687 603 644 725 634 726 4352 -6512 -368 364 294 95 76 -45 17
1534181544.3591022 687 603 645 725 634 726 4362 -6576 -426 344 53 59 76 -46 17
1534181544.4328647 686 602 644 725 634 726 4446 -6446 -422 365 228 79 77 -46 16
1534181544.510961 686 602 645 725 634 726 4414 -6612 -466 334 200 86 75 -46 18
1534181544.5478408 687 603 645 725 634 726 4394 -6516 -450 175 616 4 74 -46 19
1534181544.5950785 686 602 644 725 634 726 4466 -5996 -86 779 365 242 75 -45 19
1534181544.667107 687 602 644 724 634 725 4324 -6400 -150 -711 -1058 1070 76 -45 19
1534181544.7362635 686 602 644 725 634 725 4764 -7506 -1428 -7 653 2895 77 -44 18
1534181544.803905 686 603 645 724 634 725 3850 -5742 338 5356 5406 -754 79 -45 19
1534181544.8754447 687 603 644 724 634 726 4398 -5502 200 -3081 -4180 862 78 -43 20
1534181544.9490037 687 604 644 724 634 727 3914 -4738 -472 -17930 1268 -1048 75 -42 23
1534181545.14049 688 605 645 725 634 727 5428 -9106 -1494 3050 -5660 4696 85 -42 13
1534181545.2681818 689 605 645 725 634 727 3696 -6146 466 -857 -3913 701 85 -41 13
1534181545.330811 689 605 644 725 634 727 4190 -7622 -1346 430 2906 -509 86 -38 13
1534181545.3797798 688 604 644 725 634 727 4206 -8030 -1198 2140 1946 -950 85 -40 12
1534181545.4228141 687 603 644 725 634 726 3890 -7152 -2078 5679 1921 2746 84 -41 17
1534181545.4639068 687 603 644 725 633 726 3760 -6166 32 -6576 1353 -2106 84 -40 18
1534181545.505822 687 603 645 725 634 726 3720 -5428 746 3824 -796 435 84 -43 19
1534181545.5443811 687 602 644 725 634 725 4396 -5668 -154 -2362 -2209 -564 83 -45 19
1534181545.5828803 687 603 645 725 634 726 4510 -6774 -1442 -124 -2234 260 84 -46 15
1534181545.655322 687 603 644 725 634 726 4110 -6784 -1576 -798 -499 1223 81 -47 14
1534181545.8177462 687 603 644 725 634 726 3994 -6986 -488 3949 1907 1877 84 -45 11
1534181545.9167058 687 603 644 725 634 726 4048 -5964 -774 932 1057 689 82 -44 13
1534181545.9774091 687 602 644 725 634 726 4076 -6802 -618 860 178 937 83 -43 17
1534181546.0186903 687 603 644 725 634 725 3640 -7276 -304 -218 1234 -1048 84 -40 17
1534181546.0557282 687 603 644 725 634 726 4316 -6284 -222 -101 2156 -3639 86 -40 18
1534181546.0968797 687 603 644 725 634 726 4170 -6502 -502 468 -171 265 81 -42 19
1534181546.1515222 687 603 644 725 634 726 4120 -6682 -624 -527 -276 953 80 -42 17
1534181546.214707 687 602 644 725 634 725 4364 -7068 -968 -844 -139 -214 82 -43 17
1534181546.2780259 687 603 644 725 634 726 4080 -6632 -414 949 502 170 83 -42 18
1534181546.3446152 687 603 644 725 634 725 4210 -6486 -648 109 333 262 80 -41 19
1534181546.4466746 687 602 644 725 634 726 4136 -6842 -692 -361 -141 2 81 -40 19
1534181546.522657 687 603 645 725 634 726 4256 -6656 -524 641 467 136 82 -42 16
1534181546.5776987 687 603 644 725 634 725 4142 -6544 -738 353 187 -6 84 -41 17
1534181546.6167722 687 602 645 725 634 726 4174 -6634 -516 -123 -126 84 82 -40 17
1534181546.679723 687 603 645 725 634 726 4202 -6642 -588 111 502 194 83 -42 19
1534181546.7466369 687 602 644 725 634 726 4184 -6620 -672 493 442 120 81 -41 18
1534181546.8123312 687 603 644 725 634 726 4140 -6700 -492 132 69 23 81 -40 18
1534181546.8788316 686 602 645 725 634 726 4124 -6628 -612 -25 114 29 83 -40 18
1534181546.9418833 687 603 645 725 634 725 4138 -6646 -626 322 152 7 82 -40 18
1534181547.012908 687 602 644 725 634 726 4150 -6574 -668 374 192 85 83 -38 19
1534181547.2028012 686 603 645 725 634 726 4228 -6588 -586 242 253 118 83 -41 17
1534181547.303606 686 602 645 725 634 725 4146 -6616 -538 249 170 158 85 -39 20
1534181547.3585856 686 602 644 725 634 725 4130 -6740 -640 162 129 63 83 -42 20
1534181547.3947072 686 603 645 725 634 726 4112 -6716 -618 222 207 66 82 -40 18
1534181547.43685 687 603 645 725 634 726 4172 -6576 -548 159 312 146 82 -42 18
1534181547.4850075 687 603 644 725 634 725 4180 -6540 -758 533 270 143 83 -40 20
1534181547.5420306 687 603 644 725 634 725 4114 -6702 -592 253 130 182 84 -41 19
1534181547.588672 686 602 644 725 634 725 4094 -6784 -534 354 346 226 82 -40 17
1534181547.6438148 686 602 644 725 634 725 4116 -6688 -438 424 442 98 84 -40 19
1534181547.6889448 686 602 645 725 634 725 4050 -6706 -428 104 215 28 85 -40 21
1534181547.76569 686 603 645 725 634 725 4094 -6700 -510 218 94 21 85 -40 20
1534181547.829535 686 602 644 725 634 726 4140 -6734 -578 66 192 47 84 -41 19
1534181547.8795178 687 603 644 725 634 726 4002 -6650 -528 82 172 -22 83 -38 18
1534181547.937693 687 602 645 725 634 726 4110 -6658 -658 359 255 147 84 -38 18
1534181548.0048728 687 602 644 725 634 725 4084 -6798 -598 278 291 243 84 -39 19
1534181548.0696778 687 602 644 725 634 725 4018 -6774 -446 436 219 67 84 -41 19
1534181548.1378603 687 603 645 725 634 725 4030 -6680 -530 140 135 36 84 -42 21
1534181548.2028775 687 602 645 725 634 726 4094 -6688 -528 325 126 7 82 -42 18
1534181548.2694764 686 602 644 725 634 726 4074 -6788 -454 250 184 80 83 -40 21
1534181548.3347313 686 602 644 725 634 726 4090 -6746 -500 221 77 -105 84 -38 21
1534181548.457851 686 602 644 725 634 726 4034 -6796 -540 271 85 -166 85 -40 19
1534181548.5215182 686 602 644 725 634 725 4194 -6408 96 -839 -1271 95 85 -41 20
1534181548.5835218 686 602 644 725 634 726 3916 -6468 -506 -596 631 260 85 -38 19
1534181548.6224778 686 602 644 724 634 726 4036 -6884 -1542 -1310 -515 592 87 -40 17
1534181548.6756978 687 602 644 724 633 726 3888 -5866 -828 2614 469 333 87 -39 17
1534181548.7458565 687 603 644 724 634 726 4242 -6544 62 -4753 -751 -766 84 -39 19
1534181548.812597 687 604 644 725 634 727 4330 -6012 -184 1198 295 18 86 -36 20
1534181548.8807168 688 604 644 725 634 727 4554 -5782 882 -1198 -371 35 84 -35 20
1534181548.9507053 688 605 644 725 634 727 4726 -5962 284 -788 2202 -3254 86 -34 21
1534181549.018735 689 605 644 725 634 727 4146 -8194 -1476 3477 992 963 83 -34 20
1534181549.196694 689 605 644 725 634 727 3484 -4870 -932 458 1235 -1500 84 -36 19
1534181549.3063016 689 604 645 725 634 727 4496 -6640 -280 -2444 2368 -4919 84 -35 20
1534181549.3605068 688 603 644 725 633 726 4722 -5636 -2052 -1308 900 -2707 83 -38 21
1534181549.3994792 687 603 644 725 634 726 4268 -4714 280 10663 -139 1893 82 -40 16
1534181549.454091 688 603 644 725 633 726 4046 -6710 296 -4715 -1819 1052 79 -40 23
1534181549.5128932 687 603 645 725 634 726 4408 -6972 -706 -2630 -1588 -656 78 -40 20
1534181549.5596695 687 603 645 725 634 726 4326 -6334 -1008 610 93 209 81 -41 20
1534181549.6026697 688 603 645 725 633 724 4388 -6798 -710 162 904 818 81 -43 16
1534181549.651653 688 603 644 725 634 725 4188 -6582 -580 1402 391 734 80 -41 17
1534181549.7207525 687 603 644 725 634 726 4136 -6586 -512 -211 -99 308 81 -41 18
1534181549.8757162 687 602 644 725 634 726 4306 -6610 -634 91 130 226 84 -41 20
1534181549.9824784 687 603 645 725 634 726 4168 -6656 -642 195 331 231 84 -42 17
1534181550.0344791 687 603 644 725 634 726 4148 -6666 -538 396 76 239 82 -40 18
1534181550.0728683 688 602 645 725 634 726 4270 -6696 -492 118 153 90 83 -40 18
1534181550.105382 687 603 644 725 634 726 4110 -6628 -666 202 20 66 82 -41 19
1534181550.1394072 688 602 644 725 634 726 4232 -6606 -616 345 221 93 83 -39 17
1534181550.1886508 687 602 644 725 634 726 4214 -6658 -658 127 185 5 82 -38 18
1534181550.2415648 687 602 644 725 634 726 4136 -6692 -506 9 28 73 82 -40 17
1534181550.308637 687 603 644 725 634 726 4212 -6612 -704 377 220 123 84 -40 17
1534181550.3745694 687 602 644 725 634 725 4134 -6618 -654 52 137 43 81 -41 19
1534181550.5375912 687 602 644 725 634 726 4204 -6658 -538 79 299 -43 84 -41 19
1534181550.6665146 687 602 645 725 634 725 4190 -6658 -660 166 101 -15 83 -37 20
1534181550.736357 687 602 644 725 634 725 4218 -6574 -622 111 255 -10 81 -41 18
1534181550.7714553 687 602 644 725 634 726 4156 -6590 -680 150 166 109 82 -40 20
1534181550.810758 687 602 644 725 634 725 4170 -6746 -638 -24 348 272 83 -41 18
1534181550.8654733 687 603 644 725 634 725 4132 -6642 -686 108 314 112 85 -38 20
1534181550.9160545 687 602 644 725 634 726 4302 -6528 -738 113 748 554 84 -39 18
1534181550.9706233 687 602 644 725 634 725 4056 -6916 -500 -251 2274 1534 83 -39 18
1534181551.0248132 687 602 644 725 634 726 3928 -6774 -300 326 521 529 84 -39 19
1534181551.0736284 687 602 644 725 634 726 3996 -6656 -346 -705 105 180 86 -38 20
1534181551.2320576 687 602 644 725 634 726 4086 -6674 -756 128 174 220 86 -36 19
1534181551.3103812 687 602 644 725 633 726 3968 -6716 -680 85 537 319 87 -36 20
1534181551.3733284 687 602 645 725 634 726 3868 -6910 -430 -194 754 335 84 -37 18
1534181551.4172971 687 602 644 725 634 726 3938 -6850 -408 189 451 323 88 -35 19
1534181551.4605181 687 603 644 725 634 726 3926 -6340 -656 -589 260 102 86 -35 21
1534181551.5067606 687 603 644 725 633 726 3940 -6756 -718 463 113 69 87 -35 18
1534181551.5464735 687 603 645 725 634 725 3866 -6866 -438 -189 407 -98 88 -38 19
1534181551.588502 687 603 644 725 634 726 3904 -6816 -550 132 272 42 88 -36 21
1534181551.650485 687 602 645 725 634 726 3940 -6782 -590 317 347 129 90 -35 21
1534181551.7174826 687 602 644 725 634 726 3910 -6850 -516 52 90 -205 90 -33 21
1534181551.8585672 687 602 645 725 634 725 3904 -6734 -432 -20 238 -63 86 -33 20
1534181552.0004277 687 603 645 725 633 726 3940 -6714 -580 201 97 50 88 -33 22
1534181552.0913982 687 602 644 725 634 726 3948 -6792 -602 204 120 46 88 -34 19
1534181552.2325377 687 602 645 725 634 726 3908 -6778 -604 260 175 126 89 -36 21
1534181552.2643397 687 602 644 725 633 725 3908 -6780 -560 285 194 99 90 -35 19
1534181552.2983358 687 602 645 725 633 726 3884 -6870 -498 59 374 13 89 -34 22
1534181552.3313477 687 602 644 725 634 726 3962 -7026 -578 167 192 -362 88 -34 22
1534181552.3710716 687 602 644 725 634 725 3946 -6270 -234 1037 -277 174 87 -33 21
1534181552.4083078 687 602 644 724 634 725 3626 -6650 -382 255 -288 302 89 -35 21
1534181552.4453397 686 602 644 724 633 725 3966 -7598 -836 -875 -19 -426 87 -33 21
1534181552.5693226 687 602 644 724 634 725 3788 -7052 -948 1402 -1798 -1375 87 -34 20
1534181552.7074275 687 603 644 724 633 726 3722 -6256 182 -159 -593 -889 87 -37 21
1534181552.8183942 687 603 644 724 634 726 4428 -6578 902 -2242 -3113 247 82 -38 21
1534181552.915929 687 603 644 724 633 727 4490 -6716 -110 -6022 2564 -4006 87 -37 22
1534181552.9564517 688 604 644 725 634 727 4454 -5948 1040 -819 -2282 1926 86 -38 20
1534181552.9962182 688 605 645 725 634 727 3954 -7682 -1520 118 2660 -712 86 -38 17
1534181553.033195 689 605 644 725 634 727 3642 -7894 -1374 272 2282 -1116 89 -35 19
1534181553.0764356 688 604 644 725 634 727 4358 -7504 -560 -1315 -853 -1556 87 -33 19
1534181553.128525 687 603 644 725 633 726 4024 -5886 -1700 1836 546 -484 87 -34 18
1534181553.1776934 687 602 644 725 633 725 3856 -7222 74 -1839 642 -3591 87 -39 15
1534181553.3102891 687 603 644 725 633 726 4048 -6018 392 91 -658 404 83 -38 18
1534181553.3955379 686 602 644 725 634 726 4190 -7668 -1036 -4778 -3557 -267 83 -41 18
1534181553.4852602 687 602 645 725 634 726 4174 -6410 -1482 3252 670 680 85 -40 14
1534181553.526472 687 602 644 725 634 725 4176 -6506 -894 -265 808 226 85 -42 13
1534181553.5641518 687 602 644 725 633 725 4194 -6854 -1448 4807 -198 1490 85 -41 14
1534181553.6035492 687 602 644 725 633 726 3996 -6844 -362 6271 1154 1164 84 -40 15
1534181553.6566036 687 602 644 725 633 726 3838 -6254 320 -1306 1468 352 82 -39 21
1534181553.7043414 687 602 644 725 634 725 3908 -7408 -92 -2163 -193 -475 84 -38 24
1534181553.754486 687 602 644 725 633 726 3970 -6748 -596 -109 -491 -305 84 -38 23
1534181553.803276 687 602 644 725 633 726 4110 -6564 -562 -191 220 -102 83 -40 19
1534181553.9114602 687 602 644 725 634 726 3954 -6706 -468 -390 371 -6 85 -38 20
1534181554.0512192 687 602 644 725 633 726 4034 -6882 -350 -10 166 -92 86 -37 21
1534181554.135262 687 603 644 725 634 726 4012 -6640 -504 333 252 0 86 -39 21
1534181554.2496302 687 602 644 725 633 726 4054 -6796 -486 -137 100 12 84 -41 21
1534181554.2841372 687 602 644 725 634 725 4000 -6802 -578 803 321 187 83 -37 18
1534181554.3182042 687 602 644 725 633 726 4010 -6614 -368 473 433 170 82 -39 20
1534181554.3582108 687 602 644 725 634 725 3960 -6762 -396 39 102 -9 84 -38 21
1534181554.403264 687 602 644 725 633 725 4004 -6770 -388 -334 59 -114 84 -39 21
1534181554.4535336 687 602 644 725 634 726 4048 -6674 -540 -306 187 -75 87 -38 20
1534181554.50355 687 602 644 725 634 725 4044 -6758 -512 -167 97 -100 83 -40 18
1534181554.6322002 687 602 644 724 633 725 3968 -6732 -544 -77 63 -59 84 -38 22
1534181554.7201211 687 602 644 725 634 725 4068 -6674 -576 97 189 53 84 -35 20
1534181554.7932723 687 602 644 725 633 726 4046 -6724 -602 -34 52 -30 85 -38 20
1534181554.8331141 687 602 644 725 634 725 4038 -6760 -578 30 140 -31 84 -38 20
1534181554.8682518 686 602 644 725 634 726 4004 -6608 -580 200 201 65 84 -37 18
1534181554.9163554 686 602 644 725 633 726 4060 -6710 -574 -89 160 -52 83 -38 18
1534181554.9636095 686 602 645 725 633 726 4046 -6728 -652 73 106 -7 82 -39 18
1534181555.012281 687 602 644 725 634 725 4076 -6698 -580 202 65 -65 85 -36 19
1534181555.0565648 686 602 644 725 634 725 4010 -6742 -616 80 153 80 83 -37 17
1534181555.1211543 686 602 644 725 634 725 4054 -6698 -628 284 148 41 86 -38 18
1534181555.2759597 686 602 644 725 633 726 4050 -6716 -600 217 129 21 85 -38 21
1534181555.3573518 686 602 644 725 633 726 4080 -6654 -664 337 142 85 85 -40 18
1534181555.4262404 686 602 645 725 634 726 4022 -6690 -660 250 263 165 84 -39 19
1534181555.4735105 686 602 644 725 633 725 4076 -6720 -542 159 341 132 84 -38 21
1534181555.5131683 686 602 644 725 634 725 4046 -6614 -544 383 338 130 84 -38 20
1534181555.5490057 686 602 644 725 634 726 4022 -6716 -642 97 264 179 83 -37 19
1534181555.5861733 686 602 644 725 633 726 4022 -6772 -640 374 289 138 87 -40 20
1534181555.6537316 686 602 644 725 634 725 4014 -6730 -544 362 123 124 84 -37 16
1534181555.7187867 686 602 644 725 633 725 4024 -6660 -582 140 257 73 84 -38 19
1534181555.7862508 686 602 644 725 634 726 3956 -6756 -610 280 67 -22 86 -38 19
1534181555.8912575 686 602 644 725 633 725 3972 -6760 -584 191 77 -127 87 -37 19
1534181556.0432668 686 602 644 725 633 726 4134 -6702 -718 779 128 -107 85 -40 20
1534181556.1404665 686 602 644 724 633 726 3964 -7078 -472 902 -152 -417 86 -39 21
1534181556.2375355 686 602 644 725 633 725 3888 -5880 -600 3564 -1383 1531 84 -37 19
1534181556.2739828 687 602 644 725 633 725 4210 -6144 704 -1158 -370 2578 83 -40 19
1534181556.3111057 687 602 644 724 634 726 4190 -8412 -660 -2064 -419 -1396 84 -39 20
1534181556.361484 688 603 644 725 634 726 4048 -7428 480 810 1495 -399 85 -38 22
1534181556.4151666 688 604 644 725 634 727 4020 -6162 12 -369 1989 -439 84 -34 22
1534181556.4642146 688 604 644 725 634 727 3646 -8520 -894 -4817 1113 -787 84 -33 25
1534181556.5162046 689 605 644 725 634 727 3566 -8972 -834 -1896 376 -1184 86 -32 22
1534181556.7062538 688 604 644 725 634 727 4342 -7664 -1476 767 3687 -1200 88 -33 20
1534181556.7919662 688 603 644 725 634 726 4024 -7388 -224 -5001 706 -1627 86 -34 23
1534181556.865941 687 603 644 725 634 726 3532 -7402 1340 -5114 5453 -3638 85 -34 24
1534181556.8979127 687 603 644 725 634 725 3782 -5758 626 929 -4115 126 86 -33 26
1534181556.9388528 687 602 644 725 633 726 4530 -6770 -794 -4024 -3651 -386 87 -37 21
1534181556.9790945 687 602 644 725 634 726 4540 -6414 -2808 405 -665 -142 85 -37 17
1534181557.0219991 687 603 644 725 633 726 4120 -6362 -1196 1384 1455 1333 87 -39 14
1534181557.0588982 687 602 644 725 633 726 3820 -7218 -484 876 926 1362 86 -39 17
1534181557.113377 687 602 644 725 633 725 4088 -6658 -970 465 -64 -19 90 -36 17
1534181557.1823573 687 602 644 725 633 725 4136 -6542 -914 105 -231 -135 88 -36 16
1534181557.3270977 687 603 644 725 634 726 4066 -6688 -904 320 412 290 89 -37 18
1534181557.3930228 687 602 644 725 633 726 4044 -6676 -876 235 443 161 87 -38 15
1534181557.462076 687 602 644 725 634 726 4040 -6664 -814 401 81 43 89 -38 17
1534181557.5229778 686 602 644 725 633 726 4080 -6714 -898 125 -56 -42 89 -35 17
1534181557.5599532 686 602 644 725 633 725 4082 -6716 -840 134 15 -42 89 -36 15
1534181557.5948992 686 602 645 725 634 725 4108 -6576 -918 315 163 82 90 -35 18
1534181557.6472535 686 602 644 725 634 725 4054 -6676 -964 160 109 -2 90 -37 17
1534181557.7129939 686 602 644 725 634 725 4152 -6786 -854 207 279 42 86 -37 16
1534181557.77816 686 602 645 725 633 726 3992 -6594 -858 209 80 -27 88 -35 17
1534181557.845 686 602 644 725 634 726 4128 -6718 -874 114 107 32 88 -38 16
1534181558.0489538 686 602 644 725 633 725 4068 -6580 -888 356 192 69 90 -36 17
1534181558.129972 686 602 644 725 634 726 4018 -6722 -890 221 54 -14 89 -37 14
1534181558.2165637 686 602 645 725 633 726 4142 -6688 -878 70 134 -27 89 -36 16
1534181558.27292 686 602 645 725 634 725 4096 -6606 -1010 382 98 22 86 -37 16
1534181558.3092268 687 602 644 725 633 725 4136 -6662 -880 339 267 140 90 -39 16
1534181558.3500154 687 602 644 725 633 725 4032 -6648 -978 100 227 73 92 -36 17
1534181558.4032364 686 602 645 725 633 726 4084 -6662 -872 234 177 47 88 -34 16
1534181558.4511192 687 602 644 725 633 725 4084 -6676 -980 181 92 -5 88 -35 17
1534181558.4969184 686 602 644 725 633 726 4072 -6732 -802 190 126 6 89 -37 18
1534181558.5431778 686 602 644 725 633 725 4106 -6596 -888 192 165 0 88 -36 18
1534181558.6890364 686 602 644 725 633 726 4046 -6668 -994 27 112 10 88 -37 17
1534181558.8200366 687 602 644 725 633 726 4150 -6650 -918 258 292 131 88 -36 18
1534181558.9049652 686 602 644 725 633 725 4048 -6684 -990 160 287 61 87 -37 16
1534181558.9881344 687 602 644 725 633 725 4126 -6636 -932 344 109 39 89 -36 17
1534181559.0319483 687 602 644 725 633 725 4092 -6654 -876 255 190 92 89 -38 16
1534181559.0718958 687 602 644 724 633 725 4098 -6674 -850 264 148 44 87 -36 15
1534181559.1173842 687 602 644 725 633 725 4044 -6678 -916 134 153 7 92 -35 16
1534181559.1658914 687 602 644 725 633 725 4120 -6604 -978 141 243 41 91 -36 18
1534181559.222034 687 602 644 725 633 726 4054 -6708 -902 105 89 -7 88 -37 16
1534181559.2570755 686 602 644 725 633 726 4082 -6666 -864 182 242 32 89 -38 17
1534181559.3218012 687 602 645 725 633 725 4050 -6640 -950 335 206 84 89 -36 18
1534181559.400838 687 602 644 725 633 726 4062 -6730 -926 314 78 15 88 -36 18
1534181559.4825518 686 602 644 725 633 726 4148 -6648 -876 298 188 117 88 -35 16
1534181559.5198505 686 602 644 725 633 726 4070 -6716 -878 356 200 91 88 -37 18
1534181559.5577755 687 602 644 724 633 726 4182 -6778 -1010 -578 -328 -392 88 -36 18
1534181559.608978 687 602 644 724 633 726 4158 -7088 -1880 165 -2855 1405 89 -36 18
1534181559.6654038 687 602 644 724 633 725 3498 -7112 -340 1232 3706 -1131 90 -36 16
1534181559.714928 687 603 644 724 633 726 3334 -5288 -1036 6110 2382 2939 90 -37 18
1534181559.77884 687 603 644 724 633 726 3822 -7548 -1028 1173 1477 422 88 -36 19
1534181559.8483088 688 604 644 725 633 727 3024 -5188 -340 6999 2578 2578 88 -34 19
1534181560.030011 689 605 644 725 633 727 3376 -6914 -768 1704 95 1836 90 -31 20
1534181560.0907807 688 605 644 725 633 727 3150 -6940 316 767 -802 162 90 -30 20
1534181560.151734 688 604 644 724 633 726 4216 -7778 -992 -1255 1810 -1521 93 -28 23
1534181560.187795 687 603 644 724 633 726 2622 -6480 -1384 -5611 4097 -1509 91 -28 22
1534181560.2330766 687 603 644 724 633 725 3812 -5950 982 2326 -1720 -218 94 -30 20
1534181560.2707307 686 602 644 724 633 725 3526 -6902 -440 -1331 -1285 126 90 -30 24
1534181560.342095 686 602 644 724 633 726 4398 -6746 -1258 101 -988 -186 90 -30 25
1534181560.4110582 687 602 644 724 633 726 4164 -6152 -1314 -246 161 635 88 -31 20
1534181560.4791012 687 602 644 724 633 725 3904 -7450 -652 -133 559 691 89 -32 19
1534181560.5450892 687 602 644 725 633 725 3532 -6886 -162 1209 66 456 91 -30 17
1534181560.7001457 687 602 644 724 633 726 3950 -6616 -684 -1295 -769 -554 90 -31 22
1534181560.7896886 686 602 644 724 633 725 3950 -6796 -1012 350 -212 -105 92 -30 20
1534181560.8466988 686 602 644 725 633 726 3778 -6942 -742 113 322 186 90 -32 17
1534181560.8857727 686 602 644 724 633 726 3920 -6778 -786 1211 100 247 91 -34 18
1534181560.9341884 687 602 644 724 633 726 3912 -6708 -638 104 57 17 92 -32 19
1534181560.98594 687 602 644 724 633 726 3842 -6806 -708 510 411 413 90 -32 18
1534181561.0367825 686 602 644 725 633 726 3832 -6790 -656 218 -27 47 93 -34 18
1534181561.085845 686 602 644 724 633 726 3796 -6772 -726 171 98 27 91 -31 19
1534181561.15286 687 602 644 724 633 725 3898 -6798 -770 317 210 129 90 -31 21
1534181561.216938 686 602 644 724 633 726 3824 -6836 -670 332 105 88 91 -31 20
1534181561.3268783 686 602 644 724 633 726 3804 -6892 -532 175 65 37 89 -34 20
1534181561.4498253 686 602 644 724 633 725 3834 -6784 -750 244 168 91 91 -30 19
1534181561.568875 686 602 644 724 633 726 3860 -6812 -704 346 199 131 92 -31 17
1534181561.6166854 686 602 644 725 633 725 3774 -6818 -600 263 194 77 91 -32 20
1534181561.6558383 687 602 644 724 633 725 3836 -6814 -606 41 265 -5 90 -32 20
1534181561.692454 687 602 644 724 633 726 3860 -6872 -632 118 43 -55 93 -31 19
1534181561.733813 687 602 644 724 633 726 3828 -6800 -706 216 187 66 90 -32 18
1534181561.7707076 686 602 644 725 633 726 3798 -6870 -668 218 132 82 91 -30 21
1534181561.8106024 686 602 644 724 633 725 3838 -6804 -728 145 7 -41 91 -29 20
1534181561.8777564 686 602 644 724 633 726 3802 -6834 -732 266 120 36 92 -32 19
1534181562.0040555 686 602 644 724 633 726 3912 -6814 -738 138 221 54 91 -32 20
1534181562.1229017 687 602 644 724 633 725 3776 -6758 -742 299 58 56 91 -31 18
1534181562.222206 686 602 644 724 633 726 3822 -6870 -692 271 213 118 92 -31 20
1534181562.2656245 686 602 644 724 633 725 3866 -6788 -728 284 71 10 91 -32 19
1534181562.3055925 686 602 644 724 633 725 3862 -6844 -696 179 234 110 91 -29 17
1534181562.3423078 686 602 644 724 633 725 3804 -6798 -672 228 180 79 92 -30 21
1534181562.3888419 686 602 644 724 633 726 3836 -6836 -732 190 105 11 90 -33 20
1534181562.4357715 686 602 644 724 633 725 3792 -6742 -622 187 280 101 92 -31 20
1534181562.489029 686 602 644 724 633 726 3890 -6866 -766 325 111 23 91 -31 21
1534181562.5418327 686 602 645 725 633 726 3754 -6868 -678 277 161 64 91 -28 21
1534181562.6606293 686 602 644 724 633 725 3796 -6818 -590 333 223 112 91 -30 20
1534181562.7458742 686 602 644 724 633 726 3874 -6834 -714 251 120 57 92 -32 18
1534181562.804559 686 602 644 725 633 726 3730 -6870 -640 400 201 134 91 -31 21
1534181562.8415718 686 602 644 724 633 725 3804 -6878 -618 145 304 127 91 -30 20
1534181562.8818839 686 602 644 725 633 725 3880 -6820 -652 316 222 105 90 -32 19
1534181562.9370768 686 602 644 724 633 726 3766 -6956 -730 154 133 23 91 -28 22
1534181563.004709 686 602 644 725 633 725 3850 -6774 -736 310 293 244 90 -29 20
1534181563.0706334 686 602 644 724 633 725 3694 -6890 -654 307 217 -87 94 -31 20
1534181563.1382515 686 602 644 725 633 725 3836 -7040 -680 -31 147 19 89 -30 21
1534181563.2027855 686 602 644 724 633 725 3800 -6706 -666 514 304 21 92 -30 22
1534181563.3492851 687 602 644 725 633 725 3860 -6998 -472 146 405 82 93 -31 22
1534181563.4045665 686 602 644 724 633 726 3732 -6916 -646 905 145 196 93 -31 22
1534181563.4515808 686 602 644 724 633 725 3734 -6842 -342 216 -116 -277 92 -29 19
1534181563.4905019 686 602 643 724 633 725 3580 -7410 -528 -487 154 -412 92 -30 22
1534181563.545246 686 602 644 724 633 725 4250 -8036 -1158 1477 895 -318 92 -29 19
1534181563.6157975 686 602 644 724 633 725 3558 -6234 164 2526 2497 -1381 91 -29 22
1534181563.685675 687 603 644 724 633 726 3576 -7978 -1666 2589 1142 1553 90 -28 23
1534181563.7600353 688 604 644 724 633 727 3830 -6454 -1550 -2091 3226 -1359 88 -28 23
1534181563.8328488 689 605 644 725 634 727 2710 -9194 -1592 -3651 -478 -2036 86 -27 25
1534181563.9035697 688 605 644 724 633 727 4346 -7746 34 -2591 1738 -2193 91 -26 25
1534181564.0196455 687 604 644 724 633 727 4082 -7210 -164 -5199 976 -3405 88 -26 26
1534181564.103322 687 602 644 724 633 726 4394 -6748 -2684 1709 1342 3243 90 -28 23
1534181564.1669307 687 602 644 725 633 726 3198 -6448 308 458 -266 -479 91 -29 19
1534181564.2098317 687 602 644 724 633 725 3572 -7962 -684 -3447 -2514 -1663 92 -30 21
1534181564.2574244 687 602 644 725 633 725 4124 -6370 -1326 970 -774 -393 93 -29 18
1534181564.3268487 686 602 644 724 633 725 4088 -6706 -1704 -487 73 -868 91 -31 16
1534181564.3947463 687 602 644 724 633 726 3948 -6374 -758 1803 915 653 93 -33 14
1534181564.4637773 687 602 644 725 633 726 3834 -6914 -568 144 -485 -284 92 -30 15
1534181564.5308576 687 602 643 724 633 725 4070 -6716 -1056 -72 -29 53 93 -30 13
1534181564.5985787 687 602 644 725 632 725 4004 -6682 -1190 70 186 -157 90 -31 16
1534181564.7651443 687 602 644 724 633 725 3970 -6616 -998 408 488 320 90 -33 16
1534181564.8725626 687 602 644 725 633 725 3970 -6676 -988 619 -187 506 92 -32 16
1534181564.9354901 687 602 644 724 633 726 3968 -6782 -898 547 148 190 89 -35 16
1534181564.9842474 687 602 644 724 633 725 3962 -6734 -1064 81 -187 8 92 -33 14
1534181565.0214505 687 602 644 724 633 725 4010 -6724 -1040 276 201 74 90 -30 15
1534181565.0555139 687 602 644 724 633 726 3922 -6738 -898 252 176 62 93 -31 15
1534181565.1019278 687 602 644 725 633 726 3948 -6760 -970 46 102 -49 92 -32 18
1534181565.1569648 687 602 644 724 633 725 4046 -6612 -1114 432 248 73 91 -33 18
1534181565.2048206 687 602 644 725 633 725 3868 -6682 -940 320 17 33 90 -32 16
1534181565.2671022 687 602 644 725 633 726 3970 -6800 -938 107 91 20 92 -32 17
1534181565.3777719 686 602 644 724 633 725 3956 -6698 -1096 329 -7 24 91 -32 16
1534181565.4502013 686 602 644 724 633 726 3948 -6832 -992 289 194 112 91 -31 16
1534181565.513471 687 601 644 724 633 726 3948 -6642 -1008 393 256 78 92 -33 17
1534181565.5493913 686 602 644 725 633 725 3928 -6780 -922 216 171 103 91 -32 16
1534181565.5955625 686 601 644 724 633 725 3968 -6792 -1066 155 302 -5 91 -31 17
1534181565.662154 687 602 644 724 633 725 3952 -6714 -986 316 188 3 91 -33 16
1534181565.7296653 687 602 644 724 633 725 3956 -6826 -896 226 188 -40 92 -30 16
1534181565.7966359 687 602 644 724 633 725 3972 -6594 -962 365 280 104 91 -32 18
1534181565.8614323 687 602 644 724 633 725 3944 -6770 -898 302 202 -9 92 -31 15
1534181565.9280102 687 602 644 724 633 725 3916 -6936 -894 530 80 158 93 -30 17
1534181566.082607 686 602 644 724 633 725 3976 -6686 -892 199 101 91 89 -32 16
1534181566.2244544 687 602 644 724 633 725 3972 -6718 -1014 172 242 -11 92 -31 17
1534181566.2843904 686 602 644 724 633 725 3892 -6742 -916 171 166 51 91 -32 18
1534181566.3333817 686 602 644 724 633 726 4000 -6794 -886 415 125 121 93 -31 16
1534181566.3707588 686 602 644 725 633 725 3982 -6758 -974 228 255 -69 93 -31 17
1534181566.40534 686 602 644 724 633 725 3998 -6750 -916 172 233 15 90 -30 16
1534181566.4373424 686 602 644 724 633 725 3944 -6740 -988 171 112 1 93 -32 18
1534181566.4753752 687 602 644 725 633 725 3954 -6788 -856 190 147 -3 89 -30 19
1534181566.5244448 687 602 644 725 633 725 3944 -6800 -924 183 72 15 91 -32 15
1534181566.5914683 686 602 644 725 633 725 3960 -6774 -992 225 172 31 92 -32 18
1534181566.7805405 686 602 644 724 633 725 3902 -6692 -876 346 67 34 91 -32 19
1534181566.852353 686 602 644 725 633 725 3980 -6738 -900 268 216 76 91 -32 16
1534181566.937402 686 602 644 725 633 725 4000 -6708 -918 273 87 61 91 -33 17
1534181566.981379 686 602 644 725 633 725 3896 -6696 -846 422 245 154 93 -32 16
1534181567.0162957 686 602 644 725 633 726 3982 -6830 -860 428 180 159 91 -33 19
1534181567.061612 686 602 644 725 633 725 3946 -6712 -934 308 204 64 92 -31 20
1534181567.1075492 686 602 644 725 633 725 3940 -6738 -870 372 112 99 90 -31 18
1534181567.1615772 686 602 644 725 633 725 3902 -6744 -848 345 26 -46 92 -31 19
1534181567.2129395 686 602 644 725 633 725 4012 -6702 -752 475 -488 -386 91 -33 17
1534181567.262084 686 602 644 725 633 726 3974 -6826 -812 267 -103 -254 92 -30 20
1534181567.3308492 686 601 644 724 632 725 3562 -6148 -698 531 313 -592 90 -32 16
1534181567.4052846 686 601 644 724 633 725 3758 -7038 -638 2242 -2549 -710 90 -29 18
1534181567.4783163 686 602 644 724 633 725 4226 -6934 -848 -729 618 -637 93 -33 19
1534181567.5384653 686 601 644 724 633 726 3934 -8160 -584 -2341 -2244 -1134 89 -33 20
1534181567.6064987 687 603 644 724 633 726 3784 -5886 514 -934 287 -1041 89 -34 18
1534181567.6775296 688 604 644 724 633 727 4892 -5252 1402 8243 -587 6750 87 -34 18
1534181567.7483604 689 604 644 725 633 727 3646 -4878 280 -3802 4116 -2356 84 -31 18
1534181567.8214386 688 604 644 725 633 727 3806 -6452 -1700 1195 3934 -2338 88 -30 22
1534181567.8925526 688 604 644 724 633 727 4326 -7668 402 -1889 3167 -2399 87 -32 23
1534181567.964435 686 602 644 725 633 726 3670 -6250 -1748 1192 3882 -534 88 -31 24
1534181568.121315 687 602 644 725 633 726 3560 -6598 1630 1190 816 -822 87 -33 24
1534181568.2752473 686 602 644 724 633 726 3420 -5884 714 3103 -1480 -942 87 -31 28
1534181568.3312745 686 602 644 725 633 725 4550 -6478 -54 -2488 -4689 -1662 84 -34 27
1534181568.3683102 686 602 644 725 633 725 4636 -5952 -1500 -2257 -3762 -597 82 -35 25
1534181568.4144995 686 602 644 725 633 725 4352 -6794 -1238 -889 123 20 82 -40 19
1534181568.4699287 686 602 644 725 633 726 4356 -6622 -662 306 174 -6 81 -39 16
1534181568.527923 686 602 644 725 633 726 4190 -6734 -756 -115 35 -314 84 -40 17
1534181568.5808897 686 602 644 725 633 725 4694 -6326 -932 -643 1725 -303 81 -39 17
1534181568.6203911 686 602 644 725 633 725 4314 -6080 -450 2493 -6 1228 83 -38 14
1534181568.673546 687 602 644 725 633 726 4454 -6454 -684 -399 -210 206 84 -40 19
1534181568.796191 686 602 644 725 633 725 4258 -6638 -894 -761 -617 135 84 -40 16
1534181568.8632014 686 601 644 725 633 725 4300 -6630 -832 -405 125 132 84 -40 16
1534181568.9221683 686 602 644 725 633 725 4246 -6566 -714 -23 -195 -119 85 -39 18
1534181568.9624956 686 601 644 725 633 725 4296 -6528 -914 -58 -881 -14 83 -39 18
1534181569.0011377 686 601 644 725 633 726 4464 -6482 -1156 20 -139 -175 84 -40 16
1534181569.0675004 686 602 644 725 633 725 4290 -6426 -960 323 440 216 88 -39 16
1534181569.1354163 686 601 644 725 633 725 4374 -6364 -1034 274 193 150 84 -39 15
1534181569.2042062 686 601 644 725 633 725 4262 -6648 -878 229 445 668 86 -40 14
1534181569.2702181 686 601 644 725 633 725 4294 -6562 -970 364 569 548 84 -40 16
1534181569.3393018 686 601 644 725 633 725 4106 -6670 -838 -392 734 563 86 -38 15
1534181569.5562186 686 601 644 725 633 726 4204 -6686 -850 205 289 224 87 -37 14
1534181569.6201851 686 601 644 725 633 725 4156 -6510 -842 308 379 363 88 -39 15
1534181569.678184 686 601 644 725 633 725 4158 -6638 -838 -151 452 782 86 -39 15
1534181569.7192695 686 602 644 725 633 725 4180 -6772 -1142 133 442 217 87 -36 16
1534181569.7560675 686 601 644 725 633 725 4160 -6494 -896 313 349 230 88 -34 15
1534181569.7963295 686 601 644 725 633 725 4140 -6640 -914 148 435 362 89 -35 14
1534181569.8423698 686 602 644 725 633 725 4082 -6650 -908 123 414 293 88 -36 16
1534181569.889254 686 602 644 725 633 725 4118 -6626 -992 502 351 386 88 -34 16
1534181569.9453554 686 602 644 725 633 725 4074 -6730 -984 335 141 361 89 -34 17
1534181570.0122461 686 601 644 725 633 725 4028 -6798 -640 536 528 317 90 -33 16
1534181570.1773317 686 602 644 725 633 725 4042 -6776 -764 -71 465 45 88 -32 17
1534181570.2911077 686 601 644 725 633 725 3866 -6864 -898 146 -244 135 92 -33 17
1534181570.3670657 686 602 644 725 633 725 4070 -6796 -1040 485 551 -48 88 -33 17
1534181570.4051828 686 602 644 725 633 725 3994 -6732 -860 1364 478 192 89 -33 19
1534181570.453557 686 601 644 725 633 725 4036 -6602 -684 308 398 141 87 -34 17
1534181570.5031693 686 601 644 725 633 725 4172 -6668 -638 839 1191 604 89 -33 19
1534181570.5544102 686 601 644 725 633 726 3754 -7002 -686 235 1180 917 90 -33 20
1534181570.601246 686 601 644 725 633 724 3690 -6822 -506 929 215 358 91 -32 20
1534181570.651809 686 602 644 725 633 725 3746 -6936 -390 27 692 -42 92 -31 23
1534181570.7058084 686 602 644 725 633 725 3870 -6808 -628 183 -5 -47 92 -30 23
1534181570.8612423 686 602 644 725 633 725 3880 -6644 -576 817 94 377 90 -31 23
1534181570.9570749 686 601 644 725 633 726 3846 -6936 -592 -362 77 -257 90 -29 22
1534181571.0221639 686 601 644 725 633 724 3816 -6922 -494 51 632 -221 89 -32 23
1534181571.06613 686 602 644 725 633 725 3886 -6864 -382 511 -138 -180 90 -31 22
1534181571.10201 686 602 644 726 633 725 3884 -6620 -558 1249 590 -305 91 -31 24
1534181571.140086 685 602 644 725 633 725 3850 -7824 -514 -1311 100 -809 90 -30 23
1534181571.1881993 686 602 644 725 633 725 3942 -7166 -392 -28 462 205 91 -30 21
1534181571.244354 686 602 644 725 633 725 3952 -6612 -1128 -665 2361 -1650 89 -29 23
1534181571.3052275 686 602 644 725 632 725 4608 -6178 -786 -2051 2971 -1252 87 -31 20
1534181571.3761954 686 602 644 725 633 726 3216 -7118 -1842 3639 2313 -438 89 -29 22
1534181571.5465822 687 603 643 725 633 726 3092 -8134 -1756 -2199 211 -1695 91 -28 23
1534181571.6810539 688 604 644 725 633 727 2740 -8514 -1900 -3082 -5317 -745 89 -28 23
1534181571.7550116 688 604 644 725 633 726 4776 -7114 -572 476 2661 -1153 92 -27 19
1534181571.7927206 687 603 644 725 633 727 4136 -7956 -216 -1832 685 -855 90 -29 20
1534181571.8320787 686 602 644 725 632 726 4362 -5026 -1512 3813 -1659 892 89 -29 20
1534181571.8690493 686 601 643 725 632 725 3346 -4792 62 -3804 1529 -2204 90 -30 20
1534181571.906167 686 602 644 725 633 725 3700 -7122 220 -925 -3055 550 89 -31 23
1534181571.9512982 686 602 644 725 633 726 4444 -6192 -1400 -249 -1635 282 88 -31 20
1534181572.0125737 686 601 643 725 633 726 4354 -6198 -1310 303 763 273 90 -33 16
1534181572.0801377 686 601 644 725 632 725 3978 -6700 -904 353 211 430 91 -33 16
1534181572.2401016 686 601 644 726 633 725 4136 -6570 -802 -701 975 -1331 91 -33 16
1534181572.3150172 686 601 643 725 633 725 4156 -6692 -964 -368 -332 89 90 -35 18
1534181572.3970275 686 601 644 725 633 725 4274 -6432 -950 -42 -274 164 91 -33 14
1534181572.4350023 686 602 644 725 632 725 4148 -6612 -1086 -216 242 67 91 -34 15
1534181572.4775875 686 602 644 725 632 725 4234 -6696 -1020 415 345 277 91 -33 16
1534181572.5200791 686 602 644 725 633 725 4152 -6412 -1156 251 6 -5 89 -33 18
1534181572.5700579 685 602 644 725 633 725 4166 -6638 -982 119 247 318 93 -32 17
1534181572.6221015 686 601 644 725 633 725 4150 -6608 -1158 579 268 205 91 -35 15
1534181572.6881068 686 602 644 725 633 725 4056 -6520 -1110 171 52 46 92 -32 16
1534181572.7540193 686 601 644 725 633 725 4068 -6708 -996 90 38 130 92 -33 17
1534181572.8661482 686 601 644 725 633 725 4242 -6546 -1058 267 340 135 92 -32 18
1534181573.0062742 686 601 644 725 633 724 4102 -6642 -964 153 64 33 90 -35 17
1534181573.1010797 685 601 644 725 632 725 4186 -6618 -1012 -3 88 -97 92 -33 15
1534181573.209826 686 601 644 725 633 725 4148 -6576 -1156 294 175 103 92 -34 18
1534181573.2453732 686 601 644 725 633 726 4110 -6612 -966 383 167 170 92 -32 17
1534181573.2779362 685 601 644 726 633 726 4070 -6662 -1016 198 40 -67 91 -33 14
1534181573.3202026 686 601 644 725 633 725 4176 -6544 -1114 85 62 2 91 -33 17
1534181573.3701916 686 601 644 725 633 725 4120 -6634 -1100 241 223 40 90 -32 17
1534181573.4169838 685 601 644 725 632 725 4108 -6616 -970 81 189 53 91 -33 17
1534181573.468517 685 601 644 725 632 725 4118 -6590 -1150 267 172 121 92 -33 15
1534181573.5640006 685 601 644 725 632 724 4088 -6564 -1076 235 61 154 91 -33 15
1534181573.6364539 685 601 644 725 632 725 4094 -6728 -1032 314 180 201 90 -33 13
1534181573.7028968 685 601 643 725 633 725 4104 -6552 -1146 189 156 161 91 -33 15
1534181573.7410216 685 601 644 725 633 726 4216 -6664 -932 23 212 12 92 -31 16
1534181573.7750008 685 601 644 725 633 725 4164 -6648 -1006 256 227 224 95 -33 18
1534181573.8211725 685 601 644 726 633 725 4042 -6622 -1054 478 103 46 92 -31 13
1534181573.8880837 686 601 644 725 633 725 4096 -6638 -1020 116 -154 21 93 -31 16
1534181573.957183 685 601 644 725 633 725 4138 -6554 -1114 313 86 147 90 -33 15
1534181574.0255785 686 601 644 726 633 725 4162 -6656 -1096 400 114 111 93 -32 13
1534181574.092003 685 602 644 726 633 725 4060 -6680 -972 463 111 151 92 -32 15
1534181574.2639534 685 601 644 726 633 725 4100 -6662 -1110 131 -41 -189 92 -30 16
1534181574.353828 685 601 644 726 633 725 4110 -6540 -1176 133 28 -89 91 -33 15
1534181574.415808 685 601 644 725 633 725 4082 -6772 -988 301 263 2 92 -33 16
1534181574.461907 685 601 644 725 633 725 4144 -6556 -1072 -183 73 -274 91 -32 15
1534181574.4969184 685 601 644 725 633 725 4164 -6532 -1318 276 97 41 92 -31 14
1534181574.5360181 685 601 644 725 633 725 4068 -6696 -952 434 157 77 91 -33 15
1534181574.5810602 685 601 644 725 633 724 4130 -6650 -1128 4 -30 -60 93 -32 17
1534181574.6269038 685 601 644 725 633 725 4112 -6592 -1230 392 175 66 93 -34 15
1534181574.6940064 685 601 644 725 633 725 4150 -6672 -1102 195 151 21 93 -33 14
1534181574.760417 685 601 644 725 633 725 4092 -6604 -1202 190 120 7 92 -34 14
1534181574.9304338 685 601 644 725 634 725 4124 -6642 -1128 286 158 68 93 -32 15
1534181575.019775 685 601 644 725 633 725 4128 -6664 -1088 273 129 68 93 -35 16
1534181575.0777981 685 601 644 726 633 725 4104 -6578 -1188 246 128 39 93 -33 15
1534181575.1154366 685 601 644 725 633 725 4116 -6668 -1072 319 118 14 91 -34 13
1534181575.1538568 685 601 644 725 633 725 4130 -6582 -1066 211 -4 15 94 -30 16
1534181575.205227 685 601 644 725 633 725 4096 -6630 -1114 270 60 8 94 -31 14
1534181575.2596035 685 601 643 725 633 725 4096 -6630 -1152 140 -26 -22 92 -35 16
1534181575.317062 685 601 644 725 633 724 4204 -6640 -1180 245 170 184 90 -31 12
1534181575.3628042 685 601 644 725 633 724 4108 -6588 -1222 581 377 354 92 -31 12
1534181575.4320476 685 601 644 725 633 726 3918 -6772 -1128 545 264 189 91 -32 15
1534181575.5875518 685 601 644 725 633 725 4004 -6710 -942 -154 -162 -162 93 -31 16
1534181575.681752 685 601 644 726 633 725 4126 -6600 -1228 67 16 -123 92 -36 17
1534181575.744805 685 601 644 725 633 724 4162 -6506 -1244 325 246 97 93 -33 16
1534181575.7850947 685 601 644 726 633 725 4084 -6722 -1096 281 387 202 91 -33 14
1534181575.816712 685 601 644 725 633 726 4012 -6528 -1170 98 171 -18 92 -32 14
1534181575.852744 685 601 644 725 633 726 4104 -6718 -1138 36 247 -80 94 -32 17
1534181575.9039924 686 601 644 725 633 725 4076 -6630 -1080 56 84 -140 94 -33 16
1534181575.972539 685 601 644 726 633 724 4232 -6536 -1226 216 159 -1 91 -33 15
1534181576.0398006 685 601 644 725 633 725 4090 -6626 -1310 361 413 218 91 -34 13
1534181576.1069694 685 601 644 725 633 724 4116 -6612 -1124 299 225 96 94 -32 14
1534181576.3096752 685 601 644 725 633 725 4074 -6740 -986 357 44 53 92 -32 16
1534181576.3826706 685 601 644 725 633 725 4108 -6724 -1030 220 17 24 93 -32 16
