1533765893.666553 679 729 684 649 741 669 -8016 -112 -2254 89 54 282 -18 204 -49
1533765893.7491236 679 729 684 649 741 669 -7918 -178 -2128 362 853 256 -20 203 -49
1533765893.8172362 679 729 684 648 741 668 -7810 -80 -2368 678 603 53 -18 205 -51
1533765893.880831 680 729 684 649 741 669 -7966 -66 -2286 703 1078 709 -19 203 -49
1533765893.9578605 679 729 685 649 741 669 -7876 76 -2386 -122 378 1706 -20 203 -52
1533765894.0276237 679 729 685 649 741 669 -7990 298 -2322 204 389 1200 -21 204 -52
1533765894.0980332 679 729 685 648 741 669 -7942 440 -2352 -267 788 173 -24 204 -51
1533765894.169892 679 729 684 648 741 668 -7818 -184 -2514 547 -60 -999 -22 204 -53
1533765894.2421055 679 729 684 649 741 669 -8014 162 -2208 579 -1727 -125 -23 203 -54
1533765894.2990146 680 729 684 649 741 668 -7722 230 -2632 401 570 74 -23 202 -51
1533765894.3915758 679 729 684 648 741 669 -7924 148 -2304 150 -78 315 -25 203 -54
1533765894.5455544 679 729 684 649 741 669 -7920 32 -2278 292 -316 60 -24 202 -50
1533765894.596581 679 729 684 648 741 668 -7858 306 -2386 274 -561 604 -22 204 -52
1533765894.6397347 679 729 684 648 741 668 -7946 114 -2236 369 397 -477 -24 203 -51
1533765894.6807992 679 729 684 648 741 669 -7952 196 -2240 258 116 128 -22 203 -50
1533765894.725724 680 729 684 648 741 669 -7962 260 -2162 262 -11 131 -25 204 -50
1533765894.781178 679 728 684 648 741 668 -7894 130 -2218 230 -14 158 -24 202 -51
1533765894.861932 679 729 683 648 741 669 -7876 138 -2192 185 29 -51 -23 202 -51
1533765894.928252 679 729 684 648 741 668 -7934 280 -2234 261 8 129 -24 203 -52
1533765894.999625 679 729 684 648 741 668 -7984 166 -2050 472 -61 -72 -27 205 -51
1533765895.1106448 679 729 684 648 741 668 -7836 168 -2272 302 287 251 -25 202 -51
1533765895.144555 679 729 684 648 741 668 -7938 238 -2200 261 197 -200 -25 203 -48
1533765895.1966555 679 729 684 648 741 669 -7918 36 -2044 57 -38 250 -24 201 -50
1533765895.2756474 680 729 684 648 741 669 -7912 206 -2234 164 413 -306 -25 202 -49
1533765895.3461788 679 729 684 648 741 668 -7966 102 -2160 244 -37 -150 -23 203 -50
1533765895.4077294 679 729 684 648 741 668 -7942 190 -2152 211 207 38 -24 203 -51
1533765895.4797606 679 729 684 648 741 668 -7938 166 -2190 62 75 75 -25 203 -52
1533765895.5370657 679 729 683 648 741 669 -8002 210 -2124 129 61 -77 -23 204 -51
1533765895.615172 679 729 684 648 742 669 -7934 134 -2212 229 -116 117 -25 199 -51
1533765895.6802022 680 729 684 648 741 669 -7910 250 -2296 82 530 26 -25 202 -49
1533765895.7651758 680 729 684 649 741 669 -7990 136 -2096 66 -54 127 -24 203 -52
1533765895.8120487 680 729 684 649 741 669 -7982 202 -2190 209 354 -240 -26 203 -50
1533765895.8901463 681 729 685 649 743 669 -7776 366 -2238 -63 -585 370 -25 201 -51
1533765895.9567084 680 729 685 649 743 669 -7818 170 -2332 198 489 -157 -24 202 -49
1533765896.0337985 680 729 685 649 742 669 -7998 158 -2190 288 271 -431 -25 203 -50
1533765896.1011512 680 729 685 649 742 669 -8012 196 -2056 185 143 129 -22 202 -50
1533765896.1748402 681 730 684 649 742 669 -7936 174 -2190 277 -101 -132 -23 204 -50
1533765896.2416496 681 730 683 649 742 669 -7880 216 -2162 135 95 66 -23 202 -50
1533765896.3122618 681 729 684 649 742 669 -8008 100 -2092 107 352 -121 -25 201 -50
1533765896.3762906 680 729 685 649 743 669 -7948 214 -2108 225 -212 -56 -25 201 -50
1533765896.443308 681 729 684 649 743 669 -7936 186 -2168 214 224 47 -25 202 -50
1533765896.5169826 681 729 684 649 742 669 -7908 148 -2236 4 337 121 -23 201 -48
1533765896.5796804 681 730 684 649 742 669 -7946 166 -2134 283 -180 -282 -23 202 -50
1533765896.6495278 681 730 684 649 743 669 -7980 258 -2078 89 185 155 -24 201 -52
1533765896.7226315 682 730 685 650 743 669 -7890 230 -2234 186 1 74 -22 202 -51
1533765896.7812397 682 730 685 650 744 669 -7958 164 -2096 129 332 -59 -25 201 -49
1533765896.8593483 682 730 685 650 743 669 -7956 158 -2090 194 -17 90 -22 200 -49
1533765896.925839 682 730 684 650 743 669 -7858 330 -2172 229 84 -66 -26 201 -50
1533765896.9960203 683 730 684 650 744 670 -7860 184 -2192 180 147 11 -24 202 -53
1533765897.0543869 682 730 684 650 743 669 -7912 216 -2248 147 234 -27 -23 202 -53
1533765897.1429963 683 730 684 650 743 669 -7966 158 -2194 250 -60 -54 -25 202 -52
1533765897.2040982 682 730 684 650 744 669 -7934 240 -2162 176 130 -101 -24 203 -48
1533765897.2657042 682 730 685 650 744 669 -7938 210 -2210 210 120 38 -21 202 -51
1533765897.3281896 682 730 684 650 743 669 -7934 194 -2108 217 132 -27 -23 202 -49
1533765897.4073825 682 730 684 650 743 669 -7952 70 -2086 124 -3 133 -23 201 -48
1533765897.4772668 682 729 684 650 743 669 -7854 180 -2228 167 -51 42 -24 202 -50
1533765897.5334337 681 729 684 650 743 669 -8016 218 -2054 273 -86 3 -24 202 -51
1533765897.6117716 681 729 684 650 743 669 -7986 188 -2068 376 -186 -489 -25 202 -48
1533765897.682616 681 729 684 650 743 669 -8008 58 -1980 412 205 -236 -23 203 -48
1533765897.7542815 681 729 684 650 742 669 -8012 178 -1966 166 123 -128 -25 203 -49
1533765897.8288279 679 728 651 649 742 669 -8192 78 -2090 254 -203 719 -24 202 -49
1533765897.891315 678 728 681 649 741 668 -7862 296 -2192 873 -177 -1014 -24 201 -50
1533765897.9580529 671 727 655 649 741 668 -7932 232 -2202 404 -300 174 -22 200 -50
1533765898.0361297 669 726 641 648 739 667 -7900 142 -1922 413 499 -507 -23 201 -49
1533765898.1036048 667 724 623 647 738 667 -7962 76 -2284 143 1208 367 -23 203 -51
1533765898.1652489 667 724 631 646 737 666 -7930 278 -2282 325 -358 198 -26 201 -53
1533765898.243022 666 723 653 646 736 667 -8038 90 -2184 318 189 -31 -27 200 -49
1533765898.3126876 666 723 683 645 736 667 -8048 104 -2204 172 625 256 -26 200 -50
1533765898.3761182 665 722 683 644 734 667 -8072 16 -2296 -319 1225 1488 -24 202 -50
1533765898.4419436 683 726 687 669 740 696 -7788 320 -2326 225 503 -274 -26 202 -50
1533765898.533141 700 730 691 691 747 723 -7824 62 -2246 302 -613 -604 -27 201 -50
1533765898.5800047 700 730 673 692 745 725 -7934 168 -2390 86 612 342 -27 201 -50
1533765898.649061 698 729 687 688 744 722 -7848 230 -2230 59 485 163 -26 200 -52
1533765898.73024 698 729 690 688 744 721 -7974 342 -2210 394 638 -527 -26 200 -51
1533765898.7965662 697 729 689 687 744 720 -7968 128 -2364 332 351 -249 -27 200 -53
1533765898.8590395 698 730 690 688 745 721 -7936 64 -2384 -133 961 902 -26 202 -53
1533765898.9404666 701 731 660 688 745 720 -7012 364 -2786 195 -1034 756 -24 201 -55
1533765899.0139847 696 731 689 678 743 707 -8376 540 -1662 903 -2248 -2474 -26 202 -54
1533765899.08504 699 733 690 685 746 716 -8062 -36 -1946 223 337 -200 -27 201 -49
1533765899.1491237 699 734 691 686 747 718 -7942 270 -2140 50 153 132 -25 201 -50
1533765899.267265 700 734 690 686 747 717 -7956 92 -2116 145 99 -376 -26 200 -50
1533765899.2934914 703 735 690 688 747 720 -8036 238 -2056 121 210 154 -24 201 -47
1533765899.355977 702 734 689 687 747 720 -7998 228 -2134 152 105 31 -23 202 -50
1533765899.426176 704 734 690 689 747 722 -7966 200 -2062 256 146 45 -25 203 -49
1533765899.493656 705 735 689 688 747 721 -7946 150 -2100 -9 302 107 -25 202 -50
1533765899.562533 704 734 690 688 746 721 -7986 152 -2034 165 -76 -86 -25 201 -50
1533765899.6316006 703 734 689 686 746 719 -7946 340 -2170 262 66 -64 -24 202 -49
1533765899.695843 705 734 690 689 747 722 -7900 96 -2124 3 469 83 -26 201 -50
1533765899.7653978 706 735 691 689 747 723 -8040 218 -1976 269 75 -210 -25 200 -49
1533765899.8281193 706 735 690 689 747 723 -7900 212 -2234 337 49 -22 -24 202 -51
1533765899.9218569 705 734 690 688 747 720 -7970 122 -2046 153 706 -49 -25 200 -51
1533765899.9732625 705 734 690 687 746 720 -7998 226 -2026 216 -205 -188 -23 200 -50
1533765900.0384734 704 735 690 687 746 720 -7940 208 -2184 274 -205 79 -24 202 -51
1533765900.100958 704 735 690 687 746 721 -7930 78 -2308 170 599 -34 -23 202 -50
1533765900.1660948 704 734 689 687 746 720 -8092 80 -1954 145 364 -182 -25 203 -53
1533765900.248258 705 735 690 688 747 722 -7904 316 -2250 199 26 118 -26 201 -49
1533765900.3132303 706 735 690 688 747 722 -7932 108 -2144 140 138 -133 -28 203 -50
1533765900.3767717 701 734 689 683 745 716 -7994 86 -2074 170 368 -110 -24 201 -52
1533765900.4587624 701 733 689 682 745 713 -7932 310 -2208 337 -255 -134 -26 201 -50
1533765900.515992 702 734 689 685 745 718 -7934 64 -2244 210 471 67 -26 202 -50
1533765900.5940979 702 734 689 685 745 718 -7982 212 -2178 155 252 19 -25 201 -52
1533765900.6608968 702 734 690 685 745 718 -7956 90 -1978 202 98 -82 -24 200 -50
1533765900.7287116 702 734 689 684 745 718 -7880 148 -2282 142 256 35 -24 201 -51
1533765900.7965493 702 734 689 685 745 719 -8036 126 -2048 146 345 -236 -25 201 -51
1533765900.859034 702 734 689 685 745 718 -7934 162 -2200 140 -65 0 -23 201 -52
1533765900.9249854 701 734 689 685 745 718 -8008 120 -2036 121 63 170 -26 202 -51
1533765901.0024002 701 733 689 684 745 717 -7866 140 -2364 156 194 12 -26 200 -51
1533765901.0697346 700 734 689 683 744 716 -7984 6 -2082 194 278 -63 -23 201 -51
1533765901.138897 700 734 689 684 745 717 -8016 210 -2030 287 -17 -88 -24 203 -52
1533765901.20677 700 734 688 682 744 715 -7918 74 -2130 183 154 -62 -24 201 -52
1533765901.2967424 701 734 689 685 745 718 -7880 250 -2226 36 119 395 -25 203 -51
1533765901.3447387 700 734 689 683 744 718 -7962 -64 -2140 213 226 -292 -25 203 -51
1533765901.4076698 702 735 690 686 746 719 -7946 232 -2200 142 744 225 -23 202 -51
1533765901.4856043 700 734 689 683 745 716 -7882 102 -2220 230 -192 -453 -24 200 -51
1533765901.5484998 705 736 690 687 747 722 -8058 102 -2048 215 -62 -23 -23 201 -51
1533765901.6109521 704 736 690 687 746 721 -7926 184 -2238 230 -67 39 -24 203 -51
1533765901.6805935 704 736 690 687 746 721 -7930 176 -2236 146 455 108 -23 203 -51
1533765901.7594845 703 736 689 685 746 719 -8046 68 -2018 227 286 -97 -24 200 -52
1533765901.829206 702 736 689 685 746 718 -7898 234 -2060 292 -176 -114 -24 202 -51
1533765901.891691 704 736 690 687 747 721 -7946 134 -2130 159 64 179 -25 203 -51
1533765901.978337 702 736 689 685 747 719 -7934 104 -2168 178 259 59 -24 202 -50
1533765902.03419 703 736 690 686 746 720 -7950 82 -2120 99 209 -21 -24 201 -51
1533765902.0883782 702 736 690 686 746 720 -7980 142 -2110 64 138 65 -24 201 -48
1533765902.164907 702 736 689 684 746 718 -8014 100 -2044 270 219 28 -26 202 -50
1533765902.2367938 698 735 688 681 745 714 -7978 178 -2108 101 70 -12 -25 203 -47
1533765902.2975333 700 735 689 683 746 717 -7892 88 -2226 162 -10 82 -27 203 -52
1533765902.3608346 699 735 689 682 744 716 -7978 34 -2136 273 315 -191 -23 203 -51
1533765902.4429462 698 735 689 682 744 716 -7940 146 -2202 232 424 102 -24 200 -49
1533765902.511841 699 735 689 682 744 717 -8030 156 -2040 159 118 -87 -22 201 -49
1533765902.5788279 700 735 689 682 744 717 -7902 110 -2178 141 19 -118 -25 202 -51
1533765902.649454 702 735 689 684 747 717 -7910 236 -2120 74 107 137 -24 203 -51
1533765902.716907 703 736 689 685 747 718 -7994 142 -2110 205 24 -17 -24 201 -52
1533765902.78037 703 735 690 685 747 718 -7944 140 -2130 146 78 143 -26 201 -49
1533765902.8426635 703 736 689 686 747 718 -7824 108 -2170 187 -325 220 -23 200 -51
1533765902.9238303 703 735 690 686 747 719 -8010 200 -2114 214 352 38 -24 202 -50
1533765902.992209 701 734 689 684 746 717 -7982 228 -2266 197 151 181 -26 200 -51
1533765903.0589979 702 734 689 686 746 719 -7878 144 -2084 374 -1 -332 -25 201 -51
1533765903.1332219 701 734 689 686 745 719 -7910 230 -2018 331 1094 -444 -23 201 -49
1533765903.201577 696 732 690 687 745 721 -7988 222 -2106 525 671 -588 -25 199 -51
1533765903.2725446 697 731 634 689 744 723 -8204 -36 -2362 363 216 142 -25 202 -51
1533765903.3559299 697 730 691 690 743 725 -7892 142 -2238 488 -708 -626 -26 201 -51
1533765903.407432 698 730 688 690 743 725 -8102 -144 -2192 -31 157 823 -24 201 -54
1533765903.4815545 697 728 667 690 742 725 -7998 84 -2416 367 29 -130 -23 202 -51
1533765903.5470488 696 727 690 689 740 725 -8054 -94 -2330 -63 535 813 -26 202 -53
1533765903.6095529 694 725 690 688 738 725 -7916 52 -2320 285 899 -253 -23 201 -51
1533765903.6817074 691 719 687 686 735 725 -7888 -150 -2284 219 574 -428 -24 202 -54
1533765903.760765 689 714 687 686 733 724 -7784 56 -2312 274 669 -226 -26 201 -53
1533765903.8130617 686 710 686 685 730 725 -7916 48 -2514 179 307 85 -24 203 -52
1533765903.8913362 687 710 686 686 732 726 -7952 76 -2452 224 238 -476 -24 202 -54
1533765903.957667 687 709 687 687 731 726 -8034 -142 -2702 276 616 -1100 -26 202 -57
1533765904.0542684 688 710 686 687 733 726 -6910 -414 -2804 -291 -1523 1359 -23 202 -55
1533765904.1011329 691 716 688 687 737 724 -7884 362 -1990 -196 77 1795 -24 204 -57
1533765904.181643 692 725 663 681 741 715 -8046 2 -1936 478 60 -1209 -25 202 -51
1533765904.2482104 684 719 663 679 735 712 -7912 56 -2272 256 -29 60 -25 202 -50
1533765904.3117597 673 713 652 670 728 704 -7960 150 -2178 236 -449 -190 -25 201 -53
1533765904.376292 673 713 649 669 728 704 -7960 -24 -2222 283 318 -217 -24 202 -50
1533765904.457057 647 707 644 636 720 665 -7984 128 -2126 176 -146 40 -25 200 -49
1533765904.5159752 649 709 644 637 720 665 -7964 2 -2156 69 300 -71 -24 202 -52
1533765904.594082 649 709 644 637 721 664 -7986 -34 -2102 98 243 -156 -27 202 -51
1533765904.662825 649 709 671 636 720 664 -7990 120 -2092 98 -16 243 -25 202 -52
1533765904.7517147 649 709 679 636 721 664 -7922 26 -2234 130 189 41 -24 200 -54
1533765904.797636 648 709 679 636 720 664 -7980 -46 -2184 -7 394 -45 -23 202 -49
1533765904.8600135 648 709 678 636 720 664 -8046 116 -2044 327 157 -148 -24 201 -52
1533765904.9270053 647 708 679 635 720 663 -7936 118 -2154 270 -72 250 -24 201 -52
1533765905.003597 648 708 679 635 720 663 -7920 -16 -2232 8 391 135 -26 203 -52
1533765905.0697274 647 708 679 635 720 663 -8012 98 -2076 244 8 -345 -24 201 -50
1533765905.1399453 647 709 679 635 719 663 -7904 104 -2200 173 201 228 -24 202 -51
1533765905.2104292 648 708 679 635 719 663 -7964 -40 -2152 200 305 -259 -27 200 -51
1533765905.2663603 647 708 679 635 720 663 -7922 136 -2108 197 -160 -52 -25 202 -52
1533765905.3461432 648 708 679 635 720 663 -7924 56 -2124 136 93 70 -25 203 -50
1533765905.4441495 647 708 679 635 720 663 -7946 12 -2166 156 279 -81 -25 201 -51
1533765905.4818625 648 708 679 635 720 663 -7996 80 -2068 148 91 -153 -23 202 -51
1533765905.5486012 648 709 679 635 720 663 -7970 46 -2226 209 96 65 -24 203 -51
1533765905.6112578 648 708 679 635 720 663 -7964 66 -2172 213 77 -107 -24 202 -49
1533765905.680651 648 708 679 635 720 663 -7994 16 -2134 236 205 -12 -24 202 -50
1533765905.7493067 648 709 679 635 720 663 -8026 60 -2058 293 137 -133 -24 202 -53
1533765905.8117929 648 709 679 635 720 663 -7966 74 -2162 184 -39 4 -23 201 -52
1533765905.8743584 648 709 679 635 720 663 -7942 64 -2150 158 37 2 -25 202 -51
1533765905.9412427 648 709 679 636 720 663 -7902 32 -2232 187 291 100 -26 203 -53
1533765906.022269 648 709 679 636 720 663 -8026 -46 -2070 187 262 112 -25 201 -52
1533765906.1054127 648 709 679 635 720 663 -7984 206 -2210 110 112 270 -24 201 -51
1533765906.1494026 648 709 678 635 720 663 -7908 -100 -2348 254 -102 -411 -26 202 -52
1533765906.2312787 647 709 679 635 720 663 -8054 94 -2026 138 242 -13 -25 201 -52
1533765906.297352 648 709 679 635 720 663 -7842 74 -2316 246 11 -24 -26 202 -52
1533765906.3605492 648 709 679 635 720 662 -8016 8 -2084 228 282 -46 -24 202 -54
1533765906.4263284 648 709 679 635 720 663 -7950 64 -2114 126 -68 -122 -24 201 -52
1533765906.5004106 648 709 679 635 720 663 -7964 82 -2148 137 62 12 -24 202 -51
1533765906.5624552 648 709 679 635 720 663 -7910 2 -2234 120 260 107 -25 201 -52
1533765906.6356714 648 709 679 635 720 663 -8016 4 -1996 281 227 -297 -24 202 -53
1533765906.705436 648 709 679 635 720 663 -7944 188 -2212 187 -257 77 -23 203 -53
1533765906.7806075 648 709 678 635 720 663 -7912 144 -2212 124 43 225 -26 200 -49
1533765906.843094 648 709 679 635 720 662 -7946 -86 -2106 143 392 -129 -25 202 -53
1533765906.905654 648 709 678 635 720 663 -7950 108 -2128 262 165 -55 -26 204 -52
1533765906.98314 648 709 678 635 720 662 -7986 160 -2078 306 -143 -159 -25 201 -51
1533765907.0383282 648 710 678 635 720 662 -7908 96 -2292 53 149 369 -23 201 -51
1533765907.1165407 648 709 678 635 720 662 -7942 -42 -2118 192 261 -214 -25 201 -52
1533765907.1824853 648 710 677 635 720 662 -7970 138 -2112 235 14 -205 -25 203 -53
1533765907.2490914 648 710 677 635 720 663 -7924 96 -2216 147 94 63 -23 204 -50
1533765907.3115766 648 710 677 635 720 662 -7960 52 -2104 163 206 18 -24 201 -53
1533765907.3770754 649 710 678 635 721 663 -7956 90 -2124 215 129 -75 -26 200 -53
1533765907.4756513 648 710 677 635 721 663 -7916 100 -2180 190 -30 42 -24 202 -52
1533765907.5271676 649 710 677 635 721 663 -7972 -2 -2092 232 95 -184 -24 203 -50
1533765907.5806808 649 710 676 635 721 662 -7926 168 -2192 248 -51 16 -26 202 -52
1533765907.6490612 649 710 677 635 721 663 -7942 50 -2228 252 150 28 -24 200 -51
1533765907.7290037 648 711 677 635 721 663 -7978 76 -2068 11 186 196 -25 202 -52
1533765907.7965264 649 710 678 635 721 663 -7802 -90 -2420 623 380 -1088 -24 203 -52
1533765907.859252 648 710 678 635 720 663 -8050 132 -2176 155 201 297 -27 200 -51
1533765907.9406307 682 717 648 676 732 710 -8202 284 -2388 412 1123 493 -24 200 -53
1533765908.0102992 683 716 648 681 733 718 -8048 208 -2188 495 206 -503 -25 201 -52
1533765908.0733054 683 715 688 682 731 719 -8218 168 -2244 557 -128 -799 -25 201 -51
1533765908.1666036 683 715 682 684 731 721 -8046 -8 -2248 235 959 -124 -24 201 -51
1533765908.2207646 683 713 687 684 730 722 -7964 122 -2310 518 528 -596 -24 203 -53
1533765908.2811344 683 712 687 684 729 723 -7964 -118 -2402 467 821 -483 -23 203 -53
1533765908.360894 683 711 687 684 728 724 -7958 -168 -2330 153 323 25 -26 203 -53
1533765908.4266248 683 712 687 684 729 723 -7936 -182 -2334 203 258 277 -25 202 -53
1533765908.5023026 686 713 688 686 731 724 -7882 -116 -2406 279 270 -123 -25 201 -56
1533765908.5639625 684 711 688 685 729 724 -7840 -114 -2394 285 105 -307 -23 203 -54
1533765908.6440785 686 713 689 687 731 725 -7900 -192 -2350 192 751 -56 -24 203 -55
1533765908.713281 684 710 688 687 729 725 -7830 -202 -2346 56 117 230 -22 203 -57
1533765908.7819498 684 710 689 687 729 725 -7842 -186 -2358 120 526 10 -21 203 -53
1533765908.8600576 682 709 688 687 727 725 -7852 -140 -2412 36 299 213 -23 203 -57
1533765908.9069211 682 710 688 687 727 725 -7786 -52 -2532 93 478 103 -25 201 -57
1533765908.9895046 682 709 689 687 727 725 -7988 -286 -2684 -58 -81 631 -22 204 -56
1533765909.0536227 684 712 689 688 729 726 -7110 86 -2298 -957 -1064 3159 -24 202 -55
1533765909.1344814 680 711 683 684 728 722 -8914 236 -1184 290 -224 -1051 -23 203 -54
1533765909.203066 680 710 688 684 727 721 -7954 -350 -2148 248 848 29 -24 201 -51
1533765909.2659595 678 711 688 682 727 719 -7902 212 -2304 122 -280 -68 -25 201 -52
1533765909.3285525 678 710 689 682 727 718 -7958 100 -2110 160 -75 191 -27 201 -51
1533765909.4075944 678 710 688 682 727 718 -7896 -64 -2244 69 301 -166 -26 201 -51
1533765909.4826045 675 710 688 678 726 714 -8008 174 -2074 276 -537 -447 -24 201 -51
1533765909.5631213 676 712 689 680 729 715 -7936 18 -2218 87 351 189 -25 200 -53
1533765909.6097546 676 712 688 679 729 713 -7944 36 -2142 192 79 11 -26 201 -49
1533765909.6819506 677 713 688 679 730 714 -7988 62 -2166 231 154 -154 -26 201 -51
1533765909.7495594 678 714 689 679 731 713 -7938 98 -2156 191 -85 138 -25 199 -53
1533765909.8120463 677 714 688 676 730 710 -7916 -2 -2266 117 482 40 -25 201 -51
1533765909.890278 678 714 688 677 730 709 -8060 70 -2014 270 -219 -326 -27 205 -52
1533765909.9571044 676 714 689 677 730 713 -7918 46 -2074 244 185 130 -25 201 -52
1533765910.0269656 679 715 689 680 731 713 -7882 -30 -2272 185 601 105 -25 201 -51
1533765910.0891607 677 715 689 678 730 712 -8008 26 -2038 155 -43 -379 -23 204 -51
1533765910.1647084 675 714 689 677 730 710 -7964 88 -2090 243 -62 124 -24 200 -53
1533765910.2494562 676 714 688 677 731 710 -7920 58 -2178 165 471 -143 -25 202 -51
1533765910.2963321 677 714 689 677 730 710 -7966 58 -2112 152 -115 70 -27 200 -52
1533765910.3613842 677 714 688 672 730 708 -7992 126 -2070 238 153 0 -27 201 -53
1533765910.4273176 678 714 689 677 731 710 -7876 0 -2142 144 303 219 -25 201 -53
1533765910.5051167 677 715 688 676 730 708 -8012 34 -2012 277 -32 -413 -25 202 -52
1533765910.5643487 676 714 688 676 731 709 -7938 158 -2178 164 -197 200 -24 201 -54
1533765910.642475 678 715 689 677 732 710 -7914 -10 -2204 122 288 4 -24 202 -52
1533765910.6986773 679 715 689 678 731 711 -8016 22 -2120 133 228 25 -26 200 -51
1533765910.7664855 679 714 688 677 732 710 -7958 92 -2144 252 8 -177 -24 200 -51
1533765910.8445935 678 715 688 675 731 708 -7988 -30 -2026 103 114 150 -25 201 -53
1533765910.9228418 679 714 688 675 731 708 -7852 88 -2328 54 562 240 -24 201 -51
1533765910.9820874 680 716 689 676 731 709 -8020 66 -2116 153 -97 -219 -25 200 -52
1533765911.0390644 681 716 689 678 732 710 -7976 8 -1984 181 295 250 -26 201 -54
1533765911.1174064 680 715 689 678 732 710 -7852 88 -2234 249 207 -107 -25 201 -52
1533765911.1825843 679 715 689 677 732 709 -7896 60 -2222 214 279 9 -24 202 -52
1533765911.2493498 678 715 688 676 732 708 -7974 -34 -2032 332 -322 -296 -23 201 -53
1533765911.3118978 676 716 688 675 732 706 -7904 232 -2268 206 515 300 -23 201 -52
1533765911.3929992 678 716 688 677 732 710 -7974 -6 -2156 336 -87 -248 -23 201 -53
1533765911.4595747 675 715 689 675 732 702 -7922 88 -2140 140 243 39 -25 201 -53
1533765911.5287113 676 716 689 676 732 708 -7980 104 -2062 289 22 -99 -25 201 -52
1533765911.6109753 675 714 688 675 732 707 -7952 48 -2118 182 117 -32 -25 200 -52
1533765911.6492844 675 714 689 675 732 707 -7944 10 -2228 24 378 115 -26 202 -51
1533765911.7297795 674 715 687 674 731 705 -7980 -4 -2036 77 22 -75 -24 200 -51
1533765911.7982001 675 715 688 675 732 706 -7888 124 -2288 230 -5 -35 -25 202 -50
1533765911.8608685 669 713 687 668 727 702 -7548 -298 -2196 33 875 -161 -26 202 -52
1533765911.938984 675 715 689 675 732 706 -7940 130 -2192 -291 275 -496 -24 201 -51
1533765912.0129545 675 715 688 675 733 706 -8222 -306 -1920 -413 -314 1548 -24 203 -52
1533765912.070148 676 716 689 676 734 707 -8026 160 -2102 -30 18 238 -25 201 -52
1533765912.1501884 675 715 689 675 733 705 -7984 78 -2094 166 -105 -137 -26 202 -51
1533765912.2181916 677 716 689 677 734 708 -7994 70 -2076 47 186 117 -25 203 -52
1533765912.2974324 679 716 689 679 735 710 -7968 126 -2158 227 86 -196 -25 202 -52
1533765912.3545983 677 716 689 677 734 708 -7948 36 -2100 156 37 185 -25 200 -50
1533765912.4078224 678 716 689 678 734 709 -7908 96 -2126 164 83 74 -24 202 -52
1533765912.4876719 678 716 689 678 735 708 -7910 24 -2202 240 138 -68 -25 200 -51
1533765912.548363 678 716 689 678 735 708 -7958 120 -2108 208 78 -79 -25 203 -50
1533765912.611021 679 716 689 679 735 710 -7930 98 -2132 121 119 -41 -22 200 -52
1533765912.6806173 679 716 689 680 735 710 -7956 66 -2172 109 144 -12 -26 202 -51
1533765912.7619348 679 716 690 679 735 710 -8004 94 -2154 182 121 -269 -25 201 -52
1533765912.8294382 679 716 689 679 736 709 -7942 70 -2270 -17 428 295 -27 202 -52
1533765912.8921425 679 716 689 679 735 710 -7994 144 -2032 261 -64 -259 -23 200 -52
1533765912.9797502 678 716 689 679 735 709 -8000 -68 -2058 312 230 -384 -24 201 -51
1533765913.035685 678 716 689 678 735 709 -7928 96 -2222 5 538 280 -26 203 -53
1533765913.089802 677 715 689 677 734 707 -7866 74 -2204 176 105 -98 -25 204 -52
1533765913.165778 680 716 689 677 734 707 -8012 28 -2066 190 323 -295 -23 201 -52
1533765913.2423599 679 715 689 676 735 706 -7884 70 -2242 156 540 -229 -25 202 -52
1533765913.296278 679 715 689 676 735 705 -7780 -32 -2232 221 193 84 -25 203 -53
1533765913.3612723 678 714 689 676 735 706 -7934 6 -2140 62 207 202 -23 203 -53
1533765913.4423227 680 715 689 679 735 709 -7894 138 -2224 203 134 30 -23 201 -52
1533765913.5134358 679 715 689 679 735 709 -7940 -16 -2246 355 88 -112 -25 202 -54
1533765913.5782714 678 715 688 678 734 709 -7748 -188 -2096 216 366 381 -24 203 -52
1533765913.6486387 678 715 689 679 734 709 -7934 28 -2268 502 -38 -513 -23 202 -53
1533765913.7213597 679 714 689 680 733 710 -8038 80 -2138 158 745 708 -24 203 -54
1533765913.7808857 680 712 688 680 732 711 -7802 128 -2274 900 230 -1282 -25 202 -54
1533765913.8592417 680 711 688 680 731 712 -8156 32 -2464 496 -21 -568 -24 202 -53
1533765913.9253016 680 711 663 680 730 712 -7940 -172 -2280 299 874 -116 -25 203 -55
1533765914.0018466 677 711 685 680 729 712 -7866 -74 -2368 143 -67 194 -23 203 -54
1533765914.069943 677 709 688 680 729 712 -7828 -154 -2320 318 185 139 -23 204 -56
1533765914.1425414 677 708 688 680 728 712 -7774 -72 -2396 390 140 -130 -23 202 -54
1533765914.2125928 677 708 689 680 728 713 -7918 -78 -2294 242 416 -120 -23 203 -55
1533765914.2810142 676 707 688 679 727 712 -7934 -138 -2418 28 312 124 -22 202 -55
1533765914.3599908 676 707 687 679 726 713 -7896 -56 -2474 258 180 -37 -24 204 -56
1533765914.407549 675 705 687 678 725 712 -7862 -126 -2438 247 243 -37 -24 200 -55
1533765914.488281 674 705 687 678 723 711 -7828 -178 -2518 84 275 74 -24 205 -55
1533765914.5488772 673 705 687 678 723 711 -7940 272 -2268 -1001 1291 774 -23 203 -54
1533765914.6335683 673 706 687 677 724 710 -7728 -118 -2414 -86 -1421 894 -23 203 -57
1533765914.699346 675 708 663 678 725 712 -7372 168 -2742 -1271 -622 3438 -24 205 -54
1533765914.7779515 677 710 655 679 727 712 -8452 268 -1640 329 -100 -917 -25 201 -53
1533765914.836174 679 712 688 679 728 712 -8020 -282 -2126 351 430 -471 -26 200 -50
1533765914.9141815 676 711 688 679 727 711 -8034 228 -2106 167 -116 -104 -26 203 -54
1533765914.9827278 677 712 689 679 728 712 -7926 120 -2166 190 -8 17 -27 202 -53
1533765915.0721674 677 711 688 678 728 710 -7874 38 -2246 61 514 -175 -25 200 -52
1533765915.12334 675 711 688 675 727 706 -8004 164 -2078 119 64 -80 -23 201 -52
1533765915.1819258 675 711 687 674 727 705 -7944 84 -2184 108 104 -16 -25 202 -51
1533765915.2490537 674 711 687 673 727 703 -7904 20 -2192 111 270 17 -27 199 -51
1533765915.3271616 674 711 687 672 727 702 -8044 106 -2042 205 -92 -263 -25 200 -53
1533765915.3917348 675 711 688 673 728 703 -7912 158 -2220 141 109 154 -25 202 -52
1533765915.4579196 675 711 687 672 728 702 -7952 126 -2164 194 126 -22 -25 201 -51
1533765915.531042 675 712 687 671 728 700 -7948 44 -2186 182 476 -7 -24 201 -53
1533765915.593753 675 711 687 671 729 701 -8018 138 -2072 271 -56 -258 -24 202 -52
1533765915.6662917 674 711 687 671 729 700 -7884 144 -2260 147 155 349 -24 201 -52
1533765915.764059 675 711 687 671 728 700 -7988 42 -2110 235 337 -187 -26 201 -52
1533765915.8121617 674 710 687 671 729 701 -7950 162 -2150 286 -61 -15 -26 202 -52
1533765915.874701 673 711 687 671 728 701 -7906 144 -2106 205 45 114 -26 202 -53
1533765915.9410422 672 711 687 671 729 700 -7870 44 -2198 161 419 -115 -25 199 -51
1533765916.018845 670 710 687 670 728 699 -8018 44 -2064 276 -48 -223 -27 202 -52
1533765916.0850112 671 711 687 671 729 701 -7956 112 -2148 229 -200 -188 -27 201 -51
1533765916.1584775 671 712 687 671 729 701 -7874 152 -2326 185 336 270 -26 202 -53
1533765916.2284439 671 711 687 671 729 701 -7964 -26 -2128 219 309 -120 -25 201 -52
1533765916.2957644 671 711 687 671 729 700 -8000 96 -2062 261 -85 -220 -27 201 -53
1533765916.3609948 672 712 687 672 729 702 -7966 158 -2166 311 -117 -40 -24 201 -49
1533765916.442912 671 712 687 672 730 702 -7874 52 -2300 178 80 132 -24 202 -51
1533765916.5049436 672 712 687 672 729 702 -7994 -10 -2152 128 504 -102 -25 202 -52
1533765916.5642128 672 712 687 672 730 702 -8014 90 -2056 233 -148 -250 -24 203 -53
1533765916.6442251 672 713 687 673 730 702 -7946 150 -2238 205 146 337 -25 201 -52
1533765916.7014158 672 712 687 671 729 701 -7956 -16 -2200 167 328 -103 -24 201 -52
1533765916.7823217 673 713 688 673 730 703 -7932 86 -2166 181 -71 -44 -26 204 -53
1533765916.8448079 672 713 688 673 730 703 -7928 18 -2288 250 125 -81 -25 200 -51
1533765916.9075465 673 713 687 672 730 702 -7972 110 -2166 215 53 -135 -25 203 -53
1533765916.9730592 672 713 688 672 730 702 -7938 18 -2050 191 194 -2 -27 201 -50
1533765917.0386572 671 713 687 672 730 701 -7962 114 -2194 242 22 0 -26 201 -51
1533765917.1398938 673 713 688 673 731 703 -7934 -54 -2158 195 263 -71 -24 201 -52
1533765917.1809406 673 714 687 673 731 702 -7898 56 -2238 74 379 97 -25 200 -51
1533765917.2496114 673 714 688 673 731 704 -8034 120 -2040 82 206 102 -24 200 -51
1533765917.3120983 675 714 688 675 731 705 -7892 24 -2228 372 -382 -148 -26 202 -52
1533765917.392546 675 714 688 675 732 705 -7828 166 -2336 226 164 69 -27 201 -53
1533765917.457989 675 714 688 676 732 706 -8000 -218 -2124 216 793 -327 -25 201 -52
1533765917.5322967 674 714 688 674 731 703 -7958 260 -2154 210 -361 261 -23 202 -53
1533765917.5947819 673 714 688 673 732 703 -7964 -126 -2124 356 -128 -494 -24 199 -52
1533765917.6664712 676 715 688 678 732 707 -7932 80 -2228 -11 302 405 -23 203 -52
1533765917.7461655 665 712 686 662 728 690 -7982 52 -2100 215 206 -152 -24 201 -52
1533765917.8130305 678 715 689 678 733 709 -7960 6 -2236 270 219 -77 -24 203 -52
1533765917.875519 678 715 688 679 733 710 -7964 130 -2144 68 -202 156 -24 202 -51
1533765917.9412947 682 716 689 683 734 715 -7914 78 -2274 191 405 -55 -25 200 -52
1533765918.0193155 680 716 689 682 733 712 -8016 22 -2036 198 -71 -137 -24 201 -52
1533765918.0758674 681 715 689 682 734 714 -7892 140 -2304 151 57 204 -24 201 -51
1533765918.153263 680 716 689 682 734 713 -7974 2 -2176 89 132 103 -25 201 -50
1533765918.2216284 681 716 690 683 734 714 -7992 -2 -2106 230 273 -23 -24 203 -52
1533765918.2823608 681 715 689 683 733 715 -7950 74 -2092 264 -141 -212 -24 201 -52
1533765918.3595293 681 716 689 684 734 716 -7916 170 -2168 265 -43 99 -27 202 -52
1533765918.4281912 681 716 689 684 734 716 -7942 -58 -2154 82 250 189 -27 203 -52
1533765918.5112672 682 715 689 685 734 717 -7940 32 -2168 125 159 6 -26 201 -51
1533765918.5489366 682 716 689 685 734 717 -7974 156 -2106 212 3 -88 -24 202 -52
1533765918.628747 681 715 689 684 734 716 -7962 40 -2156 244 99 -140 -26 202 -52
1533765918.6974106 681 716 689 684 734 716 -7992 60 -2160 180 215 -101 -25 202 -50
1533765918.7668886 681 715 689 684 733 715 -7948 -6 -2120 141 156 -106 -25 202 -52
1533765918.8293748 680 714 689 683 733 715 -7950 16 -2094 31 -166 260 -25 200 -52
1533765918.8918595 679 714 689 683 733 714 -7942 24 -2000 181 493 195 -24 202 -51
1533765918.9716947 679 714 689 682 732 714 -7918 66 -2282 181 -141 377 -24 202 -51
1533765919.041745 679 713 690 683 732 714 -7884 -52 -2134 653 513 -620 -27 201 -52
1533765919.1154437 669 710 687 671 728 701 -7874 -80 -2110 512 64 -216 -26 200 -51
1533765919.1835728 664 707 635 665 725 693 -7934 -12 -2160 660 722 -260 -25 201 -53
1533765919.251813 678 710 690 682 729 715 -7976 -104 -2070 415 520 202 -23 199 -52
1533765919.311925 679 709 687 683 728 717 -7870 -138 -2256 397 34 -105 -26 202 -53
1533765919.3917074 681 708 689 685 728 719 -7822 -150 -2178 507 176 -281 -23 201 -53
1533765919.4581568 680 706 689 686 726 720 -8002 -166 -2310 200 684 62 -25 202 -53
1533765919.5293813 679 704 688 685 723 721 -7968 8 -2534 273 770 444 -25 202 -54
1533765919.5952168 679 702 688 685 723 721 -7940 -22 -2332 381 83 -137 -23 203 -56
1533765919.6646554 681 704 688 686 724 722 -7880 -246 -2400 608 121 -628 -25 204 -55
1533765919.7398043 689 711 689 689 730 724 -7862 -238 -2204 277 300 -22 -24 201 -55
1533765919.7979226 693 715 690 692 734 726 -7886 -186 -2234 -18 509 366 -25 203 -55
1533765919.8916502 700 721 691 694 739 727 -7874 -102 -2392 224 372 -301 -27 201 -55
1533765919.9419067 682 702 688 686 724 722 -7910 -152 -2384 134 122 -92 -24 204 -56
1533765920.0201886 681 702 687 686 723 722 -7952 -176 -2400 29 756 280 -24 203 -56
1533765920.0854733 682 702 688 687 723 722 -8068 -208 -2516 10 767 -310 -27 203 -56
1533765920.1645432 680 702 687 686 723 721 -7386 212 -2780 -4981 -838 5309 -24 202 -56
1533765920.238427 685 709 655 688 727 723 -8260 980 -1538 2099 -2725 -2199 -25 202 -55
1533765920.2979832 686 711 655 689 728 723 -7824 -484 -2080 585 831 -599 -27 199 -51
1533765920.3775852 689 715 663 691 731 726 -7992 370 -2164 -3 -704 505 -25 203 -55
1533765920.4440703 683 708 689 689 726 723 -7956 160 -2108 347 12 -508 -27 203 -51
1533765920.516534 682 708 688 688 726 723 -7928 -8 -2188 -44 622 146 -26 202 -53
1533765920.5958178 684 711 687 688 728 722 -7934 182 -2046 150 -407 -285 -24 202 -52
1533765920.6489077 683 709 688 689 727 723 -7916 218 -2188 -28 251 144 -26 201 -50
1533765920.726117 684 711 688 689 728 723 -7910 108 -2284 138 623 -247 -26 202 -52
1533765920.781168 683 709 678 688 727 722 -8004 164 -2174 -10 286 77 -25 201 -52
1533765920.8590603 680 707 687 687 725 721 -8018 80 -2010 311 71 -412 -26 201 -51
1533765920.9215446 680 707 688 686 725 719 -7892 272 -2210 28 -29 485 -24 201 -53
1533765920.9999616 680 707 689 687 725 721 -7936 -24 -2180 70 199 -246 -24 201 -52
1533765921.069246 683 708 689 687 726 721 -7928 112 -2226 279 194 -252 -26 201 -53
1533765921.140534 683 708 689 687 726 721 -7938 364 -2278 172 -198 -10 -25 202 -51
1533765921.2117143 682 708 689 686 726 720 -8014 -108 -2096 150 869 -183 -26 201 -52
1533765921.2968538 683 708 688 686 726 719 -7964 -52 -2152 380 -378 -108 -26 202 -51
1533765921.3531606 680 709 688 686 727 719 -8012 230 -2174 305 -56 -160 -25 202 -51
1533765921.4075847 679 709 687 682 726 715 -7908 -30 -2272 144 155 -17 -25 203 -50
1533765921.4900577 681 710 676 683 726 715 -8038 -16 -2026 361 196 67 -25 202 -51
1533765921.5477169 679 709 654 679 726 711 -7916 256 -2152 291 690 -126 -26 201 -52
1533765921.628198 683 710 654 684 727 716 -7876 168 -2314 -5 -450 45 -26 203 -52
1533765921.698598 682 710 648 682 726 714 -7996 -250 -2078 262 712 -150 -26 201 -52
1533765921.7645311 681 709 647 681 726 713 -7792 80 -2588 441 -270 200 -26 202 -54
1533765921.8270524 681 709 647 680 726 711 -7848 252 -2268 172 545 100 -23 202 -54
1533765921.9053059 680 709 651 678 725 710 -8004 28 -2004 306 -343 -280 -24 202 -52
1533765921.9960737 680 708 653 678 725 710 -7862 136 -2336 -27 909 685 -26 202 -52
1533765922.0438676 679 708 650 678 725 709 -7944 -42 -2234 176 -299 -291 -23 202 -54
1533765922.1064265 681 709 659 679 726 711 -8052 26 -1996 81 412 -228 -25 202 -52
1533765922.1862059 681 709 659 679 726 711 -7862 204 -2412 179 -68 160 -24 200 -52
1533765922.2564678 682 709 672 680 726 712 -7906 138 -2276 -101 181 462 -25 203 -54
1533765922.3140178 685 711 654 683 727 715 -7964 -12 -2182 145 236 -295 -26 202 -53
1533765922.3953538 685 711 682 682 727 714 -7930 206 -2284 323 20 -253 -23 202 -53
1533765922.4647589 683 710 688 681 726 713 -7894 118 -2296 155 -143 176 -27 199 -52
1533765922.5331273 685 711 689 682 727 714 -7952 -134 -2160 210 234 -83 -26 201 -54
1533765922.595611 684 711 689 682 727 713 -7928 280 -2254 341 -296 -183 -25 201 -52
1533765922.7090502 684 710 689 681 726 712 -7862 -30 -2352 116 350 330 -25 201 -52
1533765922.7469506 686 710 689 683 727 715 -7934 86 -2166 274 91 -316 -26 200 -53
1533765922.8137715 685 711 689 682 727 714 -7982 102 -2152 257 -122 -52 -22 201 -52
1533765922.882586 686 711 690 683 727 715 -7918 50 -2194 160 -1 -160 -25 202 -52
1533765922.951404 685 711 689 682 727 715 -7930 -10 -2234 64 131 -156 -26 200 -53
1533765923.0222137 686 710 689 683 727 715 -8002 218 -2066 -21 -100 682 -26 203 -52
1533765923.0910282 685 710 689 682 727 715 -7868 98 -2306 188 453 -285 -24 202 -52
1533765923.160955 686 710 689 683 727 715 -8002 118 -2058 -185 202 768 -24 200 -52
1533765923.2316542 685 710 688 682 726 715 -7876 176 -2412 -209 888 258 -24 202 -50
1533765923.3014672 681 709 687 677 725 709 -7990 -110 -2186 36 461 -343 -25 199 -50
1533765923.4051926 684 710 688 681 726 712 -7964 118 -2178 146 582 -38 -26 202 -52
1533765923.4410925 683 710 687 680 725 712 -7932 318 -2222 43 -126 535 -24 201 -53
1533765923.5110936 683 709 687 680 726 711 -7844 -188 -2426 423 179 -417 -29 201 -54
1533765923.5794995 683 709 687 680 726 712 -7998 230 -2146 266 -99 -120 -26 200 -52
1533765923.6479576 683 709 687 680 726 712 -7924 64 -2316 341 373 46 -26 202 -50
1533765923.7168932 683 709 686 680 726 712 -7944 84 -2214 205 -119 163 -26 201 -52
1533765923.7814865 683 709 687 679 725 711 -7878 66 -2308 189 300 -98 -24 202 -52
1533765923.8438916 682 709 686 678 725 710 -7888 448 -2314 13 229 422 -27 203 -52
1533765923.9252148 681 708 686 679 725 711 -8048 112 -2130 202 -143 -368 -23 201 -52
1533765923.9938865 682 709 686 678 725 709 -7852 90 -2368 516 324 -171 -25 202 -52
1533765924.0690644 680 709 685 676 725 707 -7928 72 -2322 152 -571 512 -25 202 -54
1533765924.1315477 680 708 684 675 724 705 -8078 -480 -1994 367 639 -993 -25 201 -54
1533765924.204897 679 708 683 674 724 705 -7936 -26 -2258 631 -913 -380 -25 202 -51
1533765924.2661796 681 709 683 676 725 708 -8004 526 -2182 111 267 37 -24 201 -52
1533765924.3288507 680 708 679 675 724 706 -7770 -18 -2352 -202 124 25 -24 202 -53
1533765924.4077532 679 708 677 675 724 706 -7974 -56 -2066 -13 395 -106 -23 200 -54
1533765924.4818442 678 707 671 674 724 704 -7892 108 -2384 209 -85 141 -25 201 -53
1533765924.5484593 678 707 674 674 723 704 -7954 56 -2172 244 628 40 -24 202 -52
1533765924.6111157 678 707 665 673 723 704 -7850 -4 -2308 258 -206 -102 -24 204 -50
1533765924.68465 679 708 668 676 724 707 -7962 278 -2248 -72 -105 220 -24 202 -55
1533765924.7654853 682 708 668 677 725 709 -8008 -272 -2144 312 416 -59 -24 202 -52
1533765924.8279743 682 708 670 677 724 709 -7838 78 -2362 248 -8 -188 -24 201 -53
1533765924.8904576 682 709 667 677 724 709 -8038 78 -1996 281 -92 -10 -24 201 -53
1533765924.965382 681 708 669 677 724 708 -7792 110 -2414 216 131 -115 -25 201 -51
1533765925.0352223 681 709 672 677 725 708 -7962 130 -2148 86 -113 116 -23 203 -54
1533765925.1050088 682 708 669 678 725 709 -7918 -98 -2252 195 448 -266 -23 202 -51
1533765925.175819 683 709 670 679 725 710 -8024 -156 -2014 177 -42 291 -25 204 -53
1533765925.24663 683 708 672 679 725 710 -8020 360 -2140 214 -376 -129 -24 203 -52
1533765925.3144486 682 709 671 678 725 709 -7756 72 -2372 33 620 -205 -26 200 -52
1533765925.385261 681 708 671 676 724 707 -7876 162 -2246 -509 795 678 -24 202 -53
1533765925.5198994 681 708 673 676 724 707 -7996 -12 -2118 90 533 30 -22 205 -50
1533765925.555803 681 708 675 677 724 708 -7880 -58 -2290 268 690 -564 -25 201 -53
1533765925.5917075 682 708 674 678 724 709 -8030 110 -2262 150 -111 765 -24 202 -49
1533765925.6635146 681 708 673 677 725 708 -7990 -124 -2346 520 -90 -452 -25 204 -53
1533765925.7313335 683 708 673 678 725 710 -7730 186 -2442 83 490 466 -24 200 -52
1533765925.7992413 680 708 674 675 724 706 -8232 -272 -1738 185 -1760 234 -26 202 -53
1533765925.8613772 680 708 676 675 724 706 -7622 146 -2754 887 1780 -1209 -26 202 -51
1533765925.9430466 681 708 672 676 724 708 -8444 64 -2194 -608 -723 307 -25 203 -53
1533765926.0195928 681 708 675 676 725 707 -8392 -212 -1906 921 1912 -1428 -26 201 -52
1533765926.0883353 681 708 675 676 724 707 -7696 528 -2308 -836 -1101 2429 -24 201 -50
1533765926.1649675 681 708 686 675 725 707 -8008 -18 -2140 131 762 -1253 -25 204 -52
1533765926.23342 681 708 686 676 724 706 -7762 -180 -2480 84 448 200 -23 201 -55
1533765926.297813 681 708 686 676 724 707 -7886 152 -2310 6 484 342 -22 202 -53
1533765926.360902 682 708 685 676 724 707 -8064 128 -2180 157 -277 -381 -24 202 -52
