1534197581.1169565 605 521 550 650 541 655 4414 5796 -3768 -1740 1764 1271 -77 -13 -25
1534197581.193524 606 521 550 650 541 655 5642 5422 -3728 -514 -8202 6965 -76 -20 -24
1534197581.2557979 606 521 550 650 541 656 4160 5620 -3708 -8807 -15367 3458 -72 -27 -25
1534197581.3442142 605 521 551 650 541 656 4278 5714 -3304 -8247 -8717 -2009 -70 -28 -26
1534197581.4142272 605 521 550 650 541 656 2214 7674 -6282 -1112 -10611 458 -71 -28 -32
1534197581.4835408 606 521 550 650 540 656 3208 6850 -4234 -565 1271 -259 -67 -29 -29
1534197581.5633767 605 521 550 651 541 656 3426 6356 -4100 -1720 -1105 1328 -69 -28 -27
1534197581.632807 606 521 550 650 540 656 3744 6502 -3974 -1503 -1095 1109 -65 -29 -28
1534197581.7109149 606 521 550 650 541 656 3570 6334 -3914 -1016 -1612 1373 -66 -29 -27
1534197581.7736511 606 521 550 650 540 655 3650 6458 -3984 659 -2693 1217 -65 -32 -27
1534197581.8986187 606 521 550 650 541 656 3522 6358 -4094 298 -1484 124 -66 -31 -29
1534197581.9605873 606 521 550 650 540 656 3530 6490 -4414 281 -981 -776 -67 -32 -29
1534197582.0299265 606 521 550 650 540 656 3544 6318 -4038 -158 99 183 -65 -31 -28
1534197582.0813189 605 521 550 650 540 656 3502 6432 -4182 593 -869 -338 -67 -30 -29
1534197582.1329312 605 521 550 650 540 656 3252 6254 -4264 -115 -386 127 -66 -31 -29
1534197582.1954167 605 521 550 650 540 656 3570 6328 -4252 210 -36 -172 -65 -32 -29
1534197582.2735245 605 521 550 650 540 656 3274 6276 -4182 -93 -215 320 -67 -33 -31
1534197582.3360097 605 521 550 650 540 656 3456 6488 -4222 -677 -94 408 -66 -29 -31
1534197582.4141178 605 521 550 650 540 656 3374 6334 -4286 -934 -413 396 -65 -30 -30
1534197582.4947815 605 521 550 650 540 656 3114 6310 -4400 -2532 104 1245 -65 -32 -29
1534197582.5690432 605 521 550 650 540 656 3498 6748 -3674 -1496 -1501 886 -64 -33 -26
1534197582.632446 605 521 550 650 540 656 3252 6526 -3540 -970 795 678 -65 -36 -23
1534197582.694932 606 521 550 650 540 656 3436 6652 -3630 -243 3146 -59 -63 -35 -22
1534197582.773271 606 521 550 650 540 656 3660 6550 -3586 -848 2506 969 -62 -34 -20
1534197582.8530927 605 521 550 650 540 656 3782 6494 -3554 -917 3371 1520 -63 -33 -17
1534197582.914347 606 521 550 650 540 656 3892 6514 -3092 127 -794 623 -61 -35 -16
1534197582.983667 605 521 550 650 540 656 3878 6570 -3428 307 -661 571 -60 -34 -15
1534197583.0617769 606 521 550 650 540 655 3958 6644 -3422 -288 75 336 -59 -32 -16
1534197583.1307154 606 520 550 650 540 656 3778 6514 -3350 172 162 288 -60 -36 -17
1534197583.1932037 606 521 550 650 540 656 3992 6488 -3468 193 -143 215 -59 -37 -16
1534197583.2713058 605 521 550 650 540 656 3722 6378 -3386 -215 -69 394 -60 -36 -15
1534197583.341998 605 521 550 650 540 656 3894 6440 -3150 999 -445 421 -61 -37 -16
1534197583.3989282 605 521 550 650 540 656 4132 6790 -3890 557 438 240 -62 -36 -16
1534197583.4816604 605 521 550 650 540 656 3368 6332 -2594 -543 3774 890 -57 -35 -15
1534197583.5552452 606 521 550 651 540 656 4690 6176 -1980 -2479 10518 1674 -55 -36 -9
1534197583.6144824 606 520 550 652 540 657 5698 6138 -4222 -2584 4140 -243 -56 -33 -1
1534197583.6925914 603 517 550 652 538 657 3568 6844 -908 -102 2861 1311 -53 -35 -2
1534197583.7609756 601 515 550 652 536 658 4678 6498 -2982 -2300 1376 596 -52 -34 0
1534197583.8409545 601 515 549 651 536 658 4978 6370 -2580 4636 -1163 2866 -51 -32 -5
1534197583.9119706 601 516 550 651 537 657 4176 6024 -3312 5026 -2356 2915 -51 -38 -7
1534197583.981775 604 519 550 651 539 657 5356 4520 -3338 14 -5374 -1819 -53 -38 -11
1534197584.044291 605 520 550 651 540 656 4630 6386 -2000 788 -2132 1001 -52 -39 -14
1534197584.1321375 606 520 551 651 540 657 3970 6186 -3444 2348 -2602 -1424 -53 -40 -16
1534197584.1945744 606 520 551 651 540 657 4628 5904 -3772 -142 -52 -61 -55 -37 -17
1534197584.2725601 606 521 551 651 540 657 4360 6022 -3582 -985 121 640 -53 -40 -17
1534197584.3419986 606 521 551 651 540 657 4466 6216 -3222 142 -967 201 -55 -40 -17
1534197584.3982892 606 521 551 651 540 657 4420 6254 -3364 -249 305 -72 -53 -39 -16
1534197584.4659443 606 521 551 651 540 656 4520 6086 -3452 283 66 26 -54 -39 -17
1534197584.5508542 606 521 550 651 540 657 4512 6152 -3454 -130 276 125 -54 -40 -14
1534197584.6176631 606 521 551 651 540 656 4424 6128 -3448 -201 464 4 -53 -42 -16
1534197584.6884027 606 521 551 651 540 656 4376 6094 -3438 125 -47 -111 -53 -41 -15
1534197584.7490344 606 521 551 651 540 656 4596 6186 -3186 114 101 158 -54 -41 -14
1534197584.8271434 606 521 551 651 540 656 4468 6170 -3338 -33 371 -143 -54 -38 -14
1534197584.8968747 606 521 551 651 540 657 4458 6096 -3228 -824 755 -13 -53 -39 -13
1534197584.9662771 606 521 551 651 540 656 4446 6192 -3234 341 -117 -251 -52 -40 -12
1534197585.0304909 605 521 551 651 540 657 4400 6146 -3382 -43 393 3 -52 -39 -13
1534197585.104407 605 521 551 651 540 656 4516 6268 -3234 60 264 175 -53 -41 -14
1534197585.1633837 605 521 551 651 540 656 4388 6270 -3204 137 -63 53 -54 -40 -14
1534197585.2414906 606 521 551 651 540 656 4744 6294 -3172 342 -210 -12 -50 -39 -14
1534197585.2980926 606 521 551 651 540 656 4346 6148 -3388 -64 605 353 -52 -39 -13
1534197585.3834405 606 521 551 650 540 656 4834 6320 -3056 -165 258 656 -53 -39 -12
1534197585.4512968 606 521 551 651 540 656 4676 6378 -2934 143 501 -80 -51 -40 -12
1534197585.514646 606 521 550 650 540 656 4406 5926 -3286 94 -73 -147 -54 -40 -13
1534197585.5907779 606 521 551 651 540 656 3072 6164 -2236 -859 5569 946 -50 -38 -11
1534197585.6618207 606 520 551 651 540 657 6072 5426 -3468 -1536 4075 -870 -52 -38 -9
1534197585.7243075 604 519 550 652 539 657 4300 6306 -1488 528 -3740 112 -50 -37 -7
1534197585.8024127 601 515 549 651 536 657 4142 6224 -3194 201 5002 1986 -50 -37 -8
1534197585.867248 601 514 550 651 536 657 4840 6484 -2092 732 -2502 344 -50 -37 -8
1534197585.946677 600 515 549 650 536 656 4986 5988 -3980 2714 -5992 -280 -54 -37 -14
1534197586.0129778 604 518 550 651 539 657 5482 5794 -2770 -2931 -11796 -1499 -54 -40 -18
1534197586.106553 605 520 551 651 540 657 5306 6900 -3208 4462 -1853 -1521 -52 -41 -20
1534197586.1636062 605 520 550 651 540 656 3676 5896 -4322 2453 -659 -1298 -56 -42 -22
1534197586.241713 606 520 551 651 540 656 3958 5978 -4066 -176 940 467 -54 -38 -24
1534197586.3041985 605 521 551 651 540 656 4354 6280 -3624 485 66 -55 -56 -40 -22
1534197586.3662572 606 521 551 651 540 656 4192 6128 -3902 22 467 103 -56 -41 -22
1534197586.4472136 606 521 551 651 540 657 4162 6114 -3832 -56 118 281 -53 -40 -22
1534197586.5158124 606 521 551 651 540 656 4336 6232 -3664 -310 194 321 -55 -42 -23
1534197586.5872054 606 521 551 651 540 656 4142 6138 -3776 -169 428 259 -54 -38 -23
1534197586.6487775 605 521 551 651 540 656 4210 6102 -3754 400 44 -25 -53 -41 -22
1534197586.7111921 606 521 551 651 540 656 4368 6270 -3716 205 209 82 -55 -42 -20
1534197586.789306 606 521 551 650 540 656 4122 6124 -3590 -146 -210 -487 -56 -42 -21
1534197586.8644176 606 521 551 651 540 657 4072 6062 -3834 833 -128 37 -55 -41 -23
1534197586.9341788 606 521 551 651 540 656 4146 6090 -3920 160 -129 35 -53 -39 -22
1534197586.997716 606 521 551 651 540 656 4192 6212 -3844 -379 649 454 -55 -42 -21
1534197587.0736318 606 521 551 650 540 656 4014 5906 -3610 332 -24 -520 -54 -40 -21
1534197587.1322355 606 521 551 651 540 656 4598 6368 -3686 124 -74 -77 -54 -37 -20
1534197587.2103422 606 521 551 651 540 656 4092 6116 -3966 -758 466 119 -56 -40 -21
1534197587.2730856 605 520 550 650 540 656 3710 5826 -3220 564 3892 295 -54 -39 -20
1534197587.3568146 606 520 550 651 540 657 5018 5406 -3142 -3679 -1462 848 -54 -40 -17
1534197587.430066 606 519 551 652 539 658 5038 6028 -3250 -3149 3773 -533 -54 -37 -14
1534197587.4973218 602 516 549 652 537 657 4360 6528 -2398 1525 4798 407 -53 -37 -11
1534197587.57318 601 514 549 652 536 658 3958 6150 -2658 439 2552 2045 -51 -36 -11
1534197587.6470354 600 514 549 651 535 657 5438 6962 -2470 -1053 -7074 -437 -51 -37 -10
1534197587.7093573 601 515 550 650 536 657 3512 7334 -5686 6 -62 880 -50 -41 -14
1534197587.77207 603 517 550 650 538 656 3708 5346 -1624 777 -2048 -294 -52 -42 -17
1534197587.8608868 604 518 550 650 538 657 4752 6346 -3704 3337 -1982 -1339 -52 -40 -19
1534197587.9302173 604 519 551 651 539 657 3906 6134 -3614 1079 -202 -841 -54 -40 -19
1534197587.9979365 605 519 551 651 539 657 4734 6466 -3464 388 -266 49 -52 -40 -20
1534197588.070139 605 519 550 651 539 657 3878 6172 -3486 426 349 31 -55 -39 -21
1534197588.1308467 605 520 551 651 539 656 4320 6324 -3582 108 -18 142 -53 -40 -20
1534197588.2089539 606 520 551 651 539 657 4300 6340 -3436 429 -116 33 -53 -40 -20
1534197588.271439 606 520 551 651 540 657 4194 6256 -3550 296 -97 -100 -54 -40 -19
1534197588.3489268 606 520 551 651 540 656 4230 6316 -3482 -202 615 343 -52 -42 -18
1534197588.4186518 605 520 551 651 540 657 4214 6258 -3480 -747 1198 452 -54 -38 -20
1534197588.4831774 606 520 551 651 540 657 4376 6328 -3200 307 78 89 -53 -40 -19
1534197588.5457904 606 520 551 651 540 656 4274 6230 -3432 8 312 -69 -53 -40 -19
1534197588.6162658 605 520 550 651 540 656 4316 6374 -3496 -50 466 210 -53 -39 -15
1534197588.6943738 605 520 551 651 540 657 4128 6080 -3664 -1535 1857 652 -52 -40 -15
1534197588.7568593 606 520 551 651 540 657 4858 6602 -2464 -1848 1387 739 -54 -39 -11
1534197588.8405359 605 520 550 651 540 657 4666 6280 -2858 1239 272 -605 -51 -38 -9
1534197588.9147928 606 520 551 651 540 656 4140 6332 -3198 208 15 24 -50 -39 -11
1534197588.9757025 605 520 551 651 540 657 4528 6438 -2806 -12 -333 118 -51 -39 -12
1534197589.031082 606 520 551 651 540 656 4824 6494 -2688 591 -13 170 -50 -40 -8
1534197589.0994267 606 520 551 651 540 656 4322 6234 -3006 117 1182 122 -51 -41 -11
1534197589.1777492 605 520 551 651 540 656 4332 5864 -2492 1704 325 18 -51 -39 -10
1534197589.255791 605 519 550 650 539 656 4908 6702 -3360 -671 2848 -1261 -52 -39 -10
1534197589.328282 601 514 550 650 536 656 5192 6522 -2936 5125 -393 -306 -52 -37 -11
1534197589.398982 599 512 549 651 534 657 3068 5954 -2098 513 5593 2420 -50 -36 -7
1534197589.4698353 598 510 548 651 533 656 7534 6898 -5126 -3543 559 1617 -47 -38 -8
1534197589.5306823 597 510 548 650 533 656 5178 6406 -3264 1588 -5304 -322 -48 -40 -9
1534197589.6150486 598 512 550 649 534 655 6930 2498 -1552 -9425 -2683 -4620 -50 -41 -9
1534197589.6775331 599 513 549 649 535 655 4196 6520 -2036 4973 -876 -574 -51 -38 -11
1534197589.755824 600 514 549 649 535 655 4456 6488 -3956 1713 -364 -1591 -53 -40 -13
1534197589.8321514 601 515 549 649 536 655 4288 6236 -3250 868 -285 680 -55 -39 -16
1534197589.8984225 602 515 549 649 536 655 4558 6378 -3148 1042 106 -479 -54 -38 -18
1534197589.9752371 602 516 550 650 537 656 4384 6222 -3614 1193 147 -351 -55 -39 -17
1534197590.045769 603 517 549 650 538 656 4196 6244 -3462 693 -576 -104 -55 -38 -18
1534197590.113709 603 517 550 650 538 656 4418 6328 -3140 3 -184 257 -55 -38 -14
1534197590.1783342 604 518 550 650 538 656 4390 6344 -3348 240 146 42 -55 -39 -17
1534197590.2408118 604 518 550 650 538 656 4174 6192 -3440 256 -148 66 -53 -37 -18
1534197590.3189206 604 518 550 650 538 656 4350 6270 -3470 231 211 151 -56 -38 -17
1534197590.3839693 604 518 550 650 538 656 4230 6382 -3322 -486 97 210 -55 -39 -16
1534197590.4577386 604 518 550 650 538 656 4378 6316 -3358 395 -183 2 -57 -38 -19
1534197590.514495 604 518 550 650 539 656 4354 6282 -3444 -506 156 209 -54 -39 -17
1534197590.598899 604 518 550 650 539 656 4388 6334 -3138 -692 -110 482 -54 -38 -15
1534197590.6628568 604 518 550 650 539 655 4262 6312 -2950 600 -464 -144 -54 -39 -17
1534197590.7253454 604 518 550 650 539 656 4222 6250 -3634 929 -734 29 -54 -39 -18
1534197590.8036401 604 518 550 650 539 656 4434 6434 -3326 -150 -328 221 -52 -39 -16
1534197590.8809884 604 518 550 650 539 656 4308 6318 -3344 -168 302 -31 -55 -38 -16
1534197590.951663 604 518 550 650 538 656 4210 6268 -3818 448 -156 -124 -56 -40 -16
1534197591.030183 604 518 550 650 538 656 4264 6224 -3748 3199 2614 -920 -55 -41 -18
1534197591.0975456 603 517 550 650 538 656 4018 5172 -3016 -437 2183 -1675 -56 -39 -17
1534197591.162899 600 513 549 650 535 658 4122 5536 -3188 -3495 9278 -993 -57 -35 -10
1534197591.2410076 599 511 549 651 533 657 4602 6588 -2984 1097 8861 2939 -53 -34 -9
1534197591.303492 598 511 549 651 533 658 4344 6314 -2196 5 1810 2891 -53 -35 -3
1534197591.3817508 598 511 549 650 533 657 5918 6568 -2522 978 -1468 1441 -50 -35 -7
1534197591.4540308 598 512 549 649 534 655 4682 6694 -5084 -1667 -5686 593 -51 -39 -7
1534197591.5156438 599 513 549 649 535 655 4692 5778 -614 -182 -949 29 -51 -38 -10
1534197591.5969808 600 514 549 649 535 656 4662 6632 -3548 4766 -673 -1021 -53 -37 -13
1534197591.665568 601 515 549 650 536 655 4074 5444 -3974 1122 -1212 -1641 -56 -36 -16
1534197591.743521 601 515 549 650 536 656 4836 6396 -3016 174 180 864 -54 -37 -16
1534197591.8060505 601 516 550 650 536 656 4358 5964 -3344 390 576 -228 -56 -40 -16
1534197591.8662038 602 516 550 650 537 656 4354 5980 -3498 388 -333 423 -56 -38 -14
1534197591.9491587 603 516 550 650 537 656 4736 6302 -3188 -554 51 859 -55 -37 -15
1534197592.0175989 602 517 550 650 537 656 4850 6326 -3016 235 46 -28 -53 -38 -16
1534197592.0872035 602 517 550 650 538 656 4480 6140 -3428 184 191 -43 -54 -38 -15
1534197592.1488287 603 517 549 650 537 656 4578 6138 -3302 145 164 131 -53 -38 -15
1534197592.2113168 603 517 550 650 538 656 4498 6048 -3370 147 71 88 -53 -39 -17
1534197592.2894218 603 517 550 650 538 656 4488 5894 -3730 -1306 893 114 -53 -37 -13
1534197592.3661916 603 517 550 650 538 656 5106 6574 -2512 -2148 1747 -1070 -52 -36 -9
1534197592.428677 603 517 550 650 538 655 4570 6234 -2580 883 38 -543 -55 -38 -9
1534197592.4981391 603 517 549 650 538 656 4490 6192 -3318 677 -849 -65 -53 -37 -9
1534197592.5746827 603 517 550 650 538 656 4634 6318 -3078 -651 -260 -4 -53 -37 -13
1534197592.6324773 603 517 550 650 538 656 4034 6020 -3258 -1938 2300 158 -54 -36 -8
1534197592.7106998 603 517 550 650 537 656 4812 5804 -2126 -1094 7717 -619 -50 -35 -6
1534197592.7889457 599 513 549 650 534 656 5882 6980 -3668 989 2044 -2072 -51 -34 -2
1534197592.8618357 598 511 549 650 533 657 4670 7036 -2264 -270 4261 -1287 -54 -32 -4
1534197592.929775 597 510 549 651 532 657 3080 5580 -996 -2199 2920 1829 -55 -31 1
1534197592.998963 597 509 549 651 532 656 5626 7560 -1634 863 -2767 1888 -53 -31 1
1534197593.0760143 597 510 548 649 532 655 5248 6982 -4306 -2674 -3169 -1020 -52 -31 0
1534197593.1462793 598 512 549 649 534 655 3426 5186 -142 -183 -1477 -86 -54 -33 -1
1534197593.2088609 599 512 549 649 534 655 4736 6852 -2734 5133 -709 100 -55 -32 -4
1534197593.2869272 599 513 549 649 534 655 4262 5994 -3464 1740 -769 -626 -55 -34 -9
1534197593.3574762 600 513 549 649 535 655 4698 6460 -2568 1050 -180 370 -53 -33 -8
1534197593.4147253 600 513 549 649 535 655 4558 6430 -2746 815 -16 -426 -56 -36 -9
1534197593.483194 600 514 549 649 535 656 4354 6360 -3150 1009 -749 385 -57 -35 -12
1534197593.5690258 601 514 549 649 536 655 4516 6308 -3050 -913 491 -328 -55 -34 -11
1534197593.631466 600 514 549 650 536 655 4494 6202 -2804 64 -691 401 -55 -33 -8
1534197593.6939294 601 515 549 650 536 656 4596 6474 -2790 576 -31 -148 -55 -33 -10
1534197593.7720087 601 515 549 649 536 655 4406 6322 -3030 -83 14 170 -56 -34 -10
1534197593.8529098 601 515 549 650 536 656 4560 6388 -2916 -393 381 136 -56 -37 -11
1534197593.899508 602 515 550 650 536 656 4512 6372 -2832 -527 228 318 -54 -35 -9
1534197593.9832568 602 515 549 650 537 655 4502 6394 -2840 -119 -249 -50 -56 -35 -8
1534197594.0461824 601 515 549 649 536 656 4700 6486 -2836 -1339 343 310 -54 -34 -4
1534197594.1167626 602 515 549 650 536 656 4500 6416 -2608 -689 -636 119 -52 -36 -7
1534197594.194872 602 516 549 650 536 656 4618 6466 -2852 371 -1388 -35 -54 -36 -7
1534197594.2575252 602 516 550 650 536 656 4418 6424 -2798 -173 -858 152 -54 -33 -5
1534197594.3361044 602 516 550 649 536 656 4596 6576 -2364 -491 -396 289 -54 -36 -6
1534197594.3987215 601 516 549 650 536 655 4454 6438 -2722 1559 -820 -504 -53 -38 -7
1534197594.4783268 602 515 550 650 536 655 4738 6878 -2506 763 -1004 -844 -55 -36 -9
1534197594.5457468 601 515 550 650 536 656 4686 6008 -2384 445 2422 -470 -56 -35 -7
1534197594.6207654 601 513 550 651 535 657 5634 6986 -2446 -2222 7070 -2129 -54 -35 0
1534197594.6799092 599 511 549 651 533 657 5390 6934 -3522 1005 256 1123 -56 -32 -1
1534197594.758016 598 511 549 651 533 657 3604 6156 -1306 -2025 -2126 698 -55 -32 0
1534197594.8337102 599 511 549 651 533 656 5220 6486 -3648 -938 -6877 2507 -52 -33 -2
1534197594.8975983 599 513 549 650 534 655 6332 4538 -4162 -19130 -6844 -3935 -50 -37 -1
1534197594.9727504 600 513 550 650 535 656 5712 7258 46 0 682 3077 -47 -37 3
1534197595.0311134 600 513 550 650 535 656 4950 6822 -2456 2328 78 -541 -45 -38 1
1534197595.1131601 601 514 550 650 535 656 4258 6320 -2570 2288 -1268 -634 -50 -39 -3
1534197595.1790636 601 514 550 649 535 656 4666 6606 -2300 1786 -252 -440 -49 -38 -3
1534197595.2415488 601 514 550 650 535 655 4050 6206 -2626 1028 -426 331 -49 -38 -6
1534197595.3197722 601 515 549 650 536 656 4460 6522 -2772 -344 -2164 931 -49 -41 -8
1534197595.38214 601 515 550 650 536 656 4620 6562 -2566 17 -378 216 -49 -40 -6
1534197595.4615376 601 515 550 650 536 656 4578 6650 -2542 -169 63 305 -49 -41 -7
1534197595.5296245 602 515 550 650 536 656 4566 6532 -2488 871 -351 -476 -49 -40 -8
1534197595.6004686 602 515 550 649 537 656 4280 6404 -2862 477 175 -67 -48 -40 -5
1534197595.6648073 602 515 550 650 537 656 4534 6594 -2698 395 -305 139 -49 -38 -10
1534197595.7273357 602 516 550 650 537 656 4608 6582 -2580 920 -61 -286 -48 -39 -9
1534197595.8053422 602 516 550 650 537 656 4210 6348 -2642 1286 632 -23 -50 -41 -8
1534197595.8812468 602 516 550 650 537 655 4758 6662 -2710 1601 -478 -142 -50 -42 -8
1534197595.9527512 602 516 550 650 537 656 4312 6408 -3048 2021 393 -98 -51 -41 -11
1534197596.016449 602 516 550 650 537 656 4440 6310 -3082 744 196 -13 -48 -40 -11
1534197596.0868678 602 516 550 650 537 656 4596 6468 -2782 548 62 -76 -51 -42 -12
1534197596.1482124 602 516 550 650 537 656 4528 6376 -2988 621 428 37 -50 -41 -12
1534197596.2106974 602 516 550 650 537 656 4562 6342 -3088 69 287 -66 -50 -40 -12
1534197596.2888048 602 516 550 650 537 656 4068 6344 -2508 2454 266 -989 -52 -40 -12
1534197596.3675032 601 515 550 650 536 656 5420 6534 -3782 3143 5780 -1887 -51 -39 -10
1534197596.4304788 601 513 550 650 535 657 4030 5822 -2838 -808 -352 -992 -51 -40 -10
1534197596.4987128 600 512 549 651 534 658 5216 6750 -3516 -984 6875 -130 -51 -35 -3
1534197596.5843384 599 512 549 652 534 657 4186 6338 -2676 -167 -3290 -122 -51 -35 -3
1534197596.6468694 599 512 549 650 533 657 4968 5920 -2662 -1488 -379 866 -52 -36 -8
1534197596.724975 599 512 549 650 534 656 5768 6904 -5300 -1464 -155 26 -49 -37 -4
1534197596.7874596 600 513 549 650 535 655 4448 6180 -56 808 4442 -1107 -50 -39 -6
1534197596.8656514 601 514 550 650 535 655 4416 6334 -3398 7253 1508 -634 -54 -38 -12
1534197596.937689 601 515 549 650 536 656 4050 5918 -3942 1860 403 -904 -55 -36 -13
1534197596.9997633 601 515 550 650 536 656 4738 6440 -2816 762 -466 175 -56 -35 -15
1534197597.079376 602 515 550 650 536 656 4578 6146 -3270 1883 248 -432 -54 -35 -15
1534197597.1480944 601 515 550 650 536 656 4236 6084 -3694 250 -265 -76 -56 -35 -16
1534197597.2103872 602 516 550 650 536 656 4430 6210 -3218 -289 -163 274 -56 -36 -15
1534197597.2885203 602 515 550 650 536 655 4394 6138 -3372 -483 107 253 -55 -37 -15
1534197597.3628945 602 516 550 650 536 656 4336 6084 -3548 -1566 1288 720 -53 -37 -12
1534197597.4298081 602 515 550 650 536 656 4496 5814 -3756 1352 498 3626 -52 -37 -13
1534197597.500316 602 515 550 650 536 655 5600 6548 -1922 -2218 -998 1197 -52 -40 -10
1534197597.575325 602 515 550 650 536 656 4954 6306 -3060 913 -148 48 -48 -38 -9
1534197597.6322079 602 515 550 650 537 656 4270 5554 -3328 -297 104 -491 -48 -39 -9
1534197597.7100863 602 515 550 650 536 656 5888 6500 -2550 157 -553 449 -50 -40 -11
1534197597.7725713 601 516 550 650 536 655 4518 5874 -3290 1187 -539 -536 -52 -39 -9
1534197597.8593147 601 515 549 649 536 655 4494 5574 -2634 1180 5148 2169 -50 -39 -11
1534197597.9306786 599 512 549 649 534 656 6006 6060 -2606 -284 -1127 -747 -50 -38 -8
1534197597.99863 598 511 549 650 533 656 3776 6832 -2968 2992 23 -717 -53 -36 -11
1534197598.0816033 598 510 548 650 532 657 4458 6566 -3368 3010 2389 471 -52 -36 -12
1534197598.1322672 598 510 549 650 532 657 5220 6154 -3226 -4311 -2651 805 -50 -37 -10
1534197598.2103734 598 511 549 649 533 656 5192 6660 -3822 -1989 -7551 1235 -52 -40 -11
1534197598.288479 599 512 550 649 534 655 2232 5304 -1980 235 -12516 -5336 -53 -42 -20
1534197598.368136 600 513 550 649 535 656 4358 6146 -3812 5452 -792 -3193 -55 -41 -24
1534197598.4305172 600 514 549 649 535 656 3140 6060 -5030 2037 -651 -2109 -59 -39 -31
1534197598.4999912 601 514 549 649 535 655 3556 6298 -4376 -1782 680 1147 -59 -38 -28
1534197598.5841396 601 514 550 649 535 655 4106 6364 -3672 -848 400 483 -58 -39 -25
1534197598.6482353 601 514 550 649 536 656 3860 6240 -3980 318 1019 56 -58 -39 -27
1534197598.710721 601 514 550 650 536 656 3590 6322 -3910 238 113 -156 -57 -39 -26
1534197598.7888265 601 515 550 650 536 656 3730 6216 -4238 -1211 1279 835 -58 -39 -26
1534197598.8651125 602 515 550 650 536 656 3866 6342 -3822 -1176 830 824 -55 -38 -22
1534197598.9407086 602 515 550 650 536 656 3606 6188 -3904 -1811 2365 1251 -56 -39 -20
1534197598.9984887 602 515 550 650 536 656 4174 6292 -3440 -938 1243 1640 -53 -41 -15
1534197599.0860083 601 515 550 649 536 656 4424 6356 -2940 2616 -1910 1054 -56 -41 -19
1534197599.1473372 601 515 550 650 536 656 4128 6274 -3648 861 -355 -192 -54 -42 -19
1534197599.2254436 601 515 550 650 536 656 4074 6084 -3982 110 -582 740 -51 -41 -22
1534197599.2881901 602 515 550 650 536 655 4578 6474 -3412 -187 -340 408 -52 -44 -19
1534197599.3689005 601 515 550 649 536 655 4390 6268 -3438 -313 353 380 -50 -44 -19
1534197599.4298017 601 515 550 649 536 656 4132 6166 -3740 986 -915 112 -52 -44 -19
1534197599.49863 601 515 550 649 536 655 3976 6018 -4026 72 -58 13 -54 -42 -19
1534197599.5805259 601 515 549 650 536 656 4006 5434 -2968 3610 -1052 -1329 -52 -43 -18
1534197599.648007 601 514 549 649 536 655 4412 6354 -4646 3271 650 796 -52 -41 -20
1534197599.7104943 600 513 550 650 535 657 3524 6144 -2506 -1709 7926 -2205 -54 -42 -17
1534197599.7885985 600 511 549 651 533 658 4220 6956 -4724 1060 1035 -849 -53 -40 -16
1534197599.8696826 600 510 550 652 533 658 3618 5112 -2162 -1190 6061 438 -53 -39 -14
1534197599.9295847 599 510 550 652 532 657 7198 6950 -4672 -1336 -2481 3017 -47 -42 -11
1534197600.0148966 598 510 549 650 533 656 4520 6216 -3968 -5965 -3600 -2526 -48 -42 -11
1534197600.091906 599 511 549 649 533 656 3950 6250 488 3774 -5880 -7806 -52 -41 -12
1534197600.1644614 599 512 549 649 534 656 5112 6726 -3138 6629 2154 -3915 -59 -40 -17
1534197600.2267 600 513 549 650 535 656 3254 6058 -4782 3009 1312 -5141 -62 -36 -25
1534197600.3048081 601 514 550 650 535 656 2946 5774 -4174 3032 2453 -2707 -64 -32 -27
1534197600.3836617 602 515 550 650 536 656 3490 6358 -4526 1235 2241 -952 -67 -33 -30
1534197600.4559119 602 516 550 650 536 656 2968 6414 -3774 739 557 -1360 -69 -30 -30
1534197600.5155706 602 516 550 650 537 656 3780 6676 -4010 1680 675 -571 -68 -30 -28
1534197600.5988042 603 516 550 650 537 656 3878 6720 -3654 1005 1291 -918 -68 -28 -27
1534197600.6634712 603 516 550 650 537 656 3472 6342 -3906 1846 -206 -1103 -69 -27 -29
1534197600.7415094 603 516 550 650 537 656 3332 6490 -4216 2552 -1087 94 -67 -28 -31
1534197600.803994 603 517 551 651 538 656 3512 6254 -4168 -165 1084 -51 -69 -28 -31
1534197600.8872144 604 517 550 651 538 656 3130 6946 -3192 -348 2854 -767 -68 -27 -33
1534197600.9664235 604 517 550 650 538 657 3056 7172 -3882 -4018 5521 -1725 -70 -24 -29
1534197601.0303507 603 518 550 651 538 656 3544 7366 -3080 -5741 3549 -1507 -72 -26 -23
1534197601.1094348 604 518 550 651 538 656 3978 7254 -3062 552 -1582 -2032 -74 -20 -19
1534197601.1822402 605 518 550 651 539 657 2614 5110 -2804 -758 -1206 -501 -78 -21 -24
1534197601.2539008 605 519 551 651 539 657 768 4802 -2660 -3289 12292 373 -77 -20 -19
1534197601.326428 605 519 551 651 539 657 4226 9220 -1582 348 12481 6768 -74 -25 -9
1534197601.3853612 605 519 551 651 539 657 2408 6772 -930 -5414 13886 6295 -70 -21 -8
1534197601.4634829 605 519 551 651 539 657 4838 6046 -654 2928 16799 10770 -64 -25 4
1534197601.5438135 605 519 551 651 539 656 5272 5154 1054 -11024 16839 14895 -56 -28 13
