1533766886.0989366 705 703 693 681 756 662 3270 1880 7360 -276 -258 -397 -60 14 -47
1533766886.158011 705 703 693 681 756 662 3354 1968 7240 -193 -348 316 -61 18 -46
1533766886.2239301 705 703 693 681 756 661 3326 1960 7164 346 -146 -53 -62 16 -47
1533766886.3036544 705 703 693 681 756 662 3350 1894 7156 179 197 -85 -59 14 -48
1533766886.3714733 705 703 693 681 757 662 3376 1946 7364 118 117 -319 -59 13 -48
1533766886.4385664 705 703 693 681 756 662 3210 2136 7074 472 -8 -119 -59 14 -48
1533766886.490208 705 703 693 681 756 662 3144 2228 7316 266 141 9 -60 15 -51
1533766886.5725734 705 703 693 681 756 662 3140 2440 7272 440 -418 -402 -60 16 -47
1533766886.6403928 705 703 694 681 757 662 3306 2232 7136 337 -593 673 -61 16 -49
1533766886.7112038 705 703 693 681 756 662 3592 1758 7268 -163 -1923 635 -60 13 -49
1533766886.805629 706 703 694 681 757 662 3682 1652 7078 544 -928 -314 -58 13 -53
1533766886.9210656 705 703 694 681 757 662 3806 1774 7072 151 -304 -403 -59 14 -52
1533766886.983541 705 703 693 681 757 662 3750 1920 7012 448 -31 -763 -59 13 -53
1533766887.0242963 705 703 693 681 756 662 3566 2058 7068 332 218 -1073 -60 15 -52
1533766887.0627618 705 703 693 681 756 662 3592 2184 7022 380 289 -474 -59 14 -54
1533766887.122977 705 703 693 681 756 662 3522 2268 7084 641 323 -279 -59 13 -52
1533766887.1914392 705 703 693 681 757 662 3560 2124 7240 407 449 -462 -60 15 -53
1533766887.244743 705 703 693 681 757 662 3440 2354 7058 536 796 -608 -60 17 -53
1533766887.3255033 705 703 693 681 757 662 3506 2194 7072 263 -9 -536 -61 17 -52
1533766887.3894076 705 703 693 681 757 662 3484 2296 7054 449 95 -304 -60 16 -52
1533766887.4987557 705 703 693 681 757 662 3442 2192 7212 572 602 -563 -64 17 -53
1533766887.530007 705 703 693 681 757 662 3582 2242 6812 833 253 -1195 -63 19 -53
1533766887.598095 705 703 693 681 757 662 3352 2406 7424 839 193 -698 -62 18 -53
1533766887.65335 706 703 693 681 756 662 3390 2550 6980 534 353 -529 -62 19 -54
1533766887.7346127 705 703 693 681 757 662 3300 2536 7116 452 462 -176 -62 19 -55
1533766887.7875528 705 703 693 681 756 662 3302 2508 7058 445 602 -810 -64 20 -54
1533766887.8726776 705 703 693 681 757 662 3218 2578 7182 756 1513 -1422 -65 19 -54
1533766887.9354153 705 703 693 681 757 662 3194 2680 7024 137 -132 -303 -65 20 -55
1533766888.010323 705 703 693 681 757 662 3190 2696 7196 242 421 -341 -64 21 -54
1533766888.0782003 705 703 693 681 756 662 3238 2662 7028 906 499 -491 -65 22 -53
1533766888.1548579 705 703 693 681 756 662 2874 2464 7088 1679 2745 -1744 -65 24 -54
1533766888.2172227 705 703 693 681 757 661 2958 3048 7616 27 1259 -987 -68 25 -55
1533766888.2861516 705 703 693 681 757 662 2788 2856 7046 445 1973 -1151 -69 27 -54
1533766888.3606024 705 703 693 681 757 662 2698 2954 7362 -1358 -1223 -1457 -67 27 -53
1533766888.4231222 705 703 693 681 757 662 2244 2890 7622 2288 6774 -323 -67 27 -52
1533766888.5014586 705 703 693 681 756 661 2248 3140 8048 -3815 -4417 -206 -69 32 -52
1533766888.5636828 705 703 693 681 756 661 2102 2942 7388 1632 1755 561 -70 31 -51
1533766888.6419597 705 703 693 681 757 662 2258 2798 7318 1937 4154 -366 -71 31 -50
1533766888.713281 706 703 693 681 757 661 2044 3182 7874 3129 3577 -354 -70 33 -50
1533766888.770553 706 703 694 681 757 661 2012 3220 6758 4542 3568 -1860 -71 35 -51
1533766888.8705707 705 703 693 681 757 661 1600 3602 7392 1993 1852 -1112 -74 36 -50
1533766888.9204938 705 703 693 681 756 662 1340 3898 7288 1776 2045 -1504 -74 39 -51
1533766888.982977 706 703 693 681 756 662 1282 3934 7238 3500 3715 -463 -74 38 -54
1533766889.0673149 706 703 693 681 757 661 1122 4070 7132 3212 1789 -1533 -77 42 -52
1533766889.1419072 705 703 693 681 757 661 1082 4332 8468 -8213 -3395 -12148 -77 44 -56
1533766889.2156181 705 703 693 680 756 661 398 3226 7462 -21873 1478 -13140 -81 45 -56
1533766889.2877097 705 703 693 681 756 660 -188 1248 7452 -11291 616 -3494 -75 59 -37
1533766889.3557482 705 704 693 680 756 660 -256 1876 7864 4760 5971 8258 -68 69 -23
1533766889.4182334 701 704 692 676 754 659 -390 1088 9116 12944 5012 7248 -65 71 -19
1533766889.4963386 701 703 692 677 754 659 -616 2830 7116 17399 8122 2648 -68 65 -27
1533766889.5816813 706 704 693 681 757 661 -1644 4482 7508 11897 12593 -3283 -77 65 -37
1533766889.6395843 705 704 693 681 758 661 -1124 5420 6944 1475 -175 1188 -86 72 -51
1533766889.7164407 706 704 693 681 758 661 -1986 4898 6628 2055 340 2889 -84 72 -59
1533766889.7865007 706 703 693 681 757 661 -1648 5518 6444 5085 4431 3431 -84 70 -58
1533766889.8555977 706 703 693 681 757 661 -1756 5070 6356 1260 1058 1807 -83 67 -62
1533766889.9183333 706 703 693 681 758 661 -1270 5788 6540 3947 -474 3031 -86 66 -61
1533766890.0012493 706 704 693 681 757 661 -1398 5610 5864 2940 3996 1566 -86 59 -65
1533766890.0722837 706 704 694 681 757 661 -2192 5798 6292 5421 9353 4689 -85 58 -66
1533766890.1399384 706 704 694 681 758 661 -1494 6148 5000 4221 2527 -387 -87 56 -68
1533766890.2125762 706 704 693 681 757 661 -1976 6226 5330 1377 671 490 -85 57 -71
1533766890.2873912 707 704 693 682 758 661 -1880 6052 4960 1949 2401 816 -87 55 -74
1533766890.3556876 707 704 693 682 758 661 -1908 6304 5104 -193 -123 -1132 -87 53 -73
1533766890.4205317 707 704 693 682 758 661 -2290 6332 5164 -369 672 -1995 -86 56 -73
1533766890.4830146 707 704 694 682 758 661 -2208 6140 4914 566 390 -506 -86 56 -76
1533766890.5670502 707 704 693 682 758 661 -2330 6394 5074 1432 2215 -480 -86 58 -76
1533766890.6374052 707 705 693 682 758 661 -2264 6196 4728 1319 1509 -1267 -86 59 -76
1533766890.710369 707 704 693 682 759 661 -2328 6232 4698 -167 -658 -545 -87 60 -75
1533766890.7705839 707 704 693 682 759 661 -2698 6434 4966 414 -589 -383 -88 60 -74
1533766890.8504274 707 704 694 682 759 661 -2516 6228 4854 349 -728 -189 -89 63 -78
1533766890.9201934 707 704 694 682 759 661 -2404 6186 4854 -360 -350 -728 -89 61 -74
1533766891.0011308 707 704 693 682 759 660 -2460 6296 4840 454 309 -366 -87 62 -76
1533766891.0616248 707 705 693 682 758 661 -2492 6232 4952 153 -139 -560 -87 64 -76
1533766891.1237261 707 704 693 681 759 661 -2552 6238 4828 123 -140 -202 -88 64 -78
1533766891.198568 706 704 693 681 758 661 -2530 6224 4948 60 35 -246 -87 66 -76
1533766891.2671087 707 704 693 682 758 661 -2492 6168 4992 191 324 -27 -86 64 -75
1533766891.3348618 707 704 693 681 758 661 -2532 6204 4916 314 290 -59 -87 64 -75
1533766891.3907979 706 704 693 681 758 660 -2516 6246 4920 233 108 -40 -87 65 -77
1533766891.4689054 707 704 693 681 758 661 -2558 6236 4878 88 144 -4 -88 65 -74
1533766891.530766 707 704 693 682 759 661 -2540 6244 4828 417 241 34 -88 67 -75
1533766891.6018858 707 704 693 682 759 661 -2578 6196 4904 342 370 9 -87 67 -76
1533766891.6843333 707 704 693 682 759 661 -2584 6254 4870 454 408 -49 -88 62 -79
1533766891.7379525 707 705 693 682 759 660 -2612 6228 4792 249 228 -89 -85 65 -78
1533766891.8058271 707 705 693 682 758 661 -2540 6184 4838 372 388 -87 -88 65 -76
1533766891.873535 707 704 693 682 758 660 -2602 6192 4862 196 313 -72 -88 64 -77
1533766891.9424186 707 704 693 682 758 660 -2572 6270 4656 54 171 -302 -87 67 -77
1533766892.0110052 707 705 693 682 758 661 -2602 6176 4714 309 276 -175 -89 65 -78
1533766892.0799756 707 704 693 682 758 661 -2656 6218 4888 260 649 -252 -86 65 -78
1533766892.1395538 707 704 693 681 758 661 -2722 6238 4814 577 582 -95 -88 67 -77
1533766892.2192278 706 704 693 681 758 660 -2670 6374 4838 -394 119 -571 -88 65 -78
1533766892.2862628 705 704 693 680 756 660 -2646 6228 4688 -1024 -1026 -937 -87 67 -77
1533766892.3735607 704 703 691 678 753 659 -2782 6098 5110 1046 1435 132 -88 69 -77
1533766892.4204247 703 702 692 678 753 659 -2764 6358 4714 -11 613 -125 -86 70 -77
1533766892.4985328 701 701 692 676 751 658 -2848 6190 4926 177 -289 86 -89 68 -76
1533766892.5654538 702 703 690 675 749 658 -2752 6144 5008 3 -63 -37 -87 67 -76
1533766892.6243787 702 703 690 674 748 658 -2670 6146 4884 329 79 -17 -87 67 -78
1533766892.7016437 702 702 691 675 749 658 -2656 6150 4814 223 -65 -166 -87 70 -78
1533766892.7708194 703 703 693 677 753 658 -2678 5994 4896 420 -264 -518 -86 68 -78
1533766892.8418987 703 704 693 677 755 659 -2784 6048 5090 549 -400 -858 -86 68 -79
1533766892.905429 705 704 694 678 756 659 -2536 5998 4670 593 -591 -527 -88 69 -78
1533766892.983377 705 704 694 679 757 659 -2780 6074 4880 -138 -395 -356 -87 71 -77
1533766893.0697017 706 705 694 679 757 660 -2708 6086 4888 -359 -555 -157 -90 70 -77
1533766893.1236045 706 705 694 679 758 660 -2682 6014 4974 -261 -246 -142 -86 69 -76
1533766893.1935945 706 705 694 680 758 660 -2718 6040 4988 -153 57 -23 -88 71 -78
1533766893.2561624 706 705 694 680 758 660 -2718 6064 4996 -13 -103 -63 -87 70 -78
1533766893.3304234 707 705 694 680 758 660 -2684 6026 5098 -131 17 19 -87 69 -76
1533766893.3866441 706 706 694 681 759 660 -2740 5990 4992 30 -14 -15 -87 70 -73
1533766893.4493563 707 706 694 681 759 660 -2594 6002 5016 62 11 22 -86 70 -76
1533766893.527235 707 706 694 681 759 661 -2744 5988 5062 -457 -186 -72 -89 72 -77
1533766893.6024168 708 706 694 681 759 660 -2638 5942 5096 -16 -149 -218 -87 69 -74
1533766893.656036 707 706 695 681 759 661 -2560 5998 5172 167 -7 64 -87 73 -75
1533766893.7404904 707 706 694 681 760 661 -2686 5920 5106 -79 -306 7 -87 72 -75
1533766893.7873564 707 707 694 681 760 660 -2656 5968 5098 147 48 -12 -87 70 -74
1533766893.8567355 707 707 694 681 760 660 -2556 5984 5100 197 -137 -97 -86 72 -74
1533766893.9350948 708 706 694 681 760 661 -2690 5978 5122 235 -40 67 -87 71 -74
1533766894.0058923 708 706 694 681 760 661 -2656 5860 5178 56 65 -106 -89 72 -76
1533766894.0747778 708 707 694 681 760 660 -2578 5972 5098 180 176 -23 -85 71 -75
1533766894.1396487 707 706 694 681 760 661 -2652 5904 5124 -71 -70 -54 -88 69 -74
1533766894.2076812 708 707 694 681 760 660 -2578 5958 5142 84 39 -40 -88 71 -73
1533766894.272008 709 706 694 682 760 661 -2538 5938 5160 370 -185 -285 -87 71 -76
1533766894.349437 708 707 694 682 760 661 -2636 5856 5222 -262 -544 -152 -88 72 -74
1533766894.4241986 709 707 694 681 761 661 -2662 5908 5270 86 -102 -76 -86 70 -73
1533766894.4813888 709 707 694 682 760 661 -2558 5936 5208 -186 -133 12 -88 71 -75
1533766894.5439446 709 707 694 682 760 661 -2570 5840 5374 -197 -148 60 -85 71 -75
1533766894.6232412 709 707 694 682 761 661 -2582 5818 5314 160 -39 -67 -87 70 -75
1533766894.6914012 708 707 694 682 760 661 -2498 5898 5314 560 149 -54 -88 70 -72
1533766894.7551746 709 707 694 682 760 661 -2632 5836 5298 518 -12 -41 -86 72 -72
1533766894.8284826 709 707 694 682 760 661 -2588 5866 5244 433 274 -75 -87 71 -74
1533766894.8869705 708 707 694 681 760 661 -2550 5876 5238 329 229 -67 -87 72 -73
1533766894.9497204 708 707 694 682 760 661 -2536 5956 5234 297 355 2 -87 71 -73
1533766895.030427 709 707 694 682 760 661 -2626 5910 5252 106 382 -80 -87 73 -74
1533766895.1101422 709 707 694 682 760 661 -2600 5894 5226 41 222 -87 -88 72 -74
1533766895.1556962 709 707 694 682 760 661 -2522 5890 5238 434 246 -4 -87 71 -74
1533766895.2237387 709 707 694 682 760 661 -2670 5866 5210 72 56 -46 -87 71 -72
1533766895.2862256 709 707 694 682 760 661 -2584 5922 5236 177 96 6 -86 73 -74
1533766895.362113 709 707 694 682 760 661 -2666 5890 5294 244 335 -6 -87 70 -73
1533766895.4248552 709 706 694 682 760 661 -2602 5882 5172 196 30 -68 -87 72 -72
1533766895.4870849 709 707 694 682 761 661 -2602 5892 5234 288 186 -70 -87 71 -74
1533766895.5651917 709 707 694 682 760 661 -2632 5860 5232 283 157 -41 -89 70 -75
1533766895.6234968 709 707 694 682 761 661 -2622 5874 5274 305 137 68 -89 73 -74
1533766895.7002451 709 707 694 682 760 661 -2674 5836 5280 254 206 88 -88 72 -74
1533766895.8029528 709 707 694 682 761 661 -2638 5966 5224 309 257 14 -88 72 -75
1533766895.837275 709 707 694 682 761 661 -2678 5944 5154 303 341 -35 -87 73 -75
1533766895.8885572 709 707 694 682 761 661 -2630 5912 5176 348 225 -35 -87 71 -75
1533766895.9669225 709 707 694 682 761 662 -2574 5986 5146 17 331 -37 -88 71 -73
1533766896.038098 709 707 694 682 761 661 -2652 5890 5070 246 389 113 -89 73 -74
1533766896.1044018 709 707 694 682 760 661 -2472 5812 5040 292 470 59 -85 73 -74
1533766896.1713042 708 706 694 681 760 661 -2804 5852 5320 213 435 -15 -87 73 -72
1533766896.2388678 707 706 694 681 759 660 -2734 5868 5150 -352 17 -150 -89 71 -76
1533766896.309845 705 705 693 679 757 659 -2698 5980 5098 413 -15 -27 -88 72 -75
1533766896.3767378 703 704 693 678 755 658 -2698 6066 5090 176 639 167 -85 75 -76
1533766896.4550872 702 703 693 677 754 657 -2672 6004 5100 236 274 122 -87 71 -76
1533766896.5019445 681 703 693 676 752 657 -2654 5976 4970 -33 346 23 -86 71 -76
1533766896.5799196 688 705 693 675 749 657 -2748 5976 5066 94 -152 96 -86 73 -76
1533766896.6392374 689 700 692 672 743 655 -2674 5980 5118 333 315 -46 -87 70 -74
1533766896.719365 678 700 692 673 745 655 -2898 5948 5386 482 -189 -577 -89 72 -76
1533766896.7872837 691 702 693 675 749 656 -2762 5844 4804 69 -598 -339 -89 72 -78
1533766896.857261 692 703 693 675 751 657 -2784 5912 5168 -1161 -1153 -311 -87 70 -76
1533766896.9197469 695 703 693 676 752 657 -2550 5864 5308 -631 -619 -119 -88 76 -75
1533766897.0046418 696 703 693 677 753 658 -2560 5744 5500 -473 -1001 -317 -90 73 -76
1533766897.0713573 698 704 694 677 754 658 -2568 5754 5468 2 138 100 -88 76 -73
1533766897.136426 698 704 693 677 754 658 -2562 5754 5316 33 106 -121 -87 73 -73
1533766897.2066612 699 704 694 678 754 658 -2564 5776 5450 110 -47 -24 -88 75 -74
1533766897.2722092 699 704 694 678 755 658 -2530 5720 5358 151 197 -7 -88 74 -73
1533766897.3349645 700 704 694 678 756 658 -2574 5744 5360 96 101 91 -87 72 -73
1533766897.40907 700 704 694 678 756 659 -2548 5712 5384 271 102 -175 -88 74 -74
1533766897.471696 701 705 694 679 756 659 -2582 5790 5284 219 245 44 -86 75 -73
1533766897.534116 701 704 694 678 756 659 -2600 5734 5420 256 102 10 -87 76 -73
1533766897.6060402 702 705 694 679 757 659 -2610 5686 5426 113 135 -15 -86 74 -74
1533766897.6780772 702 705 694 679 757 659 -2530 5752 5368 175 54 -69 -86 73 -71
1533766897.7318006 703 705 694 679 757 659 -2568 5746 5400 264 236 89 -88 75 -73
1533766897.8236377 703 705 693 679 757 659 -2632 5734 5468 130 -259 -256 -89 72 -72
1533766897.8719034 703 705 694 679 758 659 -2524 5780 5372 348 128 -88 -88 75 -73
1533766897.9499285 704 706 694 679 757 659 -2584 5762 5408 211 186 4 -87 74 -73
1533766898.0171227 704 706 694 680 758 659 -2548 5776 5310 160 123 42 -87 74 -73
1533766898.0831163 704 706 694 680 758 659 -2578 5718 5434 250 320 -3 -87 76 -72
1533766898.1375914 704 706 694 680 758 659 -2608 5748 5354 61 60 -5 -87 75 -73
1533766898.215848 704 706 694 680 758 659 -2574 5776 5352 283 267 31 -88 72 -72
1533766898.2706215 704 706 694 680 758 660 -2602 5754 5338 152 2 -20 -86 74 -74
1533766898.349517 704 706 694 680 759 659 -2532 5720 5370 250 111 -48 -88 74 -71
1533766898.4048865 705 706 694 680 758 660 -2588 5802 5426 293 181 107 -87 75 -73
1533766898.482995 705 706 694 680 759 660 -2684 5756 5400 261 360 53 -90 72 -74
1533766898.5521414 705 706 694 680 759 659 -2582 5804 5316 64 -14 -57 -86 74 -72
1533766898.6071312 705 706 694 680 758 660 -2518 5690 5476 206 139 19 -90 75 -71
1533766898.686851 705 706 694 680 758 660 -2562 5766 5364 325 178 -87 -86 75 -73
1533766898.7545156 705 706 694 680 759 660 -2582 5762 5366 176 189 20 -87 74 -72
1533766898.8216112 705 706 694 680 759 660 -2556 5746 5332 286 194 -93 -86 72 -73
1533766898.8735027 705 706 694 680 758 659 -2582 5802 5388 111 73 38 -88 76 -72
1533766898.951859 705 706 694 680 759 660 -2604 5760 5446 114 177 -24 -87 73 -73
1533766899.0239525 705 707 694 681 759 660 -2536 5778 5384 158 133 -14 -86 73 -71
1533766899.0910876 705 707 694 680 758 660 -2628 5690 5410 250 177 33 -87 74 -72
1533766899.1696827 705 706 694 680 759 660 -2596 5762 5300 167 254 9 -88 74 -73
1533766899.2234757 705 706 694 681 759 660 -2532 5746 5376 209 96 20 -88 76 -73
1533766899.2861094 706 707 694 681 758 660 -2668 5778 5398 257 124 -49 -88 74 -75
1533766899.3586702 706 707 694 681 759 660 -2604 5730 5368 199 98 -21 -87 74 -73
1533766899.4246602 706 707 694 681 759 660 -2582 5750 5444 175 177 -19 -88 76 -73
1533766899.4870718 706 707 694 681 759 660 -2580 5766 5378 321 223 5 -88 73 -72
1533766899.5495615 706 707 695 681 759 660 -2610 5768 5430 213 170 -8 -86 73 -74
1533766899.6239395 706 707 694 681 759 660 -2644 5756 5358 263 107 -7 -87 74 -75
1533766899.694121 706 706 694 681 759 660 -2626 5782 5360 235 97 -15 -88 75 -73
1533766899.7549534 706 707 694 681 759 660 -2608 5784 5314 172 182 -39 -85 73 -74
1533766899.850048 706 707 694 681 759 660 -2600 5718 5314 234 227 -37 -90 74 -75
1533766899.888816 706 707 694 681 759 660 -2676 5656 5408 188 175 -2 -91 75 -73
1533766899.9510477 706 707 694 681 759 660 -2640 5696 5406 233 461 33 -88 73 -74
1533766900.0315664 706 707 694 681 760 660 -2636 5764 5354 42 197 -128 -86 73 -74
1533766900.0989828 706 706 694 680 759 659 -2588 5766 5262 237 935 33 -89 74 -73
1533766900.155552 704 706 694 680 759 659 -2754 5824 5308 533 515 97 -88 74 -73
1533766900.2337728 701 706 694 679 757 659 -2604 5732 5536 692 332 242 -88 75 -73
1533766900.2877512 701 705 693 678 756 658 -2774 5860 5228 381 285 238 -88 73 -73
1533766900.3710737 700 704 693 677 755 656 -2656 5822 5402 501 568 118 -87 76 -73
1533766900.4368196 698 702 692 675 752 655 -2626 5898 5430 -267 500 74 -88 74 -73
1533766900.499306 697 702 692 674 749 654 -2726 5758 5338 680 272 161 -86 75 -75
1533766900.5736635 697 702 691 673 743 653 -2656 5840 5232 252 459 54 -86 74 -72
1533766900.6389832 696 700 691 672 740 653 -2632 5844 5374 204 -158 -53 -87 74 -76
1533766900.7114694 696 700 690 671 742 652 -2568 5856 5536 666 31 -281 -87 75 -73
1533766900.7716203 694 701 691 673 746 653 -2878 5826 4892 535 -811 -546 -88 73 -76
1533766900.8525655 698 701 692 674 749 654 -2634 5842 5122 -139 -350 -182 -88 75 -74
1533766900.9188426 699 702 692 675 750 655 -2494 5860 5294 166 -162 0 -89 73 -74
1533766900.9815044 700 702 692 675 751 655 -2754 5726 5402 -545 -774 -392 -86 75 -75
1533766901.0539095 701 703 693 676 752 655 -2526 5762 5320 -85 68 36 -88 74 -75
1533766901.1234903 701 703 693 676 753 656 -2616 5810 5370 -321 -403 -115 -87 75 -77
1533766901.2075794 700 703 693 677 754 656 -2628 5690 5506 23 -164 -120 -86 75 -74
1533766901.2563756 701 703 693 677 754 656 -2542 5688 5464 106 92 -31 -87 73 -73
1533766901.3319592 700 703 693 677 754 656 -2600 5712 5400 215 350 107 -87 76 -73
1533766901.3936996 702 703 692 677 754 656 -2616 5744 5410 305 324 37 -89 77 -74
1533766901.4561858 702 704 693 677 754 656 -2652 5724 5322 256 226 35 -89 76 -73
1533766901.5189242 702 704 693 678 755 656 -2624 5706 5420 157 111 10 -88 75 -75
1533766901.6014204 702 704 693 678 755 656 -2644 5714 5408 163 128 -22 -87 74 -75
1533766901.6544952 702 704 693 678 756 656 -2576 5756 5400 183 20 -18 -86 74 -73
1533766901.723491 703 704 693 678 755 656 -2666 5770 5404 216 259 66 -88 75 -73
1533766901.801828 703 704 693 678 756 656 -2570 5682 5392 189 -71 -185 -87 77 -72
1533766901.8893812 703 705 693 678 756 657 -2564 5742 5410 226 172 31 -87 73 -74
1533766901.936241 703 705 693 678 756 656 -2638 5692 5474 153 39 -3 -85 76 -73
1533766902.004879 703 705 693 678 756 656 -2628 5740 5478 -17 50 -42 -87 76 -74
1533766902.072177 704 705 693 678 757 657 -2504 5720 5380 185 120 -46 -87 74 -74
1533766902.139763 703 705 692 678 757 657 -2632 5748 5464 276 219 37 -88 76 -74
1533766902.206703 704 705 693 678 757 656 -2602 5702 5458 85 -10 -51 -89 76 -75
1533766902.2723413 704 705 693 678 757 657 -2568 5720 5450 236 185 -44 -88 75 -72
1533766902.334806 704 705 693 678 757 657 -2580 5736 5410 191 148 56 -86 75 -74
1533766902.4079 704 706 693 678 757 657 -2596 5694 5522 154 178 -18 -87 76 -73
1533766902.470583 704 706 693 679 757 657 -2552 5736 5434 309 366 26 -85 76 -72
1533766902.5484314 704 705 693 679 757 657 -2598 5682 5372 157 151 -35 -89 77 -72
1533766902.6097438 704 706 693 679 757 657 -2552 5754 5382 171 45 5 -86 76 -75
1533766902.6779532 704 705 693 678 757 657 -2654 5698 5434 110 112 -66 -88 76 -72
1533766902.7390156 704 705 693 678 757 657 -2576 5790 5408 255 173 -21 -88 76 -72
1533766902.8108468 704 706 693 678 757 657 -2702 5732 5382 280 159 164 -89 76 -74
1533766902.8815799 704 705 693 678 757 657 -2514 5764 5380 214 111 -3 -89 76 -74
1533766902.9366696 704 705 693 678 758 657 -2664 5736 5466 154 135 -42 -89 73 -73
1533766903.01709 704 706 693 678 757 657 -2562 5728 5350 259 119 61 -89 76 -74
1533766903.0836315 704 705 693 678 758 657 -2616 5694 5404 229 247 16 -90 74 -74
1533766903.1428206 704 705 693 679 757 657 -2640 5696 5370 179 -31 -52 -88 75 -73
1533766903.223671 704 705 693 679 758 658 -2536 5742 5342 368 254 -25 -87 74 -73
1533766903.286421 705 706 693 679 758 658 -2724 5792 5342 323 325 20 -88 77 -72
1533766903.3561718 705 705 693 679 758 658 -2636 5728 5444 -33 -179 -75 -88 77 -72
1533766903.4186199 705 706 693 679 758 658 -2612 5684 5418 253 112 27 -86 74 -75
1533766903.480888 704 706 693 679 758 658 -2714 5742 5272 233 48 -69 -89 74 -74
1533766903.5545642 705 706 693 679 758 658 -2502 5648 5492 263 65 1 -86 75 -74
1533766903.6070592 704 706 693 679 758 658 -2718 5734 5374 162 194 28 -87 73 -72
1533766903.6889024 704 705 693 679 758 658 -2558 5758 5332 196 216 14 -87 78 -75
1533766903.7544382 704 706 693 679 758 658 -2624 5732 5426 327 323 34 -87 73 -73
1533766903.825643 705 705 693 679 758 658 -2676 5720 5370 159 138 -47 -85 73 -73
1533766903.9051745 705 706 693 679 758 658 -2648 5726 5386 76 19 -1 -88 75 -73
1533766903.9518611 705 706 693 679 758 658 -2642 5732 5380 168 197 16 -86 76 -76
1533766904.0227954 705 706 693 679 758 658 -2596 5738 5392 283 259 37 -88 74 -75
1533766904.0915189 705 706 693 679 758 658 -2668 5712 5412 177 154 -72 -91 76 -74
1533766904.1558988 705 706 693 679 758 657 -2700 5736 5364 121 254 18 -85 78 -74
1533766904.2267008 705 706 693 679 758 658 -2686 5818 5598 237 186 -26 -88 77 -72
1533766904.292761 705 705 693 679 759 658 -2630 5796 5674 471 796 97 -88 74 -73
1533766904.3612988 704 706 693 679 758 658 -2748 5660 5370 -65 435 -45 -87 75 -73
1533766904.4237838 704 705 693 679 757 657 -2788 5742 5390 78 785 -34 -88 76 -72
1533766904.4863784 703 705 693 678 756 657 -2704 5792 5382 386 16 209 -89 76 -75
1533766904.5711606 702 704 693 677 752 656 -2816 5780 5286 635 8 53 -87 73 -73
1533766904.6229427 701 703 693 676 750 655 -2702 5804 5288 322 -60 158 -88 76 -74
1533766904.6960855 700 702 692 675 749 654 -2728 5744 5440 362 243 44 -86 75 -74
1533766904.7556999 698 701 692 674 747 654 -2662 5868 5284 176 360 49 -86 77 -76
1533766904.8292382 697 701 692 673 746 653 -2686 5828 5160 293 -56 96 -87 76 -76
1533766904.889102 695 700 691 672 745 653 -2688 5786 5370 217 58 -83 -89 76 -75
1533766904.9671795 696 700 692 672 746 653 -2770 5734 5570 290 -332 -313 -85 75 -76
1533766905.0382705 697 701 693 674 749 654 -2666 5864 4946 -465 -665 -428 -86 76 -76
1533766905.1054628 699 702 693 675 750 654 -2642 5720 5448 -154 -196 -64 -89 75 -74
1533766905.1782868 699 702 692 675 751 654 -2574 5724 5404 -304 -371 -90 -87 75 -72
1533766905.256138 700 702 692 676 752 655 -2578 5674 5498 143 1 56 -88 76 -74
1533766905.311681 700 702 693 676 752 655 -2638 5698 5482 125 208 -22 -88 75 -73
1533766905.376833 701 702 693 676 753 655 -2566 5680 5376 126 143 48 -88 75 -74
1533766905.4395342 702 703 693 677 753 655 -2610 5708 5464 271 282 101 -88 77 -72
1533766905.5018048 702 703 693 677 754 655 -2616 5714 5468 138 175 122 -90 75 -74
1533766905.579909 702 703 693 677 754 655 -2634 5690 5386 233 128 -51 -88 76 -72
1533766905.6423945 702 704 693 677 755 656 -2496 5700 5434 275 161 45 -90 77 -74
1533766905.7181008 703 704 693 678 755 656 -2712 5662 5480 179 271 -28 -86 77 -74
1533766905.7726917 703 704 693 677 756 656 -2616 5728 5410 97 76 -64 -88 76 -73
1533766905.851246 703 704 693 677 756 656 -2606 5760 5414 269 127 13 -88 77 -72
1533766905.93674 703 704 692 678 756 656 -2688 5704 5462 104 156 -15 -86 76 -72
1533766905.9836013 704 704 693 678 756 656 -2614 5718 5480 163 129 -24 -90 77 -72
1533766906.043249 704 704 693 678 756 656 -2626 5724 5438 200 283 -20 -87 76 -73
1533766906.1207242 704 704 693 678 756 656 -2604 5668 5436 166 175 2 -89 74 -72
1533766906.1855707 704 704 693 678 757 656 -2650 5698 5408 62 154 -50 -86 75 -73
1533766906.2546685 704 705 693 678 757 656 -2550 5720 5382 181 94 -30 -87 77 -72
1533766906.3220034 704 704 693 678 757 656 -2624 5686 5496 294 161 63 -87 77 -75
1533766906.377206 704 704 693 678 758 657 -2630 5688 5506 193 109 -24 -86 75 -73
1533766906.455386 705 704 693 678 757 656 -2708 5724 5358 -35 92 -83 -86 77 -73
1533766906.517757 705 705 694 678 758 657 -2460 5782 5458 229 46 74 -88 78 -72
1533766906.6057236 704 705 693 678 757 656 -2638 5630 5520 96 42 -75 -88 75 -73
1533766906.6551683 705 705 693 679 758 657 -2636 5826 5296 -143 -246 282 -89 78 -73
1533766906.7231913 705 705 693 679 758 657 -2716 5622 5604 250 422 -31 -89 75 -74
1533766906.7856765 705 705 693 679 758 657 -2428 5768 5350 155 100 -46 -89 75 -74
1533766906.856729 705 706 693 679 758 657 -2726 5570 5514 92 182 50 -87 75 -72
1533766906.9192157 705 705 693 679 758 657 -2488 5752 5386 200 130 -14 -87 76 -74
1533766906.9976122 705 705 693 679 758 657 -2626 5674 5426 264 266 -21 -90 76 -74
1533766907.05496 705 705 693 679 758 657 -2576 5726 5474 135 138 -51 -86 74 -74
1533766907.1241467 705 705 693 679 758 657 -2614 5702 5452 218 201 22 -87 76 -74
1533766907.2015433 705 705 693 679 759 657 -2512 5680 5430 235 132 -30 -89 75 -74
1533766907.271451 706 705 693 679 759 657 -2590 5694 5456 337 253 34 -88 74 -73
1533766907.3353992 705 706 693 679 759 657 -2638 5690 5490 268 400 22 -88 74 -74
1533766907.3919396 705 705 693 679 758 657 -2598 5726 5390 93 56 19 -88 78 -71
1533766907.4545941 706 706 693 679 759 657 -2578 5670 5416 183 -15 7 -89 76 -73
1533766907.5325744 706 705 693 679 759 657 -2674 5684 5384 131 145 -25 -85 76 -73
1533766907.6017134 705 705 693 679 759 657 -2504 5744 5398 294 243 -41 -87 75 -72
1533766907.6542842 705 706 693 679 759 657 -2654 5732 5406 81 136 17 -87 77 -72
1533766907.7348113 706 706 693 679 759 657 -2488 5730 5448 167 17 14 -88 74 -73
1533766907.7880738 706 706 694 679 759 657 -2732 5696 5386 327 425 97 -87 78 -75
1533766907.856499 706 706 693 679 759 657 -2598 5668 5362 60 51 -70 -89 75 -73
1533766907.9346082 706 706 693 679 759 657 -2636 5718 5392 250 395 88 -88 76 -73
1533766908.001933 706 706 693 679 759 657 -2666 5740 5378 147 82 -22 -89 75 -73
1533766908.0592413 706 706 693 679 759 658 -2564 5734 5400 322 197 7 -88 75 -75
1533766908.121728 706 706 694 679 760 657 -2656 5688 5404 230 199 21 -88 74 -73
1533766908.2023973 706 705 693 679 760 658 -2622 5772 5368 228 321 102 -87 75 -73
1533766908.2561727 706 706 694 679 759 658 -2626 5752 5410 220 274 54 -86 75 -73
1533766908.3368974 706 706 693 679 759 657 -2728 5558 5460 309 36 -51 -87 76 -72
1533766908.3930914 706 706 693 679 759 657 -2506 5742 5424 257 335 5 -85 75 -72
1533766908.4711604 706 706 694 679 759 657 -2630 5722 5278 119 819 115 -88 77 -73
1533766908.533466 705 705 693 678 758 657 -2578 5812 5118 -34 426 1 -87 77 -75
1533766908.6138675 704 705 694 678 756 656 -2772 5714 5414 369 269 84 -87 76 -73
1533766908.670023 703 704 693 676 749 656 -2712 5722 5330 375 193 138 -86 75 -75
1533766908.7389553 700 702 692 675 746 654 -2568 5766 5332 460 268 115 -88 76 -73
1533766908.8076553 696 701 692 674 742 654 -2672 5800 5294 266 631 118 -87 75 -73
1533766908.871157 695 700 692 672 741 653 -2624 5780 5256 282 214 38 -87 73 -73
1533766908.9338956 697 702 692 672 741 653 -2642 5726 5356 257 -166 52 -87 75 -73
1533766909.0114665 696 701 691 671 740 652 -2654 5796 5428 323 213 100 -85 77 -73
1533766909.0800045 694 699 691 670 739 652 -2684 5772 5430 369 414 -133 -88 75 -74
1533766909.1385098 696 700 691 671 742 653 -2974 5792 5246 723 -1224 -497 -89 74 -74
1533766909.2218757 698 701 693 672 746 653 -2620 5898 4944 -1267 502 581 -88 75 -74
1533766909.2833524 699 701 692 672 747 654 -2460 5706 5432 -467 -878 -288 -88 73 -74
1533766909.3605676 700 702 693 673 748 654 -2558 5658 5524 194 -39 -1 -88 77 -72
1533766909.4205215 699 701 693 673 749 655 -2656 5696 5512 -97 -527 -277 -87 74 -72
1533766909.4831204 691 702 693 673 750 654 -2494 5654 5498 67 48 -92 -87 75 -72
1533766909.5633304 694 702 693 674 749 655 -2544 5652 5554 164 415 61 -89 77 -72
1533766909.6210618 696 702 693 674 750 655 -2536 5674 5542 248 230 51 -86 74 -72
1533766909.6972082 698 702 693 674 751 655 -2680 5648 5424 90 237 -82 -88 77 -72
1533766909.7558558 699 703 693 674 751 655 -2564 5734 5384 95 -33 20 -87 74 -72
1533766909.8287206 700 703 693 674 752 655 -2576 5638 5512 60 -62 20 -89 73 -72
1533766909.8881745 700 703 693 675 752 655 -2596 5744 5424 -225 -680 268 -87 75 -73
1533766909.9660864 700 703 693 675 752 655 -2608 5616 5616 -802 -1083 -4 -88 73 -73
1533766910.0418484 701 703 693 675 753 655 -2426 5678 5520 -1653 -2295 964 -87 75 -72
1533766910.1155198 701 703 693 675 754 656 -2284 5544 5840 -1235 -1182 -326 -86 74 -71
1533766910.1709764 701 703 693 676 754 656 -2194 5470 5848 79 638 1013 -88 75 -70
1533766910.240572 701 703 693 675 753 656 -2092 5448 5884 -151 310 942 -88 75 -68
1533766910.3200548 701 703 693 675 754 656 -2042 5334 5952 144 487 349 -86 72 -68
1533766910.3743427 701 703 693 676 754 656 -1992 5388 5986 240 292 481 -85 70 -70
1533766910.452453 701 703 693 676 754 656 -1980 5400 5958 339 322 186 -84 71 -72
1533766910.5149357 701 703 693 676 754 656 -2018 5296 6050 567 455 -131 -86 69 -68
1533766910.5897007 701 703 693 675 754 656 -2076 5424 5812 605 364 102 -84 70 -70
1533766910.6741974 701 703 693 676 754 656 -2154 5552 5774 637 229 -42 -84 71 -69
1533766910.730044 701 703 693 676 754 656 -2188 5512 5882 196 109 -53 -85 70 -69
1533766910.787255 701 703 693 675 754 656 -2118 5562 5704 325 108 -51 -83 71 -71
1533766910.8652601 702 703 693 676 755 656 -2130 5514 5832 294 232 72 -86 70 -70
1533766910.9275963 702 703 693 676 755 656 -2146 5520 5804 129 168 -101 -85 70 -71
1533766910.9900823 702 703 693 677 755 656 -2158 5548 5754 350 318 181 -85 71 -71
1533766911.0685813 702 703 693 677 755 657 -2232 5480 5858 215 254 5 -85 69 -71
1533766911.1222272 702 703 694 678 755 656 -2172 5506 5806 150 37 -1 -86 71 -71
1533766911.201953 702 703 693 678 755 656 -2112 5504 5780 281 162 61 -85 70 -71
1533766911.25466 702 703 693 678 755 657 -2180 5548 5852 196 289 4 -86 68 -72
1533766911.3402112 701 703 694 677 755 656 -2192 5576 5658 130 10 23 -86 72 -70
1533766911.3872964 702 703 693 678 755 657 -2252 5548 5680 111 176 156 -86 70 -70
1533766911.4651852 702 703 693 678 755 657 -2142 5598 5756 -15 133 332 -84 69 -71
1533766911.5277276 702 703 694 677 756 656 -2026 5366 5860 -393 -298 246 -83 69 -71
1533766911.6115777 702 703 694 678 755 656 -1992 5378 6090 -504 -1565 -406 -85 67 -72
1533766911.6704912 702 703 694 678 756 657 -2004 5358 6070 753 -1067 -760 -84 68 -71
1533766911.7408388 702 703 693 678 756 657 -1914 5474 5696 783 -167 -1051 -84 70 -68
1533766911.8279104 702 703 694 677 756 656 -1966 5364 5884 -385 -2293 -1268 -84 73 -73
1533766911.8875248 702 704 693 678 756 657 -2038 5452 6122 -497 -1117 -633 -84 72 -71
1533766911.9658952 703 704 693 678 757 657 -1782 5404 6030 -866 -1428 273 -86 70 -69
1533766912.0495691 703 704 693 677 757 657 -1830 5690 6108 -481 725 -209 -86 70 -70
1533766912.1147828 703 704 693 677 756 658 -1534 5750 6212 -3876 -2126 1389 -84 71 -70
1533766912.1743476 704 704 694 677 757 657 -1570 4916 6302 -2057 -2162 2737 -84 71 -64
1533766912.2546675 704 704 694 678 757 658 -1032 4824 6502 -1603 -2738 931 -79 67 -63
1533766912.330719 704 704 694 678 757 658 -1084 4626 6612 201 -1897 662 -83 67 -59
1533766912.388764 704 704 694 678 758 658 -950 4806 6676 1001 -514 -808 -84 65 -60
1533766912.4668694 704 704 694 678 757 658 -1122 5004 6598 889 345 -148 -83 64 -62
1533766912.5294993 704 704 693 678 757 658 -1028 5002 6528 634 169 101 -83 67 -60
1533766912.6065762 705 704 693 678 757 658 -814 4858 6514 -24 -829 -142 -84 65 -61
1533766912.669131 704 705 694 678 758 658 -1024 4834 6956 230 323 -59 -82 64 -62
1533766912.7399404 702 704 693 678 757 658 -914 4922 6538 272 207 127 -84 65 -63
1533766912.8107672 702 704 694 678 757 658 -792 4908 6600 681 1133 -36 -83 66 -63
1533766912.879398 703 704 693 678 757 658 -1100 4892 6712 403 128 -412 -82 67 -63
1533766912.9367898 702 704 694 678 757 658 -1228 5068 6450 403 676 -167 -82 66 -62
1533766913.0185924 702 704 693 678 757 658 -1224 5136 6406 268 501 -115 -81 67 -63
1533766913.0845578 701 704 693 677 757 658 -940 4948 6508 50 -425 146 -85 65 -64
1533766913.1391993 701 704 694 678 757 658 -810 4790 6706 84 -192 -29 -82 65 -62
1533766913.217362 701 705 694 678 757 658 -1150 4932 6550 272 439 -315 -84 68 -63
1533766913.288482 700 704 694 678 757 658 -1292 5064 6364 145 441 51 -82 66 -63
