1533769808.9604895 620 614 651 620 653 579 6196 3582 4042 53 864 -132 -70 58 -16
1533769809.038427 621 613 651 621 653 579 6116 3450 3908 112 575 304 -70 60 -16
1533769809.1106985 621 613 651 621 653 579 6066 3554 4226 -310 1037 167 -67 59 -17
1533769809.1780841 621 613 651 620 653 579 6052 3450 4210 122 336 132 -69 62 -14
1533769809.2365224 620 613 651 621 653 579 6130 3650 3886 669 -1001 -154 -67 59 -18
1533769809.3146312 620 614 651 621 654 579 6106 3606 3674 473 -701 -340 -69 58 -15
1533769809.3863342 620 613 651 620 654 579 6250 3586 3904 126 -292 -272 -70 58 -18
1533769809.4435902 621 613 651 621 654 579 6038 3742 3866 220 402 -384 -70 57 -16
1533769809.521697 621 613 651 621 653 579 6150 3500 3826 209 177 100 -68 61 -16
1533769809.590161 620 613 651 620 654 579 6148 3658 3790 396 1038 -205 -71 56 -17
1533769809.686281 620 613 651 621 654 579 6018 3726 3764 7 -481 -326 -70 57 -15
1533769809.8058696 620 613 651 620 654 579 6210 3540 3810 -81 -634 -440 -70 60 -17
1533769809.8845325 621 613 651 621 653 580 6166 3948 3770 113 1205 567 -70 60 -16
1533769809.9139223 699 640 663 699 671 689 6252 3254 3614 -438 4336 1933 -70 57 -16
1533769809.945162 698 639 663 702 670 692 5868 3212 4528 746 -282 9 -68 59 -14
1533769809.9920254 698 639 663 701 670 692 6422 3314 4720 2365 -1043 456 -68 63 -13
1533769810.0598924 698 639 663 702 670 693 5922 3766 3502 851 2425 727 -69 58 -16
1533769810.1405654 697 639 663 702 669 693 6374 3454 4040 -1495 -1015 -471 -71 60 -17
1533769810.2105124 694 639 663 699 668 692 6212 3986 4536 325 -314 -629 -70 60 -15
1533769810.2799487 697 639 663 701 670 692 5710 3648 3482 745 7579 2180 -69 60 -17
1533769810.361167 692 637 663 696 667 689 6178 2854 5680 -121 5417 1658 -69 63 -16
1533769810.4192626 690 637 663 692 665 670 5554 2770 4622 1105 4976 1566 -69 67 -13
1533769810.4793768 657 626 658 664 662 644 5862 3436 6274 1675 1765 3 -66 70 -11
1533769810.5572152 643 623 656 648 653 629 5426 3688 4788 310 -3921 -1874 -67 72 -13
1533769810.6252441 644 624 656 649 653 636 5592 3448 4460 -59 318 577 -68 71 -14
1533769810.6803575 633 621 654 639 651 621 5632 3234 4790 -3 2450 -85 -67 68 -14
1533769810.7584639 637 621 655 642 652 625 5330 3380 5286 131 2345 111 -70 68 -12
1533769810.8209505 636 621 655 642 651 624 5338 3330 5014 -2 3166 827 -66 72 -12
1533769810.895422 638 622 655 643 652 622 5348 3032 5624 255 1034 104 -66 75 -12
1533769810.960263 637 622 655 643 651 626 5134 3504 5748 136 1057 147 -67 76 -12
1533769811.0693207 638 622 655 644 651 629 5036 3420 5044 862 -291 -35 -67 76 -12
1533769811.1038177 637 622 655 643 651 628 5148 3394 5322 554 2371 -67 -68 75 -12
1533769811.167851 638 622 655 644 651 628 4952 3096 5730 215 1183 737 -68 79 -13
1533769811.2269387 638 622 655 644 652 625 5190 3402 5536 548 1232 508 -66 80 -13
1533769811.2893898 646 623 656 651 658 626 5116 3512 5388 344 1693 859 -67 80 -13
1533769811.3719928 636 621 655 641 652 620 4872 3680 5684 -12 2281 447 -69 80 -14
1533769811.429741 636 621 655 641 651 625 5158 3580 6268 2052 2859 857 -67 81 -12
1533769811.5080872 638 622 655 644 651 625 5006 3210 5730 575 -12 -33 -69 85 -16
1533769811.5703344 640 623 655 646 652 631 4536 3610 5430 201 3826 454 -67 83 -15
1533769811.6444864 638 622 655 644 651 628 4428 3456 6008 -394 3233 56 -68 82 -16
1533769811.7138705 637 622 655 643 651 628 4576 3466 5522 -1559 1018 -394 -67 86 -15
1533769811.7763557 634 621 655 641 650 624 4358 3306 6206 -1172 1054 -1283 -68 87 -15
1533769811.856727 635 621 655 642 650 626 4270 3080 6502 -413 330 -320 -65 92 -15
1533769811.914208 638 622 655 645 651 630 4248 3200 6362 -117 -302 -347 -62 94 -12
1533769811.9923146 643 623 656 649 654 630 4346 3170 6232 337 263 -35 -65 95 -13
1533769812.0554025 644 623 656 650 654 631 4260 3268 6072 -112 758 133 -63 91 -14
1533769812.1287634 642 622 656 648 653 628 4208 3078 6320 53 -157 -68 -63 94 -10
1533769812.1954703 644 622 656 649 654 631 4330 3170 6196 120 -497 -178 -63 96 -12
1533769812.2580276 644 623 656 650 654 632 4312 3166 6102 -375 226 -233 -63 93 -11
1533769812.3204403 645 624 656 651 654 633 4280 3126 6200 189 -325 12 -63 90 -12
1533769812.4139266 646 624 656 651 655 634 4342 3120 6158 15 -493 -185 -64 92 -11
1533769812.4607928 646 623 657 651 655 634 4416 3078 6148 156 50 -76 -63 92 -10
1533769812.52328 646 624 656 652 655 635 4312 3140 6218 238 -38 -22 -63 93 -11
1533769812.604811 646 623 656 652 654 634 4358 3142 6138 301 -265 -132 -64 91 -10
1533769812.6706367 644 623 657 650 654 632 4362 3162 6124 138 28 -210 -62 90 -9
1533769812.7258942 645 623 656 650 654 632 4356 3160 6090 282 -149 -28 -61 93 -12
1533769812.788379 647 624 656 652 655 635 4454 3108 6170 160 81 4 -62 92 -11
1533769812.866486 647 624 657 653 655 635 4402 3188 6128 224 220 21 -63 91 -10
1533769812.9289722 647 624 656 653 655 636 4386 3054 6206 274 183 111 -61 91 -10
1533769812.9914575 647 624 656 653 655 636 4442 3226 6074 205 249 38 -61 92 -10
1533769813.0752103 647 624 656 653 655 636 4394 3100 6140 307 158 47 -64 92 -11
1533769813.1338897 647 624 656 653 654 636 4418 3110 6172 208 310 -7 -63 92 -11
1533769813.195675 647 624 657 653 655 636 4384 3130 6128 226 102 80 -62 90 -8
1533769813.258417 647 624 657 653 654 636 4384 3144 6166 136 232 -57 -63 92 -12
1533769813.3187218 648 624 657 653 655 636 4414 3128 6134 294 202 79 -62 92 -12
1533769813.3973145 648 624 657 654 655 638 4336 3152 6176 214 195 -38 -62 94 -13
1533769813.4600573 648 624 657 655 655 638 4394 3134 6132 272 372 97 -63 91 -14
1533769813.5223513 648 624 657 654 655 638 4384 3064 6240 204 285 9 -62 93 -11
1533769813.5954828 649 624 657 655 655 638 4374 3150 6146 232 335 92 -63 93 -11
1533769813.6620662 648 624 657 654 655 638 4346 3114 6200 264 475 38 -63 93 -9
1533769813.7271569 648 624 657 654 654 637 4348 3134 6096 438 1308 386 -63 93 -11
1533769813.7896447 647 624 657 654 654 637 4176 3184 6300 272 698 175 -63 92 -12
1533769813.860974 647 624 656 653 654 636 4292 3170 6258 88 498 12 -63 95 -11
1533769813.9123032 648 624 657 654 654 638 4156 3214 6300 231 273 41 -61 94 -13
1533769813.99041 647 623 657 653 654 637 4204 3060 6322 263 421 69 -65 94 -12
1533769814.0557754 648 624 657 654 654 637 4296 3126 6248 182 499 106 -61 96 -12
1533769814.12593 648 624 657 654 654 637 4204 3124 6278 202 453 35 -65 93 -12
1533769814.193209 647 623 657 653 653 636 4188 3134 6344 156 425 513 -64 92 -11
1533769814.2599053 646 624 657 652 654 635 4278 3080 6242 137 -131 457 -63 92 -10
1533769814.322297 644 623 656 650 653 632 4140 3142 6244 332 7 464 -63 92 -12
1533769814.4109952 642 622 657 649 652 632 4266 2998 6268 299 -353 522 -61 97 -9
1533769814.4578583 639 621 656 646 652 628 4126 3124 6170 241 -84 -18 -63 91 -13
1533769814.5203447 642 626 657 645 655 627 4144 3132 6420 441 255 -201 -63 91 -12
1533769814.5957398 634 620 656 639 650 619 4168 2942 6582 226 -461 185 -61 94 -11
1533769814.6644495 633 621 656 637 650 617 4350 3086 6284 349 -131 244 -62 91 -11
1533769814.729066 611 610 653 614 648 577 4216 3002 6418 -322 359 677 -64 92 -14
1533769814.7915275 614 607 653 617 647 576 4250 2928 6464 356 151 99 -62 93 -12
1533769814.867025 611 606 653 614 646 574 4314 2978 6336 518 355 -389 -61 93 -11
1533769814.9293752 608 605 653 612 642 573 4340 3176 6188 305 490 81 -60 93 -12
1533769814.9916024 609 605 654 613 643 573 4200 2946 6330 230 223 217 -65 93 -12
1533769815.069787 611 609 654 613 646 573 4164 2956 6296 158 -61 -119 -62 92 -13
1533769815.1344926 613 612 655 613 648 574 4264 2978 6318 57 -292 -46 -63 94 -15
1533769815.1968436 614 613 655 615 650 574 4664 2934 6440 27 -574 -459 -64 93 -12
1533769815.2733207 612 609 653 614 648 573 4088 2860 6516 700 -2738 -2747 -63 91 -12
1533769815.3338838 611 610 653 612 648 573 4510 3088 6306 630 -1082 1211 -63 93 -13
1533769815.4127154 616 613 654 615 652 575 4474 3182 5966 -21 -589 -897 -65 92 -12
1533769815.4751997 613 611 653 614 650 574 4468 3060 6238 250 -69 -193 -62 89 -12
1533769815.5379488 614 612 653 615 651 575 4512 3130 6032 279 -146 -88 -65 94 -12
1533769815.617854 609 610 652 611 647 573 4430 3162 6168 155 -28 -160 -64 89 -15
1533769815.6836789 611 611 653 612 649 574 4468 3148 5954 296 -12 19 -62 90 -13
1533769815.7606514 611 610 652 612 649 573 4408 3138 6278 153 80 -94 -62 91 -13
1533769815.8073518 611 610 652 613 649 573 4558 3156 6010 169 109 202 -64 90 -13
1533769815.8698378 614 613 653 613 652 574 4404 3132 6154 223 207 -82 -64 88 -12
1533769815.9479425 614 613 653 614 652 575 4552 3150 6008 186 -81 -31 -63 90 -13
1533769816.015114 614 613 653 614 652 575 4458 3194 6114 31 53 -75 -64 89 -13
1533769816.0712342 617 616 653 615 655 576 4534 3106 6032 301 -102 -102 -63 91 -12
1533769816.1469016 616 615 653 614 654 575 4468 3182 6070 150 315 75 -64 90 -11
1533769816.213824 615 614 653 614 653 575 4460 3104 6128 299 -55 -146 -64 89 -13
1533769816.2763093 615 615 653 614 653 575 4550 3174 6044 212 211 2 -66 90 -11
1533769816.3387957 614 614 653 614 653 575 4460 3142 6058 187 112 29 -64 91 -12
1533769816.4311032 615 614 652 614 653 575 4522 3098 6122 235 89 -125 -64 90 -13
1533769816.477967 614 613 652 614 652 574 4524 3158 6052 243 -148 -12 -65 92 -14
1533769816.5404541 615 615 653 614 653 575 4486 3140 6170 123 165 -190 -64 90 -11
1533769816.61883 615 614 652 614 653 575 4600 3088 6036 106 136 17 -64 89 -11
1533769816.6856477 613 613 652 613 652 574 4410 3212 6168 214 55 -101 -63 90 -11
1533769816.7449918 613 612 652 613 651 574 4504 3134 6056 87 202 -34 -66 91 -10
1533769816.8076274 614 614 652 614 653 575 4506 3172 6036 129 110 -15 -63 90 -12
1533769816.8855817 614 612 652 614 652 574 4516 3138 6176 235 200 -29 -66 90 -11
1533769816.9523916 613 611 652 613 651 574 4494 3114 6104 187 67 -12 -64 90 -10
1533769817.0181224 612 611 652 613 650 574 4520 3206 6032 182 16 -49 -64 91 -12
1533769817.1201904 612 611 652 613 650 574 4516 3150 6126 177 107 -68 -64 89 -10
1533769817.152103 612 612 652 612 650 574 4520 3134 6090 186 70 3 -64 88 -14
1533769817.2131324 611 611 652 612 650 574 4480 3124 6164 279 77 -25 -63 90 -12
1533769817.2756715 611 611 652 612 650 574 4536 3152 6016 217 259 148 -66 88 -13
1533769817.3355818 613 612 652 613 651 574 4442 3160 6106 240 0 5 -63 90 -13
1533769817.4123144 614 612 652 614 651 575 4524 3154 6002 225 192 -14 -63 89 -14
1533769817.4750566 614 612 652 614 651 575 4506 3190 6030 240 109 23 -64 89 -12
1533769817.5375528 614 612 652 614 651 575 4530 3156 6058 183 301 -45 -63 88 -10
1533769817.610645 615 613 652 614 652 575 4536 3170 5994 192 165 53 -63 92 -12
1533769817.6784637 615 613 652 614 653 575 4488 3140 6140 204 210 -19 -62 88 -12
1533769817.7536116 615 613 652 614 653 575 4492 3150 6034 145 96 -75 -63 90 -13
1533769817.7960224 614 613 652 614 652 575 4502 3164 6142 163 102 18 -64 91 -12
1533769817.8767073 616 614 652 614 653 575 4494 3192 6062 249 203 -48 -62 90 -14
1533769817.9290965 616 614 652 615 653 575 4510 3118 6076 128 320 -44 -63 90 -13
1533769818.0128233 617 616 653 616 655 576 4608 3104 6012 -188 523 -268 -65 90 -13
1533769818.074768 617 616 653 616 655 576 4468 3084 6164 195 589 19 -65 89 -10
1533769818.1458776 618 617 653 616 655 576 4444 3104 6146 59 119 -167 -61 91 -13
1533769818.2125256 618 617 652 616 655 576 4384 3118 6054 191 -225 163 -62 91 -13
1533769818.2750309 618 616 653 616 655 576 4734 3070 6102 155 -289 42 -60 89 -12
1533769818.3377523 618 616 653 616 655 576 4482 3142 6046 91 -110 527 -63 92 -10
1533769818.4281297 618 615 653 616 654 575 4536 2992 6312 263 -242 495 -64 91 -11
1533769818.4751425 614 613 653 614 652 574 4564 2958 6122 226 -1246 -276 -64 89 -12
1533769818.5531013 595 604 651 600 638 567 4548 3158 6014 429 -344 232 -66 89 -13
1533769818.6221578 595 604 651 600 638 566 4638 3036 5944 282 339 520 -65 87 -12
1533769818.6888847 594 605 652 603 640 568 4592 2958 6080 253 -27 -40 -63 89 -12
1533769818.7438097 598 605 653 602 639 567 4694 3088 6092 243 51 -40 -63 86 -13
1533769818.8219166 596 604 653 602 638 567 4592 3126 6034 100 736 320 -64 88 -12
1533769818.8883517 589 601 652 596 632 564 4534 3086 6122 180 421 74 -63 88 -12
1533769818.944938 590 604 652 594 633 564 4578 3054 6016 302 87 -139 -65 88 -14
1533769819.0219264 593 604 653 598 636 566 4598 3012 6184 327 65 -448 -65 90 -12
1533769819.1112268 601 606 654 605 641 568 4816 2916 6318 1875 858 -856 -64 88 -14
1533769819.146595 605 611 653 606 644 570 4246 2934 6260 323 -1572 -734 -66 87 -14
1533769819.228601 603 609 653 606 644 570 4748 3108 5798 -255 -907 -713 -64 90 -12
1533769819.2910867 605 613 653 606 646 571 4530 3282 5938 98 121 125 -65 90 -13
1533769819.3652523 603 610 653 605 645 570 4588 3186 5990 107 135 -141 -66 88 -14
1533769819.42906 605 612 653 606 646 571 4576 3162 5972 157 95 -36 -64 88 -13
1533769819.4915462 605 611 653 606 646 571 4604 3224 5936 168 166 -83 -65 89 -12
1533769819.5540817 601 610 652 603 643 570 4632 3130 6014 76 129 -1 -65 89 -16
1533769819.6295826 599 610 653 601 643 569 4562 3192 6012 77 239 -74 -65 90 -14
1533769819.694373 599 610 652 602 643 569 4650 3196 5976 181 -2 33 -65 90 -16
1533769819.7756956 598 611 652 601 643 569 4620 3168 5994 199 169 -78 -64 89 -12
1533769819.822474 599 612 652 601 644 570 4596 3286 5876 182 -138 -74 -66 88 -10
1533769819.89453 603 611 653 605 645 570 4608 3152 6036 64 234 -86 -64 90 -8
1533769819.944854 600 610 652 602 643 569 4574 3214 5834 177 83 13 -66 88 -13
1533769820.0266902 600 610 652 602 643 569 4588 3158 6064 210 306 -74 -63 88 -13
1533769820.0855808 600 610 652 603 643 570 4590 3182 5988 115 100 35 -65 88 -14
1533769820.1467648 600 609 652 603 643 569 4544 3244 5912 190 200 -81 -63 91 -11
1533769820.2144651 601 610 652 604 643 570 4568 3136 5952 139 87 -22 -65 88 -10
1533769820.276954 602 610 652 604 645 570 4616 3152 5946 211 219 77 -66 88 -12
1533769820.3576362 601 610 652 604 643 570 4562 3192 6004 192 141 -5 -64 87 -12
1533769820.4424996 603 611 652 605 645 571 4578 3132 5998 132 249 -26 -65 89 -11
1533769820.4893687 613 613 653 613 651 574 4606 3174 5948 174 4 -64 -66 89 -11
1533769820.5518506 614 613 654 614 652 575 4560 3184 5998 190 225 10 -63 90 -11
1533769820.6224878 614 614 654 614 651 575 4558 3170 6056 210 444 -48 -62 88 -13
1533769820.6878731 607 611 653 608 647 572 4606 3156 5972 129 88 51 -62 89 -12
1533769820.7439582 608 611 653 609 647 572 4552 3204 5980 207 190 -90 -65 91 -14
1533769820.8218317 614 612 653 615 651 575 4556 3084 6036 -27 50 -337 -65 90 -14
1533769820.8873549 613 611 653 614 650 574 4544 3200 5996 104 64 -92 -64 87 -14
1533769820.943751 619 613 654 619 651 581 4572 3152 6124 231 20 -44 -63 90 -13
1533769821.0202591 679 633 664 681 664 671 4596 3118 5988 192 128 33 -64 89 -11
1533769821.1004975 683 635 664 684 664 675 4560 3182 5986 234 83 -51 -64 89 -13
1533769821.1455522 681 634 664 684 663 676 4536 3142 6046 173 185 -104 -62 89 -11
1533769821.2126527 677 633 664 680 659 675 4588 3170 5934 129 307 59 -63 90 -12
1533769821.2751384 678 634 664 683 661 677 4524 3174 5984 205 -41 -30 -61 89 -14
1533769821.3550313 679 634 664 683 661 676 4562 3202 5996 187 124 -126 -63 89 -12
1533769821.4127183 675 633 664 680 659 676 4566 3170 6046 188 176 17 -64 89 -13
1533769821.4752052 668 632 663 675 655 675 4530 3146 6050 173 149 -31 -63 88 -12
1533769821.5535674 686 635 665 689 666 679 4210 3658 6416 462 266 107 -63 88 -11
1533769821.6216738 681 634 664 685 662 677 4408 3186 5902 111 160 310 -64 89 -12
1533769821.6903942 683 634 665 686 664 675 4374 3276 6064 70 145 267 -65 88 -11
1533769821.7599466 675 631 664 679 661 666 4780 3116 6172 193 1317 317 -65 90 -11
1533769821.822433 673 629 664 678 659 664 4476 3118 6008 337 895 -295 -63 92 -11
1533769821.8928325 663 625 663 664 658 643 4578 3132 6306 878 508 -683 -62 88 -14
1533769821.9607472 616 612 655 617 649 577 4412 3234 5918 172 424 -262 -63 94 -12
1533769822.024601 597 607 653 599 634 567 4350 3216 6184 37 716 142 -62 90 -15
1533769822.0879593 583 603 652 589 628 563 4242 3210 6034 266 245 231 -62 95 -10
1533769822.1465018 570 598 651 581 621 559 4448 3188 6162 385 -56 -221 -64 92 -12
1533769822.2284975 568 599 650 580 620 558 4570 3260 6142 190 -74 -194 -64 92 -12
1533769822.2908056 592 606 653 599 637 567 4734 3154 6516 -504 -1481 -2402 -64 91 -10
1533769822.3698819 621 616 656 618 654 576 4120 3490 6248 1027 50 1859 -61 91 -13
1533769822.4448295 622 615 656 620 654 576 4844 3188 5724 -114 -1045 -160 -62 92 -12
1533769822.5073168 621 615 656 619 653 576 4514 3342 5968 137 201 319 -64 90 -12
1533769822.5698035 619 613 655 618 651 575 4642 3226 5906 243 -121 141 -63 90 -11
1533769822.6427827 618 615 655 616 652 575 4560 3342 5856 253 180 68 -63 90 -13
1533769822.6970217 656 629 661 652 662 625 4592 3214 5914 9 367 -52 -65 88 -12
1533769822.7594995 655 627 662 654 659 629 4568 3278 6030 110 -47 -69 -65 87 -14
1533769822.8376064 658 629 662 656 661 631 4618 3256 5924 154 -64 -126 -63 91 -12
1533769822.9070835 652 627 661 651 657 628 4588 3204 5962 210 254 8 -64 88 -12
1533769822.9610233 657 629 662 655 661 630 4636 3236 5938 181 75 -7 -65 89 -10
1533769823.0362918 656 626 661 656 660 631 4604 3246 5982 163 92 4 -64 89 -12
1533769823.1154068 656 626 661 656 659 631 4606 3244 5952 117 140 0 -64 89 -13
1533769823.1682668 657 626 661 657 660 631 4600 3212 5940 119 151 -75 -64 90 -12
1533769823.2286136 657 626 661 656 661 631 4548 3274 5946 305 -54 49 -66 90 -13
1533769823.2912867 657 627 662 657 661 632 4602 3192 6008 206 192 -37 -64 90 -12
1533769823.3656604 661 629 662 659 662 634 4588 3248 5896 252 30 56 -62 89 -11
1533769823.429254 661 629 662 660 663 634 4570 3214 6034 207 -14 -134 -64 90 -13
1533769823.4917333 661 630 662 660 663 634 4632 3182 5890 102 89 -18 -64 90 -13
1533769823.5543647 664 633 662 661 666 636 4548 3286 5866 281 -40 -5 -64 89 -13
1533769823.6332898 663 630 662 661 664 636 4576 3244 6040 131 140 -43 -65 90 -12
1533769823.6974003 662 629 662 661 663 635 4598 3258 5950 186 259 26 -65 87 -12
1533769823.7755077 663 630 662 661 664 636 4588 3256 5984 227 95 -6 -65 88 -11
1533769823.8223872 662 628 662 661 662 635 4636 3222 5842 158 271 49 -63 88 -12
1533769823.8946898 662 628 662 661 663 635 4610 3260 5952 204 36 -1 -65 90 -13
1533769823.9607751 661 628 662 661 662 635 4642 3222 5928 246 309 48 -64 87 -12
1533769824.02693 662 628 662 661 662 635 4590 3282 5954 195 196 35 -66 90 -11
1533769824.0848129 662 628 661 660 663 633 4614 3270 5964 252 53 -40 -63 88 -13
1533769824.1593218 661 629 661 660 663 634 4610 3210 5908 110 328 -3 -63 89 -12
1533769824.2128348 663 630 662 662 664 636 4594 3236 5970 95 221 -43 -64 90 -12
1533769824.28294 662 629 662 662 663 636 4596 3244 5898 252 29 -7 -63 88 -12
1533769824.3411856 662 628 661 662 662 636 4592 3256 5970 249 80 -86 -63 87 -9
1533769824.4462073 662 628 661 662 662 636 4618 3200 5960 75 206 -66 -63 89 -13
1533769824.493071 661 627 661 661 661 635 4582 3206 5928 99 384 -90 -65 87 -13
1533769824.5399354 660 626 661 661 660 635 4522 3272 5946 205 233 -89 -63 92 -12
1533769824.6203864 660 626 661 661 660 634 4504 3258 5996 204 205 12 -64 89 -10
1533769824.680255 659 625 661 660 659 634 4614 3590 6478 219 464 1293 -64 89 -12
1533769824.742741 655 624 661 657 657 632 4422 3196 5990 199 648 346 -63 90 -12
1533769824.8210468 649 622 660 652 654 629 4278 3270 5848 161 292 480 -62 91 -12
1533769824.8892777 644 620 659 646 652 618 4632 3114 6126 443 1030 622 -63 91 -9
1533769824.9443824 661 627 663 663 658 640 4342 3258 6048 396 665 299 -64 88 -11
1533769825.0250344 653 627 663 656 656 636 4644 3084 6258 -109 164 339 -63 92 -13
1533769825.1100857 591 603 653 599 630 566 4410 3198 6032 299 103 -209 -64 91 -13
1533769825.1472943 569 597 651 583 620 558 4392 3216 6038 587 166 -340 -64 91 -14
1533769825.2137218 568 598 651 580 618 556 4438 3226 6086 315 -32 -213 -62 92 -14
1533769825.2960792 567 599 652 580 619 557 4680 3124 6170 72 -691 -358 -64 91 -13
1533769825.3613276 568 600 652 580 620 557 4716 3064 6104 -54 -1947 -606 -63 92 -13
1533769825.4288948 600 611 655 603 642 568 3506 3246 5404 513 840 782 -64 89 -14
1533769825.4915943 603 613 654 604 644 570 4830 3124 5864 682 -2683 853 -62 89 -14
1533769825.5694857 603 609 655 606 643 570 4930 3240 5546 -290 197 -319 -63 90 -13
1533769825.6380172 606 610 654 607 644 570 4648 3252 5996 78 119 -10 -63 88 -13
1533769825.695714 613 611 655 613 648 573 4830 3196 5756 192 113 -130 -64 87 -13
1533769825.7894745 611 611 655 612 647 572 4646 3312 5762 137 296 63 -65 86 -14
1533769825.8364434 616 611 655 616 650 574 4740 3216 5860 116 262 -64 -65 86 -11
1533769825.9067416 619 613 656 618 652 575 4710 3262 5880 -6 203 -224 -65 86 -16
1533769825.9607697 620 613 656 618 652 575 4756 3224 5788 100 55 -57 -64 90 -10
1533769826.0382948 618 615 655 615 651 574 4692 3228 5896 81 70 -193 -66 88 -13
1533769826.0890343 616 614 655 614 651 574 4740 3254 5852 253 224 49 -64 89 -13
1533769826.1690555 617 614 655 616 652 574 4658 3284 5850 144 28 31 -64 88 -13
1533769826.2281 618 614 655 616 652 574 4704 3204 5808 74 209 -89 -66 88 -10
1533769826.2907064 610 609 654 612 646 572 4674 3276 5840 209 59 -63 -64 87 -12
1533769826.3636215 611 610 654 611 646 572 4740 3182 5812 159 196 -91 -65 86 -12
1533769826.441728 611 612 654 611 647 572 4672 3242 5902 244 136 35 -64 89 -13
1533769826.4885921 615 612 655 615 649 575 4686 3218 5834 208 339 44 -65 88 -12
1533769826.5510774 642 623 659 640 657 611 4692 3254 5844 209 103 14 -65 88 -10
1533769826.6322105 693 641 667 688 669 680 4714 3248 5832 228 184 38 -62 88 -14
1533769826.697977 690 638 667 688 667 678 4696 3274 5848 253 44 -17 -65 88 -10
1533769826.7606668 694 641 668 691 670 681 4734 3216 5958 159 171 4 -64 85 -10
1533769826.823151 694 640 668 692 669 683 4668 3210 5894 186 86 -3 -63 89 -13
1533769826.8936024 693 640 668 692 669 683 4786 3224 5790 214 173 72 -62 88 -13
1533769826.960534 693 639 668 692 668 683 4678 3262 5904 221 138 -48 -64 86 -13
1533769827.0257485 693 639 668 692 668 683 4684 3266 5844 234 149 65 -64 88 -12
1533769827.1217418 694 640 668 693 668 684 4678 3250 5890 210 155 -4 -62 88 -12
1533769827.158643 692 638 668 692 666 683 4776 3286 5792 207 197 98 -63 88 -14
1533769827.2267141 692 637 667 692 666 683 4666 3258 5900 229 122 -115 -66 87 -13
1533769827.2936494 690 638 667 691 665 683 4710 3236 5842 123 269 13 -65 90 -14
1533769827.3594391 690 638 667 691 666 683 4704 3200 5946 236 74 -48 -64 87 -10
1533769827.4134192 691 640 667 690 667 684 4676 3222 5838 194 69 -28 -64 88 -12
1533769827.49156 691 640 667 691 667 684 4678 3210 5846 154 155 14 -64 87 -11
1533769827.5542724 694 640 668 694 669 684 4680 3224 5898 223 14 -62 -64 88 -12
1533769827.6244352 694 640 668 693 668 685 4722 3236 5844 168 194 -23 -63 88 -13
1533769827.6894343 692 640 668 692 666 684 4692 3218 5916 193 47 64 -64 87 -12
1533769827.7747657 695 640 668 695 669 685 4706 3228 5880 150 260 -30 -64 88 -11
1533769827.8216295 695 640 668 695 669 685 4728 3224 5874 159 311 45 -64 88 -13
1533769827.8892877 695 640 668 695 669 685 4658 3246 5878 159 201 -40 -65 87 -11
1533769827.944023 696 640 668 696 669 686 4724 3218 5798 183 135 12 -63 88 -9
1533769828.021081 696 640 668 696 669 685 4702 3184 5872 189 258 -51 -65 89 -14
1533769828.0743062 695 639 668 695 668 685 4632 3244 5822 133 529 -74 -64 86 -13
1533769828.1469226 694 638 668 695 667 685 4634 3262 5926 174 507 111 -62 88 -12
1533769828.2122772 694 638 668 695 667 684 4682 3202 5950 167 433 56 -66 90 -11
1533769828.2746491 694 638 667 695 667 684 4444 3282 5948 -151 127 -20 -64 87 -12
1533769828.3594391 694 638 668 695 667 684 3568 3356 6390 281 -1093 -269 -63 88 -12
1533769828.4436634 683 635 667 686 661 679 4584 3140 5832 201 565 409 -62 88 -12
1533769828.4905276 683 635 667 686 662 678 4406 3302 5796 -15 1430 922 -62 89 -12
1533769828.5530128 689 635 668 691 666 674 4548 3058 6134 302 1305 389 -63 86 -10
1533769828.6292026 668 629 664 665 655 646 4598 3026 6072 674 200 50 -62 93 -12
1533769828.6970198 595 605 654 603 634 571 4416 3282 6062 513 -426 -1076 -62 92 -10
1533769828.759528 582 599 652 593 625 563 4430 3220 6072 7 364 -568 -62 93 -13
1533769828.821992 575 601 652 585 623 561 4354 3228 6182 291 544 309 -60 91 -11
1533769828.897194 565 594 651 578 613 556 4404 3214 6148 253 30 85 -62 91 -13
1533769828.960815 554 584 650 573 603 552 4622 3220 5932 255 -62 -12 -60 91 -13
1533769829.0305443 562 592 650 575 610 555 4552 3172 6074 104 31 571 -62 92 -13
1533769829.1132426 581 605 654 593 633 566 4582 2854 6404 -105 -2113 -1500 -63 88 -10
1533769829.1736898 604 612 655 604 642 570 4134 3452 5962 1690 -1930 1629 -61 92 -13
1533769829.2293265 626 618 659 629 646 605 4972 3222 5420 321 -1922 -48 -63 89 -11
1533769829.3094883 642 621 661 641 655 610 4802 3224 5792 0 -118 -102 -66 86 -11
1533769829.3799934 643 620 661 643 655 611 4864 3110 5878 338 -1028 -248 -63 88 -12
1533769829.4455523 641 620 660 642 655 609 4942 3330 5592 417 -1108 -122 -65 85 -14
1533769829.5080943 644 623 661 643 657 610 5036 3316 5788 699 -1472 -500 -65 84 -11
1533769829.586261 643 623 660 643 658 610 5130 3244 5482 668 -1530 -86 -65 81 -13
1533769829.646497 641 621 660 640 657 606 5122 3318 5202 348 -1152 -269 -67 80 -13
1533769829.7276728 672 631 665 671 663 650 5212 3366 5338 526 -462 -184 -66 81 -13
1533769829.8057785 679 634 666 677 665 658 5334 3400 5530 999 -2634 -726 -67 80 -15
1533769829.8698483 682 635 667 681 666 662 5418 3444 4704 533 -5645 -1486 -66 78 -15
1533769829.929678 680 635 667 678 667 658 5526 3606 4738 168 -699 -597 -67 77 -15
1533769830.0107286 679 633 667 679 665 660 5636 3600 4826 -425 -1175 -945 -69 76 -16
1533769830.075034 679 634 667 678 665 657 5826 3612 5026 180 -1727 -854 -67 75 -16
1533769830.1472106 678 635 666 675 668 653 5802 3366 4404 982 -6807 -3327 -67 72 -17
1533769830.219389 683 637 667 680 669 660 5796 4078 4476 398 -633 659 -69 72 -18
1533769830.2830546 682 635 667 681 668 661 5844 4102 3948 913 -5196 -1445 -71 70 -18
1533769830.3608956 682 635 667 681 668 662 4908 2934 4750 -788 -138 2163 -70 68 -19
1533769830.4274497 675 633 666 675 663 661 6112 3806 3052 -1707 949 -834 -71 63 -20
1533769830.505553 673 634 666 674 663 660 5456 4160 4166 -1532 -2078 -169 -70 65 -21
1533769830.5680606 652 627 662 653 658 627 6480 3758 4520 1421 -1322 742 -71 64 -18
1533769830.6441302 672 634 665 671 665 655 5886 3744 3570 1882 -1079 445 -69 64 -17
1533769830.7127492 679 638 667 676 668 659 6656 3430 3736 -178 -740 2317 -72 59 -20
1533769830.7752273 671 635 666 671 666 651 6522 3888 3724 233 137 1225 -71 57 -21
1533769830.8377137 664 632 664 664 664 641 6206 3598 3348 -122 1872 -193 -72 58 -19
1533769830.9120193 648 627 662 646 661 618 6206 3648 3660 -15 485 258 -72 58 -20
1533769830.9902108 618 617 656 619 654 578 6262 3650 3410 -1274 1423 248 -72 58 -18
1533769831.0604506 613 614 655 613 651 575 6036 3488 3872 -1057 733 -292 -71 59 -19
1533769831.1326544 620 617 656 619 655 577 6304 3326 4060 -877 -393 -563 -69 60 -17
1533769831.2131584 621 618 657 619 657 577 6118 3504 3914 -128 -654 -521 -70 59 -17
1533769831.2601366 617 616 656 617 654 576 6042 3548 3640 -60 -698 -669 -66 62 -15
1533769831.3381295 619 616 656 618 655 576 6358 3418 4014 340 -933 -334 -69 59 -15
1533769831.3965 620 616 656 618 655 577 6452 3534 3846 228 430 29 -69 58 -19
1533769831.4592285 615 615 656 614 651 575 6054 3736 3784 46 623 -62 -68 58 -17
1533769831.5370903 613 614 655 613 652 575 6286 3220 3962 114 147 225 -68 60 -17
1533769831.6034665 618 615 656 617 654 576 6138 3678 4206 385 948 91 -69 58 -16
1533769831.6712875 618 615 656 617 653 576 6228 3380 3866 -51 576 636 -66 59 -15
1533769831.726488 618 615 656 617 654 576 6238 3440 3946 -657 -761 -663 -68 59 -15
1533769831.8048623 617 615 656 617 653 576 6216 3710 3920 21 588 643 -66 60 -14
1533769831.9018822 617 615 656 616 653 575 6290 3330 4066 -155 379 276 -67 57 -14
1533769831.945205 617 614 655 616 652 575 6282 3282 3980 353 156 -109 -65 60 -14
1533769832.009413 614 613 655 614 651 574 6208 3426 4088 313 -47 -9 -67 60 -15
1533769832.0699234 612 613 655 612 649 573 6252 3384 3950 -76 471 179 -68 60 -15
1533769832.1438048 613 613 655 613 650 574 6064 3458 3934 138 -28 -143 -66 58 -15
1533769832.1970813 614 613 655 614 650 574 6294 3380 4094 211 -356 82 -65 62 -14
1533769832.2751908 615 614 655 615 651 574 6250 3376 4020 436 360 -288 -67 59 -14
1533769832.3401918 615 614 655 615 651 574 6292 3484 3810 -104 437 97 -69 58 -15
1533769832.4123542 614 613 655 614 650 574 6112 3382 4126 13 196 244 -67 63 -14
1533769832.47624 614 612 655 614 650 574 6278 3190 4052 159 417 445 -68 59 -15
1533769832.5543442 613 612 655 614 649 574 6102 3496 4010 200 259 -176 -67 60 -14
1533769832.6159284 612 611 655 613 648 573 6278 3416 4074 -86 124 -208 -66 59 -17
1533769832.6829507 612 611 655 613 649 573 6288 3340 4034 -157 223 97 -67 59 -14
1533769832.7430449 614 611 655 614 650 574 6200 3396 4092 -16 108 -217 -67 60 -15
1533769832.8054998 614 611 655 615 649 574 6210 3396 3946 93 177 -56 -69 62 -14
1533769832.8826659 614 611 655 615 650 574 6138 3454 4024 62 216 -74 -66 62 -12
1533769832.9462984 614 611 655 615 649 574 6160 3248 4252 250 235 256 -64 60 -13
1533769833.0170574 614 611 655 615 649 574 6226 3302 4080 350 365 346 -64 62 -13
1533769833.0767796 614 611 655 615 649 574 6262 3388 3888 95 28 -107 -64 62 -12
1533769833.1508365 615 611 655 616 649 574 6212 3426 4048 -67 247 -117 -65 62 -14
1533769833.226338 615 611 655 616 649 574 6216 3242 4222 339 -118 -161 -64 62 -15
1533769833.2782753 614 611 655 616 649 574 6206 3398 4096 502 451 -69 -66 60 -14
1533769833.3540354 614 610 655 615 649 574 6212 3438 4004 185 525 642 -66 60 -13
1533769833.4115925 614 610 655 615 649 574 6248 3158 4170 -131 249 203 -66 62 -12
1533769833.4740765 615 611 655 616 649 574 6238 3160 4366 86 820 542 -63 61 -15
1533769833.5521848 615 611 655 616 649 574 6138 3346 4086 266 350 122 -63 59 -12
1533769833.6208797 615 611 655 616 649 574 6356 3256 4102 149 -35 66 -65 61 -14
1533769833.678159 615 611 655 616 649 574 6184 3250 4224 -78 395 43 -65 61 -14
1533769833.7406416 615 611 655 616 649 574 6246 3164 4364 127 70 -322 -66 59 -11
1533769833.8214202 615 611 655 616 649 574 6170 3300 4156 529 -245 57 -64 59 -13
