1534181661.8695283 681 600 642 724 634 723 4688 6950 774 430 234 212 -103 31 -21
1534181661.9364386 681 600 642 724 634 723 4674 6900 576 170 185 43 -104 30 -21
1534181662.0040278 681 600 642 724 634 723 4610 6826 698 199 133 -182 -105 28 -22
1534181662.0694845 681 600 642 724 634 723 4670 6900 654 108 66 22 -105 32 -20
1534181662.1371524 681 600 642 724 634 723 4712 6878 762 513 -772 573 -104 31 -20
1534181662.2034917 681 600 643 724 634 722 4812 6862 448 -26 -144 278 -106 30 -22
1534181662.2727575 681 600 642 724 634 723 4674 6890 724 25 -754 -14 -103 28 -22
1534181662.3386967 681 600 642 724 634 722 4548 6846 782 8 -155 178 -104 29 -20
1534181662.4041486 681 600 642 724 634 722 4628 6910 668 894 76 607 -103 31 -21
1534181662.4711137 681 600 642 724 634 722 4742 6558 470 543 610 195 -103 27 -21
1534181662.6143377 681 600 642 724 634 723 4788 6760 290 -287 1120 -149 -104 28 -19
1534181662.6774693 681 600 642 724 634 723 4742 6854 806 -565 752 -590 -106 30 -21
1534181662.744197 682 600 642 724 634 722 4552 6654 770 -356 695 369 -104 28 -21
1534181662.824547 681 600 642 724 634 723 4888 6896 960 -674 1674 469 -107 28 -19
1534181662.881183 681 600 642 724 634 723 4482 7056 1098 138 1596 173 -104 30 -19
1534181662.920761 681 600 642 724 634 723 4948 7012 1146 3273 -3081 965 -101 31 -16
1534181662.9886801 681 600 642 724 634 723 4972 6300 330 214 1715 578 -104 28 -19
1534181663.0261285 681 600 642 724 634 723 4622 6904 862 -1687 -53 -508 -102 29 -23
1534181663.0927396 681 600 642 724 634 722 4888 7032 926 -638 417 -1 -102 25 -22
1534181663.1625516 681 600 642 724 634 723 4892 6938 870 -64 -1120 -32 -104 29 -15
1534181663.2406464 681 600 642 724 634 723 4730 6854 1038 501 -1063 -331 -101 30 -17
1534181663.3050833 681 600 642 723 634 723 4518 6500 710 -816 297 -527 -104 29 -19
1534181663.3713892 681 600 642 724 634 723 4560 7046 1514 819 -608 374 -105 29 -16
1534181663.4446464 681 600 642 724 634 723 4892 6686 552 530 1593 458 -104 29 -14
1534181663.510233 681 600 642 723 634 723 4750 6566 804 -910 532 -732 -104 29 -17
1534181663.5806086 681 600 642 724 634 722 4480 7030 1450 -550 1444 -341 -106 30 -15
1534181663.647291 681 600 642 724 634 722 4528 6738 854 905 661 630 -102 31 -14
1534181663.7103364 681 600 642 723 633 723 5066 6816 970 -6 44 7 -103 29 -15
1534181663.7805803 681 600 642 724 634 723 4500 6962 1154 -257 633 -405 -102 30 -14
1534181663.8507035 681 600 642 723 634 722 4706 6814 1046 217 -412 -113 -100 30 -12
1534181663.9223998 681 600 642 724 634 722 4616 6776 1116 140 -496 -144 -106 31 -14
1534181663.990013 681 600 642 724 634 722 4676 6790 1078 266 -283 117 -104 30 -14
1534181664.0582438 681 600 642 723 634 722 4524 6710 1112 -31 326 -51 -104 32 -15
1534181664.1264973 681 600 642 723 634 723 4580 6848 1070 449 195 372 -104 29 -12
1534181664.1935415 681 600 642 724 634 723 4776 6884 1060 150 362 15 -105 28 -14
1534181664.2624023 681 600 642 723 634 723 4596 6792 1076 332 295 119 -104 29 -13
1534181664.3274317 681 600 642 723 634 723 4754 6792 998 219 70 153 -104 27 -13
1534181664.399035 681 600 642 723 634 723 4628 6728 1230 350 -138 105 -102 29 -14
1534181664.46313 681 600 642 724 634 722 4860 6936 1100 266 70 -83 -104 30 -15
1534181664.5324652 681 600 642 723 634 722 4578 6818 1218 276 248 -91 -104 29 -14
1534181664.6001158 681 600 642 723 634 723 4742 6724 998 422 39 315 -104 31 -14
1534181664.6934075 681 600 642 723 634 723 4842 6912 916 -21 -176 -115 -103 29 -15
1534181664.7830298 682 600 642 723 634 723 4530 6804 1106 377 -23 -22 -103 31 -14
1534181664.8430228 681 600 642 723 634 723 4728 6684 1018 85 191 -68 -105 29 -14
1534181664.8791776 681 600 642 723 634 723 4606 6844 1078 260 306 41 -103 30 -16
1534181664.9362867 681 600 642 723 634 723 4710 6830 1036 347 352 130 -105 32 -15
1534181665.0039632 681 600 642 723 634 723 4708 6774 1038 76 169 -83 -103 27 -17
1534181665.0698988 681 600 642 723 634 723 4672 6812 1048 123 40 21 -103 29 -13
1534181665.1375077 681 600 642 723 634 723 4630 6774 1130 300 168 -15 -104 30 -15
1534181665.206165 681 600 642 723 634 723 4772 6742 1038 137 174 -75 -103 28 -13
1534181665.2763476 681 600 642 723 634 723 4568 6838 1058 279 197 108 -106 30 -14
1534181665.3684013 681 600 642 723 634 723 4732 6740 1080 197 94 -127 -105 29 -13
1534181665.4701538 681 600 642 723 634 723 4696 6938 1096 317 291 233 -106 30 -13
1534181665.546246 681 600 642 723 634 723 4758 6714 904 193 -20 -155 -104 29 -15
1534181665.6089826 681 600 642 723 634 722 4560 6830 1220 143 165 -77 -105 29 -15
1534181665.649117 681 599 642 723 634 723 4696 6768 996 228 149 79 -103 29 -16
1534181665.6874566 681 600 642 723 634 723 4608 6814 1092 120 333 -68 -104 30 -14
1534181665.7494903 681 600 642 723 634 723 4714 6742 1052 172 196 -64 -103 30 -12
1534181665.8152785 681 600 642 723 634 723 4718 6824 1050 243 382 48 -104 28 -13
1534181665.8839076 681 600 642 723 634 723 4612 6796 1168 171 197 -30 -104 29 -12
1534181665.9663339 681 600 642 724 634 723 4804 6952 1096 364 285 126 -103 32 -13
1534181666.0270054 681 600 642 723 634 723 4614 6764 1150 38 240 -169 -103 30 -14
1534181666.0860329 681 600 642 723 634 723 4538 6796 1096 222 75 26 -103 31 -14
1534181666.1536345 681 599 642 723 634 723 4666 6790 1142 185 163 -29 -104 29 -13
1534181666.2220213 681 600 642 723 634 723 4596 6938 1190 322 209 152 -105 31 -12
1534181666.2888827 680 600 642 723 634 723 4690 6810 1088 89 30 -136 -105 30 -14
1534181666.3590631 681 600 642 723 634 723 4026 6656 1092 -12 2459 1530 -104 32 -13
1534181666.4323037 681 599 641 722 633 722 4230 4934 1076 -2254 -743 -2949 -103 30 -14
1534181666.502988 680 599 641 722 633 722 4884 5590 1024 737 478 -3667 -102 28 -10
1534181666.574397 679 599 640 722 632 721 1996 6688 1434 518 -2268 -705 -100 27 -10
1534181666.6644921 677 596 639 720 630 721 814 6926 864 -505 3755 1828 -100 33 -12
1534181666.7491918 676 595 638 720 630 720 2534 9098 1740 97 -4731 137 -101 41 -11
1534181666.795992 676 595 638 719 629 720 4318 7938 1388 -1161 -97 -671 -97 42 -8
1534181666.8503466 676 596 639 720 630 721 4492 6922 1812 4942 -6226 313 -97 44 -3
1534181666.9203336 677 597 640 721 630 722 4236 6848 -672 -476 -1071 5333 -98 39 -8
1534181666.9928005 679 598 641 722 632 722 2238 8490 2128 2302 -4981 2675 -99 36 -13
1534181667.0598476 679 598 641 722 632 721 4856 5762 618 14 3485 6036 -104 34 -10
1534181667.1319716 679 598 640 721 632 721 5376 6546 -192 -164 -2549 2301 -103 29 -14
1534181667.2017858 679 598 640 722 632 721 5528 7154 2072 281 1074 -73 -101 26 -12
1534181667.2698429 679 598 640 721 632 721 4316 6346 562 470 2364 754 -103 26 -10
1534181667.338665 679 598 640 721 632 721 5604 6660 984 792 -1623 391 -100 24 -10
1534181667.4094234 680 598 640 721 632 722 5000 6554 1138 768 -230 -417 -102 22 -13
1534181667.4773114 680 598 640 722 632 721 4628 6386 468 711 1518 174 -106 24 -11
1534181667.5442207 680 598 640 722 632 722 4948 6410 778 402 689 399 -104 23 -13
1534181667.6118853 680 598 640 722 631 721 5190 6656 936 121 -16 -206 -103 24 -15
1534181667.6834154 680 598 640 722 632 721 4790 6266 840 -802 -690 -203 -105 21 -13
1534181667.752037 680 598 640 722 632 721 4854 6734 1002 -640 215 -54 -102 21 -12
1534181667.8189414 680 598 640 721 632 721 5086 6664 916 456 393 777 -104 24 -11
1534181667.8870902 680 598 640 721 632 721 5094 6536 744 -75 199 -171 -102 23 -12
1534181667.9528747 679 598 641 722 632 721 4970 6708 932 138 14 314 -101 25 -12
1534181668.0847094 679 598 640 722 632 722 5056 6456 964 596 91 75 -103 24 -10
1534181668.1769683 679 598 640 722 632 722 5092 6652 1060 -25 769 -371 -103 23 -11
1534181668.2361298 679 598 641 722 632 721 5020 6592 974 169 -4 85 -102 24 -11
1534181668.2707195 679 598 640 722 632 721 4918 6556 880 203 398 59 -102 24 -10
1534181668.308832 679 598 640 722 632 721 4878 6598 990 30 718 -315 -103 23 -9
1534181668.350797 679 598 640 722 632 722 5034 6718 1112 217 -29 184 -103 24 -9
1534181668.4200678 679 598 640 722 632 721 4958 6424 938 547 138 -243 -102 25 -11
1534181668.4876597 679 598 641 722 632 722 4982 6570 1164 250 710 -39 -103 25 -12
1534181668.5547812 679 598 641 722 632 721 5096 6576 862 -113 203 109 -103 25 -8
1534181668.6256566 679 598 640 722 632 721 4932 6560 1118 266 258 -252 -103 23 -10
1534181668.8239214 679 598 641 722 632 721 4880 6648 1028 168 774 181 -102 25 -10
1534181668.912729 679 598 641 721 632 722 4942 6410 980 261 -76 -10 -103 26 -10
1534181668.968731 679 598 640 722 632 722 5128 6492 1334 144 651 -279 -102 25 -9
1534181669.0036597 680 598 640 722 632 721 4838 6918 980 138 1000 -70 -103 27 -11
1534181669.0467873 679 598 641 722 632 722 4924 6382 1094 -235 132 -327 -105 26 -10
1534181669.0907423 680 598 641 722 632 721 4850 6490 1380 280 304 -63 -104 25 -10
1534181669.1339447 680 598 641 722 632 722 5044 6696 1078 127 649 -78 -102 25 -8
1534181669.1828 679 598 641 722 632 721 4784 6490 1252 228 -266 8 -102 27 -10
1534181669.2363315 679 598 641 721 632 722 5172 6702 1338 283 184 97 -104 26 -9
1534181669.3008268 680 598 641 722 632 722 4826 6554 1116 19 309 -112 -104 27 -10
1534181669.4366798 680 598 641 722 632 722 4866 6732 1386 150 -1 -205 -103 24 -10
1534181669.5226247 680 598 641 722 632 722 4940 6542 1134 245 827 166 -103 25 -9
1534181669.5918982 680 598 641 722 632 721 4806 6600 1214 210 -99 -144 -103 26 -8
1534181669.6275806 680 598 641 722 632 721 5092 6628 1340 215 260 131 -102 25 -9
1534181669.6657584 679 598 641 722 632 721 4840 6556 1236 40 508 -104 -104 25 -8
1534181669.7036557 680 598 641 722 632 722 4990 6684 1390 346 -16 36 -102 26 -9
1534181669.7697823 680 598 641 722 632 721 4856 6560 1188 31 425 -51 -103 26 -9
1534181669.8368125 680 598 641 722 632 722 4664 6574 1022 653 93 763 -104 26 -8
1534181669.9077592 679 598 640 721 632 721 5034 6268 1374 -283 1126 1518 -103 26 -10
1534181669.9798107 678 598 640 721 631 721 5332 5770 1978 731 -6073 -5957 -102 26 -8
1534181670.1557596 677 597 639 721 630 721 3426 6036 832 -1647 -413 -2212 -100 24 -7
1534181670.308683 675 594 638 719 628 720 4282 5994 830 -413 1568 -1545 -101 30 -5
1534181670.3749871 675 593 637 719 627 720 4050 7862 2176 -2869 4810 -1158 -98 29 -5
1534181670.410547 674 593 637 719 627 719 5120 7586 1682 1932 -4808 -1589 -95 37 0
1534181670.4470346 674 594 638 719 627 720 4770 7838 2242 3050 -3984 3597 -96 38 2
1534181670.4825885 675 595 639 720 628 721 4856 5740 -420 5750 -5508 6090 -97 35 -1
1534181670.5237143 678 596 639 720 630 721 6578 8182 3014 3494 55 -3864 -102 24 -11
1534181670.5678377 677 597 639 720 631 720 5026 6356 832 -1651 2573 2754 -100 23 -9
1534181670.6177893 678 597 639 721 631 721 4310 6694 710 -2085 -3925 172 -103 26 -9
1534181670.680721 677 597 639 720 631 720 5540 6462 1026 973 2779 135 -104 19 -10
1534181670.8316529 678 597 639 720 631 721 5142 6334 532 161 1087 51 -103 17 -6
1534181670.9006166 678 597 639 721 631 721 5166 6532 910 160 1073 37 -103 19 -9
1534181670.9685783 678 597 639 720 631 721 5372 6414 760 264 507 89 -102 20 -9
1534181671.0055232 678 597 639 721 631 720 5088 6370 830 64 441 -47 -103 21 -8
1534181671.039544 678 597 639 721 631 720 5204 6570 980 194 394 33 -102 20 -7
1534181671.0784607 678 597 639 721 631 721 5094 6300 820 249 412 -27 -102 21 -7
1534181671.1411402 678 597 639 721 631 721 5366 6378 1024 -45 341 -239 -103 19 -9
1534181671.2108054 678 597 639 721 631 721 5006 6432 960 -89 -172 -200 -102 21 -6
1534181671.275908 678 597 639 721 631 720 5212 6546 992 255 263 -65 -103 22 -7
1534181671.3436024 678 597 639 721 631 720 5020 6328 904 120 -25 -33 -102 22 -5
1534181671.477536 678 597 639 721 631 721 5126 6554 960 245 141 12 -106 22 -6
1534181671.5495274 679 597 639 721 631 720 5112 6466 1014 83 735 -44 -103 21 -8
1534181671.6164842 678 597 639 721 631 721 5060 6478 912 172 121 38 -103 21 -7
1534181671.6618721 678 597 639 721 631 720 5174 6528 1034 342 41 174 -103 21 -5
1534181671.6985867 678 597 639 721 631 720 5280 6544 978 507 -113 70 -104 23 -6
1534181671.736497 678 598 639 721 631 720 4938 6384 956 233 299 -190 -102 21 -5
1534181671.8026536 678 597 640 721 631 721 5140 6426 978 337 122 183 -104 18 -7
1534181671.8676693 678 597 639 721 631 720 5132 6488 1006 133 302 6 -106 22 -6
1534181671.9348912 678 597 640 721 631 721 5102 6482 1030 202 257 -80 -104 23 -5
1534181671.9996517 678 597 640 720 631 721 5204 6510 996 250 219 31 -103 22 -5
1534181672.1565719 679 597 640 721 631 720 5036 6456 898 89 117 -5 -104 22 -5
1534181672.2405984 679 598 640 721 631 721 5194 6530 1146 126 68 -7 -104 22 -7
1534181672.309471 679 597 640 721 631 721 5052 6518 986 281 257 -80 -103 21 -5
1534181672.3514812 679 597 639 721 631 721 4996 6312 966 -60 117 -273 -105 22 -7
1534181672.3874767 678 597 640 721 631 721 5232 6604 1204 79 666 35 -107 23 -6
1534181672.428401 679 597 640 721 631 720 5116 6524 1048 -240 766 -1 -101 22 -3
1534181672.4676123 679 597 640 721 631 720 5106 6484 1080 36 35 -93 -103 24 -4
1534181672.5269117 679 598 640 721 631 721 5146 6614 1308 -157 765 -143 -103 23 -2
1534181672.5945065 679 597 640 721 631 721 4914 6462 1124 131 571 -51 -103 23 -6
1534181672.659493 679 597 640 721 631 721 5092 6510 1170 19 297 21 -104 24 -4
1534181672.7650812 679 597 640 721 631 721 5054 6474 1200 -6 541 -66 -101 23 -3
1534181672.8524683 678 598 640 721 631 720 5128 6532 1216 -305 574 -152 -104 25 -3
1534181672.9285684 678 598 640 721 631 721 4788 6392 1240 -536 512 -141 -102 22 -1
1534181672.9674094 678 597 640 721 631 721 5132 6620 1446 362 -84 29 -105 25 -2
1534181673.0025046 679 597 640 721 631 720 4972 6476 1356 -39 609 54 -102 26 0
1534181673.0620384 678 597 640 721 631 721 4676 6254 1238 -131 798 -81 -102 23 -2
1534181673.1284225 679 597 640 721 631 721 5420 6626 1462 197 413 165 -103 25 0
1534181673.1969745 678 598 640 721 631 721 4690 6352 1284 -263 365 -326 -101 24 0
1534181673.2637537 679 597 640 721 631 721 5108 6564 1560 533 -356 212 -102 26 1
1534181673.3309135 679 597 640 721 631 721 4348 6396 1450 503 844 841 -99 25 -1
1534181673.4944024 679 598 640 721 631 721 4730 6438 1274 -412 2913 -347 -103 24 -1
1534181673.579394 678 597 640 721 631 721 4844 6740 1856 -1322 580 436 -104 24 -1
1534181673.6463494 678 597 640 720 630 721 4184 6238 1486 -1087 1966 -3613 -102 26 1
1534181673.6864276 677 596 639 720 630 721 5072 6502 1096 -354 -7563 983 -100 26 2
1534181673.7223597 676 595 639 720 628 720 4434 4778 678 25 4063 -2798 -101 28 3
1534181673.76251 674 593 638 719 626 719 3226 5776 1806 480 3714 -3084 -99 25 2
1534181673.8125343 673 592 637 718 625 719 3424 5472 1176 1721 1110 -694 -96 30 4
1534181673.879637 673 592 637 718 626 720 5156 7640 2646 2745 -1992 2095 -97 31 3
1534181673.9496398 673 592 637 719 626 720 6312 7322 1744 3831 -255 1492 -96 35 2
1534181674.0196207 674 593 638 719 627 720 3918 6390 238 2162 -1537 -3738 -97 32 -2
1534181674.2065728 676 595 639 720 629 721 5222 8438 2640 2197 -5327 4617 -101 28 -10
1534181674.2973983 676 596 639 720 630 721 6180 7576 2048 -1511 -15 7095 -104 34 -10
1534181674.3573446 677 596 639 720 630 720 4928 6686 840 -105 3306 -751 -103 25 -10
1534181674.3945556 677 596 639 720 630 720 5250 6336 1108 -262 96 898 -103 23 -9
1534181674.4373708 677 596 639 720 630 720 5298 6622 1204 -1019 -756 -168 -103 24 -7
1534181674.476323 677 596 639 720 630 720 4898 6594 1364 -698 -13 -274 -103 21 -6
1534181674.518515 677 596 639 720 630 720 5030 6458 1244 -54 -292 -21 -102 23 -6
1534181674.577993 677 597 639 720 630 720 5144 6458 1332 -282 -297 55 -100 23 -7
1534181674.6455472 677 597 639 720 630 720 4886 6476 1322 147 -268 -136 -101 21 -2
1534181674.713935 678 597 639 720 631 720 5140 6438 1240 125 96 151 -104 22 -3
1534181674.8762572 678 597 639 720 631 720 4954 6482 1240 -49 -182 -132 -104 24 -4
1534181674.9466052 678 597 639 720 631 720 5102 6478 1298 293 -6 89 -102 22 -3
1534181675.005298 678 597 639 720 630 720 4946 6450 1240 129 273 -112 -102 22 -2
1534181675.0352216 678 597 639 721 630 720 5118 6444 1248 230 157 116 -104 25 -4
1534181675.0695357 678 597 639 720 630 720 5146 6494 1234 173 75 42 -101 24 -2
1534181675.122481 677 597 640 720 631 720 5396 6586 1074 454 -1234 -244 -102 21 -2
1534181675.1864269 678 597 639 720 631 720 4724 6396 1250 -1243 421 -965 -102 25 -3
1534181675.2563474 677 597 639 720 630 720 4790 6552 1588 104 -160 -181 -101 23 -1
1534181675.325311 677 597 639 721 631 720 5162 6458 1270 404 426 466 -102 23 -2
1534181675.3916903 677 597 639 720 631 720 4968 6528 1286 107 335 -187 -101 23 -1
1534181675.5162857 677 597 639 720 631 720 4950 6328 1252 8 38 -20 -105 23 -1
1534181675.5962467 677 597 639 720 630 720 5062 6622 1264 155 103 218 -103 24 -2
1534181675.6654265 677 597 639 720 631 720 4908 6478 1256 -52 325 -230 -103 24 -2
1534181675.7083766 677 597 640 721 631 720 5024 6542 1420 167 178 -80 -104 24 1
1534181675.7451172 677 597 640 721 631 720 5002 6420 1336 140 311 69 -102 26 0
1534181675.7853477 678 597 640 720 631 720 5158 6614 1182 206 -15 -77 -103 23 1
1534181675.854145 677 597 640 721 631 720 4792 6526 1468 -26 303 -424 -102 25 0
1534181675.9212518 678 597 639 721 630 720 5140 6632 1462 17 -528 -302 -103 25 0
1534181675.9875708 677 597 640 720 631 720 4682 6498 1526 191 758 -25 -101 24 3
1534181676.0533123 678 597 640 721 631 721 4930 6404 1174 453 107 172 -103 25 2
1534181676.1392589 678 597 640 720 631 720 5008 6574 1412 28 243 -12 -102 23 0
1534181676.22621 677 597 640 721 631 720 4940 6446 1392 312 -76 -21 -101 24 -1
1534181676.2831962 677 597 640 720 631 721 4928 6546 1336 128 253 -24 -102 23 1
1534181676.3181732 677 597 640 721 630 720 4884 6506 1338 295 138 62 -105 22 3
1534181676.3812397 677 597 640 720 631 720 4944 6548 1284 366 -1 117 -103 22 2
1534181676.449516 677 597 640 721 631 721 5072 6558 1406 203 -140 -103 -103 24 0
1534181676.5152466 677 597 639 721 631 720 4916 6556 1436 335 260 202 -104 25 3
1534181676.5803354 677 597 640 721 631 721 4960 6518 1338 213 320 32 -102 25 1
1534181676.6462994 677 597 640 721 631 721 4914 6550 1392 476 489 309 -104 20 2
1534181676.7178466 677 597 640 721 631 720 4566 6304 1260 143 2007 -175 -103 24 1
1534181676.8994827 677 596 639 720 630 720 5166 6322 1246 194 940 -1181 -102 24 1
1534181677.0421062 677 597 639 720 630 720 4256 6022 1090 -852 -3902 -1836 -103 26 4
1534181677.099132 676 596 639 720 629 720 4016 5332 1204 -1148 -765 -2520 -103 25 2
1534181677.1351652 674 594 638 719 628 719 4828 6360 1962 -1514 -2909 -2858 -101 25 4
1534181677.1742058 672 592 637 718 625 719 4402 5870 1166 -4304 5207 -868 -101 29 7
1534181677.2081597 671 591 636 717 624 719 5626 6716 1262 -2416 1277 536 -98 28 9
1534181677.2452705 671 590 635 717 624 719 5182 7218 2526 909 2512 888 -94 31 11
1534181677.291926 672 591 635 717 624 719 5516 6898 1430 -948 2065 -3680 -92 29 15
1534181677.3435354 672 591 637 718 624 720 4336 6746 1834 2616 -4513 -280 -95 34 12
1534181677.4116812 673 592 638 718 626 720 5116 7460 1364 4945 -1491 817 -95 31 12
1534181677.5432203 675 594 638 719 628 720 3890 8010 1152 -564 2294 -255 -99 28 5
1534181677.610722 676 595 638 719 628 719 4484 6972 2782 327 -899 4050 -101 30 4
1534181677.674112 676 595 638 719 629 720 5060 6866 1282 2836 1055 2192 -102 28 4
1534181677.7141776 676 595 638 719 629 720 5332 6190 876 1389 -891 1307 -103 25 3
1534181677.7530684 677 595 638 719 629 720 4538 6468 768 -1170 244 -444 -102 23 0
1534181677.8203242 676 595 638 720 629 720 4924 6824 1290 146 366 -103 -102 22 -1
1534181677.8851995 677 596 638 720 629 720 4946 6412 1114 235 402 214 -101 22 2
1534181677.9537904 676 595 638 720 629 720 4912 6768 1462 429 55 185 -102 22 1
1534181678.0174828 677 596 639 720 629 720 4980 6490 1188 752 518 18 -101 24 2
1534181678.084269 677 596 639 720 630 720 5080 6552 1110 310 186 331 -104 23 -1
1534181678.1990354 677 596 639 720 630 720 4936 6640 1242 128 -55 -103 -103 24 -1
1534181678.2790852 677 596 639 720 629 720 5002 6550 1208 82 -66 -124 -103 22 0
1534181678.3572824 677 596 638 720 630 720 4946 6430 1070 -307 240 -146 -103 25 0
1534181678.397282 677 596 639 720 630 720 4786 6652 1106 -393 -822 -540 -102 25 1
1534181678.4361348 677 596 639 720 630 720 4856 6716 1274 307 207 61 -104 22 0
1534181678.4871135 677 596 639 720 630 720 4984 6492 1062 308 579 -274 -102 24 2
1534181678.5532198 677 596 639 720 630 720 4852 6650 1226 82 332 -128 -102 23 2
1534181678.6182015 677 596 639 720 630 720 4902 6664 1324 451 360 72 -102 25 2
1534181678.6853435 677 596 639 720 630 719 4896 6592 1242 222 335 116 -103 23 1
1534181678.7501752 676 596 639 720 630 720 4866 6554 1286 274 400 77 -101 25 3
1534181678.8852267 677 596 639 720 630 720 4994 6714 1222 160 180 7 -102 26 2
1534181679.0103412 677 596 639 720 630 720 4890 6606 1274 139 76 -69 -103 23 4
1534181679.1042101 677 596 639 720 630 720 4894 6540 1262 136 135 -260 -104 23 2
1534181679.1720972 677 596 639 720 630 720 4888 6626 1312 291 150 132 -102 24 2
1534181679.2150328 677 596 639 720 630 720 4832 6612 1260 216 198 98 -103 26 2
1534181679.2601838 677 596 639 720 630 720 4924 6642 1268 333 165 53 -101 22 4
1534181679.3054006 677 596 639 720 630 720 5050 6644 1254 232 154 87 -100 24 3
1534181679.355764 677 596 639 720 630 720 4780 6576 1286 110 269 -83 -103 23 3
1534181679.3892384 677 596 639 720 630 720 4848 6578 1272 245 5 -114 -101 23 3
1534181679.4220176 677 596 639 720 630 720 4976 6634 1322 62 137 19 -103 24 4
1534181679.4937592 677 596 639 720 630 720 4786 6534 1304 223 98 -12 -101 25 2
1534181679.5560107 677 596 639 720 630 720 4900 6584 1266 124 204 10 -102 24 2
1534181679.6129901 677 596 639 720 630 720 4826 6580 1254 43 272 -149 -104 26 4
1534181679.6799579 677 597 639 720 630 720 4834 6556 1238 94 221 17 -103 25 1
1534181679.7264154 677 596 639 720 630 720 4896 6570 1366 270 -121 38 -101 25 1
1534181679.7941413 677 596 639 720 630 720 5412 7114 1508 282 2572 1701 -103 25 3
1534181679.8652222 676 596 639 720 630 720 5858 7278 1286 -276 -1927 2295 -102 24 5
1534181679.9342823 675 596 639 719 629 719 6382 5496 302 1637 -8551 2450 -100 25 5
1534181680.002122 674 594 638 719 627 719 6664 7186 2850 161 -5669 866 -101 17 2
1534181680.0670707 672 591 636 717 625 718 4910 5856 640 403 3972 2925 -98 18 6
1534181680.2195916 671 590 635 716 624 718 4532 5914 380 -2354 2195 -1132 -99 16 7
1534181680.3009846 671 590 635 716 623 718 4072 7730 2922 -1131 -376 1018 -97 15 9
1534181680.3759775 671 590 636 717 624 719 7840 6306 396 -1859 11187 -7261 -94 18 15
1534181680.416509 673 592 638 718 625 720 4774 6750 2852 3693 -4091 3516 -96 21 11
1534181680.457932 675 594 638 719 628 720 3364 5402 1084 2806 3898 -1566 -98 24 14
1534181680.4919498 675 595 638 719 629 720 5234 6502 2426 4348 604 3940 -100 19 6
1534181680.554033 675 595 638 719 629 720 5900 6028 354 1358 2025 2144 -103 26 4
1534181680.6275544 676 595 638 720 629 720 5236 6580 1310 -2517 -386 -1401 -105 21 -1
1534181680.6932735 676 596 638 720 629 720 4880 6638 1998 717 600 303 -103 22 1
1534181680.7601902 677 595 638 720 629 720 5320 6244 1078 1275 709 814 -102 23 4
1534181680.9252946 676 595 638 720 629 719 5174 6376 1146 -520 -666 -109 -102 21 1
1534181681.0178819 676 595 638 720 629 720 4912 6476 1602 292 -9 -150 -102 23 2
1534181681.0749211 676 595 638 720 629 720 5308 6326 1258 438 -157 80 -102 23 3
1534181681.1109533 677 596 638 719 630 720 5014 6390 1398 96 -114 -151 -103 22 1
1534181681.1479738 676 596 638 720 629 720 5184 6386 1330 367 240 142 -103 21 3
1534181681.1940265 676 596 638 720 629 719 5156 6368 1338 -47 -46 -69 -104 22 3
1534181681.244098 676 596 639 720 629 719 5144 6474 1412 -185 -185 -18 -102 23 4
1534181681.2910724 676 596 638 720 630 719 5152 6424 1394 6 27 -68 -103 22 2
1534181681.3580499 676 596 638 720 630 719 5092 6398 1458 -17 -125 -76 -101 21 4
1534181681.4248822 676 596 639 720 630 719 5072 6410 1460 344 90 113 -102 20 5
1534181681.5668032 676 596 639 720 630 720 5102 6370 1322 177 65 -59 -104 21 3
1534181681.7072861 676 596 639 720 630 720 5068 6404 1454 194 90 76 -103 22 2
1534181681.7679234 677 596 639 720 630 720 5134 6432 1384 238 51 88 -103 20 5
1534181681.8108282 677 596 638 720 630 720 5108 6466 1444 270 -61 25 -101 21 1
1534181681.8429203 676 596 639 720 630 720 5122 6372 1302 307 42 2 -105 21 3
1534181681.8830388 676 596 639 720 630 720 5088 6364 1396 190 -50 -79 -104 22 2
1534181681.924024 676 596 639 720 630 720 5124 6416 1348 225 44 31 -103 20 3
1534181681.9728768 676 596 639 720 630 720 5082 6376 1420 262 142 41 -103 19 3
1534181682.0198798 677 596 639 720 630 720 5144 6472 1472 216 -16 53 -100 21 3
1534181682.0699916 676 596 639 720 630 720 5180 6426 1416 258 214 126 -103 23 4
1534181682.198112 676 596 639 720 630 720 5124 6394 1262 94 171 -150 -101 22 3
1534181682.3197825 677 596 639 720 630 719 5086 6494 1486 106 36 -155 -103 21 6
1534181682.374926 676 596 639 720 630 720 5132 6400 1412 150 148 7 -102 22 4
1534181682.413923 677 596 639 720 630 720 5058 6376 1436 155 94 -64 -103 20 4
1534181682.4558704 677 596 639 720 630 720 5088 6458 1446 168 -18 74 -102 21 5
1534181682.4917333 676 596 639 720 630 720 5110 6426 1460 265 117 5 -103 21 5
1534181682.5298245 677 596 639 720 630 720 5174 6396 1280 -69 -270 -319 -100 21 3
1534181682.5938993 676 596 639 720 630 720 4942 6188 1318 606 1269 -64 -103 21 6
1534181682.6640277 676 596 638 720 629 719 6350 6314 1978 -191 -3197 2313 -104 22 6
1534181682.7359166 675 595 639 719 629 720 3622 5626 890 -1675 -3194 -1376 -102 22 5
1534181682.8898427 674 595 638 719 628 719 3816 6188 1188 -1739 1314 -5676 -101 18 7
1534181683.0197954 673 593 637 719 627 719 4074 6060 1676 -252 754 2888 -100 22 9
1534181683.0928686 672 591 636 717 625 718 4514 5820 474 893 1199 -2402 -99 28 11
1534181683.1268404 671 590 636 717 624 718 3882 6752 1182 777 -4099 153 -97 26 8
1534181683.1692924 670 590 636 717 623 717 5062 7434 2928 -230 1630 1185 -97 30 10
1534181683.20888 671 590 636 717 624 718 5484 7344 2008 2143 -4096 -146 -97 26 12
1534181683.2539978 672 592 638 718 625 719 4720 6968 1156 9293 -496 919 -96 28 11
1534181683.2999094 673 593 637 719 627 720 6222 9040 2558 2609 -981 -1849 -100 26 1
1534181683.3549395 675 594 638 719 628 719 5394 7444 2716 1142 364 6730 -101 28 -1
1534181683.4242363 675 594 638 719 628 720 5338 6494 332 2254 3360 839 -105 23 -1
1534181683.548802 675 595 638 720 628 720 5324 5998 238 -1196 -660 735 -105 21 -6
1534181683.6367695 675 595 638 719 629 720 4936 6884 1546 -782 59 -267 -104 20 -3
1534181683.707728 676 595 638 720 629 719 4974 6654 978 2521 217 -308 -104 19 -3
1534181683.7427578 676 595 638 720 629 720 5200 6354 356 11 358 -53 -104 20 -5
1534181683.7808793 675 595 638 720 629 720 4872 6688 1186 -214 163 -391 -105 22 -6
1534181683.837156 676 595 638 720 629 720 5014 6546 872 406 405 761 -105 22 -7
1534181683.894007 676 595 638 720 629 719 5238 6532 770 57 -18 247 -104 22 -4
1534181683.965798 675 595 638 720 629 719 5066 6594 910 -316 446 -72 -104 21 -5
1534181684.0301888 676 595 638 720 629 719 4916 6476 934 -132 -120 263 -104 20 -4
1534181684.0937645 676 595 638 720 629 719 5090 6552 916 37 440 -12 -104 22 -3
1534181684.1751184 676 595 638 720 629 719 5148 6570 1084 190 14 136 -104 22 -5
1534181684.2407203 676 595 638 720 629 720 5104 6548 990 111 414 174 -104 21 -4
1534181684.2997124 676 595 638 720 630 720 5122 6538 1010 289 185 27 -102 20 0
1534181684.35726 676 596 639 720 629 719 5062 6444 980 108 269 440 -105 22 -2
1534181684.4227252 676 595 638 720 629 719 5188 6514 1024 136 332 248 -105 22 0
1534181684.4906325 676 595 638 720 630 719 5086 6444 1082 151 441 -47 -103 23 -1
1534181684.5558054 676 596 638 720 629 720 5126 6490 1054 106 184 36 -106 22 0
1534181684.6177394 676 596 639 720 630 720 5152 6460 996 65 33 98 -104 21 -2
1534181684.6842973 676 596 638 720 629 720 5074 6548 1106 23 83 69 -103 20 -1
1534181684.748793 676 595 638 720 629 720 5150 6458 1096 23 460 -76 -104 20 -2
1534181684.8677788 676 595 638 720 630 720 5112 6468 1116 -26 556 74 -104 19 -1
1534181685.002968 677 596 639 720 629 720 5148 6500 1164 -72 246 35 -105 21 -1
1534181685.0797422 676 596 639 720 630 719 5070 6470 1224 85 99 -26 -104 21 0
1534181685.1186936 676 596 638 720 629 720 5078 6422 1110 116 226 11 -104 22 1
1534181685.1536121 676 596 639 720 630 720 5080 6390 1122 43 283 66 -106 22 1
1534181685.1912465 677 596 639 720 629 720 5086 6534 1142 -49 219 -72 -105 19 -1
1534181685.225711 677 596 638 720 630 720 5112 6376 1206 72 213 -68 -104 20 0
1534181685.2687607 676 596 639 720 630 720 5106 6496 1186 79 -13 -7 -105 21 3
1534181685.336719 677 596 639 720 630 720 5078 6466 1210 -72 320 -140 -104 21 2
1534181685.403719 677 596 639 720 629 720 5078 6394 1220 -138 137 -81 -104 23 3
1534181685.566758 677 596 639 720 630 720 5116 6510 1340 13 -129 9 -102 20 4
1534181685.6927044 676 596 638 719 629 720 4154 6038 1200 671 1703 1394 -104 17 3
1534181685.8116837 675 595 638 719 629 720 5706 6272 2240 970 -179 357 -105 19 4
1534181685.8757184 674 594 638 718 627 719 6576 6148 752 1394 2109 418 -101 22 5
1534181685.920795 671 590 636 717 624 718 4480 4776 1116 88 -4492 -4085 -102 21 2
1534181685.9711058 670 589 635 716 623 717 4752 7192 1180 -245 5466 3973 -101 23 1
1534181686.0222783 670 589 634 715 622 718 4154 5946 1012 480 -46 -3359 -102 26 3
1534181686.0626237 670 588 634 715 622 718 4942 8002 2138 -2155 4164 -1881 -101 29 6
1534181686.1037328 670 589 636 716 623 718 5212 8298 2848 11289 -12216 6412 -98 35 7
1534181686.1516705 671 591 637 717 625 719 6020 5894 -1342 -1124 5294 -4509 -100 29 4
1534181686.3035138 674 593 638 718 626 719 1250 4702 -360 195 -3017 1587 -103 27 -8
1534181686.3765395 674 594 638 718 627 720 6200 7402 1942 449 -4009 3065 -107 22 -9
1534181686.4276128 674 594 638 718 627 719 5578 6460 266 468 854 1210 -106 19 -7
1534181686.4640965 675 594 638 719 628 720 5394 6466 328 -1448 -698 233 -106 18 -7
1534181686.4965265 675 594 638 719 628 719 4864 6568 844 -161 31 7 -108 15 -8
1534181686.533672 674 595 638 719 628 719 5278 6344 354 311 1002 270 -106 14 -4
1534181686.5747223 675 595 638 719 628 719 5260 6306 630 -103 325 394 -106 14 -5
1534181686.6330247 675 595 638 719 628 720 5258 6524 772 -70 1254 -272 -106 16 -4
1534181686.698497 675 595 638 719 629 719 5250 6400 714 68 667 -84 -104 15 -2
1534181686.763813 675 595 638 719 628 719 5218 6452 666 -7 423 -25 -107 16 0
1534181686.9206402 675 595 638 719 629 719 5202 6408 780 -30 212 -11 -106 15 -2
1534181687.0447133 676 595 638 719 629 720 5226 6522 816 40 300 -16 -105 18 -3
1534181687.1205683 675 595 638 719 629 720 5148 6406 762 -45 753 -19 -107 16 -2
1534181687.171268 675 595 638 719 629 719 5274 6510 788 -21 652 -325 -104 16 1
1534181687.207511 675 595 638 719 629 719 5122 6398 860 -715 1068 -538 -106 16 -1
1534181687.2506564 676 595 638 719 629 719 5140 6498 1106 -107 134 -296 -105 18 1
1534181687.2916765 675 595 638 719 629 719 5198 6510 968 -169 209 -140 -106 18 3
1534181687.3326375 675 595 638 719 629 719 5106 6516 1052 -254 195 -65 -105 16 3
1534181687.3792255 675 595 638 719 629 718 5026 6444 1046 44 120 54 -103 18 2
1534181687.4267128 675 595 638 719 629 719 5088 6492 1060 118 209 62 -107 17 4
1534181687.5164568 676 595 639 719 629 720 5212 6464 1088 58 352 -43 -103 18 4
1534181687.584548 675 595 639 719 629 719 5054 6490 1106 -68 353 -92 -103 18 4
1534181687.6364768 675 595 638 719 629 719 5046 6464 1008 93 181 -4 -105 17 5
1534181687.6856246 676 595 638 719 629 719 5112 6508 1124 -80 106 -104 -103 20 6
1534181687.7507002 676 595 638 719 629 719 5002 6506 1194 251 219 91 -104 19 6
1534181687.815606 676 595 639 720 629 719 5174 6472 1090 147 188 15 -103 17 5
1534181687.8816624 676 595 639 719 629 719 4978 6470 1150 198 327 -46 -104 17 4
1534181687.947983 676 595 638 719 629 720 5132 6462 1114 202 102 0 -104 17 3
1534181688.011679 676 596 639 719 629 719 5096 6516 1166 207 46 139 -103 18 5
1534181688.0786245 676 595 639 719 629 720 5082 6506 1146 224 323 -119 -103 19 5
1534181688.2366755 676 595 639 719 629 719 5002 6456 1144 146 277 -71 -104 20 5
1534181688.3625631 676 595 639 720 629 719 4934 6388 1126 -247 263 -104 -107 19 4
1534181688.4344525 677 595 639 720 629 719 5070 6466 1152 273 -31 259 -105 18 5
1534181688.4801474 676 595 638 719 629 719 5170 6514 1264 289 -47 124 -105 19 6
1534181688.5175507 676 595 639 719 629 719 5020 6464 1244 259 291 -8 -105 19 7
1534181688.5551145 676 595 639 719 629 720 5076 6458 1158 303 207 -2 -104 19 6
1534181688.5934763 676 595 639 720 629 720 4326 6094 1412 560 -258 148 -106 22 6
1534181688.6324286 676 595 638 719 629 720 5426 6618 1534 55 1420 1646 -106 19 5
1534181688.6785069 675 595 638 719 628 720 5672 6920 1074 -654 -255 -370 -103 20 7
1534181688.7465065 675 595 638 719 628 719 5870 7348 1792 401 -881 -1927 -104 21 5
1534181688.837519 674 593 638 718 627 719 4484 6916 1016 803 -2023 -365 -102 21 9
1534181688.9064245 672 591 637 717 624 718 5332 6196 758 384 -126 2333 -101 25 7
1534181688.9843574 671 590 635 716 623 718 5038 5814 762 -1604 3130 -1243 -102 17 6
1534181689.0243487 670 589 635 715 622 718 5190 6090 1604 -1882 -2662 2197 -102 17 6
1534181689.0906284 670 589 635 715 622 717 5634 6366 914 526 452 -940 -99 18 10
1534181689.159595 671 589 635 715 622 718 5734 6792 1284 344 -2582 856 -99 17 10
1534181689.225905 671 590 636 716 623 719 6000 7290 1308 3848 139 283 -98 20 13
1534181689.295489 672 592 637 717 624 718 5562 5730 -444 -688 4869 -7212 -98 18 8
1534181689.3644795 674 593 638 718 626 719 2164 5200 1186 697 -5519 2512 -101 19 5
1534181689.4336803 674 594 638 718 627 719 6244 6560 2020 2338 -413 3679 -104 19 5
1534181689.5153966 674 594 638 718 627 719 5462 6408 384 -245 1092 101 -102 16 3
1534181689.5834117 674 594 638 719 627 719 5404 6398 1140 -899 -1635 -602 -104 17 1
1534181689.6386034 674 594 638 718 628 719 4892 6526 1312 -61 391 134 -105 14 5
1534181689.7013655 675 594 638 719 628 719 5262 6506 906 546 828 261 -102 18 6
1534181689.7674382 674 595 638 718 628 719 5190 6456 1052 145 233 158 -104 15 6
1534181689.8334312 674 594 638 718 628 719 5058 6482 1194 384 549 157 -105 18 3
1534181689.8974438 675 594 638 719 628 719 5314 6424 1064 567 0 269 -101 18 6
1534181689.9636047 675 595 638 719 628 719 5222 6434 1040 160 171 -170 -104 18 7
1534181690.0296 675 595 638 719 628 719 5126 6440 1140 358 205 29 -103 17 5
1534181690.0959902 675 595 638 719 628 719 5198 6400 1056 353 173 -23 -103 17 4
1534181690.2256215 675 594 638 719 628 718 5120 6480 1140 263 122 -30 -102 19 3
1534181690.3202713 675 595 638 719 628 719 5250 6468 1008 249 206 226 -103 17 4
1534181690.3792925 675 594 638 719 628 719 5106 6400 1042 190 164 -69 -104 16 5
1534181690.4142272 675 595 638 719 629 719 5274 6438 1104 277 101 58 -102 16 5
1534181690.4498649 675 595 639 719 628 719 5144 6406 1050 121 131 7 -104 17 4
1534181690.4862838 675 595 638 719 629 719 5150 6456 1116 373 217 212 -103 17 6
1534181690.5555274 676 595 638 719 629 719 5178 6402 1004 124 169 -121 -103 17 3
1534181690.6214838 675 595 638 719 629 719 5094 6436 1056 124 245 -50 -103 19 6
1534181690.686365 676 595 638 719 629 719 5156 6442 1090 262 102 90 -105 16 4
1534181690.751503 676 595 639 719 629 719 5178 6408 1060 82 149 -21 -104 17 4
1534181690.871335 675 595 639 719 629 719 5142 6402 1108 211 -11 124 -105 18 6
1534181690.9457617 675 595 638 719 629 719 5200 6484 1074 179 160 104 -104 17 4
1534181691.000152 676 595 638 719 629 719 5176 6394 1034 205 167 -18 -102 16 5
1534181691.034259 675 595 638 719 629 719 5162 6418 1140 227 240 8 -103 16 7
1534181691.0772538 675 595 638 720 629 719 5168 6440 1050 96 112 -25 -105 18 5
1534181691.1433938 675 595 639 719 629 719 5210 6472 1196 127 -11 -88 -103 17 5
1534181691.2084358 675 595 638 719 629 719 5138 6418 1114 219 0 113 -103 18 7
1534181691.2714255 675 595 639 719 629 719 5148 6392 1102 151 371 -51 -104 19 8
1534181691.3393862 676 595 639 719 629 718 5284 6454 1142 130 131 102 -102 17 7
1534181691.4056575 676 595 639 719 629 719 5148 6398 1144 191 162 37 -104 19 6
1534181691.521291 675 595 639 719 629 719 5274 6428 1254 184 70 -98 -103 17 7
1534181691.6754222 676 595 639 719 629 719 4954 6372 1056 89 199 -172 -104 18 8
1534181691.7586555 675 595 639 719 629 720 5156 6412 1158 51 -3 -59 -104 16 8
1534181691.8131957 675 595 639 719 629 720 5176 6418 1144 -108 -255 -216 -103 18 6
1534181691.8481722 675 595 639 719 629 719 5082 6434 1168 -440 174 -237 -103 19 8
1534181691.8854074 675 595 639 719 629 719 4334 6266 960 876 -25 848 -103 17 7
1534181691.9315102 675 595 638 719 628 719 7084 6694 1636 -536 -280 1599 -105 17 8
1534181691.9823275 675 595 638 719 628 719 4258 5992 1656 -1027 -5003 206 -103 18 9
1534181692.0265143 674 594 638 718 627 719 4568 5538 650 -1826 3171 -3967 -101 15 11
1534181692.0823936 673 593 638 717 626 719 4432 6810 648 -1153 1149 2919 -101 18 12
1534181692.2495193 670 590 636 716 624 718 4652 6608 1998 -250 2943 1288 -99 25 15
1534181692.3582442 670 589 635 715 623 718 5542 7094 2070 -2247 172 -2507 -96 17 19
1534181692.4302213 670 589 635 715 622 718 5788 6884 1638 602 -1531 -96 -94 20 19
1534181692.480261 670 590 636 715 623 718 6068 7220 1160 1162 -1448 673 -94 20 21
1534181692.5162163 671 591 637 716 624 719 4848 6224 1636 4141 -663 -4033 -95 20 15
1534181692.5614264 673 592 637 718 626 719 3536 6272 562 8446 3727 -1849 -99 17 13
1534181692.6023042 674 593 638 718 627 719 5064 5466 656 1988 18 5744 -105 19 5
1534181692.6524553 674 594 638 718 627 719 5860 5956 -456 -906 -961 437 -106 15 -3
1534181692.705345 675 594 638 718 628 719 5448 6696 798 -1640 -1835 790 -106 12 -4
1534181692.7734487 674 594 638 718 628 719 5102 6270 616 307 1237 -730 -105 11 -2
1534181692.9536412 675 594 638 718 628 719 5590 6366 206 -475 48 404 -106 11 2
1534181693.074684 675 595 638 719 628 719 5438 6502 846 110 433 -81 -104 10 0
1534181693.142899 675 595 638 719 628 719 5390 6190 492 292 1174 -105 -106 12 1
1534181693.184795 675 595 638 719 628 719 5294 6300 438 -140 -437 -43 -105 11 2
1534181693.2181106 675 595 638 719 628 719 5244 6364 682 424 1055 -66 -107 13 1
1534181693.254085 675 594 638 719 628 718 5486 6274 492 495 440 34 -104 12 2
1534181693.2913578 675 595 638 719 628 719 5178 6340 746 194 490 -80 -104 11 1
1534181693.3270743 675 595 638 719 629 719 5380 6356 682 644 312 246 -104 12 3
1534181693.3590686 675 595 638 719 628 719 5436 6324 596 142 647 -11 -105 13 1
1534181693.4273717 675 595 638 719 629 719 5220 6318 722 158 320 -21 -104 13 2
1534181693.530255 675 595 638 719 629 719 5384 6388 860 55 267 -185 -106 12 2
1534181693.5930805 675 595 638 719 629 718 5318 6294 666 36 678 -115 -106 12 1
1534181693.6471636 675 595 638 719 629 718 5392 6396 846 131 105 -203 -104 12 2
1534181693.6881654 676 595 638 719 629 719 5256 6336 716 128 291 -58 -104 14 2
1534181693.75107 676 595 638 719 629 719 5330 6324 810 27 150 -225 -107 14 1
1534181693.8142133 675 595 638 719 629 719 5316 6394 852 79 144 -88 -103 14 1
1534181693.878295 675 595 639 719 629 718 5256 6304 752 3 327 -18 -105 15 3
1534181693.9434805 675 595 639 719 629 719 5254 6434 866 16 277 -156 -106 15 2
1534181694.0073042 675 595 638 719 629 719 5204 6408 854 32 278 -178 -106 12 5
1534181694.0712116 675 595 638 719 629 719 5252 6408 792 79 124 -28 -104 15 6
1534181694.221269 675 595 639 719 629 718 5132 6418 852 210 41 -80 -106 15 4
1534181694.322142 675 595 639 719 629 719 5256 6484 928 174 332 -66 -104 14 2
1534181694.383036 675 595 638 719 629 719 5222 6358 778 158 407 -70 -102 15 4
1534181694.4180892 675 595 639 719 629 719 5208 6430 888 141 237 -50 -103 16 6
1534181694.459442 675 595 638 719 629 719 5258 6392 876 120 218 -131 -104 15 5
1534181694.4939973 675 595 639 719 629 719 5228 6452 896 -36 -68 -222 -105 15 5
1534181694.5320866 675 595 638 719 629 719 5352 6470 942 267 124 102 -106 16 5
1534181694.5931253 675 595 638 719 629 719 5246 6402 890 177 324 -113 -104 17 4
1534181694.65818 676 595 639 719 629 719 5214 6468 990 253 -37 125 -105 15 5
1534181694.7232199 676 595 639 719 628 719 5118 6408 868 371 -2 131 -107 14 6
1534181694.8161037 676 595 639 719 629 719 5140 6370 762 440 -79 332 -104 13 5
1534181694.9501908 676 595 638 719 629 718 5420 6412 846 450 291 153 -105 16 4
1534181695.0339837 676 595 639 719 629 719 4972 6424 1014 -90 487 44 -103 15 4
1534181695.0819874 676 595 639 719 629 719 5294 6406 718 153 -490 -17 -107 15 6
1534181695.1210382 675 595 639 719 628 719 5152 6238 626 1113 -4026 1839 -104 16 5
1534181695.1677477 675 594 639 718 628 719 5252 6434 508 267 -2516 2422 -105 15 3
1534181695.2180953 674 594 638 718 627 719 5422 6348 350 381 -54 -1441 -102 8 6
1534181695.2631686 672 592 637 718 626 719 5280 6464 1054 1080 -2817 1055 -102 10 8
1534181695.3242705 670 590 636 716 624 718 5660 5660 688 2260 -997 5143 -102 11 7
1534181695.3914742 670 589 635 715 622 718 5224 5576 240 743 -2247 1865 -101 6 7
1534181695.510248 670 589 635 715 622 718 5834 5832 -650 1551 -209 1394 -102 1 3
1534181695.5872998 671 590 636 715 623 718 6250 6778 644 2033 -347 -454 -100 -1 3
1534181695.6384122 672 591 637 717 624 719 5410 4858 -634 2645 2795 -4610 -102 -3 2
1534181695.6744227 673 593 638 717 626 719 5992 6238 -1024 29 280 -5374 -105 -1 -7
1534181695.7348974 674 594 638 718 627 719 5742 6246 1276 -445 56 4564 -104 7 -10
1534181695.8011096 674 594 638 718 628 719 5402 6368 60 1715 2409 -315 -106 8 -6
1534181695.868183 675 594 638 719 628 720 6222 5826 -546 293 1360 548 -108 4 -6
1534181695.9401975 675 595 638 718 628 720 5482 5994 304 -1414 -166 -2481 -106 6 -9
1534181696.005342 675 594 638 719 628 719 5234 6514 898 749 1873 -25 -105 9 -4
1534181696.073133 675 595 638 719 628 719 5692 6136 44 1422 158 1088 -108 9 -5
1534181696.2331798 675 594 638 719 628 719 5670 6106 60 589 -798 -335 -105 9 -6
1534181696.3338706 675 595 638 719 628 719 5518 6414 308 433 -881 -469 -107 8 -6
1534181696.3903816 675 595 638 719 628 719 5432 6210 262 1253 -560 -676 -108 7 -7
1534181696.4306962 675 594 638 719 628 719 5484 6146 -78 965 -376 -209 -107 10 -11
1534181696.468875 675 595 638 719 629 719 5542 6344 -24 1060 -773 -435 -106 10 -11
1534181696.5039046 675 595 638 719 629 719 5364 6320 -56 320 -98 -344 -106 9 -11
1534181696.5440361 675 595 639 719 628 719 5554 6420 0 341 -46 -18 -108 10 -14
1534181696.615035 675 595 638 719 629 719 5416 6382 -180 1026 -1118 311 -108 10 -13
1534181696.683444 676 595 639 719 629 719 5342 6138 -274 807 -826 672 -108 10 -13
1534181696.7520006 675 595 639 719 629 719 5558 6256 -370 436 -65 51 -107 8 -15
1534181696.9050317 676 595 639 719 629 719 5324 6200 -442 189 339 -121 -110 11 -15
1534181697.0299084 675 595 639 719 629 719 5408 6222 -262 119 -3 339 -107 9 -15
1534181697.0938177 676 595 639 719 629 719 5548 6336 -330 -89 147 -18 -106 9 -16
1534181697.1288233 676 595 639 719 629 719 5440 6198 -340 296 343 83 -107 8 -14
1534181697.1699584 676 595 639 719 629 719 5510 6274 -398 193 -197 -24 -110 8 -14
1534181697.2159338 675 595 639 719 629 719 5412 6246 -324 -61 -339 210 -109 11 -15
1534181697.25091 676 595 639 719 629 719 5396 6312 -342 367 83 15 -108 9 -13
1534181697.2987564 676 595 639 719 629 719 5584 6226 -338 182 273 66 -106 8 -14
1534181697.3545384 676 595 639 719 629 719 5378 6222 -266 226 111 -27 -108 9 -15
1534181697.420952 676 595 638 720 629 719 5468 6250 -366 277 188 129 -107 8 -15
1534181697.497919 676 595 639 719 629 719 5498 6212 -328 247 41 43 -107 7 -16
1534181697.5677955 676 595 639 720 629 720 5524 6304 -326 341 163 74 -108 7 -13
1534181697.649776 676 595 639 719 629 719 5496 6166 -432 163 119 -26 -106 7 -15
1534181697.700239 676 595 639 719 629 719 5568 6344 -350 216 48 -32 -107 6 -17
1534181697.7508085 675 595 639 719 629 719 5416 6304 -288 218 202 -94 -105 7 -15
1534181697.8191493 676 595 639 719 629 719 5430 6234 -226 324 269 -235 -108 8 -14
1534181697.8867936 676 595 639 719 629 719 5536 6252 -360 556 205 237 -108 7 -16
1534181697.9550312 676 595 639 719 629 719 5444 5896 -598 -20 -342 -81 -108 7 -19
1534181698.0199661 676 595 639 719 629 719 5468 6400 8 -382 59 -120 -109 8 -16
1534181698.0942404 676 595 639 719 628 719 5420 6228 -406 493 735 380 -110 9 -16
1534181698.2298021 676 595 639 719 629 719 5596 6294 -412 -175 -576 -469 -108 8 -15
1534181698.2997484 675 595 639 720 629 719 5264 6368 34 313 243 235 -110 10 -14
1534181698.3637834 676 595 639 719 629 719 5496 6368 -390 1152 633 415 -110 9 -14
1534181698.4017205 676 595 639 720 629 720 5482 6024 -760 188 -48 -268 -108 10 -14
1534181698.4347527 676 595 639 719 629 719 5360 6292 -112 -198 -277 -288 -106 8 -16
1534181698.4979148 676 595 639 719 629 719 5232 6390 -352 -20 438 -1132 -110 8 -15
1534181698.5669234 676 595 639 720 629 719 5216 6200 -180 243 490 241 -107 9 -14
