1534180401.193718 714 629 663 752 669 744 -6784 -3728 3320 -424 288 1067 -5 120 4
1534180401.266316 713 629 663 752 669 745 -7520 -3948 3336 -1024 -537 -2909 -7 119 2
1534180401.3375688 714 629 663 752 669 745 -5454 -3734 3900 1985 1591 -167 -6 119 3
1534180401.4058857 713 629 663 752 669 744 -5902 -3924 3664 891 2588 5495 -4 119 3
1534180401.4774377 714 629 664 752 669 745 -7304 -3264 3194 -567 -1334 -1108 -9 123 1
1534180401.551261 713 629 664 752 669 745 -6516 -4250 3582 -1300 1409 3613 -12 121 -1
1534180401.622027 714 629 664 752 669 745 -7550 -3554 3936 -621 -2112 -994 -9 121 4
1534180401.6956503 714 629 664 752 669 745 -6700 -5090 4020 -3542 -6731 -7440 -7 121 2
1534180401.7662482 714 629 663 752 669 745 -6260 -4614 4406 -11 -3025 -1150 -1 119 7
1534180401.8385293 714 629 664 752 669 745 -5472 -3908 3660 318 -6886 -3989 6 118 14
1534180402.097584 714 629 664 752 669 745 -3494 -4934 5480 55 -5095 -10389 10 117 22
1534180402.1575928 714 629 663 752 669 745 -3150 -2210 2400 -11501 8826 -759 16 114 28
1534180402.2182965 714 629 663 752 669 746 -5180 -5586 1910 3717 543 -143 30 121 18
1534180402.29649 714 629 663 751 669 745 -4632 -4802 3152 1376 -5851 -2848 34 122 18
1534180402.3576503 714 629 663 752 669 745 -3076 -5698 3194 -2179 -5102 -1202 34 121 22
1534180402.404774 714 629 663 752 669 745 -3520 -5150 2516 -980 -590 7663 37 115 25
1534180402.4552855 715 629 663 752 669 746 -5194 -4168 2248 1704 505 5528 35 113 26
1534180402.4912913 714 629 663 751 669 745 -4274 -5182 4210 2569 2864 2783 28 117 28
1534180402.5316176 714 629 663 751 669 745 -4018 -4582 3872 7809 -1592 -1973 21 119 25
1534180402.5794652 714 629 663 752 669 745 -6358 -4758 4712 -1781 -444 455 21 116 25
1534180402.6318111 714 629 663 752 669 745 -5774 -5236 3908 1586 -217 1367 17 117 21
1534180402.775655 714 629 664 752 669 746 -4706 -3502 3898 -191 2261 2685 15 114 23
1534180402.8415322 714 629 663 752 669 745 -5598 -4884 4042 -3370 -383 -1230 14 117 22
1534180402.9073231 714 629 663 752 669 745 -5132 -5056 3468 16 -1830 -2088 13 117 22
1534180402.945209 714 629 663 752 669 745 -5270 -4726 3952 -65 -239 -793 16 115 22
1534180402.987697 714 629 663 752 669 745 -5464 -5002 3610 112 -1467 -1708 15 115 22
1534180403.0591702 714 629 663 752 669 745 -4642 -4766 4020 1903 -2052 -97 16 114 22
1534180403.1291642 713 628 663 751 669 745 -4996 -4604 3878 1127 -2120 26 18 111 24
1534180403.199597 713 629 663 751 669 745 -4754 -4642 4386 2161 -274 676 18 110 30
1534180403.2694752 713 629 663 752 669 745 -4918 -4384 4374 -917 884 1887 16 110 30
1534180403.347058 713 629 663 752 669 745 -5036 -4612 4124 -58 660 745 13 112 30
1534180403.427876 713 629 663 752 669 744 -5052 -4754 4180 -462 1403 185 13 111 28
1534180403.4771516 713 629 663 751 669 745 -5196 -4426 4176 1249 663 220 16 112 28
1534180403.5444367 714 629 663 751 668 744 -5912 -4310 3874 -253 1 223 14 112 27
1534180403.614518 714 629 663 751 669 745 -4958 -4350 4214 -567 194 -334 13 114 25
1534180403.6857464 714 629 663 751 669 745 -5134 -4946 3910 1074 627 -490 16 112 27
1534180403.7549806 714 629 663 751 669 744 -4920 -4286 3934 -672 1927 681 15 113 27
1534180403.822713 713 629 663 751 669 745 -5480 -4510 3838 76 -323 364 15 116 25
1534180403.8944316 713 629 663 751 669 745 -4996 -4506 3960 -1743 1565 3122 14 115 25
1534180403.9668126 713 629 663 751 669 745 -5406 -4944 3724 -701 1869 4010 13 115 24
1534180404.113586 714 629 663 751 669 745 -5954 -3682 3584 -4 1062 2810 13 117 20
1534180404.179045 714 629 663 751 669 745 -5648 -4118 3764 938 168 -2365 7 118 22
1534180404.2325394 714 629 663 751 669 746 -5322 -4722 3602 -395 1054 377 10 118 21
1534180404.2683637 714 629 663 752 669 745 -5992 -4298 3468 1208 -112 -8 10 118 22
1534180404.3212216 714 629 663 751 669 745 -5646 -4688 3354 -176 13 -592 10 118 21
1534180404.3812675 714 629 663 752 669 745 -5600 -4612 3618 122 639 377 12 119 21
1534180404.4490461 714 629 663 751 669 745 -5786 -4168 3480 121 213 93 11 120 20
1534180404.516307 714 629 663 752 669 745 -5386 -4432 3508 133 737 272 10 118 21
1534180404.5845613 714 629 663 752 669 745 -6042 -4394 3486 367 -74 353 11 119 20
1534180404.653615 714 629 663 752 669 744 -5598 -4414 3526 359 213 -164 12 118 23
1534180404.832507 714 629 663 752 669 746 -5840 -4270 3526 401 40 166 10 118 19
1534180404.9900959 714 629 663 752 668 745 -5640 -4172 3550 -5 353 139 10 119 19
1534180405.0470881 714 629 663 752 669 745 -5680 -4362 3500 -40 208 -482 9 118 20
1534180405.0821235 713 629 663 752 669 745 -5714 -4180 3498 144 134 -61 9 119 21
1534180405.120206 713 629 663 751 669 745 -5806 -4412 3536 158 -24 231 10 118 20
1534180405.1606832 713 629 663 751 669 744 -5670 -4298 3542 386 67 282 13 120 21
1534180405.2011983 713 629 663 751 669 745 -5614 -4096 3504 -7 30 -7 10 120 20
1534180405.238475 714 629 663 752 669 745 -5902 -4486 3438 -128 394 279 10 120 20
1534180405.277433 713 629 663 751 669 745 -5738 -4372 3540 48 257 -21 9 116 23
1534180405.3296974 713 629 663 752 669 745 -5816 -4366 3376 408 -93 80 12 120 19
1534180405.4780655 713 629 663 752 668 745 -5812 -4452 3450 169 -30 228 9 117 22
1534180405.5395472 713 629 663 751 669 745 -5710 -4406 3452 -146 189 196 12 120 21
1534180405.5761113 713 629 663 752 669 745 -5792 -4368 3452 158 -33 -61 10 118 19
1534180405.609136 713 629 663 751 669 745 -5692 -4364 3480 285 154 2 12 121 21
1534180405.6634688 713 629 663 752 669 745 -5690 -4292 3538 282 323 220 11 118 21
1534180405.729473 713 628 663 751 669 746 -5702 -4286 3540 262 103 13 8 119 19
1534180405.8001037 713 629 663 752 669 745 -5754 -4330 3436 221 53 -269 12 119 20
1534180405.866603 713 628 663 752 668 745 -5654 -4276 3570 343 97 -154 11 120 21
1534180405.9325986 713 628 663 751 668 744 -5920 -4362 3308 -175 85 -882 10 119 21
1534180406.0040698 713 629 662 751 669 744 -5572 -4474 3614 424 -49 -457 11 118 21
1534180406.130228 713 628 662 751 668 744 -5600 -4450 3442 316 -83 -451 12 119 21
1534180406.24285 713 629 662 751 668 744 -5594 -4576 3520 909 53 -130 11 120 20
1534180406.3100731 712 628 662 751 668 745 -5170 -4634 3208 838 -501 -106 12 118 20
1534180406.359452 713 628 662 751 668 745 -5768 -4638 3834 -23 89 461 13 118 20
1534180406.4014897 712 628 663 751 668 744 -6100 -4568 4122 2138 -1111 2093 10 117 22
1534180406.4430342 712 627 662 751 668 744 -5478 -4362 3528 2219 -1795 -1511 10 118 20
1534180406.494241 712 626 662 751 668 744 -5572 -4744 3534 -1268 2613 67 10 118 21
1534180406.562596 712 623 661 750 667 743 -5748 -3870 3240 842 1858 931 7 118 22
1534180406.6308632 711 621 661 750 666 743 -5396 -4508 2780 577 1800 -565 7 119 21
1534180406.7035723 710 619 660 750 666 742 -5368 -4180 3828 -1453 630 -3290 10 116 21
1534180406.8672886 709 618 660 749 666 743 -5402 -4184 3654 355 -294 496 12 118 20
1534180406.996501 708 619 660 749 666 742 -5734 -4846 3292 550 448 -1123 13 119 19
1534180407.0398185 710 620 661 750 666 743 -6350 -4812 4132 3066 -928 1441 15 121 20
1534180407.0738726 711 623 661 750 667 743 -6116 -5496 4034 5191 -2117 2098 12 116 18
1534180407.1078806 713 627 662 751 668 744 -4866 -3920 3490 -6126 2530 4457 10 118 20
1534180407.1622741 713 627 662 751 667 744 -5466 -2752 3226 -166 -1297 -4219 7 118 19
1534180407.2189946 713 628 662 751 668 744 -5300 -4732 4108 2886 -84 -386 6 117 20
1534180407.2720623 714 628 662 751 668 745 -4754 -4142 3986 699 -1453 -2742 11 118 21
1534180407.343452 713 628 663 751 668 744 -5676 -4328 3914 -300 -928 -2964 9 118 23
1534180407.4113984 713 628 662 751 668 744 -5356 -5020 3996 693 396 849 13 113 24
1534180407.514332 714 628 663 751 668 745 -4958 -4720 4008 626 -332 -193 15 116 26
1534180407.5748088 713 628 663 751 668 744 -5092 -4226 4118 1924 -268 -23 13 116 27
1534180407.629844 713 628 663 751 668 744 -5196 -4494 4180 1042 -1043 -267 12 116 24
1534180407.6927395 713 629 663 752 668 744 -5556 -4450 4224 96 -260 -310 13 116 24
1534180407.7620106 713 629 662 752 668 744 -5190 -4594 4272 662 1170 765 11 116 25
1534180407.8283236 714 629 663 752 668 745 -5068 -4190 4476 93 98 428 11 114 25
1534180407.8999898 714 629 663 752 668 744 -5102 -4846 4202 1316 -662 564 11 115 25
1534180407.9703035 714 629 663 752 668 744 -4518 -3954 4634 1576 -694 561 13 114 25
1534180408.0378873 715 629 663 753 668 744 -5230 -3974 4586 534 355 2892 13 113 29
1534180408.10889 714 629 663 753 668 744 -5000 -4048 4350 1670 -2110 3070 6 114 27
1534180408.2922475 714 629 663 752 668 744 -6896 -3442 4512 2290 -87 3256 5 113 29
1534180408.406815 714 629 663 752 668 745 -5944 -3568 4482 -882 -469 -2302 -5 114 25
1534180408.4737704 714 629 663 752 668 744 -6096 -3616 5054 1662 -181 -963 -4 113 27
1534180408.5107172 714 629 663 752 668 744 -5430 -3690 4856 208 -441 -1766 -2 112 25
1534180408.5518892 713 629 663 751 668 744 -5488 -3812 4360 -1602 805 -4398 -2 111 27
1534180408.6038785 714 628 663 751 668 744 -5328 -4270 4308 -251 3931 -2108 7 113 30
1534180408.6529992 714 629 663 751 668 744 -4522 -4652 4666 161 70 -1795 8 115 27
1534180408.7055776 714 629 663 751 668 743 -5574 -4108 4110 -756 1182 434 9 116 24
1534180408.7578762 714 629 663 751 669 744 -5228 -3622 4480 -529 325 2306 10 116 25
1534180408.8137965 713 628 663 751 669 745 -5514 -4276 4154 -658 -201 -797 8 118 24
1534180408.993682 714 629 663 751 668 745 -5182 -4700 4078 -282 -596 -844 10 117 25
1534180409.070709 713 629 663 751 668 744 -5102 -4210 4278 -126 264 644 11 117 23
1534180409.1347013 713 628 663 751 668 744 -5248 -4458 4124 -173 -142 513 12 118 25
1534180409.1750455 713 629 663 751 668 744 -5370 -4514 4168 -591 180 160 12 117 24
1534180409.2126975 714 629 662 751 668 745 -4906 -4466 4162 -249 18 729 13 117 25
1534180409.2559657 713 629 663 751 668 744 -5318 -4396 4206 -234 -95 -564 13 115 23
1534180409.3034484 713 628 662 751 668 744 -5060 -4582 4160 -892 68 218 11 116 24
1534180409.3717837 713 629 663 751 668 745 -4958 -4538 4082 -1006 782 1008 14 115 27
1534180409.43997 713 628 662 751 668 744 -5336 -4716 3950 913 421 1281 13 116 24
1534180409.5077977 713 629 662 751 668 744 -5202 -4162 4048 968 31 -169 13 117 24
1534180409.648677 714 628 662 751 668 744 -5598 -4356 3946 -236 -192 -939 11 117 23
1534180409.723053 714 628 662 752 668 745 -5286 -4524 4040 288 42 -154 11 115 22
1534180409.7887223 714 628 662 751 668 745 -5318 -4426 3992 -34 -108 -86 14 116 24
1534180409.823643 713 628 662 751 668 744 -5238 -4362 4080 121 66 -182 12 117 25
1534180409.8566654 713 628 662 751 668 744 -5188 -4278 3904 235 219 -208 12 115 24
1534180409.9238763 713 628 662 751 668 744 -4974 -4524 3870 -144 -64 197 11 117 25
1534180409.9932654 713 628 662 751 668 744 -5358 -4690 4258 920 358 -660 11 117 23
1534180410.0609186 713 628 662 751 668 744 -5146 -4262 4038 443 367 154 14 116 23
1534180410.1318727 713 627 662 750 668 743 -5296 -4774 3924 -552 119 -342 15 115 24
1534180410.2029874 712 626 661 751 668 744 -5134 -4662 4010 4186 -830 940 14 116 23
1534180410.37964 713 625 662 750 668 743 -5136 -4572 3786 1610 104 -441 12 116 24
1534180410.4756153 713 625 661 750 667 743 -5050 -4314 4328 410 294 -1132 10 114 25
1534180410.556598 712 624 661 750 667 743 -5006 -4248 4144 -118 377 -413 10 114 23
1534180410.5926461 712 624 661 750 667 743 -4986 -4238 4482 -288 362 63 9 114 26
1534180410.6328533 712 623 661 750 667 742 -5062 -4422 4344 825 -89 743 13 116 24
1534180410.684258 712 623 661 750 667 743 -4912 -4094 4452 691 -157 521 11 116 22
1534180410.7458148 712 623 661 750 667 743 -5214 -4684 4344 -204 -60 -866 10 116 23
1534180410.7938805 712 624 661 750 667 742 -5142 -4616 4372 1214 -403 1705 9 115 24
1534180410.847847 712 625 661 750 667 743 -5052 -4798 4458 -1561 -34 2179 9 114 24
1534180410.9020886 713 627 661 751 667 743 -4636 -3948 4062 -3827 2589 1594 8 114 24
1534180411.0407867 712 627 661 751 668 743 -5986 -3260 3658 -75 -255 -3186 12 114 24
1534180411.1186845 712 627 662 751 667 743 -4790 -5020 4258 565 216 -130 12 115 24
1534180411.2007554 712 627 662 751 668 743 -5164 -4220 4162 1795 198 55 14 113 25
1534180411.2425454 712 627 662 751 668 743 -4988 -4248 4378 382 386 -29 11 116 27
1534180411.2853537 713 627 662 751 668 745 -5194 -4442 4286 -257 424 -118 12 117 24
1534180411.3443925 713 627 662 751 668 744 -5106 -4572 4164 -119 389 -77 12 115 25
1534180411.3946726 713 627 662 751 668 744 -5268 -4452 4122 339 5 238 13 116 23
1534180411.4536707 713 627 662 751 668 744 -5074 -4474 4168 -39 149 250 13 116 25
1534180411.5137055 713 628 663 751 668 744 -5300 -4376 4130 146 362 32 13 116 23
1534180411.5858033 713 627 663 751 668 745 -5074 -4630 4184 -189 299 269 11 117 25
1534180411.770164 713 628 662 751 668 745 -5154 -4392 4152 227 59 -199 11 116 24
1534180411.8955717 713 627 662 751 668 744 -5292 -4406 4028 484 -13 27 14 116 24
1534180411.9605527 713 627 662 751 668 744 -5246 -4598 4098 90 45 54 11 116 22
1534180412.0101087 713 628 662 751 668 745 -5048 -4384 4102 -11 319 -44 13 115 23
1534180412.0456047 713 628 663 751 668 744 -5174 -4456 4178 378 203 -41 13 115 23
1534180412.0876398 713 627 662 751 668 744 -5156 -4474 4096 321 63 216 14 117 25
1534180412.1286054 713 628 662 751 668 744 -5146 -4290 4086 80 -94 -112 13 117 25
1534180412.1666832 713 627 662 751 668 744 -5170 -4566 4142 -219 45 -283 12 117 24
1534180412.208779 713 627 662 751 668 745 -5014 -4490 4058 266 280 -13 10 117 24
1534180412.2608137 713 627 662 752 668 744 -5276 -4586 4066 569 91 476 15 115 22
1534180412.4389067 714 627 663 751 668 744 -5098 -4570 4074 -81 114 -283 13 117 24
1534180412.5135627 714 627 662 751 668 744 -5202 -4392 4120 71 388 294 12 115 24
1534180412.579555 713 627 663 751 668 744 -5042 -4392 4124 204 176 139 13 113 23
1534180412.6248584 713 627 662 751 668 745 -5114 -4446 4108 149 202 493 12 115 25
1534180412.6644204 713 627 663 751 668 744 -5160 -4468 4220 198 81 -106 13 116 23
1534180412.7008667 713 627 663 751 668 745 -5204 -4424 4078 88 184 118 13 118 23
1534180412.7457533 713 627 663 751 668 745 -5154 -4414 4158 84 299 245 11 118 25
1534180412.8027055 713 627 663 751 668 745 -5274 -4550 3968 -260 291 299 11 118 26
1534180412.8700736 713 627 663 751 668 744 -5168 -4524 4106 54 213 306 12 115 23
1534180412.9396343 713 627 663 751 668 744 -5192 -4498 4008 128 192 143 12 113 23
1534180413.1038587 713 627 663 751 668 745 -5264 -4428 4034 94 104 -100 13 116 23
1534180413.235752 713 627 663 751 667 744 -5330 -4566 3976 61 155 361 10 118 22
1534180413.3114843 713 627 663 751 667 744 -5134 -4654 4050 161 132 77 11 116 24
1534180413.3629713 713 627 663 751 668 745 -5222 -4510 4046 76 212 -47 13 117 22
1534180413.400781 713 627 663 751 668 744 -5202 -4468 4066 156 131 75 12 117 21
1534180413.4344532 713 627 663 751 668 744 -5202 -4474 4018 238 64 30 13 117 23
1534180413.4748166 713 627 663 751 668 745 -5266 -4502 4034 111 182 225 11 116 24
1534180413.5235505 713 627 663 751 668 745 -5168 -4596 3962 256 91 178 14 119 22
1534180413.5693893 713 627 663 751 668 744 -5322 -4478 4000 15 207 -138 12 118 24
1534180413.6168654 713 627 663 751 668 744 -5210 -4572 4002 -201 237 329 12 116 23
1534180413.7835276 713 627 663 751 668 745 -5156 -4638 3990 22 366 172 11 116 24
1534180413.8674574 713 627 662 750 667 744 -5246 -4132 3834 -374 220 -1059 14 116 24
1534180413.9324427 712 627 662 751 667 744 -5044 -4672 3758 342 719 -507 14 119 24
1534180413.9684262 713 627 662 750 667 744 -5142 -4598 3884 81 124 -566 12 118 23
1534180414.004438 713 626 662 750 668 744 -4956 -4324 3752 2067 -375 682 15 116 24
1534180414.043532 713 626 662 750 668 743 -5120 -4544 4158 1565 -884 -1034 14 116 23
1534180414.1014922 712 625 662 750 667 743 -5368 -4674 4590 2390 -776 -238 12 115 22
1534180414.1726124 712 624 662 750 667 743 -4952 -4604 4560 1234 -485 -308 11 113 23
1534180414.2445893 712 624 662 750 667 743 -4922 -4110 4070 -2085 514 -876 10 114 24
1534180414.315459 711 623 662 750 667 742 -4720 -4322 4318 1047 210 -1531 13 115 23
1534180414.4071367 711 622 662 750 667 743 -5132 -4696 4618 1191 -694 -637 13 115 21
1534180414.4845264 711 622 661 750 666 743 -5054 -4846 4450 251 42 54 15 114 23
1534180414.5647175 711 622 661 750 666 743 -4804 -4302 4888 190 -867 -1500 14 116 23
1534180414.6114085 711 623 662 750 667 742 -4778 -4318 3752 453 1259 2571 12 115 23
1534180414.666437 711 624 661 750 667 743 -5702 -5562 4650 -2144 -120 2061 14 115 20
1534180414.737775 712 626 662 751 667 743 -4396 -4168 4314 -3095 915 1396 13 116 20
1534180414.8074052 712 626 661 751 667 743 -5318 -2746 3208 795 866 -907 10 116 24
1534180414.8774514 713 627 662 751 668 743 -5088 -5134 4026 336 -68 -1232 12 118 22
1534180414.9473548 713 627 662 751 667 744 -5346 -4480 3764 1464 -298 714 15 118 21
1534180415.014564 712 627 662 751 667 744 -5092 -4392 4276 915 295 -8 14 116 21
1534180415.1293294 713 627 662 751 668 744 -5164 -4446 3888 -532 555 487 11 117 23
1534180415.2033787 713 627 662 751 668 744 -5470 -4580 3886 -162 262 -649 11 116 23
1534180415.2603054 713 627 662 751 668 744 -5306 -4540 4070 209 341 701 13 116 25
1534180415.2973833 712 627 662 751 667 744 -5054 -4420 3976 396 353 153 14 117 23
1534180415.358437 713 627 662 751 668 745 -5478 -4426 3856 -201 315 188 12 117 20
1534180415.428333 713 627 662 751 667 744 -5222 -4652 3976 -126 204 236 10 117 21
1534180415.497304 713 627 662 751 667 744 -5262 -4474 3998 180 169 -186 12 118 21
1534180415.5653431 713 627 662 751 667 744 -5324 -4524 3874 298 110 297 12 115 22
1534180415.6323135 713 627 662 751 668 745 -5338 -4658 3856 74 146 -55 13 119 20
1534180415.7003143 713 627 663 751 668 743 -5218 -4476 3938 146 74 -164 14 118 22
1534180415.7752674 713 627 662 751 668 744 -5300 -4572 3920 200 141 55 12 118 24
1534180415.8612716 713 627 663 751 668 744 -5298 -4552 3860 111 251 166 12 117 21
1534180415.9402711 713 627 662 751 668 744 -5232 -4586 3938 134 13 6 13 119 23
1534180415.978263 713 627 662 751 667 745 -5374 -4582 3928 195 171 159 14 119 22
1534180416.036846 713 627 663 751 668 745 -5234 -4460 3878 -115 193 175 13 118 21
1534180416.1063726 713 627 663 751 668 744 -5172 -4536 3950 183 196 103 14 117 22
1534180416.173337 714 627 663 751 668 745 -5214 -4654 3848 370 160 244 14 118 23
1534180416.2423618 713 627 663 751 668 744 -5234 -4474 3902 264 108 169 13 118 22
1534180416.3104153 713 627 662 751 668 744 -5258 -4382 3994 238 -19 -62 14 119 23
1534180416.376336 713 627 663 751 668 744 -5382 -4416 3970 78 149 92 15 118 22
1534180416.530263 713 627 663 751 668 744 -5350 -4890 3792 -247 212 -399 12 117 23
1534180416.6039665 713 627 663 751 668 744 -5378 -4544 3782 -31 85 80 14 117 24
1534180416.6865206 713 627 663 751 668 744 -5238 -4748 3894 51 109 405 14 116 24
1534180416.731242 712 627 663 752 668 744 -5282 -4432 3888 -116 403 233 15 117 20
1534180416.7674615 714 627 663 752 668 745 -5336 -4652 3898 82 185 349 13 116 21
1534180416.8104546 713 627 663 751 668 745 -5368 -4530 3718 -75 203 138 13 116 21
1534180416.8667555 713 627 663 751 668 744 -5238 -4530 3912 -169 331 257 13 116 21
1534180416.9217892 713 627 663 751 668 744 -5490 -4600 3772 166 30 -381 14 117 22
1534180416.9880452 713 627 663 752 668 744 -5332 -4744 3780 98 61 308 12 119 22
1534180417.0559683 713 627 663 751 668 744 -5154 -4724 3728 78 201 -207 14 117 19
1534180417.2023687 713 627 663 751 668 745 -5280 -4684 3864 231 235 -155 14 117 21
1534180417.2782128 712 627 662 751 668 744 -5270 -4380 3768 185 385 762 15 117 21
1534180417.3594089 712 627 662 751 667 745 -5482 -4992 3782 197 183 -640 15 121 22
1534180417.4146025 713 627 662 750 668 743 -5208 -4760 4072 864 -87 310 16 117 20
1534180417.4523993 712 626 662 750 667 743 -5462 -4462 3444 1333 281 310 15 117 21
1534180417.4882135 712 626 662 750 668 744 -5272 -4546 3600 329 186 2146 13 119 21
1534180417.538395 712 625 662 750 667 744 -5578 -4692 3974 3308 -279 1607 11 118 20
1534180417.6116955 711 624 662 750 667 743 -5364 -4644 4132 -1612 106 -2998 10 118 20
1534180417.6856248 711 623 662 750 667 743 -5482 -4766 4112 -2148 -707 -1454 11 116 22
1534180417.757608 711 623 661 750 667 743 -5282 -4832 4220 1186 -694 -217 12 116 22
1534180417.906094 710 621 661 749 666 743 -4886 -4500 4214 2877 -1377 1331 12 118 20
1534180417.9921515 709 620 661 749 666 742 -5106 -3730 3856 -4220 1027 -3079 13 114 19
1534180418.0493577 710 620 660 749 666 742 -5230 -5354 3928 2466 192 751 12 114 22
1534180418.086288 710 621 661 749 665 742 -5154 -4292 4108 3726 147 2389 16 115 21
1534180418.1365411 710 623 661 750 666 742 -5432 -4670 4674 1156 621 -1483 12 116 21
1534180418.190274 712 625 661 750 666 743 -4490 -3336 3952 -2788 1553 3464 10 115 22
1534180418.2543721 712 626 661 751 666 743 -4070 -2436 2834 -138 -333 3579 8 115 23
1534180418.3241267 712 626 662 751 667 744 -5216 -5324 4138 188 -32 -3759 10 117 22
1534180418.394874 713 626 662 751 667 744 -5038 -4206 4128 2010 -586 244 15 118 23
1534180418.4653032 713 627 662 751 667 744 -5004 -4444 4082 962 -20 -506 12 117 26
1534180418.6134005 713 626 662 751 667 744 -5078 -4632 4180 -203 738 -12 11 118 25
1534180418.7797878 712 626 662 751 667 744 -5072 -4542 4026 402 197 -364 12 117 24
1534180418.8431034 712 627 662 751 667 744 -5046 -4260 4148 478 297 329 13 116 24
1534180418.8882596 712 627 662 751 667 744 -5066 -4462 4100 -51 236 220 11 118 22
1534180418.9261458 712 627 663 751 667 744 -5178 -4620 4118 252 -57 -158 13 114 23
1534180418.9651933 712 627 662 751 667 744 -5112 -4532 4156 17 401 316 13 117 25
1534180419.0040538 712 627 662 751 668 744 -5004 -4502 4052 199 208 149 12 118 23
1534180419.0401149 713 627 663 751 668 745 -5194 -4576 4090 323 172 346 13 117 23
1534180419.0815492 712 626 662 751 667 744 -5102 -4396 4024 50 257 55 13 116 24
1534180419.1453161 713 627 662 751 667 744 -5090 -4562 4116 249 119 347 12 117 23
1534180419.3153088 712 626 663 751 667 744 -5276 -4518 4002 319 89 -187 12 115 24
1534180419.4187093 713 627 663 751 667 745 -5122 -4602 4154 135 210 276 13 116 22
1534180419.478127 712 627 663 751 667 744 -5096 -4502 3996 344 104 -215 13 114 26
1534180419.5160162 712 627 662 751 667 743 -5300 -4524 4094 109 268 304 12 118 24
1534180419.5657806 712 627 663 751 667 744 -5160 -4614 4040 237 109 83 13 117 24
1534180419.6172795 712 627 663 751 667 744 -5218 -4588 4126 -133 181 -197 13 117 23
1534180419.6683838 712 627 663 751 668 744 -5102 -4500 4144 -183 126 63 13 114 21
1534180419.7196212 712 627 663 751 667 744 -4980 -4636 4092 332 77 -13 15 117 25
1534180419.7651505 712 627 663 751 667 744 -5132 -4600 4110 -13 339 89 12 116 25
1534180419.8286748 712 627 663 751 668 744 -5124 -4550 4116 -41 151 -75 15 117 23
1534180419.9825263 712 627 663 751 667 744 -5204 -4534 4058 172 10 -208 13 113 24
1534180420.1392245 713 627 663 751 667 744 -5126 -4616 3898 35 267 700 13 118 22
1534180420.246153 712 627 663 751 668 744 -5140 -4584 4040 148 120 42 14 113 25
1534180420.3120868 712 627 663 751 668 744 -5234 -4620 4006 -114 162 221 14 118 22
1534180420.3549879 713 627 663 751 668 744 -5154 -4646 3910 -56 258 305 13 114 22
1534180420.3950317 712 627 663 751 668 744 -4976 -4874 4098 551 501 377 14 115 23
1534180420.4401274 712 626 662 751 667 744 -5034 -4560 3794 1034 -138 1291 13 116 21
1534180420.489938 712 626 662 750 667 744 -5184 -4380 4354 393 -538 -457 13 117 22
1534180420.5383122 712 625 662 750 667 744 -5204 -4582 4096 1786 -246 -982 12 118 22
1534180420.5856009 711 624 662 750 667 744 -5518 -4612 4582 5000 -697 -343 13 115 23
1534180420.756064 711 623 661 750 666 743 -5326 -4306 4164 2070 -1662 -1180 10 113 23
1534180420.8772092 711 623 662 749 666 743 -5122 -4262 4140 -2065 445 -703 9 115 23
1534180420.9719555 711 622 661 749 666 742 -5114 -4542 4586 1693 -1185 908 11 116 23
1534180421.021206 711 621 661 749 666 742 -5010 -4372 4530 -805 271 -629 8 116 23
1534180421.0590768 710 620 661 749 665 743 -5262 -5318 4156 -633 773 157 10 114 26
1534180421.1003778 709 619 660 749 665 742 -4968 -4554 4016 3386 -1 698 9 116 24
1534180421.1378722 709 620 661 749 665 742 -5298 -4212 4360 1745 191 698 8 113 22
1534180421.1801398 711 623 661 750 666 742 -5704 -4534 4836 -2322 587 639 7 113 24
1534180421.2176802 712 625 661 750 666 743 -4330 -4118 3672 -1413 1860 4215 9 115 22
1534180421.2571578 712 626 662 750 666 743 -4908 -1182 3742 -2137 -82 1645 9 115 24
1534180421.3510637 711 626 661 750 667 743 -5608 -5178 4186 -258 -840 -3586 7 114 26
1534180421.4459515 711 626 661 750 666 744 -5230 -4588 4148 2529 -195 412 9 113 26
1534180421.504003 712 627 662 751 666 743 -5114 -3968 4568 1031 463 -1273 8 114 26
1534180421.5409791 712 626 662 751 667 744 -5156 -4508 4262 -143 413 -23 6 113 27
1534180421.5780072 712 627 663 750 667 744 -5168 -4208 4320 -92 232 -310 8 113 23
1534180421.630046 712 627 663 751 667 744 -5194 -4576 4452 -41 444 -545 9 112 25
1534180421.6975563 712 627 663 751 667 743 -5200 -4372 4284 596 290 125 9 115 26
1534180421.7650394 712 627 663 751 667 743 -5200 -4178 4316 341 342 34 10 115 24
1534180421.8340995 712 627 663 751 667 744 -5158 -4212 4380 -152 323 166 10 114 26
1534180421.903314 712 627 663 751 667 743 -5230 -4484 4362 319 198 182 8 115 24
1534180422.0580974 712 627 663 751 667 744 -5264 -4388 4232 401 87 33 11 116 24
1534180422.1861541 712 627 662 751 667 744 -5150 -4286 4322 29 213 72 7 115 25
1534180422.2428827 712 627 662 751 667 744 -5124 -4360 4378 387 88 214 8 114 24
1534180422.285939 712 627 662 751 667 744 -5296 -4288 4160 -222 112 -19 10 115 25
1534180422.326421 712 627 663 751 667 744 -5086 -4238 4398 48 163 118 7 114 27
1534180422.3629386 712 627 663 751 667 744 -5054 -4244 4246 31 339 -24 9 117 26
1534180422.402358 712 627 663 751 667 744 -5214 -4420 4332 400 -3 -210 10 115 24
1534180422.4490693 712 627 663 751 667 744 -5210 -4410 4200 66 224 376 9 112 25
1534180422.502144 712 627 663 751 667 745 -5026 -4206 4366 -402 394 -95 11 115 25
1534180422.5710208 712 627 662 751 667 744 -5106 -4320 4188 -355 339 130 8 115 26
1534180422.7269995 712 627 663 751 667 745 -5386 -4420 4264 143 174 -42 10 116 23
1534180422.8350284 712 627 662 751 667 744 -5284 -4336 4168 -39 229 338 10 115 25
1534180422.9396408 712 627 663 751 667 745 -5104 -4446 4124 -326 281 384 9 115 24
1534180422.9922001 712 627 663 751 667 744 -5152 -4402 4112 -898 818 239 10 115 24
1534180423.030902 712 627 662 751 667 745 -5714 -4524 3972 129 498 195 11 115 24
1534180423.073956 712 627 661 750 667 744 -5492 -4272 3942 1064 187 -171 10 116 24
1534180423.1161234 712 626 661 750 667 743 -5656 -4618 4314 1876 -248 801 11 117 24
1534180423.166257 712 627 662 750 667 743 -5560 -4476 4756 2193 -700 1394 9 116 23
1534180423.212026 712 625 662 750 667 744 -5016 -3562 3880 -12 149 375 4 117 23
1534180423.2609951 712 624 662 750 667 743 -5056 -3882 4284 -2767 536 -1405 3 114 24
1534180423.3980467 711 623 661 750 667 742 -5930 -5500 4472 586 -54 -438 5 114 24
1534180423.4988344 710 623 661 749 666 743 -5418 -4304 4460 1081 89 -1658 7 113 23
1534180423.5681508 709 620 661 749 665 743 -5418 -4800 3874 1830 60 362 8 116 24
1534180423.6067884 709 621 661 749 665 742 -5128 -3966 4082 254 -109 -858 8 114 24
1534180423.6448255 709 622 661 749 665 742 -5432 -4532 4598 -76 520 -1104 6 114 24
1534180423.695862 711 624 661 749 666 742 -6096 -5034 5276 -202 -1357 4124 10 113 23
1534180423.745923 712 626 661 750 666 742 -4890 -4080 3428 1258 -694 3959 7 115 24
1534180423.815948 711 626 661 750 666 743 -5396 -2494 3038 -1067 949 1115 5 112 25
1534180423.88699 712 627 661 750 666 742 -4898 -4574 4498 2426 -228 -2310 5 114 26
1534180423.9592679 711 627 661 750 666 744 -5190 -3902 4500 3703 576 -1279 6 114 25
1534180424.090897 712 627 662 750 667 743 -5164 -4180 4492 -531 133 -78 6 113 26
1534180424.2369542 712 627 662 751 667 743 -5136 -4254 4528 -498 580 -2049 5 114 24
1534180424.3537354 712 627 662 751 666 744 -5116 -4244 4302 559 918 518 7 116 25
1534180424.4117546 713 627 663 751 667 743 -5384 -3872 4424 600 362 478 6 116 25
1534180424.4477088 713 627 663 751 667 743 -5184 -4210 4346 48 142 439 7 114 24
1534180424.487833 713 627 662 751 667 744 -5112 -4252 4408 238 327 -223 8 114 25
1534180424.5279505 713 627 662 751 667 744 -5382 -4156 4374 330 241 24 8 115 24
1534180424.569914 713 628 662 751 667 744 -5314 -4174 4298 407 230 494 6 115 26
1534180424.6140072 713 627 663 751 667 743 -5286 -4048 4424 -166 122 -508 5 115 25
1534180424.6589525 712 627 662 751 667 744 -5356 -4044 4274 180 207 105 5 115 25
1534180424.8023703 712 627 663 751 667 744 -5240 -4264 4306 213 58 185 7 115 25
1534180424.9519768 712 627 663 751 667 744 -5330 -4078 4202 -130 356 -124 7 112 24
1534180425.008723 712 627 662 751 667 744 -5096 -4030 4330 -90 485 117 9 116 24
1534180425.0546885 712 627 663 751 667 744 -5444 -4078 4168 215 162 30 8 116 24
1534180425.0948794 712 627 662 751 667 744 -5438 -4354 4114 -257 316 324 8 115 23
1534180425.1399925 712 628 663 751 667 744 -5238 -4274 4350 -406 520 -540 5 117 24
1534180425.1889095 712 628 662 751 667 744 -5168 -4158 4252 104 444 -396 7 118 24
1534180425.2319615 712 627 663 751 667 744 -5394 -4150 4090 -180 501 462 7 116 22
1534180425.2748642 712 628 663 751 667 744 -5196 -4328 4214 -603 682 253 7 114 23
1534180425.318946 712 628 663 751 667 744 -5372 -4406 4060 -591 797 411 6 115 23
1534180425.4617863 712 628 663 751 667 744 -5368 -4384 3948 -256 770 -192 8 116 21
1534180425.584836 712 627 663 751 667 744 -5570 -4214 3902 489 483 935 8 116 20
1534180425.7014277 712 627 662 750 666 744 -5404 -4096 3890 3 512 -1076 11 118 19
1534180425.7666469 712 627 661 750 666 744 -5750 -4802 3896 1499 -823 -70 10 117 21
1534180425.8006058 711 627 661 749 667 744 -5136 -4128 4176 817 -1267 310 8 116 20
1534180425.8410692 711 626 661 750 667 743 -4832 -4410 4220 4795 -497 475 9 117 20
1534180425.8801913 711 624 661 749 666 743 -5512 -4010 5226 1035 953 -1424 5 114 23
1534180425.9215982 710 623 661 749 666 742 -5382 -4264 4244 -339 -494 -358 2 115 21
1534180425.9586473 710 622 661 749 666 743 -5274 -3802 4684 -733 -492 -1064 3 115 21
1534180426.0038712 709 621 661 749 665 742 -5130 -4436 4312 -1101 -78 -36 3 116 20
1534180426.2141383 710 621 661 749 665 742 -5084 -3970 4286 1567 931 -189 6 114 22
1534180426.3086262 710 622 660 749 665 742 -5396 -3750 4544 -237 461 555 5 114 22
1534180426.370833 711 625 661 749 666 743 -5198 -4058 5154 -2679 2004 297 7 116 24
1534180426.4126496 711 626 661 750 666 743 -5840 -5292 3846 -5056 992 1686 7 115 21
1534180426.4528143 711 627 661 750 667 744 -6710 -3822 2858 398 -1130 -2897 11 118 21
1534180426.4906037 711 627 661 750 666 744 -4824 -4724 4526 3038 -1027 -787 9 120 20
1534180426.5266502 712 627 661 750 666 744 -4588 -3862 4276 896 38 562 13 115 21
1534180426.569802 712 627 662 750 666 744 -5198 -4466 4218 -771 201 -1778 9 115 20
1534180426.629767 712 627 662 750 667 744 -5290 -4686 4206 594 360 59 11 117 23
1534180426.697767 712 627 662 750 667 743 -5192 -4444 3980 946 209 595 10 116 21
1534180426.8617802 712 627 662 751 667 744 -5166 -4244 4140 417 224 -227 10 117 23
1534180426.9915829 712 628 662 751 667 744 -5152 -4410 4224 -38 375 188 10 118 23
1534180427.0575864 713 628 663 751 667 744 -5170 -4364 4180 763 149 464 10 116 20
1534180427.0965316 712 628 662 751 667 743 -5364 -4252 4016 548 165 69 10 115 19
1534180427.1398718 712 628 663 751 667 743 -5182 -4416 4198 368 46 554 10 119 21
1534180427.1901498 712 628 663 751 667 744 -5264 -4406 4114 55 209 -180 10 117 22
1534180427.2382677 713 628 662 751 667 744 -5430 -4148 4212 168 81 38 11 117 21
1534180427.2806098 712 628 662 751 667 744 -5128 -4420 4056 233 159 29 8 115 20
1534180427.3280888 713 628 663 751 667 744 -5374 -4244 4126 127 254 -39 9 117 22
1534180427.3746526 712 628 663 751 667 744 -5222 -4428 4138 20 197 507 9 117 22
1534180427.5265307 712 628 663 751 667 744 -5350 -4444 4134 311 85 -312 11 116 22
1534180427.5996137 713 627 662 751 667 744 -5412 -4418 4038 169 180 278 11 117 23
1534180427.673709 712 628 662 751 667 744 -5228 -4198 4134 -102 219 92 10 116 22
1534180427.7135267 712 628 663 751 667 744 -5398 -4392 3984 -84 291 261 10 118 22
1534180427.752717 713 628 663 751 667 745 -5274 -4422 4140 150 67 -15 11 115 23
1534180427.7957537 713 628 663 751 667 744 -5246 -4372 4040 -28 219 238 10 117 22
1534180427.84479 712 628 663 751 667 745 -5234 -4300 4100 -16 353 452 11 117 22
1534180427.915738 713 628 663 751 667 744 -5294 -4352 4076 -235 459 356 10 117 22
1534180427.9842079 713 627 663 751 667 744 -5460 -4482 3984 136 407 594 10 116 21
1534180428.0519621 712 628 663 751 667 744 -5348 -4400 3994 -125 142 169 9 118 20
1534180428.1710353 713 628 663 751 667 744 -5374 -4404 4058 -65 288 82 10 117 21
1534180428.249778 713 628 663 751 667 744 -5422 -4298 4022 180 418 699 9 118 18
1534180428.3095162 713 627 663 751 667 744 -5366 -4358 3952 159 220 245 8 118 21
1534180428.3434398 713 627 663 751 667 744 -5578 -4360 3936 86 144 20 9 118 20
1534180428.3840058 712 627 663 751 667 744 -5510 -4274 3982 20 143 -102 9 118 19
1534180428.453982 713 627 663 751 667 744 -5424 -4444 3912 248 301 -326 11 118 20
1534180428.5217698 712 627 662 750 667 744 -5476 -4138 3784 1281 254 -14 9 117 18
1534180428.5916698 711 627 662 750 667 744 -5522 -4330 3986 1686 -225 -586 9 119 19
1534180428.6606457 711 627 661 750 667 743 -5396 -4356 4312 2024 -681 240 8 116 20
1534180428.732665 711 626 662 749 667 743 -5518 -4036 4654 3432 -1542 1845 7 116 18
1534180428.9000335 711 625 662 750 666 743 -5542 -4068 4390 1539 45 -1334 4 117 22
1534180429.0034678 710 624 662 749 666 743 -5528 -4160 4460 -198 -21 -1216 7 116 20
1534180429.0694747 710 624 661 749 666 743 -5364 -4778 4542 1329 463 -1019 6 118 21
1534180429.1053874 710 623 661 749 666 743 -5112 -4456 4004 3134 308 273 5 115 17
1534180429.1481328 710 622 661 749 666 743 -5294 -4110 4226 -868 498 1143 7 117 19
1534180429.1895075 709 623 661 749 666 742 -5312 -4198 4172 107 430 1182 8 115 19
1534180429.2339864 709 623 661 749 665 743 -5384 -4500 4362 887 239 -258 9 117 19
1534180429.2860606 710 624 661 749 665 743 -5512 -4108 4600 -1735 -518 -500 8 117 19
1534180429.3577912 710 625 661 750 666 742 -5262 -4582 4702 -2144 1534 1919 10 115 19
1534180429.427167 711 627 661 750 666 743 -5446 -4642 3832 -294 612 4130 7 117 19
1534180429.5766277 711 627 661 750 666 743 -5702 -3124 3832 -341 -705 -3062 7 117 21
1534180429.7419095 711 627 661 750 666 743 -5042 -4390 4170 686 -221 1179 7 117 19
1534180429.851579 711 628 662 750 666 743 -5184 -4280 4256 821 -134 864 10 119 21
1534180429.9717176 712 627 662 750 667 744 -5062 -4250 4126 -413 230 -359 9 119 22
1534180430.0124128 711 628 662 750 667 744 -5902 -4056 3932 -790 286 -76 10 118 22
1534180430.054181 712 628 662 750 667 744 -5296 -4634 4186 -102 1125 729 8 117 18
1534180430.0999653 712 628 662 750 667 744 -5222 -4436 3994 1946 129 -807 9 118 20
1534180430.1478286 712 628 662 750 667 743 -5400 -3988 4024 1192 237 -101 9 117 20
1534180430.1993406 712 628 663 750 667 744 -5436 -4482 4034 -462 19 16 8 118 19
1534180430.2498984 712 629 663 750 667 744 -5254 -4214 4386 310 -208 678 9 118 20
1534180430.3820555 712 628 663 750 667 744 -5452 -4368 4000 -107 -491 -68 10 117 21
1534180430.4563375 713 628 663 750 667 743 -5412 -4290 4018 -464 -247 106 10 118 20
1534180430.533008 712 628 663 750 667 743 -5002 -4344 4326 -1318 -50 1447 9 119 23
1534180430.5685277 713 628 663 750 667 744 -5560 -4060 4192 645 -560 1725 9 115 23
1534180430.605478 713 629 663 750 667 743 -5304 -4180 4316 -133 -574 -1185 7 114 22
1534180430.6596105 712 628 663 751 667 744 -5676 -4214 4012 922 -758 -676 8 118 21
1534180430.7085693 713 628 663 751 667 744 -5444 -3952 4260 22 -79 616 8 118 24
1534180430.7554529 712 628 663 751 667 744 -5114 -4262 4266 -943 -259 237 8 116 24
1534180430.801877 713 628 663 751 667 744 -5306 -4162 4030 -104 -718 1088 11 116 23
1534180430.8485942 713 629 663 751 667 745 -5334 -4182 4230 -521 445 -206 9 115 25
1534180431.0803401 713 629 663 751 667 744 -5482 -4390 4102 574 726 -128 10 116 27
1534180431.1473503 713 628 663 751 667 744 -5136 -4256 4142 -465 857 -719 10 115 26
1534180431.2213905 712 628 663 751 667 744 -5208 -4494 3998 1257 783 891 10 114 27
1534180431.2553544 712 628 663 750 668 744 -5044 -4568 4066 1337 295 -45 11 117 24
1534180431.3005865 712 628 663 750 667 744 -5302 -4256 4208 909 -14 -159 10 116 25
1534180431.3526497 713 628 663 751 667 745 -5386 -4188 4108 -1 97 -517 10 117 24
1534180431.4016151 713 628 663 751 667 744 -5300 -4580 4094 -112 198 -95 10 114 25
1534180431.452253 712 628 663 750 667 744 -5326 -4552 3822 367 72 56 11 116 24
1534180431.4994528 712 627 663 749 667 743 -5362 -4052 3938 -401 154 -1587 9 115 24
1534180431.54358 711 627 663 749 667 743 -5464 -4242 4002 170 60 -32 12 116 23
1534180431.6865134 711 627 663 749 667 743 -5068 -4624 3630 4185 -646 -38 15 116 24
1534180431.7942328 711 626 663 749 667 742 -5036 -3680 3660 1480 1110 -194 10 114 23
1534180431.8653414 711 625 662 749 666 743 -4954 -4204 3836 1144 361 -447 11 112 22
1534180431.9084485 710 624 662 749 666 742 -5462 -4510 4658 -1203 69 -782 12 116 22
1534180431.9492202 710 623 661 748 666 742 -4986 -4328 4526 883 -1279 -667 13 116 23
1534180431.9904354 710 622 661 748 666 742 -4702 -4318 4462 -228 -470 -756 10 113 25
1534180432.0375068 709 621 660 748 665 742 -5190 -4630 4564 1114 -631 -103 12 113 25
1534180432.0849566 709 621 660 748 665 742 -5274 -4630 4256 624 -4 716 10 113 22
1534180432.136481 709 622 661 748 665 741 -5056 -4774 5186 733 -1095 -984 12 114 25
1534180432.201798 710 624 661 749 666 742 -4944 -4278 4496 2408 281 3877 13 113 24
1534180432.3492682 711 626 662 748 666 743 -4314 -4298 3406 12 2119 368 12 114 23
1534180432.427233 712 627 662 749 666 742 -5008 -3822 4276 -3052 2310 857 9 114 26
1534180432.4903364 712 628 662 749 667 742 -5498 -4760 4094 -333 -503 560 10 114 23
1534180432.529202 711 628 662 749 667 743 -4966 -4666 4296 693 -176 667 12 114 24
1534180432.5702634 711 628 662 749 667 743 -5396 -4164 4040 1508 -541 -1410 13 116 23
1534180432.620151 712 628 662 749 667 743 -4978 -4346 4356 74 333 -114 12 116 23
1534180432.689273 712 628 662 749 667 742 -5142 -4322 4142 -187 103 -84 12 115 24
1534180432.7575788 712 628 662 749 667 743 -4998 -4518 4346 -11 497 -206 11 116 24
1534180432.8273344 712 628 662 749 667 743 -5328 -4284 4054 217 -288 -18 13 118 21
1534180432.8944476 712 629 663 750 667 743 -4780 -4492 4330 57 313 -57 12 114 25
1534180433.0526152 712 628 663 750 667 743 -5290 -4414 4114 385 93 247 12 115 25
1534180433.2233925 712 629 663 750 667 744 -5056 -4466 4272 -127 225 590 12 115 23
1534180433.300927 712 628 663 750 667 744 -5070 -4412 4174 182 13 -277 12 115 25
1534180433.3493142 712 628 663 750 667 744 -5434 -4526 4142 203 32 55 10 114 25
1534180433.3892646 712 628 663 750 667 743 -5086 -4454 4190 74 201 -88 11 113 24
1534180433.4312086 712 628 663 750 667 743 -5236 -4396 4132 228 172 -131 11 115 24
1534180433.469426 712 628 663 750 667 744 -5100 -4414 4170 50 129 -119 11 115 24
1534180433.513349 712 629 663 750 667 744 -5204 -4484 4162 -123 210 -83 13 116 23
1534180433.563422 712 628 663 750 667 744 -5172 -4444 4110 -134 235 -70 12 113 23
1534180433.6083682 712 628 663 750 667 744 -5040 -4494 4096 81 42 -172 14 115 24
1534180433.7534702 712 628 663 750 667 744 -5220 -4500 4184 1 194 88 13 116 23
1534180433.9432635 713 628 663 750 667 743 -5098 -4390 4030 -3 312 -4 13 116 24
1534180434.0172358 712 628 663 750 667 744 -5066 -4514 4250 -65 99 150 13 116 25
1534180434.062199 712 628 663 751 667 744 -5224 -4528 4026 253 63 -229 12 116 23
1534180434.1013463 713 628 663 750 667 743 -5086 -4580 4036 -282 301 556 12 119 24
1534180434.148329 712 628 663 751 667 744 -5218 -4458 4120 38 254 -2 14 115 25
1534180434.203051 712 628 663 750 667 744 -5184 -4614 4082 247 147 546 11 115 23
1534180434.247252 712 628 663 751 667 744 -5088 -4674 4046 172 38 27 13 117 22
1534180434.2904243 712 628 663 750 667 744 -5278 -4528 4042 63 399 476 12 117 23
1534180434.3420658 713 628 663 750 667 743 -5152 -4404 4034 89 99 -77 12 115 23
1534180434.4742217 712 628 663 751 667 744 -5234 -4596 4026 344 94 -1 11 116 23
1534180434.5450964 713 628 663 750 666 744 -5158 -4488 4002 96 205 208 14 117 24
1534180434.6070833 712 628 663 750 667 744 -5204 -4472 3882 109 104 -276 13 114 21
1534180434.6503186 712 628 662 750 667 743 -5342 -4424 4048 -123 287 -44 14 116 21
1534180434.6900952 711 628 662 749 666 744 -5334 -4452 3856 829 -608 -208 13 117 23
1534180434.7312942 712 628 662 749 666 743 -5234 -4526 4088 483 -801 -1038 12 116 24
1534180434.7762537 711 627 663 749 667 743 -4878 -4492 3828 183 -329 -2224 13 115 25
1534180434.832255 711 627 662 749 667 742 -4826 -4476 4064 -360 578 -398 14 116 26
1534180434.8885045 711 626 662 749 666 743 -5236 -5328 4758 1672 -1955 -1146 17 114 24
1534180434.947406 711 625 662 749 666 743 -5010 -4634 4394 2088 -1311 -148 13 114 25
1534180435.0466738 711 624 662 749 666 742 -4864 -4404 4676 1621 -1674 -1222 14 115 26
1534180435.1164253 710 624 661 749 666 743 -4468 -4446 4432 -347 -204 -647 12 113 28
1534180435.1590073 710 623 661 748 666 742 -4910 -4626 4950 -440 -257 34 13 112 27
1534180435.2242885 710 623 661 748 665 742 -4876 -4768 4644 928 172 -34 15 111 26
1534180435.2923367 710 623 661 749 665 743 -4762 -4452 4440 570 509 190 16 113 26
1534180435.3621829 710 624 661 749 666 741 -4796 -4544 4964 -765 -236 -426 14 111 27
1534180435.4357276 711 626 662 749 666 743 -4502 -4530 4366 -2302 2444 1359 14 112 28
1534180435.5071719 711 627 661 749 666 743 -4828 -4516 3758 -1944 1853 2376 15 112 28
1534180435.577246 711 628 661 750 666 743 -5172 -4496 3858 620 -174 921 16 114 26
1534180435.6452658 711 627 662 750 666 743 -4924 -4650 4110 1332 -192 -92 16 114 23
1534180435.7840593 711 628 662 750 666 743 -4912 -4402 4122 -204 751 517 14 116 26
1534180435.8709831 712 628 662 750 666 743 -5032 -4680 4084 -11 135 -168 14 113 25
1534180435.9501166 711 628 662 750 666 743 -4932 -4632 4108 219 196 39 15 114 23
1534180435.9909966 712 628 662 750 666 743 -5078 -4602 4116 449 221 267 15 115 24
1534180436.0341146 711 628 662 750 666 743 -4828 -4664 4180 42 222 20 14 115 25
1534180436.0752957 711 628 662 750 666 744 -5224 -4596 4080 88 184 -4 14 114 27
1534180436.1231656 713 628 662 750 666 744 -4910 -4610 3932 174 219 481 16 116 24
1534180436.1885297 712 628 662 750 667 743 -5052 -4628 4138 -7 236 -281 15 115 25
1534180436.2562294 712 628 662 751 667 743 -5208 -4696 3974 248 46 277 14 114 24
1534180436.324027 711 628 663 751 666 744 -4946 -4556 4094 358 252 33 16 116 26
1534180436.4732785 712 628 663 751 667 744 -5178 -4562 4100 233 295 170 17 115 26
1534180436.563106 712 628 663 751 667 744 -4920 -4600 4034 131 280 -218 14 117 25
1534180436.6472783 712 628 662 750 667 744 -4770 -4876 4130 559 1627 -1178 14 115 24
1534180436.713974 712 628 663 750 667 744 -4910 -4646 3826 826 3348 1609 17 116 24
1534180436.7560296 712 628 663 751 666 744 -5040 -3400 3568 -1662 2424 2350 14 117 21
1534180436.7981186 712 628 663 750 667 744 -5452 -4654 3296 -3484 4954 5409 11 121 20
1534180436.85131 712 628 663 750 666 744 -5736 -4112 3624 -2386 9380 9180 13 122 16
1534180436.902242 712 628 663 751 667 744 -6138 -3152 2470 1729 12750 11618 5 123 11
1534180436.9623713 713 628 663 750 667 743 -7610 -2990 252 284 14576 15322 -4 127 -1
1534180437.0361314 713 628 663 750 667 743 -8348 -382 216 3378 18814 15314 -20 125 -16
1534180437.2151322 712 628 663 751 667 744 -8546 -1144 -1836 4338 13093 11579 -32 123 -33
1534180437.2966208 713 628 663 751 667 745 -8426 -166 -2224 1861 7713 7452 -42 115 -45
1534180437.3571596 713 628 662 750 667 744 -6278 -198 1208 2534 771 12884 -48 106 -54
1534180437.397664 712 628 662 750 667 743 -8548 1460 -2436 8385 6705 12073 -53 98 -61
1534180437.436863 713 628 662 752 667 744 -6690 2658 -4186 8609 -326 5230 -56 89 -64
1534180437.4861257 713 628 663 751 667 744 -6596 2244 -1472 8726 -1920 1311 -59 81 -68
1534180437.5503826 713 628 663 751 667 744 -8814 1036 -2326 5116 -3189 3786 -56 76 -72
1534180437.6254244 713 628 663 751 667 744 -7554 2040 -3014 -4329 5039 -1597 -51 78 -74
1534180437.6975858 714 628 663 752 667 743 -7216 2122 -2892 -4000 3163 3802 -54 76 -72
1534180437.7706203 713 628 663 751 667 744 -6664 2562 -3156 387 17911 9197 -55 72 -71
1534180437.9309304 714 628 662 751 667 743 -5694 3574 -4866 -3606 12540 3197 -58 64 -71
1534180438.0175009 713 628 663 752 667 744 -5290 3922 -4684 -542 8474 7084 -62 54 -75
1534180438.0868552 714 628 663 752 667 744 -4034 4652 -5478 -1428 5431 4700 -64 48 -73
1534180438.129042 713 628 663 752 667 743 -4736 4252 -5032 -2212 4630 2972 -65 39 -74
1534180438.1728837 713 628 663 751 667 743 -4174 4816 -5624 -388 8002 4638 -65 38 -72
1534180438.209849 713 628 663 751 667 743 -1916 3366 -2936 969 4730 318 -67 31 -72
1534180438.2770355 714 628 663 751 667 744 -3232 4740 -6098 -306 3326 -3299 -66 26 -72
1534180438.3480544 713 628 663 752 667 744 -3012 4928 -6286 52 3869 913 -66 26 -69
1534180438.420959 713 628 663 751 667 744 -2674 5862 -5922 2753 -1421 -4159 -64 22 -70
1534180438.4941916 714 628 663 752 667 744 -2218 4126 -6786 12017 1336 -186 -67 25 -71
1534180438.7203896 714 628 663 751 667 744 -3574 3470 -7524 11359 1191 -6624 -64 27 -77
1534180438.8571763 714 628 663 751 668 744 -3258 2508 -7504 8457 2403 4407 -56 30 -92
1534180438.9938822 714 628 663 751 667 744 -2526 2510 -7612 1473 2937 766 -51 31 -95
1534180439.0387995 714 628 663 751 667 744 -2628 2542 -7528 -216 -1832 -53 -49 29 -95
1534180439.083487 714 628 663 751 668 744 -3194 2552 -7424 -262 -1261 -216 -49 30 -96
1534180439.13104 713 628 663 751 667 744 -3138 2616 -7430 594 1056 121 -51 29 -95
1534180439.1864302 713 628 663 752 667 744 -2830 2502 -7520 671 1397 176 -49 29 -98
1534180439.2381926 714 628 663 751 667 744 -2798 2480 -7510 186 -17 24 -49 30 -98
1534180439.2880807 714 628 663 752 667 745 -2962 2466 -7512 127 -472 -131 -49 29 -97
1534180439.348004 713 628 663 752 667 744 -3006 2596 -7530 448 301 -52 -50 32 -97
1534180439.4798965 714 628 663 752 667 745 -2888 2490 -7566 382 560 58 -50 29 -96
1534180439.559822 713 628 663 751 667 744 -2838 2520 -7528 267 228 27 -50 27 -97
1534180439.629045 714 628 663 752 667 743 -2878 2552 -7608 171 176 -82 -51 30 -97
1534180439.6696806 714 628 663 751 668 744 -2868 2480 -7548 299 246 -6 -50 29 -97
1534180439.7012794 714 627 663 751 668 744 -2874 2478 -7546 271 245 17 -49 28 -96
1534180439.7378294 713 627 663 751 667 744 -2876 2482 -7576 194 120 -28 -49 30 -99
1534180439.7799883 713 628 663 752 667 744 -2902 2480 -7502 243 186 9 -48 30 -97
1534180439.8264966 714 628 663 752 667 744 -2894 2498 -7514 260 197 16 -50 30 -97
1534180439.877998 713 627 663 751 667 743 -2862 2498 -7564 270 131 -37 -48 30 -98
1534180439.9310951 713 628 663 751 667 744 -2880 2502 -7460 269 189 40 -48 30 -98
1534180440.0397494 713 628 663 752 667 744 -2804 2550 -7556 418 169 -99 -49 28 -96
