1533766542.406071 691 691 693 673 740 671 -1408 -818 8192 342 -214 129 29 31 2
1533766542.4708 692 691 694 673 741 672 -1462 -778 7956 274 182 207 28 29 3
1533766542.5382519 692 691 693 673 740 671 -1512 -766 8090 402 -177 -139 27 28 5
1533766542.5910914 691 691 693 673 740 671 -1404 -756 8134 422 61 -77 27 29 3
1533766542.6691976 691 691 693 673 740 671 -1412 -820 8198 -224 189 -661 28 31 1
1533766542.7335923 691 691 693 673 740 671 -1404 -828 8016 148 58 -501 26 29 5
1533766542.7918415 691 691 693 673 740 671 -1374 -808 8210 47 -203 -593 28 29 4
1533766542.86464 692 691 693 673 740 671 -1348 -854 8086 48 175 -444 28 29 2
1533766542.9311702 691 691 693 673 740 672 -1424 -754 8026 -10 316 -274 27 29 2
1533766543.0003397 691 690 693 673 740 671 -1394 -1092 8140 106 -287 -1001 28 28 5
1533766543.0861366 691 691 693 673 740 671 -1456 -1034 8078 444 -91 -279 25 28 5
1533766543.2314932 692 691 693 673 740 671 -1410 -918 8142 819 -772 -448 24 27 0
1533766543.275432 692 690 693 673 740 671 -1148 -710 8178 511 8 323 27 28 3
1533766543.3066757 691 691 693 673 740 671 -1314 -774 8198 395 -9 165 26 27 2
1533766543.337918 691 690 693 673 740 671 -1326 -882 8106 216 -8 -82 26 23 4
1533766543.3766372 691 691 693 673 740 671 -1222 -784 8226 609 -528 -361 24 26 3
1533766543.458287 691 690 693 673 740 671 -1126 -688 8190 -135 -95 -721 22 25 2
1533766543.525682 691 691 693 673 740 671 -1168 -964 8050 434 -176 -835 25 26 1
1533766543.589873 691 691 693 673 740 671 -1176 -594 8092 323 -77 -1529 23 27 2
1533766543.6523046 691 690 693 673 739 671 -792 -924 7876 -338 1212 -626 23 28 2
1533766543.7593987 691 690 693 673 740 671 -1386 -810 8138 -509 797 -360 22 23 4
1533766543.7917824 691 691 693 673 739 671 -912 -916 7986 881 -283 689 24 25 1
1533766543.8546097 690 690 693 673 739 671 -1218 -624 8196 -354 1818 499 23 25 2
1533766543.9170947 691 691 693 673 740 671 -996 -968 8034 95 2028 2613 24 26 4
1533766543.9912183 691 690 693 673 740 671 -1914 -820 8202 -12 1446 1067 23 27 4
1533766544.0580764 691 691 693 673 740 671 -1630 -900 7934 -332 340 -159 27 28 5
1533766544.1228824 691 691 693 673 739 671 -1496 -794 8070 316 418 415 24 30 5
1533766544.185316 691 691 693 673 739 671 -1514 -852 8146 318 -190 298 25 30 5
1533766544.2533934 691 690 693 673 740 671 -1576 -912 7986 152 216 206 28 30 6
1533766544.307124 690 690 693 673 739 671 -1580 -766 8122 118 122 -115 27 31 2
1533766544.4164717 691 690 693 672 739 671 -1490 -878 8082 298 -14 229 29 32 5
1533766544.4497342 690 690 693 673 739 671 -1556 -806 8068 282 217 -67 27 30 3
1533766544.5129704 691 690 693 673 739 671 -1546 -756 8040 118 154 43 25 30 5
1533766544.5731857 691 691 693 673 739 671 -1580 -870 8090 87 335 -59 27 31 3
1533766544.6356695 691 690 693 673 739 671 -1548 -836 8032 181 219 -220 29 31 4
1533766544.7086458 691 690 693 673 740 671 -1570 -774 8074 318 -22 254 27 30 6
1533766544.7606165 691 691 693 673 739 671 -1550 -820 8156 85 205 -113 27 32 4
1533766544.823137 691 690 693 673 739 671 -1556 -840 8066 368 27 138 28 29 5
1533766544.901259 690 690 693 673 739 671 -1492 -750 8128 406 -69 420 27 32 6
1533766544.966248 690 690 693 673 739 671 -1624 -848 8076 -8 475 127 26 30 4
1533766545.0567336 691 690 693 673 739 671 -1676 -836 8026 189 231 -4 27 33 4
1533766545.0880167 691 690 693 673 739 671 -1492 -806 8104 134 40 -107 27 31 6
1533766545.1504605 691 690 693 673 739 671 -1558 -836 8120 78 363 -27 28 31 4
1533766545.2226305 691 690 693 673 739 671 -1560 -842 8096 129 38 150 25 30 5
1533766545.276237 691 690 693 673 739 671 -1722 -922 8120 93 443 -86 29 32 5
1533766545.3526042 691 690 693 673 739 671 -1554 -862 7988 246 -146 156 26 32 4
1533766545.4079232 691 690 694 673 739 671 -1584 -780 8168 360 144 109 26 32 3
1533766545.4839425 691 690 693 673 739 671 -1658 -812 8086 195 -143 154 27 31 4
1533766545.5438411 691 690 693 673 739 671 -1638 -848 7994 238 291 -102 28 32 4
1533766545.606328 691 690 693 673 739 671 -1488 -766 8008 399 -217 110 27 31 4
1533766545.7223852 691 690 693 673 739 671 -1568 -776 7994 422 186 346 28 34 5
1533766545.7513077 691 690 693 673 739 671 -1484 -716 8062 167 40 98 28 31 4
1533766545.8065343 690 690 693 673 739 671 -1552 -776 8088 228 275 118 27 31 6
1533766545.8711584 690 690 693 672 739 671 -1434 -832 8022 372 21 837 26 32 3
1533766545.933608 691 690 693 673 739 671 -1684 -704 8174 327 87 370 27 32 3
1533766546.0024168 691 690 693 673 739 671 -1526 -772 8050 358 -158 263 27 31 4
1533766546.0569859 691 690 693 673 739 671 -1604 -618 8184 245 196 123 27 31 3
1533766546.1194715 691 691 693 672 739 671 -1536 -694 8062 149 196 7 28 31 3
1533766546.181956 691 690 693 673 739 671 -1634 -738 8088 -68 302 -452 28 31 5
1533766546.2608576 691 690 693 673 739 671 -1586 -742 8024 -6 605 -226 26 31 5
1533766546.3389554 691 690 693 673 739 671 -1534 -730 8132 389 -16 413 27 31 3
1533766546.3769257 691 690 693 672 739 671 -1610 -656 8112 340 -66 225 28 31 3
1533766546.455029 691 690 693 673 739 671 -1602 -680 8064 510 -66 489 28 33 5
1533766546.52119 691 691 693 673 739 671 -1602 -720 8070 659 -478 598 26 31 4
1533766546.5890074 691 690 693 673 739 671 -1486 -588 8104 965 -404 1146 27 32 6
1533766546.651526 691 690 693 673 739 671 -1538 -456 8114 158 519 141 27 31 4
1533766546.7198308 691 691 693 673 739 671 -1466 -562 8160 166 222 -101 27 29 3
1533766546.7759933 691 690 694 673 739 671 -1696 -708 8152 -209 820 -277 27 30 3
1533766546.8541014 691 691 694 673 739 671 -1604 -674 7954 1610 1516 1506 27 32 2
1533766546.9166372 691 690 693 673 739 671 -1668 -390 8080 451 526 -758 26 31 3
1533766547.0232098 691 690 694 673 739 670 -1734 -344 8264 -636 -948 -849 26 32 7
1533766547.0548232 691 690 693 673 739 671 -1610 -546 8036 -940 -188 -1115 25 32 5
1533766547.1173093 691 691 693 673 739 671 -1464 -752 7922 409 -548 -1067 26 31 6
1533766547.1797924 691 690 693 673 739 671 -1554 -560 8170 718 -28 -168 27 33 4
1533766547.2583265 691 690 694 673 739 671 -1512 -502 8210 597 -177 -42 26 30 4
1533766547.322991 691 690 694 673 739 671 -1474 -496 8110 373 255 -60 25 29 3
1533766547.3765402 691 690 693 673 739 671 -1594 -558 8220 547 102 -9 26 31 3
1533766547.4517605 690 690 693 673 739 671 -1514 -494 8010 308 181 -90 24 31 3
1533766547.516806 690 690 693 672 739 670 -1578 -438 8148 405 113 -77 25 30 6
1533766547.574191 690 690 693 673 738 671 -1488 -580 8094 92 245 56 24 30 4
1533766547.6679246 691 690 693 673 739 671 -1660 -500 8140 262 299 63 25 29 5
1533766547.6991599 691 690 693 673 739 671 -1468 -548 8020 122 78 -297 24 31 3
1533766547.760386 691 690 693 673 739 670 -1558 -436 8146 329 162 248 25 34 4
1533766547.8385298 691 690 693 673 739 671 -1548 -492 8062 301 155 -179 22 30 3
1533766547.9009788 691 690 693 673 739 671 -1604 -426 8190 334 172 224 23 31 4
1533766547.9692037 691 690 693 673 739 671 -1468 -470 8092 94 114 -356 24 31 7
1533766548.033483 691 690 693 673 739 670 -1524 -478 8138 153 296 27 24 30 4
1533766548.0919473 691 690 693 673 739 671 -1568 -514 8096 -46 301 -449 23 30 4
1533766548.1543953 691 690 693 673 740 671 -1574 -474 8110 234 253 51 24 32 5
1533766548.2263916 691 690 693 673 739 671 -1550 -470 8132 80 73 -272 24 31 4
1533766548.321863 691 690 693 673 739 671 -1444 -516 8006 473 525 413 21 31 4
1533766548.3411345 691 690 693 673 739 671 -1656 -440 8222 264 83 125 22 30 5
1533766548.4192421 691 690 693 673 739 671 -1580 -464 8092 145 227 105 24 31 6
1533766548.486731 691 690 693 673 739 671 -1550 -394 8074 228 351 -137 24 30 5
1533766548.549426 691 690 693 673 739 671 -1652 -550 8096 62 157 67 23 31 5
1533766548.6073241 692 691 693 673 740 671 -1552 -566 7976 144 -588 -204 23 32 5
1533766548.6698084 692 691 693 673 730 671 -1214 -518 7902 26 206 -85 25 32 3
1533766548.7462318 692 691 693 673 719 671 -1658 -486 8264 523 -608 328 25 31 5
1533766548.8071887 691 691 693 673 716 671 -1196 -516 8092 391 1026 -379 22 30 3
1533766548.876818 692 691 693 674 708 671 -1712 -316 8376 290 -363 -106 24 28 2
1533766548.966989 692 692 694 674 707 671 -1560 -400 8296 1261 -513 1110 24 29 3
1533766549.0138972 691 690 693 673 713 670 -1078 -264 8042 683 833 346 23 29 4
1533766549.0751219 690 689 693 673 715 670 -1556 -190 8184 503 -211 751 23 29 3
1533766549.137607 692 692 694 673 705 670 -1522 -266 8212 43 -553 -80 23 30 1
1533766549.200093 691 692 693 673 709 670 -1318 -320 8214 270 113 -28 21 29 3
1533766549.2758386 690 692 693 673 709 669 -1392 -236 8246 540 -427 533 24 29 2
1533766549.3345604 688 688 693 672 704 669 -1530 -424 8214 219 -33 -477 22 28 3
1533766549.4081955 689 689 693 672 703 669 -1740 -426 8568 826 81 -2088 21 29 -1
1533766549.477154 690 689 693 673 708 670 -1090 -32 7634 -1014 1187 -4904 21 28 1
1533766549.5434668 693 692 694 674 712 670 -1018 -386 8328 231 -757 -630 19 28 3
1533766549.6372182 693 693 694 674 716 670 -1736 -356 8090 -459 528 -1409 18 28 3
1533766549.6684382 692 692 694 674 717 670 -1150 -408 8146 535 122 105 21 27 2
1533766549.7418492 693 693 694 674 719 671 -1392 -388 8140 419 155 90 21 26 2
1533766549.8059423 695 695 694 675 721 671 -1316 -478 8094 83 -122 -290 18 27 3
1533766549.8684294 695 694 695 675 722 671 -1398 -402 8142 296 80 48 19 25 4
1533766549.9309144 694 693 694 675 722 671 -1382 -432 8128 14 310 -249 17 27 3
1533766550.0000331 693 693 694 674 722 671 -1332 -382 8270 287 162 222 20 28 3
1533766550.0605965 693 692 694 674 723 671 -1378 -376 8090 105 363 -157 21 27 4
1533766550.123082 693 692 694 674 724 671 -1364 -362 8140 200 300 136 20 28 3
1533766550.185567 693 692 694 674 723 671 -1460 -478 8180 -11 483 -191 19 26 3
1533766550.2908313 693 692 694 674 724 671 -1374 -378 8124 282 63 153 18 28 4
1533766550.3220737 693 692 694 674 725 671 -1370 -386 8204 149 152 -195 18 28 3
1533766550.3920865 693 693 694 674 726 671 -1448 -468 8172 205 301 -12 21 27 4
1533766550.4574609 693 692 694 674 725 671 -1424 -382 8172 142 137 -94 20 26 4
1533766550.521657 694 692 694 674 726 671 -1398 -386 8110 172 247 -60 19 28 3
1533766550.574937 694 693 694 674 727 671 -1386 -406 8122 279 178 85 18 27 4
1533766550.6374238 694 693 694 675 727 671 -1488 -432 8132 128 200 -176 18 27 3
1533766550.7155304 694 693 694 674 728 671 -1404 -374 8180 288 74 163 19 27 4
1533766550.7768335 694 693 694 675 728 671 -1374 -458 8136 261 100 21 19 28 5
1533766550.8393562 694 693 694 674 728 670 -1408 -394 8206 349 86 130 19 27 4
1533766550.9330478 695 693 694 674 728 671 -1414 -490 8182 83 57 -178 19 27 4
1533766550.972078 695 694 694 675 729 671 -1474 -326 8290 137 178 -75 20 28 4
1533766551.0375216 695 694 694 675 729 671 -1356 -412 8042 306 185 285 20 27 4
1533766551.0919197 695 694 694 675 730 671 -1442 -412 8214 111 116 -272 20 28 4
1533766551.1543615 695 695 694 675 731 671 -1404 -372 8150 196 56 31 20 29 3
1533766551.230416 695 695 694 675 731 671 -1408 -444 8124 218 172 -4 20 28 4
1533766551.291623 696 695 694 675 731 671 -1482 -460 8180 190 128 -55 20 28 3
1533766551.359724 697 697 694 675 732 672 -1434 -408 8126 388 109 173 17 28 3
1533766551.4079542 697 697 694 675 732 671 -1410 -412 8112 248 67 9 17 27 4
1533766551.4857385 696 695 694 675 732 671 -1408 -402 8208 267 130 83 20 28 5
1533766551.5756392 696 695 694 675 732 671 -1402 -338 8190 167 322 -13 18 29 4
1533766551.6068816 695 695 694 675 731 671 -1464 -368 8194 257 42 -88 18 29 4
1533766551.669367 696 694 694 675 732 671 -1454 -390 8124 367 -9 267 20 26 4
1533766551.744956 695 693 694 675 731 671 -1454 -328 8144 103 -247 -315 19 28 3
1533766551.8078365 694 693 694 675 731 671 -1378 -382 8148 229 318 33 21 28 3
1533766551.870903 694 693 694 674 731 671 -1464 -402 8152 215 150 -85 19 25 3
1533766551.9333894 693 693 694 674 730 670 -1370 -410 8146 210 -51 22 19 26 4
1533766552.0027933 694 693 694 674 731 671 -1354 -360 8184 213 128 -23 17 27 4
1533766552.0593245 693 693 694 673 730 671 -1332 -380 8126 133 440 1 19 28 3
1533766552.1218405 693 693 694 673 730 671 -1358 -482 8226 253 26 538 19 26 3
1533766552.2233484 693 693 694 674 730 670 -1290 -382 8114 93 162 186 20 27 3
1533766552.2582524 694 693 694 674 730 670 -1468 -224 8250 355 -84 869 18 27 3
1533766552.3221736 693 692 693 674 728 670 -1248 -420 8032 115 33 882 20 28 3
1533766552.3765564 693 692 693 674 722 670 -1244 -340 7972 40 119 -54 18 29 1
1533766552.4390416 693 692 693 674 720 670 -1304 -310 8128 -68 79 149 20 28 1
1533766552.5157654 693 691 693 674 719 670 -1508 -298 8162 -89 -41 778 20 27 2
1533766552.5753608 693 691 693 674 717 670 -1304 -340 8196 394 -207 495 21 26 2
1533766552.6378472 693 691 693 674 714 670 -1260 -326 8094 74 362 43 19 26 1
1533766552.7003872 692 691 693 673 712 670 -1390 -472 8138 440 217 427 18 26 2
1533766552.7596576 692 691 693 673 710 670 -1362 -382 8304 477 81 238 20 28 4
1533766552.8533847 691 690 693 673 708 670 -1404 -382 8236 716 -323 -77 21 28 1
1533766552.9002512 692 691 694 674 711 670 -1422 -172 8200 187 0 -548 21 28 2
1533766552.968478 692 691 693 673 712 670 -1102 -282 8210 716 -806 -68 17 26 2
1533766553.0362952 692 691 694 674 714 670 -1322 -216 8152 775 -629 -315 19 28 2
1533766553.0916307 693 692 694 674 717 670 -964 -214 7894 583 -547 68 18 26 2
1533766553.1540787 692 692 693 674 718 670 -1326 -288 8252 652 -102 -37 18 24 1
1533766553.2321217 693 692 694 674 720 670 -1062 -104 8162 235 223 -265 18 23 2
1533766553.297472 692 691 694 674 720 670 -1068 -206 8194 143 -40 -237 17 23 2
1533766553.361298 692 691 694 674 721 670 -1222 -130 8184 241 274 -95 17 26 3
1533766553.4237845 692 692 694 674 721 670 -1198 -148 8158 224 -30 -67 18 24 2
1533766553.5314677 693 692 694 674 722 670 -1100 -170 8086 240 222 -38 18 23 1
1533766553.559314 694 693 694 674 723 670 -1124 -232 8170 306 209 147 18 23 0
1533766553.621801 693 692 694 674 723 671 -1158 -186 8216 127 435 -175 18 24 0
1533766553.6842854 693 693 694 674 724 671 -1232 -184 8218 123 135 -166 19 26 2
1533766553.7548254 694 693 694 675 725 671 -1224 -164 8202 92 387 -149 18 26 2
1533766553.8071363 693 692 694 674 725 671 -1254 -130 8204 161 244 -30 18 24 1
1533766553.8695798 694 693 694 674 725 671 -1152 -248 8122 181 121 -80 17 25 2
1533766553.948735 694 693 694 675 726 671 -1192 -180 8206 305 330 73 20 26 2
1533766554.012927 694 692 694 675 726 671 -1196 -192 8136 200 151 -60 19 24 2
1533766554.0752254 694 692 694 674 726 671 -1326 -204 8226 215 195 65 19 24 3
1533766554.1689205 694 692 694 675 726 671 -1210 -166 8146 256 297 -37 20 27 -1
1533766554.2095482 695 694 694 675 728 671 -1234 -198 8176 161 269 -291 17 25 4
1533766554.2605176 694 692 694 675 728 671 -1292 -180 8132 135 97 -204 15 25 2
1533766554.328773 695 693 694 675 727 671 -1290 -194 8190 308 113 14 19 25 1
1533766554.3921752 695 694 694 675 729 671 -1230 -136 8176 173 241 -114 20 25 4
1533766554.4674118 695 694 694 675 729 671 -1230 -266 8120 188 37 -95 16 25 3
1533766554.526674 696 694 694 675 729 671 -1316 -282 8240 132 542 52 17 25 1
1533766554.5891607 696 694 694 675 729 671 -1312 -180 8144 245 358 -119 18 25 1
1533766554.6516442 696 695 694 675 729 671 -1372 -158 8180 215 535 -73 18 27 3
1533766554.7328854 695 694 694 675 729 671 -1426 -218 8256 173 354 -118 19 26 4
1533766554.810568 695 693 694 675 729 671 -1364 -444 8008 926 -794 -166 19 27 4
1533766554.8574321 695 693 694 675 729 671 -1206 -30 8224 631 -363 12 17 27 2
1533766554.9199173 694 693 694 675 729 671 -1150 -24 8132 -142 597 -315 17 26 4
1533766554.9914393 694 693 694 674 729 671 -1370 -246 8140 -223 912 107 17 25 3
1533766555.0550199 693 692 694 674 729 671 -1426 -318 8102 281 -11 -45 16 26 5
1533766555.117505 693 693 694 674 729 671 -1246 -76 8204 299 83 85 17 28 5
1533766555.1823955 693 692 694 674 728 671 -1314 -162 8124 58 286 -25 16 25 2
1533766555.2451236 693 692 694 674 729 671 -1404 -228 8198 286 251 6 17 27 2
1533766555.3083618 693 692 694 674 729 671 -1292 -172 8108 221 147 10 17 28 5
1533766555.3708456 692 692 694 674 729 671 -1328 -154 8182 176 169 -152 19 28 3
1533766555.480194 693 692 694 674 729 671 -1390 -174 8110 133 238 -40 16 26 3
1533766555.5182285 692 692 694 674 729 671 -1324 -162 8174 271 73 75 18 25 2
1533766555.5577786 693 692 694 674 729 671 -1328 -206 8162 275 109 116 17 26 6
1533766555.620262 693 692 694 674 729 671 -1458 -134 8162 108 367 -122 17 26 5
1533766555.6984196 692 691 694 674 729 671 -1356 -126 8222 103 171 -20 18 28 2
1533766555.760855 692 691 694 673 729 671 -1346 -166 8138 238 92 -46 17 24 4
1533766555.8233414 692 691 693 674 729 671 -1354 -220 8088 212 62 66 18 28 2
1533766555.8858767 692 691 694 674 729 671 -1402 -156 8116 239 116 122 18 28 4
1533766555.95573 692 691 693 673 728 670 -1154 -206 7964 320 296 408 18 28 3
1533766556.0224926 691 691 693 673 728 670 -1392 -82 8092 398 325 361 17 28 3
1533766556.1069562 692 690 693 673 728 670 -1538 -138 8424 278 -738 879 17 28 4
1533766556.1381972 691 690 693 673 725 670 -1412 -32 8112 484 108 762 16 27 1
1533766556.2119615 691 689 693 673 717 670 -1430 40 8280 419 114 207 16 26 2
1533766556.2758427 690 689 693 673 713 670 -1242 -76 8230 363 -529 561 16 28 0
1533766556.3383796 690 688 693 673 710 670 -1244 -42 8174 166 -302 -122 18 26 3
1533766556.3924475 691 690 693 673 711 670 -1290 -72 8178 246 307 -12 17 24 2
1533766556.4688969 691 689 693 673 714 670 -1316 -70 8218 230 3 152 16 25 3
1533766556.5267541 689 687 692 672 714 669 -1130 -68 8184 369 59 33 16 24 1
1533766556.589239 689 687 692 672 705 669 -1070 40 8046 12 -337 -304 14 24 2
1533766556.6517246 690 688 693 672 702 669 -1312 -256 8166 351 -52 337 18 24 3
1533766556.7436497 692 691 693 673 701 670 -1250 34 8216 63 111 -249 16 25 2
1533766556.7748928 689 688 692 672 700 669 -1162 -36 8322 216 29 338 16 26 1
1533766556.8373775 690 690 693 673 699 669 -1258 -28 8196 63 4 -20 17 26 1
1533766556.8998628 690 689 693 672 699 669 -1182 -58 8296 209 -153 71 16 25 1
1533766556.9750261 689 688 692 672 698 669 -1336 -200 8382 322 97 -371 17 24 0
1533766557.042218 689 688 693 672 698 669 -1404 -182 8580 315 1632 -1811 19 24 2
1533766557.1072986 690 689 693 673 704 669 -874 94 7224 -887 -363 -3358 18 26 1
1533766557.1697862 692 690 693 674 708 669 -1214 -62 8020 646 354 448 16 25 2
1533766557.2392943 691 690 693 674 710 670 -1418 -200 8222 -278 583 -921 16 24 4
1533766557.3028378 693 691 694 674 712 670 -1240 -86 8196 367 -98 53 14 25 3
1533766557.3763232 693 691 694 674 713 670 -1226 -70 8118 157 346 -172 14 25 1
1533766557.4231966 692 691 693 674 714 670 -1420 -56 8236 17 630 102 14 26 4
1533766557.493036 692 691 694 674 715 670 -1358 -172 8164 356 104 211 17 27 1
1533766557.5595064 693 692 693 674 716 670 -1266 -48 8144 151 254 -51 17 25 2
1533766557.6220286 693 692 694 674 716 670 -1352 -60 8146 169 323 174 17 26 4
1533766557.684477 693 692 694 674 717 670 -1314 -146 8134 303 38 -18 14 26 3
1533766557.7520182 693 692 694 675 718 670 -1344 -56 8162 123 218 -151 16 25 2
1533766557.808301 693 691 694 674 718 671 -1396 -82 8226 139 378 71 15 27 3
1533766557.8743355 693 691 694 674 718 670 -1330 -164 8144 319 88 106 15 26 4
1533766557.9338944 693 692 694 674 719 670 -1326 -98 8114 182 90 -182 15 27 5
1533766558.0429206 693 692 694 674 720 671 -1360 -118 8218 156 258 81 14 26 4
1533766558.0595882 693 691 694 674 720 671 -1340 -116 8132 240 131 -7 14 27 3
1533766558.1220753 694 691 694 675 720 671 -1284 -106 8204 222 117 -75 17 27 4
1533766558.2002318 694 692 694 675 721 671 -1474 -110 8246 133 210 -89 15 25 3
1533766558.26045 694 692 694 675 721 671 -1268 -124 8126 224 25 7 15 27 3
1533766558.3229692 694 693 694 675 722 671 -1426 -92 8108 1 394 -312 15 26 2
1533766558.3758364 694 693 694 675 723 671 -1408 -130 8208 54 232 -146 13 27 1
1533766558.453732 695 693 694 675 723 671 -1344 -138 8162 371 72 217 17 28 4
1533766558.5180326 695 693 694 675 723 671 -1330 -172 8132 173 192 10 17 27 3
1533766558.574604 695 693 694 675 723 671 -1398 -64 8164 127 186 -62 16 28 4
1533766558.6683319 695 694 694 675 724 671 -1374 -128 8168 228 132 -84 16 25 5
1533766558.7087655 695 693 694 675 724 671 -1436 -100 8176 168 265 5 16 27 6
1533766558.7585876 695 693 694 675 725 671 -1346 -290 8236 189 237 33 16 28 2
1533766558.8244264 695 692 694 675 724 671 -1436 -66 8278 150 172 -97 16 28 4
1533766558.902535 694 693 694 675 724 671 -1346 -150 8160 275 179 197 15 26 3
1533766558.965927 695 693 694 675 724 671 -1358 -180 8102 191 60 -55 13 27 4
1533766559.0297549 694 692 694 675 724 671 -1400 -74 8122 196 162 -82 14 26 5
1533766559.0907338 694 692 694 675 724 671 -1348 -110 8128 104 265 -2 16 28 3
1533766559.153181 694 692 694 675 724 671 -1412 -196 8160 177 16 -119 17 27 3
1533766559.2213845 694 692 694 674 725 670 -1376 -94 8156 184 89 -64 17 27 4
1533766559.3068845 694 692 694 675 725 671 -1400 -86 8208 148 235 73 16 29 4
1533766559.338123 694 692 694 675 725 671 -1354 -240 8194 199 26 -60 15 27 4
1533766559.4072628 694 692 694 675 725 671 -1380 -98 8136 265 101 -28 15 29 3
1533766559.475797 694 692 694 675 725 671 -1398 -102 8168 202 207 21 16 25 6
1533766559.5386486 694 692 694 675 725 671 -1372 -118 8196 311 6 139 15 27 4
1533766559.5897925 694 693 694 674 726 671 -1334 -170 8150 182 194 -36 14 25 5
1533766559.6678982 694 693 694 675 726 671 -1408 -160 8202 151 156 -76 16 27 3
1533766559.7328973 694 692 694 675 726 671 -1374 -152 8156 87 168 -24 14 26 2
1533766559.7915008 694 693 694 674 726 671 -1424 -144 8166 264 100 12 16 25 4
1533766559.8539858 695 693 694 675 727 670 -1358 -132 8138 223 191 25 17 26 3
1533766559.9544647 695 692 694 675 726 671 -1384 -160 8112 137 135 -52 14 28 5
1533766559.976865 694 692 694 674 727 671 -1432 -156 8186 180 176 -28 15 26 2
1533766560.04271 694 693 694 675 727 671 -1378 -124 8200 154 124 -42 16 27 5
1533766560.1051958 694 693 694 675 727 671 -1436 -144 8224 138 219 -19 16 26 4
1533766560.183342 694 693 694 674 727 671 -1252 -182 8130 104 150 11 13 28 5
1533766560.2477098 695 693 694 674 727 671 -1370 -134 8060 115 274 65 15 28 5
1533766560.3069453 694 693 694 674 727 671 -1482 -132 8266 452 -62 885 15 26 3
1533766560.376832 694 693 694 674 727 671 -1252 -172 7972 141 -466 238 16 26 4
1533766560.4443517 694 693 694 674 725 671 -1318 -166 7944 463 292 744 16 26 4
1533766560.509337 694 692 694 674 719 671 -1486 -170 8344 -66 985 605 16 27 3
1533766560.5914397 692 691 693 673 715 670 -1518 52 8288 281 173 -317 15 25 2
1533766560.6383035 692 690 694 673 712 670 -1338 -104 8082 43 -211 -326 16 27 5
1533766560.7042363 691 689 694 673 710 670 -1270 -154 8128 39 -376 -116 14 28 4
1533766560.7601774 692 690 693 674 716 670 -1270 -266 8046 238 123 262 18 27 2
1533766560.8349988 695 694 694 675 721 671 -1286 -42 8174 69 -308 -135 16 27 1
1533766560.8860183 698 697 695 676 724 672 -1294 -182 8156 53 -346 -63 17 27 4
1533766560.9485042 690 689 693 673 718 670 -1354 -88 8212 288 -245 86 16 27 2
1533766561.0249648 690 688 693 673 718 669 -1324 -96 8196 459 43 98 16 24 2
1533766561.0851066 690 688 693 673 719 670 -1326 -82 8136 449 -324 211 16 25 4
1533766561.150651 690 688 693 673 718 669 -1290 -318 8290 -5 442 -853 16 25 1
1533766561.2451036 696 694 694 676 724 671 -898 -244 7940 306 1449 -1818 13 24 2
1533766561.2750592 697 695 695 676 725 671 -962 -234 7976 208 913 672 15 26 2
1533766561.3501754 698 697 695 677 727 671 -1888 -148 8290 284 183 177 17 27 3
1533766561.4080043 697 696 695 676 727 671 -1346 -262 8082 307 -257 -261 17 29 2
1533766561.481227 696 694 694 675 725 671 -1352 10 8254 72 249 -126 15 28 3
1533766561.5428822 694 693 694 675 724 671 -1462 -236 8128 95 177 -215 16 27 4
1533766561.6053684 694 691 694 675 724 671 -1424 -164 8178 308 106 117 16 27 5
1533766561.6678534 694 692 694 675 725 671 -1382 -234 8018 89 206 -423 16 27 5
1533766561.7404113 694 692 694 675 725 670 -1392 -144 8280 161 41 -180 17 27 4
1533766561.8053465 694 691 694 674 724 671 -1398 -134 8184 254 229 236 15 27 2
1533766561.886434 693 691 694 675 724 671 -1376 -236 8044 208 113 -55 14 26 2
1533766561.9332995 694 691 694 675 724 670 -1434 -170 8158 0 213 -185 17 27 2
1533766561.9983177 694 689 694 675 725 671 -1466 -142 8174 224 255 11 18 27 5
1533766562.0598824 694 677 694 675 725 670 -1356 -220 8078 213 93 -110 15 26 2
1533766562.1223674 693 677 694 674 725 671 -1468 -162 8190 96 330 -73 17 29 4
1533766562.1849055 693 678 694 674 725 671 -1528 -230 8134 131 338 -44 17 26 3
1533766562.2556148 694 684 694 674 725 671 -1360 -228 8126 84 18 -223 15 28 4
1533766562.3075826 693 686 694 675 725 670 -1518 -128 8158 120 231 -88 16 26 4
1533766562.3760676 694 690 694 674 725 671 -1430 -214 8176 153 221 136 16 27 4
1533766562.4499388 694 691 694 674 725 671 -1382 -222 8134 168 93 -46 17 26 3
1533766562.543034 694 690 694 674 726 670 -1458 -206 8144 161 122 -80 15 27 5
1533766562.5742786 694 691 694 674 726 671 -1450 -128 8116 179 307 25 17 25 5
1533766562.6367621 694 691 694 675 727 671 -1452 -260 8160 69 210 -51 16 28 5
1533766562.7053611 696 692 694 675 727 671 -1434 -208 8088 304 39 49 16 26 5
1533766562.7603083 696 692 694 675 727 671 -1456 -210 8128 -170 298 -284 18 27 5
1533766562.8370945 696 692 695 675 728 671 -1458 -196 8152 281 108 106 14 28 5
1533766562.8881276 696 692 694 675 728 671 -1432 -316 8102 256 83 -131 16 28 3
1533766562.9662347 696 692 694 675 728 671 -1518 -220 8122 74 307 -63 16 28 3
1533766563.031103 696 692 694 675 728 671 -1478 -226 8140 184 200 147 17 27 5
1533766563.0860577 696 692 694 675 728 671 -1404 -256 8104 300 105 -1 13 27 5
1533766563.1641448 696 692 694 675 728 671 -1426 -268 8218 209 49 6 16 26 4
1533766563.221454 696 692 694 675 728 671 -1524 -200 8058 207 109 -82 16 27 3
1533766563.2759995 696 692 694 675 728 671 -1392 -198 8168 431 39 320 15 28 3
1533766563.3384717 696 692 694 675 729 671 -1360 -202 8202 -14 99 -270 15 27 5
1533766563.4074168 695 692 694 675 729 671 -1586 -236 8066 104 392 -56 17 27 6
1533766563.4794333 695 692 694 675 728 671 -1442 -294 8060 309 31 -26 15 28 5
1533766563.5433207 696 692 694 675 729 671 -1444 -132 8108 72 145 -74 16 28 2
1533766563.6058078 696 692 694 675 729 671 -1432 -254 8160 334 176 127 16 29 2
1533766563.6682925 696 693 694 675 729 671 -1514 -242 8124 127 46 -121 14 28 2
1533766563.7383661 696 693 694 675 729 671 -1438 -168 8194 274 122 164 17 28 4
1533766563.8234797 696 693 694 675 730 671 -1470 -234 8096 248 146 -9 16 27 4
1533766563.8571317 697 693 694 675 730 671 -1384 -270 8142 317 82 238 18 27 5
1533766563.919675 696 693 694 675 730 671 -1448 -262 8048 391 -81 222 16 29 2
1533766563.9953542 696 693 694 675 730 671 -1424 -198 8152 217 171 84 18 29 5
1533766564.060266 696 693 694 675 729 671 -1672 -186 8302 487 -490 548 15 27 3
1533766564.1228127 696 692 694 675 729 671 -1200 -146 8142 614 -58 839 16 26 4
1533766564.1852386 696 692 694 675 729 671 -1344 -26 8114 62 -639 396 16 28 3
1533766564.255259 695 692 694 675 728 671 -1068 -256 7930 626 -367 720 15 28 4
1533766564.3071675 694 676 694 674 724 671 -1560 -126 8100 425 503 155 14 26 4
1533766564.3762343 694 690 694 674 719 670 -1194 -86 8068 -26 -58 -212 16 23 4
1533766564.4750202 694 690 694 674 722 670 -1212 -102 8006 -75 -242 -233 19 28 1
1533766564.5175724 695 692 694 675 722 671 -1348 -234 8168 125 -20 178 14 25 4
1533766564.5740006 698 694 695 676 726 671 -1184 32 8132 33 2 -131 15 25 3
1533766564.6364868 695 692 694 675 724 671 -1328 -132 8244 184 -190 223 16 23 3
1533766564.7070353 696 692 695 675 703 671 -1420 -80 8240 244 115 44 16 24 1
1533766564.760319 696 692 694 675 703 671 -1156 -56 8168 150 -60 -309 16 25 2
1533766564.8371305 695 691 695 675 702 670 -1262 -86 8200 252 289 -115 17 24 1
1533766564.8891 695 691 695 675 702 671 -1412 -80 8324 271 150 51 14 23 3
1533766564.967207 694 691 694 675 708 670 -1290 -60 7986 226 2093 -1811 15 26 0
1533766565.032032 696 692 695 676 712 671 -1224 56 8348 -131 297 -370 15 24 2
1533766565.1161757 700 697 695 677 718 672 -1280 -218 8064 199 384 -38 16 28 4
1533766565.1474195 700 698 695 677 720 672 -1392 -24 8196 41 337 124 17 25 3
1533766565.2254806 697 694 695 676 718 671 -1346 -220 8160 -26 431 -260 15 26 2
1533766565.2905107 696 692 695 676 718 671 -1404 -212 8032 65 353 -133 15 24 4
1533766565.3543398 697 693 695 676 719 671 -1448 -76 8198 -35 322 -81 16 28 4
1533766565.407662 699 696 695 677 722 672 -1416 -220 8132 193 223 101 17 25 6
1533766565.4864786 698 694 695 676 721 672 -1458 -166 8122 -117 233 -336 17 28 5
1533766565.5433433 697 694 695 676 722 672 -1490 -144 8120 269 243 89 15 26 4
1533766565.6058295 697 693 695 676 721 671 -1366 -196 8178 -79 272 -94 15 27 3
1533766565.6683156 697 693 695 676 722 672 -1552 -198 8156 115 289 -33 18 28 3
1533766565.7759264 697 693 695 676 722 671 -1444 -200 8060 213 57 -78 17 27 3
1533766565.8071709 697 693 695 676 723 672 -1658 -196 8180 194 -317 -439 17 28 4
1533766565.8735943 697 693 695 676 724 672 -1688 -438 8392 -159 -1533 -1469 16 28 3
1533766565.9360795 697 694 695 676 724 672 -1342 -352 7782 1639 -829 -1836 17 27 4
1533766566.0201688 697 693 695 676 724 672 -1504 -106 8308 -1310 710 -4608 17 26 3
1533766566.0754538 697 693 695 676 725 672 -1554 -538 7996 809 532 -2821 11 24 3
1533766566.1535048 697 694 695 676 725 671 -1308 -258 8326 324 -2388 -4965 14 24 4
1533766566.2233138 744 703 703 734 739 740 -662 -588 8016 -104 -693 -3662 9 23 3
1533766566.2907796 748 704 704 739 741 749 -1158 -234 8268 -143 1212 -2031 7 23 4
1533766566.353263 749 704 704 741 742 752 -626 -482 8050 868 135 -1495 7 23 6
1533766566.4506218 742 703 703 734 740 743 -1008 -220 8482 -682 939 474 5 24 4
1533766566.4855294 745 703 703 737 741 748 -1084 -252 8000 532 150 -750 7 27 4
1533766566.5429666 748 704 703 740 742 750 -934 -552 8366 -432 928 921 3 24 6
1533766566.6054544 749 704 704 741 742 752 -1562 -500 8162 -559 1427 1439 8 25 6
1533766566.6679375 750 704 704 741 743 752 -1458 -616 8174 -978 461 -131 8 25 7
1533766566.742924 749 704 704 741 743 752 -1234 -640 7984 -436 414 297 9 27 6
1533766566.8054483 749 704 704 741 742 752 -1408 -734 8118 -159 410 1337 10 27 6
1533766566.874528 749 704 704 741 743 752 -1366 -828 8106 -646 433 368 10 27 7
1533766566.9370117 742 702 703 732 741 742 -1492 -812 8140 -140 390 412 12 30 6
1533766567.013225 744 703 703 734 742 743 -1398 -800 8100 -137 704 243 12 29 8
1533766567.1059453 745 703 703 735 742 745 -1602 -732 8172 -164 243 769 12 31 9
1533766567.1371875 751 704 705 742 744 753 -1630 -962 8064 -243 341 -357 13 28 8
1533766567.1996748 752 705 705 743 744 756 -1522 -908 8010 336 -9 460 14 30 8
1533766567.2596922 749 703 704 741 743 752 -1522 -986 8116 661 -76 248 16 30 6
1533766567.3378236 748 703 704 739 743 750 -1550 -796 7952 1053 -50 511 16 30 9
1533766567.392622 748 703 704 740 744 751 -1494 -670 8264 457 -15 -283 14 31 10
1533766567.4744272 748 703 704 739 744 750 -1452 -650 8028 100 537 -252 14 31 11
1533766567.52664 748 703 704 739 743 751 -1462 -704 8188 -13 1 -176 14 30 7
1533766567.6047482 748 703 704 739 743 751 -1532 -782 7992 -100 509 138 12 29 10
1533766567.667232 749 703 704 739 744 751 -1568 -684 8200 113 -44 126 16 30 5
1533766567.7682076 749 703 704 740 744 751 -1536 -854 8046 -194 256 -77 13 29 9
1533766567.7918897 748 703 704 740 744 751 -1502 -882 8040 -37 117 126 13 29 9
1533766567.8610091 749 703 704 740 744 752 -1590 -950 8094 -30 402 -251 13 27 7
1533766567.9326127 747 702 703 737 744 747 -1466 -834 8074 381 161 639 13 31 8
1533766567.9974394 746 703 703 735 743 746 -1528 -824 8102 -17 592 233 13 28 9
1533766568.0632627 746 702 703 736 744 746 -1692 -926 8060 -25 342 440 15 32 10
1533766568.1254969 746 702 703 736 744 747 -1624 -886 8096 135 362 -129 14 32 9
1533766568.1936896 744 702 703 734 744 744 -1618 -792 8088 353 80 116 16 31 4
1533766568.258546 744 702 703 734 743 744 -1660 -842 8010 37 145 -15 17 32 11
1533766568.322627 745 702 703 735 743 745 -1620 -892 7962 67 282 -115 16 33 8
1533766568.4077702 744 702 703 734 744 744 -1586 -916 8118 245 222 52 15 31 6
1533766568.4495513 743 702 702 732 743 741 -1584 -828 8080 201 71 -8 15 31 8
1533766568.5142558 746 703 703 736 744 747 -1636 -794 8178 242 103 90 14 31 8
1533766568.5759227 746 703 703 736 744 747 -1688 -894 7984 -95 356 -139 14 31 8
1533766568.638406 746 703 703 737 745 747 -1562 -916 8090 497 32 12 15 31 7
1533766568.7081056 746 703 703 736 745 747 -1738 -880 7982 382 396 119 16 31 8
1533766568.7729335 746 703 703 736 745 746 -1730 -902 7904 135 241 188 13 33 9
1533766568.8361995 745 703 703 735 744 745 -1500 -780 8148 832 -46 78 14 33 8
1533766568.893147 743 703 703 731 744 741 -1748 -536 8070 735 285 247 13 34 8
1533766568.9647057 745 703 703 734 744 744 -1512 -598 8132 -2 36 147 14 32 8
1533766569.0686414 744 703 703 734 745 743 -1540 -786 8040 -262 158 126 13 32 7
1533766569.0958116 745 703 703 734 745 744 -1734 -906 8062 189 147 287 13 31 8
1533766569.1611254 743 703 703 733 744 742 -1750 -696 8038 -160 332 169 15 33 8
1533766569.2249558 744 703 703 733 745 742 -1478 -844 8082 -373 82 39 14 30 7
1533766569.2887442 744 703 703 733 745 743 -1774 -1036 7938 -188 475 205 16 32 10
1533766569.3605552 744 703 703 733 745 742 -1812 -1120 8070 485 -287 -335 15 32 9
1533766569.4230967 742 703 702 732 744 741 -1606 -812 8028 732 -4 172 14 33 10
1533766569.4895535 741 702 702 729 744 738 -1684 -710 8104 844 19 435 13 30 8
