1533770827.314038 657 653 640 633 711 593 -4498 3704 -5926 267 -134 45 -75 144 -98
1533770827.3767998 656 653 639 633 711 593 -4580 3460 -5990 135 234 129 -76 143 -98
1533770827.4549394 656 653 639 633 711 594 -4468 3626 -5988 156 204 56 -73 144 -97
1533770827.5206318 656 653 639 632 711 594 -4510 3612 -5926 258 -89 -2 -74 143 -99
1533770827.5988638 656 653 639 633 711 594 -4672 3568 -5906 360 65 -113 -73 143 -96
1533770827.6614563 656 653 639 633 711 594 -4556 3638 -5880 85 26 8 -74 144 -98
1533770827.7237089 657 653 639 633 711 594 -4628 3424 -5962 148 336 32 -74 145 -99
1533770827.8018157 657 653 639 633 711 594 -4490 3634 -5922 128 196 -84 -74 142 -97
1533770827.8643036 657 654 639 634 711 595 -4656 3586 -5860 216 95 -51 -76 144 -95
1533770827.926788 657 654 639 634 711 594 -4534 3634 -5890 264 75 13 -76 142 -97
1533770828.0406375 658 654 640 634 711 595 -4574 3554 -5874 270 100 -38 -73 142 -97
1533770828.1500576 658 654 640 634 711 595 -4654 3556 -5862 266 82 -14 -73 142 -98
1533770828.2082431 658 654 639 634 712 595 -4558 3592 -5946 125 98 -23 -75 143 -97
1533770828.2380698 657 654 639 634 712 594 -4552 3612 -5898 218 161 24 -75 143 -95
1533770828.2849326 658 654 639 634 712 594 -4592 3570 -5970 279 96 -42 -74 141 -98
1533770828.3573623 659 655 640 635 713 595 -4548 3588 -5972 174 125 86 -72 144 -96
1533770828.4271805 659 655 640 635 712 595 -4644 3466 -5972 185 276 -18 -73 143 -97
1533770828.4959912 659 655 639 635 713 595 -4566 3636 -5916 252 2 -116 -73 146 -96
1533770828.5648062 659 655 639 635 713 595 -4550 3616 -5858 150 58 29 -73 142 -98
1533770828.6337895 659 655 640 635 713 595 -4618 3542 -5936 206 170 74 -75 143 -98
1533770828.7483165 659 655 640 635 713 595 -4508 3608 -5970 205 -65 -5 -74 142 -97
1533770828.7843874 659 655 640 634 713 595 -4672 3510 -5870 154 291 92 -73 142 -95
1533770828.8410687 659 656 640 635 713 595 -4512 3656 -5990 211 62 -85 -76 143 -97
1533770828.9088888 660 656 640 635 714 595 -4566 3544 -5950 277 73 38 -74 143 -96
1533770828.9777026 660 655 639 635 713 595 -4610 3594 -5882 230 137 -7 -76 142 -97
1533770829.0475218 659 655 639 635 713 595 -4560 3568 -5956 205 159 10 -74 143 -97
1533770829.1173294 659 655 639 634 713 595 -4614 3570 -5888 163 212 -30 -74 144 -99
1533770829.1881428 659 655 639 634 713 595 -4584 3560 -5928 160 183 -50 -74 142 -95
1533770829.2569559 659 655 639 634 712 595 -4552 3642 -5942 238 109 15 -76 143 -97
1533770829.3197691 657 655 639 632 711 594 -4498 3562 -5996 258 46 12 -74 145 -98
1533770829.4190485 658 654 640 634 713 594 -4534 3534 -5962 248 115 162 -74 143 -97
1533770829.45029 660 656 639 635 713 595 -4580 3508 -5928 382 51 -57 -74 141 -96
1533770829.528424 660 656 640 635 713 595 -4604 3532 -5886 115 131 -11 -75 141 -97
1533770829.5908823 660 656 640 635 713 595 -4578 3618 -5820 265 63 -118 -75 142 -99
1533770829.668989 661 656 639 636 714 595 -4566 3582 -5896 202 127 168 -74 143 -98
1533770829.7317283 661 656 640 636 714 595 -4608 3540 -5926 321 26 -277 -75 143 -99
1533770829.8097234 661 656 640 636 714 595 -4592 3578 -5844 127 107 57 -73 143 -97
1533770829.88316 661 656 640 636 715 596 -4484 3534 -5994 191 150 62 -74 142 -95
1533770829.951487 661 657 640 636 715 595 -4624 3618 -5882 197 160 -60 -74 144 -100
1533770830.023793 661 657 640 636 715 596 -4544 3564 -5920 188 14 -69 -74 145 -97
1533770830.0894554 662 657 640 636 714 596 -4586 3564 -5924 181 169 82 -76 143 -96
1533770830.1630635 662 657 640 636 715 596 -4614 3566 -5904 201 112 -41 -76 142 -98
1533770830.2287781 662 657 640 636 715 596 -4558 3588 -5924 200 163 165 -74 141 -97
1533770830.2911963 662 658 640 636 715 596 -4552 3522 -6026 382 53 -118 -76 141 -97
1533770830.361746 662 658 640 637 715 596 -4610 3624 -5860 124 150 18 -75 142 -97
1533770830.43489 662 658 641 637 715 596 -4570 3534 -5888 82 228 41 -74 143 -97
1533770830.4973755 662 658 640 637 715 596 -4578 3560 -5924 224 73 -48 -75 142 -96
1533770830.575482 662 657 640 636 715 596 -4560 3628 -5942 239 121 14 -74 145 -98
1533770830.6379676 661 657 640 636 715 595 -4592 3510 -5880 203 60 -30 -73 143 -98
1533770830.7160742 661 657 640 636 714 596 -4606 3540 -5894 203 135 -27 -75 143 -97
1533770830.7941806 661 657 640 636 714 595 -4556 3578 -5880 195 95 9 -75 142 -96
1533770830.8411133 662 657 640 636 715 595 -4678 3502 -5888 210 93 3 -73 144 -97
1533770830.9213092 661 657 640 636 714 595 -4580 3590 -5876 190 71 -32 -74 144 -96
1533770830.9837956 661 656 640 636 714 595 -4578 3572 -5888 128 133 -5 -74 142 -95
1533770831.0537686 660 655 640 636 713 595 -4584 3556 -5922 185 102 51 -72 143 -98
1533770831.1162689 660 656 640 636 713 595 -4630 3516 -5862 251 185 2 -75 143 -95
1533770831.1944957 660 655 640 636 713 595 -4580 3602 -5836 146 88 -49 -74 141 -96
1533770831.2569606 660 656 640 636 713 595 -4730 3556 -5814 132 253 133 -74 142 -97
1533770831.335107 660 656 639 636 713 595 -4432 3694 -6012 306 123 49 -74 144 -98
1533770831.4039612 660 656 640 636 713 595 -4788 3464 -5762 156 18 61 -74 143 -96
1533770831.4678738 660 656 639 636 713 595 -4530 3584 -5930 250 140 -82 -74 142 -99
1533770831.5303602 660 656 640 636 713 595 -4574 3624 -5888 139 123 42 -74 142 -97
1533770831.6084666 660 655 640 636 713 595 -4690 3460 -5846 232 95 -28 -74 145 -99
1533770831.6709545 660 656 640 636 713 595 -4536 3578 -5904 201 107 -108 -73 143 -97
1533770831.7490594 660 656 640 636 713 595 -4576 3600 -5926 163 119 8 -75 144 -99
1533770831.8116465 660 656 640 636 713 595 -4610 3546 -5904 170 41 -134 -74 142 -98
1533770831.890818 660 656 640 636 713 595 -4566 3588 -5928 200 132 56 -74 142 -98
1533770831.9615908 660 656 640 636 714 595 -4586 3534 -5888 151 263 -63 -74 141 -98
1533770832.029401 660 656 640 636 713 595 -4658 3542 -5868 89 163 21 -75 145 -98
1533770832.0996568 660 657 640 636 714 595 -4510 3632 -5988 264 109 -31 -75 142 -95
1533770832.187489 661 657 640 636 714 595 -4542 3698 -5936 214 -32 86 -75 143 -99
1533770832.2343528 661 657 639 636 714 595 -4818 3440 -5834 362 166 -60 -74 144 -95
1533770832.296837 660 657 640 636 714 595 -4348 3652 -6054 151 51 102 -73 143 -98
1533770832.3778696 660 657 640 637 714 596 -4742 3612 -5802 135 165 145 -76 141 -97
1533770832.4378698 661 657 640 637 714 595 -4444 3620 -5942 197 -48 22 -75 142 -97
1533770832.5161016 661 657 640 637 714 596 -4586 3592 -5890 156 157 67 -74 141 -98
1533770832.5785913 661 658 639 637 714 596 -4600 3530 -5956 380 -66 -83 -75 144 -95
1533770832.6547282 662 657 640 637 714 596 -4702 3568 -5810 359 96 -3 -76 142 -96
1533770832.7203078 661 657 640 637 715 596 -4474 3534 -5980 271 -153 39 -74 142 -99
1533770832.782792 662 658 640 637 714 596 -4682 3492 -5846 268 82 15 -74 145 -97
1533770832.8708856 662 657 640 637 715 596 -4658 3548 -5908 204 109 0 -74 143 -97
1533770832.932599 661 657 640 637 715 595 -4714 3546 -5866 297 116 -108 -74 142 -98
1533770833.0015886 662 657 640 637 715 595 -4620 3518 -5878 195 -21 -5 -75 143 -99
1533770833.057682 662 658 640 637 715 596 -4638 3530 -5908 232 193 40 -75 143 -97
1533770833.1404035 662 658 640 637 715 596 -4634 3500 -5918 199 165 -31 -76 143 -99
1533770833.204069 662 658 640 637 715 596 -4610 3604 -5868 415 42 -269 -76 142 -98
1533770833.2667818 662 658 640 637 714 595 -4606 3518 -5844 150 120 89 -74 145 -99
1533770833.3485878 661 657 640 637 714 595 -4670 3498 -5804 217 231 4 -74 143 -98
1533770833.4168127 661 657 640 637 714 596 -4632 3554 -5888 22 282 41 -75 144 -97
1533770833.4844162 661 657 640 637 714 595 -4604 3536 -5906 70 372 86 -76 144 -98
1533770833.5695636 660 657 640 637 714 595 -4534 3610 -5876 254 66 -75 -74 143 -95
1533770833.610823 660 657 640 637 713 595 -4638 3538 -5874 125 282 93 -74 144 -95
1533770833.687151 660 656 640 636 713 595 -4630 3550 -5910 137 219 75 -74 141 -99
1533770833.7536845 660 656 640 637 714 595 -4572 3550 -5976 160 203 41 -75 142 -99
1533770833.8302114 660 656 639 636 713 595 -4636 3486 -5902 66 340 -37 -73 144 -99
1533770833.887226 661 656 640 636 713 595 -4600 3684 -5838 123 297 54 -75 141 -97
1533770833.969693 660 656 640 637 713 595 -4476 3566 -5970 -31 332 130 -77 142 -97
1533770834.0382578 660 656 639 636 713 595 -4522 3668 -5934 158 284 80 -75 142 -97
1533770834.1007533 660 656 640 637 713 595 -4594 3552 -5866 439 110 -144 -74 142 -99
1533770834.1797526 660 656 640 637 714 595 -4520 3678 -5922 99 290 170 -76 141 -96
1533770834.2828705 660 656 640 637 713 595 -4602 3570 -5924 8 283 -12 -75 143 -99
1533770834.3141131 660 656 639 637 713 595 -4482 3700 -5928 236 155 -173 -75 143 -98
1533770834.388767 660 656 640 637 713 595 -4448 3634 -5870 -29 276 201 -74 143 -98
1533770834.4523945 660 656 640 637 713 595 -4564 3514 -5886 268 183 -50 -75 141 -97
1533770834.514878 660 656 640 637 713 595 -4448 3686 -5964 190 151 -6 -75 140 -99
1533770834.5930207 660 656 640 637 713 595 -4642 3610 -5934 130 251 82 -74 144 -98
1533770834.6654713 660 656 640 637 713 595 -4400 3682 -5970 221 5 -81 -76 141 -97
1533770834.7343757 660 656 640 637 713 595 -4572 3710 -5894 265 133 -20 -75 141 -98
1533770834.7968602 661 656 640 637 713 596 -4486 3610 -5960 103 230 157 -74 141 -96
1533770834.8796628 661 656 640 638 713 596 -4520 3576 -5974 293 153 -18 -75 140 -97
1533770834.952332 661 656 639 637 713 596 -4588 3700 -5850 189 41 -89 -75 143 -97
1533770835.0146568 661 656 640 637 713 596 -4394 3710 -5972 -12 320 149 -73 143 -99
1533770835.0700765 660 655 640 637 713 595 -4584 3562 -5924 79 340 22 -75 145 -97
1533770835.1537344 661 656 640 638 713 596 -4430 3710 -5938 -177 437 222 -75 144 -95
1533770835.218322 660 655 640 638 713 596 -4458 3624 -5958 3 481 -5 -76 142 -98
1533770835.2794082 661 656 641 638 713 596 -4436 3754 -5916 -79 711 154 -76 141 -97
1533770835.3646865 661 656 640 638 713 596 -4678 3412 -5912 -1016 2148 387 -75 141 -97
1533770835.4373515 661 655 641 638 713 596 -4154 3956 -5980 -177 573 776 -77 140 -100
1533770835.501348 661 655 640 638 713 596 -4180 3918 -5930 571 -92 -293 -78 138 -96
1533770835.5640945 661 655 640 638 713 596 -4158 3892 -5986 198 70 238 -76 140 -97
1533770835.6562138 660 655 640 638 712 596 -4276 3816 -5948 285 -106 -31 -76 140 -97
1533770835.7190428 660 655 641 638 713 596 -4114 3820 -6096 108 186 220 -78 141 -97
1533770835.7895627 660 655 640 638 712 596 -4274 3810 -5942 161 219 -114 -77 139 -99
1533770835.8520477 660 655 641 638 712 596 -4244 3832 -5976 -102 395 158 -77 140 -98
1533770835.931867 660 654 640 638 712 596 -4076 3910 -6048 206 196 -77 -75 139 -99
1533770836.0009701 660 655 640 638 712 596 -4222 3800 -5962 112 267 88 -76 139 -96
1533770836.0702093 660 654 640 637 712 596 -4176 3872 -6024 200 105 -74 -76 141 -99
1533770836.1396499 660 655 640 638 712 596 -4186 3876 -5988 -2 241 157 -76 138 -96
1533770836.202107 660 654 640 638 712 596 -4200 3878 -5992 139 117 -89 -76 141 -95
1533770836.2802067 660 654 640 638 712 596 -4190 3876 -6048 155 219 147 -76 139 -99
1533770836.3645084 660 654 641 638 711 596 -4228 3880 -6056 413 121 -190 -75 140 -95
1533770836.4212713 660 654 640 637 712 596 -4186 3940 -5930 103 164 19 -76 142 -98
1533770836.483756 659 654 640 637 712 595 -4236 3918 -5950 173 78 -1 -76 137 -98
1533770836.5462406 660 654 640 637 712 596 -4140 3924 -6008 227 29 16 -78 141 -98
1533770836.611809 659 653 640 637 711 596 -4174 3856 -6004 220 166 22 -75 138 -97
1533770836.6876185 659 653 640 637 711 595 -4212 4038 -5780 438 -222 -317 -76 138 -97
1533770836.765726 659 653 640 636 711 595 -4064 3784 -6052 245 -67 49 -75 139 -98
1533770836.8282757 658 653 640 638 711 595 -4276 3926 -5922 -1 -99 22 -77 139 -95
1533770836.9047875 654 652 639 630 709 594 -4188 3838 -6062 -12 40 135 -74 140 -97
1533770836.9703624 636 647 636 613 697 591 -4176 3848 -5932 255 755 -196 -77 139 -95
1533770837.053486 635 645 636 608 697 587 -4124 3976 -6050 -910 1786 181 -73 137 -96
1533770837.1207025 632 642 635 606 695 586 -3850 4224 -6020 -1429 814 502 -76 140 -95
1533770837.1926928 628 638 634 602 692 584 -4016 4152 -5924 -202 421 1031 -79 138 -96
1533770837.251584 620 630 632 598 686 582 -3934 4162 -5994 308 413 28 -76 138 -94
1533770837.329654 617 627 631 597 682 581 -4064 4118 -6252 466 74 265 -78 136 -94
1533770837.4055128 630 632 633 611 690 585 -2732 5172 -6320 3241 -3622 -543 -77 138 -94
1533770837.47026 634 633 634 626 692 587 -4516 3694 -5890 805 -344 -417 -78 137 -96
1533770837.532747 632 635 635 624 692 586 -4034 4012 -6062 5 504 92 -78 138 -97
1533770837.614422 632 635 635 614 691 586 -4112 3980 -6002 330 -46 -72 -75 138 -96
1533770837.6861756 632 635 634 607 691 586 -4094 3940 -6080 133 62 -84 -78 138 -96
1533770837.766382 634 636 634 608 693 587 -4018 4030 -6046 61 172 275 -77 138 -95
1533770837.8132482 635 637 635 607 693 587 -4178 3894 -5988 331 129 -35 -77 139 -96
1533770837.890565 634 638 635 606 692 587 -4140 3974 -5940 151 72 3 -80 138 -97
1533770837.9534917 635 638 635 606 693 587 -4084 4004 -6022 200 174 80 -78 140 -96
1533770838.0254524 636 638 635 606 694 588 -4144 3992 -5948 266 77 -26 -77 138 -96
1533770838.0911179 636 638 635 606 693 587 -4072 3994 -6072 92 119 109 -76 138 -97
1533770838.1658335 636 638 635 605 693 587 -4130 3956 -6022 241 57 26 -79 139 -95
1533770838.236602 635 639 635 605 693 587 -4178 3982 -5922 307 214 -39 -78 139 -98
1533770838.2914944 635 639 635 604 693 587 -4048 4026 -6000 237 85 42 -77 137 -96
1533770838.3738132 634 639 635 603 692 587 -4182 3876 -5944 216 179 51 -77 137 -96
1533770838.4547398 633 639 635 603 692 586 -4118 3994 -6038 246 90 -41 -78 136 -96
1533770838.501602 645 642 637 611 699 590 -4134 3910 -6056 140 266 104 -76 135 -94
1533770838.5799384 644 642 637 610 698 590 -4150 3928 -6018 363 83 -176 -77 138 -95
1533770838.6521876 644 642 636 610 698 590 -4134 4044 -6000 177 132 31 -79 137 -94
1533770838.7209432 644 642 636 610 699 590 -4078 3938 -6026 220 139 33 -79 136 -96
1533770838.7834303 639 641 636 606 696 589 -4152 3926 -5986 310 58 -120 -77 137 -97
1533770838.8606107 633 640 635 602 692 587 -4066 4004 -6024 142 161 31 -79 137 -97
1533770838.929856 635 641 635 603 694 588 -4132 3962 -5976 229 165 26 -77 138 -97
1533770838.9999378 635 641 635 603 694 588 -4202 3958 -5956 264 118 -26 -76 138 -98
1533770839.0685024 632 640 635 601 692 586 -4068 4012 -5998 168 165 20 -78 137 -95
1533770839.1832676 634 641 635 602 693 587 -4062 4014 -6038 -245 549 42 -76 138 -97
1533770839.2043302 638 642 635 605 696 589 -4012 3930 -6076 22 553 115 -76 138 -96
1533770839.2736316 639 642 636 606 695 589 -4140 4068 -5978 52 338 31 -78 138 -96
1533770839.3361187 629 639 635 599 690 586 -4040 4156 -6006 -11 325 -58 -77 137 -93
1533770839.414858 698 665 648 668 709 689 -3974 4042 -5980 97 219 18 -78 139 -94
1533770839.4846656 698 665 647 669 710 691 -4080 4108 -5958 109 226 -30 -77 138 -96
1533770839.544904 699 665 648 670 709 693 -3954 4136 -5984 114 282 4 -77 140 -95
1533770839.6114974 699 665 648 670 709 693 -4042 4078 -5972 239 228 -68 -78 138 -96
1533770839.691733 698 665 649 670 709 693 -3982 4104 -5958 135 199 71 -76 139 -95
1533770839.7544985 698 664 649 670 709 692 -3980 4186 -5986 345 59 -49 -77 136 -95
1533770839.8326044 698 665 649 670 709 693 -3968 4122 -5974 217 146 86 -79 135 -95
1533770839.8998096 698 664 648 670 709 692 -4020 4116 -6028 186 171 21 -78 137 -97
1533770839.9690619 698 665 648 670 709 693 -3992 4122 -5890 272 100 -35 -79 137 -96
1533770840.038224 698 664 648 670 709 693 -3922 4150 -6028 162 222 117 -78 137 -95
1533770840.1047542 698 664 648 670 709 693 -3962 4102 -6010 306 60 22 -77 138 -94
1533770840.1705291 698 664 648 670 709 693 -4008 4070 -6012 255 178 -63 -77 139 -94
1533770840.2330143 698 665 648 670 709 693 -4004 4098 -5976 265 169 15 -78 139 -95
1533770840.3111222 698 664 648 669 710 692 -3952 4162 -6050 167 70 -46 -79 138 -97
1533770840.3852243 698 664 648 669 709 691 -4004 4082 -5996 178 97 113 -77 137 -95
1533770840.4544947 697 664 648 669 709 691 -3972 4036 -6028 182 207 30 -79 137 -94
1533770840.5482209 697 664 648 668 709 690 -3982 4096 -5974 175 92 -53 -78 138 -95
1533770840.5794635 696 664 648 668 709 690 -3988 4076 -6032 150 120 89 -77 137 -96
1533770840.6615596 695 664 648 667 709 689 -3984 4074 -5944 173 184 33 -78 137 -95
1533770840.718875 695 664 648 667 709 688 -4066 4098 -5960 278 205 13 -78 136 -93
1533770840.7969835 693 663 648 665 708 686 -3880 4146 -6016 231 61 24 -78 138 -95
1533770840.8681598 689 661 647 660 707 680 -4046 4086 -5984 233 125 68 -79 138 -98
1533770840.9376757 689 661 646 659 706 679 -4012 4078 -5966 383 157 104 -77 136 -95
1533770841.0097592 692 662 647 662 707 683 -3954 4106 -5984 244 336 -119 -77 139 -94
1533770841.0747187 691 662 647 662 707 682 -4004 4102 -5948 172 169 188 -80 136 -97
1533770841.1521106 693 663 648 664 708 685 -3958 4090 -6036 310 42 124 -79 137 -97
1533770841.2348077 692 662 648 663 707 683 -3928 4134 -6008 382 -36 133 -79 136 -97
1533770841.282722 692 662 647 662 708 682 -4094 3932 -5986 910 -469 -18 -77 138 -96
1533770841.3651738 689 662 647 659 707 677 -4200 3964 -6112 2138 -1026 -509 -78 138 -95
1533770841.4373386 690 663 647 661 708 680 -4150 3638 -6080 1045 -118 355 -78 137 -98
1533770841.5000858 691 663 647 662 708 681 -4060 4076 -6020 555 -87 262 -77 138 -98
1533770841.5779328 692 664 647 662 708 681 -4130 3798 -6020 728 -486 -70 -79 136 -99
1533770841.6487634 693 664 648 662 709 682 -4144 3892 -6028 302 137 220 -76 138 -98
1533770841.7204077 693 664 647 663 709 682 -4208 3810 -6048 631 -159 -256 -76 137 -97
1533770841.7831285 693 665 648 662 710 682 -4178 3852 -6034 427 98 77 -79 136 -99
1533770841.845379 693 665 647 662 709 681 -4126 3826 -6042 240 -34 -68 -78 138 -99
1533770841.9379892 692 665 647 661 709 679 -4168 3776 -6042 -161 300 281 -78 137 -97
1533770841.9848511 688 664 646 657 708 675 -4108 3906 -6092 81 -38 -11 -77 137 -98
1533770842.059933 683 662 646 653 705 672 -4240 3830 -6008 61 135 112 -77 137 -99
1533770842.137756 687 664 646 656 708 674 -4154 3866 -6020 313 73 -61 -79 138 -99
1533770842.2023017 688 664 647 657 708 675 -4102 3896 -6026 161 16 38 -79 138 -97
1533770842.2678027 688 665 646 657 709 675 -4182 3858 -6082 344 100 -59 -79 136 -98
1533770842.3459244 688 665 647 657 709 675 -4124 3840 -6052 269 78 -41 -78 136 -99
1533770842.414567 688 665 647 657 709 675 -4166 3796 -6008 282 80 -24 -79 138 -97
1533770842.4695432 689 665 647 657 709 675 -4172 3786 -5988 295 119 31 -79 136 -98
1533770842.547605 689 665 647 657 709 675 -4168 3868 -6030 147 158 24 -78 136 -98
1533770842.6283855 689 666 646 657 709 675 -4196 3878 -6014 182 125 -78 -78 137 -99
1533770842.6938634 689 665 647 657 709 675 -4182 3860 -5964 -13 151 -53 -78 137 -99
1533770842.7557557 689 666 647 657 709 675 -4164 3870 -5998 23 54 -126 -77 139 -99
1533770842.8338637 689 666 647 657 710 674 -4132 3890 -6026 -100 240 94 -78 137 -100
1533770842.9023156 688 665 647 656 709 672 -4218 3874 -5996 29 239 -51 -77 136 -99
1533770842.968773 688 665 647 656 710 672 -4178 3950 -5970 24 187 60 -77 137 -96
1533770843.038076 688 665 646 655 709 670 -4198 3904 -5964 150 164 -27 -77 138 -98
1533770843.104354 684 664 645 652 708 667 -4096 3898 -6040 34 272 94 -79 134 -97
1533770843.1709924 682 663 646 649 707 663 -4144 3928 -6042 -28 353 -5 -77 138 -97
1533770843.2371955 681 662 645 648 707 661 -4182 3980 -5970 -484 316 82 -78 137 -98
1533770843.3153017 678 662 645 646 707 658 -4184 3908 -6018 -341 378 -30 -77 138 -96
1533770843.3911932 675 661 644 643 706 654 -4078 3990 -5954 -197 370 115 -79 138 -96
1533770843.4538004 675 660 644 642 705 652 -4170 3978 -5966 11 240 78 -77 137 -96
1533770843.5165188 674 660 644 643 706 654 -4058 4042 -5980 4 302 86 -78 138 -96
1533770843.5945861 678 661 645 645 706 656 -4058 4028 -6056 84 263 21 -78 135 -96
1533770843.6613317 674 660 644 641 705 650 -4042 4046 -5948 198 247 86 -78 138 -97
1533770843.7239487 671 658 643 639 704 646 -4072 4118 -5968 293 126 -32 -78 136 -96
1533770843.801799 682 662 645 650 707 663 -4068 4020 -5948 -16 334 101 -77 136 -96
1533770843.8652816 681 662 645 648 706 661 -4056 4070 -5964 303 155 -89 -79 136 -97
1533770843.9377995 682 662 645 649 707 662 -4000 4056 -6046 87 145 99 -78 136 -95
1533770844.026564 677 660 645 644 706 654 -4064 3976 -6060 274 210 -84 -78 137 -98
1533770844.0700188 677 661 645 646 706 657 -4018 4138 -5894 33 183 7 -78 138 -96
1533770844.1478364 676 660 644 644 706 655 -4004 4066 -6010 210 156 10 -81 136 -95
1533770844.202719 675 660 644 643 705 653 -4080 4116 -5928 196 85 -48 -78 138 -96
1533770844.2861128 674 659 644 642 705 651 -4018 4090 -6042 102 219 34 -78 137 -95
1533770844.3552425 670 658 644 641 704 650 -4158 4076 -5866 200 155 -48 -78 136 -96
1533770844.425826 675 659 644 643 705 653 -3954 4114 -6012 199 185 61 -78 135 -96
1533770844.4957376 675 659 644 642 705 652 -4056 4098 -5992 224 58 -28 -79 136 -97
1533770844.5520227 679 660 645 647 706 658 -4050 4078 -5930 215 220 38 -79 136 -95
1533770844.625712 678 661 645 646 707 657 -4048 4110 -5918 229 217 -90 -78 134 -95
1533770844.7283256 679 661 645 647 706 658 -4032 4068 -5988 151 329 24 -79 136 -97
1533770844.7684882 678 661 645 647 706 658 -3946 4132 -5996 228 94 -35 -79 138 -96
1533770844.830724 680 661 645 648 706 660 -4058 4088 -5970 329 23 -116 -78 135 -93
1533770844.910452 680 661 645 647 706 659 -4090 4060 -5950 145 47 98 -80 137 -95
1533770844.9700427 679 661 645 647 707 659 -4014 4146 -6022 360 19 -35 -79 136 -94
1533770845.038643 680 661 645 647 706 659 -4108 4092 -5920 146 -1 34 -79 136 -95
1533770845.1167524 679 661 645 647 706 658 -4070 4046 -6028 62 289 73 -77 135 -94
1533770845.1862535 678 660 645 645 706 656 -4030 4106 -5956 122 261 -29 -79 137 -95
1533770845.2524748 678 660 645 646 706 657 -4090 4072 -5978 224 126 -56 -77 136 -94
1533770845.3149614 677 660 645 645 705 656 -4004 4128 -6004 333 34 -41 -79 138 -94
1533770845.435941 679 660 646 648 707 660 -4244 4348 -6128 344 -185 -250 -77 137 -95
1533770845.4534948 673 658 643 641 704 651 -4042 3984 -5888 -89 29 -46 -79 136 -95
1533770845.5316017 676 657 645 662 704 655 -4014 4160 -5850 -300 610 -47 -79 138 -94
1533770845.6097097 644 642 637 615 699 593 -4084 4164 -5804 244 553 -223 -78 137 -95
1533770845.6794121 643 637 636 612 697 591 -4112 4250 -5812 310 373 -50 -79 137 -96
1533770845.7356372 638 631 635 609 693 589 -4108 4042 -5840 -325 87 379 -79 138 -93
1533770845.8138788 631 623 633 631 688 586 -3982 4382 -5930 130 340 354 -79 136 -92
1533770845.8881636 622 616 632 627 682 583 -4048 4226 -5758 47 84 -39 -78 135 -92
1533770845.9537473 614 610 630 619 677 580 -3938 4274 -5996 193 173 -29 -79 135 -90
1533770846.0301883 602 609 628 610 671 576 -3898 4326 -6064 838 621 -234 -79 136 -94
1533770846.1081429 621 617 632 625 683 583 -3500 4470 -6188 -462 -1064 831 -78 134 -91
1533770846.173294 625 621 633 625 685 584 -4084 4436 -5662 693 56 -643 -78 135 -93
1533770846.2369967 632 624 634 632 689 587 -4246 3984 -5852 263 410 12 -77 136 -93
1533770846.29949 633 625 634 631 690 587 -3860 4296 -5886 147 85 -84 -79 136 -94
1533770846.38087 633 625 634 632 690 587 -4012 4188 -5942 131 210 -4 -80 136 -95
1533770846.4378643 633 626 634 632 690 587 -4060 4162 -5862 210 211 -133 -79 137 -93
1533770846.5159733 634 627 634 631 690 587 -4114 4190 -5896 239 120 -27 -79 135 -95
1533770846.578708 634 627 635 631 690 587 -4052 4202 -5866 138 329 0 -79 136 -93
1533770846.659001 676 643 643 682 700 655 -3958 4194 -5902 48 209 150 -79 134 -94
1533770846.7194636 635 628 636 635 691 591 -3996 4190 -5952 306 160 -28 -80 136 -92
1533770846.8187761 676 644 643 683 701 658 -3996 4250 -5828 160 169 71 -80 133 -95
1533770846.8681598 678 645 643 685 701 661 -3998 4228 -5966 150 153 29 -81 135 -94
1533770846.935699 678 645 644 684 701 659 -3990 4242 -5812 204 187 0 -80 134 -93
1533770847.005529 678 644 643 683 701 660 -3982 4220 -5902 168 106 37 -79 135 -93
1533770847.0707393 678 645 643 683 701 660 -4012 4208 -5896 204 41 -7 -78 135 -94
1533770847.142658 678 645 644 683 702 660 -4018 4258 -5934 237 111 -11 -78 133 -94
1533770847.204579 678 645 643 682 701 658 -4050 4248 -5826 250 95 -54 -77 134 -94
1533770847.2670646 678 646 644 682 701 658 -3998 4254 -5918 177 115 34 -78 135 -94
1533770847.3504822 676 645 643 681 702 655 -4048 4160 -5892 282 152 -7 -80 134 -93
1533770847.4191604 675 645 643 680 701 654 -4018 4254 -5962 206 143 -5 -78 135 -94
1533770847.517605 681 646 643 684 705 655 -4094 4192 -5856 257 174 -96 -80 134 -93
1533770847.5488482 681 647 644 684 705 655 -3942 4304 -5924 209 84 -45 -79 136 -93
1533770847.627005 682 647 644 684 706 655 -4054 4194 -5902 167 161 45 -79 135 -94
1533770847.6961558 683 647 644 685 706 656 -4092 4254 -5862 201 286 3 -78 136 -95
1533770847.7510815 679 646 644 681 703 654 -4050 4250 -5900 235 79 -41 -80 135 -94
1533770847.8294392 678 646 644 680 703 653 -4052 4184 -5898 353 22 -75 -79 137 -93
1533770847.9034214 677 647 643 680 703 653 -3992 4194 -5816 163 171 25 -79 135 -94
1533770847.9697583 677 647 644 679 703 653 -4010 4196 -5922 286 134 -80 -79 135 -95
1533770848.042618 677 647 643 680 703 654 -4010 4218 -5850 129 98 -6 -79 133 -94
1533770848.1097786 676 647 643 679 702 653 -3942 4220 -5906 162 94 150 -78 136 -94
1533770848.1883109 678 647 643 680 703 654 -4038 4130 -5892 262 181 37 -78 136 -93
1533770848.2508 677 647 643 680 703 653 -4052 4198 -5928 146 125 -32 -80 136 -93
1533770848.3132892 678 647 644 680 704 653 -4012 4210 -5904 211 164 43 -79 133 -94
1533770848.3882535 681 648 645 684 704 659 -4040 4240 -5912 283 30 -33 -81 135 -92
1533770848.451844 684 649 645 687 706 663 -3982 4182 -5948 63 247 237 -81 136 -94
1533770848.5144725 684 649 645 687 705 664 -4108 4186 -5850 375 75 -147 -79 135 -94
1533770848.5959563 683 650 645 687 705 664 -3938 4270 -5922 58 217 112 -79 135 -95
1533770848.6673045 683 649 645 686 704 663 -4084 4178 -5880 319 96 -110 -78 134 -96
1533770848.7218142 683 650 645 687 704 664 -3956 4268 -5878 145 177 69 -79 135 -92
1533770848.7997646 683 650 645 686 704 662 -4052 4150 -5940 281 19 -55 -80 135 -94
1533770848.8928738 682 649 645 686 705 663 -3988 4222 -5908 -104 451 164 -79 134 -94
1533770848.9459693 681 650 645 685 704 662 -3962 4216 -5938 348 58 -45 -79 136 -94
1533770849.0162594 683 650 645 687 704 664 -4090 4242 -5904 194 256 -37 -80 134 -92
1533770849.0865355 683 650 645 686 704 664 -4030 4216 -5882 336 24 -168 -78 134 -92
1533770849.1552095 682 650 645 686 704 663 -3932 4258 -5936 125 157 23 -77 137 -94
1533770849.2188125 682 649 645 685 704 663 -4024 4178 -5918 240 100 -3 -79 135 -94
1533770849.2812974 684 650 645 687 705 664 -3952 4240 -6006 142 325 65 -80 134 -93
1533770849.3607416 683 650 645 686 704 664 -4060 4170 -5854 267 68 -120 -78 136 -92
1533770849.4343984 683 650 645 687 704 664 -3972 4226 -5952 173 175 -19 -80 137 -94
1533770849.5012677 682 650 645 686 704 664 -4012 4210 -5854 276 5 -24 -80 136 -95
1533770849.608322 683 650 645 686 704 664 -3954 4258 -5908 174 88 46 -79 136 -93
1533770849.6445746 682 650 645 686 704 663 -3984 4206 -5940 196 23 5 -80 136 -93
1533770849.7054152 682 650 645 686 704 663 -3928 4284 -5954 108 217 0 -80 135 -94
1533770849.7692165 681 649 644 684 704 660 -3980 4180 -5966 237 74 29 -80 135 -93
1533770849.8317018 681 649 644 684 704 661 -4024 4258 -5916 312 94 -155 -80 137 -94
1533770849.915023 680 648 645 683 703 658 -4254 4196 -6094 -219 164 168 -80 133 -95
1533770849.982924 675 647 643 678 702 653 -3966 4234 -5892 -436 317 121 -78 135 -93
1533770850.0534737 637 632 636 636 693 592 -3998 4364 -5936 -307 127 -149 -77 134 -95
1533770850.1217718 635 629 635 631 691 589 -4072 4186 -5814 451 591 -323 -78 134 -91
1533770850.188102 630 624 635 627 688 587 -4116 4118 -5938 -630 1147 87 -80 135 -95
1533770850.2970347 623 619 632 624 683 584 -3978 4310 -5986 -203 661 -50 -80 136 -93
1533770850.3282506 618 617 632 619 681 582 -3902 4252 -5922 -210 509 31 -80 136 -93
1533770850.4103818 614 614 630 615 678 581 -3840 4340 -5980 27 454 64 -79 136 -91
1533770850.4749 617 616 631 614 681 581 -3868 4236 -6012 517 221 -156 -78 136 -91
1533770850.5530083 616 618 632 620 681 582 -3978 4002 -6100 -185 -2159 1934 -79 136 -93
1533770850.619454 622 621 633 623 684 583 -4142 4532 -5664 908 -187 -608 -80 133 -93
1533770850.6989899 620 623 633 620 683 583 -3926 4150 -5942 -48 369 145 -78 133 -92
1533770850.7678812 622 621 633 623 683 583 -3892 4376 -5862 399 36 -58 -81 133 -92
1533770850.8340106 622 621 633 623 683 584 -4016 4254 -5862 137 231 35 -79 134 -93
1533770850.906726 667 637 641 673 694 654 -3952 4338 -5870 255 170 -92 -78 135 -96
1533770850.9837656 667 638 642 677 694 658 -3994 4266 -5832 202 228 -10 -80 136 -94
1533770851.0383327 664 637 641 675 693 655 -3946 4298 -5888 321 97 -54 -80 134 -93
1533770851.1008172 667 638 642 678 694 658 -3986 4256 -5788 156 272 81 -79 134 -95
1533770851.185915 666 638 642 678 693 658 -3982 4296 -5952 262 160 -39 -79 135 -92
1533770851.2545571 667 638 642 679 694 658 -3950 4306 -5950 208 157 39 -82 136 -93
1533770851.3105192 667 639 642 679 694 660 -3982 4250 -5870 214 139 23 -79 135 -94
1533770851.393026 667 639 642 680 693 660 -4016 4240 -5856 291 82 -43 -79 135 -93
1533770851.451712 670 640 643 682 696 661 -3922 4320 -5902 227 153 62 -79 135 -93
1533770851.5298188 671 640 643 682 695 661 -4046 4258 -5820 292 104 -37 -79 136 -94
1533770851.5923963 670 640 643 682 695 662 -3862 4368 -5842 144 62 131 -79 135 -91
1533770851.6890986 669 640 642 681 695 661 -3986 4212 -5856 213 109 94 -79 134 -93
1533770851.7354505 669 640 643 681 695 661 -3976 4352 -5816 247 143 -82 -78 134 -94
1533770851.7979271 671 641 643 682 696 662 -3904 4286 -5854 184 60 57 -78 137 -95
1533770851.879615 672 641 643 683 696 662 -4004 4330 -5868 277 108 -70 -80 132 -93
1533770851.9383657 673 641 643 683 697 662 -3966 4252 -5858 169 -12 46 -79 137 -94
1533770852.0174727 672 641 643 683 697 662 -4004 4306 -5860 283 80 -88 -79 136 -94
1533770852.0852466 672 641 643 683 697 662 -3920 4302 -5846 90 112 77 -80 134 -92
1533770852.1516159 672 641 643 683 697 662 -4034 4252 -5874 172 192 -51 -80 135 -94
1533770852.2141047 672 641 643 682 697 661 -3932 4266 -5898 152 156 -16 -79 135 -93
1533770852.2922058 672 641 643 682 697 661 -3962 4260 -5952 175 169 -44 -76 133 -93
1533770852.3888643 671 641 643 680 696 659 -3972 4308 -5924 264 114 -62 -80 135 -93
1533770852.434743 667 640 642 675 693 655 -3960 4276 -5894 243 67 -55 -78 134 -91
1533770852.5016966 668 641 642 677 695 656 -3982 4272 -5824 279 176 -98 -80 136 -94
1533770852.5641782 669 641 643 679 695 659 -3930 4348 -5912 156 112 -2 -79 134 -93
1533770852.643324 669 641 643 679 695 658 -3966 4222 -5898 244 161 22 -78 137 -94
1533770852.7018318 671 642 643 680 696 659 -3982 4298 -5860 301 148 -45 -80 135 -92
1533770852.7737901 670 642 643 679 696 659 -4014 4242 -5886 158 204 -12 -78 134 -93
1533770852.852122 670 641 643 679 695 658 -4000 4314 -5790 227 73 -62 -78 135 -94
1533770852.9205852 669 641 643 679 696 658 -3966 4216 -5932 127 182 109 -80 135 -94
1533770852.9830718 670 641 642 678 696 658 -3956 4324 -5884 377 102 -74 -79 135 -93
1533770853.0747712 670 641 643 679 696 658 -3974 4254 -5868 -1 168 142 -81 137 -91
1533770853.1254253 670 642 643 679 696 658 -3914 4382 -5910 307 95 -34 -80 134 -93
1533770853.1997359 671 642 643 679 697 658 -4036 4276 -5814 46 103 60 -79 136 -93
1533770853.2682436 671 642 643 678 697 658 -3906 4286 -5890 233 139 -1 -79 136 -92
1533770853.3359253 670 642 643 678 697 658 -3994 4290 -5886 170 231 34 -78 134 -95
1533770853.4085379 671 642 644 679 696 659 -3924 4304 -5894 251 244 -66 -81 134 -93
1533770853.4701307 672 642 643 680 697 660 -3934 4228 -5890 73 202 5 -80 135 -93
1533770853.5328467 672 642 643 680 697 659 -3978 4328 -5930 339 222 -129 -82 134 -95
1533770853.6142814 672 642 644 680 697 660 -3980 4278 -5854 272 96 -26 -77 134 -95
1533770853.68566 672 643 643 680 697 660 -3982 4266 -5860 304 99 -36 -82 134 -94
1533770853.7658753 673 643 643 680 697 660 -3956 4296 -5818 149 101 -63 -79 134 -94
1533770853.8127067 672 643 643 680 697 660 -4000 4276 -5902 224 152 -40 -80 133 -93
1533770853.8871093 672 643 644 680 698 660 -4032 4250 -5900 223 214 -6 -77 135 -94
1533770853.949595 672 643 643 680 698 660 -3990 4288 -5884 189 300 74 -78 134 -92
1533770854.032056 672 642 644 680 697 660 -4090 4170 -5870 87 372 21 -81 135 -91
1533770854.1027486 669 641 643 677 696 655 -3812 4220 -5814 26 -356 -129 -78 135 -94
1533770854.173841 626 624 635 623 685 587 -4086 4358 -5740 -183 256 -85 -79 134 -93
1533770854.236118 623 620 633 620 683 585 -3994 4462 -5938 38 1007 -151 -78 135 -95
1533770854.3162262 617 616 631 617 679 582 -3860 4506 -5814 282 639 -51 -79 134 -91
1533770854.3877695 612 617 631 608 678 581 -3904 4374 -5874 613 112 -325 -80 135 -91
1533770854.483953 611 615 631 602 677 580 -3886 4342 -5978 -21 477 198 -80 135 -92
1533770854.5306969 609 614 631 600 676 579 -3824 4490 -5874 69 389 -7 -79 135 -94
1533770854.5931845 607 611 630 600 675 579 -3760 3996 -6152 386 -268 317 -81 134 -91
1533770854.669076 623 617 633 623 684 584 -3296 4806 -5514 1059 -2405 394 -79 134 -92
1533770854.7367306 623 618 633 621 683 584 -4260 4098 -5730 802 -144 34 -81 134 -93
1533770854.7992158 623 618 632 623 683 584 -3802 4434 -5842 142 146 15 -77 132 -92
1533770854.878646 623 619 633 624 683 584 -3994 4346 -5808 248 187 -38 -81 135 -93
1533770854.949461 624 619 633 624 683 584 -3896 4418 -5858 182 107 -55 -82 134 -93
1533770855.018318 623 619 633 625 683 584 -3846 4390 -5842 219 122 12 -82 132 -95
1533770855.0862627 624 619 633 625 683 584 -3920 4374 -5786 176 166 70 -80 132 -93
1533770855.169753 624 620 633 625 683 584 -3814 4388 -5898 202 73 107 -79 134 -91
1533770855.2207384 624 620 633 625 683 584 -3878 4350 -5904 387 139 -56 -81 135 -92
1533770855.2970011 625 620 633 625 683 584 -3934 4398 -5894 197 160 -87 -80 133 -92
1533770855.3661802 625 620 634 625 683 585 -3902 4380 -5906 149 190 36 -81 133 -93
1533770855.4368439 625 621 634 625 684 585 -3940 4356 -5840 266 30 -112 -78 136 -94
1533770855.5006692 625 620 634 625 683 584 -3900 4366 -5834 228 233 28 -81 134 -92
1533770855.5632358 625 620 633 625 683 585 -3920 4340 -5900 217 123 4 -79 134 -93
1533770855.6438217 625 621 633 625 684 585 -3884 4308 -5832 162 136 -55 -80 134 -92
1533770855.7034605 625 621 633 624 684 584 -3902 4378 -5840 207 123 -12 -81 135 -93
1533770855.774357 625 621 634 624 684 585 -3910 4368 -5832 190 89 45 -79 135 -94
1533770855.8591979 625 621 633 624 683 584 -3910 4338 -5940 321 61 32 -80 135 -93
1533770855.9195886 625 621 634 624 683 585 -3956 4346 -5764 100 137 35 -80 131 -91
1533770855.9836767 626 621 634 624 684 585 -4014 4342 -5810 204 138 -47 -79 132 -94
1533770856.0580804 626 622 634 624 684 585 -3900 4436 -5772 204 153 -1 -80 135 -92
1533770856.1275532 625 621 633 624 684 584 -3884 4340 -5844 76 121 38 -80 135 -90
1533770856.1868274 626 622 634 624 684 585 -3908 4428 -5794 184 124 -51 -79 134 -92
1533770856.2531073 626 622 633 624 684 585 -3902 4380 -5924 208 103 -22 -78 134 -94
1533770856.3312151 626 622 634 624 684 585 -3962 4354 -5830 271 121 -54 -79 135 -94
1533770856.4064589 627 622 634 625 684 585 -3828 4404 -5824 129 154 72 -80 136 -94
1533770856.470009 627 622 634 624 685 585 -3924 4284 -5918 182 222 -9 -78 132 -93
1533770856.5793574 627 622 634 624 684 585 -3910 4408 -5848 181 123 -32 -83 133 -93
1533770856.6145036 627 622 634 625 685 585 -3924 4310 -5810 150 163 27 -79 132 -91
1533770856.6836154 627 623 634 624 685 585 -3932 4378 -5826 326 99 -59 -79 135 -92
1533770856.750141 627 623 634 624 685 585 -3914 4338 -5848 122 131 45 -80 134 -93
1533770856.8126252 627 622 634 624 684 585 -3982 4368 -5808 330 100 -90 -79 136 -94
1533770856.890414 627 622 634 623 685 585 -3826 4398 -5840 86 45 17 -81 135 -94
1533770856.9543781 627 623 634 624 685 585 -3964 4362 -5836 155 180 61 -81 135 -93
1533770857.027626 628 623 634 623 685 585 -3880 4382 -5836 174 101 8 -82 135 -94
1533770857.0858212 627 623 634 623 685 585 -3942 4362 -5888 280 132 57 -81 135 -94
1533770857.1649144 627 623 634 623 685 585 -3906 4404 -5818 174 81 12 -81 135 -92
1533770857.2653353 628 623 634 624 686 585 -3894 4354 -5872 210 165 102 -81 136 -93
1533770857.2965784 628 623 634 624 685 586 -3928 4362 -5800 237 127 -34 -80 135 -93
1533770857.3604517 628 623 634 623 685 586 -3896 4388 -5832 165 227 57 -80 134 -94
1533770857.4375994 628 624 634 623 685 586 -3904 4340 -5812 183 106 14 -80 134 -93
1533770857.5000863 687 645 646 692 700 683 -3852 4374 -5890 211 146 9 -79 134 -92
1533770857.578241 687 645 646 694 700 685 -3910 4392 -5862 266 74 44 -81 133 -95
1533770857.6487484 687 645 646 695 700 686 -3878 4400 -5890 130 159 38 -81 132 -92
1533770857.719357 688 645 646 696 700 687 -3946 4316 -5872 263 192 -37 -78 133 -94
1533770857.7818425 689 645 646 696 700 688 -3852 4372 -5930 281 123 -98 -81 134 -92
1533770857.85995 688 646 646 695 701 688 -3928 4300 -5850 199 178 -40 -80 133 -95
1533770857.9373307 688 646 646 696 700 688 -3852 4436 -5882 234 59 -75 -79 134 -94
1533770857.9841974 688 646 647 695 700 688 -3874 4330 -5888 179 116 98 -81 133 -93
1533770858.0573928 689 646 646 695 701 689 -3910 4368 -5872 398 28 -54 -81 133 -92
1533770858.1345654 689 646 646 696 701 689 -3956 4358 -5860 63 211 60 -80 132 -94
1533770858.2047415 688 646 646 695 701 688 -3932 4372 -5874 330 109 -27 -81 135 -94
1533770858.2688432 689 646 646 696 701 688 -3894 4390 -5846 132 173 -14 -79 132 -93
1533770858.3315735 689 646 646 695 701 688 -3902 4328 -5860 233 179 -48 -80 133 -92
1533770858.415228 689 646 647 695 701 688 -3896 4348 -5772 120 149 21 -81 131 -93
1533770858.4695723 689 646 646 696 701 688 -3892 4358 -5882 260 96 -40 -81 134 -92
1533770858.547606 689 646 647 696 701 688 -4006 4356 -5808 244 229 -73 -80 133 -92
1533770858.638418 690 647 646 696 701 688 -3876 4412 -5770 253 79 -87 -79 132 -91
1533770858.6863463 690 647 646 696 702 688 -3894 4354 -5820 230 158 -19 -80 132 -95
1533770858.7631638 690 647 647 696 702 689 -3852 4396 -5864 206 131 -19 -81 134 -93
1533770858.8308184 690 647 646 696 702 688 -3934 4366 -5888 225 188 -15 -81 135 -95
1533770858.9031131 690 647 646 696 702 689 -3924 4362 -5866 246 170 -55 -79 134 -94
1533770858.9695911 690 647 646 696 702 688 -3940 4354 -5850 248 108 -80 -81 135 -92
1533770859.0390878 690 647 647 696 702 688 -3864 4418 -5824 137 100 17 -79 133 -93
1533770859.1047895 690 647 647 696 702 688 -4006 4346 -5866 187 174 -29 -79 131 -93
1533770859.1826346 689 647 647 696 702 688 -3798 4418 -5862 165 145 27 -81 134 -93
1533770859.2520041 690 647 647 696 702 688 -4000 4332 -5794 198 237 -8 -80 133 -93
1533770859.3333519 689 647 647 695 702 688 -3938 4366 -5840 258 29 -74 -80 133 -94
1533770859.3886867 690 647 647 695 702 688 -3866 4406 -5902 152 83 59 -79 133 -92
1533770859.4508274 690 647 647 695 702 688 -3862 4342 -5918 204 68 46 -80 134 -94
1533770859.5135715 690 647 647 695 702 688 -4006 4268 -5934 240 134 -67 -82 134 -94
1533770859.591685 689 646 647 695 702 688 -3926 4320 -5834 272 22 -107 -79 133 -93
1533770859.6648128 688 645 646 692 701 683 -4076 4348 -6010 3 172 30 -81 136 -92
1533770859.733832 630 624 635 631 687 593 -3844 4420 -5700 194 128 -108 -78 133 -92
1533770859.8065002 627 622 634 620 686 588 -3858 4428 -5816 397 127 -429 -80 134 -93
1533770859.8779645 624 619 633 614 683 586 -3918 4198 -5920 -212 633 -91 -81 135 -92
1533770859.9495642 619 616 632 612 680 584 -3732 4180 -6074 -101 286 120 -80 133 -95
1533770860.0503435 610 613 631 601 676 580 -3886 4448 -5848 66 346 -54 -78 135 -92
1533770860.0815861 608 612 631 609 676 579 -3964 4448 -5908 140 686 23 -80 135 -90
1533770860.1583583 596 601 628 602 667 575 -3932 4556 -5776 -298 239 121 -80 133 -90
1533770860.2281723 591 598 627 599 665 573 -3708 4356 -5934 20 478 160 -80 134 -91
1533770860.2949307 593 600 627 600 667 574 -3798 4346 -6002 589 80 -108 -79 135 -92
1533770860.3712504 601 606 629 611 672 577 -2834 4144 -6416 754 -1164 1261 -80 133 -92
1533770860.4431736 609 611 630 619 677 579 -3998 4906 -5510 989 231 -1113 -80 134 -92
1533770860.502431 608 610 630 618 675 579 -4028 4122 -5942 303 380 32 -81 133 -93
1533770860.5692763 609 612 631 617 675 579 -3840 4556 -5796 217 -8 28 -82 134 -94
1533770860.6497512 615 616 632 622 681 582 -3952 4332 -5890 297 173 51 -82 133 -92
1533770860.7335963 665 638 641 678 696 657 -3870 4424 -5894 78 185 -29 -79 135 -95
1533770860.7804606 667 640 642 679 697 658 -3922 4466 -5878 275 93 -89 -81 134 -93
1533770860.8586006 666 640 642 680 697 660 -3940 4346 -5840 135 185 154 -80 135 -92
1533770860.928571 662 638 642 677 694 657 -3940 4368 -5856 328 104 -88 -81 133 -92
1533770860.9857779 661 637 641 677 692 657 -3876 4460 -5868 164 154 16 -80 131 -94
1533770861.0536337 662 637 642 678 693 658 -3924 4376 -5906 268 110 -38 -80 134 -91
1533770861.1380398 660 637 641 676 692 657 -3936 4352 -5800 250 108 -29 -82 132 -95
1533770861.2018518 661 637 641 676 691 658 -3886 4382 -5830 228 18 -25 -81 133 -92
1533770861.2757294 651 634 640 667 685 654 -3902 4438 -5796 221 68 32 -79 134 -92
1533770861.3348322 648 634 640 666 684 655 -3918 4428 -5798 226 78 7 -78 134 -92
1533770861.4367688 660 636 641 676 692 656 -3962 4370 -5802 138 88 -41 -79 133 -92
1533770861.4836395 661 636 641 676 692 657 -3858 4362 -5800 283 -57 -11 -80 134 -93
1533770861.5461195 660 636 641 676 692 657 -3990 4394 -5764 237 45 -53 -81 133 -92
1533770861.6117296 660 636 642 676 691 656 -3964 4392 -5836 204 81 20 -79 136 -93
1533770861.6868424 660 635 641 676 691 656 -3940 4388 -5834 166 117 -62 -80 134 -93
1533770861.7493284 658 635 641 674 690 653 -4006 4366 -5800 233 142 -127 -79 132 -93
1533770861.8274357 657 635 641 673 689 654 -3974 4338 -5840 316 177 -155 -80 133 -95
1533770861.8870747 646 633 640 664 683 653 -3936 4424 -5826 184 92 -19 -80 134 -94
1533770861.9699268 656 635 640 673 689 655 -4004 4284 -5842 252 90 -64 -80 133 -91
1533770862.0427423 657 635 641 672 688 654 -3888 4386 -5878 233 141 -46 -77 134 -93
1533770862.124998 649 633 640 666 683 653 -3994 4302 -5884 162 161 -4 -80 136 -91
1533770862.1701148 645 632 639 663 681 653 -3934 4428 -5802 226 227 -265 -82 135 -93
1533770862.2509382 643 632 639 661 679 653 -4004 4376 -5756 -101 231 -16 -80 132 -93
1533770862.315427 658 635 641 675 689 657 -3864 4338 -5960 259 106 -140 -81 132 -91
1533770862.393321 660 635 642 676 689 659 -3970 4356 -5818 126 183 153 -81 133 -92
1533770862.4538696 659 635 641 676 689 657 -3962 4294 -5926 238 222 -25 -80 134 -92
1533770862.531977 658 634 641 674 689 655 -3954 4380 -5774 258 94 -62 -80 134 -94
1533770862.597818 659 635 641 675 689 656 -3946 4374 -5870 170 210 39 -80 135 -92
1533770862.6699495 659 635 641 675 689 656 -3944 4454 -5782 65 220 83 -80 135 -92
1533770862.7327578 659 635 641 675 689 656 -3940 4390 -5858 41 298 66 -79 136 -93
1533770862.8108642 658 635 641 675 689 656 -3906 4444 -5766 154 311 214 -79 133 -93
1533770862.8779144 658 635 641 675 689 655 -3862 4368 -5898 145 183 -67 -82 133 -92
1533770862.936898 658 634 641 673 689 654 -3928 4420 -5790 279 131 -43 -80 134 -95
1533770863.0159423 659 635 641 675 689 656 -3874 4498 -5778 84 90 276 -82 134 -90
1533770863.072861 660 635 641 675 689 656 -3954 4326 -5866 218 111 -42 -81 134 -92
1533770863.1561205 660 635 642 676 689 657 -3916 4544 -5832 272 82 -62 -79 133 -91
1533770863.2193344 661 635 642 677 690 659 -4012 4412 -5824 65 182 23 -80 134 -92
1533770863.2841852 661 636 642 678 690 660 -3884 4498 -5836 661 -235 -580 -81 133 -91
1533770863.3657901 663 636 642 678 690 660 -4044 4244 -5808 -7 235 275 -81 132 -91
1533770863.436027 662 636 642 679 690 661 -3824 4512 -5790 387 78 -129 -82 135 -94
1533770863.5480745 663 636 642 679 690 661 -3918 4422 -5864 68 206 143 -81 133 -93
1533770863.5850103 663 636 642 678 690 661 -3936 4372 -5788 220 120 70 -81 134 -92
1533770863.642852 661 636 642 677 690 659 -3976 4364 -5864 204 145 37 -79 134 -89
1533770863.7116466 664 637 642 680 691 663 -3820 4414 -5780 278 209 33 -78 133 -92
1533770863.7814503 665 637 642 680 690 664 -3986 4366 -5814 165 95 -15 -79 133 -93
1533770863.8504531 664 637 642 680 691 663 -3880 4358 -5832 148 221 74 -78 132 -90
1533770863.9200814 665 638 642 680 690 663 -3868 4382 -5856 278 144 -94 -81 132 -92
1533770863.9879055 665 637 642 680 690 663 -3896 4472 -5746 71 22 45 -80 135 -94
1533770864.056716 665 638 643 680 691 663 -3922 4314 -5888 232 151 44 -84 133 -92
1533770864.1265278 665 637 642 680 691 663 -3866 4442 -5778 238 91 -25 -80 132 -92
1533770864.2432158 664 638 642 680 691 663 -3962 4342 -5798 212 214 -75 -80 132 -91
1533770864.2781367 664 637 642 679 690 662 -3886 4406 -5874 147 143 39 -81 133 -92
1533770864.334718 664 638 642 679 691 661 -3948 4384 -5806 255 154 -126 -79 132 -92
1533770864.404841 664 637 642 679 691 661 -3902 4456 -5848 124 82 64 -81 134 -94
1533770864.4690342 664 637 642 679 691 662 -3944 4368 -5846 297 101 -104 -80 135 -94
1533770864.5315197 663 637 643 679 691 662 -3976 4478 -5782 254 59 -20 -76 135 -93
1533770864.5978262 664 638 643 679 690 662 -3964 4414 -5796 184 70 1 -81 133 -93
1533770864.6808326 663 637 642 678 691 661 -3896 4492 -5832 175 107 19 -81 134 -94
1533770864.7524483 662 637 642 678 690 662 -4036 4220 -5836 141 217 -150 -81 131 -93
1533770864.8149855 658 636 642 674 687 660 -3868 4480 -5784 -67 166 169 -81 136 -93
1533770864.9198866 655 636 641 671 685 659 -3952 4272 -5950 262 323 -233 -81 134 -93
1533770864.9539006 654 636 641 670 685 659 -3850 4576 -5720 375 48 -8 -79 134 -93
1533770865.0301993 654 635 641 670 685 659 -4052 4338 -5812 516 38 20 -80 136 -92
1533770865.0893736 652 636 641 670 684 658 -3848 4396 -5836 276 -53 167 -80 134 -92
1533770865.1699564 652 635 641 669 684 659 -3946 4390 -5808 463 -64 125 -81 135 -93
1533770865.2397618 650 635 640 667 682 658 -4052 4248 -5838 139 222 218 -80 134 -94
1533770865.2987268 649 635 640 666 681 657 -3834 4454 -5898 173 220 -378 -81 134 -90
1533770865.3801334 647 634 641 664 680 656 -3886 4382 -5888 119 24 -50 -80 134 -93
1533770865.4496498 650 635 640 666 682 658 -3976 4412 -5758 402 183 -6 -80 132 -94
1533770865.518466 650 635 640 667 683 657 -3934 4426 -5796 236 226 -8 -82 132 -92
1533770865.6241965 650 635 641 666 682 656 -3928 4346 -5840 241 118 -52 -80 134 -91
1533770865.6650875 653 636 641 669 683 660 -3898 4418 -5798 196 309 -106 -79 132 -93
1533770865.7247658 654 636 641 671 684 661 -3838 4460 -5820 232 -137 -52 -80 134 -93
1533770865.7874718 650 635 641 667 682 660 -4102 4332 -5734 323 -20 107 -83 133 -92
1533770865.8729775 651 636 641 668 682 660 -3918 4372 -5862 -132 370 108 -81 133 -92
1533770865.9349492 640 635 641 674 687 663 -3842 4410 -5832 -133 206 65 -79 133 -92
1533770866.0148993 666 638 643 682 691 665 -4044 4312 -5780 151 392 -135 -81 134 -92
1533770866.0775335 667 638 643 683 691 666 -3884 4432 -5810 41 423 -277 -80 135 -91
1533770866.1562922 667 638 643 683 691 666 -3908 4446 -5822 348 218 -157 -80 133 -93
1533770866.2190392 667 638 643 683 691 667 -3886 4496 -5798 418 62 48 -81 134 -92
1533770866.3340964 667 639 643 684 691 668 -3938 4316 -5896 210 14 63 -79 135 -90
1533770866.3806634 667 638 643 684 691 667 -3960 4484 -5826 229 97 102 -80 133 -93
1533770866.419863 667 638 643 684 692 668 -3874 4380 -5820 90 30 42 -81 133 -92
1533770866.4823499 667 639 643 684 691 668 -3990 4402 -5808 151 2 -6 -79 132 -93
1533770866.5628254 668 638 643 684 692 668 -3888 4484 -5778 159 50 44 -81 135 -91
1533770866.6336372 667 638 643 683 691 667 -3948 4284 -5870 264 161 107 -81 133 -90
1533770866.7024515 667 639 643 683 691 667 -3930 4570 -5690 161 -22 81 -82 135 -90
1533770866.7712693 667 638 643 683 691 667 -3956 4240 -5862 137 166 35 -79 135 -92
1533770866.8430784 665 638 643 681 691 665 -3946 4560 -5742 409 123 -258 -80 134 -91
1533770866.9118927 663 638 643 678 689 664 -3882 4504 -5796 87 228 110 -81 134 -91
1533770867.0575035 643 634 640 663 676 662 -3952 4452 -5792 344 -110 131 -81 133 -92
1533770867.0924108 648 635 641 667 680 664 -3938 4352 -5812 388 -35 170 -77 134 -92
1533770867.1293116 646 634 640 666 677 665 -3952 4454 -5762 360 -67 280 -81 134 -92
1533770867.1931405 658 637 642 676 685 668 -3874 4348 -5864 304 -2 204 -80 133 -92
1533770867.2619574 657 637 642 676 684 668 -3958 4368 -5758 111 -66 51 -80 134 -92
1533770867.3307736 656 636 642 675 683 668 -3988 4292 -5902 248 1 -204 -79 134 -94
1533770867.4025846 655 637 642 674 683 668 -4142 4416 -5692 -156 237 152 -82 133 -91
1533770867.467457 654 637 642 674 683 668 -4036 4366 -5824 -216 757 -85 -81 133 -92
1533770867.5299764 653 637 642 672 681 668 -3758 4504 -5780 -154 580 -26 -79 132 -91
1533770867.6157968 656 638 642 675 683 669 -3754 4542 -5828 268 327 -348 -80 132 -91
1533770867.7344344 653 637 641 671 682 667 -4020 4508 -5748 233 413 -90 -80 133 -90
