0.0320704633205 0.0304054054054 0.0305743243243 0.0429777992278 0.0254826254826 0.0168436293436 0.0 0.0295125482625 0.0417566636231 0.0404196387011 0.0365270729374 0.0588345591959 0.121730199563 0.0419941403465 0.155329207088 0.0300351740899 0.0824083011583 0.0899372586873 0.0777027027027 0.160521235521 0.359097490347 0.0833494208494 0.471090733591 0.0522924710425 0.300748069498 0.235810810811 0.242398648649 0.726134169884 0.0438223938224 0.343098455598 1.0 0.200989382239
0.0194514162782 0.0210648978128 0.0164485478666 0.0208408031553 0.0 0.0120114736465 0.0199444245249 0.0126389386877 0.0368893837934 0.0443107689328 0.0282309302277 0.11217839388 0.216506613484 0.0203008491631 0.298859606474 0.0284630419057 0.101559698817 0.1365184654 0.080584438867 0.414440659735 0.697606669057 0.0368859806382 1.0 0.0718447472212 0.220419505199 0.283345285048 0.103307637146 0.274605593403 0.566511294371 0.0980638221585 0.23964682682 0.0735926855504
0.0175225319639 0.0165583735066 0.0162230140432 0.0150073359883 0.0 0.0133724586041 0.034374345001 0.0144623768602 0.0293750715906 0.0467254265113 0.0386283470909 0.115473084726 0.198421172696 0.0243543596544 0.297498783451 0.0271050238246 0.0730245231608 0.148228882834 0.128610354223 0.411444141689 0.610899182561 0.058310626703 1.0 0.0648501362398 0.144959128065 0.107356948229 0.0942779291553 0.0468664850136 0.566757493188 0.0452316076294 0.802179836512 0.0256130790191
0.0135418810455 0.0148590244906 0.0128833093229 0.00543321671126 0.0 0.0112780407491 0.0323523358716 0.0123070590657 0.0245352790439 0.0460851093598 0.0353618989599 0.108576213219 0.178770391588 0.0202599229353 0.282544951979 0.0179159528128 0.0657336900597 0.182918295946 0.115497015847 0.386787404816 0.593867050834 0.0480757357481 1.0 0.0432599300268 0.10426013583 0.155628730191 0.0785758386499 0.234286890307 0.446182342046 0.0159703642725 0.837867874048 0.056102078617
0.0288834951456 0.0294498381877 0.0275485436893 0.027427184466 0.0 0.0240291262136 0.0487459546926 0.0242718446602 0.04379618922 0.0650206254231 0.0498133368192 0.113560086378 0.193534858621 0.0357337184832 0.286710601506 0.0370249783237 0.097572815534 0.212742718447 0.141747572816 0.38786407767 0.602427184466 0.0660194174757 0.97317961165 0.0691747572816 0.17645631068 0.19854368932 0.124393203883 0.119660194175 1.0 0.0628640776699 0.95109223301 0.0533980582524
0.00950807783732 0.00906490471778 0.00817855847871 0.00769509689376 0.0 0.00612384674268 0.0135369243786 0.00833971234036 0.022445395819 0.0556394379669 0.0318707184873 0.0951990498164 0.155153421587 0.0147723564169 0.2661031781 0.0136851590529 0.0666774102574 0.220659925063 0.123242415696 0.371499939567 0.547479956488 0.0368236573869 1.0 0.0399661576891 0.105958664034 0.0886749123726 0.0541074090488 0.0352524072358 0.278796180653 0.0399661576891 0.263083679143 0.0603924096531
0.0129424412835 0.0146377770427 0.0119913992722 0.00798048296394 0.0 0.00802183261661 0.0238587495865 0.0100479655971 0.0334642127405 0.0549573456573 0.0356468461698 0.0839267335406 0.180262164164 0.0222156147305 0.275909605092 0.0230446476961 0.0985362222957 0.224321865696 0.124338405557 0.313016870658 0.629093615614 0.0566076744955 1.0 0.0598329474032 0.130788951373 0.196907045981 0.0936983129342 0.0824098577572 0.393648693351 0.0807972213033 0.55652497519 0.017904399603
0.0283420707733 0.027129750983 0.0270314547837 0.0258191349934 0.0 0.0236566186107 0.0474115334207 0.0239515072084 0.0476576470574 0.0578774297081 0.0438865744078 0.0731543929314 0.159380823063 0.0328235925852 0.214174314878 0.03970096988 0.108060288336 0.175786369594 0.105504587156 0.239678899083 0.499082568807 0.0543905635649 0.706094364351 0.0812254259502 0.155340760157 0.108060288336 0.104226736566 0.0569462647444 1.0 0.0773918741809 0.899049803408 0.0658912188729
0.0280569514238 0.0273450586265 0.0255443886097 0.0282663316583 0.0 0.0244137353434 0.0469430485762 0.0239530988275 0.0517493226712 0.0620721999656 0.0496251095946 0.0999889514854 0.192169441479 0.0408750541807 0.265917771059 0.0459881309977 0.122989949749 0.204648241206 0.132788944724 0.338567839196 0.616206030151 0.0870603015075 0.913442211055 0.109924623116 0.144221105528 0.116457286432 0.0462311557789 0.152386934673 1.0 0.047864321608 0.880778894472 0.0658291457286
0.0228988550572 0.0228988550572 0.0222988850557 0.02399880006 0.0 0.0190990450477 0.0350982450877 0.0188990550472 0.0510921941744 0.0743555516157 0.0483381047099 0.0940621787548 0.196394977026 0.0337033139725 0.270806619831 0.0410845855311 0.134243287836 0.264886755662 0.14789260537 0.346782660867 0.625618719064 0.0835458227089 1.0 0.101094945253 0.163491825409 0.163491825409 0.14009299535 0.206389680516 0.76796160192 0.0230988450577 0.639268036598 0.0308984550772
0.0141924204247 0.018923227233 0.0286419499152 0.0444798683602 0.009075950018 0.0189489381396 0.0 0.0185118527279 0.039312058865 0.0274195270282 0.0324182957629 0.0838445523585 0.0529202109296 0.0293531493667 0.0640211632897 0.0444195673373 0.116598961279 0.0534272638453 0.081503573816 0.229906926518 0.135650743045 0.0564354399136 0.175759757289 0.109579883787 0.219879672957 0.0353782074356 0.382321180645 1.0 0.41942201882 0.0343754820795 0.773384069522 0.0514218131331
0.0208233374916 0.0173687745898 0.0169849342673 0.040974954419 0.0 0.0147778524134 0.00690912580367 0.0223586987813 0.0649469202895 0.0302639205222 0.0473382019747 0.158355570654 0.0921587986445 0.0629523483403 0.071854823031 0.0889243640953 0.217829382977 0.0905863160925 0.199117167258 0.520967277613 0.296420688993 0.191632280971 0.187889837827 0.285193359562 0.214086939833 0.0793589866615 0.0643892140869 1.0 0.629498128778 0.053161884656 0.360042222435 0.273966030131
0.0158749844971 0.00688329405928 0.0109760634999 0.036214808384 0.0 0.0082475505395 0.00260448964405 0.0171772293191 0.0432961699531 0.0227061651474 0.0468984735152 0.143793031615 0.109962346275 0.0425857754139 0.0316759575776 0.0660002458711 0.146285501674 0.0640580429121 0.146285501674 0.487287610071 0.368783331266 0.129356318988 0.0834056802679 0.206746868411 0.206746868411 0.16563313903 0.0156889495225 1.0 0.434081607342 0.112427136302 0.332506511224 0.25753441647
0.0264312884034 0.0117038915439 0.0172632400273 0.0437920608602 0.0 0.0175558373159 0.0138496049937 0.0256510289671 0.0722697569376 0.0361736910733 0.0859957205899 0.183393099851 0.171268099195 0.0634533083892 0.0539844351687 0.0883503978331 0.227835755389 0.0870964595728 0.284892226665 0.631034819077 0.608212230567 0.201209402126 0.147956695601 0.292499756169 0.322929874183 0.288695991417 0.0718814005657 1.0 0.745147761631 0.0604701063103 0.205013166878 0.292499756169
0.0327919227392 0.0276997366111 0.0224319578578 0.0491659350307 0.0147936786655 0.0194907813872 0.0 0.0276997366111 0.0440414275744 0.0310726671315 0.0516295607542 0.142364940179 0.103808944413 0.0408462970113 0.0734789128213 0.0640324122756 0.101185250219 0.0549604916594 0.126865671642 0.441878841089 0.311764705882 0.0874890254609 0.155970149254 0.173090430202 0.361413520632 0.162818261633 0.0909130816506 1.0 0.388805970149 0.205618964004 0.965759438104 0.162818261633
0.0173920567621 0.00839318162153 0.0110755386346 0.0366011940815 0.0 0.0168728908886 0.00112485939258 0.00882581984944 0.0562053476541 0.0738448720412 0.0385779093748 0.129297928142 0.17125199173 0.0445530835865 0.0480886472314 0.0652091096468 0.196850393701 0.274465691789 0.122609673791 0.429696287964 0.595050618673 0.146231721035 0.159730033746 0.217097862767 0.250843644544 0.122609673791 0.0179977502812 1.0 0.44994375703 0.230596175478 0.40607424072 0.105736782902
0.02093176574 0.0162070102187 0.0164817053071 0.0417536534447 0.0 0.0157125590594 0.00895505988353 0.0181298758378 0.0436907505436 0.055663023209 0.0495788897244 0.150730253039 0.184754892602 0.0366573798361 0.0408834946796 0.0589908924402 0.134380837271 0.177233271069 0.14080870234 0.496483902868 0.629326447643 0.0979562685419 0.112954620371 0.168662784309 0.187946379519 0.0293923744643 0.0186792660147 1.0 0.661465772992 0.0486759696737 0.312218437534 0.0786726733326
0.0257247072375 0.0245728546746 0.0208613297498 0.0443463236706 0.00345555768862 0.0167658539707 0.0 0.0206053625136 0.0499124111879 0.058692258732 0.061517953656 0.164429882225 0.197706063372 0.0365387326263 0.0662525435477 0.0671722834736 0.143981570359 0.171434056441 0.191399500864 0.543290458821 0.717988097524 0.0965636398541 0.243808792475 0.208869264734 0.273756959109 0.228834709157 0.0840852370897 1.0 0.633134958725 0.114033403724 0.767901708581 0.0741025148781
0.0223350253807 0.0192258883249 0.0183375634518 0.0427664974619 0.00342639593909 0.0138959390863 0.0 0.0210659898477 0.043313797144 0.0484807401586 0.0547277940402 0.150781749125 0.217134289771 0.0383852294343 0.0924356328514 0.0620653859857 0.121510152284 0.13883248731 0.161104060914 0.480329949239 0.762436548223 0.0992385786802 0.307106598985 0.178426395939 0.203172588832 0.0819162436548 0.0472715736041 1.0 0.569416243655 0.161104060914 0.703045685279 0.153680203046
0.0249860746399 0.0183019018063 0.015994270709 0.0303174982096 0.0 0.0133683456672 0.0296013368346 0.0179040343757 0.0576004907445 0.0423241167914 0.0894645530122 0.137368982154 0.273369020187 0.0433912249672 0.193896084746 0.059979451467 0.174504655049 0.106230603963 0.295535927429 0.456910957269 1.0 0.121747433755 0.698973502029 0.186918118883 0.357603246598 0.0969205060874 0.0255430890427 0.565528765815 0.649319646694 0.127954165672 0.537598472189 0.0814036762951
0.0211906510563 0.0103253121355 0.0313431546205 0.0235019656975 0.0453622499676 0.0105197217782 0.0 0.0223355078412 0.0313465161461 0.0335158505489 0.034617984792 0.0365625829581 0.0648689793497 0.0387806439798 0.0776235222893 0.0272985667831 0.0632047349549 0.0682593856655 0.0665745020953 0.0842657795827 0.162612865598 0.0851082213678 0.228323324837 0.0471983410377 0.0573076424591 0.406920983281 0.453255281462 0.147448913466 1.0 0.399339007215 0.809608156565 0.10195705707
0.0239336492891 0.0156398104265 0.0325236966825 0.0279028436019 0.0494075829384 0.0222748815166 0.0 0.0255331753555 0.0507003876994 0.0440806122761 0.0395722555662 0.079125461126 0.0928091137532 0.0436005750127 0.155221005294 0.0429076614882 0.131279620853 0.0804502369668 0.0712085308057 0.221386255924 0.26759478673 0.0850710900474 0.487085308057 0.10355450237 0.0665876777251 0.390047393365 0.318424170616 0.138210900474 0.976895734597 0.131279620853 1.0 0.0457938388626
0.0313802083333 0.0227864583333 0.0311848958333 0.0298828125 0.04609375 0.0207682291667 0.0 0.0212890625 0.0483125648714 0.0459074608959 0.0359819749284 0.0721149997506 0.0778333850624 0.0384518505817 0.120276739364 0.039453125 0.111328125 0.091015625 0.0580078125 0.1951171875 0.202734375 0.07578125 0.3626953125 0.080859375 0.273828125 0.111328125 0.2662109375 0.2154296875 0.84765625 0.1900390625 1.0 0.1697265625
0.0320641282565 0.0122745490982 0.0303106212425 0.0385771543086 0.0195390781563 0.0 0.0215430861723 0.00501002004008 0.0777921123186 0.102837580489 0.0445420487001 0.145310781311 0.0867686120417 0.0534349186921 0.10120347532 0.0310497713177 0.25751503006 0.325901803607 0.120741482966 0.501753507014 0.286823647295 0.169589178357 0.345440881764 0.0816633266533 0.745991983968 0.0523547094188 0.677605210421 1.0 0.25751503006 0.531062124248 0.335671342685 0.335671342685
0.0265050167224 0.00986622073579 0.0385451505017 0.0336956521739 0.0476588628763 0.0250836120401 0.0 0.018143812709 0.0444372368578 0.0993353829121 0.0495418073874 0.10006843371 0.083420708326 0.0534418617063 0.133734942732 0.0379552802329 0.119565217391 0.24347826087 0.113043478261 0.279347826087 0.201086956522 0.129347826087 0.383695652174 0.0836956521739 0.0836956521739 0.615217391304 0.553260869565 0.364130434783 0.908695652174 0.0282608695652 1.0 0.292391304348
0.0252167630058 0.0212427745665 0.0287572254335 0.0326589595376 0.0385838150289 0.0270231213873 0.0 0.0236994219653 0.0365814481331 0.0702684799113 0.0414600387141 0.0847019344436 0.0612944105802 0.0488933626679 0.137124853888 0.0415772924714 0.0785404624277 0.194075144509 0.0869942196532 0.247615606936 0.140534682081 0.126445086705 0.394147398844 0.0926300578035 0.0334537572254 0.171531791908 0.171531791908 0.323699421965 0.554768786127 0.103901734104 1.0 0.0757225433526
0.0293674698795 0.0175702811245 0.0315763052209 0.0296184738956 0.0391064257028 0.0209337349398 0.0 0.0178212851406 0.0365823599529 0.0744366539962 0.0403999504301 0.0517692223394 0.0614721877643 0.0426644065159 0.0860704686695 0.0491391229104 0.0621987951807 0.173795180723 0.0739457831325 0.109186746988 0.15421686747 0.0896084337349 0.232530120482 0.113102409639 0.195331325301 0.314759036145 0.281475903614 0.205120481928 0.57515060241 0.183584337349 1.0 0.304969879518
0.0347902097902 0.0281468531469 0.0466783216783 0.0384615384615 0.0244755244755 0.0335664335664 0.0316433566434 0.0 0.0819570653327 0.0969392317766 0.0809664509371 0.181772471139 0.139135804021 0.0724321029622 0.116988614663 0.102097703883 0.215909090909 0.331818181818 0.229545454545 0.625 0.495454545455 0.243181818182 0.365909090909 0.304545454545 0.406818181818 0.147727272727 0.870454545455 0.55 0.0454545454545 0.359090909091 0.284090909091 1.0
0.0352611940299 0.0294776119403 0.0355410447761 0.0499067164179 0.0 0.0159514925373 0.0359141791045 0.0234141791045 0.0447016162083 0.0354685627142 0.0368473821779 0.113062468335 0.0877441488824 0.0416588912211 0.0395055220279 0.0333934491636 0.105037313433 0.0722947761194 0.0686567164179 0.348787313433 0.257835820896 0.0977611940299 0.0904850746269 0.0650186567164 0.425186567164 0.199626865672 0.436100746269 0.996361940299 1.0 0.377891791045 0.450652985075 0.0868470149254
0.0400590551181 0.0127952755906 0.042125984252 0.0261811023622 0.0492125984252 0.0126968503937 0.0 0.0113188976378 0.0519526937966 0.0686357872985 0.058843958705 0.0704948048084 0.05642801458 0.0524223267424 0.0840326400791 0.0468148963275 0.117125984252 0.167027559055 0.132480314961 0.182381889764 0.163188976378 0.117125984252 0.251476377953 0.101771653543 0.612303149606 0.500984251969 0.692913385827 0.071062992126 0.969291338583 0.504822834646 1.0 0.558562992126
0.0210873521383 0.0499772520473 0.0201091901729 0.0 0.0292766151046 0.0455868971793 0.0256596906278 0.0169472247498 0.0381875357665 0.0721764349672 0.0607456843715 0.0977800900504 0.040352930151 0.0941176169174 0.0510446276477 0.0652914342545 0.0800045495905 0.213967242948 0.162511373976 0.334622383985 0.0853275705187 0.305345768881 0.122588717015 0.188239308462 0.177593266606 0.999112829845 0.215741583258 1.0 0.191787989081 0.827888989991 0.0507279344859 0.339058234759
0.0186463298379 0.0480076263108 0.0211630123928 0.0 0.0222688274547 0.0364918970448 0.00823641563394 0.0139561487131 0.0567779051934 0.104994540131 0.0881538192588 0.174074637434 0.0406631047615 0.164349876516 0.0610127403808 0.108815347266 0.131515729266 0.29807435653 0.248999046711 0.577654909438 0.118131553861 0.515195424214 0.165719733079 0.32335557674 0.191000953289 1.0 0.0928503336511 0.918207816969 0.0497235462345 0.550886558627 0.596987607245 0.373918017159
0.0187635029151 0.0474414750363 0.0181419988754 0.0187930983456 0.0 0.0348042262275 0.0212199236438 0.0155080055639 0.0397577263676 0.089660500504 0.0633594037853 0.118255566457 0.0603180035095 0.114279694369 0.0587970193848 0.0732163386288 0.0800852348397 0.267069164521 0.164343425375 0.407884222676 0.165497647163 0.340939358963 0.178194086833 0.193198970079 0.163189203587 1.0 0.187427861138 0.162034981799 0.894965817278 0.507147296457 0.06738879517 0.290153600284
0.0166118421053 0.0445175438596 0.0197916666667 0.025548245614 0.0 0.0456688596491 0.0264254385965 0.0111842105263 0.0528881933322 0.0997315685943 0.0797010121042 0.171586093909 0.0768637453165 0.165323162354 0.146563769788 0.0999550207538 0.119078947368 0.296546052632 0.211019736842 0.602302631579 0.245230263158 0.480427631579 0.525328947368 0.266611842105 0.352138157895 0.786184210526 0.228125 0.0463815789474 1.0 0.831085526316 0.0805921052632 0.563815789474
0.00988158105297 0.0236037766043 0.00732117138742 0.013202112338 0.0121619459113 0.0407265162426 0.00984157465194 0.0 0.0307236033841 0.0885752119827 0.0585673094389 0.15198738946 0.0423055085982 0.106796734793 0.0760825486811 0.06299199447 0.0638502160346 0.286965914546 0.165266442631 0.522563610178 0.140302448392 0.325972155545 0.286965914546 0.165266442631 0.233917426788 0.332213154105 0.333773403745 0.104416706673 0.144983197312 1.0 0.235477676428 0.619299087854
0.0079112754159 0.0195933456562 0.00850277264325 0.0181885397412 0.0 0.0181885397412 0.00813308687616 0.00909426987061 0.0234854563386 0.130713493302 0.0614667207661 0.247949279064 0.047306851918 0.107590126124 0.125826237221 0.0594470492507 0.06573012939 0.475194085028 0.201256931608 1.0 0.140702402957 0.377153419593 0.535748613678 0.192606284658 0.129168207024 0.34831792976 0.106099815157 0.293530499076 0.437707948244 0.293530499076 0.120517560074 0.0830314232902
0.00780216873843 0.0183813805871 0.00985189103412 0.0115710129595 0.0 0.0149431367363 0.00806664903465 0.00985189103412 0.0295582160186 0.121880105795 0.0536272194419 0.256273017731 0.0453840475855 0.0977386427663 0.0707311937749 0.0541875545842 0.0871462576038 0.453319227718 0.177400158688 1.0 0.146455964031 0.334699814864 0.277968791325 0.172242792912 0.0871462576038 0.345014546416 0.0123644538482 0.0794102089394 0.391430838403 0.210923036234 0.0768315260513 0.0123644538482
0.0118139305932 0.0288579867093 0.0114447452621 0.0 0.00806054639429 0.0213512183116 0.00941422594142 0.0102756583805 0.0253915123541 0.133222199379 0.0570251470942 0.277443192605 0.0389101529215 0.0975674236852 0.0944968456564 0.0584437209122 0.0713142997785 0.445668225449 0.172101895151 1.0 0.121708097465 0.313684469604 0.368877676594 0.176901304455 0.0881122323406 0.604048732464 0.102510460251 0.548855525474 0.234494216096 0.311284764952 0.181700713758 0.148104848634
0.00780481809243 0.0133357915438 0.00768190757129 0.0105703048181 0.0 0.0109390363815 0.00651425762045 0.00657571288102 0.0158209315637 0.101760190627 0.0441303785803 0.247294013562 0.0417533947576 0.0802241046258 0.0806547396998 0.0485581698478 0.0532817109145 0.364859882006 0.14435840708 1.0 0.163532448378 0.28337020649 0.331305309735 0.161135693215 0.0101401179941 0.225848082596 0.0101401179941 0.117994100295 0.309734513274 0.132374631268 0.0556784660767 0.0532817109145
0.0131727512232 0.0260444109898 0.0127211140384 0.0 0.00971019947309 0.0178396687994 0.00895747083177 0.0124200225819 0.0297521155589 0.115620591423 0.0565184304087 0.265468674117 0.0428248271238 0.0953121291945 0.105751978151 0.0610894057596 0.0870154309371 0.374708317651 0.166277756869 1.0 0.148663906662 0.310124200226 0.412871659767 0.180955965374 0.031238238615 0.4980052691 0.048852088822 0.544975536319 0.166277756869 0.178020323673 0.19563417388 0.0605946556266
0.0279171528588 0.0 0.0181738623104 0.0297841306884 0.0462077012835 0.0242415402567 0.0274212368728 0.0336639439907 0.0338792689548 0.0806168485195 0.0485127225458 0.0354657915425 0.0643487697852 0.0355137361913 0.0646509864269 0.0486416837572 0.0670945157526 0.225233372229 0.146732788798 0.0693698949825 0.155834305718 0.0636814469078 0.183138856476 0.118290548425 0.138768961494 1.0 0.291219369895 0.211581096849 0.852100350058 0.0545799299883 0.11942823804 0.362893815636
0.0276706231454 0.0 0.0320474777448 0.0306379821958 0.040059347181 0.0178783382789 0.0265578635015 0.0317507418398 0.0364305929125 0.111605844718 0.0799441405371 0.0484580947072 0.0575627942125 0.063364664878 0.15563286378 0.0608515124393 0.0741839762611 0.331676557864 0.213056379822 0.132047477745 0.146513353116 0.146513353116 0.560237388724 0.146513353116 0.129154302671 1.0 0.299851632047 0.244881305638 0.612314540059 0.302744807122 0.0857566765579 0.288278931751
0.0261606022585 0.0 0.0280426599749 0.0249686323714 0.0376097867001 0.0194792973651 0.023964868256 0.0310225846926 0.0298059056163 0.0800245966389 0.0434634135946 0.033948959599 0.0473215007354 0.0424966146787 0.0745874886735 0.0417927296269 0.0457967377666 0.220734002509 0.0849435382685 0.0665934755332 0.0959535759097 0.0861668757842 0.230520702635 0.0837202007528 0.0702634880803 1.0 0.143663739021 0.0262233375157 0.516781681305 0.24030740276 0.0653701380176 0.259880803011
0.0257712565839 0.0 0.0348006019564 0.0263355906697 0.0492851768247 0.015425131678 0.0344243792325 0.0351768246802 0.0499061582379 0.133362522702 0.138547695073 0.046552600782 0.0822168788979 0.110050509383 0.229600752952 0.089607924275 0.119638826185 0.420428893905 0.41309255079 0.134311512415 0.244356659142 0.339729119639 0.889954853273 0.273702031603 0.0829571106095 0.97065462754 0.435101580135 0.104966139955 1.0 0.369074492099 0.420428893905 0.449774266366
0.0311728395062 0.0 0.0351851851852 0.0187242798354 0.0462962962963 0.0143004115226 0.0237654320988 0.0380658436214 0.0407860640155 0.0854449916259 0.0704203833974 0.0361946259331 0.0751401531113 0.0782478723281 0.156213138327 0.072922292191 0.0891975308642 0.213580246914 0.173456790123 0.0651234567901 0.209567901235 0.205555555556 0.546604938272 0.201543209877 0.265740740741 1.0 0.422222222222 0.26975308642 0.855555555556 0.442283950617 0.0731481481481 0.534567901235
0.0379717527205 0.01805973605 0.0449178050475 0.0145867098865 0.0328779810141 0.0 0.0257003936096 0.0435285945821 0.066272677385 0.0757203891252 0.106963009592 0.0555953902149 0.145365581539 0.108056104344 0.267603668419 0.0863033660438 0.178282009724 0.2414910859 0.268580689975 0.142162537624 0.51238712665 0.304700162075 1.0 0.232461217875 0.539476730725 0.286640426025 0.810372771475 0.4220884464 0.340819634175 0.990970131975 0.0608937253994 0.756193563325
0.0275289017341 0.030563583815 0.0239161849711 0.0158959537572 0.0424132947977 0.0260115606936 0.0 0.0242774566474 0.0312130326089 0.0361716511927 0.0348573557811 0.0444233845477 0.0515410542725 0.0358386319739 0.0714356526671 0.0295891458116 0.0503612716763 0.0813583815029 0.0672687861272 0.112355491329 0.146170520231 0.0672687861272 0.213800578035 0.044725433526 0.12362716763 0.241979768786 0.0672687861272 0.380057803468 0.70411849711 0.064450867052 1.0 0.0531791907514
0.0256529850746 0.0334888059701 0.0222947761194 0.0103544776119 0.0449626865672 0.0248134328358 0.0 0.0252798507463 0.036588959966 0.0361550939768 0.0370722074767 0.0464912902571 0.0461952943968 0.0333996673019 0.0616332596385 0.0324323075698 0.0650186567164 0.0759328358209 0.0832089552239 0.134141791045 0.12322761194 0.0650186567164 0.152332089552 0.0541044776119 0.0504664179104 0.356063432836 0.130503731343 0.596175373134 0.803544776119 0.032276119403 1.0 0.0359141791045
0.0397835773393 0.0 0.0385105028644 0.0270528325907 0.0327816677276 0.002227880331 0.0152768936983 0.0381922342457 0.066406184151 0.0820656259867 0.123903480741 0.158903210366 0.179520267708 0.0658248914922 0.266008697918 0.0491448316949 0.18077657543 0.255251432209 0.441438574157 0.491088478676 0.652450668364 0.218014003819 1.0 0.13112667091 0.813812858052 0.776575429663 0.764162953533 0.317313812858 0.540738383195 0.689688096754 0.18077657543 0.751750477403
0.0141537544696 0.0 0.0104290822408 0.0318831942789 0.000148986889154 0.00595947556615 0.00521454112038 0.0153456495828 0.0184899985673 0.0517743506498 0.0431588172686 0.116138086839 0.114298458055 0.0321031116357 0.141776910839 0.0264417109345 0.0470798569726 0.174910607867 0.157479141836 0.366656734207 0.395709177592 0.0877532777116 0.494487485101 0.0877532777116 0.308551847437 0.256257449344 0.163289630513 1.0 0.250446960667 0.0238379022646 0.0528903456496 0.355035756853
0.00786365674989 0.0 0.0136044251757 0.00251158618628 0.00876065181642 0.00310958289729 0.0376438929586 0.0267902526536 0.0332316527794 0.0460376611605 0.0279675189559 0.119077333399 0.129224305704 0.0333280001529 0.089588330644 0.0262437119596 0.107938406339 0.125429810136 0.0694573179848 0.350485872328 0.391299147855 0.086948721782 0.27002541486 0.0612946628794 0.186066676633 0.492749289879 0.0624607564658 0.394797428614 0.151083869039 0.371475556884 1.0 0.576708028106
0.0242537313433 0.0136363636364 0.0310379918589 0.0469810040706 0.0 0.0185549525102 0.0483378561737 0.0330732700136 0.053490178733 0.0604204026005 0.0307141035792 0.200577573088 0.191182597409 0.0391636773112 0.095929192241 0.0376600554512 0.152001356852 0.138772048847 0.0435210312076 0.666621438263 0.583276797829 0.0686567164179 0.253867028494 0.0699796472185 0.0541044776119 0.468181818182 0.260481682497 0.882259158752 1.0 0.276356852103 0.935176390773 0.339857530529
0.0251229508197 0.0213114754098 0.0305737704918 0.0406557377049 0.0 0.0193032786885 0.0471721311475 0.0281967213115 0.0627623849309 0.0500566410227 0.0345687725557 0.199918397683 0.205093541865 0.0442987969459 0.0982525075173 0.0450715094885 0.173647540984 0.114508196721 0.0601639344262 0.653155737705 0.633975409836 0.0889344262295 0.267950819672 0.119303278689 0.0297950819672 0.168852459016 0.24237704918 0.635573770492 1.0 0.247172131148 0.889713114754 0.149672131148
0.0255599650232 0.0246855451671 0.0214569180063 0.0267034371427 0.0 0.0189681845699 0.0466133046344 0.0297302751059 0.0882852051818 0.0347300297683 0.0587531791052 0.258769777244 0.274474396626 0.0482663045758 0.105966845811 0.0699646108994 0.265487320912 0.0739893724356 0.173673236026 0.84260442591 0.900316136409 0.118584785095 0.328445550548 0.213022129549 0.178919755162 0.144817380776 0.0241474406403 0.223515167821 0.860967242887 0.121208044663 1.0 0.341561848389
0.0307783018868 0.0280070754717 0.0291273584906 0.039858490566 0.0 0.021875 0.0439858490566 0.0270047169811 0.0809593202344 0.0452698166226 0.0645426282466 0.250182143775 0.239924723911 0.0434071840854 0.0798528450063 0.0650807239645 0.236556603774 0.0985849056604 0.190566037736 0.832134433962 0.779245283019 0.0916863207547 0.225058962264 0.206662735849 0.250353773585 0.142275943396 0.185966981132 0.604481132075 1.0 0.146875 0.765448113208 0.103183962264
0.0300958188153 0.0259146341463 0.0286149825784 0.0459930313589 0.0 0.0195993031359 0.0365418118467 0.0301829268293 0.0566263276253 0.0407890333856 0.0557442549266 0.164514178643 0.157898256367 0.0576390717671 0.064195896151 0.0433669886222 0.128614982578 0.0759581881533 0.14899825784 0.487020905923 0.444555749129 0.14899825784 0.167682926829 0.121820557491 0.223736933798 0.0606707317073 0.165984320557 0.843728222997 1.0 0.2356271777 0.475130662021 0.227134146341
0.0293016194332 0.0240890688259 0.0273785425101 0.04245951417 0.0 0.0176113360324 0.0370951417004 0.0312246963563 0.0621880585088 0.0429552487789 0.0711014334119 0.182094084947 0.18138980002 0.0605620545292 0.0712636421314 0.0469486320265 0.155263157895 0.0881578947368 0.311184210526 0.625 0.561842105263 0.147368421053 0.192763157895 0.149342105263 0.192763157895 0.0605263157895 0.117763157895 0.705921052632 1.0 0.313157894737 0.496710526316 0.267763157895
0.0210199004975 0.0177860696517 0.0151741293532 0.017039800995 0.0 0.0189054726368 0.0342039800995 0.0217661691542 0.0965774845846 0.0446274880831 0.0807431437653 0.28339118744 0.281559941227 0.0635905408851 0.0932036971723 0.0836193475097 0.311194029851 0.136567164179 0.354850746269 1.0 0.951492537313 0.209328358209 0.393656716418 0.374253731343 0.238432835821 0.112313432836 0.0201492537313 0.0832089552239 0.611940298507 0.155970149254 0.752611940299 0.267537313433
0.0288015407511 0.0203974437538 0.0287139980741 0.0392191193207 0.0 0.0136566576206 0.0405322594765 0.034929528145 0.0788004087461 0.0524507942312 0.10560874179 0.269386711767 0.252996349352 0.0794668950771 0.0999134965276 0.0773115888417 0.214742186816 0.125973912282 0.545916134115 1.0 0.798564300096 0.218156351221 0.334237940996 0.269368817298 0.228398844437 0.146458898713 0.224984680032 0.634684408649 0.941959205112 0.409349557909 0.685896874726 0.467390352797
0.0244902608498 0.0199339332498 0.0236929035198 0.0239207198998 0.0 0.00637885863994 0.0378175190796 0.0302995785397 0.0832645927258 0.046850055526 0.0553177770508 0.281103893852 0.295003836174 0.0796605920743 0.112965156294 0.0467319586445 0.253673539127 0.129285795649 0.169267570338 0.97778790295 1.0 0.235903861488 0.355849185556 0.164825150928 0.262558377947 0.0848616015492 0.231461442078 0.240346280898 0.729012415993 0.480236929035 0.782321448912 0.489121767855
0.0234014209591 0.0280084369449 0.0247557726465 0.0 0.0401198934281 0.0275310834813 0.0311944937833 0.0262211367673 0.0444549471638 0.0434165177079 0.0339990899237 0.0786051327258 0.0424427630225 0.0294806411444 0.0441694912216 0.0332914175061 0.0977353463588 0.0947047069272 0.0566052397869 0.216796181172 0.0821492007105 0.0388543516874 0.0968694493783 0.0548734458259 0.0873445825933 0.142329040853 0.0345248667851 1.0 0.614675843694 0.123712255773 0.266585257549 0.0726243339254
0.033982300885 0.038982300885 0.0246902654867 0.0 0.0291592920354 0.0310619469027 0.036017699115 0.0246902654867 0.0774326014611 0.0981331470746 0.0385364967862 0.130505581257 0.0595148626819 0.0390567358924 0.0699448195891 0.0545860574462 0.221725663717 0.280398230088 0.0871238938053 0.418451327434 0.159601769912 0.0750442477876 0.187212389381 0.131991150442 0.375309734513 0.570309734513 0.0370796460177 1.0 0.187212389381 0.261415929204 0.454690265487 0.0370796460177
0.0300747863248 0.0319978632479 0.0257478632479 0.0 0.0277243589744 0.0268696581197 0.0311431623932 0.020405982906 0.052561100181 0.0976934727844 0.0344059576649 0.188228424358 0.049614883809 0.0362021663502 0.0571122106068 0.0566170730608 0.11875 0.2875 0.0625 0.633333333333 0.13125 0.06875 0.145833333333 0.1375 0.222916666667 0.297916666667 0.0541666666667 1.0 0.13125 0.0979166666667 0.264583333333 0.204166666667
0.0339488636364 0.0267755681818 0.0240767045455 0.0 0.0209517045455 0.0259943181818 0.0326704545455 0.0176846590909 0.056459621066 0.107183638217 0.0362789815518 0.190843010803 0.0778417682298 0.0379538134014 0.0784989271056 0.060690174814 0.135795454545 0.335227272727 0.0693181818182 0.656534090909 0.2078125 0.0776278409091 0.216122159091 0.155184659091 0.374005681818 0.0942471590909 0.0610085227273 1.0 0.182883522727 0.0637784090909 0.324147727273 0.310298295455
0.0276365348399 0.0289077212806 0.0237758945386 0.0 0.030790960452 0.026647834275 0.0191619585687 0.0210451977401 0.0389824960101 0.0813249887123 0.0364126469123 0.125368852229 0.0588226950231 0.042522222375 0.0460789278771 0.0471455834772 0.0782485875706 0.245338983051 0.0690677966102 0.392231638418 0.159039548023 0.0892655367232 0.102118644068 0.105790960452 0.127824858757 0.177401129944 0.0727401129944 1.0 0.250847457627 0.0892655367232 0.252683615819 0.179237288136
0.0149870801034 0.0 0.0110249784668 0.0031007751938 0.00499569336779 0.0201550387597 0.0232558139535 0.00671834625323 0.0398565891169 0.198882642765 0.0380052233635 0.259712827123 0.120506397964 0.0533268946292 0.0797691813408 0.060910387722 0.119896640827 0.75142118863 0.10645994832 1.0 0.422222222222 0.180361757106 0.281136950904 0.193798449612 0.113178294574 0.496124031008 0.066149870801 0.37519379845 0.301291989664 0.314728682171 0.435658914729 0.234108527132
0.0291899441341 0.0135474860335 0.0230446927374 0.0 0.0356145251397 0.0298882681564 0.0189944134078 0.0199720670391 0.0538609807933 0.166307103988 0.0496230278186 0.233910164475 0.155987568891 0.0621030271594 0.133187318121 0.0649387619937 0.133938547486 0.542458100559 0.117597765363 0.754888268156 0.526117318436 0.166620111732 0.438966480447 0.166620111732 0.188407821229 0.471648044693 0.10125698324 1.0 0.438966480447 0.215642458101 0.259217877095 0.221089385475
0.0308550185874 0.0248141263941 0.0263011152416 0.0 0.0223048327138 0.0306691449814 0.0369888475836 0.0219330855019 0.0449811965061 0.116333380105 0.0466305292845 0.135675987816 0.213786057873 0.0662917703132 0.222290232822 0.0605465959196 0.0974907063197 0.340334572491 0.0974907063197 0.380204460967 0.666542750929 0.177230483271 0.688289962825 0.140985130112 0.253345724907 0.032249070632 0.0757434944238 1.0 0.130111524164 0.246096654275 0.492565055762 0.144609665428
0.0284090909091 0.0434343434343 0.0212121212121 0.0 0.00176767676768 0.0392676767677 0.0488636363636 0.0191919191919 0.0484746638066 0.177064764937 0.0657356968801 0.0946605910769 0.302783746492 0.0969991522215 0.251626395777 0.078628777831 0.113636363636 0.5125 0.162878787879 0.246590909091 0.926136363636 0.281060606061 0.743939393939 0.217045454545 0.157954545455 0.743939393939 0.172727272727 1.0 0.931060606061 0.581439393939 0.955681818182 0.251515151515
0.0231846424928 0.048502272095 0.022628211073 0.0153946026152 0.0 0.0333858851897 0.035426133729 0.0230919039228 0.0419664689413 0.190297663993 0.0483119499306 0.0626698915619 0.230220790988 0.0628001940459 0.136521178757 0.0564063343484 0.0885653343225 0.58045070945 0.113882963925 0.200686265418 0.707038857461 0.1609014189 0.392376889548 0.139200593527 0.0343132708894 1.0 0.0560140962626 0.338124826115 0.938514328109 0.410460910693 0.490030603728 0.0379300751182
0.026719330855 0.0413568773234 0.0204460966543 0.0265179677819 0.0 0.0295693928129 0.0348203221809 0.0244733581165 0.0266895593832 0.0853317947253 0.0322411229587 0.035074847646 0.0953719718211 0.031980510156 0.050810044799 0.0270344930145 0.0310408921933 0.265427509294 0.0509758364312 0.0642657992565 0.311338289963 0.0509758364312 0.123466542751 0.0328531598513 0.0920539033457 0.662918215613 0.202602230483 0.0842007434944 1.0 0.203206319703 0.407992565056 0.0455390334572
0.0266541822722 0.0455992509363 0.0238764044944 0.0259675405743 0.0 0.0291198501873 0.0388264669164 0.0242197253433 0.0268995161117 0.210384761908 0.0270698320389 0.044384108118 0.206882723412 0.0347636026884 0.0588401943155 0.0290181038751 0.0323033707865 0.672565543071 0.0335205992509 0.102902621723 0.643352059925 0.0590823970037 0.138202247191 0.0408239700375 0.0895131086142 0.828370786517 0.0688202247191 0.062734082397 1.0 0.185674157303 0.564232209738 0.0554307116105
0.0262669962917 0.0436032138443 0.0246291718171 0.0268850432633 0.0 0.0284301606922 0.0343016069221 0.0239802224969 0.0277691677154 0.19784179438 0.0333594137286 0.0421111413466 0.200980347636 0.0320935531746 0.047264407645 0.0321510732172 0.0370519159456 0.674598269468 0.0587453646477 0.0961063040791 0.652904820766 0.0515142150803 0.09369592089 0.0539245982695 0.074412855377 0.750525339926 0.0394622991347 0.0985166872682 1.0 0.158776266996 0.387762669963 0.0647713226205
0.0242920353982 0.0477212389381 0.0286061946903 0.0259955752212 0.0 0.0274778761062 0.029203539823 0.0224115044248 0.0280700440281 0.130575369597 0.0321868269518 0.0364726415968 0.130336456415 0.0305718840975 0.0355678131567 0.0322506315533 0.0379424778761 0.459004424779 0.0517477876106 0.0724557522124 0.437433628319 0.0457079646018 0.0741814159292 0.052610619469 0.052610619469 0.911128318584 0.16564159292 0.0638274336283 1.0 0.121637168142 0.188938053097 0.125951327434
0.0198340205647 0.0352314838979 0.0279764079545 0.0231222923952 0.0 0.0246359413331 0.0275066548358 0.0171720862258 0.0272798154837 0.281800214106 0.0341733548291 0.0456711563241 0.264737599114 0.0310875697244 0.035423884517 0.0341893277914 0.0473406754006 1.0 0.0656610470275 0.130800146145 0.902291351323 0.0575186596378 0.0799102249595 0.0676966438749 0.0615898533326 0.580667049428 0.297719087635 0.108408580824 0.835116655358 0.167440889399 0.279398716008 0.165405292552
0.0173650434126 0.0341907997627 0.0222725556814 0.0204389796689 0.0 0.0208704093189 0.0221646982689 0.0158550396376 0.0235942479225 0.282216910551 0.027430863225 0.0392489843334 0.249572767268 0.0280432110815 0.0341184394695 0.0296404251323 0.040931888044 1.0 0.0472415466753 0.116647791619 0.840155314674 0.0535512053066 0.0808930593755 0.0598608639379 0.0346222294127 0.657175214367 0.192363695195 0.120854230707 0.711858922504 0.137679987057 0.188157256107 0.0935123766381
0.0206511312983 0.0477910060374 0.0290018619872 0.0195790780342 0.0 0.0272527224511 0.026519212323 0.0197483496022 0.0354120775305 0.275913832676 0.033718547025 0.0451039535845 0.241279484228 0.0349133183881 0.0419832830629 0.0315646601064 0.071376177848 1.0 0.062574056311 0.119787846301 0.819556508492 0.0691756474637 0.104384133612 0.053771934774 0.113186255149 0.991197878463 0.258421260509 0.154996332449 0.918580375783 0.190204818597 0.161597923602 0.148394741297
0.0171290754172 0.0427082599817 0.0185902401239 0.0157207238927 0.0 0.018625448912 0.0137666361524 0.0174107457221 0.0205938699223 0.0875537541128 0.0196069263096 0.0254253114315 0.0831508181816 0.0208712911191 0.0211786784579 0.0195704360074 0.0285015139779 0.282532920217 0.0243820857686 0.0511583691289 0.257816350961 0.0291880853461 0.0312477994507 0.0250686571368 0.0326209421872 1.0 0.0593972255475 0.0875466516443 0.700654883459 0.0607703682839 0.163756073516 0.0216358002958
0.00213196887325 0.0163095618804 0.0171623494297 0.0152435774438 0.0 0.0196141136339 0.0228120669438 0.00970045837331 0.0636137924336 0.224187378086 0.0328463423467 0.0792481480818 0.272964883301 0.0399782783825 0.0513187542607 0.0177342158802 0.193476175248 0.871122481612 0.0853853533738 0.297409657819 1.0 0.118644067797 0.151902782219 0.0396546210425 0.338983050847 0.235049568276 0.268308282699 0.193476175248 0.422129836904 0.363927086665 0.48864726575 0.0438119603454
0.0 0.0490455749384 0.0400036533017 0.0255731116997 0.000456662708923 0.034341035711 0.0200018266508 0.026303772034 0.0642040783225 0.164650271696 0.0487231675371 0.123774494483 0.225415112514 0.0477275434584 0.0348478918342 0.0356394511965 0.148689378025 0.540505982281 0.102383779341 0.405151155357 0.750662160928 0.113069686729 0.0738880263038 0.0667640880446 0.960818339574 1.0 0.64736505617 0.0845739336926 0.943008493926 0.426522970134 0.180747100192 0.113069686729
