0.026719330855 0.0413568773234 0.0204460966543 0.0265179677819 0.0 0.0295693928129 0.0348203221809 0.0244733581165 0.0266895593832 0.0853317947253 0.0322411229587 0.035074847646 0.0953719718211 0.031980510156 0.050810044799 0.0270344930145 0.0310408921933 0.265427509294 0.0509758364312 0.0642657992565 0.311338289963 0.0509758364312 0.123466542751 0.0328531598513 0.0920539033457 0.662918215613 0.202602230483 0.0842007434944 1.0 0.203206319703 0.407992565056 0.0455390334572
0.0266541822722 0.0455992509363 0.0238764044944 0.0259675405743 0.0 0.0291198501873 0.0388264669164 0.0242197253433 0.0268995161117 0.210384761908 0.0270698320389 0.044384108118 0.206882723412 0.0347636026884 0.0588401943155 0.0290181038751 0.0323033707865 0.672565543071 0.0335205992509 0.102902621723 0.643352059925 0.0590823970037 0.138202247191 0.0408239700375 0.0895131086142 0.828370786517 0.0688202247191 0.062734082397 1.0 0.185674157303 0.564232209738 0.0554307116105
0.0262669962917 0.0436032138443 0.0246291718171 0.0268850432633 0.0 0.0284301606922 0.0343016069221 0.0239802224969 0.0277691677154 0.19784179438 0.0333594137286 0.0421111413466 0.200980347636 0.0320935531746 0.047264407645 0.0321510732172 0.0370519159456 0.674598269468 0.0587453646477 0.0961063040791 0.652904820766 0.0515142150803 0.09369592089 0.0539245982695 0.074412855377 0.750525339926 0.0394622991347 0.0985166872682 1.0 0.158776266996 0.387762669963 0.0647713226205
0.0242920353982 0.0477212389381 0.0286061946903 0.0259955752212 0.0 0.0274778761062 0.029203539823 0.0224115044248 0.0280700440281 0.130575369597 0.0321868269518 0.0364726415968 0.130336456415 0.0305718840975 0.0355678131567 0.0322506315533 0.0379424778761 0.459004424779 0.0517477876106 0.0724557522124 0.437433628319 0.0457079646018 0.0741814159292 0.052610619469 0.052610619469 0.911128318584 0.16564159292 0.0638274336283 1.0 0.121637168142 0.188938053097 0.125951327434
0.0198340205647 0.0352314838979 0.0279764079545 0.0231222923952 0.0 0.0246359413331 0.0275066548358 0.0171720862258 0.0272798154837 0.281800214106 0.0341733548291 0.0456711563241 0.264737599114 0.0310875697244 0.035423884517 0.0341893277914 0.0473406754006 1.0 0.0656610470275 0.130800146145 0.902291351323 0.0575186596378 0.0799102249595 0.0676966438749 0.0615898533326 0.580667049428 0.297719087635 0.108408580824 0.835116655358 0.167440889399 0.279398716008 0.165405292552
0.0173650434126 0.0341907997627 0.0222725556814 0.0204389796689 0.0 0.0208704093189 0.0221646982689 0.0158550396376 0.0235942479225 0.282216910551 0.027430863225 0.0392489843334 0.249572767268 0.0280432110815 0.0341184394695 0.0296404251323 0.040931888044 1.0 0.0472415466753 0.116647791619 0.840155314674 0.0535512053066 0.0808930593755 0.0598608639379 0.0346222294127 0.657175214367 0.192363695195 0.120854230707 0.711858922504 0.137679987057 0.188157256107 0.0935123766381
0.0206511312983 0.0477910060374 0.0290018619872 0.0195790780342 0.0 0.0272527224511 0.026519212323 0.0197483496022 0.0354120775305 0.275913832676 0.033718547025 0.0451039535845 0.241279484228 0.0349133183881 0.0419832830629 0.0315646601064 0.071376177848 1.0 0.062574056311 0.119787846301 0.819556508492 0.0691756474637 0.104384133612 0.053771934774 0.113186255149 0.991197878463 0.258421260509 0.154996332449 0.918580375783 0.190204818597 0.161597923602 0.148394741297
0.0171290754172 0.0427082599817 0.0185902401239 0.0157207238927 0.0 0.018625448912 0.0137666361524 0.0174107457221 0.0205938699223 0.0875537541128 0.0196069263096 0.0254253114315 0.0831508181816 0.0208712911191 0.0211786784579 0.0195704360074 0.0285015139779 0.282532920217 0.0243820857686 0.0511583691289 0.257816350961 0.0291880853461 0.0312477994507 0.0250686571368 0.0326209421872 1.0 0.0593972255475 0.0875466516443 0.700654883459 0.0607703682839 0.163756073516 0.0216358002958
0.00213196887325 0.0163095618804 0.0171623494297 0.0152435774438 0.0 0.0196141136339 0.0228120669438 0.00970045837331 0.0636137924336 0.224187378086 0.0328463423467 0.0792481480818 0.272964883301 0.0399782783825 0.0513187542607 0.0177342158802 0.193476175248 0.871122481612 0.0853853533738 0.297409657819 1.0 0.118644067797 0.151902782219 0.0396546210425 0.338983050847 0.235049568276 0.268308282699 0.193476175248 0.422129836904 0.363927086665 0.48864726575 0.0438119603454
0.0 0.0490455749384 0.0400036533017 0.0255731116997 0.000456662708923 0.034341035711 0.0200018266508 0.026303772034 0.0642040783225 0.164650271696 0.0487231675371 0.123774494483 0.225415112514 0.0477275434584 0.0348478918342 0.0356394511965 0.148689378025 0.540505982281 0.102383779341 0.405151155357 0.750662160928 0.113069686729 0.0738880263038 0.0667640880446 0.960818339574 1.0 0.64736505617 0.0845739336926 0.943008493926 0.426522970134 0.180747100192 0.113069686729
