0.0210873521383 0.0499772520473 0.0201091901729 0.0 0.0292766151046 0.0455868971793 0.0256596906278 0.0169472247498 0.0381875357665 0.0721764349672 0.0607456843715 0.0977800900504 0.040352930151 0.0941176169174 0.0510446276477 0.0652914342545 0.0800045495905 0.213967242948 0.162511373976 0.334622383985 0.0853275705187 0.305345768881 0.122588717015 0.188239308462 0.177593266606 0.999112829845 0.215741583258 1.0 0.191787989081 0.827888989991 0.0507279344859 0.339058234759
0.0186463298379 0.0480076263108 0.0211630123928 0.0 0.0222688274547 0.0364918970448 0.00823641563394 0.0139561487131 0.0567779051934 0.104994540131 0.0881538192588 0.174074637434 0.0406631047615 0.164349876516 0.0610127403808 0.108815347266 0.131515729266 0.29807435653 0.248999046711 0.577654909438 0.118131553861 0.515195424214 0.165719733079 0.32335557674 0.191000953289 1.0 0.0928503336511 0.918207816969 0.0497235462345 0.550886558627 0.596987607245 0.373918017159
0.0187635029151 0.0474414750363 0.0181419988754 0.0187930983456 0.0 0.0348042262275 0.0212199236438 0.0155080055639 0.0397577263676 0.089660500504 0.0633594037853 0.118255566457 0.0603180035095 0.114279694369 0.0587970193848 0.0732163386288 0.0800852348397 0.267069164521 0.164343425375 0.407884222676 0.165497647163 0.340939358963 0.178194086833 0.193198970079 0.163189203587 1.0 0.187427861138 0.162034981799 0.894965817278 0.507147296457 0.06738879517 0.290153600284
0.0166118421053 0.0445175438596 0.0197916666667 0.025548245614 0.0 0.0456688596491 0.0264254385965 0.0111842105263 0.0528881933322 0.0997315685943 0.0797010121042 0.171586093909 0.0768637453165 0.165323162354 0.146563769788 0.0999550207538 0.119078947368 0.296546052632 0.211019736842 0.602302631579 0.245230263158 0.480427631579 0.525328947368 0.266611842105 0.352138157895 0.786184210526 0.228125 0.0463815789474 1.0 0.831085526316 0.0805921052632 0.563815789474
0.00988158105297 0.0236037766043 0.00732117138742 0.013202112338 0.0121619459113 0.0407265162426 0.00984157465194 0.0 0.0307236033841 0.0885752119827 0.0585673094389 0.15198738946 0.0423055085982 0.106796734793 0.0760825486811 0.06299199447 0.0638502160346 0.286965914546 0.165266442631 0.522563610178 0.140302448392 0.325972155545 0.286965914546 0.165266442631 0.233917426788 0.332213154105 0.333773403745 0.104416706673 0.144983197312 1.0 0.235477676428 0.619299087854
0.0079112754159 0.0195933456562 0.00850277264325 0.0181885397412 0.0 0.0181885397412 0.00813308687616 0.00909426987061 0.0234854563386 0.130713493302 0.0614667207661 0.247949279064 0.047306851918 0.107590126124 0.125826237221 0.0594470492507 0.06573012939 0.475194085028 0.201256931608 1.0 0.140702402957 0.377153419593 0.535748613678 0.192606284658 0.129168207024 0.34831792976 0.106099815157 0.293530499076 0.437707948244 0.293530499076 0.120517560074 0.0830314232902
0.00780216873843 0.0183813805871 0.00985189103412 0.0115710129595 0.0 0.0149431367363 0.00806664903465 0.00985189103412 0.0295582160186 0.121880105795 0.0536272194419 0.256273017731 0.0453840475855 0.0977386427663 0.0707311937749 0.0541875545842 0.0871462576038 0.453319227718 0.177400158688 1.0 0.146455964031 0.334699814864 0.277968791325 0.172242792912 0.0871462576038 0.345014546416 0.0123644538482 0.0794102089394 0.391430838403 0.210923036234 0.0768315260513 0.0123644538482
0.0118139305932 0.0288579867093 0.0114447452621 0.0 0.00806054639429 0.0213512183116 0.00941422594142 0.0102756583805 0.0253915123541 0.133222199379 0.0570251470942 0.277443192605 0.0389101529215 0.0975674236852 0.0944968456564 0.0584437209122 0.0713142997785 0.445668225449 0.172101895151 1.0 0.121708097465 0.313684469604 0.368877676594 0.176901304455 0.0881122323406 0.604048732464 0.102510460251 0.548855525474 0.234494216096 0.311284764952 0.181700713758 0.148104848634
0.00780481809243 0.0133357915438 0.00768190757129 0.0105703048181 0.0 0.0109390363815 0.00651425762045 0.00657571288102 0.0158209315637 0.101760190627 0.0441303785803 0.247294013562 0.0417533947576 0.0802241046258 0.0806547396998 0.0485581698478 0.0532817109145 0.364859882006 0.14435840708 1.0 0.163532448378 0.28337020649 0.331305309735 0.161135693215 0.0101401179941 0.225848082596 0.0101401179941 0.117994100295 0.309734513274 0.132374631268 0.0556784660767 0.0532817109145
0.0131727512232 0.0260444109898 0.0127211140384 0.0 0.00971019947309 0.0178396687994 0.00895747083177 0.0124200225819 0.0297521155589 0.115620591423 0.0565184304087 0.265468674117 0.0428248271238 0.0953121291945 0.105751978151 0.0610894057596 0.0870154309371 0.374708317651 0.166277756869 1.0 0.148663906662 0.310124200226 0.412871659767 0.180955965374 0.031238238615 0.4980052691 0.048852088822 0.544975536319 0.166277756869 0.178020323673 0.19563417388 0.0605946556266
