0.0211906510563 0.0103253121355 0.0313431546205 0.0235019656975 0.0453622499676 0.0105197217782 0.0 0.0223355078412 0.0313465161461 0.0335158505489 0.034617984792 0.0365625829581 0.0648689793497 0.0387806439798 0.0776235222893 0.0272985667831 0.0632047349549 0.0682593856655 0.0665745020953 0.0842657795827 0.162612865598 0.0851082213678 0.228323324837 0.0471983410377 0.0573076424591 0.406920983281 0.453255281462 0.147448913466 1.0 0.399339007215 0.809608156565 0.10195705707
0.0239336492891 0.0156398104265 0.0325236966825 0.0279028436019 0.0494075829384 0.0222748815166 0.0 0.0255331753555 0.0507003876994 0.0440806122761 0.0395722555662 0.079125461126 0.0928091137532 0.0436005750127 0.155221005294 0.0429076614882 0.131279620853 0.0804502369668 0.0712085308057 0.221386255924 0.26759478673 0.0850710900474 0.487085308057 0.10355450237 0.0665876777251 0.390047393365 0.318424170616 0.138210900474 0.976895734597 0.131279620853 1.0 0.0457938388626
0.0313802083333 0.0227864583333 0.0311848958333 0.0298828125 0.04609375 0.0207682291667 0.0 0.0212890625 0.0483125648714 0.0459074608959 0.0359819749284 0.0721149997506 0.0778333850624 0.0384518505817 0.120276739364 0.039453125 0.111328125 0.091015625 0.0580078125 0.1951171875 0.202734375 0.07578125 0.3626953125 0.080859375 0.273828125 0.111328125 0.2662109375 0.2154296875 0.84765625 0.1900390625 1.0 0.1697265625
0.0320641282565 0.0122745490982 0.0303106212425 0.0385771543086 0.0195390781563 0.0 0.0215430861723 0.00501002004008 0.0777921123186 0.102837580489 0.0445420487001 0.145310781311 0.0867686120417 0.0534349186921 0.10120347532 0.0310497713177 0.25751503006 0.325901803607 0.120741482966 0.501753507014 0.286823647295 0.169589178357 0.345440881764 0.0816633266533 0.745991983968 0.0523547094188 0.677605210421 1.0 0.25751503006 0.531062124248 0.335671342685 0.335671342685
0.0265050167224 0.00986622073579 0.0385451505017 0.0336956521739 0.0476588628763 0.0250836120401 0.0 0.018143812709 0.0444372368578 0.0993353829121 0.0495418073874 0.10006843371 0.083420708326 0.0534418617063 0.133734942732 0.0379552802329 0.119565217391 0.24347826087 0.113043478261 0.279347826087 0.201086956522 0.129347826087 0.383695652174 0.0836956521739 0.0836956521739 0.615217391304 0.553260869565 0.364130434783 0.908695652174 0.0282608695652 1.0 0.292391304348
0.0252167630058 0.0212427745665 0.0287572254335 0.0326589595376 0.0385838150289 0.0270231213873 0.0 0.0236994219653 0.0365814481331 0.0702684799113 0.0414600387141 0.0847019344436 0.0612944105802 0.0488933626679 0.137124853888 0.0415772924714 0.0785404624277 0.194075144509 0.0869942196532 0.247615606936 0.140534682081 0.126445086705 0.394147398844 0.0926300578035 0.0334537572254 0.171531791908 0.171531791908 0.323699421965 0.554768786127 0.103901734104 1.0 0.0757225433526
0.0293674698795 0.0175702811245 0.0315763052209 0.0296184738956 0.0391064257028 0.0209337349398 0.0 0.0178212851406 0.0365823599529 0.0744366539962 0.0403999504301 0.0517692223394 0.0614721877643 0.0426644065159 0.0860704686695 0.0491391229104 0.0621987951807 0.173795180723 0.0739457831325 0.109186746988 0.15421686747 0.0896084337349 0.232530120482 0.113102409639 0.195331325301 0.314759036145 0.281475903614 0.205120481928 0.57515060241 0.183584337349 1.0 0.304969879518
0.0347902097902 0.0281468531469 0.0466783216783 0.0384615384615 0.0244755244755 0.0335664335664 0.0316433566434 0.0 0.0819570653327 0.0969392317766 0.0809664509371 0.181772471139 0.139135804021 0.0724321029622 0.116988614663 0.102097703883 0.215909090909 0.331818181818 0.229545454545 0.625 0.495454545455 0.243181818182 0.365909090909 0.304545454545 0.406818181818 0.147727272727 0.870454545455 0.55 0.0454545454545 0.359090909091 0.284090909091 1.0
0.0352611940299 0.0294776119403 0.0355410447761 0.0499067164179 0.0 0.0159514925373 0.0359141791045 0.0234141791045 0.0447016162083 0.0354685627142 0.0368473821779 0.113062468335 0.0877441488824 0.0416588912211 0.0395055220279 0.0333934491636 0.105037313433 0.0722947761194 0.0686567164179 0.348787313433 0.257835820896 0.0977611940299 0.0904850746269 0.0650186567164 0.425186567164 0.199626865672 0.436100746269 0.996361940299 1.0 0.377891791045 0.450652985075 0.0868470149254
0.0400590551181 0.0127952755906 0.042125984252 0.0261811023622 0.0492125984252 0.0126968503937 0.0 0.0113188976378 0.0519526937966 0.0686357872985 0.058843958705 0.0704948048084 0.05642801458 0.0524223267424 0.0840326400791 0.0468148963275 0.117125984252 0.167027559055 0.132480314961 0.182381889764 0.163188976378 0.117125984252 0.251476377953 0.101771653543 0.612303149606 0.500984251969 0.692913385827 0.071062992126 0.969291338583 0.504822834646 1.0 0.558562992126
