0.0141924204247 0.018923227233 0.0286419499152 0.0444798683602 0.009075950018 0.0189489381396 0.0 0.0185118527279 0.039312058865 0.0274195270282 0.0324182957629 0.0838445523585 0.0529202109296 0.0293531493667 0.0640211632897 0.0444195673373 0.116598961279 0.0534272638453 0.081503573816 0.229906926518 0.135650743045 0.0564354399136 0.175759757289 0.109579883787 0.219879672957 0.0353782074356 0.382321180645 1.0 0.41942201882 0.0343754820795 0.773384069522 0.0514218131331
0.0208233374916 0.0173687745898 0.0169849342673 0.040974954419 0.0 0.0147778524134 0.00690912580367 0.0223586987813 0.0649469202895 0.0302639205222 0.0473382019747 0.158355570654 0.0921587986445 0.0629523483403 0.071854823031 0.0889243640953 0.217829382977 0.0905863160925 0.199117167258 0.520967277613 0.296420688993 0.191632280971 0.187889837827 0.285193359562 0.214086939833 0.0793589866615 0.0643892140869 1.0 0.629498128778 0.053161884656 0.360042222435 0.273966030131
0.0158749844971 0.00688329405928 0.0109760634999 0.036214808384 0.0 0.0082475505395 0.00260448964405 0.0171772293191 0.0432961699531 0.0227061651474 0.0468984735152 0.143793031615 0.109962346275 0.0425857754139 0.0316759575776 0.0660002458711 0.146285501674 0.0640580429121 0.146285501674 0.487287610071 0.368783331266 0.129356318988 0.0834056802679 0.206746868411 0.206746868411 0.16563313903 0.0156889495225 1.0 0.434081607342 0.112427136302 0.332506511224 0.25753441647
0.0264312884034 0.0117038915439 0.0172632400273 0.0437920608602 0.0 0.0175558373159 0.0138496049937 0.0256510289671 0.0722697569376 0.0361736910733 0.0859957205899 0.183393099851 0.171268099195 0.0634533083892 0.0539844351687 0.0883503978331 0.227835755389 0.0870964595728 0.284892226665 0.631034819077 0.608212230567 0.201209402126 0.147956695601 0.292499756169 0.322929874183 0.288695991417 0.0718814005657 1.0 0.745147761631 0.0604701063103 0.205013166878 0.292499756169
0.0327919227392 0.0276997366111 0.0224319578578 0.0491659350307 0.0147936786655 0.0194907813872 0.0 0.0276997366111 0.0440414275744 0.0310726671315 0.0516295607542 0.142364940179 0.103808944413 0.0408462970113 0.0734789128213 0.0640324122756 0.101185250219 0.0549604916594 0.126865671642 0.441878841089 0.311764705882 0.0874890254609 0.155970149254 0.173090430202 0.361413520632 0.162818261633 0.0909130816506 1.0 0.388805970149 0.205618964004 0.965759438104 0.162818261633
0.0173920567621 0.00839318162153 0.0110755386346 0.0366011940815 0.0 0.0168728908886 0.00112485939258 0.00882581984944 0.0562053476541 0.0738448720412 0.0385779093748 0.129297928142 0.17125199173 0.0445530835865 0.0480886472314 0.0652091096468 0.196850393701 0.274465691789 0.122609673791 0.429696287964 0.595050618673 0.146231721035 0.159730033746 0.217097862767 0.250843644544 0.122609673791 0.0179977502812 1.0 0.44994375703 0.230596175478 0.40607424072 0.105736782902
0.02093176574 0.0162070102187 0.0164817053071 0.0417536534447 0.0 0.0157125590594 0.00895505988353 0.0181298758378 0.0436907505436 0.055663023209 0.0495788897244 0.150730253039 0.184754892602 0.0366573798361 0.0408834946796 0.0589908924402 0.134380837271 0.177233271069 0.14080870234 0.496483902868 0.629326447643 0.0979562685419 0.112954620371 0.168662784309 0.187946379519 0.0293923744643 0.0186792660147 1.0 0.661465772992 0.0486759696737 0.312218437534 0.0786726733326
0.0257247072375 0.0245728546746 0.0208613297498 0.0443463236706 0.00345555768862 0.0167658539707 0.0 0.0206053625136 0.0499124111879 0.058692258732 0.061517953656 0.164429882225 0.197706063372 0.0365387326263 0.0662525435477 0.0671722834736 0.143981570359 0.171434056441 0.191399500864 0.543290458821 0.717988097524 0.0965636398541 0.243808792475 0.208869264734 0.273756959109 0.228834709157 0.0840852370897 1.0 0.633134958725 0.114033403724 0.767901708581 0.0741025148781
0.0223350253807 0.0192258883249 0.0183375634518 0.0427664974619 0.00342639593909 0.0138959390863 0.0 0.0210659898477 0.043313797144 0.0484807401586 0.0547277940402 0.150781749125 0.217134289771 0.0383852294343 0.0924356328514 0.0620653859857 0.121510152284 0.13883248731 0.161104060914 0.480329949239 0.762436548223 0.0992385786802 0.307106598985 0.178426395939 0.203172588832 0.0819162436548 0.0472715736041 1.0 0.569416243655 0.161104060914 0.703045685279 0.153680203046
0.0249860746399 0.0183019018063 0.015994270709 0.0303174982096 0.0 0.0133683456672 0.0296013368346 0.0179040343757 0.0576004907445 0.0423241167914 0.0894645530122 0.137368982154 0.273369020187 0.0433912249672 0.193896084746 0.059979451467 0.174504655049 0.106230603963 0.295535927429 0.456910957269 1.0 0.121747433755 0.698973502029 0.186918118883 0.357603246598 0.0969205060874 0.0255430890427 0.565528765815 0.649319646694 0.127954165672 0.537598472189 0.0814036762951
