0.0257042253521 0.0 0.0265258215962 0.0334507042254 0.0318075117371 0.0264084507042 0.0321596244131 0.0254694835681 0.0466828229836 0.075152679671 0.0348521660899 0.0359476279966 0.0342641254745 0.034105137255 0.0353032658908 0.0340839307845 0.116549295775 0.189788732394 0.0616197183099 0.0661971830986 0.0616197183099 0.0524647887324 0.0661971830986 0.0570422535211 0.0524647887324 1.0 0.0845070422535 0.354577464789 0.290492957746 0.0799295774648 0.304225352113 0.0433098591549
0.0420168067227 0.0 0.00660264105642 0.0297118847539 0.0258103241297 0.0132052821128 0.0210084033613 0.0144057623049 0.128463481511 0.0422019157279 0.0654780154269 0.0335274769234 0.0319084581337 0.0486307710488 0.0338793069068 0.045005233245 0.426470588235 0.110444177671 0.19237695078 0.0870348139256 0.0870348139256 0.122148859544 0.110444177671 0.122148859544 1.0 0.672268907563 0.414765906363 0.520108043217 0.367947178872 0.157262905162 0.180672268908 0.110444177671
0.0287162162162 0.0251689189189 0.0 0.0322635135135 0.0293918918919 0.0361486486486 0.0287162162162 0.0361486486486 0.0414641796365 0.0332372873921 0.0769622710377 0.0349848085852 0.0317271309972 0.037406056775 0.030336340878 0.0365706376956 0.0908783783784 0.0513513513514 0.209459459459 0.0579391891892 0.0579391891892 0.0711148648649 0.0447635135135 0.0711148648649 0.169932432432 0.0315878378378 1.0 0.308277027027 0.196283783784 0.459797297297 0.169932432432 0.459797297297
0.0434210526316 0.0438596491228 0.0 0.0188596491228 0.0324561403509 0.0232456140351 0.0109649122807 0.0364035087719 0.0441280372696 0.192318669276 0.0739737714113 0.0757257273502 0.0928479144047 0.0430837966036 0.0986868211735 0.0391443118391 0.110526315789 0.709210526316 0.213157894737 0.230263157895 0.264473684211 0.127631578947 0.281578947368 0.0934210526316 0.743421052632 0.760526315789 1.0 0.264473684211 0.315789473684 0.0934210526316 0.572368421053 0.469736842105
0.0214071856287 0.0357784431138 0.0300898203593 0.0 0.027994011976 0.026122754491 0.0315868263473 0.0256736526946 0.0308555710226 0.0377698208456 0.0322027615112 0.0721386957311 0.028882126491 0.0284104148952 0.0381999940783 0.0279902671191 0.0483532934132 0.0950598802395 0.0512724550898 0.182634730539 0.0425149700599 0.0395958083832 0.074625748503 0.0366766467066 0.165119760479 0.445359281437 0.223502994012 1.0 0.141766467066 0.0687874251497 0.281886227545 0.0512724550898
0.0225460122699 0.0 0.0317484662577 0.00291411042945 0.0372699386503 0.0299079754601 0.0429447852761 0.0306748466258 0.0382524567958 0.105751497329 0.0325636981632 0.0438257109314 0.0400806730715 0.0302237381491 0.0535745704869 0.0308964364377 0.0668711656442 0.282208588957 0.0549079754601 0.0848159509202 0.0848159509202 0.0489263803681 0.11472392638 0.0489263803681 0.120705521472 1.0 0.288190184049 0.886349693252 0.503527607362 0.216411042945 0.724846625767 0.246319018405
0.0198093220339 0.0268008474576 0.0 0.0319915254237 0.0255296610169 0.0352754237288 0.0227754237288 0.0360169491525 0.0504625409959 0.0355347965173 0.0649669161696 0.058303507855 0.0326109173503 0.0371577684198 0.0369754938653 0.038042142981 0.120021186441 0.0745762711864 0.173728813559 0.165466101695 0.0580508474576 0.0745762711864 0.0704449152542 0.0745762711864 0.227436440678 0.0952330508475 1.0 0.297669491525 0.045656779661 0.425741525424 0.111758474576 0.454661016949
0.0126422250316 0.0172250316056 0.039190897598 0.0238621997472 0.0197534766119 0.0 0.0151706700379 0.0232300884956 0.0493843074457 0.0201239935439 0.111161236748 0.0339678901044 0.0196522310249 0.0528781696014 0.0207692954332 0.0453281631394 0.155657395702 0.0447218710493 0.352876106195 0.0940265486726 0.0385587863464 0.149494310999 0.0385587863464 0.143331226296 0.063211125158 0.143331226296 1.0 0.402180783818 0.241940581542 0.556257901391 0.063211125158 0.377528445006
0.0375 0.0403846153846 0.0454326923077 0.0259615384615 0.0334134615385 0.0 0.0264423076923 0.0377403846154 0.049879517371 0.0474164292825 0.100176229099 0.0390496530733 0.0359895475487 0.0858434308444 0.0369226891997 0.0454171320842 0.11875 0.1 0.334375 0.090625 0.071875 0.240625 0.0625 0.128125 0.5125 0.625 0.821875 0.0625 0.353125 1.0 0.08125 0.521875
0.0 0.0185 0.01825 0.008 0.02925 0.04325 0.0495 0.03775 0.103429905011 0.100437059858 0.0610208273087 0.227862946346 0.0721897764352 0.0510480325553 0.086222953212 0.0621533982295 0.3565 0.32725 0.17125 0.87325 0.21025 0.13225 0.259 0.1615 1.0 0.2785 0.28825 0.688 0.19075 0.73675 0.9805 0.52225
0.0 0.0289173789174 0.0303418803419 0.0261396011396 0.0266381766382 0.0363247863248 0.0283475783476 0.0346866096866 0.069274961751 0.0283117743412 0.030947186822 0.031122042435 0.0306164028501 0.0375238710876 0.027530244967 0.0434993325991 0.186111111111 0.0388888888889 0.0472222222222 0.0555555555556 0.0444444444444 0.0722222222222 0.0333333333333 0.0916666666667 1.0 0.177777777778 0.233333333333 0.0694444444444 0.0888888888889 0.466666666667 0.155555555556 0.402777777778
0.0 0.0271926464956 0.0222137112218 0.00536193029491 0.0348525469169 0.0394484871697 0.0183837610111 0.0229797012639 0.122408759442 0.0273494067668 0.0688009978917 0.0597681383832 0.0359914508361 0.053639748841 0.0303747191125 0.0346673123865 0.432401378782 0.0739180390655 0.253159708924 0.223286097281 0.103791650709 0.193412485638 0.103791650709 0.133665262352 0.566832631176 0.522022213711 0.327843738031 0.357717349674 0.820758330142 1.0 0.178475679816 0.357717349674
0.0 0.0117416829746 0.035469667319 0.020939334638 0.0255870841487 0.0307729941292 0.0330234833659 0.0323874755382 0.0643711920383 0.0443568438919 0.0391659186465 0.0328868855309 0.0344876625061 0.0325890072857 0.03598355663 0.0341268562401 0.141389432485 0.101320939335 0.0707925636008 0.0593444227006 0.0746086105675 0.0498043052838 0.0727005870841 0.0555283757339 1.0 0.542074363992 0.43331702544 0.183365949119 0.0478962818004 0.250146771037 0.337915851272 0.313111545988
0.0 0.0275019098549 0.0397249809015 0.022154316272 0.0213903743316 0.0190985485103 0.0397249809015 0.0420168067227 0.103419008677 0.0981871595758 0.073441567587 0.0918987570187 0.264111614244 0.101449283328 0.067503926732 0.0642941795811 0.404125286478 0.374331550802 0.255156608098 0.31474407945 0.940412528648 0.344537815126 0.225362872422 0.225362872422 0.672268907563 0.433919022154 0.910618792972 0.225362872422 0.195569136746 0.106187929717 0.910618792972 1.0
0.0380928975178 0.0189235684443 0.0 0.0228557385107 0.00221184566232 0.0152371590071 0.0208896534775 0.0189235684443 0.0535298962522 0.0306103289724 0.032112027957 0.0431625646803 0.125139205208 0.0374047187021 0.036109991224 0.0269273413267 0.156549520767 0.0798722044728 0.108626198083 0.11821086262 0.424920127796 0.108626198083 0.0990415335463 0.0702875399361 1.0 0.252396166134 0.511182108626 0.405750798722 0.424920127796 0.108626198083 0.329073482428 0.252396166134
0.0315972222222 0.0344618055556 0.0355034722222 0.00173611111111 0.0349826388889 0.0 0.0348090277778 0.0435763888889 0.0394640041846 0.0390566045598 0.0438693794775 0.0647709673232 0.038819815217 0.0721447677188 0.0382519989247 0.0597525908862 0.0791666666667 0.0723958333333 0.102864583333 0.163802083333 0.07578125 0.23828125 0.0690104166667 0.180729166667 0.282291666667 0.394010416667 0.434635416667 0.932291666667 0.414322916667 1.0 0.407552083333 0.749479166667
0.00972862263185 0.0320020481311 0.00857654889913 0.0 0.00512032770097 0.00460829493088 0.00729646697389 0.0099846390169 0.0346442160205 0.0458833910983 0.0134716086136 0.0170219669902 0.0215245106458 0.0165523665901 0.0166110438646 0.0136025355247 0.0963901689708 0.146313364055 0.031490015361 0.0514592933948 0.0664362519201 0.0514592933948 0.0464669738863 0.031490015361 0.13133640553 1.0 0.0864055299539 0.26113671275 0.0614439324117 0.0814132104455 0.0364823348694 0.141321044547
0.0133212231305 0.0110505600969 0.0155918861641 0.0336058128974 0.0028761731759 0.0 0.00650923402967 0.0151377535574 0.0519714424042 0.0260548871453 0.021985461372 0.121262828702 0.0361157441263 0.0254314259764 0.0365333430877 0.0157220410913 0.185286103542 0.0849227974569 0.05540417802 0.41553133515 0.108537693006 0.0790190735695 0.120345140781 0.0376930063579 0.208900999092 0.120345140781 0.297456857402 1.0 0.214804722979 0.326975476839 0.0731153496821 0.27974568574
0.0 0.0268711018711 0.031237006237 0.012577962578 0.0310291060291 0.033367983368 0.0293659043659 0.0343035343035 0.051955466594 0.0301808464841 0.0308133113978 0.0523005114068 0.0332176485617 0.0350796766171 0.0363236451073 0.034142882922 0.108108108108 0.0452702702703 0.0493243243243 0.124324324324 0.0614864864865 0.0635135135135 0.0675675675676 0.0554054054054 1.0 0.097972972973 0.268243243243 0.509459459459 0.260135135135 0.351351351351 0.19527027027 0.387837837838
0.031847133758 0.0168886315383 0.00443929743293 0.00887859486586 0.0037637521714 0.00241266164833 0.00675545261533 0.0 0.111797429482 0.0238613401749 0.0160451324914 0.0113635780864 0.0215482709996 0.0462190021239 0.013935189007 0.0483081211883 0.394035900405 0.0665894614939 0.0515344528083 0.0327156919514 0.0590619571511 0.160683265779 0.0402431962942 0.168210770122 1.0 0.416618413434 0.0816444701795 0.104226983208 0.107990735379 0.160683265779 0.0214244354372 0.254777070064
0.0393047600237 0.0215287379024 0.0231088287577 0.0205411811179 0.0152083744815 0.0146158404108 0.0158009085522 0.0 0.139629659524 0.0228297439501 0.0311031858654 0.0256647537257 0.0288800470623 0.0592219150397 0.0299594254426 0.0836426276289 0.491605767332 0.044835078017 0.0833497926131 0.0679439067746 0.0756468496939 0.183488050563 0.0910527355323 0.260517479755 1.0 0.30673513727 0.368358680624 0.268220422674 0.0602409638554 0.0371321350978 0.0833497926131 0.560932253605
0.0463061152351 0.0188523624367 0.0 0.037763638506 0.0177919170496 0.0084835630965 0.0208554259456 0.0303405207965 0.0611320124524 0.0331021680032 0.0644963582946 0.0550058262077 0.0373542529826 0.0489754221726 0.0358104587504 0.0406736010687 0.1475786497 0.0648639095087 0.170554966419 0.138388123012 0.0855425945564 0.120007069636 0.0901378579003 0.0947331212443 1.0 0.11311417462 0.84835630965 0.666843407565 0.154471544715 0.517497348887 0.0349946977731 0.377341816896
0.04990234375 0.028125 0.023046875 0.04716796875 0.03095703125 0.03642578125 0.0013671875 0.0 0.0763144334622 0.0308414439175 0.0555890179443 0.0632211641811 0.0354496750777 0.0423998117371 0.0637268292462 0.0746414681502 0.20400390625 0.0478515625 0.146875 0.15830078125 0.06689453125 0.10498046875 0.1544921875 0.192578125 0.99619140625 0.146875 0.101171875 0.88955078125 0.25732421875 0.47060546875 0.9466796875 1.0
0.030596390582 0.0 0.0227082586351 0.0417114855982 0.0323891478427 0.0132664037289 0.00334648021991 0.0106370264133 0.0439880269052 0.0547683494494 0.0384916664157 0.0653882991256 0.0453952729496 0.0512327901692 0.0301288019094 0.0403944064778 0.114377913231 0.142344926497 0.114377913231 0.174973108641 0.128361419864 0.151667264252 0.0677662244532 0.114377913231 0.566511294371 0.659734671925 0.25887414844 1.0 0.636428827537 0.142344926497 0.529221943349 0.244890641807
