0.0338687150838 0.0240223463687 0.0 0.00750698324022 0.0319483240223 0.0372905027933 0.0340782122905 0.0322974860335 0.0449463516716 0.0699069315163 0.0774734629251 0.108803072521 0.0499415103377 0.0492762782265 0.0433379542563 0.0360948941822 0.10125698324 0.208833798883 0.206110335196 0.362709497207 0.10125698324 0.113512569832 0.0821927374302 0.0658519553073 0.370879888268 0.0631284916201 1.0 0.707227653631 0.295984636872 0.504329608939 0.37905027933 0.309601955307
0.0146682653877 0.0 0.0234212629896 0.0310151878497 0.0365107913669 0.0406075139888 0.0342925659472 0.0200639488409 0.0407552111522 0.0865691964248 0.0367769095385 0.0592807318791 0.0452979340455 0.0407431155836 0.0433667320216 0.0372473795855 0.0725419664269 0.240887290168 0.0850119904077 0.163729016787 0.0990407673861 0.0670863309353 0.0889088729017 0.0686450839329 0.42793764988 1.0 0.0865707434053 0.259592326139 0.473920863309 0.633693045564 0.387410071942 0.217505995204
0.00833333333333 0.0 0.0304487179487 0.0127136752137 0.034561965812 0.0366452991453 0.0449786324786 0.0167200854701 0.0513565366236 0.127192837657 0.0778998294614 0.086608302234 0.051836556304 0.0652004801372 0.0561151576158 0.0545023689665 0.1 0.372916666667 0.235416666667 0.297916666667 0.127083333333 0.183333333333 0.127083333333 0.13125 0.675 1.0 0.2375 0.504166666667 0.397916666667 0.479166666667 0.804166666667 0.347916666667
0.0222037283622 0.0 0.0336218375499 0.0318242343542 0.0306924101198 0.0367842876165 0.0343541944075 0.00652463382157 0.0422924470543 0.0768872303828 0.0657563865882 0.0891160868044 0.0384297700192 0.0563015254714 0.0362459506919 0.0662737315461 0.0912117177097 0.19896804261 0.185985352863 0.271671105193 0.0743342210386 0.143142476698 0.0574567243675 0.179494007989 0.134054593875 1.0 0.361251664447 0.291145139814 0.247003994674 0.484587217044 0.389813581891 0.745539280959
0.0198979591837 0.0 0.0311224489796 0.0328352769679 0.0333819241983 0.0248177842566 0.032944606414 0.0211005830904 0.0438134203406 0.0753093938835 0.0650930621587 0.094675106916 0.0398012133454 0.0675669705038 0.0429857923077 0.0367189516486 0.107434402332 0.205502915452 0.175655976676 0.292201166181 0.0804300291545 0.167128279883 0.093221574344 0.0690597667638 0.223979591837 1.0 0.263775510204 0.330575801749 0.351895043732 0.0321064139942 0.334839650146 0.177077259475
0.0289127423823 0.0 0.0281855955679 0.0362188365651 0.030055401662 0.019148199446 0.0291897506925 0.0227146814404 0.0410798343361 0.0660625987897 0.0539090307303 0.0911729420649 0.0380667311351 0.061581357083 0.0412101644306 0.0325041904025 0.0857686980609 0.165443213296 0.131682825485 0.266724376731 0.0722645429363 0.149238227147 0.0857686980609 0.0560595567867 0.177596952909 1.0 0.149238227147 0.462534626039 0.22216066482 0.253220221607 0.188400277008 0.114127423823
0.0269191919192 0.0 0.0262121212121 0.039696969697 0.0307575757576 0.0205050505051 0.0299494949495 0.0243434343434 0.0451734646669 0.0823899180484 0.0611151018491 0.128286816746 0.05214081454 0.0801946957907 0.0573588818561 0.0288970791361 0.111666666667 0.204242424242 0.164848484848 0.407121212121 0.135303030303 0.206212121212 0.15696969697 0.0407575757576 0.0998484848485 1.0 0.0722727272727 0.598181818182 0.249545454545 0.200303030303 0.21803030303 0.0506060606061
0.0260034904014 0.0 0.0289703315881 0.0380017452007 0.0301919720768 0.0203315881326 0.0299738219895 0.0227312390925 0.0421578614708 0.0723973826587 0.0558368247101 0.113196350925 0.0536389774242 0.0670958000574 0.0539494947038 0.0305483934841 0.098167539267 0.179842931937 0.135602094241 0.341492146597 0.135602094241 0.162827225131 0.139005235602 0.0505235602094 0.0641361256545 1.0 0.179842931937 0.532068062827 0.227486910995 0.207068062827 0.218979057592 0.113481675393
0.0189688715953 0.0 0.0308365758755 0.0399319066148 0.0293287937743 0.0205252918288 0.0334630350195 0.0234922178988 0.0451658881683 0.0935224461725 0.049718892248 0.126212459061 0.0601556474066 0.0780372015247 0.0650248980029 0.0305541254567 0.108463035019 0.252626459144 0.112256809339 0.408171206226 0.165369649805 0.212791828794 0.176750972763 0.0458657587549 0.260214007782 1.0 0.252626459144 0.607344357977 0.193822957198 0.199513618677 0.355058365759 0.0838035019455
0.0208592777086 0.0 0.028704856787 0.0332503113325 0.0317870485679 0.0213885429639 0.0318804483188 0.0242216687422 0.0372834778306 0.0606917697365 0.0394974011762 0.0869415399568 0.0479880212751 0.0525078079341 0.0527770014819 0.0277563038579 0.0699252801993 0.173132004981 0.0808530510585 0.253268991283 0.103922789539 0.114850560399 0.125778331258 0.0371419676214 0.186488169365 1.0 0.169489414695 0.346762141968 0.289694894147 0.165846824408 0.293337484433 0.0553549190535
0.0238172920065 0.0 0.010766721044 0.0403752039152 0.0277324632953 0.0431076672104 0.0215334420881 0.0202691680261 0.0328971794078 0.0563340062535 0.0505019544921 0.183731865533 0.061318019041 0.0422198122045 0.0855121835439 0.0371798653006 0.056810766721 0.15383360522 0.109298531811 0.603955954323 0.157014681892 0.0949836867863 0.219045676998 0.0758972267537 0.0711256117455 1.0 0.580097879282 0.624632952692 0.131566068515 0.731199021207 0.160195758564 0.209502446982
0.0162396121884 0.020256232687 0.00824099722992 0.0421052631579 0.00578254847645 0.0163434903047 0.0 0.0146121883657 0.0232526822062 0.0338853817384 0.0263068741411 0.125891818159 0.0500484627109 0.0283876141273 0.062999525723 0.0229146716593 0.042555401662 0.0871191135734 0.0493074792244 0.407167590028 0.135734072022 0.0547091412742 0.177596952909 0.0412049861496 0.042555401662 0.147887811634 0.354501385042 1.0 0.450380886427 0.0385041551247 0.675900277008 0.106024930748
0.0239765469584 0.0224060307821 0.00115171186263 0.0408334205842 0.00335043450948 0.0140299445084 0.0 0.0182179876453 0.0474829374416 0.0597349360473 0.046480106671 0.293552251765 0.0987890224886 0.0276784185155 0.134180816319 0.0450651192029 0.130248141556 0.191498272432 0.113914773322 1.0 0.305831850068 0.0689980106795 0.432415453879 0.122081457439 0.330331902419 0.269081771542 0.591665794158 0.987749973825 0.505915610931 0.0894147209716 0.6365825568 0.105748089205
0.0247678018576 0.0362809597523 0.0196400928793 0.0348297213622 0.0 0.0263157894737 0.0268962848297 0.0235100619195 0.0464595622886 0.0545896396445 0.0349364485677 0.290399756765 0.108086434524 0.0634013687479 0.117911444202 0.093311959374 0.113293343653 0.15479876161 0.0793343653251 1.0 0.320820433437 0.18121130031 0.396284829721 0.264222136223 0.101973684211 0.550986842105 0.143479102167 0.494388544892 0.909442724458 0.162345201238 0.184984520124 0.0529218266254
0.00995833756732 0.0200182908241 0.00172746672086 0.0223554516817 0.0111777258409 0.0117874199776 0.0 0.016258510314 0.0226448935871 0.0262736454478 0.030385533693 0.294146253279 0.0586870029455 0.0266140974178 0.114513721602 0.0416852006141 0.0647291941876 0.0766182298547 0.0924702774108 1.0 0.187582562748 0.0726552179657 0.369881109643 0.147952443857 0.0369881109643 0.429326287979 0.30250990753 0.520475561427 0.0845442536328 0.108322324967 0.369881109643 0.282694848085
0.00744724865536 0.0151013653289 0.00227554820025 0.0324782788581 0.00279271824576 0.0122052130741 0.0 0.00879189077369 0.025831448284 0.0293782136414 0.0255628424265 0.292600938866 0.0663049393929 0.0366883212341 0.102310081712 0.0663601841092 0.0802647910633 0.100434422838 0.0842987174183 1.0 0.213384360778 0.120604054613 0.350537856847 0.241621845263 0.0157219693835 0.298096814233 0.217418287133 0.97579644187 0.197248655358 0.185146876293 0.306164666942 0.0520273065784
0.0094434553758 0.00394767396857 0.00178032355445 0.032278040096 0.00433470082824 0.0102949144671 0.0 0.00812756405295 0.0239865974126 0.0230317463222 0.0213992485194 0.178972461419 0.0356122967106 0.0306067437866 0.0634483957732 0.0487408130559 0.0822819103646 0.0671878628377 0.0641690533323 0.64076166886 0.112470005418 0.0943571483861 0.218128338107 0.172846195526 0.109451195913 0.118507624429 0.20303429058 1.0 0.103413576902 0.142658100472 0.272466909203 0.0581314343215
0.00393829996718 0.0108303249097 0.00470408051635 0.0313970025161 0.00437588885242 0.0136746526638 0.0 0.000437588885242 0.0237710481365 0.0272188597952 0.0202363980571 0.225904799611 0.042475261006 0.0415887251032 0.0752809886095 0.0647086344934 0.0784378076797 0.0869707909419 0.0571053495241 0.782408926813 0.142435182146 0.125369215622 0.253363964555 0.219232031506 0.0827042993108 0.197899573351 0.052838857893 1.0 0.0656383327863 0.30882835576 0.236297998031 0.219232031506
0.00690871674261 0.0111715419668 0.00764368660885 0.0314567102749 0.0129354696457 0.0220490959871 0.00382184330442 0.0 0.0326043094011 0.0456750411835 0.0350829192622 0.286909751616 0.050256002917 0.0576273244523 0.0923302020482 0.0955292533959 0.105688666765 0.140085256504 0.117154196678 1.0 0.157283551374 0.168749081288 0.312068205204 0.323533735117 0.0598265471116 0.122886961635 0.0311627223284 0.91400852565 0.191680141114 0.547111568426 0.180214611201 0.329266500073
0.0191309100847 0.0248701831101 0.0 0.0295162612736 0.0318393003553 0.0334790926483 0.016261273572 0.0273298715496 0.0525421711151 0.0636562419292 0.0527292863796 0.307894920507 0.0601046184181 0.0529471033132 0.112329791081 0.0731718675957 0.173954632413 0.184613282318 0.125990707844 1.0 0.168625307461 0.136649357748 0.323175731074 0.232577206887 0.0300628587046 0.232577206887 0.776168352009 0.413774255261 0.504372779448 0.568324678874 0.1419786827 0.328505056026
0.0130750605327 0.0220944309927 0.0273002421308 0.0 0.0469128329298 0.0418886198547 0.0391041162228 0.0261501210654 0.11645421407 0.100473751285 0.119913246754 0.113336502377 0.0661335536076 0.0750782794534 0.0575256049704 0.0487578268049 0.331900726392 0.282324455206 0.357869249395 0.372033898305 0.152481840194 0.232748184019 0.14303874092 0.117070217918 0.490072639225 0.138317191283 0.114709443099 1.0 0.879600484262 0.683656174334 0.575060532688 0.0698547215496
0.00981833147157 0.0258098653654 0.0438003409959 0.0 0.0362749132812 0.0122288200365 0.0271620906579 0.0162854959139 0.0995080191147 0.0813088468582 0.100589206041 0.131794900174 0.0493258132951 0.0572820076588 0.0537654443826 0.0370133690496 0.284614027868 0.236463048974 0.296078546652 0.454288905873 0.114939149862 0.165383032512 0.156211417485 0.085131401023 0.3625727556 0.298371450409 1.0 0.745487682991 0.706508319125 0.26856370157 0.351108236816 0.110353342348
0.01555 0.0235 0.0337 0.0 0.04335 0.02615 0.03615 0.0288 0.0916805818811 0.0958036016033 0.0700589613729 0.129400670496 0.0620873967811 0.053664873975 0.0583770130479 0.0523355080436 0.2434 0.2629 0.17515 0.44815 0.14785 0.13225 0.1537 0.1186 0.39355 0.0835 0.3643 1.0 0.74065 0.06985 0.45985 0.1732
0.0185917721519 0.0144778481013 0.0310917721519 0.0 0.0461234177215 0.0264240506329 0.0367879746835 0.0284018987342 0.127092281201 0.145515152237 0.0892494693504 0.190713098748 0.0726795145108 0.0757030763841 0.0693553328202 0.0732508033263 0.364398734177 0.435363924051 0.256408227848 0.691455696203 0.176186708861 0.22246835443 0.203955696203 0.197784810127 0.274920886076 0.435363924051 0.262579113924 1.0 0.848813291139 0.0805379746835 0.484731012658 0.157674050633
0.0185023944275 0.0 0.0139312146278 0.0119721375707 0.042446669569 0.0254680017414 0.0335219851981 0.0275359164127 0.1458512617 0.184342216008 0.100824489299 0.268598465048 0.0745890299234 0.0968934081863 0.0804813135797 0.0996669696345 0.465171963431 0.571288637353 0.333587287767 1.0 0.197757945146 0.295385285155 0.27416195037 0.303874619068 0.0576839355681 0.779277318241 0.235959947758 0.312363952982 0.915106660862 0.252938615586 0.567043970396 0.333587287767
0.0071 0.0 0.0415 0.021 0.0493 0.0225 0.039 0.0324 0.140897195825 0.149122278419 0.096080377039 0.242046677008 0.0705967104077 0.0960475896847 0.0804555677998 0.0970630279686 0.4423 0.4501 0.2785 0.883 0.1849 0.2824 0.2551 0.2746 0.7231 1.0 0.6685 0.181 0.9727 0.1225 0.571 0.3136
0.017821998688 0.0112617537721 0.00142138639843 0.0 0.0270063415701 0.0154165755522 0.0215394708069 0.0157445877979 0.153026354801 0.156053571272 0.0678829579245 0.25627283218 0.0653901155299 0.0692443971585 0.0716871231288 0.0996740734189 0.535206647715 0.522414170129 0.219658867264 1.0 0.215394708069 0.240979663241 0.266564618412 0.347583643123 0.287885414389 0.0320358626722 0.373168598294 0.428602667833 0.646074786792 0.194073912093 0.432866827028 0.206866389679
0.0232463295269 0.0160073409462 0.00560766721044 0.0 0.0405791190865 0.0238580750408 0.0330342577488 0.0277324632953 0.145360909881 0.137108637251 0.0953002860914 0.256693145068 0.0807266903715 0.0812718329362 0.0838711160345 0.0842812258629 0.475122349103 0.419453507341 0.331973898858 1.0 0.252446982055 0.256423327896 0.272328711256 0.252446982055 0.228588907015 0.0894168026101 0.495004078303 0.713703099511 0.904567699837 0.252446982055 0.610318107667 0.40354812398
0.0134991804069 0.0197666570244 0.0340372191688 0.0 0.0417510365442 0.0166811300742 0.0353871372095 0.0260341336419 0.142081735388 0.123913254186 0.0842474317263 0.258305469748 0.0839700229624 0.0711923807209 0.0858628030994 0.0863520388871 0.462250506219 0.379519814868 0.251663291872 1.0 0.251663291872 0.225339890078 0.281747179636 0.270465721724 0.364477870986 0.120046282904 0.481052936072 0.890945906856 0.781891813711 0.24038183396 0.533699739659 0.168932600521
0.00244091867303 0.000110950848774 0.00632419838012 0.0 0.0203040053256 0.00576944413625 0.0165316764673 0.0120936425164 0.124180394088 0.133530195001 0.0443017879803 0.251197092679 0.063480347541 0.041792908791 0.06927237022 0.0743373341107 0.398535448796 0.44613336292 0.164872961278 1.0 0.2081437923 0.134583379563 0.255741706424 0.251414623322 0.0956396316432 0.186508376789 0.0653500499279 0.190835459891 0.610562520803 0.043714634417 0.463441695329 0.290358371242
0.0 0.0112983425414 0.0360220994475 0.0325690607735 0.033729281768 0.0375414364641 0.0290331491713 0.0281767955801 0.0577659711316 0.0778218692714 0.039426238521 0.119998076159 0.0343246673704 0.0430579753413 0.0431979003911 0.0535164235252 0.134889502762 0.21138121547 0.075635359116 0.349281767956 0.0583977900552 0.0917955801105 0.0950276243094 0.13273480663 1.0 0.559364640884 0.454861878453 0.320193370166 0.36544198895 0.514116022099 0.18229281768 0.148895027624
0.00908860484484 0.0 0.0193721258645 0.0409530361734 0.0142665749357 0.0169460839338 0.0162218923127 0.0200601079046 0.0290743799358 0.0893497743473 0.0370040363971 0.142566211446 0.0314775673387 0.0353091934134 0.0367861966801 0.0393329887733 0.0693775573017 0.267081869863 0.0947966832024 0.419596625267 0.0764384256074 0.0947966832024 0.0947966832024 0.0962088568635 0.274142738169 0.628598327117 0.158344497954 1.0 0.072201904624 0.0637288626571 0.035485389434 0.185175797516
0.0102505694761 0.0 0.00564920273349 0.0322551252847 0.00305239179954 0.00291571753986 0.00492027334852 0.0148519362187 0.0192088969256 0.0796270585599 0.036883055844 0.17037448672 0.0285296270461 0.0352359607962 0.035852643112 0.0530678163942 0.0600911161731 0.243097949886 0.1169476082 0.536264236902 0.0831890660592 0.115170842825 0.108063781321 0.177357630979 0.141822323462 0.2715261959 0.0512072892938 1.0 0.152482915718 0.157813211845 0.0796355353075 0.321275626424
0.0113245412844 0.0 0.00960435779817 0.0358371559633 0.00946100917431 0.00984327217125 0.00774082568807 0.0154338685015 0.0332912644791 0.073436332338 0.0360780314987 0.143498151154 0.0213620881109 0.0342595534922 0.0340434463245 0.0577242006608 0.0887327981651 0.224770642202 0.118549311927 0.453985091743 0.0570527522936 0.105504587156 0.0905963302752 0.19309059633 0.0440080275229 0.418577981651 0.0440080275229 1.0 0.0495986238532 0.0346903669725 0.116685779817 0.204271788991
0.00515937213065 0.0 0.00721437628438 0.0363342223777 0.00830746360019 0.0114118315771 0.0104936382318 0.0225175987058 0.0324981048808 0.0903638660997 0.0599329220107 0.151908727889 0.0356275132629 0.0563634150187 0.028787828734 0.0963214654998 0.097940623497 0.311092650081 0.207074461108 0.5020768659 0.116698001836 0.205369244895 0.0808884613703 0.334965677058 0.237768352936 0.438983866031 0.15762319094 1.0 0.114992785624 0.0280267587775 0.0297319749902 0.461151676796
0.0208687376793 0.00965264088097 0.0 0.0494188022568 0.0263068452179 0.0458160560125 0.0282781592006 0.0329005506084 0.0592048731752 0.146681860268 0.139205873295 0.175790504249 0.0439398190332 0.0754558691428 0.0429546990294 0.120196962367 0.146353069132 0.461831282714 0.422065121338 0.536061450615 0.117191217456 0.202025695058 0.0959825980559 0.387601114812 0.162259533682 0.599687308817 0.976140303174 1.0 0.0986336754809 0.859492896472 0.175514920808 0.355788185711
0.0087954470627 0.00216358590847 0.0 0.0348525469169 0.00686703353558 0.0109590329712 0.00733737829829 0.0198485489864 0.0366028878437 0.0936449065177 0.0858627936022 0.122675049026 0.023241851997 0.0342593435295 0.0266392229024 0.0778171778347 0.121348948779 0.31028643996 0.275433893044 0.37815718922 0.0608155778185 0.0956681247354 0.0809933681388 0.253421758149 0.0351347537745 0.293777338789 0.37815718922 1.0 0.110342881332 0.0681529561168 0.0919994355863 0.414844080711
0.0343307593308 0.01138996139 0.0 0.0366473616474 0.0282496782497 0.0351994851995 0.0261904761905 0.0342664092664 0.0525341209945 0.072549886295 0.0957851292851 0.106420252382 0.0552305274411 0.0475155808387 0.0308646884891 0.0729355719125 0.130405405405 0.20694980695 0.275965250965 0.339961389961 0.146718146718 0.0965250965251 0.0526061776062 0.199420849421 0.3888996139 0.555791505792 1.0 0.479247104247 0.151737451737 0.42277992278 0.0714285714286 0.38638996139
0.0300108932462 0.00435729847495 0.0 0.0378540305011 0.0301198257081 0.0320261437908 0.0280501089325 0.036165577342 0.0757107228158 0.104060693863 0.124220461822 0.139179122854 0.0765439932583 0.0581604083898 0.0325721774279 0.089350094295 0.19068627451 0.311764705882 0.354248366013 0.447712418301 0.222549019608 0.122712418301 0.0589869281046 0.256535947712 0.220424836601 0.830065359477 1.0 0.526307189542 0.224673202614 0.299019607843 0.143954248366 0.46045751634
0.0220251716247 0.0 0.0045766590389 0.049942791762 0.029347826087 0.0310640732265 0.0274599542334 0.0427917620137 0.0813808010394 0.109346674465 0.120494207589 0.150550044198 0.0813889851878 0.0628564681463 0.0342447521349 0.111183901985 0.219107551487 0.323970251716 0.357437070938 0.515846681922 0.254805491991 0.156636155606 0.0606979405034 0.341819221968 0.141018306636 1.0 0.821510297483 0.997768878719 0.194565217391 0.261498855835 0.120938215103 0.718878718535
0.0219982342554 0.0244702766333 0.0371983519717 0.0236462625074 0.0308563861095 0.0418481459682 0.0232489699823 0.0 0.0294536217642 0.0367990410707 0.0528385681095 0.0334455808004 0.0412403442925 0.0524151705772 0.036483186208 0.0700981888969 0.0502501471454 0.080665097116 0.123131253679 0.0582842848735 0.0795173631548 0.130591524426 0.069761624485 0.192569158328 0.142068864038 0.0456592113008 0.500735726898 0.0777957622131 0.25339905827 0.68207769276 0.0932901706886 1.0
0.0106709919754 0.0214273518866 0.0256957486768 0.0 0.0397814580843 0.0175857947755 0.0125490865631 0.0176711627113 0.0283642694328 0.0589148736721 0.0322501902389 0.0763064347237 0.0909063110633 0.100882964861 0.0453297827152 0.159631511669 0.0844288885095 0.194297421888 0.0711114905242 0.244237664333 0.244237664333 0.377411644186 0.121051732969 0.620454157418 0.164333276421 0.284189858289 0.450657333106 0.580501963463 1.0 0.134369130954 0.0910875875021 0.137698480451
0.0221529196688 0.0196795354339 0.0201096892139 0.0 0.0341972255081 0.0147327669642 0.0236584578987 0.0220453812238 0.0339561330225 0.0570404312596 0.0444212783127 0.0700643879087 0.0711013763615 0.163779541999 0.0404233436021 0.265384055599 0.0899021400151 0.186364125175 0.144424131627 0.207334121949 0.203140122594 0.609958060006 0.115066136144 1.0 0.316378105173 0.219916120013 0.236692117432 0.576406065168 0.786106032907 0.0269921496935 0.375094096139 0.312184105818
0.0329566854991 0.0480225988701 0.0322033898305 0.0 0.0419962335217 0.0180790960452 0.0419962335217 0.0482109227872 0.0464688789971 0.121190375321 0.040644521862 0.0922938554935 0.0660802140076 0.177899417916 0.0491866366606 0.264680436545 0.118644067797 0.390395480226 0.0966101694915 0.265536723164 0.184745762712 0.618079096045 0.111299435028 0.941242937853 0.405084745763 0.992655367232 0.375706214689 0.926553672316 0.757627118644 0.221468926554 0.757627118644 1.0
0.0206757438225 0.0375693393848 0.0229450327786 0.0 0.0300050428643 0.0128593040847 0.0310136157337 0.0418557740797 0.0403884713625 0.153012010633 0.0283165273856 0.112865726386 0.0595621237135 0.14621412032 0.0448837438768 0.186742656402 0.124810892587 0.518154311649 0.0756429652042 0.360816944024 0.183812405446 0.508320726172 0.134644478064 0.626323751891 0.17397881997 0.832829046899 0.262481089259 0.665658093797 0.537821482602 0.164145234493 0.577155824508 1.0
0.00449438202247 0.0342366159947 0.0195637805684 0.0 0.0173165895572 0.013615333774 0.0294778585592 0.0405816259088 0.0803325003067 0.121078816796 0.0473242913842 0.0914555313103 0.0619385178645 0.0655657981654 0.0469352075029 0.0762182319618 0.237012557832 0.417448777264 0.139061467284 0.309187045605 0.180304031725 0.237012557832 0.123595505618 0.257633840053 0.438070059484 0.752544613351 0.180304031725 0.613350958361 0.0926635822868 0.0823529411765 0.566953073364 1.0
0.0 0.0414732281028 0.0287836583101 0.00123800680904 0.000928505106778 0.0210461157536 0.0396162178892 0.0235221293717 0.084477645499 0.179901358185 0.0684065341937 0.148092386918 0.165871226517 0.0833739721272 0.0767898565213 0.0717683896744 0.269730733519 0.589600742804 0.19730733519 0.493036211699 0.571494893222 0.293871866295 0.203342618384 0.281801299907 0.649953574745 1.0 0.505106778087 0.601671309192 0.61374187558 0.203342618384 0.927576601671 0.299907149489
0.0153021442495 0.0380116959064 0.0309454191033 0.0 0.026656920078 0.0299707602339 0.0349415204678 0.02261208577 0.0450806930537 0.080577224665 0.0402483503365 0.0698389691619 0.0582889168641 0.0446838867956 0.0390553784451 0.0369641113123 0.104824561404 0.220760233918 0.0801169590643 0.188450292398 0.140935672515 0.0972222222222 0.0763157894737 0.078216374269 0.403216374269 0.532456140351 0.256871345029 1.0 0.0896198830409 0.218859649123 0.412719298246 0.118128654971
0.0226516711548 0.0 0.0229684777443 0.0353239347378 0.0188499920798 0.00190083953746 0.00665293838112 0.0369079676857 0.0618718880417 0.048687306567 0.0361766825276 0.156319266825 0.0727977371894 0.142514209394 0.0612652351964 0.22474061489 0.221606209409 0.153651195945 0.122762553461 0.54284809124 0.252494851893 0.456359892286 0.190717566925 0.759068588627 0.444004435292 0.462537620783 0.456359892286 0.938222715032 0.29573895137 0.388404878821 0.203073023919 1.0
0.0 0.014390691978 0.0255154113084 0.0381710553174 0.00347009593795 0.0189834660135 0.0119412124923 0.0087773014901 0.0366819260435 0.0523421930675 0.031635226841 0.109234066499 0.0767722005432 0.0938482391165 0.0403107452231 0.120696673979 0.112369871402 0.1680955297 0.0805266380894 0.359154929577 0.231781996326 0.30342927128 0.124311083895 0.434782608696 0.514390691978 0.0725658297612 0.50642988365 1.0 0.379056950398 0.251684017146 0.0486834047765 0.172075933864
0.0148520103257 0.0183174794017 0.0263799992928 0.00739064323349 0.0159128682061 0.0 0.016514021005 0.02273772057 0.0714289659564 0.0743477708383 0.0295495267777 0.249129989347 0.0695153666635 0.0398500237719 0.0564262230384 0.065540619319 0.252519537466 0.258035998444 0.0690972099438 1.0 0.245623961243 0.129778280703 0.194596697196 0.187701120973 0.0497895965204 0.184942890484 0.499381166236 0.2690689204 0.0911630538562 0.557304006507 0.114608013013 0.35733229605
0.0 0.017017017017 0.00569800569801 0.00546700546701 0.0133595133595 0.0178255178255 0.00758450758451 0.0158235158235 0.0818586754912 0.0755379531223 0.0357849574203 0.255965880784 0.070886206564 0.0265139350259 0.0483264469737 0.0807817401112 0.277777777778 0.25975975976 0.0960960960961 1.0 0.247747747748 0.0660660660661 0.18018018018 0.235735735736 0.42042042042 0.264264264264 0.198198198198 0.207207207207 0.121621621622 0.295795795796 0.124624624625 0.217717717718
0.0 0.0195785808194 0.0104466474789 0.00852787549302 0.0116547631738 0.0129339444977 0.0108730412536 0.0221369434673 0.0675442473209 0.0792941917859 0.0256079253951 0.243701742959 0.0645537023521 0.0265362203138 0.0497747136488 0.0737026853821 0.232278008741 0.282166080375 0.0715275556977 1.0 0.237821127812 0.0756848950005 0.183775716875 0.217034431297 0.422129836904 0.362541306897 0.0147105852255 0.0895426926767 0.0535124187187 0.103400490353 0.0230252638311 0.462317450165
0.0 0.00998443105666 0.00967982129561 0.00775062614229 0.00859676436743 0.00923982941853 0.00849522778041 0.0135382116022 0.0543087608929 0.0675766115571 0.0228865963796 0.226844474532 0.0610279621995 0.0273245727014 0.0465414489415 0.0654028696645 0.189534962431 0.262133622149 0.0654572530969 1.0 0.244973938943 0.0878968388276 0.186895011169 0.201414743112 0.295133012929 0.109016448927 0.0971366682461 0.0218980572666 0.0548974480471 0.0799769850403 0.0509375211535 0.247613890205
0.0 0.00555318240068 0.004074524365 0.00322018861105 0.00368021555548 0.00361449742056 0.00387736996024 0.00778759898794 0.0475393155871 0.0636100518816 0.016217653863 0.22002739265 0.0523698432526 0.0198591383902 0.0423853878699 0.0506151285794 0.178556172576 0.265698419479 0.0555318240068 1.0 0.228534814182 0.0683468603161 0.182400683469 0.165741136267 0.119607005553 0.102947458351 0.0452797949594 0.0119607005553 0.0299017513883 0.0273387441264 0.0375907731739 0.190089705254
0.000275843045307 0.00299979311772 0.00148265636853 0.0014136956072 0.0017929797945 0.0 0.00158609751052 0.00593062547411 0.0448028142026 0.0638928055482 0.0134209172343 0.223550974067 0.0518721639396 0.0203549858196 0.0409791285597 0.0528368345397 0.170298600097 0.275187918075 0.0533066685056 1.0 0.224087993931 0.0761671608855 0.181056478864 0.178367009172 0.0237225018964 0.0842355699607 0.0250672367423 0.0223777670505 0.0371698503551 0.0344803806634 0.0291014412799 0.19853803186
0.000689836410223 0.00256224952368 0.00252940017082 0.000328493528677 0.00154391958478 0.0 0.00131397411471 0.00430326522568 0.0440760913511 0.0622486906065 0.0132405737947 0.226008720797 0.0522432698233 0.0227311147997 0.0391890956302 0.0553011910955 0.176236778135 0.268477760988 0.0519676762368 1.0 0.227481768609 0.0839957952828 0.176236778135 0.183923526707 0.00200381052493 0.0724656724263 0.0711845476644 0.0160961829052 0.0327508048091 0.0289074305236 0.0237829314762 0.140365284804
0.00127937512625 0.00434314187597 0.003434112181 0.00151504949162 0.00319843781564 0.0 0.00323210558212 0.00828227055417 0.0496112159776 0.0658629853016 0.0139234292079 0.229422851258 0.0532546535384 0.0193557824179 0.0425681272502 0.0480068039201 0.192478620968 0.273887280318 0.0493569456602 1.0 0.222678607501 0.0690525890512 0.17409602047 0.163591677328 0.0336004309474 0.090061275335 0.0546091172312 0.0244091306983 0.045417816982 0.0834960608713 0.0467308598748 0.243687293785
0.0019934011548 0.00271514984878 0.00305883970305 0.0019934011548 0.00175281825681 0.0 0.0023714599945 0.00525845477042 0.0439833822301 0.0633930957595 0.0141485759701 0.226259126706 0.0511734729536 0.0185367494447 0.0435856573109 0.0471279149723 0.166277151498 0.274848776464 0.0550247456695 1.0 0.222573549629 0.0684286499863 0.18370222711 0.163596370635 0.024195765741 0.0523439648062 0.0657478691229 0.024195765741 0.0148130327193 0.0563651361012 0.0389400604894 0.15153285675
0.00167540792541 0.0038243006993 0.00378787878788 0.00123834498834 0.0029865967366 0.0 0.0034965034965 0.0053175990676 0.0514583022412 0.0650859765473 0.0175628001842 0.229711438046 0.0519602631744 0.028728291188 0.0445035885591 0.065413887656 0.198863636364 0.267045454545 0.0653409090909 1.0 0.225852272727 0.105113636364 0.183238636364 0.230113636364 0.0113636363636 0.0951704545455 0.09375 0.00852272727273 0.0625 0.0568181818182 0.0823863636364 0.153409090909
0.0210417659203 7.94028902652e-05 0.00762267746546 7.94028902652e-05 0.031443544545 0.0120692393203 0.00500238208671 0.0 0.0340337673756 0.0738869765495 0.071495941968 0.0309836325172 0.0293134364175 0.0275183285657 0.0782713309663 0.0457510391663 0.108146736541 0.45807527394 0.340400190567 0.0957598856598 0.0802763220581 0.145307289185 0.337303477847 0.173177703668 0.594330633635 0.235111958075 0.0709861838971 0.235111958075 1.0 0.244402096236 0.043115769414 0.238208670796
0.03235811887 0.0 0.00896973761422 0.0115684466426 0.0221309414033 0.0147539609355 0.0411601978372 0.0295917511946 0.0556490506242 0.155636527075 0.121054021954 0.0256184733115 0.0497726161881 0.0384019613859 0.122511075763 0.063730283056 0.163048034202 0.774415290469 0.447480928829 0.0649677257105 0.143431972504 0.166317377819 0.411518149049 0.189202783134 0.656718920278 0.63710285858 0.287283091625 0.185933439517 0.257858999078 0.0616983820941 1.0 0.548830580937
0.0305982265518 0.0 0.00499562882478 0.0089921318846 0.0209816410641 0.00686898963407 0.0251030348445 0.0345947296116 0.0598411123813 0.203024008062 0.138840959717 0.0267939491034 0.0620622488851 0.0377305436269 0.177642416369 0.134866208233 0.167103784189 1.0 0.581116523042 0.0843012364181 0.206069689022 0.147620831772 0.70775571375 0.50805545148 0.766204571 0.44960659423 0.254777070064 0.0989134507306 0.39115773698 0.181715998501 0.551892094417 0.922068190333
0.0480662983425 0.0230662983425 0.0 0.0266574585635 0.032182320442 0.0418508287293 0.0273480662983 0.0368784530387 0.0638433546761 0.236103862629 0.166973094972 0.0421281856704 0.089310080496 0.0716294742203 0.192470766638 0.224211113171 0.154281767956 0.838397790055 0.660635359116 0.0950276243094 0.267403314917 0.245856353591 0.74682320442 0.816850828729 0.924585635359 0.100414364641 1.0 0.0896408839779 0.305110497238 0.682182320442 0.116574585635 0.488259668508
0.043111404087 0.00421885299934 0.0119973632169 0.0201713909031 0.0187211601846 0.0199077125906 0.0235992089651 0.0 0.0560496566771 0.161144713511 0.130197185696 0.0339712181139 0.093070811117 0.0646011865524 0.178405729693 0.189551085393 0.141331575478 0.583520105471 0.434410019776 0.0847725774555 0.311008569545 0.187607119314 0.645220830587 0.624653922215 1.0 0.552669742914 0.24930784443 0.105339485827 0.0487804878049 0.0950560316414 0.239024390244 0.717205009888
0.0318648789831 0.00452725056591 0.00243775030472 0.0233327529166 0.00661675082709 0.0 0.00957687619711 0.0339543792443 0.0379040806026 0.149070975782 0.13709324152 0.0343049822212 0.0651808592832 0.0701359740024 0.164480113149 0.261965098599 0.103604387951 0.612920076615 0.511056938882 0.110395263799 0.205467525683 0.22584015323 0.660456207557 0.93888211736 0.918509489814 0.16472227059 0.246212780777 0.58575657322 0.083231760404 0.341285042661 0.0492773811597 1.0
0.028990694345 0.0316750178955 0.00912670007158 0.0314960629921 0.0277380100215 0.00662133142448 0.0 0.0411596277738 0.0427105038423 0.0502536903568 0.0824293830667 0.0335592669102 0.065533982834 0.127587389396 0.0724489797145 0.218510734651 0.127594846099 0.127594846099 0.267179670723 0.0787401574803 0.197387258411 0.434681460272 0.211345740873 0.755726556908 0.525411596278 0.630100214746 0.281138153185 0.623120973515 0.476556907659 0.378847530422 0.637079455977 1.0
0.0353238866397 0.0392712550607 0.0212550607287 0.0381578947368 0.0323886639676 0.0189271255061 0.0 0.0380566801619 0.0422088590874 0.042508073644 0.0600331117681 0.0386253014167 0.0677223831191 0.0897869742312 0.0534555196612 0.141304134946 0.0842105263158 0.0842105263158 0.155263157895 0.0723684210526 0.178947368421 0.265789473684 0.119736842105 0.463157894737 0.427631578947 0.581578947368 0.171052631579 0.538157894737 0.313157894737 0.261842105263 1.0 0.534210526316
0.0260309278351 0.0226804123711 0.0368556701031 0.0346649484536 0.042912371134 0.0443298969072 0.0119845360825 0.0 0.0435334189571 0.0338777343555 0.0438214928147 0.0392779783345 0.0494838578311 0.0603464136124 0.0586219218276 0.0844274793808 0.0953608247423 0.065206185567 0.100386597938 0.0853092783505 0.130541237113 0.145618556701 0.150644329897 0.221005154639 0.065206185567 0.115463917526 0.487371134021 0.401932989691 0.723582474227 0.778865979381 0.532603092784 1.0
0.0353787727364 0.0151908854687 0.00119928043174 0.0211872876274 0.0 0.00699580251849 0.0149910053968 0.0151908854687 0.0568563969289 0.0354125881783 0.0605806448071 0.0548545020161 0.104860210666 0.10646715099 0.0679130268668 0.171548053225 0.17369578253 0.11133320008 0.204877073756 0.17369578253 0.306216270238 0.376374175495 0.2594443334 0.610233859684 1.0 0.212672396562 0.352988207076 0.446532080752 0.399760143914 0.126923845693 0.204877073756 0.212672396562
0.00176454861421 0.0 0.00887621424115 0.0226895998574 0.0118527760449 0.0108368238125 0.0212280545406 0.040263791106 0.032984565161 0.032438538669 0.0371465480925 0.0302751522194 0.0349352311584 0.0531130282967 0.0310630798346 0.0781521948434 0.0810444701898 0.0720078424383 0.092861598788 0.0636663398984 0.0873005970947 0.142910614027 0.0803493449782 0.220764637733 0.531485607343 0.600303003297 0.254130647892 0.314606541306 0.138044737546 0.17766687461 0.257606273951 1.0
0.013916827456 0.015271562872 0.00607578307812 0.0200336631225 0.0105915677983 0.0 0.00972946344267 0.0406010098937 0.0559624186684 0.047427905851 0.0550214737364 0.0355613016723 0.0669458786384 0.0985994099047 0.0320980923917 0.116262199567 0.185065068353 0.141836692803 0.141836692803 0.0954062153619 0.226692392955 0.293936532698 0.084198858738 0.343569112033 0.0713904511679 0.0185557699413 0.377191181904 0.197873475923 0.201075577815 0.614146721951 0.234697647687 1.0
0.0148863636364 0.0167613636364 0.00488636363636 0.0197727272727 0.00914772727273 0.0 0.014375 0.0413636363636 0.0750782101519 0.0622585905346 0.0495445848681 0.0417553787609 0.0862320866316 0.0954912489969 0.03817112557 0.100534489485 0.248806818182 0.182329545455 0.115852272727 0.113636363636 0.282045454545 0.266534090909 0.0914772727273 0.259886363636 0.0648863636364 0.0405113636364 0.454886363636 0.157954545455 0.288693181818 0.645454545455 0.0848295454545 1.0
0.0333333333333 0.0372549019608 0.0379901960784 0.0375 0.030637254902 0.0328431372549 0.0 0.0127450980392 0.161083499228 0.113246186691 0.0690699633377 0.136245893358 0.176118395676 0.25539893607 0.119964025241 0.289104254577 0.579411764706 0.359558823529 0.197058823529 0.445588235294 0.579411764706 0.703676470588 0.340441176471 0.847058823529 0.35 0.502941176471 0.531617647059 0.5125 0.244852941176 0.330882352941 1.0 0.502941176471
0.00923344947735 0.0101045296167 0.00296167247387 0.0175087108014 0.00696864111498 0.0 0.012456445993 0.0367595818815 0.0773416168041 0.0597902224416 0.0453821584736 0.0604135693161 0.0856618287857 0.0990001528842 0.0483556292489 0.108448382631 0.272996515679 0.215243902439 0.13031358885 0.201655052265 0.279790940767 0.300174216028 0.154094076655 0.320557491289 0.0963414634146 0.0623693379791 0.340940766551 0.249216027875 0.184668989547 0.456445993031 0.0521777003484 1.0
0.0373810602628 0.0269596737653 0.0231082917988 0.030357951971 0.0 0.0133665609425 0.0176710466697 0.0267331218849 0.269354999769 0.212130945428 0.0680134852413 0.117435722961 0.259366421535 0.23998937276 0.0853720307056 0.216049006982 1.0 0.761440869959 0.204802899864 0.390348889896 0.893973719982 0.717263253285 0.266651563208 0.593565926597 0.72609877662 0.319664703217 0.169460806525 0.45219755324 0.770276393294 0.248980516538 0.0811055731763 0.310829179882
0.0166498486377 0.0215270770266 0.0139589640094 0.0280861083081 0.0 0.00084090144635 0.0137907837201 0.0413723511604 0.167898922255 0.135146619138 0.0480481821766 0.0836725736499 0.175254705656 0.156273504265 0.0588207040692 0.144250343795 0.632694248234 0.475277497477 0.134207870838 0.265388496468 0.606458123108 0.468718466196 0.180121089808 0.422805247225 0.0358224016145 0.226034308779 0.10141271443 0.481836528759 0.645812310797 0.61301715439 0.107971745711 1.0
0.0298013245033 0.023178807947 0.0235927152318 0.0289735099338 0.0113824503311 0.0295943708609 0.0140728476821 0.0 0.252721339144 0.197307912936 0.037055539713 0.10795817139 0.260765602806 0.192574441649 0.0688071822275 0.170833587925 1.0 0.717508278146 0.112168874172 0.354304635762 0.951572847682 0.644867549669 0.225165562914 0.556084437086 0.580298013245 0.32201986755 0.338162251656 0.548013245033 0.168667218543 0.572226821192 0.0637417218543 0.612582781457
0.0140220092297 0.015086971956 0.0108271210508 0.025736599219 0.0 0.0070997515087 0.0122470713525 0.0197018104366 0.246649712147 0.175256969187 0.0403025725191 0.129939519809 0.271949662339 0.163217858981 0.0509090646071 0.149214079751 1.0 0.633120340788 0.141640042599 0.446219382322 0.986155484558 0.50851970181 0.169329073482 0.494675186368 0.162406815761 0.203940362087 0.0378061767838 0.619275825346 0.404685835996 0.127795527157 0.0931842385517 0.383919062833
0.00677545567325 0.0155549193625 0.00973375322073 0.0203263670198 0.00963832426758 0.0 0.0077297452047 0.0390304418361 0.103306201307 0.0943382858064 0.026699742082 0.0619916520701 0.117413018721 0.0844528849272 0.0452159682892 0.0771271425262 0.371027769825 0.311480103063 0.0770111651875 0.184941311194 0.393358144861 0.251932436301 0.121671915259 0.20727168623 0.285427998855 0.0844546235328 0.170054394503 0.270541082164 0.173776123676 0.549670770112 0.248210707129 1.0
