0.0130750605327 0.0220944309927 0.0273002421308 0.0 0.0469128329298 0.0418886198547 0.0391041162228 0.0261501210654 0.11645421407 0.100473751285 0.119913246754 0.113336502377 0.0661335536076 0.0750782794534 0.0575256049704 0.0487578268049 0.331900726392 0.282324455206 0.357869249395 0.372033898305 0.152481840194 0.232748184019 0.14303874092 0.117070217918 0.490072639225 0.138317191283 0.114709443099 1.0 0.879600484262 0.683656174334 0.575060532688 0.0698547215496
0.00981833147157 0.0258098653654 0.0438003409959 0.0 0.0362749132812 0.0122288200365 0.0271620906579 0.0162854959139 0.0995080191147 0.0813088468582 0.100589206041 0.131794900174 0.0493258132951 0.0572820076588 0.0537654443826 0.0370133690496 0.284614027868 0.236463048974 0.296078546652 0.454288905873 0.114939149862 0.165383032512 0.156211417485 0.085131401023 0.3625727556 0.298371450409 1.0 0.745487682991 0.706508319125 0.26856370157 0.351108236816 0.110353342348
0.01555 0.0235 0.0337 0.0 0.04335 0.02615 0.03615 0.0288 0.0916805818811 0.0958036016033 0.0700589613729 0.129400670496 0.0620873967811 0.053664873975 0.0583770130479 0.0523355080436 0.2434 0.2629 0.17515 0.44815 0.14785 0.13225 0.1537 0.1186 0.39355 0.0835 0.3643 1.0 0.74065 0.06985 0.45985 0.1732
0.0185917721519 0.0144778481013 0.0310917721519 0.0 0.0461234177215 0.0264240506329 0.0367879746835 0.0284018987342 0.127092281201 0.145515152237 0.0892494693504 0.190713098748 0.0726795145108 0.0757030763841 0.0693553328202 0.0732508033263 0.364398734177 0.435363924051 0.256408227848 0.691455696203 0.176186708861 0.22246835443 0.203955696203 0.197784810127 0.274920886076 0.435363924051 0.262579113924 1.0 0.848813291139 0.0805379746835 0.484731012658 0.157674050633
0.0185023944275 0.0 0.0139312146278 0.0119721375707 0.042446669569 0.0254680017414 0.0335219851981 0.0275359164127 0.1458512617 0.184342216008 0.100824489299 0.268598465048 0.0745890299234 0.0968934081863 0.0804813135797 0.0996669696345 0.465171963431 0.571288637353 0.333587287767 1.0 0.197757945146 0.295385285155 0.27416195037 0.303874619068 0.0576839355681 0.779277318241 0.235959947758 0.312363952982 0.915106660862 0.252938615586 0.567043970396 0.333587287767
0.0071 0.0 0.0415 0.021 0.0493 0.0225 0.039 0.0324 0.140897195825 0.149122278419 0.096080377039 0.242046677008 0.0705967104077 0.0960475896847 0.0804555677998 0.0970630279686 0.4423 0.4501 0.2785 0.883 0.1849 0.2824 0.2551 0.2746 0.7231 1.0 0.6685 0.181 0.9727 0.1225 0.571 0.3136
0.017821998688 0.0112617537721 0.00142138639843 0.0 0.0270063415701 0.0154165755522 0.0215394708069 0.0157445877979 0.153026354801 0.156053571272 0.0678829579245 0.25627283218 0.0653901155299 0.0692443971585 0.0716871231288 0.0996740734189 0.535206647715 0.522414170129 0.219658867264 1.0 0.215394708069 0.240979663241 0.266564618412 0.347583643123 0.287885414389 0.0320358626722 0.373168598294 0.428602667833 0.646074786792 0.194073912093 0.432866827028 0.206866389679
0.0232463295269 0.0160073409462 0.00560766721044 0.0 0.0405791190865 0.0238580750408 0.0330342577488 0.0277324632953 0.145360909881 0.137108637251 0.0953002860914 0.256693145068 0.0807266903715 0.0812718329362 0.0838711160345 0.0842812258629 0.475122349103 0.419453507341 0.331973898858 1.0 0.252446982055 0.256423327896 0.272328711256 0.252446982055 0.228588907015 0.0894168026101 0.495004078303 0.713703099511 0.904567699837 0.252446982055 0.610318107667 0.40354812398
0.0134991804069 0.0197666570244 0.0340372191688 0.0 0.0417510365442 0.0166811300742 0.0353871372095 0.0260341336419 0.142081735388 0.123913254186 0.0842474317263 0.258305469748 0.0839700229624 0.0711923807209 0.0858628030994 0.0863520388871 0.462250506219 0.379519814868 0.251663291872 1.0 0.251663291872 0.225339890078 0.281747179636 0.270465721724 0.364477870986 0.120046282904 0.481052936072 0.890945906856 0.781891813711 0.24038183396 0.533699739659 0.168932600521
0.00244091867303 0.000110950848774 0.00632419838012 0.0 0.0203040053256 0.00576944413625 0.0165316764673 0.0120936425164 0.124180394088 0.133530195001 0.0443017879803 0.251197092679 0.063480347541 0.041792908791 0.06927237022 0.0743373341107 0.398535448796 0.44613336292 0.164872961278 1.0 0.2081437923 0.134583379563 0.255741706424 0.251414623322 0.0956396316432 0.186508376789 0.0653500499279 0.190835459891 0.610562520803 0.043714634417 0.463441695329 0.290358371242
