0.0219982342554 0.0244702766333 0.0371983519717 0.0236462625074 0.0308563861095 0.0418481459682 0.0232489699823 0.0 0.0294536217642 0.0367990410707 0.0528385681095 0.0334455808004 0.0412403442925 0.0524151705772 0.036483186208 0.0700981888969 0.0502501471454 0.080665097116 0.123131253679 0.0582842848735 0.0795173631548 0.130591524426 0.069761624485 0.192569158328 0.142068864038 0.0456592113008 0.500735726898 0.0777957622131 0.25339905827 0.68207769276 0.0932901706886 1.0
0.0106709919754 0.0214273518866 0.0256957486768 0.0 0.0397814580843 0.0175857947755 0.0125490865631 0.0176711627113 0.0283642694328 0.0589148736721 0.0322501902389 0.0763064347237 0.0909063110633 0.100882964861 0.0453297827152 0.159631511669 0.0844288885095 0.194297421888 0.0711114905242 0.244237664333 0.244237664333 0.377411644186 0.121051732969 0.620454157418 0.164333276421 0.284189858289 0.450657333106 0.580501963463 1.0 0.134369130954 0.0910875875021 0.137698480451
0.0221529196688 0.0196795354339 0.0201096892139 0.0 0.0341972255081 0.0147327669642 0.0236584578987 0.0220453812238 0.0339561330225 0.0570404312596 0.0444212783127 0.0700643879087 0.0711013763615 0.163779541999 0.0404233436021 0.265384055599 0.0899021400151 0.186364125175 0.144424131627 0.207334121949 0.203140122594 0.609958060006 0.115066136144 1.0 0.316378105173 0.219916120013 0.236692117432 0.576406065168 0.786106032907 0.0269921496935 0.375094096139 0.312184105818
0.0329566854991 0.0480225988701 0.0322033898305 0.0 0.0419962335217 0.0180790960452 0.0419962335217 0.0482109227872 0.0464688789971 0.121190375321 0.040644521862 0.0922938554935 0.0660802140076 0.177899417916 0.0491866366606 0.264680436545 0.118644067797 0.390395480226 0.0966101694915 0.265536723164 0.184745762712 0.618079096045 0.111299435028 0.941242937853 0.405084745763 0.992655367232 0.375706214689 0.926553672316 0.757627118644 0.221468926554 0.757627118644 1.0
0.0206757438225 0.0375693393848 0.0229450327786 0.0 0.0300050428643 0.0128593040847 0.0310136157337 0.0418557740797 0.0403884713625 0.153012010633 0.0283165273856 0.112865726386 0.0595621237135 0.14621412032 0.0448837438768 0.186742656402 0.124810892587 0.518154311649 0.0756429652042 0.360816944024 0.183812405446 0.508320726172 0.134644478064 0.626323751891 0.17397881997 0.832829046899 0.262481089259 0.665658093797 0.537821482602 0.164145234493 0.577155824508 1.0
0.00449438202247 0.0342366159947 0.0195637805684 0.0 0.0173165895572 0.013615333774 0.0294778585592 0.0405816259088 0.0803325003067 0.121078816796 0.0473242913842 0.0914555313103 0.0619385178645 0.0655657981654 0.0469352075029 0.0762182319618 0.237012557832 0.417448777264 0.139061467284 0.309187045605 0.180304031725 0.237012557832 0.123595505618 0.257633840053 0.438070059484 0.752544613351 0.180304031725 0.613350958361 0.0926635822868 0.0823529411765 0.566953073364 1.0
0.0 0.0414732281028 0.0287836583101 0.00123800680904 0.000928505106778 0.0210461157536 0.0396162178892 0.0235221293717 0.084477645499 0.179901358185 0.0684065341937 0.148092386918 0.165871226517 0.0833739721272 0.0767898565213 0.0717683896744 0.269730733519 0.589600742804 0.19730733519 0.493036211699 0.571494893222 0.293871866295 0.203342618384 0.281801299907 0.649953574745 1.0 0.505106778087 0.601671309192 0.61374187558 0.203342618384 0.927576601671 0.299907149489
0.0153021442495 0.0380116959064 0.0309454191033 0.0 0.026656920078 0.0299707602339 0.0349415204678 0.02261208577 0.0450806930537 0.080577224665 0.0402483503365 0.0698389691619 0.0582889168641 0.0446838867956 0.0390553784451 0.0369641113123 0.104824561404 0.220760233918 0.0801169590643 0.188450292398 0.140935672515 0.0972222222222 0.0763157894737 0.078216374269 0.403216374269 0.532456140351 0.256871345029 1.0 0.0896198830409 0.218859649123 0.412719298246 0.118128654971
0.0226516711548 0.0 0.0229684777443 0.0353239347378 0.0188499920798 0.00190083953746 0.00665293838112 0.0369079676857 0.0618718880417 0.048687306567 0.0361766825276 0.156319266825 0.0727977371894 0.142514209394 0.0612652351964 0.22474061489 0.221606209409 0.153651195945 0.122762553461 0.54284809124 0.252494851893 0.456359892286 0.190717566925 0.759068588627 0.444004435292 0.462537620783 0.456359892286 0.938222715032 0.29573895137 0.388404878821 0.203073023919 1.0
0.0 0.014390691978 0.0255154113084 0.0381710553174 0.00347009593795 0.0189834660135 0.0119412124923 0.0087773014901 0.0366819260435 0.0523421930675 0.031635226841 0.109234066499 0.0767722005432 0.0938482391165 0.0403107452231 0.120696673979 0.112369871402 0.1680955297 0.0805266380894 0.359154929577 0.231781996326 0.30342927128 0.124311083895 0.434782608696 0.514390691978 0.0725658297612 0.50642988365 1.0 0.379056950398 0.251684017146 0.0486834047765 0.172075933864
