0.00176454861421 0.0 0.00887621424115 0.0226895998574 0.0118527760449 0.0108368238125 0.0212280545406 0.040263791106 0.032984565161 0.032438538669 0.0371465480925 0.0302751522194 0.0349352311584 0.0531130282967 0.0310630798346 0.0781521948434 0.0810444701898 0.0720078424383 0.092861598788 0.0636663398984 0.0873005970947 0.142910614027 0.0803493449782 0.220764637733 0.531485607343 0.600303003297 0.254130647892 0.314606541306 0.138044737546 0.17766687461 0.257606273951 1.0
0.013916827456 0.015271562872 0.00607578307812 0.0200336631225 0.0105915677983 0.0 0.00972946344267 0.0406010098937 0.0559624186684 0.047427905851 0.0550214737364 0.0355613016723 0.0669458786384 0.0985994099047 0.0320980923917 0.116262199567 0.185065068353 0.141836692803 0.141836692803 0.0954062153619 0.226692392955 0.293936532698 0.084198858738 0.343569112033 0.0713904511679 0.0185557699413 0.377191181904 0.197873475923 0.201075577815 0.614146721951 0.234697647687 1.0
0.0148863636364 0.0167613636364 0.00488636363636 0.0197727272727 0.00914772727273 0.0 0.014375 0.0413636363636 0.0750782101519 0.0622585905346 0.0495445848681 0.0417553787609 0.0862320866316 0.0954912489969 0.03817112557 0.100534489485 0.248806818182 0.182329545455 0.115852272727 0.113636363636 0.282045454545 0.266534090909 0.0914772727273 0.259886363636 0.0648863636364 0.0405113636364 0.454886363636 0.157954545455 0.288693181818 0.645454545455 0.0848295454545 1.0
0.0333333333333 0.0372549019608 0.0379901960784 0.0375 0.030637254902 0.0328431372549 0.0 0.0127450980392 0.161083499228 0.113246186691 0.0690699633377 0.136245893358 0.176118395676 0.25539893607 0.119964025241 0.289104254577 0.579411764706 0.359558823529 0.197058823529 0.445588235294 0.579411764706 0.703676470588 0.340441176471 0.847058823529 0.35 0.502941176471 0.531617647059 0.5125 0.244852941176 0.330882352941 1.0 0.502941176471
0.00923344947735 0.0101045296167 0.00296167247387 0.0175087108014 0.00696864111498 0.0 0.012456445993 0.0367595818815 0.0773416168041 0.0597902224416 0.0453821584736 0.0604135693161 0.0856618287857 0.0990001528842 0.0483556292489 0.108448382631 0.272996515679 0.215243902439 0.13031358885 0.201655052265 0.279790940767 0.300174216028 0.154094076655 0.320557491289 0.0963414634146 0.0623693379791 0.340940766551 0.249216027875 0.184668989547 0.456445993031 0.0521777003484 1.0
0.0373810602628 0.0269596737653 0.0231082917988 0.030357951971 0.0 0.0133665609425 0.0176710466697 0.0267331218849 0.269354999769 0.212130945428 0.0680134852413 0.117435722961 0.259366421535 0.23998937276 0.0853720307056 0.216049006982 1.0 0.761440869959 0.204802899864 0.390348889896 0.893973719982 0.717263253285 0.266651563208 0.593565926597 0.72609877662 0.319664703217 0.169460806525 0.45219755324 0.770276393294 0.248980516538 0.0811055731763 0.310829179882
0.0166498486377 0.0215270770266 0.0139589640094 0.0280861083081 0.0 0.00084090144635 0.0137907837201 0.0413723511604 0.167898922255 0.135146619138 0.0480481821766 0.0836725736499 0.175254705656 0.156273504265 0.0588207040692 0.144250343795 0.632694248234 0.475277497477 0.134207870838 0.265388496468 0.606458123108 0.468718466196 0.180121089808 0.422805247225 0.0358224016145 0.226034308779 0.10141271443 0.481836528759 0.645812310797 0.61301715439 0.107971745711 1.0
0.0298013245033 0.023178807947 0.0235927152318 0.0289735099338 0.0113824503311 0.0295943708609 0.0140728476821 0.0 0.252721339144 0.197307912936 0.037055539713 0.10795817139 0.260765602806 0.192574441649 0.0688071822275 0.170833587925 1.0 0.717508278146 0.112168874172 0.354304635762 0.951572847682 0.644867549669 0.225165562914 0.556084437086 0.580298013245 0.32201986755 0.338162251656 0.548013245033 0.168667218543 0.572226821192 0.0637417218543 0.612582781457
0.0140220092297 0.015086971956 0.0108271210508 0.025736599219 0.0 0.0070997515087 0.0122470713525 0.0197018104366 0.246649712147 0.175256969187 0.0403025725191 0.129939519809 0.271949662339 0.163217858981 0.0509090646071 0.149214079751 1.0 0.633120340788 0.141640042599 0.446219382322 0.986155484558 0.50851970181 0.169329073482 0.494675186368 0.162406815761 0.203940362087 0.0378061767838 0.619275825346 0.404685835996 0.127795527157 0.0931842385517 0.383919062833
0.00677545567325 0.0155549193625 0.00973375322073 0.0203263670198 0.00963832426758 0.0 0.0077297452047 0.0390304418361 0.103306201307 0.0943382858064 0.026699742082 0.0619916520701 0.117413018721 0.0844528849272 0.0452159682892 0.0771271425262 0.371027769825 0.311480103063 0.0770111651875 0.184941311194 0.393358144861 0.251932436301 0.121671915259 0.20727168623 0.285427998855 0.0844546235328 0.170054394503 0.270541082164 0.173776123676 0.549670770112 0.248210707129 1.0
