0.0338687150838 0.0240223463687 0.0 0.00750698324022 0.0319483240223 0.0372905027933 0.0340782122905 0.0322974860335 0.0449463516716 0.0699069315163 0.0774734629251 0.108803072521 0.0499415103377 0.0492762782265 0.0433379542563 0.0360948941822 0.10125698324 0.208833798883 0.206110335196 0.362709497207 0.10125698324 0.113512569832 0.0821927374302 0.0658519553073 0.370879888268 0.0631284916201 1.0 0.707227653631 0.295984636872 0.504329608939 0.37905027933 0.309601955307
0.0146682653877 0.0 0.0234212629896 0.0310151878497 0.0365107913669 0.0406075139888 0.0342925659472 0.0200639488409 0.0407552111522 0.0865691964248 0.0367769095385 0.0592807318791 0.0452979340455 0.0407431155836 0.0433667320216 0.0372473795855 0.0725419664269 0.240887290168 0.0850119904077 0.163729016787 0.0990407673861 0.0670863309353 0.0889088729017 0.0686450839329 0.42793764988 1.0 0.0865707434053 0.259592326139 0.473920863309 0.633693045564 0.387410071942 0.217505995204
0.00833333333333 0.0 0.0304487179487 0.0127136752137 0.034561965812 0.0366452991453 0.0449786324786 0.0167200854701 0.0513565366236 0.127192837657 0.0778998294614 0.086608302234 0.051836556304 0.0652004801372 0.0561151576158 0.0545023689665 0.1 0.372916666667 0.235416666667 0.297916666667 0.127083333333 0.183333333333 0.127083333333 0.13125 0.675 1.0 0.2375 0.504166666667 0.397916666667 0.479166666667 0.804166666667 0.347916666667
0.0222037283622 0.0 0.0336218375499 0.0318242343542 0.0306924101198 0.0367842876165 0.0343541944075 0.00652463382157 0.0422924470543 0.0768872303828 0.0657563865882 0.0891160868044 0.0384297700192 0.0563015254714 0.0362459506919 0.0662737315461 0.0912117177097 0.19896804261 0.185985352863 0.271671105193 0.0743342210386 0.143142476698 0.0574567243675 0.179494007989 0.134054593875 1.0 0.361251664447 0.291145139814 0.247003994674 0.484587217044 0.389813581891 0.745539280959
0.0198979591837 0.0 0.0311224489796 0.0328352769679 0.0333819241983 0.0248177842566 0.032944606414 0.0211005830904 0.0438134203406 0.0753093938835 0.0650930621587 0.094675106916 0.0398012133454 0.0675669705038 0.0429857923077 0.0367189516486 0.107434402332 0.205502915452 0.175655976676 0.292201166181 0.0804300291545 0.167128279883 0.093221574344 0.0690597667638 0.223979591837 1.0 0.263775510204 0.330575801749 0.351895043732 0.0321064139942 0.334839650146 0.177077259475
0.0289127423823 0.0 0.0281855955679 0.0362188365651 0.030055401662 0.019148199446 0.0291897506925 0.0227146814404 0.0410798343361 0.0660625987897 0.0539090307303 0.0911729420649 0.0380667311351 0.061581357083 0.0412101644306 0.0325041904025 0.0857686980609 0.165443213296 0.131682825485 0.266724376731 0.0722645429363 0.149238227147 0.0857686980609 0.0560595567867 0.177596952909 1.0 0.149238227147 0.462534626039 0.22216066482 0.253220221607 0.188400277008 0.114127423823
0.0269191919192 0.0 0.0262121212121 0.039696969697 0.0307575757576 0.0205050505051 0.0299494949495 0.0243434343434 0.0451734646669 0.0823899180484 0.0611151018491 0.128286816746 0.05214081454 0.0801946957907 0.0573588818561 0.0288970791361 0.111666666667 0.204242424242 0.164848484848 0.407121212121 0.135303030303 0.206212121212 0.15696969697 0.0407575757576 0.0998484848485 1.0 0.0722727272727 0.598181818182 0.249545454545 0.200303030303 0.21803030303 0.0506060606061
0.0260034904014 0.0 0.0289703315881 0.0380017452007 0.0301919720768 0.0203315881326 0.0299738219895 0.0227312390925 0.0421578614708 0.0723973826587 0.0558368247101 0.113196350925 0.0536389774242 0.0670958000574 0.0539494947038 0.0305483934841 0.098167539267 0.179842931937 0.135602094241 0.341492146597 0.135602094241 0.162827225131 0.139005235602 0.0505235602094 0.0641361256545 1.0 0.179842931937 0.532068062827 0.227486910995 0.207068062827 0.218979057592 0.113481675393
0.0189688715953 0.0 0.0308365758755 0.0399319066148 0.0293287937743 0.0205252918288 0.0334630350195 0.0234922178988 0.0451658881683 0.0935224461725 0.049718892248 0.126212459061 0.0601556474066 0.0780372015247 0.0650248980029 0.0305541254567 0.108463035019 0.252626459144 0.112256809339 0.408171206226 0.165369649805 0.212791828794 0.176750972763 0.0458657587549 0.260214007782 1.0 0.252626459144 0.607344357977 0.193822957198 0.199513618677 0.355058365759 0.0838035019455
0.0208592777086 0.0 0.028704856787 0.0332503113325 0.0317870485679 0.0213885429639 0.0318804483188 0.0242216687422 0.0372834778306 0.0606917697365 0.0394974011762 0.0869415399568 0.0479880212751 0.0525078079341 0.0527770014819 0.0277563038579 0.0699252801993 0.173132004981 0.0808530510585 0.253268991283 0.103922789539 0.114850560399 0.125778331258 0.0371419676214 0.186488169365 1.0 0.169489414695 0.346762141968 0.289694894147 0.165846824408 0.293337484433 0.0553549190535
