0.0210417659203 7.94028902652e-05 0.00762267746546 7.94028902652e-05 0.031443544545 0.0120692393203 0.00500238208671 0.0 0.0340337673756 0.0738869765495 0.071495941968 0.0309836325172 0.0293134364175 0.0275183285657 0.0782713309663 0.0457510391663 0.108146736541 0.45807527394 0.340400190567 0.0957598856598 0.0802763220581 0.145307289185 0.337303477847 0.173177703668 0.594330633635 0.235111958075 0.0709861838971 0.235111958075 1.0 0.244402096236 0.043115769414 0.238208670796
0.03235811887 0.0 0.00896973761422 0.0115684466426 0.0221309414033 0.0147539609355 0.0411601978372 0.0295917511946 0.0556490506242 0.155636527075 0.121054021954 0.0256184733115 0.0497726161881 0.0384019613859 0.122511075763 0.063730283056 0.163048034202 0.774415290469 0.447480928829 0.0649677257105 0.143431972504 0.166317377819 0.411518149049 0.189202783134 0.656718920278 0.63710285858 0.287283091625 0.185933439517 0.257858999078 0.0616983820941 1.0 0.548830580937
0.0305982265518 0.0 0.00499562882478 0.0089921318846 0.0209816410641 0.00686898963407 0.0251030348445 0.0345947296116 0.0598411123813 0.203024008062 0.138840959717 0.0267939491034 0.0620622488851 0.0377305436269 0.177642416369 0.134866208233 0.167103784189 1.0 0.581116523042 0.0843012364181 0.206069689022 0.147620831772 0.70775571375 0.50805545148 0.766204571 0.44960659423 0.254777070064 0.0989134507306 0.39115773698 0.181715998501 0.551892094417 0.922068190333
0.0480662983425 0.0230662983425 0.0 0.0266574585635 0.032182320442 0.0418508287293 0.0273480662983 0.0368784530387 0.0638433546761 0.236103862629 0.166973094972 0.0421281856704 0.089310080496 0.0716294742203 0.192470766638 0.224211113171 0.154281767956 0.838397790055 0.660635359116 0.0950276243094 0.267403314917 0.245856353591 0.74682320442 0.816850828729 0.924585635359 0.100414364641 1.0 0.0896408839779 0.305110497238 0.682182320442 0.116574585635 0.488259668508
0.043111404087 0.00421885299934 0.0119973632169 0.0201713909031 0.0187211601846 0.0199077125906 0.0235992089651 0.0 0.0560496566771 0.161144713511 0.130197185696 0.0339712181139 0.093070811117 0.0646011865524 0.178405729693 0.189551085393 0.141331575478 0.583520105471 0.434410019776 0.0847725774555 0.311008569545 0.187607119314 0.645220830587 0.624653922215 1.0 0.552669742914 0.24930784443 0.105339485827 0.0487804878049 0.0950560316414 0.239024390244 0.717205009888
0.0318648789831 0.00452725056591 0.00243775030472 0.0233327529166 0.00661675082709 0.0 0.00957687619711 0.0339543792443 0.0379040806026 0.149070975782 0.13709324152 0.0343049822212 0.0651808592832 0.0701359740024 0.164480113149 0.261965098599 0.103604387951 0.612920076615 0.511056938882 0.110395263799 0.205467525683 0.22584015323 0.660456207557 0.93888211736 0.918509489814 0.16472227059 0.246212780777 0.58575657322 0.083231760404 0.341285042661 0.0492773811597 1.0
0.028990694345 0.0316750178955 0.00912670007158 0.0314960629921 0.0277380100215 0.00662133142448 0.0 0.0411596277738 0.0427105038423 0.0502536903568 0.0824293830667 0.0335592669102 0.065533982834 0.127587389396 0.0724489797145 0.218510734651 0.127594846099 0.127594846099 0.267179670723 0.0787401574803 0.197387258411 0.434681460272 0.211345740873 0.755726556908 0.525411596278 0.630100214746 0.281138153185 0.623120973515 0.476556907659 0.378847530422 0.637079455977 1.0
0.0353238866397 0.0392712550607 0.0212550607287 0.0381578947368 0.0323886639676 0.0189271255061 0.0 0.0380566801619 0.0422088590874 0.042508073644 0.0600331117681 0.0386253014167 0.0677223831191 0.0897869742312 0.0534555196612 0.141304134946 0.0842105263158 0.0842105263158 0.155263157895 0.0723684210526 0.178947368421 0.265789473684 0.119736842105 0.463157894737 0.427631578947 0.581578947368 0.171052631579 0.538157894737 0.313157894737 0.261842105263 1.0 0.534210526316
0.0260309278351 0.0226804123711 0.0368556701031 0.0346649484536 0.042912371134 0.0443298969072 0.0119845360825 0.0 0.0435334189571 0.0338777343555 0.0438214928147 0.0392779783345 0.0494838578311 0.0603464136124 0.0586219218276 0.0844274793808 0.0953608247423 0.065206185567 0.100386597938 0.0853092783505 0.130541237113 0.145618556701 0.150644329897 0.221005154639 0.065206185567 0.115463917526 0.487371134021 0.401932989691 0.723582474227 0.778865979381 0.532603092784 1.0
0.0353787727364 0.0151908854687 0.00119928043174 0.0211872876274 0.0 0.00699580251849 0.0149910053968 0.0151908854687 0.0568563969289 0.0354125881783 0.0605806448071 0.0548545020161 0.104860210666 0.10646715099 0.0679130268668 0.171548053225 0.17369578253 0.11133320008 0.204877073756 0.17369578253 0.306216270238 0.376374175495 0.2594443334 0.610233859684 1.0 0.212672396562 0.352988207076 0.446532080752 0.399760143914 0.126923845693 0.204877073756 0.212672396562
