0.0 0.0112983425414 0.0360220994475 0.0325690607735 0.033729281768 0.0375414364641 0.0290331491713 0.0281767955801 0.0577659711316 0.0778218692714 0.039426238521 0.119998076159 0.0343246673704 0.0430579753413 0.0431979003911 0.0535164235252 0.134889502762 0.21138121547 0.075635359116 0.349281767956 0.0583977900552 0.0917955801105 0.0950276243094 0.13273480663 1.0 0.559364640884 0.454861878453 0.320193370166 0.36544198895 0.514116022099 0.18229281768 0.148895027624
0.00908860484484 0.0 0.0193721258645 0.0409530361734 0.0142665749357 0.0169460839338 0.0162218923127 0.0200601079046 0.0290743799358 0.0893497743473 0.0370040363971 0.142566211446 0.0314775673387 0.0353091934134 0.0367861966801 0.0393329887733 0.0693775573017 0.267081869863 0.0947966832024 0.419596625267 0.0764384256074 0.0947966832024 0.0947966832024 0.0962088568635 0.274142738169 0.628598327117 0.158344497954 1.0 0.072201904624 0.0637288626571 0.035485389434 0.185175797516
0.0102505694761 0.0 0.00564920273349 0.0322551252847 0.00305239179954 0.00291571753986 0.00492027334852 0.0148519362187 0.0192088969256 0.0796270585599 0.036883055844 0.17037448672 0.0285296270461 0.0352359607962 0.035852643112 0.0530678163942 0.0600911161731 0.243097949886 0.1169476082 0.536264236902 0.0831890660592 0.115170842825 0.108063781321 0.177357630979 0.141822323462 0.2715261959 0.0512072892938 1.0 0.152482915718 0.157813211845 0.0796355353075 0.321275626424
0.0113245412844 0.0 0.00960435779817 0.0358371559633 0.00946100917431 0.00984327217125 0.00774082568807 0.0154338685015 0.0332912644791 0.073436332338 0.0360780314987 0.143498151154 0.0213620881109 0.0342595534922 0.0340434463245 0.0577242006608 0.0887327981651 0.224770642202 0.118549311927 0.453985091743 0.0570527522936 0.105504587156 0.0905963302752 0.19309059633 0.0440080275229 0.418577981651 0.0440080275229 1.0 0.0495986238532 0.0346903669725 0.116685779817 0.204271788991
0.00515937213065 0.0 0.00721437628438 0.0363342223777 0.00830746360019 0.0114118315771 0.0104936382318 0.0225175987058 0.0324981048808 0.0903638660997 0.0599329220107 0.151908727889 0.0356275132629 0.0563634150187 0.028787828734 0.0963214654998 0.097940623497 0.311092650081 0.207074461108 0.5020768659 0.116698001836 0.205369244895 0.0808884613703 0.334965677058 0.237768352936 0.438983866031 0.15762319094 1.0 0.114992785624 0.0280267587775 0.0297319749902 0.461151676796
0.0208687376793 0.00965264088097 0.0 0.0494188022568 0.0263068452179 0.0458160560125 0.0282781592006 0.0329005506084 0.0592048731752 0.146681860268 0.139205873295 0.175790504249 0.0439398190332 0.0754558691428 0.0429546990294 0.120196962367 0.146353069132 0.461831282714 0.422065121338 0.536061450615 0.117191217456 0.202025695058 0.0959825980559 0.387601114812 0.162259533682 0.599687308817 0.976140303174 1.0 0.0986336754809 0.859492896472 0.175514920808 0.355788185711
0.0087954470627 0.00216358590847 0.0 0.0348525469169 0.00686703353558 0.0109590329712 0.00733737829829 0.0198485489864 0.0366028878437 0.0936449065177 0.0858627936022 0.122675049026 0.023241851997 0.0342593435295 0.0266392229024 0.0778171778347 0.121348948779 0.31028643996 0.275433893044 0.37815718922 0.0608155778185 0.0956681247354 0.0809933681388 0.253421758149 0.0351347537745 0.293777338789 0.37815718922 1.0 0.110342881332 0.0681529561168 0.0919994355863 0.414844080711
0.0343307593308 0.01138996139 0.0 0.0366473616474 0.0282496782497 0.0351994851995 0.0261904761905 0.0342664092664 0.0525341209945 0.072549886295 0.0957851292851 0.106420252382 0.0552305274411 0.0475155808387 0.0308646884891 0.0729355719125 0.130405405405 0.20694980695 0.275965250965 0.339961389961 0.146718146718 0.0965250965251 0.0526061776062 0.199420849421 0.3888996139 0.555791505792 1.0 0.479247104247 0.151737451737 0.42277992278 0.0714285714286 0.38638996139
0.0300108932462 0.00435729847495 0.0 0.0378540305011 0.0301198257081 0.0320261437908 0.0280501089325 0.036165577342 0.0757107228158 0.104060693863 0.124220461822 0.139179122854 0.0765439932583 0.0581604083898 0.0325721774279 0.089350094295 0.19068627451 0.311764705882 0.354248366013 0.447712418301 0.222549019608 0.122712418301 0.0589869281046 0.256535947712 0.220424836601 0.830065359477 1.0 0.526307189542 0.224673202614 0.299019607843 0.143954248366 0.46045751634
0.0220251716247 0.0 0.0045766590389 0.049942791762 0.029347826087 0.0310640732265 0.0274599542334 0.0427917620137 0.0813808010394 0.109346674465 0.120494207589 0.150550044198 0.0813889851878 0.0628564681463 0.0342447521349 0.111183901985 0.219107551487 0.323970251716 0.357437070938 0.515846681922 0.254805491991 0.156636155606 0.0606979405034 0.341819221968 0.141018306636 1.0 0.821510297483 0.997768878719 0.194565217391 0.261498855835 0.120938215103 0.718878718535
