0.0148520103257 0.0183174794017 0.0263799992928 0.00739064323349 0.0159128682061 0.0 0.016514021005 0.02273772057 0.0714289659564 0.0743477708383 0.0295495267777 0.249129989347 0.0695153666635 0.0398500237719 0.0564262230384 0.065540619319 0.252519537466 0.258035998444 0.0690972099438 1.0 0.245623961243 0.129778280703 0.194596697196 0.187701120973 0.0497895965204 0.184942890484 0.499381166236 0.2690689204 0.0911630538562 0.557304006507 0.114608013013 0.35733229605
0.0 0.017017017017 0.00569800569801 0.00546700546701 0.0133595133595 0.0178255178255 0.00758450758451 0.0158235158235 0.0818586754912 0.0755379531223 0.0357849574203 0.255965880784 0.070886206564 0.0265139350259 0.0483264469737 0.0807817401112 0.277777777778 0.25975975976 0.0960960960961 1.0 0.247747747748 0.0660660660661 0.18018018018 0.235735735736 0.42042042042 0.264264264264 0.198198198198 0.207207207207 0.121621621622 0.295795795796 0.124624624625 0.217717717718
0.0 0.0195785808194 0.0104466474789 0.00852787549302 0.0116547631738 0.0129339444977 0.0108730412536 0.0221369434673 0.0675442473209 0.0792941917859 0.0256079253951 0.243701742959 0.0645537023521 0.0265362203138 0.0497747136488 0.0737026853821 0.232278008741 0.282166080375 0.0715275556977 1.0 0.237821127812 0.0756848950005 0.183775716875 0.217034431297 0.422129836904 0.362541306897 0.0147105852255 0.0895426926767 0.0535124187187 0.103400490353 0.0230252638311 0.462317450165
0.0 0.00998443105666 0.00967982129561 0.00775062614229 0.00859676436743 0.00923982941853 0.00849522778041 0.0135382116022 0.0543087608929 0.0675766115571 0.0228865963796 0.226844474532 0.0610279621995 0.0273245727014 0.0465414489415 0.0654028696645 0.189534962431 0.262133622149 0.0654572530969 1.0 0.244973938943 0.0878968388276 0.186895011169 0.201414743112 0.295133012929 0.109016448927 0.0971366682461 0.0218980572666 0.0548974480471 0.0799769850403 0.0509375211535 0.247613890205
0.0 0.00555318240068 0.004074524365 0.00322018861105 0.00368021555548 0.00361449742056 0.00387736996024 0.00778759898794 0.0475393155871 0.0636100518816 0.016217653863 0.22002739265 0.0523698432526 0.0198591383902 0.0423853878699 0.0506151285794 0.178556172576 0.265698419479 0.0555318240068 1.0 0.228534814182 0.0683468603161 0.182400683469 0.165741136267 0.119607005553 0.102947458351 0.0452797949594 0.0119607005553 0.0299017513883 0.0273387441264 0.0375907731739 0.190089705254
0.000275843045307 0.00299979311772 0.00148265636853 0.0014136956072 0.0017929797945 0.0 0.00158609751052 0.00593062547411 0.0448028142026 0.0638928055482 0.0134209172343 0.223550974067 0.0518721639396 0.0203549858196 0.0409791285597 0.0528368345397 0.170298600097 0.275187918075 0.0533066685056 1.0 0.224087993931 0.0761671608855 0.181056478864 0.178367009172 0.0237225018964 0.0842355699607 0.0250672367423 0.0223777670505 0.0371698503551 0.0344803806634 0.0291014412799 0.19853803186
0.000689836410223 0.00256224952368 0.00252940017082 0.000328493528677 0.00154391958478 0.0 0.00131397411471 0.00430326522568 0.0440760913511 0.0622486906065 0.0132405737947 0.226008720797 0.0522432698233 0.0227311147997 0.0391890956302 0.0553011910955 0.176236778135 0.268477760988 0.0519676762368 1.0 0.227481768609 0.0839957952828 0.176236778135 0.183923526707 0.00200381052493 0.0724656724263 0.0711845476644 0.0160961829052 0.0327508048091 0.0289074305236 0.0237829314762 0.140365284804
0.00127937512625 0.00434314187597 0.003434112181 0.00151504949162 0.00319843781564 0.0 0.00323210558212 0.00828227055417 0.0496112159776 0.0658629853016 0.0139234292079 0.229422851258 0.0532546535384 0.0193557824179 0.0425681272502 0.0480068039201 0.192478620968 0.273887280318 0.0493569456602 1.0 0.222678607501 0.0690525890512 0.17409602047 0.163591677328 0.0336004309474 0.090061275335 0.0546091172312 0.0244091306983 0.045417816982 0.0834960608713 0.0467308598748 0.243687293785
0.0019934011548 0.00271514984878 0.00305883970305 0.0019934011548 0.00175281825681 0.0 0.0023714599945 0.00525845477042 0.0439833822301 0.0633930957595 0.0141485759701 0.226259126706 0.0511734729536 0.0185367494447 0.0435856573109 0.0471279149723 0.166277151498 0.274848776464 0.0550247456695 1.0 0.222573549629 0.0684286499863 0.18370222711 0.163596370635 0.024195765741 0.0523439648062 0.0657478691229 0.024195765741 0.0148130327193 0.0563651361012 0.0389400604894 0.15153285675
0.00167540792541 0.0038243006993 0.00378787878788 0.00123834498834 0.0029865967366 0.0 0.0034965034965 0.0053175990676 0.0514583022412 0.0650859765473 0.0175628001842 0.229711438046 0.0519602631744 0.028728291188 0.0445035885591 0.065413887656 0.198863636364 0.267045454545 0.0653409090909 1.0 0.225852272727 0.105113636364 0.183238636364 0.230113636364 0.0113636363636 0.0951704545455 0.09375 0.00852272727273 0.0625 0.0568181818182 0.0823863636364 0.153409090909
