0.0382332402235 0.041375698324 0.0220844972067 0.0164106145251 0.0136173184358 0.0115223463687 0.0 0.0222590782123 0.0510614523394 0.0585968858347 0.0213040583311 0.0291265834777 0.0613958827055 0.0257926647658 0.0702167369344 0.0263524016733 0.13530027933 0.152321927374 0.0331703910615 0.0706180167598 0.182960893855 0.0501920391061 0.244238826816 0.0535963687151 0.877444134078 1.0 0.247643156425 0.0263617318436 0.114874301676 0.196578212291 0.64594972067 0.254451815642
0.0193268910363 0.0208263912029 0.0171609463512 0.00316561146285 0.0 0.00633122292569 0.0376541152949 0.0204931689437 0.0377471152318 0.0604432177985 0.0241668241708 0.0409271880122 0.106178479255 0.026775475033 0.146352525283 0.0276719286014 0.103298900367 0.200766411196 0.0643118960347 0.129290236588 0.369710096634 0.0773075641453 0.499666777741 0.0643118960347 0.285238253915 0.343718760413 0.200766411196 0.369710096634 0.493168943685 0.246251249583 1.0 0.330723092303
0.0263965623082 0.0310006138735 0.0257826887661 0.00552486187845 0.0 0.00675260896255 0.0435850214856 0.0285451197053 0.0563026988931 0.0999181784503 0.0471832400586 0.0457111529471 0.170361998886 0.0393239857163 0.205476478843 0.0354615633848 0.174033149171 0.317679558011 0.138121546961 0.114180478821 0.604972375691 0.102209944751 0.71270718232 0.0782688766114 0.329650092081 0.509208103131 0.305709023941 0.521178637201 0.73664825046 0.473296500921 1.0 0.413443830571
0.0199600798403 0.0316034597472 0.0192947438456 0.0059880239521 0.0 0.0146373918829 0.039254823686 0.0136393878909 0.0540250617253 0.084576087163 0.0414891493345 0.0333754711529 0.14422336627 0.0426008382887 0.177369283969 0.0337874552386 0.169660678643 0.260479041916 0.130738522954 0.0788423153693 0.506986027944 0.156686626747 0.610778443114 0.117764471058 0.24750499002 0.701596806387 0.221556886228 0.325349301397 0.558882235529 0.0399201596806 1.0 0.0269461077844
0.0133734536944 0.0197258441993 0.0170511534604 0.00601805416249 0.0 0.0133734536944 0.0344366432631 0.0110330992979 0.0491167831143 0.0647299641485 0.0405009014664 0.0185776374838 0.120810476125 0.0412831751125 0.153289241947 0.0217406575338 0.165496489468 0.191574724173 0.139418254764 0.0481444332999 0.452357071214 0.139418254764 0.543630892678 0.061183550652 0.17853560682 0.42627883651 0.321965897693 0.126379137412 0.361083249749 0.17853560682 1.0 0.0872617853561
0.0 0.0323547034152 0.0251647693229 0.00599161174356 0.00509286998203 0.0188735769922 0.0290593169563 0.016776512882 0.0766778425848 0.045674181744 0.074955168398 0.0355563180681 0.132853214313 0.0595739656017 0.178232641208 0.0404139432636 0.287297783104 0.158777711204 0.252246854404 0.123726782504 0.520970641102 0.205512282804 0.649490713002 0.135410425404 0.275614140204 1.0 0.719592570401 0.0419412822049 0.0769922109047 0.474236069503 0.871479928101 0.392450569203
0.00639545212293 0.0 0.0387280156333 0.0147450701723 0.0413927873512 0.010126132528 0.000532954343578 0.0198969621602 0.0306074979093 0.0509442468361 0.0346454483908 0.0235553861585 0.0593768696318 0.0302153554235 0.058752264918 0.0300094224472 0.0785219399538 0.133949191686 0.0854503464203 0.0508083140878 0.154734411085 0.0785219399538 0.230946882217 0.0715935334873 0.397228637413 0.646651270208 0.896073903002 0.0715935334873 1.0 0.251732101617 0.625866050808 0.161662817552
0.00865650969529 0.0138504155125 0.00450138504155 0.0088296398892 0.00207756232687 0.0122922437673 0.0263157894737 0.0 0.039097777491 0.0267737670911 0.0431987159984 0.0271401058919 0.0693835479432 0.034085560926 0.101981526557 0.00657385309954 0.155990304709 0.122229916898 0.155990304709 0.0884695290859 0.257271468144 0.108725761773 0.338296398892 0.0277008310249 0.311288088643 0.513850415512 0.149238227147 0.318040166205 0.0547091412742 0.453081717452 1.0 0.0277008310249
0.0191736429922 0.0197137456117 0.0240345665676 0.0148528220362 0.0126924115582 0.0259249257359 0.0353767215771 0.0 0.0688097928645 0.0971151554103 0.0731989060119 0.0635805853295 0.11086247933 0.0562314334796 0.171113209565 0.0451214117918 0.231163921145 0.347015933027 0.262759924386 0.210099918985 0.431271941669 0.189035916824 0.610315960032 0.157439913584 0.368079935188 0.389143937348 0.557655954631 0.199567917904 0.115311909263 0.631379962193 1.0 0.399675938428
0.0 0.0178474851271 0.0310978907518 0.000540832882639 0.0340724716063 0.0124391563007 0.00405624661979 0.0151433207139 0.0476683370403 0.0241640134123 0.0501003249929 0.0400169706163 0.0888189175363 0.0307349439293 0.0781919011809 0.0270932689251 0.177393185506 0.071930773391 0.20903190914 0.145754461871 0.377771768524 0.114115738237 0.303948080043 0.0824770146025 0.346133044889 0.367225527312 0.883991346674 0.325040562466 1.0 0.156300703083 0.187939426717 0.261763115197
0.00883862383577 0.0115947538491 0.0106443641893 0.0127352214408 0.0 0.00798327314199 0.00855350693784 0.0067477665843 0.206238538714 0.0259276046522 0.0115025093413 0.0881896248504 0.0906609377215 0.017286054777 0.0216881203198 0.0278453515449 1.0 0.0770766014066 0.0251853259837 0.362478616233 0.425489450675 0.0511309636951 0.0622505227143 0.0956091997719 0.0919026800988 0.199391750618 0.162326553887 0.243869986695 0.266109104733 0.0585440030412 0.0807831210796 0.0103592472914
0.0239201344272 0.0281704062469 0.0213502026292 0.0224374814668 0.0 0.0193733320154 0.0225363249975 0.0112681624988 0.209694921552 0.0568792766832 0.0229333462837 0.0979078833144 0.119337895578 0.029365618876 0.0336514553241 0.0387003379411 1.0 0.163487199763 0.0439853711575 0.40634575467 0.548976969457 0.0709696550361 0.07867945043 0.113373529702 0.286843926065 0.452604527034 0.186616585944 0.229020460611 0.680043491154 0.109518632006 0.232875358308 0.240585153702
0.00397193168278 0.00410432940553 0.00622269296968 0.00635509069244 0.0 0.00410432940553 0.00450152257381 0.00529590891037 0.205572517988 0.0327958445481 0.00763330909343 0.086847441918 0.108023804 0.0218632371067 0.0182874262311 0.0367518817816 1.0 0.122203098107 0.0240963855422 0.344234079174 0.468158347676 0.0808950086059 0.0550774526678 0.13769363167 0.0240963855422 0.0292598967298 0.111876075731 0.117039586919 0.13769363167 0.0292598967298 0.0447504302926 0.0757314974182
0.0 0.00152315190902 0.00446791226645 0.00426482534525 0.000812347684809 0.00446791226645 0.00426482534525 0.00375710804224 0.200840932998 0.0199934453034 0.0055747214392 0.0855293597766 0.0896942273821 0.0149216905545 0.0147704261475 0.0259908228385 1.0 0.0693541835906 0.0139114541024 0.398050365556 0.489134849716 0.0535134037368 0.0455930138099 0.101035743298 0.0812347684809 0.0218318440292 0.0970755483347 0.0891551584078 0.0495532087734 0.0970755483347 0.0891551584078 0.0693541835906
0.00277899663595 0.00438788942519 0.00570425625274 0.00921456779289 0.0 0.00570425625274 0.00979961971625 0.00307152259763 0.233570675888 0.0272930240576 0.0109033176955 0.101280639117 0.134844985012 0.0192847602944 0.0293007895987 0.0376805119618 1.0 0.104431768319 0.0359806932865 0.412461605968 0.623519087319 0.0759104870557 0.093023255814 0.155770074594 0.0416849495393 0.104431768319 0.155770074594 0.29267222466 0.070206230803 0.155770074594 0.315489249671 0.0530934620448
0.00821194642683 0.00948284289764 0.00870075276176 0.0103626943005 0.0 0.00811418515984 0.0113403069704 0.00684328868902 0.201871364043 0.0282667050822 0.012848256129 0.0878413643498 0.0970984472335 0.0186900708994 0.0187336268208 0.0323664583089 1.0 0.100205298661 0.0392022680614 0.397595072832 0.523413823443 0.0620784045361 0.0506403362988 0.119268745723 0.134519503373 0.184084465735 0.153582950435 0.218398670447 0.195522533972 0.13070681396 0.256525564571 0.0811418515984
0.0134839996202 0.00987560535562 0.00797645047954 0.0095907321242 0.0 0.00693191529769 0.00636216883487 0.0 0.199358198304 0.0280391452065 0.00862903706846 0.0880258820338 0.096325069047 0.0120808897493 0.0181328408988 0.0231687585075 1.0 0.0926787579527 0.0223150697939 0.39265027063 0.529674294939 0.0371284778274 0.0556452378691 0.0889754059444 0.381540214605 0.240812838287 0.16674579812 0.229702782262 0.151932390086 0.126008926028 0.103788813978 0.151932390086
0.00884865744508 0.00915378356387 0.00559397884459 0.00854353132628 0.0 0.00549227013832 0.00834011391375 0.00671277461351 0.208278453517 0.0294314118172 0.0122636055139 0.0925728108267 0.116810505577 0.0182878796376 0.0218608660107 0.027740814452 1.0 0.103539462978 0.0400732302685 0.39707078926 0.611269324654 0.0638730675346 0.0678397070789 0.111472742067 0.178905614321 0.190805532954 0.0519731489015 0.167005695688 0.174938974776 0.0480065093572 0.159072416599 0.0956061838893
0.00753941055517 0.00724566728679 0.00558112209929 0.00753941055517 0.0 0.00440614902575 0.00636443748164 0.00518946440811 0.196099638021 0.023227652436 0.00898105147935 0.0906900482015 0.110688493257 0.0140586527225 0.018211438452 0.0287457584153 1.0 0.0835210026437 0.0262410653089 0.404288651718 0.602859101146 0.0453343777538 0.0606090277098 0.110251640067 0.167531577401 0.156075589934 0.0911583276217 0.167531577401 0.133163615 0.0453343777538 0.121707627534 0.0758836776657
0.00912563667233 0.00870118845501 0.0054117147708 0.00965619694397 0.0 0.00498726655348 0.0072156196944 0.00297113752122 0.201287481463 0.0174659833333 0.00993211922162 0.0943369322405 0.111852571597 0.0118252049172 0.0192538279343 0.0285967103915 1.0 0.0605899830221 0.0316213921902 0.395797962649 0.586162988115 0.0440365025467 0.0605899830221 0.126803904924 0.255093378608 0.238539898132 0.110250424448 0.275785229202 0.106112054329 0.0936969439728 0.180602716469 0.0150679117148
0.00636797816693 0.00591312258358 0.0136456675006 0.0 0.0320673186263 0.00773254491699 0.00363884466682 0.00682283375028 0.0302325836964 0.0378665205609 0.0217837688033 0.0559477607767 0.178844897375 0.0246927143635 0.0633476406685 0.0152316750266 0.104161928588 0.148510347965 0.0775528769616 0.183989083466 0.63634296111 0.0775528769616 0.210598135092 0.0420741414601 0.015465089834 0.0332044575847 0.281555606095 0.263816238344 1.0 0.0509438253355 0.121901296338 0.015465089834
0.003495921425 0.00549359081072 0.0118195438655 0.0 0.0321291826203 0.00898951223572 0.00199766938572 0.00749126019644 0.0336037893164 0.0217152243111 0.01965868021 0.0413730939827 0.119756805114 0.0194328790366 0.0520451618974 0.0138884803565 0.104045280506 0.0650907274846 0.0521058764774 0.123522557017 0.415681704678 0.058598301981 0.168969535542 0.0391210254703 0.13001498252 0.0521058764774 0.207924088563 0.266355918096 1.0 0.0975528550025 0.188446812053 0.0391210254703
0.0144100054377 0.0182164219685 0.0206634040239 0.0 0.0391517128874 0.0122349102773 0.0171288743883 0.021207177814 0.0528779746801 0.058124541298 0.0359376875939 0.0783945638894 0.152715544192 0.0427349358313 0.0645860742419 0.0429949506019 0.162316476346 0.215334420881 0.0986949429038 0.247145187602 0.50163132137 0.119902120718 0.236541598695 0.130505709625 0.0350734094617 0.18352365416 0.278955954323 0.554649265905 1.0 0.0774877650897 0.141109298532 0.300163132137
0.00571428571429 0.0372857142857 0.0418571428571 0.0 0.0361428571429 0.0261428571429 0.0344285714286 0.0384285714286 0.0774902323275 0.0736226620549 0.0564279220712 0.0940229184062 0.104295366208 0.033386091498 0.0569968110656 0.0509402767754 0.197714285714 0.214428571429 0.136428571429 0.292428571429 0.320285714286 0.064 0.164285714286 0.114142857143 0.777142857143 0.504142857143 0.682428571429 1.0 0.459571428571 0.0695714285714 0.392714285714 0.548714285714
0.0 0.0188599577762 0.0315270935961 0.00971147079521 0.0426460239268 0.0212526389866 0.0233638282899 0.0311048557354 0.0659447390538 0.0917514326164 0.0454082020169 0.0763717871165 0.0805506532139 0.0297046740002 0.0533153847165 0.0396145117958 0.182125263899 0.286418015482 0.110767065447 0.231527093596 0.25348346235 0.0723434201267 0.154679802956 0.0997888810697 0.698099929627 0.0723434201267 0.566361717101 0.319352568614 1.0 0.165657987333 0.247994370162 0.549894440535
0.0 0.0292071197411 0.0395631067961 0.025 0.0330906148867 0.028640776699 0.0316343042071 0.037783171521 0.0825879033042 0.0618481101807 0.0533000410623 0.0446337070368 0.0527275653456 0.0331011258584 0.0465407968256 0.0463162753464 0.220631067961 0.148058252427 0.116504854369 0.110194174757 0.144902912621 0.0660194174757 0.107038834951 0.097572815534 1.0 0.189077669903 0.592961165049 0.025 0.340533980583 0.166990291262 0.283737864078 0.52354368932
0.0418333333333 0.0495 0.0463333333333 0.044 0.01 0.0 0.0231666666667 0.0443333333333 0.0487673912933 0.0638179511738 0.0619150676855 0.0432893411582 0.0707292758161 0.0678524600616 0.0676855426996 0.0541242548784 0.103 0.155 0.142 0.0965 0.2395 0.1615 0.194 0.1225 0.6815 0.9805 0.857 0.766 0.61 1.0 0.0965 0.779
0.00651011392699 0.0183678214369 0.0306905370844 0.0134852359916 0.0369681469426 0.0 0.00395256916996 0.0304580330156 0.0720458493064 0.0607237653871 0.0500299212089 0.0415361086498 0.0873844342607 0.0348523482795 0.0731435129629 0.0377919844201 0.21111369449 0.183910718438 0.138572425017 0.147640083701 0.428737502906 0.102301790281 0.274587305278 0.0932341315973 0.21111369449 0.274587305278 0.755173215531 0.0841664729133 1.0 0.465008137642 0.310857940014 0.746105556847
0.036875 0.0350625 0.0333125 0.0329375 0.0 0.011 0.0370625 0.0353125 0.0354174583033 0.0374555459535 0.0382558949151 0.0347142775079 0.0650625487519 0.050568993674 0.0461558576404 0.0399083135364 0.059125 0.068875 0.064 0.0566875 0.156625 0.103 0.098125 0.068875 0.488125 0.4174375 0.3491875 0.3345625 1.0 0.571 0.4954375 0.4271875
0.0228038351905 0.0256543145893 0.0417206530189 0.0212490282457 0.0448302669085 0.0 0.010365379632 0.0370562321845 0.0962227394093 0.0529947678565 0.0749476258298 0.035802301392 0.147218935491 0.0850279828614 0.0755375537582 0.0575047762985 0.312775330396 0.151075408137 0.201606633843 0.070225447007 0.494687742939 0.272350349832 0.242031614408 0.161181653278 0.140969162996 0.252137859549 0.878725058305 0.0803316921482 1.0 0.787768852034 0.383519046385 0.696812645763
0.0276484018265 0.0342694063927 0.0285388127854 0.0 0.0305479452055 0.0158675799087 0.0310273972603 0.0311415525114 0.0407271304616 0.0459458679527 0.0427573327529 0.0812171208023 0.0355151301213 0.064512231081 0.0373879856324 0.0449222336643 0.0864383561644 0.0997945205479 0.0971232876712 0.225342465753 0.062397260274 0.183493150685 0.0677397260274 0.106917808219 0.128287671233 0.386506849315 0.16301369863 1.0 0.241369863014 0.381164383562 0.260068493151 0.264520547945
0.0213235294118 0.0341911764706 0.0225183823529 0.0 0.0348345588235 0.0418198529412 0.0341911764706 0.0166360294118 0.0934010045326 0.0530585407596 0.10519489769 0.0862609666406 0.037222536919 0.211460951023 0.0393335210953 0.118393931658 0.272334558824 0.114613970588 0.304595588235 0.222150735294 0.0680147058824 0.659466911765 0.0751838235294 0.347610294118 0.168382352941 0.383455882353 0.121783088235 1.0 0.408547794118 0.680974264706 0.383455882353 0.351194852941
0.00361117688847 0.0168718920199 0.00503196779541 0.00201278711816 0.0152143026285 0.0371773620649 0.0151551030073 0.0 0.055579831804 0.0243975021345 0.0558047212389 0.0306672652727 0.0174185266348 0.120814094099 0.0159165392614 0.064131925043 0.164219748994 0.0557068434762 0.175763675112 0.0741771252664 0.0349277764622 0.392789486147 0.0280014207909 0.194233956903 0.332761070329 0.208086668245 0.277350224959 0.395098271371 0.14344068198 1.0 0.141131896756 0.473596968979
0.00170068027211 0.015306122449 0.00497121925693 0.0 0.0156985871272 0.0355834641549 0.0143903715332 0.000784929356358 0.0898195074777 0.0349303946025 0.081814517482 0.0421186438864 0.022506873831 0.189450720091 0.019144086637 0.0983890695866 0.301020408163 0.102040816327 0.285714285714 0.127551020408 0.0612244897959 0.683673469388 0.0459183673469 0.34693877551 0.341836734694 0.209183673469 0.214285714286 0.408163265306 0.224489795918 1.0 0.173469387755 0.377551020408
0.00215390640298 0.0301546896417 0.0158605835128 0.0 0.0274133542197 0.0401409829646 0.0260426865087 0.0150773448208 0.129297401436 0.057029311411 0.102962376414 0.0714485062393 0.0335462134244 0.263059925654 0.0288074442034 0.135160963953 0.442529860975 0.167613080086 0.366164088506 0.236342275308 0.0759741531232 0.961817113765 0.0759741531232 0.495985901704 0.511259056197 0.610534560407 0.0530644213824 0.595261405913 0.50362247895 1.0 0.450166438222 0.0225181123948
0.0 0.04 0.0345161290323 0.000322580645161 0.0440322580645 0.0401612903226 0.0377419354839 0.0304838709677 0.142262168806 0.058212493418 0.0948556561426 0.0903458739831 0.0479020899309 0.21953752624 0.0410206032798 0.108889265994 0.433870967742 0.12564516129 0.301774193548 0.238870967742 0.0879032258065 0.735806451613 0.0816129032258 0.358387096774 1.0 0.61 0.396129032258 0.987419354839 0.767258064516 0.616290322581 0.521935483871 0.238870967742
0.0 0.0295403587444 0.034697309417 0.0191143497758 0.0290919282511 0.0425448430493 0.0285874439462 0.0256726457399 0.0868417090776 0.0361401926869 0.0561010269026 0.0355034732537 0.0314391168075 0.0990490158719 0.0322839766082 0.0493592349637 0.243609865471 0.0687219730942 0.149607623318 0.0709080717489 0.0468609865471 0.28514573991 0.0534192825112 0.121188340807 1.0 0.202073991031 0.403195067265 0.254540358744 0.184585201794 0.709248878924 0.164910313901 0.0512331838565
0.0 0.0320155902004 0.0327115812918 0.0144070155902 0.0294404231626 0.0478841870824 0.0284660356347 0.0129454342984 0.0822105394913 0.056110129362 0.0587571561879 0.0877984467156 0.0393884161757 0.101722405956 0.0311069992768 0.0465833271117 0.25083518931 0.155832405345 0.169404231626 0.277978841871 0.0825445434298 0.283407572383 0.0581152561247 0.0934020044543 0.913140311804 0.381124721604 0.408268374165 0.351266703786 0.280693207127 1.0 0.242692093541 0.408268374165
0.0186 0.0271 0.0281 0.0 0.0416 0.0377 0.0376 0.0202 0.0560683118305 0.074614110896 0.0529449458758 0.185523705414 0.0624774598926 0.0747700713281 0.0535972026604 0.0427177876723 0.1381 0.2083 0.1342 0.6529 0.1537 0.181 0.1264 0.0835 0.2746 0.1069 0.1459 1.0 0.6724 0.5203 0.5164 0.2122
0.0111332668661 0.00697906281157 0.0154536390828 0.011964107677 0.0300764373546 0.0402126952476 0.02210036557 0.0 0.0474315530649 0.0815547867353 0.0872594828019 0.198639438407 0.0658210520016 0.105537970758 0.037104795883 0.0528327288709 0.144566301097 0.287138584247 0.287138584247 0.837986041874 0.228813559322 0.280658025922 0.118644067797 0.144566301097 0.164007976072 0.326021934197 0.0343968095713 0.131605184447 0.604685942173 1.0 0.293619142572 0.598205383848
0.0400051124744 0.0 0.00511247443763 0.0102249488753 0.043200408998 0.00805214723926 0.00575153374233 0.0131646216769 0.0812517968847 0.0642144542637 0.0811509580184 0.0410389656125 0.0599842689243 0.0991619744056 0.0409572031116 0.0873624402096 0.332055214724 0.21740797546 0.257285276074 0.11273006135 0.17254601227 0.302147239264 0.14263803681 0.287193251534 0.875383435583 0.720858895706 0.521472392638 0.322085889571 1.0 0.406825153374 0.496549079755 0.207438650307
0.0417613636364 0.028125 0.0 0.0255681818182 0.0279356060606 0.0317234848485 0.0258522727273 0.0345643939394 0.0460227272727 0.0504024510894 0.0662059149599 0.100860961652 0.0504662671424 0.0346767144631 0.0327766913514 0.050637881989 0.117329545455 0.132102272727 0.220738636364 0.338920454545 0.132102272727 0.0693181818182 0.0619318181818 0.146875 0.678693181818 0.146875 1.0 0.0471590909091 0.139488636364 0.287215909091 0.0582386363636 0.398011363636
0.0128981310871 0.0 0.00956392032991 0.0330788804071 0.00377292269896 0.00772133017461 0.0104413442134 0.00622970957269 0.0320508930042 0.0316368648489 0.054940488638 0.0662607379248 0.0221554169452 0.0224685398191 0.0175232098297 0.0423731473988 0.100026322717 0.0897604632798 0.178731245064 0.199262963938 0.0658067912609 0.072650697552 0.0418531192419 0.137667807318 0.21295077652 0.30534351145 0.0829165569887 1.0 0.158199526191 0.0110555409318 0.117136088444 0.0623848381153
0.0310606060606 0.0 0.0424242424242 0.0431818181818 0.0305555555556 0.0409090909091 0.0434343434343 0.00934343434343 0.100222860399 0.0836195914728 0.15499582061 0.0865861410556 0.0434982288604 0.0852419618705 0.0649692515221 0.140708933493 0.300757575758 0.231818181818 0.487878787879 0.310606060606 0.0939393939394 0.241666666667 0.172727272727 0.438636363636 0.261363636364 1.0 0.704545454545 0.734090909091 0.241666666667 0.645454545455 0.743939393939 0.635606060606
0.0204545454545 0.0126623376623 0.036038961039 0.037012987013 0.0285714285714 0.0438311688312 0.0415584415584 0.0 0.111428303101 0.0917253213609 0.169491827954 0.107608020227 0.0479304462117 0.0801470381541 0.0508315899752 0.14700968665 0.341558441558 0.265584415584 0.506168831169 0.40487012987 0.113636363636 0.24025974026 0.113636363636 0.40487012987 0.202272727273 0.506168831169 0.455519480519 0.493506493506 0.164285714286 0.759415584416 0.670779220779 1.0
0.0105508145849 0.0 0.0192397207137 0.033048875097 0.00946470131885 0.00899922420481 0.00837858805275 0.00325833979829 0.0462127719003 0.0257676690506 0.0681983072664 0.0647008972224 0.0211789870313 0.0399860862019 0.0206158177479 0.0582854397861 0.152831652444 0.0741660201707 0.237548487199 0.237548487199 0.0620636152056 0.128626842514 0.0620636152056 0.183087664856 0.122575640031 0.304111714507 0.461442979054 1.0 0.0802172226532 0.0620636152056 0.0378588052754 0.177036462374
0.0231630420795 0.0100373182345 0.041564792176 0.0180156993952 0.0241925106164 0.0 0.0234204092137 0.0204606871702 0.0472274053057 0.0309731782163 0.0752273222108 0.04336513653 0.0297802367594 0.0560345495393 0.0278050448805 0.0501118918376 0.141809290954 0.0715480633123 0.227126495946 0.126753313602 0.0564920859606 0.16690258654 0.0615107450779 0.141809290954 0.282331746236 0.262257109767 1.0 0.0815853815468 0.322481019174 0.653712520911 0.29236906447 0.176939904774
0.0352112676056 0.025234741784 0.0340375586854 0.0111502347418 0.0393192488263 0.0246478873239 0.0322769953052 0.0 0.111770197306 0.0512708644901 0.169612138072 0.170135346951 0.065147830938 0.166027077746 0.0417332687795 0.259617942686 0.519366197183 0.198943661972 0.702464788732 0.633802816901 0.198943661972 0.610915492958 0.107394366197 1.0 0.771126760563 0.382042253521 0.725352112676 0.198943661972 0.931338028169 0.359154929577 0.656690140845 0.633802816901
0.0243386243386 0.0201058201058 0.037037037037 0.0464096749811 0.0266061980348 0.0379440665155 0.0148148148148 0.0 0.0422075207273 0.03982368186 0.0734757409563 0.0852991777505 0.0388654253754 0.068155945181 0.0327843245584 0.0812855509931 0.103854875283 0.0861678004535 0.239455782313 0.251247165533 0.0979591836735 0.180498866213 0.0743764172336 0.227664399093 0.139229024943 0.0684807256236 0.634467120181 1.0 0.227664399093 0.669841269841 0.274829931973 0.852607709751
0.0242277992278 0.0364864864865 0.0317567567568 0.0434362934363 0.0400579150579 0.0287644787645 0.0 0.022972972973 0.0430070406899 0.0424697092006 0.0334469111418 0.0554612773414 0.0560426871427 0.0607841328888 0.0767529366558 0.0508128394186 0.104054054054 0.0889961389961 0.0588803088803 0.137934362934 0.13416988417 0.156756756757 0.190637065637 0.13416988417 0.0551158301158 0.472972972973 0.288513513514 0.744015444015 0.612258687259 0.171814671815 1.0 0.104054054054
0.0206769055745 0.0205631399317 0.0278441410694 0.0 0.0302901023891 0.0317406143345 0.0349544937429 0.0242036405006 0.058474755037 0.0775444882834 0.0298693821522 0.0673717650895 0.0480648092127 0.0610586840598 0.0374013682853 0.033521703543 0.201365187713 0.195819112628 0.042747440273 0.174744027304 0.138139931741 0.198037542662 0.0715870307167 0.059385665529 0.193600682594 0.198037542662 0.135921501706 1.0 0.231313993174 0.287883959044 0.413225255973 0.0560580204778
0.016884587666 0.0434469267991 0.0231133532379 0.0117368475239 0.0115309379183 0.0 0.0127149181509 0.0145166272007 0.0239919462069 0.12158681356 0.0308878065055 0.0348342062744 0.0535651553632 0.0667605060297 0.0526603027688 0.0441095693281 0.0423659013693 0.347523936992 0.0644497065788 0.0724801812005 0.130701122207 0.235097292289 0.130701122207 0.108617316998 0.0724801812005 1.0 0.206990631113 0.273242046741 0.281272521363 0.730979100175 0.235097292289 0.164830639349
0.00922257582646 0.039942846009 0.0196142105605 0.0135740728713 0.00337728128856 0.00759888289927 0.00571539910372 0.0 0.0287465252364 0.120301304723 0.0220227342694 0.0230456079449 0.0511497826316 0.0695500499401 0.0511362482183 0.0498423200133 0.0881340520881 0.364226797428 0.0425407546925 0.0501396375917 0.128661427551 0.247710592973 0.13626031045 0.13626031045 0.227446905241 1.0 0.20718321751 0.057738520491 0.455413392219 0.290770929402 0.364226797428 0.587127362473
0.0159548751007 0.0385173247381 0.0199033037873 0.0139403706688 0.00701047542305 0.0210314262691 0.00499597099114 0.0 0.0235570741061 0.114836177698 0.0237751497927 0.0195590151251 0.0432612918944 0.030009109703 0.0501711546355 0.0477523808331 0.0572119258662 0.340048348106 0.0509266720387 0.0414987912973 0.113779210314 0.0792103142627 0.135777598711 0.132634971797 0.120064464142 1.0 0.274053182917 0.0414987912973 0.255197421434 0.31804995971 0.333763094279 0.528605962933
0.029625910118 0.029625910118 0.0278684408737 0.027115239769 0.0281195079086 0.0456942003515 0.0220938990711 0.0 0.0771873144831 0.298361800019 0.0438766151081 0.0536890328572 0.0954988252891 0.113301477516 0.124111075528 0.153383887873 0.236254079839 1.0 0.128546321868 0.14812955059 0.275420537283 0.353753452172 0.363545066533 0.461461210143 0.363545066533 0.363545066533 0.295003766006 0.265628922922 0.304795380367 0.990208385639 0.0697966357017 0.833542555862
0.0199635752312 0.0417483889045 0.0128887643598 0.0144298122723 0.0149201456991 0.0355841972541 0.00574390585598 0.0 0.0309831390232 0.0835577120421 0.0274469910484 0.0469548238793 0.0380749596937 0.0462936551271 0.0517012918011 0.0545964420834 0.0684365368451 0.226884281311 0.054777248529 0.147660409078 0.0875595404875 0.109414401793 0.134001120762 0.144928551415 0.150392266741 1.0 0.158587839731 0.0984869711404 0.0793639674979 0.759596525637 0.437237321379 0.661249649762
0.0166499210564 0.0373187885747 0.0096167647481 0.00911439644036 0.00954499784699 0.025261949189 0.00308597674752 0.0 0.0378739313954 0.0623333259625 0.0326457150756 0.0757926686908 0.0349885754092 0.0337551807401 0.0440599800581 0.0432421738789 0.101550165064 0.171522893641 0.0875556193484 0.252691258791 0.0903545284915 0.0763599827759 0.112745801636 0.109946892493 0.193914166786 1.0 0.104349074207 0.123941438209 0.10714798335 0.529783263959 0.359049806229 0.479402899383
0.0293659043659 0.0109147609148 0.0 0.0369022869023 0.0181912681913 0.0420997920998 0.0150727650728 0.0109147609148 0.0932023492608 0.0984496754706 0.109791390854 0.277495600674 0.102405464189 0.071344286294 0.13751041192 0.0767738287453 0.300675675676 0.300675675676 0.341216216216 0.929054054054 0.331081081081 0.199324324324 0.432432432432 0.219594594595 0.503378378378 0.25 0.675675675676 0.797297297297 0.0675675675676 1.0 0.0878378378378 0.25
0.0316725319504 0.0201889238748 0.0 0.0427857010558 0.0125949249861 0.037043897018 0.0116688275607 0.0150027782923 0.0626609355811 0.085012181649 0.0844803485285 0.177453250869 0.0790675166572 0.0626076158201 0.091964645846 0.0545553771544 0.176514169291 0.248749768476 0.263196888313 0.573809964808 0.248749768476 0.154843489535 0.27764400815 0.154843489535 0.56658640489 0.118725689943 0.703834043341 1.0 0.212631968883 0.776069642526 0.248749768476 0.118725689943
0.021586431386 0.0137056707213 0.0 0.0364913482954 0.0097652903889 0.0282679458626 0.00668151447661 0.00274113414425 0.0569243885738 0.0627492415887 0.0758330293329 0.138675482161 0.0554089661255 0.0505277410072 0.0683995906488 0.0482203988142 0.1714922049 0.204899777283 0.238307349666 0.445434298441 0.164810690423 0.144766146993 0.218262806236 0.144766146993 0.418708240535 0.11135857461 0.445434298441 1.0 0.0645879732739 0.679287305122 0.184855233853 0.338530066815
0.0 0.0327628361858 0.0367970660147 0.0286674816626 0.0234107579462 0.0326405867971 0.0185207823961 0.0283618581907 0.0570505631546 0.0333057641816 0.0404863970044 0.0301169803268 0.0295912743174 0.032326298876 0.0334316636188 0.029909800887 0.12988997555 0.0559902200489 0.0798288508557 0.0440709046455 0.0464547677262 0.0512224938875 0.0536063569682 0.0440709046455 1.0 0.327750611247 0.485085574572 0.168031784841 0.0869804400978 0.322982885086 0.277689486553 0.156112469438
0.0382435129741 0.00223552894212 0.0 0.0255489021956 0.019880239521 0.0236327345309 0.019880239521 0.0158882235529 0.108998128742 0.0410757774471 0.0731744860123 0.035629576364 0.0278165899943 0.034191157586 0.0435278753372 0.0203948240391 0.352335329341 0.109461077844 0.234011976048 0.0907784431138 0.0752095808383 0.0907784431138 0.11880239521 0.0440718562874 1.0 0.430179640719 0.517365269461 0.504910179641 0.283832335329 0.430179640719 0.283832335329 0.128143712575
0.0434615384615 0.00205128205128 0.0 0.0324358974359 0.0321794871795 0.0025641025641 0.0380769230769 0.0346153846154 0.150075125354 0.0614043873926 0.110709706837 0.0692729267692 0.0515734316853 0.104242178251 0.065661444357 0.0384633698388 0.5 0.135 0.33 0.21 0.15 0.315 0.165 0.075 0.745 0.92 1.0 0.315 0.305 0.9 0.535 0.4
0.0414536741214 0.0115814696486 0.0 0.0315495207668 0.0305111821086 0.00495207667732 0.0341853035144 0.0325079872204 0.100346968991 0.0500212986879 0.0866963018972 0.0403869609243 0.0354263059885 0.0852406946985 0.0474842738284 0.0325882797933 0.299121405751 0.13714057508 0.243051118211 0.0810702875399 0.0873003194888 0.243051118211 0.0997603833866 0.0499201277955 0.666693290735 0.548322683706 1.0 0.280431309904 0.239936102236 0.806869009585 0.383226837061 0.317811501597
0.021125 0.01025 0.022625 0.031125 0.0295 0.0 0.036375 0.030375 0.0850642884749 0.0527640730081 0.0666574573156 0.0538454935822 0.0397447024385 0.0906577299333 0.0554410290562 0.0328680524909 0.263875 0.107875 0.185875 0.146875 0.098125 0.2785 0.13225 0.068875 0.176125 0.60025 0.117625 0.263875 0.2005 1.0 0.468625 0.234625
0.046146953405 0.0 0.0134408602151 0.0283154121864 0.0268817204301 0.0202508960573 0.0426523297491 0.0267921146953 0.106064719056 0.0628583964285 0.0709349796262 0.0466575411172 0.0351298084309 0.0491270824692 0.0601690808654 0.0316150640951 0.311559139785 0.143817204301 0.17876344086 0.115860215054 0.066935483871 0.108870967742 0.136827956989 0.0529569892473 0.849731182796 1.0 0.475806451613 0.154301075269 0.0983870967742 0.210215053763 0.713440860215 0.0948924731183
0.0395424836601 0.0 0.012908496732 0.0292483660131 0.0343137254902 0.0254901960784 0.0393790849673 0.0277777777778 0.130217086187 0.0734542561905 0.0781560836171 0.0604465963125 0.0399167882889 0.0567279703661 0.0608666644275 0.0338718117389 0.426470588235 0.177941176471 0.216176470588 0.171568627451 0.0696078431373 0.146078431373 0.146078431373 0.0632352941176 0.592156862745 1.0 0.496568627451 0.19068627451 0.388235294118 0.0441176470588 0.585784313725 0.133333333333
0.0258771929825 0.0 0.0238596491228 0.0326315789474 0.0363157894737 0.0271052631579 0.0379824561404 0.0271052631579 0.0671542113145 0.0803754081376 0.0501076475874 0.0415154730326 0.0414187470266 0.0369671757904 0.0506965146446 0.0298761200385 0.182368421053 0.213157894737 0.110526315789 0.09 0.0763157894737 0.0763157894737 0.110526315789 0.0489473684211 0.0592105263158 1.0 0.0694736842105 0.322631578947 0.466315789474 0.107105263158 0.531315789474 0.107105263158
0.0248201438849 0.0 0.0273381294964 0.0363309352518 0.038309352518 0.0287769784173 0.038309352518 0.0278776978417 0.0792050644971 0.106457944478 0.0536948017312 0.0573441108096 0.0516174897642 0.0404697171081 0.0651470113014 0.035010733849 0.235431654676 0.277517985612 0.144244604317 0.151258992806 0.11618705036 0.0811151079137 0.151258992806 0.0741007194245 0.0320143884892 1.0 0.11618705036 0.46690647482 0.544064748201 0.172302158273 0.544064748201 0.137230215827
0.0303260869565 0.0 0.026847826087 0.0322826086957 0.0378260869565 0.0255434782609 0.0391304347826 0.0273913043478 0.0780486009643 0.0997042056144 0.0451776139784 0.0463353811241 0.0500051979473 0.0417151154667 0.0644330089242 0.0296827520062 0.21152173913 0.249673913043 0.105543478261 0.118260869565 0.101304347826 0.0928260869565 0.152173913043 0.0461956521739 0.232717391304 1.0 0.0970652173913 0.30902173913 0.525217391304 0.0461956521739 0.576086956522 0.118260869565
0.0146749929038 0.0 0.00703945500993 0.0421799602611 0.0245529378371 0.0138802157252 0.0151575361907 0.0272778881635 0.0539117478722 0.0489900964102 0.0424600791163 0.121688367483 0.0378890834434 0.0401315858015 0.0337074951728 0.0471529113102 0.249446494465 0.133210332103 0.105535055351 0.40332103321 0.0966789667897 0.113284132841 0.0712177121771 0.134317343173 0.106642066421 0.678966789668 0.40442804428 1.0 0.312546125461 0.137638376384 0.0878228782288 0.418819188192
0.00266997234671 0.0 0.00467245160675 0.0313086043037 0.00130320078828 0.00578494008455 0.000921776167318 0.0130955786529 0.0289704095553 0.015813519639 0.0198313771904 0.08805204673 0.0315475002296 0.0177975811852 0.0235420870615 0.0325459854396 0.11118527701 0.041765995995 0.0578811862306 0.281014589492 0.1173834271 0.0492037761037 0.062839706303 0.104987126919 0.128540097263 0.232669018785 0.0504434061219 1.0 0.181844188042 0.00705635548775 0.19671974826 0.289691999619
0.0140495867769 0.000869943453676 4.34971726838e-05 0.0314049586777 0.0 0.00743801652893 0.00256633318834 0.0149195302305 0.0362814400379 0.0153293121461 0.0300865055158 0.0873762862142 0.047027324394 0.0235315945164 0.0232431115463 0.0395620211212 0.143323183993 0.0449325793823 0.092431491953 0.267159634624 0.177250978686 0.0686820356677 0.0652892561983 0.116180948238 0.323140495868 0.202696824706 0.234928229665 1.0 0.2366246194 0.0652892561983 0.136537625054 0.357068290561
0.0352526439483 0.0128525264395 0.00477379553467 0.0427438307873 0.0 0.0118243243243 0.0130728554642 0.0349588719154 0.113657313819 0.0294510996417 0.0523127650118 0.143319050267 0.0799739058863 0.0386707771285 0.0421307328227 0.0583361722549 0.633372502938 0.0662455934195 0.14071680376 0.458651586369 0.269609283196 0.0920240893067 0.106345475911 0.152173913043 0.707843713278 0.200866627497 0.515937132785 1.0 0.702115158637 0.240966509988 0.192273795535 0.696386603995
0.0 0.0234320354395 0.0229657262765 0.00431335975752 0.0431335975752 0.018652366519 0.0209839123339 0.0214502214969 0.0388498495824 0.0225779516029 0.0220447490732 0.0290895430134 0.068369312708 0.0214502214969 0.0200961501878 0.0300679702092 0.113429703894 0.0361389601306 0.0361389601306 0.0679645605036 0.22254604803 0.0361389601306 0.0224994171135 0.0679645605036 0.718116110982 0.231639076708 0.213453019352 0.549895080438 1.0 0.0452319888086 0.136162275589 0.154348332945
0.0338160407384 0.0101845957989 0.00469446212603 0.0385105028644 0.0 0.0138446849141 0.00827498408657 0.0184595798854 0.0846904575482 0.025308111967 0.0375481551621 0.134529404499 0.086912247136 0.0234683006492 0.0367331293083 0.033649319826 0.273870146404 0.069064290261 0.100095480586 0.447644812222 0.326623169955 0.0535486950987 0.0938892425207 0.0938892425207 0.816915977085 0.13112667091 0.34524188415 1.0 0.528325907066 0.0380330999363 0.205601527689 0.218014003819
0.0341808207617 0.0105496360376 0.0 0.0418820550691 0.0090726869923 0.0203607975525 0.0127650596054 0.0288005063825 0.144129160726 0.032748922009 0.0445414338217 0.156373969288 0.104227861933 0.034921429479 0.0362111807868 0.0464097930075 0.736681084503 0.0866125118683 0.115413018251 0.53096318177 0.378731933748 0.0866125118683 0.0866125118683 0.168899672961 0.699651862011 0.255301192109 0.666736997574 1.0 0.312902204874 0.160670956852 0.168899672961 0.489819601224
0.0209223847019 0.00539932508436 0.0 0.0359955005624 0.0188976377953 0.0163104611924 0.00764904386952 0.0308211473566 0.157621313188 0.023725155283 0.0555263336466 0.151049287275 0.0821036690829 0.0255202396139 0.0243142124782 0.0486639389589 1.0 0.052418447694 0.166479190101 0.504274465692 0.341957255343 0.0655793025872 0.0611923509561 0.192800899888 0.324409448819 0.306861642295 0.517435320585 0.912260967379 0.24544431946 0.144544431946 0.219122609674 0.710461192351
0.0 0.0217708333333 0.021875 0.0455208333333 0.0242708333333 0.0304166666667 0.0242708333333 0.0417708333333 0.177911202786 0.0372110705123 0.0634793978968 0.14143755405 0.0713549859478 0.0344418909947 0.0330133894029 0.0526938401946 0.87 0.0696875 0.1915625 0.4759375 0.2809375 0.0615625 0.0615625 0.17125 1.0 0.1509375 0.146875 0.8253125 0.0534375 0.23625 0.0534375 0.6790625
0.0154383592517 0.00687401397341 0.0 0.0198332206446 0.0184809556006 0.0192697768763 0.0113815641199 0.0220869957178 0.21425221084 0.0224374509315 0.0654934369754 0.130732070457 0.0505069961256 0.0247126015252 0.0215443540018 0.0395313848467 1.0 0.0507099391481 0.204530087897 0.455037187289 0.235294117647 0.0551048005409 0.0507099391481 0.182555780933 0.17816091954 0.17816091954 0.446247464503 0.349560513861 0.296822177147 0.327586206897 0.0199459093982 0.437457741717
