0.0400051124744 0.0 0.00511247443763 0.0102249488753 0.043200408998 0.00805214723926 0.00575153374233 0.0131646216769 0.0812517968847 0.0642144542637 0.0811509580184 0.0410389656125 0.0599842689243 0.0991619744056 0.0409572031116 0.0873624402096 0.332055214724 0.21740797546 0.257285276074 0.11273006135 0.17254601227 0.302147239264 0.14263803681 0.287193251534 0.875383435583 0.720858895706 0.521472392638 0.322085889571 1.0 0.406825153374 0.496549079755 0.207438650307
0.0417613636364 0.028125 0.0 0.0255681818182 0.0279356060606 0.0317234848485 0.0258522727273 0.0345643939394 0.0460227272727 0.0504024510894 0.0662059149599 0.100860961652 0.0504662671424 0.0346767144631 0.0327766913514 0.050637881989 0.117329545455 0.132102272727 0.220738636364 0.338920454545 0.132102272727 0.0693181818182 0.0619318181818 0.146875 0.678693181818 0.146875 1.0 0.0471590909091 0.139488636364 0.287215909091 0.0582386363636 0.398011363636
0.0128981310871 0.0 0.00956392032991 0.0330788804071 0.00377292269896 0.00772133017461 0.0104413442134 0.00622970957269 0.0320508930042 0.0316368648489 0.054940488638 0.0662607379248 0.0221554169452 0.0224685398191 0.0175232098297 0.0423731473988 0.100026322717 0.0897604632798 0.178731245064 0.199262963938 0.0658067912609 0.072650697552 0.0418531192419 0.137667807318 0.21295077652 0.30534351145 0.0829165569887 1.0 0.158199526191 0.0110555409318 0.117136088444 0.0623848381153
0.0310606060606 0.0 0.0424242424242 0.0431818181818 0.0305555555556 0.0409090909091 0.0434343434343 0.00934343434343 0.100222860399 0.0836195914728 0.15499582061 0.0865861410556 0.0434982288604 0.0852419618705 0.0649692515221 0.140708933493 0.300757575758 0.231818181818 0.487878787879 0.310606060606 0.0939393939394 0.241666666667 0.172727272727 0.438636363636 0.261363636364 1.0 0.704545454545 0.734090909091 0.241666666667 0.645454545455 0.743939393939 0.635606060606
0.0204545454545 0.0126623376623 0.036038961039 0.037012987013 0.0285714285714 0.0438311688312 0.0415584415584 0.0 0.111428303101 0.0917253213609 0.169491827954 0.107608020227 0.0479304462117 0.0801470381541 0.0508315899752 0.14700968665 0.341558441558 0.265584415584 0.506168831169 0.40487012987 0.113636363636 0.24025974026 0.113636363636 0.40487012987 0.202272727273 0.506168831169 0.455519480519 0.493506493506 0.164285714286 0.759415584416 0.670779220779 1.0
0.0105508145849 0.0 0.0192397207137 0.033048875097 0.00946470131885 0.00899922420481 0.00837858805275 0.00325833979829 0.0462127719003 0.0257676690506 0.0681983072664 0.0647008972224 0.0211789870313 0.0399860862019 0.0206158177479 0.0582854397861 0.152831652444 0.0741660201707 0.237548487199 0.237548487199 0.0620636152056 0.128626842514 0.0620636152056 0.183087664856 0.122575640031 0.304111714507 0.461442979054 1.0 0.0802172226532 0.0620636152056 0.0378588052754 0.177036462374
0.0231630420795 0.0100373182345 0.041564792176 0.0180156993952 0.0241925106164 0.0 0.0234204092137 0.0204606871702 0.0472274053057 0.0309731782163 0.0752273222108 0.04336513653 0.0297802367594 0.0560345495393 0.0278050448805 0.0501118918376 0.141809290954 0.0715480633123 0.227126495946 0.126753313602 0.0564920859606 0.16690258654 0.0615107450779 0.141809290954 0.282331746236 0.262257109767 1.0 0.0815853815468 0.322481019174 0.653712520911 0.29236906447 0.176939904774
0.0352112676056 0.025234741784 0.0340375586854 0.0111502347418 0.0393192488263 0.0246478873239 0.0322769953052 0.0 0.111770197306 0.0512708644901 0.169612138072 0.170135346951 0.065147830938 0.166027077746 0.0417332687795 0.259617942686 0.519366197183 0.198943661972 0.702464788732 0.633802816901 0.198943661972 0.610915492958 0.107394366197 1.0 0.771126760563 0.382042253521 0.725352112676 0.198943661972 0.931338028169 0.359154929577 0.656690140845 0.633802816901
0.0243386243386 0.0201058201058 0.037037037037 0.0464096749811 0.0266061980348 0.0379440665155 0.0148148148148 0.0 0.0422075207273 0.03982368186 0.0734757409563 0.0852991777505 0.0388654253754 0.068155945181 0.0327843245584 0.0812855509931 0.103854875283 0.0861678004535 0.239455782313 0.251247165533 0.0979591836735 0.180498866213 0.0743764172336 0.227664399093 0.139229024943 0.0684807256236 0.634467120181 1.0 0.227664399093 0.669841269841 0.274829931973 0.852607709751
0.0242277992278 0.0364864864865 0.0317567567568 0.0434362934363 0.0400579150579 0.0287644787645 0.0 0.022972972973 0.0430070406899 0.0424697092006 0.0334469111418 0.0554612773414 0.0560426871427 0.0607841328888 0.0767529366558 0.0508128394186 0.104054054054 0.0889961389961 0.0588803088803 0.137934362934 0.13416988417 0.156756756757 0.190637065637 0.13416988417 0.0551158301158 0.472972972973 0.288513513514 0.744015444015 0.612258687259 0.171814671815 1.0 0.104054054054
