0.0146749929038 0.0 0.00703945500993 0.0421799602611 0.0245529378371 0.0138802157252 0.0151575361907 0.0272778881635 0.0539117478722 0.0489900964102 0.0424600791163 0.121688367483 0.0378890834434 0.0401315858015 0.0337074951728 0.0471529113102 0.249446494465 0.133210332103 0.105535055351 0.40332103321 0.0966789667897 0.113284132841 0.0712177121771 0.134317343173 0.106642066421 0.678966789668 0.40442804428 1.0 0.312546125461 0.137638376384 0.0878228782288 0.418819188192
0.00266997234671 0.0 0.00467245160675 0.0313086043037 0.00130320078828 0.00578494008455 0.000921776167318 0.0130955786529 0.0289704095553 0.015813519639 0.0198313771904 0.08805204673 0.0315475002296 0.0177975811852 0.0235420870615 0.0325459854396 0.11118527701 0.041765995995 0.0578811862306 0.281014589492 0.1173834271 0.0492037761037 0.062839706303 0.104987126919 0.128540097263 0.232669018785 0.0504434061219 1.0 0.181844188042 0.00705635548775 0.19671974826 0.289691999619
0.0140495867769 0.000869943453676 4.34971726838e-05 0.0314049586777 0.0 0.00743801652893 0.00256633318834 0.0149195302305 0.0362814400379 0.0153293121461 0.0300865055158 0.0873762862142 0.047027324394 0.0235315945164 0.0232431115463 0.0395620211212 0.143323183993 0.0449325793823 0.092431491953 0.267159634624 0.177250978686 0.0686820356677 0.0652892561983 0.116180948238 0.323140495868 0.202696824706 0.234928229665 1.0 0.2366246194 0.0652892561983 0.136537625054 0.357068290561
0.0352526439483 0.0128525264395 0.00477379553467 0.0427438307873 0.0 0.0118243243243 0.0130728554642 0.0349588719154 0.113657313819 0.0294510996417 0.0523127650118 0.143319050267 0.0799739058863 0.0386707771285 0.0421307328227 0.0583361722549 0.633372502938 0.0662455934195 0.14071680376 0.458651586369 0.269609283196 0.0920240893067 0.106345475911 0.152173913043 0.707843713278 0.200866627497 0.515937132785 1.0 0.702115158637 0.240966509988 0.192273795535 0.696386603995
0.0 0.0234320354395 0.0229657262765 0.00431335975752 0.0431335975752 0.018652366519 0.0209839123339 0.0214502214969 0.0388498495824 0.0225779516029 0.0220447490732 0.0290895430134 0.068369312708 0.0214502214969 0.0200961501878 0.0300679702092 0.113429703894 0.0361389601306 0.0361389601306 0.0679645605036 0.22254604803 0.0361389601306 0.0224994171135 0.0679645605036 0.718116110982 0.231639076708 0.213453019352 0.549895080438 1.0 0.0452319888086 0.136162275589 0.154348332945
0.0338160407384 0.0101845957989 0.00469446212603 0.0385105028644 0.0 0.0138446849141 0.00827498408657 0.0184595798854 0.0846904575482 0.025308111967 0.0375481551621 0.134529404499 0.086912247136 0.0234683006492 0.0367331293083 0.033649319826 0.273870146404 0.069064290261 0.100095480586 0.447644812222 0.326623169955 0.0535486950987 0.0938892425207 0.0938892425207 0.816915977085 0.13112667091 0.34524188415 1.0 0.528325907066 0.0380330999363 0.205601527689 0.218014003819
0.0341808207617 0.0105496360376 0.0 0.0418820550691 0.0090726869923 0.0203607975525 0.0127650596054 0.0288005063825 0.144129160726 0.032748922009 0.0445414338217 0.156373969288 0.104227861933 0.034921429479 0.0362111807868 0.0464097930075 0.736681084503 0.0866125118683 0.115413018251 0.53096318177 0.378731933748 0.0866125118683 0.0866125118683 0.168899672961 0.699651862011 0.255301192109 0.666736997574 1.0 0.312902204874 0.160670956852 0.168899672961 0.489819601224
0.0209223847019 0.00539932508436 0.0 0.0359955005624 0.0188976377953 0.0163104611924 0.00764904386952 0.0308211473566 0.157621313188 0.023725155283 0.0555263336466 0.151049287275 0.0821036690829 0.0255202396139 0.0243142124782 0.0486639389589 1.0 0.052418447694 0.166479190101 0.504274465692 0.341957255343 0.0655793025872 0.0611923509561 0.192800899888 0.324409448819 0.306861642295 0.517435320585 0.912260967379 0.24544431946 0.144544431946 0.219122609674 0.710461192351
0.0 0.0217708333333 0.021875 0.0455208333333 0.0242708333333 0.0304166666667 0.0242708333333 0.0417708333333 0.177911202786 0.0372110705123 0.0634793978968 0.14143755405 0.0713549859478 0.0344418909947 0.0330133894029 0.0526938401946 0.87 0.0696875 0.1915625 0.4759375 0.2809375 0.0615625 0.0615625 0.17125 1.0 0.1509375 0.146875 0.8253125 0.0534375 0.23625 0.0534375 0.6790625
0.0154383592517 0.00687401397341 0.0 0.0198332206446 0.0184809556006 0.0192697768763 0.0113815641199 0.0220869957178 0.21425221084 0.0224374509315 0.0654934369754 0.130732070457 0.0505069961256 0.0247126015252 0.0215443540018 0.0395313848467 1.0 0.0507099391481 0.204530087897 0.455037187289 0.235294117647 0.0551048005409 0.0507099391481 0.182555780933 0.17816091954 0.17816091954 0.446247464503 0.349560513861 0.296822177147 0.327586206897 0.0199459093982 0.437457741717
