0.0276484018265 0.0342694063927 0.0285388127854 0.0 0.0305479452055 0.0158675799087 0.0310273972603 0.0311415525114 0.0407271304616 0.0459458679527 0.0427573327529 0.0812171208023 0.0355151301213 0.064512231081 0.0373879856324 0.0449222336643 0.0864383561644 0.0997945205479 0.0971232876712 0.225342465753 0.062397260274 0.183493150685 0.0677397260274 0.106917808219 0.128287671233 0.386506849315 0.16301369863 1.0 0.241369863014 0.381164383562 0.260068493151 0.264520547945
0.0213235294118 0.0341911764706 0.0225183823529 0.0 0.0348345588235 0.0418198529412 0.0341911764706 0.0166360294118 0.0934010045326 0.0530585407596 0.10519489769 0.0862609666406 0.037222536919 0.211460951023 0.0393335210953 0.118393931658 0.272334558824 0.114613970588 0.304595588235 0.222150735294 0.0680147058824 0.659466911765 0.0751838235294 0.347610294118 0.168382352941 0.383455882353 0.121783088235 1.0 0.408547794118 0.680974264706 0.383455882353 0.351194852941
0.00361117688847 0.0168718920199 0.00503196779541 0.00201278711816 0.0152143026285 0.0371773620649 0.0151551030073 0.0 0.055579831804 0.0243975021345 0.0558047212389 0.0306672652727 0.0174185266348 0.120814094099 0.0159165392614 0.064131925043 0.164219748994 0.0557068434762 0.175763675112 0.0741771252664 0.0349277764622 0.392789486147 0.0280014207909 0.194233956903 0.332761070329 0.208086668245 0.277350224959 0.395098271371 0.14344068198 1.0 0.141131896756 0.473596968979
0.00170068027211 0.015306122449 0.00497121925693 0.0 0.0156985871272 0.0355834641549 0.0143903715332 0.000784929356358 0.0898195074777 0.0349303946025 0.081814517482 0.0421186438864 0.022506873831 0.189450720091 0.019144086637 0.0983890695866 0.301020408163 0.102040816327 0.285714285714 0.127551020408 0.0612244897959 0.683673469388 0.0459183673469 0.34693877551 0.341836734694 0.209183673469 0.214285714286 0.408163265306 0.224489795918 1.0 0.173469387755 0.377551020408
0.00215390640298 0.0301546896417 0.0158605835128 0.0 0.0274133542197 0.0401409829646 0.0260426865087 0.0150773448208 0.129297401436 0.057029311411 0.102962376414 0.0714485062393 0.0335462134244 0.263059925654 0.0288074442034 0.135160963953 0.442529860975 0.167613080086 0.366164088506 0.236342275308 0.0759741531232 0.961817113765 0.0759741531232 0.495985901704 0.511259056197 0.610534560407 0.0530644213824 0.595261405913 0.50362247895 1.0 0.450166438222 0.0225181123948
0.0 0.04 0.0345161290323 0.000322580645161 0.0440322580645 0.0401612903226 0.0377419354839 0.0304838709677 0.142262168806 0.058212493418 0.0948556561426 0.0903458739831 0.0479020899309 0.21953752624 0.0410206032798 0.108889265994 0.433870967742 0.12564516129 0.301774193548 0.238870967742 0.0879032258065 0.735806451613 0.0816129032258 0.358387096774 1.0 0.61 0.396129032258 0.987419354839 0.767258064516 0.616290322581 0.521935483871 0.238870967742
0.0 0.0295403587444 0.034697309417 0.0191143497758 0.0290919282511 0.0425448430493 0.0285874439462 0.0256726457399 0.0868417090776 0.0361401926869 0.0561010269026 0.0355034732537 0.0314391168075 0.0990490158719 0.0322839766082 0.0493592349637 0.243609865471 0.0687219730942 0.149607623318 0.0709080717489 0.0468609865471 0.28514573991 0.0534192825112 0.121188340807 1.0 0.202073991031 0.403195067265 0.254540358744 0.184585201794 0.709248878924 0.164910313901 0.0512331838565
0.0 0.0320155902004 0.0327115812918 0.0144070155902 0.0294404231626 0.0478841870824 0.0284660356347 0.0129454342984 0.0822105394913 0.056110129362 0.0587571561879 0.0877984467156 0.0393884161757 0.101722405956 0.0311069992768 0.0465833271117 0.25083518931 0.155832405345 0.169404231626 0.277978841871 0.0825445434298 0.283407572383 0.0581152561247 0.0934020044543 0.913140311804 0.381124721604 0.408268374165 0.351266703786 0.280693207127 1.0 0.242692093541 0.408268374165
0.0186 0.0271 0.0281 0.0 0.0416 0.0377 0.0376 0.0202 0.0560683118305 0.074614110896 0.0529449458758 0.185523705414 0.0624774598926 0.0747700713281 0.0535972026604 0.0427177876723 0.1381 0.2083 0.1342 0.6529 0.1537 0.181 0.1264 0.0835 0.2746 0.1069 0.1459 1.0 0.6724 0.5203 0.5164 0.2122
0.0111332668661 0.00697906281157 0.0154536390828 0.011964107677 0.0300764373546 0.0402126952476 0.02210036557 0.0 0.0474315530649 0.0815547867353 0.0872594828019 0.198639438407 0.0658210520016 0.105537970758 0.037104795883 0.0528327288709 0.144566301097 0.287138584247 0.287138584247 0.837986041874 0.228813559322 0.280658025922 0.118644067797 0.144566301097 0.164007976072 0.326021934197 0.0343968095713 0.131605184447 0.604685942173 1.0 0.293619142572 0.598205383848
