0.00636797816693 0.00591312258358 0.0136456675006 0.0 0.0320673186263 0.00773254491699 0.00363884466682 0.00682283375028 0.0302325836964 0.0378665205609 0.0217837688033 0.0559477607767 0.178844897375 0.0246927143635 0.0633476406685 0.0152316750266 0.104161928588 0.148510347965 0.0775528769616 0.183989083466 0.63634296111 0.0775528769616 0.210598135092 0.0420741414601 0.015465089834 0.0332044575847 0.281555606095 0.263816238344 1.0 0.0509438253355 0.121901296338 0.015465089834
0.003495921425 0.00549359081072 0.0118195438655 0.0 0.0321291826203 0.00898951223572 0.00199766938572 0.00749126019644 0.0336037893164 0.0217152243111 0.01965868021 0.0413730939827 0.119756805114 0.0194328790366 0.0520451618974 0.0138884803565 0.104045280506 0.0650907274846 0.0521058764774 0.123522557017 0.415681704678 0.058598301981 0.168969535542 0.0391210254703 0.13001498252 0.0521058764774 0.207924088563 0.266355918096 1.0 0.0975528550025 0.188446812053 0.0391210254703
0.0144100054377 0.0182164219685 0.0206634040239 0.0 0.0391517128874 0.0122349102773 0.0171288743883 0.021207177814 0.0528779746801 0.058124541298 0.0359376875939 0.0783945638894 0.152715544192 0.0427349358313 0.0645860742419 0.0429949506019 0.162316476346 0.215334420881 0.0986949429038 0.247145187602 0.50163132137 0.119902120718 0.236541598695 0.130505709625 0.0350734094617 0.18352365416 0.278955954323 0.554649265905 1.0 0.0774877650897 0.141109298532 0.300163132137
0.00571428571429 0.0372857142857 0.0418571428571 0.0 0.0361428571429 0.0261428571429 0.0344285714286 0.0384285714286 0.0774902323275 0.0736226620549 0.0564279220712 0.0940229184062 0.104295366208 0.033386091498 0.0569968110656 0.0509402767754 0.197714285714 0.214428571429 0.136428571429 0.292428571429 0.320285714286 0.064 0.164285714286 0.114142857143 0.777142857143 0.504142857143 0.682428571429 1.0 0.459571428571 0.0695714285714 0.392714285714 0.548714285714
0.0 0.0188599577762 0.0315270935961 0.00971147079521 0.0426460239268 0.0212526389866 0.0233638282899 0.0311048557354 0.0659447390538 0.0917514326164 0.0454082020169 0.0763717871165 0.0805506532139 0.0297046740002 0.0533153847165 0.0396145117958 0.182125263899 0.286418015482 0.110767065447 0.231527093596 0.25348346235 0.0723434201267 0.154679802956 0.0997888810697 0.698099929627 0.0723434201267 0.566361717101 0.319352568614 1.0 0.165657987333 0.247994370162 0.549894440535
0.0 0.0292071197411 0.0395631067961 0.025 0.0330906148867 0.028640776699 0.0316343042071 0.037783171521 0.0825879033042 0.0618481101807 0.0533000410623 0.0446337070368 0.0527275653456 0.0331011258584 0.0465407968256 0.0463162753464 0.220631067961 0.148058252427 0.116504854369 0.110194174757 0.144902912621 0.0660194174757 0.107038834951 0.097572815534 1.0 0.189077669903 0.592961165049 0.025 0.340533980583 0.166990291262 0.283737864078 0.52354368932
0.0418333333333 0.0495 0.0463333333333 0.044 0.01 0.0 0.0231666666667 0.0443333333333 0.0487673912933 0.0638179511738 0.0619150676855 0.0432893411582 0.0707292758161 0.0678524600616 0.0676855426996 0.0541242548784 0.103 0.155 0.142 0.0965 0.2395 0.1615 0.194 0.1225 0.6815 0.9805 0.857 0.766 0.61 1.0 0.0965 0.779
0.00651011392699 0.0183678214369 0.0306905370844 0.0134852359916 0.0369681469426 0.0 0.00395256916996 0.0304580330156 0.0720458493064 0.0607237653871 0.0500299212089 0.0415361086498 0.0873844342607 0.0348523482795 0.0731435129629 0.0377919844201 0.21111369449 0.183910718438 0.138572425017 0.147640083701 0.428737502906 0.102301790281 0.274587305278 0.0932341315973 0.21111369449 0.274587305278 0.755173215531 0.0841664729133 1.0 0.465008137642 0.310857940014 0.746105556847
0.036875 0.0350625 0.0333125 0.0329375 0.0 0.011 0.0370625 0.0353125 0.0354174583033 0.0374555459535 0.0382558949151 0.0347142775079 0.0650625487519 0.050568993674 0.0461558576404 0.0399083135364 0.059125 0.068875 0.064 0.0566875 0.156625 0.103 0.098125 0.068875 0.488125 0.4174375 0.3491875 0.3345625 1.0 0.571 0.4954375 0.4271875
0.0228038351905 0.0256543145893 0.0417206530189 0.0212490282457 0.0448302669085 0.0 0.010365379632 0.0370562321845 0.0962227394093 0.0529947678565 0.0749476258298 0.035802301392 0.147218935491 0.0850279828614 0.0755375537582 0.0575047762985 0.312775330396 0.151075408137 0.201606633843 0.070225447007 0.494687742939 0.272350349832 0.242031614408 0.161181653278 0.140969162996 0.252137859549 0.878725058305 0.0803316921482 1.0 0.787768852034 0.383519046385 0.696812645763
