0.0206769055745 0.0205631399317 0.0278441410694 0.0 0.0302901023891 0.0317406143345 0.0349544937429 0.0242036405006 0.058474755037 0.0775444882834 0.0298693821522 0.0673717650895 0.0480648092127 0.0610586840598 0.0374013682853 0.033521703543 0.201365187713 0.195819112628 0.042747440273 0.174744027304 0.138139931741 0.198037542662 0.0715870307167 0.059385665529 0.193600682594 0.198037542662 0.135921501706 1.0 0.231313993174 0.287883959044 0.413225255973 0.0560580204778
0.016884587666 0.0434469267991 0.0231133532379 0.0117368475239 0.0115309379183 0.0 0.0127149181509 0.0145166272007 0.0239919462069 0.12158681356 0.0308878065055 0.0348342062744 0.0535651553632 0.0667605060297 0.0526603027688 0.0441095693281 0.0423659013693 0.347523936992 0.0644497065788 0.0724801812005 0.130701122207 0.235097292289 0.130701122207 0.108617316998 0.0724801812005 1.0 0.206990631113 0.273242046741 0.281272521363 0.730979100175 0.235097292289 0.164830639349
0.00922257582646 0.039942846009 0.0196142105605 0.0135740728713 0.00337728128856 0.00759888289927 0.00571539910372 0.0 0.0287465252364 0.120301304723 0.0220227342694 0.0230456079449 0.0511497826316 0.0695500499401 0.0511362482183 0.0498423200133 0.0881340520881 0.364226797428 0.0425407546925 0.0501396375917 0.128661427551 0.247710592973 0.13626031045 0.13626031045 0.227446905241 1.0 0.20718321751 0.057738520491 0.455413392219 0.290770929402 0.364226797428 0.587127362473
0.0159548751007 0.0385173247381 0.0199033037873 0.0139403706688 0.00701047542305 0.0210314262691 0.00499597099114 0.0 0.0235570741061 0.114836177698 0.0237751497927 0.0195590151251 0.0432612918944 0.030009109703 0.0501711546355 0.0477523808331 0.0572119258662 0.340048348106 0.0509266720387 0.0414987912973 0.113779210314 0.0792103142627 0.135777598711 0.132634971797 0.120064464142 1.0 0.274053182917 0.0414987912973 0.255197421434 0.31804995971 0.333763094279 0.528605962933
0.029625910118 0.029625910118 0.0278684408737 0.027115239769 0.0281195079086 0.0456942003515 0.0220938990711 0.0 0.0771873144831 0.298361800019 0.0438766151081 0.0536890328572 0.0954988252891 0.113301477516 0.124111075528 0.153383887873 0.236254079839 1.0 0.128546321868 0.14812955059 0.275420537283 0.353753452172 0.363545066533 0.461461210143 0.363545066533 0.363545066533 0.295003766006 0.265628922922 0.304795380367 0.990208385639 0.0697966357017 0.833542555862
0.0199635752312 0.0417483889045 0.0128887643598 0.0144298122723 0.0149201456991 0.0355841972541 0.00574390585598 0.0 0.0309831390232 0.0835577120421 0.0274469910484 0.0469548238793 0.0380749596937 0.0462936551271 0.0517012918011 0.0545964420834 0.0684365368451 0.226884281311 0.054777248529 0.147660409078 0.0875595404875 0.109414401793 0.134001120762 0.144928551415 0.150392266741 1.0 0.158587839731 0.0984869711404 0.0793639674979 0.759596525637 0.437237321379 0.661249649762
0.0166499210564 0.0373187885747 0.0096167647481 0.00911439644036 0.00954499784699 0.025261949189 0.00308597674752 0.0 0.0378739313954 0.0623333259625 0.0326457150756 0.0757926686908 0.0349885754092 0.0337551807401 0.0440599800581 0.0432421738789 0.101550165064 0.171522893641 0.0875556193484 0.252691258791 0.0903545284915 0.0763599827759 0.112745801636 0.109946892493 0.193914166786 1.0 0.104349074207 0.123941438209 0.10714798335 0.529783263959 0.359049806229 0.479402899383
0.0293659043659 0.0109147609148 0.0 0.0369022869023 0.0181912681913 0.0420997920998 0.0150727650728 0.0109147609148 0.0932023492608 0.0984496754706 0.109791390854 0.277495600674 0.102405464189 0.071344286294 0.13751041192 0.0767738287453 0.300675675676 0.300675675676 0.341216216216 0.929054054054 0.331081081081 0.199324324324 0.432432432432 0.219594594595 0.503378378378 0.25 0.675675675676 0.797297297297 0.0675675675676 1.0 0.0878378378378 0.25
0.0316725319504 0.0201889238748 0.0 0.0427857010558 0.0125949249861 0.037043897018 0.0116688275607 0.0150027782923 0.0626609355811 0.085012181649 0.0844803485285 0.177453250869 0.0790675166572 0.0626076158201 0.091964645846 0.0545553771544 0.176514169291 0.248749768476 0.263196888313 0.573809964808 0.248749768476 0.154843489535 0.27764400815 0.154843489535 0.56658640489 0.118725689943 0.703834043341 1.0 0.212631968883 0.776069642526 0.248749768476 0.118725689943
0.021586431386 0.0137056707213 0.0 0.0364913482954 0.0097652903889 0.0282679458626 0.00668151447661 0.00274113414425 0.0569243885738 0.0627492415887 0.0758330293329 0.138675482161 0.0554089661255 0.0505277410072 0.0683995906488 0.0482203988142 0.1714922049 0.204899777283 0.238307349666 0.445434298441 0.164810690423 0.144766146993 0.218262806236 0.144766146993 0.418708240535 0.11135857461 0.445434298441 1.0 0.0645879732739 0.679287305122 0.184855233853 0.338530066815
