0.00883862383577 0.0115947538491 0.0106443641893 0.0127352214408 0.0 0.00798327314199 0.00855350693784 0.0067477665843 0.206238538714 0.0259276046522 0.0115025093413 0.0881896248504 0.0906609377215 0.017286054777 0.0216881203198 0.0278453515449 1.0 0.0770766014066 0.0251853259837 0.362478616233 0.425489450675 0.0511309636951 0.0622505227143 0.0956091997719 0.0919026800988 0.199391750618 0.162326553887 0.243869986695 0.266109104733 0.0585440030412 0.0807831210796 0.0103592472914
0.0239201344272 0.0281704062469 0.0213502026292 0.0224374814668 0.0 0.0193733320154 0.0225363249975 0.0112681624988 0.209694921552 0.0568792766832 0.0229333462837 0.0979078833144 0.119337895578 0.029365618876 0.0336514553241 0.0387003379411 1.0 0.163487199763 0.0439853711575 0.40634575467 0.548976969457 0.0709696550361 0.07867945043 0.113373529702 0.286843926065 0.452604527034 0.186616585944 0.229020460611 0.680043491154 0.109518632006 0.232875358308 0.240585153702
0.00397193168278 0.00410432940553 0.00622269296968 0.00635509069244 0.0 0.00410432940553 0.00450152257381 0.00529590891037 0.205572517988 0.0327958445481 0.00763330909343 0.086847441918 0.108023804 0.0218632371067 0.0182874262311 0.0367518817816 1.0 0.122203098107 0.0240963855422 0.344234079174 0.468158347676 0.0808950086059 0.0550774526678 0.13769363167 0.0240963855422 0.0292598967298 0.111876075731 0.117039586919 0.13769363167 0.0292598967298 0.0447504302926 0.0757314974182
0.0 0.00152315190902 0.00446791226645 0.00426482534525 0.000812347684809 0.00446791226645 0.00426482534525 0.00375710804224 0.200840932998 0.0199934453034 0.0055747214392 0.0855293597766 0.0896942273821 0.0149216905545 0.0147704261475 0.0259908228385 1.0 0.0693541835906 0.0139114541024 0.398050365556 0.489134849716 0.0535134037368 0.0455930138099 0.101035743298 0.0812347684809 0.0218318440292 0.0970755483347 0.0891551584078 0.0495532087734 0.0970755483347 0.0891551584078 0.0693541835906
0.00277899663595 0.00438788942519 0.00570425625274 0.00921456779289 0.0 0.00570425625274 0.00979961971625 0.00307152259763 0.233570675888 0.0272930240576 0.0109033176955 0.101280639117 0.134844985012 0.0192847602944 0.0293007895987 0.0376805119618 1.0 0.104431768319 0.0359806932865 0.412461605968 0.623519087319 0.0759104870557 0.093023255814 0.155770074594 0.0416849495393 0.104431768319 0.155770074594 0.29267222466 0.070206230803 0.155770074594 0.315489249671 0.0530934620448
0.00821194642683 0.00948284289764 0.00870075276176 0.0103626943005 0.0 0.00811418515984 0.0113403069704 0.00684328868902 0.201871364043 0.0282667050822 0.012848256129 0.0878413643498 0.0970984472335 0.0186900708994 0.0187336268208 0.0323664583089 1.0 0.100205298661 0.0392022680614 0.397595072832 0.523413823443 0.0620784045361 0.0506403362988 0.119268745723 0.134519503373 0.184084465735 0.153582950435 0.218398670447 0.195522533972 0.13070681396 0.256525564571 0.0811418515984
0.0134839996202 0.00987560535562 0.00797645047954 0.0095907321242 0.0 0.00693191529769 0.00636216883487 0.0 0.199358198304 0.0280391452065 0.00862903706846 0.0880258820338 0.096325069047 0.0120808897493 0.0181328408988 0.0231687585075 1.0 0.0926787579527 0.0223150697939 0.39265027063 0.529674294939 0.0371284778274 0.0556452378691 0.0889754059444 0.381540214605 0.240812838287 0.16674579812 0.229702782262 0.151932390086 0.126008926028 0.103788813978 0.151932390086
0.00884865744508 0.00915378356387 0.00559397884459 0.00854353132628 0.0 0.00549227013832 0.00834011391375 0.00671277461351 0.208278453517 0.0294314118172 0.0122636055139 0.0925728108267 0.116810505577 0.0182878796376 0.0218608660107 0.027740814452 1.0 0.103539462978 0.0400732302685 0.39707078926 0.611269324654 0.0638730675346 0.0678397070789 0.111472742067 0.178905614321 0.190805532954 0.0519731489015 0.167005695688 0.174938974776 0.0480065093572 0.159072416599 0.0956061838893
0.00753941055517 0.00724566728679 0.00558112209929 0.00753941055517 0.0 0.00440614902575 0.00636443748164 0.00518946440811 0.196099638021 0.023227652436 0.00898105147935 0.0906900482015 0.110688493257 0.0140586527225 0.018211438452 0.0287457584153 1.0 0.0835210026437 0.0262410653089 0.404288651718 0.602859101146 0.0453343777538 0.0606090277098 0.110251640067 0.167531577401 0.156075589934 0.0911583276217 0.167531577401 0.133163615 0.0453343777538 0.121707627534 0.0758836776657
0.00912563667233 0.00870118845501 0.0054117147708 0.00965619694397 0.0 0.00498726655348 0.0072156196944 0.00297113752122 0.201287481463 0.0174659833333 0.00993211922162 0.0943369322405 0.111852571597 0.0118252049172 0.0192538279343 0.0285967103915 1.0 0.0605899830221 0.0316213921902 0.395797962649 0.586162988115 0.0440365025467 0.0605899830221 0.126803904924 0.255093378608 0.238539898132 0.110250424448 0.275785229202 0.106112054329 0.0936969439728 0.180602716469 0.0150679117148
