0.0382332402235 0.041375698324 0.0220844972067 0.0164106145251 0.0136173184358 0.0115223463687 0.0 0.0222590782123 0.0510614523394 0.0585968858347 0.0213040583311 0.0291265834777 0.0613958827055 0.0257926647658 0.0702167369344 0.0263524016733 0.13530027933 0.152321927374 0.0331703910615 0.0706180167598 0.182960893855 0.0501920391061 0.244238826816 0.0535963687151 0.877444134078 1.0 0.247643156425 0.0263617318436 0.114874301676 0.196578212291 0.64594972067 0.254451815642
0.0193268910363 0.0208263912029 0.0171609463512 0.00316561146285 0.0 0.00633122292569 0.0376541152949 0.0204931689437 0.0377471152318 0.0604432177985 0.0241668241708 0.0409271880122 0.106178479255 0.026775475033 0.146352525283 0.0276719286014 0.103298900367 0.200766411196 0.0643118960347 0.129290236588 0.369710096634 0.0773075641453 0.499666777741 0.0643118960347 0.285238253915 0.343718760413 0.200766411196 0.369710096634 0.493168943685 0.246251249583 1.0 0.330723092303
0.0263965623082 0.0310006138735 0.0257826887661 0.00552486187845 0.0 0.00675260896255 0.0435850214856 0.0285451197053 0.0563026988931 0.0999181784503 0.0471832400586 0.0457111529471 0.170361998886 0.0393239857163 0.205476478843 0.0354615633848 0.174033149171 0.317679558011 0.138121546961 0.114180478821 0.604972375691 0.102209944751 0.71270718232 0.0782688766114 0.329650092081 0.509208103131 0.305709023941 0.521178637201 0.73664825046 0.473296500921 1.0 0.413443830571
0.0199600798403 0.0316034597472 0.0192947438456 0.0059880239521 0.0 0.0146373918829 0.039254823686 0.0136393878909 0.0540250617253 0.084576087163 0.0414891493345 0.0333754711529 0.14422336627 0.0426008382887 0.177369283969 0.0337874552386 0.169660678643 0.260479041916 0.130738522954 0.0788423153693 0.506986027944 0.156686626747 0.610778443114 0.117764471058 0.24750499002 0.701596806387 0.221556886228 0.325349301397 0.558882235529 0.0399201596806 1.0 0.0269461077844
0.0133734536944 0.0197258441993 0.0170511534604 0.00601805416249 0.0 0.0133734536944 0.0344366432631 0.0110330992979 0.0491167831143 0.0647299641485 0.0405009014664 0.0185776374838 0.120810476125 0.0412831751125 0.153289241947 0.0217406575338 0.165496489468 0.191574724173 0.139418254764 0.0481444332999 0.452357071214 0.139418254764 0.543630892678 0.061183550652 0.17853560682 0.42627883651 0.321965897693 0.126379137412 0.361083249749 0.17853560682 1.0 0.0872617853561
0.0 0.0323547034152 0.0251647693229 0.00599161174356 0.00509286998203 0.0188735769922 0.0290593169563 0.016776512882 0.0766778425848 0.045674181744 0.074955168398 0.0355563180681 0.132853214313 0.0595739656017 0.178232641208 0.0404139432636 0.287297783104 0.158777711204 0.252246854404 0.123726782504 0.520970641102 0.205512282804 0.649490713002 0.135410425404 0.275614140204 1.0 0.719592570401 0.0419412822049 0.0769922109047 0.474236069503 0.871479928101 0.392450569203
0.00639545212293 0.0 0.0387280156333 0.0147450701723 0.0413927873512 0.010126132528 0.000532954343578 0.0198969621602 0.0306074979093 0.0509442468361 0.0346454483908 0.0235553861585 0.0593768696318 0.0302153554235 0.058752264918 0.0300094224472 0.0785219399538 0.133949191686 0.0854503464203 0.0508083140878 0.154734411085 0.0785219399538 0.230946882217 0.0715935334873 0.397228637413 0.646651270208 0.896073903002 0.0715935334873 1.0 0.251732101617 0.625866050808 0.161662817552
0.00865650969529 0.0138504155125 0.00450138504155 0.0088296398892 0.00207756232687 0.0122922437673 0.0263157894737 0.0 0.039097777491 0.0267737670911 0.0431987159984 0.0271401058919 0.0693835479432 0.034085560926 0.101981526557 0.00657385309954 0.155990304709 0.122229916898 0.155990304709 0.0884695290859 0.257271468144 0.108725761773 0.338296398892 0.0277008310249 0.311288088643 0.513850415512 0.149238227147 0.318040166205 0.0547091412742 0.453081717452 1.0 0.0277008310249
0.0191736429922 0.0197137456117 0.0240345665676 0.0148528220362 0.0126924115582 0.0259249257359 0.0353767215771 0.0 0.0688097928645 0.0971151554103 0.0731989060119 0.0635805853295 0.11086247933 0.0562314334796 0.171113209565 0.0451214117918 0.231163921145 0.347015933027 0.262759924386 0.210099918985 0.431271941669 0.189035916824 0.610315960032 0.157439913584 0.368079935188 0.389143937348 0.557655954631 0.199567917904 0.115311909263 0.631379962193 1.0 0.399675938428
0.0 0.0178474851271 0.0310978907518 0.000540832882639 0.0340724716063 0.0124391563007 0.00405624661979 0.0151433207139 0.0476683370403 0.0241640134123 0.0501003249929 0.0400169706163 0.0888189175363 0.0307349439293 0.0781919011809 0.0270932689251 0.177393185506 0.071930773391 0.20903190914 0.145754461871 0.377771768524 0.114115738237 0.303948080043 0.0824770146025 0.346133044889 0.367225527312 0.883991346674 0.325040562466 1.0 0.156300703083 0.187939426717 0.261763115197
