0.0265066964286 0.00848214285714 0.0304129464286 0.0440290178571 0.0 0.0315290178571 0.0423549107143 0.0166852678571 0.0313909099563 0.071702555359 0.0453077469419 0.053064924856 0.0642263781812 0.0307474969596 0.0651795789804 0.0375541913647 0.0532924107143 0.199107142857 0.105524553571 0.118582589286 0.183872767857 0.0467633928571 0.168638392857 0.0772321428571 0.0837611607143 0.669196428571 0.236104910714 0.767131696429 1.0 0.279631696429 0.701841517857 0.349274553571
0.0209905660377 0.0 0.0304245283019 0.0326257861635 0.0442610062893 0.0264150943396 0.026965408805 0.0262578616352 0.0407590002839 0.0915916236891 0.0445579409264 0.0694954663427 0.13764689086 0.0391758167143 0.055076894387 0.0368384845812 0.0771226415094 0.251886792453 0.0955188679245 0.190566037736 0.42358490566 0.0801886792453 0.138443396226 0.0709905660377 0.181367924528 1.0 0.236556603774 0.322405660377 0.776179245283 0.0801886792453 0.101650943396 0.0740566037736
0.00872678451555 0.0 0.0168941597673 0.0105168941598 0.0391586484672 0.014656522712 0.0135377041844 0.0157753412397 0.0306384636626 0.0622795476222 0.0318818105019 0.084821442742 0.136535563835 0.0340238895305 0.0569712501859 0.0329261427231 0.0749608413515 0.184045647796 0.0836876258671 0.284403669725 0.45021257552 0.0880510181249 0.188409040054 0.0924144103826 0.2145893936 0.554933989707 0.131684940703 0.144775117476 1.0 0.0444170955471 0.026963526516 0.0880510181249
0.00828509817274 0.00726364771309 0.0204290091931 0.0135058449665 0.0382476449892 0.0124843945069 0.0 0.0137328339576 0.0240527233434 0.0473404992706 0.0439491728055 0.0752151094648 0.150125568688 0.0508003131029 0.0618014105957 0.0402950193921 0.0572012257406 0.159005788219 0.128021790943 0.274089206673 0.544092611508 0.141300646919 0.247531494723 0.119169220293 0.194416070821 0.234252638747 0.30507320395 0.0350697991147 1.0 0.0306435137896 0.517534899557 0.0439223697651
0.000568585643213 0.0 0.0110874200426 0.00412224591329 0.0277185501066 0.00625444207534 0.00270078180526 0.00568585643213 0.0149316891935 0.0285140492069 0.0351952190886 0.0616744076192 0.14652328602 0.0482367441087 0.0140284156093 0.0362479270264 0.0631130063966 0.107462686567 0.113006396588 0.240511727079 0.528784648188 0.173987206823 0.0575692963753 0.124093816631 0.0631130063966 0.0852878464819 0.351385927505 0.0797441364606 1.0 0.16289978678 0.0243070362473 0.140724946695
0.00615595075239 0.0 0.0143638850889 0.00701094391245 0.031805745554 0.0094049247606 0.0111149110807 0.0135088919289 0.0199597342189 0.0332558408824 0.0461744007055 0.0748848199668 0.153198151239 0.0615862361368 0.0232082475078 0.0434238010714 0.0596785225718 0.113030095759 0.159712722298 0.266415868673 0.566518467852 0.206395348837 0.0730164158687 0.146374829001 0.0129958960328 0.253077975376 0.31976744186 0.0330027359781 1.0 0.126367989056 0.19305745554 0.286422708618
0.00515383414025 0.000312353584257 0.0187412150554 0.0 0.0326409495549 0.0124941433703 0.017023270342 0.00796501639856 0.016872130201 0.0209205893658 0.0518959960485 0.0607803122772 0.120455058789 0.0547291294813 0.0192573156896 0.0304361243181 0.0559112915821 0.0559112915821 0.165547399656 0.208183663908 0.41527409027 0.177729189442 0.0559112915821 0.0924566609402 0.0863657660472 0.275183507731 0.457910354521 0.287365297517 1.0 0.214274558801 0.390910510698 0.037638606903
0.0 0.0184517497349 0.0479321314952 0.0209968186638 0.0424178154825 0.0347826086957 0.0379639448568 0.0284199363733 0.0655677629496 0.0480987293531 0.128922192264 0.0863783338694 0.142418339511 0.101504094186 0.0451533204675 0.0669768645373 0.177094379639 0.143160127253 0.363732767762 0.270413573701 0.482502651113 0.287380699894 0.109225874867 0.168610816543 1.0 0.261930010604 0.966065747614 0.160127253446 0.745493107105 0.440084835631 0.567338282078 0.185577942736
0.0 0.0121002592913 0.0311149524633 0.00216076058773 0.0291702679343 0.0149092480553 0.0159896283492 0.000216076058773 0.0215080175548 0.0456684779398 0.09862811719 0.0601881989956 0.0990713100944 0.0545247302361 0.0258554355643 0.0226318234097 0.0814606741573 0.157303370787 0.325842696629 0.207865168539 0.359550561798 0.174157303371 0.0814606741573 0.0730337078652 0.224719101124 0.258426966292 1.0 0.140449438202 0.924157303371 0.36797752809 0.410112359551 0.216292134831
0.0206077996609 0.0315638450502 0.0332594235033 0.0 0.0483892004695 0.0280422590322 0.02934655015 0.0260858223555 0.0320318621701 0.0473337140326 0.068755627132 0.0742626343838 0.0973156430317 0.0663457108162 0.0436242387253 0.0366735774352 0.0589539585235 0.114908047476 0.170862136429 0.206469283944 0.282770314334 0.155601930351 0.104734576758 0.0691274292422 0.130168253554 0.343811138646 0.409938698317 0.933872440329 1.0 0.206469283944 0.257336637537 0.130168253554
