0.0190089043748 0.0 0.017266744096 0.0297715834301 0.0466898954704 0.0195896244677 0.0112272551297 0.0370886566009 0.0348890856082 0.063857294588 0.0441154279801 0.0594998449008 0.0437448051563 0.0448289455197 0.0470939227931 0.0763938299506 0.0714285714286 0.184668989547 0.100116144019 0.174099883856 0.0880371660859 0.103135888502 0.146922183508 0.204297328688 0.122764227642 0.864111498258 0.190708478513 0.34018583043 1.0 0.100116144019 0.4262485482 0.625551684088
0.00412235138923 0.0197048396405 0.0 0.0114601368621 0.00585373897271 0.00206117569462 0.0158298293347 0.0350399868085 0.0243533360873 0.0216592614221 0.0434956020002 0.044367759702 0.0594322934339 0.0447904056162 0.0408158588073 0.0801260223096 0.0610932475884 0.0514469453376 0.122186495177 0.144694533762 0.189710610932 0.128617363344 0.118971061093 0.234726688103 0.225080385852 0.40192926045 0.385852090032 0.08038585209 0.157556270096 0.305466237942 0.250803858521 1.0
0.0183753828205 0.0121044188421 0.0 0.032813183608 0.0201254192796 0.0207087647659 0.0338340382091 0.0468134752807 0.0502323299322 0.0789859520785 0.0900523641104 0.111381157314 0.181362434133 0.0623957457552 0.164970189662 0.0875650099215 0.152544844684 0.243546740557 0.271984833017 0.380049584366 0.664430508969 0.192358174129 0.607554324048 0.237859122065 0.152544844684 0.397112439842 0.869184774683 0.453988624763 0.0842934227796 0.0615429488114 0.493801954207 1.0
0.0352189781022 0.0211678832117 0.0 0.0308394160584 0.0193430656934 0.0275547445255 0.0423357664234 0.0487226277372 0.046549851012 0.1002798604 0.0970722068828 0.136189651884 0.236033025685 0.0608017849921 0.223740137841 0.0857381951488 0.124635036496 0.338138686131 0.281204379562 0.494708029197 0.900364963504 0.167335766423 0.807846715328 0.238503649635 0.423540145985 0.174452554745 1.0 0.252737226277 0.245620437956 0.124635036496 0.701094890511 0.950182481752
0.020418204182 0.00479704797048 0.0 0.0394833948339 0.0 0.0178351783518 0.0418204182042 0.0292742927429 0.0254424427782 0.0989065014085 0.0625250029244 0.110585511322 0.16372738923 0.0442736085589 0.167695943792 0.0579350436102 0.0549815498155 0.318819188192 0.160516605166 0.376383763838 0.558671586716 0.126937269373 0.553874538745 0.170110701107 0.165313653137 0.477121771218 0.664206642066 0.908856088561 0.664206642066 0.0645756457565 1.0 0.510701107011
0.016532968108 0.0 0.00420661318724 0.0213265505772 0.00205439248679 0.012815495989 0.0371747211896 0.0173155938173 0.0179747161578 0.0936653540193 0.0405447527153 0.0621338562609 0.104045378139 0.0332238128303 0.131710112398 0.0410064310337 0.0385443161808 0.317061240462 0.107219722168 0.202602230483 0.34376834279 0.1110350225 0.450596752103 0.126296223831 0.194971629818 0.473488554099 0.309430639797 0.381921346116 0.393367247114 0.0499902171786 1.0 0.225494032479
0.0186795491143 0.0 0.00654857756307 0.0163177670424 0.0144927536232 0.0179280730005 0.0413311862587 0.0243692968331 0.0226454746045 0.088088839234 0.0417365588513 0.0480584262349 0.094732174069 0.0316763824419 0.132670032003 0.0446962576596 0.0412238325282 0.263123993559 0.0998389694042 0.141706924316 0.313365539452 0.0872785829308 0.430595813205 0.124959742351 0.116586151369 0.644122383253 0.388727858293 0.0244766505636 0.0789049919485 0.0872785829308 1.0 0.338486312399
0.0248130523453 0.0 0.012066621346 0.0124915023793 0.0258327668253 0.0199694085656 0.0441876274643 0.0281271244052 0.0250253421931 0.0629092279775 0.0301863203515 0.0412406294644 0.073732686861 0.0252210315171 0.0898425445302 0.0344465526158 0.0422331747111 0.178110129164 0.0554894629504 0.115142760027 0.211250849762 0.0455472467709 0.24770564242 0.0720598232495 0.24439157036 0.761386811693 0.290788579198 0.274218218899 0.284160435078 0.0554894629504 1.0 0.373640380693
0.0333800484138 0.0135049050835 0.00789909542617 0.0 0.0462479296726 0.0271372149318 0.0439546439037 0.037074786597 0.0361969828144 0.191241280156 0.0469881839917 0.0782663257848 0.156352001546 0.0384048953531 0.100192322864 0.0436865141226 0.0758058351382 0.726716779208 0.110587335966 0.249713339279 0.552809275067 0.090712192636 0.274557268442 0.0956809784686 0.498152630908 0.319276340935 0.537902917569 0.84596763919 1.0 0.254682125111 0.910561855013 0.642247420054
0.0311160501667 0.0336561358946 0.0071439911097 0.0 0.0280996983648 0.0290522305128 0.046832830608 0.0361962216225 0.0474070218776 0.276526461178 0.0593842155167 0.107447679086 0.225460509271 0.0656613423355 0.0794220521855 0.053017438969 0.139387204318 0.882362279727 0.164153040165 0.312748055247 0.789490395301 0.213684711859 0.226067629783 0.151770122242 0.387045562788 0.486108906176 0.591363708525 0.869979361803 0.269407842515 0.306556596285 1.0 0.585172249563
