0.0293071161049 0.0311797752809 0.026638576779 0.0313202247191 0.0351123595506 0.0184925093633 0.0 0.0305243445693 0.0322030466543 0.0345691326387 0.0293127100947 0.0332471450876 0.0365020001042 0.0380737900193 0.0562661185969 0.0326630439946 0.0523876404494 0.059691011236 0.0450842696629 0.0560393258427 0.0669943820225 0.0724719101124 0.132724719101 0.0523876404494 0.19297752809 0.266011235955 0.088904494382 0.271488764045 0.419382022472 0.278792134831 1.0 0.240449438202
0.0350022153301 0.0212671688082 0.0155073105893 0.00620292423571 0.0 0.00930438635357 0.0341160832964 0.0314576871954 0.0462555886696 0.0474474908544 0.0711571722396 0.0922289965431 0.162320886335 0.149044653525 0.266956529871 0.0976054338723 0.136021267169 0.136021267169 0.256978289765 0.326096588392 0.498892334958 0.533451484271 1.0 0.308817013735 0.792645104121 0.256978289765 0.0323438192291 0.360655737705 0.602569782898 0.239698715109 0.758085954807 0.654408506868
0.0153736991485 0.0151371807001 0.0127719962157 0.0108798486282 0.0 0.0255439924314 0.0324030274361 0.0125354777673 0.0321211956962 0.0896295412478 0.0333133169644 0.0481153742957 0.0663757985853 0.141563199633 0.252517751026 0.0656443655622 0.0960264900662 0.354304635762 0.114474929044 0.142147587512 0.225165562914 0.511116367077 1.0 0.206717123936 0.105250709555 0.0960264900662 0.0222327341533 0.0960264900662 0.520340586566 0.501892147588 0.769394512772 0.0314569536424
0.0128502211923 0.0149568148304 0.0134821992838 0.00400252791237 0.0 0.0238045081104 0.0313882452075 0.00400252791237 0.0197636255925 0.0978526619831 0.0232903032994 0.0335855466709 0.0528532955388 0.125069862598 0.253901531942 0.0425204883786 0.071624183695 0.375605645671 0.0634084685064 0.112702759638 0.194859911523 0.441331367179 0.901411417738 0.145565620392 0.277017063408 0.359174215294 0.301664208974 0.0798398988835 0.235938487466 0.704234253213 1.0 0.0798398988835
0.00836400133824 0.002843760455 0.0103713616594 0.00217464034794 0.0 0.0200736032118 0.0274339243894 0.00033456005353 0.0321173030358 0.0727624716979 0.0154731459089 0.0129890148564 0.030561627342 0.0800319970511 0.161221519178 0.0295762992398 0.119270659083 0.275844764135 0.054031448645 0.054031448645 0.119270659083 0.269320843091 0.543325526932 0.0996988959518 0.256273001004 0.0409836065574 0.33456005353 0.0148879223821 0.0736032117765 0.712947474072 1.0 0.0605553696889
0.02667604913 0.0 0.0181678607984 0.022709825998 0.0202149437052 0.0287231320368 0.0446519959058 0.0177840327533 0.0462639788545 0.043326819165 0.0372415943744 0.027520205129 0.0400764282782 0.0397494699804 0.0809367389659 0.0335695342158 0.121801432958 0.131780962129 0.0868730808598 0.0544396110542 0.0993474923234 0.084378198567 0.216606960082 0.0669140225179 0.298938075742 0.78045035824 0.0719037871034 0.144255373593 0.046954964176 0.37877430911 1.0 0.0868730808598
0.0366072982538 0.0158960375935 0.00905029877589 0.0123571387132 0.00841213668272 0.0 0.0183906712305 0.0211753785462 0.0685745920234 0.0396300551767 0.0288814120333 0.0195621151336 0.0379755416472 0.0308760221581 0.0364422086461 0.0228780933042 0.217149155886 0.106282995881 0.0813946742473 0.0429309044497 0.113070719963 0.119858444045 0.101757846493 0.0565063526136 1.0 0.192260834252 0.0972326971051 0.0542437779196 0.122121018739 0.450194349365 0.289551546093 0.398155131403
0.0250829592036 0.0185438219793 0.0131758735116 0.00888151473746 0.0 0.0187390201054 0.0394300214718 0.00702713253953 0.0325217605661 0.0324682727897 0.0267531089374 0.0362226358131 0.0422017058167 0.0309144854626 0.0584448524136 0.0343701879108 0.0750536794847 0.0826664064025 0.059828225649 0.0902791333203 0.116923677533 0.0788600429436 0.166406402499 0.0826664064025 0.44046457154 0.185438219793 0.0522154987312 0.219695490923 0.566074565684 0.193050946711 1.0 0.292016396643
0.0211962224554 0.0 0.010703043022 0.0121720881427 0.00797481636936 0.0249737670514 0.0390346274921 0.00713536201469 0.0321381871723 0.0369234058709 0.0286522903312 0.0317546355669 0.0375311194727 0.0466381239641 0.0723348524653 0.0346872546436 0.0751311647429 0.124239244491 0.0710388247639 0.08740818468 0.095592864638 0.120146904512 0.197901364113 0.08740818468 0.304302203568 0.549842602308 0.132423924449 0.0751311647429 0.238824763903 0.451626442812 1.0 0.271563483736
0.0319088319088 0.0156695156695 0.00683760683761 0.0105413105413 0.00541310541311 0.0364672364672 0.0333333333333 0.0 0.0568320593772 0.129550844952 0.0452991452991 0.0488493775235 0.0596980962432 0.0932997820954 0.182062677683 0.0598365566282 0.166666666667 0.488888888889 0.144444444444 0.155555555556 0.2 0.3 0.644444444444 0.188888888889 0.822222222222 0.188888888889 0.177777777778 0.0333333333333 0.233333333333 1.0 0.877777777778 0.444444444444
