0.0418734491315 0.0 0.0161910669975 0.047270471464 0.0186724565757 0.0485732009926 0.0482009925558 0.00862282878412 0.148570616185 0.104113241539 0.0676798105775 0.058555690984 0.0959866643464 0.0460752014586 0.088204845558 0.0793598496849 0.462903225806 0.346774193548 0.177419354839 0.15564516129 0.281451612903 0.0975806451613 0.237903225806 0.216129032258 0.683064516129 1.0 0.368548387097 0.893548387097 0.271774193548 0.94435483871 0.929838709677 0.663709677419
0.0312404475148 0.0158953353304 0.0 0.00336247478144 0.000183407715351 0.00800880357034 0.0158341994253 0.00110044629211 0.114823749887 0.140034737492 0.0360397240258 0.0634367868716 0.0702785537723 0.0179635585797 0.0441183108608 0.0315055309932 0.408693525708 0.539830042184 0.115424588861 0.227486702941 0.246561105337 0.0582013816715 0.136883291557 0.0987344867641 1.0 0.401540624809 0.22987100324 0.0987344867641 0.222718102342 0.0939658861649 0.399156324509 0.186953597848
0.0401599127749 0.026985280756 0.0 0.0107214246774 0.00835907686716 0.0249863710703 0.0268944212248 0.0168998727967 0.126931612467 0.215530576521 0.0636208231375 0.0993447183951 0.104723502656 0.032326106237 0.055228472414 0.0416093382787 0.394057786662 0.819280392513 0.202707614029 0.3338179175 0.351535526077 0.0822278757042 0.146011266582 0.117663092858 1.0 0.486189351263 0.596038524441 0.177902962021 0.270034526622 0.408231873524 0.482645829548 0.0928584408504
0.0440489211494 0.0363925623944 0.0 0.0114348215174 0.00914785721388 0.0298299691757 0.0360942627026 0.0224719101124 0.11017505226 0.206945659246 0.0652375868586 0.103299003989 0.109942427753 0.0317049328172 0.0716029938417 0.037131740261 0.329123993239 0.705279904544 0.189519737496 0.298100825296 0.313612409267 0.0615491697325 0.232176593418 0.0964502336681 1.0 0.701402008551 0.755692552451 0.309734513274 0.39892612111 0.445460873024 0.689768320573 0.158496569554
0.0239611396849 0.0398399869377 0.00804147277329 0.0 0.00559229324843 0.017960649849 0.0219609764062 0.0147358968079 0.0371319710543 0.0725487494587 0.0222099315996 0.0446714634836 0.0463884458489 0.0207664549721 0.0403420787626 0.0213151559768 0.0893950526574 0.200832721038 0.0432280186138 0.105314719569 0.116458486407 0.0400440852314 0.108498652951 0.0432280186138 0.380724957139 1.0 0.269287288758 0.582904726916 0.364805290228 0.146705853539 0.302718589273 0.0209404849375
0.0282626766417 0.044472152951 0.00841645885287 0.0 0.00737738985869 0.0280548628429 0.0369908561929 0.0220282626766 0.0559670908131 0.102427131506 0.0367421739863 0.0785399424213 0.0932609510509 0.0272495417875 0.0956680659173 0.0361563936889 0.161159600998 0.294887780549 0.0841645885287 0.21789276808 0.270573566085 0.0517456359102 0.286783042394 0.088216957606 0.36783042394 1.0 0.444825436409 0.773067331671 0.485349127182 0.359725685786 0.708229426434 0.124688279302
0.0356660362064 0.0371521210484 0.00634963523372 0.0 0.0 0.0302620913267 0.0399891921102 0.0129694677114 0.0565457022639 0.0912249791677 0.058819671758 0.0665860266932 0.113435241543 0.0409467183307 0.101688765306 0.0386584239729 0.162253445015 0.278168062686 0.178059983788 0.188597676304 0.346663064037 0.114833828695 0.31504998649 0.114833828695 0.831396919751 0.889354228587 0.341394217779 0.589029991894 0.589029991894 0.620643069441 1.0 0.0832207511483
0.0325267750893 0.023998413328 0.0 0.00733835779453 0.0089250297501 0.0327251090837 0.0428401428005 0.0226100753669 0.079193456869 0.111929451281 0.10419309982 0.0763860533756 0.153594886026 0.05994386303 0.116765951846 0.0552808644172 0.303847679492 0.350257834193 0.319317731059 0.203292344308 0.520428401428 0.203292344308 0.36572788576 0.156882189607 0.597778659262 0.265172550575 0.70606902023 0.419873066244 0.357992859976 0.605513685046 1.0 0.211027370091
0.0384285714286 0.0367142857143 0.00471428571429 0.0 0.0252857142857 0.0352857142857 0.0422857142857 0.0362857142857 0.100096128871 0.106089771367 0.110743090398 0.0553032294366 0.144433526897 0.0683500229504 0.0752426763878 0.0612277377101 0.348142857143 0.359285714286 0.320285714286 0.130857142857 0.498571428571 0.22 0.186571428571 0.158714285714 0.548714285714 0.481857142857 0.816142857143 1.0 0.0361428571429 0.426142857143 0.699142857143 0.465142857143
0.0277777777778 0.0266666666667 0.0 0.00944444444444 0.0196296296296 0.0309259259259 0.035 0.0494444444444 0.0548728443787 0.0731979799109 0.13591185838 0.0566520434072 0.173649152856 0.0460639499212 0.0770189107747 0.0667493007753 0.155 0.191111111111 0.415 0.169444444444 0.581111111111 0.111666666667 0.212777777778 0.155 0.133333333333 0.09 1.0 0.631666666667 0.234444444444 0.256111111111 0.415 0.978333333333
