0.0297941371353 0.00991614686865 0.0440743025567 0.033815431718 0.0146685859209 0.0 0.0189183631503 0.00909360934037 0.0336617448166 0.0654089619848 0.049277233397 0.0373011801066 0.0417647998903 0.0619079909384 0.0319099676143 0.0700480421876 0.0786208787443 0.196243745288 0.127630406471 0.0732743848105 0.106244430735 0.202481321544 0.0723833024882 0.2087188978 0.443073548564 0.370004798136 1.0 0.599904037288 0.184659675098 0.756734526013 0.0189183631503 0.402083761738
0.0127726322079 0.0349566776218 0.0169928293995 0.0129220197192 0.0 0.0127352853301 0.00519121601434 0.00179265013445 0.0480675145499 0.0922680060299 0.0591516889587 0.0204911287403 0.0359392259626 0.125588035637 0.0275301996447 0.0642964694234 0.155213624141 0.274648939349 0.194539886465 0.0503435912758 0.0954959665372 0.433410516881 0.0692784583209 0.203279055871 0.134822228862 1.0 0.299409919331 0.140648341799 0.382432028682 0.133365700627 0.179974604123 0.312518673439
0.0137459873241 0.039756358548 0.0112766482838 0.0190962219113 0.00781957362746 0.0367931516997 0.0119351386945 0.0 0.096797925755 0.121049823961 0.124374688418 0.0370199493987 0.050243636895 0.233879869586 0.0281678088438 0.103192636324 0.338711005021 0.367602271792 0.435015227591 0.101160589349 0.146102559881 0.836282821631 0.0690591818257 0.335500864269 0.0433780558071 1.0 0.139682278377 0.194254671166 0.274508189974 0.884434932916 0.114001152358 0.579471561445
0.00384372669382 0.0223739315013 0.00223739315013 0.0109574895301 0.00694165567093 0.0364293500086 0.0138259422867 0.0 0.0641625691876 0.0701876916347 0.0836639660854 0.0318391916762 0.028939349915 0.141542728398 0.0205438569052 0.056725813787 0.203488038552 0.216912397453 0.272847226206 0.0893809878951 0.0916183810453 0.451838678217 0.0491079111927 0.16321496185 0.292983764557 0.451838678217 0.355630772761 0.0155470139407 0.17216453445 1.0 0.118467098847 0.442889105616
0.00615006150062 0.0267527675277 0.00538130381304 0.0127613776138 0.0113007380074 0.0388991389914 0.0145295202952 0.0 0.0721143703308 0.0791725330494 0.100657405867 0.0429274333055 0.0490196318078 0.147281926021 0.0443338625177 0.0466659157054 0.229474169742 0.232472324723 0.32241697417 0.124538745387 0.151522140221 0.4963099631 0.130535055351 0.130535055351 0.30442804428 0.526291512915 0.334409594096 0.0465867158672 0.103551660517 1.0 0.0495848708487 0.544280442804
0.00653819683414 0.0299380591879 0.00676760724937 0.0107822895159 0.0346409727002 0.0410644643267 0.00424409268181 0.0 0.0880575402447 0.100523716795 0.138460505369 0.0508810980784 0.0649823404497 0.170246984111 0.0698421971244 0.0361622524878 0.284239504474 0.306607019959 0.458706125258 0.158981417756 0.176875430145 0.570543702684 0.221610461115 0.0963523743978 0.378183069511 0.566070199587 0.369236063317 0.212663454921 0.749483826566 1.0 0.467653131452 0.633172746043
0.000611122428193 0.0332043185985 0.00550010185374 0.0185373803219 0.0309635363618 0.0401303727847 0.0 0.0185373803219 0.130687975466 0.159853136217 0.216561005286 0.0548513193737 0.0565416477382 0.192916340475 0.0962323399489 0.128838015207 0.443878590344 0.507435322876 0.753717661438 0.165817885516 0.15787329395 0.68221633734 0.284986759014 0.507435322876 0.570992055408 0.729883886739 0.380321857812 0.15787329395 0.642493379507 1.0 0.594825830108 0.15787329395
0.00545411429926 0.027744842305 0.00379416646905 0.0113824994072 0.0194451031539 0.027744842305 0.0 0.0165994783021 0.15689958013 0.164308707886 0.26696032605 0.0415538576942 0.0420219602662 0.18033481421 0.0915786301478 0.202785124477 0.574579084657 0.556082523121 1.0 0.149158169315 0.149158169315 0.648565330804 0.297130661608 0.796537823097 0.204647853925 0.685558453877 0.269385819303 0.0474270808632 0.361868626986 0.685558453877 0.417358311596 0.250889257766
0.0 0.024895572264 0.0015037593985 0.00852130325815 0.0167084377611 0.0349206349206 0.00300751879699 0.012030075188 0.104915674131 0.116327458143 0.184961451245 0.0406714925921 0.0281774913777 0.107538416404 0.0650521600967 0.162995699114 0.361403508772 0.400501253133 0.667669172932 0.133333333333 0.0812030075188 0.341854636591 0.211528822055 0.615538847118 0.380952380952 0.609022556391 0.322305764411 0.0486215538847 0.289724310777 1.0 0.26365914787 0.107268170426
0.0141176470588 0.0418487394958 0.0147899159664 0.0324369747899 0.0431932773109 0.0289075630252 0.0 0.0484033613445 0.121155098881 0.13044799976 0.19612578862 0.0480929380876 0.0528426548727 0.0590945081101 0.106706084006 0.246652428706 0.396974789916 0.396974789916 0.691932773109 0.121680672269 0.121680672269 0.161008403361 0.305210084034 0.862352941176 0.383865546218 0.744369747899 0.357647058824 0.37731092437 0.796806722689 0.239663865546 0.934453781513 1.0
