0.0359331476323 0.0 0.0150417827298 0.0110027855153 0.0238161559889 0.0303621169916 0.0473537604457 0.0261838440111 0.101599684251 0.148900425409 0.0871432781683 0.179198161635 0.0558342641222 0.0514410309961 0.0754418711137 0.0461974106199 0.304735376045 0.489415041783 0.261281337047 0.657799442897 0.158077994429 0.141782729805 0.201532033426 0.120055710306 0.554596100279 0.891364902507 0.304735376045 0.462256267409 0.0820334261838 0.337325905292 1.0 0.174373259053
0.0 0.0193965517241 0.0174808429119 0.00119731800766 0.0311302681992 0.0445402298851 0.0318486590038 0.0265804597701 0.116436941866 0.272980026016 0.109748932558 0.253318051207 0.0735110872107 0.0575908085007 0.0544254196275 0.0562381649568 0.411637931034 0.98132183908 0.364942528736 0.859913793103 0.20617816092 0.150143678161 0.140804597701 0.159482758621 0.775862068966 0.0193965517241 0.0941091954023 0.729166666667 0.477011494253 1.0 0.505028735632 0.299568965517
0.0 0.031212484994 0.0199279711885 0.0105642256903 0.0204081632653 0.0324129651861 0.0240096038415 0.0259303721489 0.0833969163638 0.269595357423 0.0965525896988 0.184596581276 0.0407610407899 0.0513471894518 0.043834328508 0.0516165084263 0.288355342137 1.0 0.335174069628 0.644177671068 0.129171668667 0.138535414166 0.110444177671 0.157262905162 0.672268907563 0.578631452581 0.138535414166 0.260264105642 0.157262905162 0.625450180072 0.297719087635 0.372629051621
0.0199519230769 0.0394230769231 0.0161057692308 0.0 0.0204326923077 0.0237980769231 0.0242788461538 0.0204326923077 0.0776609995219 0.289756436657 0.0814710808321 0.238989784429 0.0713465479179 0.0383104821873 0.0560396522912 0.0601007014307 0.259375 1.0 0.26875 0.8125 0.2125 0.109375 0.165625 0.19375 0.184375 0.94375 0.034375 0.625 0.203125 0.334375 0.353125 0.203125
0.00830483634587 0.0346849047386 0.00561797752809 0.0 0.0156326331216 0.02418172936 0.0153883732291 0.0136785539814 0.0689013076331 0.259367268766 0.103279734725 0.18630071237 0.0548060488802 0.0367217326233 0.0399790380838 0.0452403834286 0.23790913532 0.942843185149 0.342696629213 0.628480703468 0.190278456277 0.0950170981925 0.123595505618 0.161700048852 0.04738641915 1.0 0.152173913043 0.371275036639 0.256961406937 0.590376160234 0.247435271128 0.180752320469
0.0297896532121 0.0197839681637 0.0127345082433 0.0 0.0419556566231 0.0346787947698 0.0392268334281 0.0231949971575 0.0382939067176 0.313713882671 0.0592964914701 0.152799646301 0.0612314410531 0.0421874311311 0.0990214080731 0.0309495620903 0.077657760091 1.0 0.153041500853 0.485616827743 0.153041500853 0.0909607731666 0.281637293917 0.0510517339397 0.232859579306 0.206253553155 0.481182490051 0.977828311541 0.707333712337 0.423536100057 0.600909607732 0.0732234223991
0.0157232704403 0.0368553459119 0.0 0.00509433962264 0.0110062893082 0.0177358490566 0.0025786163522 0.0127672955975 0.024175170002 0.223626494575 0.0525724999539 0.0785234218292 0.0378873652925 0.0316507408706 0.0767785154958 0.0151037061792 0.0532075471698 0.725283018868 0.139056603774 0.242075471698 0.109622641509 0.0752830188679 0.224905660377 0.0262264150943 0.175849056604 1.0 0.460377358491 0.261698113208 0.0311320754717 0.254339622642 0.359811320755 0.0605660377358
0.0168682122776 0.0370484479704 0.0 0.00446738042055 0.00777940383579 0.0197180928907 0.00516059462374 0.0136332126627 0.0288218138542 0.24485261792 0.0694965172567 0.0786522456872 0.0380990335446 0.0377831035442 0.0876373034397 0.0172959584525 0.0687822537164 0.852807517523 0.200955095124 0.255025802973 0.107833320496 0.101825464068 0.285065085111 0.0327351151506 0.21297080798 1.0 0.468304706154 0.294076869753 0.164907956559 0.324116151891 0.267041515828 0.0868058229993
0.0315119760479 0.0288922155689 0.0 0.0256736526946 0.0300898203593 0.036377245509 0.0241017964072 0.0327095808383 0.0445819026794 0.230310291698 0.103191948886 0.0815794002351 0.05349251147 0.0528728686215 0.0902816488648 0.038245753969 0.0950598802395 0.801497005988 0.290643712575 0.241017964072 0.127170658683 0.115494011976 0.273128742515 0.0717065868263 0.278967065868 0.176796407186 1.0 0.0512724550898 0.223502994012 0.46871257485 0.0600299401198 0.325673652695
0.0253670402224 0.036052471549 0.0 0.0189384067414 0.0141603683433 0.0283207366866 0.0130310138129 0.018851533316 0.039583428957 0.291798565293 0.0812146976735 0.0868571687256 0.0560875194318 0.0473563691605 0.105858587931 0.0239136285736 0.0953870211102 1.0 0.230909564764 0.268178264269 0.14620797498 0.112327339067 0.339327599687 0.04456606724 0.325775345322 0.742507167058 0.69846234037 0.0750586395622 0.14620797498 0.440969507428 0.190252801668 0.0716705759708
0.0275606469003 0.0 0.0344339622642 0.041846361186 0.0404986522911 0.0343665768194 0.0222371967655 0.00950134770889 0.0509718225615 0.0663300812518 0.0768643841416 0.0390546718817 0.0952427246473 0.0335995022465 0.0529772161625 0.0530584123564 0.124865229111 0.166913746631 0.198450134771 0.0801886792453 0.251010781671 0.0617924528302 0.111725067385 0.127493261456 0.124865229111 1.0 0.392924528302 0.682008086253 0.629447439353 0.390296495957 0.132749326146 0.629447439353
0.0127627627628 0.00942609275943 0.0398732065399 0.0346179512846 0.0458792125459 0.0228561895229 0.0 0.0195195195195 0.0538890065067 0.0360098033151 0.0842489992989 0.0379177325464 0.10351278665 0.0411671470144 0.0734685062591 0.0269176287711 0.128128128128 0.0858358358358 0.232232232232 0.0825825825826 0.290790790791 0.102102102102 0.196446446446 0.0467967967968 0.333083083083 0.463213213213 0.765765765766 0.560810810811 1.0 0.102102102102 0.830830830831 0.0695695695696
0.00964925716036 0.0249655383673 0.0235870730587 0.0283351202328 0.0454893551846 0.0306325624138 0.0 0.0234339102466 0.0694640541816 0.0411274645507 0.0960110666855 0.0446187991143 0.134344370725 0.0468071055419 0.103059283104 0.0271167760899 0.181651095114 0.0980241997243 0.289171389187 0.109970899066 0.390718333589 0.121917598407 0.289171389187 0.0502374023587 0.438505130954 0.199571144126 0.14581099709 0.330984836882 1.0 0.420585081942 0.814826160208 0.139837647419
0.00700204675213 0.0 0.0254228159 0.0210061402564 0.0380265000539 0.0138963697081 0.0016158569428 0.0119573413767 0.0666518870922 0.0270924338756 0.0952331796562 0.0602665533133 0.108242070571 0.041157018109 0.0542958630138 0.016619273327 0.193364214155 0.0589249165141 0.294193687386 0.197565442206 0.327803511796 0.109339653129 0.147150705591 0.0295163201551 0.235376494668 0.508456318001 0.508456318001 0.336205967898 1.0 0.0589249165141 0.445437897231 0.042120004309
0.016583747927 0.0270576939862 0.0293270489657 0.0 0.044776119403 0.0184166884874 0.0112594920136 0.0192895173257 0.0598181751941 0.0767962103729 0.0825125033008 0.109998820805 0.10493166872 0.0389331023697 0.0587164348912 0.0247979459566 0.1592039801 0.2477088243 0.24430479183 0.363445928253 0.308981408746 0.0945273631841 0.1592039801 0.0434668761456 0.138779785284 0.308981408746 0.397486252946 0.785545954438 1.0 0.0672951034302 0.346425765907 0.0332547787379
0.0483656174334 0.019794188862 0.0 0.0235472154964 0.0179176755448 0.0117433414044 0.0362590799031 0.0484866828087 0.0723297493906 0.0445347152073 0.0922371307055 0.11242244673 0.0861164946664 0.0664232041559 0.0358574787247 0.0676716378958 0.176089588378 0.0981840193705 0.272881355932 0.334261501211 0.242191283293 0.192615012107 0.0816585956416 0.166646489104 0.936259079903 0.228026634383 1.0 0.0816585956416 0.301210653753 0.54200968523 0.464104116223 0.94098062954
0.0347374179431 0.0239059080963 0.0 0.0280087527352 0.0212253829322 0.0293216630197 0.0274070021882 0.0324945295405 0.0745252758287 0.0381060611082 0.0933703274342 0.107426665026 0.071054121911 0.0489603628975 0.0310763977123 0.0653495991462 0.210612691466 0.0740700218818 0.246881838074 0.338621444201 0.204212253829 0.118873085339 0.0570021881838 0.165809628009 0.404759299781 0.0676695842451 1.0 0.142341356674 0.172210065646 0.193544857768 0.118873085339 0.317286652079
0.0387195121951 0.020487804878 0.0 0.0367073170732 0.0208536585366 0.0259146341463 0.0289024390244 0.0371341463415 0.0801175667369 0.0475459739181 0.0887321436891 0.112031528267 0.0623515304013 0.0372992505684 0.0328684529644 0.0607125562596 0.231890243902 0.103475609756 0.231890243902 0.336524390244 0.167682926829 0.0749390243902 0.0582926829268 0.143902439024 0.56006097561 0.200975609756 1.0 0.481585365854 0.186707317073 0.0606707317073 0.177195121951 0.498231707317
0.0279296875 0.02587890625 0.0 0.04052734375 0.01865234375 0.02705078125 0.03017578125 0.04697265625 0.0995454364447 0.0465698760312 0.0829902185545 0.16971727102 0.106198103543 0.0671718992422 0.0431220111356 0.0810043055378 0.2916015625 0.11259765625 0.2154296875 0.5353515625 0.314453125 0.17734375 0.08974609375 0.2154296875 0.1392578125 0.05927734375 1.0 0.63056640625 0.27255859375 0.10498046875 0.22685546875 0.88193359375
0.0 0.0306282722513 0.00523560209424 0.0329842931937 0.019502617801 0.0379581151832 0.0328534031414 0.0421465968586 0.135042654038 0.0449486058775 0.0870280763125 0.178223341372 0.110052754854 0.0507411186964 0.0366661151598 0.0924496645783 0.474214659686 0.10667539267 0.224083769634 0.560994764398 0.346596858639 0.111780104712 0.0658376963351 0.27002617801 1.0 0.244502617801 0.795811518325 0.336387434555 0.239397905759 0.530366492147 0.331282722513 0.693717277487
0.00980648535565 0.0133368200837 0.0274581589958 0.00186323221757 0.0360878661088 0.021672332636 0.00447829497908 0.0 0.0261039484953 0.0474450337289 0.0433790059255 0.046289825482 0.0840706550845 0.0197580432192 0.0497306473084 0.0199180355466 0.069364539749 0.147129968619 0.111434361925 0.145855125523 0.245292887029 0.0387683054393 0.157328713389 0.0451425209205 0.0464173640167 0.112709205021 0.663441422594 0.356204236402 1.0 0.437794194561 0.254216788703 0.428870292887
0.0 0.0318965517241 0.0409482758621 0.0158524904215 0.0419061302682 0.036877394636 0.0213122605364 0.0250478927203 0.0717970452849 0.094548739228 0.0610048794665 0.0734669596997 0.108451934803 0.0412859193642 0.074532558307 0.036907289963 0.189367816092 0.262212643678 0.138936781609 0.19683908046 0.308908045977 0.0791666666667 0.19683908046 0.0716954022989 1.0 0.293965517241 0.646982758621 0.381752873563 0.68433908046 0.488218390805 0.16882183908 0.026867816092
0.00116360251338 0.0449150570165 0.0340935536421 0.0 0.0325808703747 0.0336281126367 0.00989062136374 0.00255992552944 0.0727812615906 0.198242896095 0.083185301978 0.120950174598 0.170585295651 0.0539571023188 0.141471258661 0.078251545387 0.223993483826 0.609727717012 0.219455434024 0.373749127298 0.555271119386 0.124156388178 0.437281824529 0.23306958343 0.745869211077 1.0 0.577961368397 0.791249709099 0.518966720968 0.559809169188 0.405515475913 0.691412613451
0.0235981308411 0.0474299065421 0.0447429906542 0.0193925233645 0.0441588785047 0.0435747663551 0.0150700934579 0.0 0.0466459069525 0.185596385429 0.0902969459628 0.110600634088 0.17022075924 0.0587869371635 0.140056631406 0.0818105446713 0.107009345794 0.599065420561 0.257359813084 0.339369158879 0.544392523364 0.152570093458 0.430490654206 0.239135514019 0.0796728971963 0.89976635514 0.794976635514 0.243691588785 0.772196261682 0.74941588785 0.41226635514 1.0
0.00248717550132 0.037152184051 0.029690657547 0.00606249028447 0.0346650085497 0.0198974040106 0.0 0.0076169749728 0.0467848071191 0.196872857954 0.0929995671757 0.106949562554 0.17990944819 0.0498192473931 0.148689616156 0.0730292090733 0.139126379605 0.666563034354 0.278563656148 0.369501010415 0.599875641225 0.139126379605 0.490750816104 0.205813772734 0.3755635007 1.0 0.709000466345 0.236126224157 0.903000155448 0.327063578424 0.472563345251 0.175501321312
0.0490990990991 0.0347597597598 0.0187687687688 0.0298048048048 0.0 0.0298798798799 0.0404654654655 0.0105855855856 0.0460454062765 0.111821784458 0.0621079016617 0.0887713160026 0.0811863587262 0.0664672744482 0.0873754157846 0.0473317748427 0.0952702702703 0.344144144144 0.150900900901 0.241666666667 0.232882882883 0.177252252252 0.25045045045 0.106981981982 0.964864864865 0.405630630631 0.268018018018 0.212387387387 1.0 0.215315315315 0.628153153153 0.587162162162
0.0144881489483 0.0389527864269 0.00660862934486 0.0 0.00362203723708 0.0266886954311 0.0282137637415 0.00514710554744 0.029677052567 0.127448240042 0.0405799039821 0.0840975441452 0.0506080545173 0.0634762671994 0.054933632179 0.0295730884637 0.0805744423969 0.420092774989 0.102878566436 0.261485670712 0.147486814514 0.187138590583 0.157399758531 0.0706614983796 0.0458791383364 1.0 0.28874626676 0.546482811209 0.405223358963 0.521700451166 0.58117811527 0.345745694859
0.0290357142857 0.0455357142857 0.0213928571429 0.0288214285714 0.0 0.0318214285714 0.03775 0.023 0.0314626083064 0.0923890433473 0.038137227055 0.0586521067054 0.0778316299431 0.0514121570648 0.049117854763 0.0378620030496 0.0486785714286 0.256214285714 0.0695714285714 0.162892857143 0.214428571429 0.119714285714 0.107178571429 0.07375 0.182392857143 0.825892857143 0.165678571429 0.174035714286 1.0 0.291035714286 0.52225 0.103
0.0277636054422 0.04375 0.0228316326531 0.0278486394558 0.0 0.0338010204082 0.0343112244898 0.0156462585034 0.0319272717933 0.0933978793889 0.0347641118413 0.0639687792936 0.0801517200149 0.059911718555 0.0520271753554 0.060596308622 0.0515306122449 0.262117346939 0.0614795918367 0.179209183673 0.195790816327 0.139413265306 0.114540816327 0.144387755102 0.132780612245 0.75625 0.109566326531 0.136096938776 1.0 0.368239795918 0.388137755102 0.389795918367
0.0271317829457 0.0421834625323 0.0235142118863 0.0207364341085 0.0 0.0363695090439 0.0377260981912 0.0138242894057 0.0353096403708 0.107434509301 0.0348276177032 0.0755396731111 0.0959759316785 0.0701973920916 0.0621454330902 0.0791303582168 0.0602713178295 0.302131782946 0.0627906976744 0.196317829457 0.246705426357 0.163565891473 0.148449612403 0.203875968992 0.108139534884 0.69515503876 0.0829457364341 0.191279069767 1.0 0.468410852713 0.521317829457 0.460852713178
0.0460031347962 0.0211206896552 0.0134796238245 0.0385971786834 0.0 0.0369905956113 0.0460815047022 0.00995297805643 0.0784238515058 0.0478456005182 0.0428750399906 0.0569939801981 0.0612575386451 0.0388840865029 0.0754982921498 0.045127415083 0.196159874608 0.102938871473 0.0846003134796 0.147257053292 0.157954545455 0.0708463949843 0.180877742947 0.0968260188088 0.844122257053 0.176293103448 0.474294670846 0.555289968652 1.0 0.49263322884 0.847178683386 0.611833855799
0.0369189255489 0.0169262848031 0.00981233901631 0.00392493560653 0.0 0.0188887526064 0.0398626272538 0.0105482644425 0.136308046731 0.104210871328 0.0343039133847 0.170657454819 0.0473263852468 0.0270788985658 0.123223754329 0.0406736567221 0.46902980498 0.335091377407 0.0959156138845 0.588617686741 0.162884827671 0.0672145222617 0.387710045382 0.138967251319 0.885195633509 0.105482644425 0.201152949834 0.430761682816 0.583834171471 0.182018888753 1.0 0.172451858212
0.0363884466682 0.0176256538549 0.0160336593132 0.00841482829202 0.0 0.0102342506254 0.0279736183762 0.00443484193768 0.097340817758 0.0523636457459 0.0197958118447 0.130345768945 0.0710099894202 0.0252640302282 0.093674985245 0.0401005553916 0.396861496475 0.161814873778 0.0509438253355 0.476688651353 0.259381396407 0.0642483511485 0.317034341597 0.135205822151 1.0 0.268251080282 0.206163293154 0.113031612463 0.441209915852 0.0420741414601 0.671821696611 0.268251080282
0.0344490593697 0.0185682873198 0.00781822623992 0.000427559247496 0.0 0.0115440996824 0.0181407280723 0.00543611043245 0.0423428758186 0.0497168313577 0.0213276654891 0.0820354833997 0.040481436658 0.024220604401 0.0499837677123 0.0241622482939 0.140056193501 0.144820425116 0.0566821402394 0.275836794527 0.137674077694 0.0614463718544 0.156731004153 0.0733569508918 1.0 0.380649890056 0.0566821402394 0.344918152944 0.361592963596 0.106706572196 0.363975079404 0.149584656731
0.0471414242728 0.0349047141424 0.0239719157472 0.0 0.0131394182548 0.0344032096289 0.0415245737212 0.00591775325978 0.0891894631624 0.0735433345309 0.0550076782258 0.151784080682 0.0730224135872 0.0624230741728 0.102781570071 0.0693914340454 0.245035105316 0.182447342026 0.151153460381 0.495386158475 0.237211634905 0.162888665998 0.319358074223 0.17853560682 1.0 0.522768304915 0.0963891675025 0.882647943831 0.370210631896 0.503209628887 0.780942828485 0.6518555667
0.00819403474271 0.0132743362832 0.0116355293346 0.0430459958484 0.0 0.0264940456681 0.0114716486398 0.0198841909756 0.0687103981351 0.0446316251444 0.0334767355708 0.0576787727994 0.046776368473 0.0639490004113 0.0586551359624 0.0939420477994 0.245821042281 0.126515896427 0.077515568666 0.145689937725 0.111602753196 0.190429367421 0.152081284825 0.284169124877 0.394952474598 0.19682071452 0.260734185513 1.0 0.714519829564 0.35447394297 0.267125532612 0.0966896099639
0.0149390243902 0.0269817073171 0.0260670731707 0.0350609756098 0.0282012195122 0.0321646341463 0.0 0.027743902439 0.0738794727411 0.125895059261 0.0469109556205 0.0498667253642 0.0794521071678 0.158380574865 0.103342684531 0.210867371541 0.215243902439 0.399542682927 0.12012195122 0.126067073171 0.244969512195 0.506554878049 0.292530487805 0.696798780488 0.41737804878 0.102286585366 0.0666158536585 0.41737804878 0.149847560976 0.304420731707 1.0 0.132012195122
0.0 0.0147058823529 0.0153979238754 0.0174740484429 0.00363321799308 0.00916955017301 0.0 0.0335640138408 0.0508654021251 0.105940363104 0.0477232795582 0.0227567503152 0.0957656434097 0.147919592932 0.0520774868328 0.183234062476 0.190311418685 0.352249134948 0.163321799308 0.0688581314879 0.325259515571 0.5276816609 0.156574394464 0.655882352941 0.325259515571 0.264532871972 0.291522491349 0.372491349481 0.183564013841 0.048615916955 0.325259515571 1.0
0.0159302325581 0.023023255814 0.0398837209302 0.0296511627907 0.0236046511628 0.0362790697674 0.0220930232558 0.0 0.0492150988302 0.0658306796708 0.0598398949504 0.0318496169651 0.091285189436 0.115060973277 0.0830429430179 0.136445830189 0.129302325581 0.17011627907 0.133837209302 0.0567441860465 0.274418604651 0.36511627907 0.210930232558 0.442209302326 0.378720930233 0.102093023256 0.605465116279 0.206395348837 0.0794186046512 0.46488372093 0.138372093023 1.0
0.0235576923077 0.0386217948718 0.0282852564103 0.031891025641 0.0 0.0209134615385 0.0334134615385 0.0326923076923 0.054399081048 0.0843116530307 0.038812299097 0.0438854547266 0.0974838344046 0.117551510925 0.0357592816909 0.131435655468 0.15 0.228125 0.078125 0.1 0.278125 0.359375 0.071875 0.409375 0.08125 0.55625 0.153125 0.29375 1.0 0.184375 0.353125 0.325
