0.0333695652174 0.0254347826087 0.0244565217391 0.0439130434783 0.0321739130435 0.0225 0.0 0.0261956521739 0.0455776688108 0.117341290811 0.0414090838875 0.0443630863121 0.0717158688323 0.0382920161662 0.0741164851301 0.0306751206444 0.101304347826 0.415 0.0970652173913 0.101304347826 0.245434782609 0.0928260869565 0.203043478261 0.0546739130435 0.351413043478 0.0419565217391 0.0461956521739 0.762608695652 0.304782608696 0.1225 1.0 0.0716304347826
0.0136350449666 0.0409051348999 0.0182767624021 0.0113141862489 0.0 0.0174064403829 0.0246591238758 0.0203075137801 0.0314333370951 0.215817155408 0.0478167058561 0.0574231176184 0.0939528624594 0.0325718622389 0.0310770234816 0.0258236967798 0.094865100087 0.762402088773 0.140121845083 0.174064403829 0.287206266319 0.094865100087 0.0835509138381 0.0609225413403 0.094865100087 1.0 0.117493472585 0.185378590078 0.626631853786 0.0835509138381 0.366405570061 0.196692776327
0.00779142942763 0.0320647287983 0.00869044051543 0.00689241833983 0.0 0.0137848366797 0.0173808810309 0.0113874737788 0.0232884486391 0.204485943508 0.0421867252533 0.0529264766276 0.0774012466027 0.0236660707621 0.0223361408889 0.0219609006952 0.0767156128259 0.707821396464 0.146838477675 0.170212765957 0.263709919089 0.0650284686844 0.0767156128259 0.0650284686844 0.053341324543 1.0 0.0884027569673 0.0182798921187 0.263709919089 0.287084207372 0.427329937069 0.19358705424
0.00288957688338 0.0274509803922 0.00288957688338 0.00206398348813 0.0 0.00763673890609 0.00247678018576 0.00660474716202 0.0138358044405 0.153614137885 0.0294532836547 0.0408892537673 0.0472633454908 0.0165481607012 0.0159048086912 0.0133456512281 0.0501547987616 0.541176470588 0.114551083591 0.146749226006 0.178947368421 0.0582043343653 0.0582043343653 0.0501547987616 0.0421052631579 1.0 0.0421052631579 0.00990712074303 0.0743034055728 0.227244582043 0.0260061919505 0.186996904025
0.00787025995707 0.0302885761984 0.00453136179347 0.00238492725972 0.0 0.0100166944908 0.0102551872168 0.0128786072025 0.0176396256267 0.15944705107 0.0326724842398 0.0499313348482 0.0538460715169 0.0146031615207 0.0162522328807 0.0144633443515 0.0698783687098 0.553541616981 0.116384450274 0.181492964465 0.181492964465 0.0512759360839 0.0605771523969 0.0512759360839 0.125685666587 1.0 0.0140710708323 0.0977820176485 0.190794180777 0.209396613403 0.218697829716 0.321011209158
0.0 0.0182109265559 0.0156093656194 0.0194116469882 0.0192115269161 0.0172103261957 0.0212127276366 0.041825095057 0.0540265331043 0.108229122612 0.045928751766 0.045677707828 0.0484887856742 0.0306811253402 0.0329733769035 0.0494601497386 0.141484890935 0.360016009606 0.133680208125 0.133680208125 0.141484890935 0.0790474284571 0.0790474284571 0.125875525315 0.664398639184 0.0790474284571 0.055633380028 0.125875525315 0.118070842506 0.0400240144086 0.196117670602 1.0
0.0 0.0186170212766 0.0339095744681 0.0308510638298 0.0313829787234 0.0332446808511 0.0275265957447 0.0356382978723 0.0814935813025 0.058824204176 0.0355665800667 0.0394402893197 0.0387695599384 0.0480954604685 0.0366779246809 0.0399457673598 0.216888297872 0.201329787234 0.0664893617021 0.0976063829787 0.0872340425532 0.11835106383 0.0716755319149 0.0820478723404 1.0 0.273936170213 0.372473404255 0.253191489362 0.273936170213 0.346542553191 0.123537234043 0.439893617021
0.0 0.0475121586233 0.0273101384212 0.0181444070333 0.0200149644594 0.0374111485223 0.0237560793116 0.0314253647587 0.0628922760995 0.141928608766 0.0470798779718 0.0633062748083 0.0612723604412 0.0496399880624 0.0362559138236 0.0329551604229 0.175645342312 0.430976430976 0.117283950617 0.153759820426 0.153759820426 0.117283950617 0.0953984287318 0.0662177328844 0.897867564534 1.0 0.212121212121 0.190235690236 0.117283950617 0.606060606061 0.0735129068462 0.372615039282
0.0 0.0309653916211 0.000728597449909 0.00473588342441 0.00728597449909 0.0244080145719 0.0134790528233 0.0193078324226 0.0388410839229 0.16527498641 0.0678798144847 0.0701293003676 0.0612081380681 0.0406112847947 0.0384007928664 0.0283254957956 0.147540983607 0.630601092896 0.232786885246 0.261202185792 0.232786885246 0.147540983607 0.147540983607 0.104918032787 0.218579234973 1.0 0.190163934426 0.0338797814208 0.0765027322404 0.744262295082 0.318032786885 0.545355191257
0.00987341772152 0.0379746835443 0.0 0.00835443037975 0.0124050632911 0.0301265822785 0.0194936708861 0.0273417721519 0.0374502646529 0.140804014878 0.0874836669629 0.0667276817793 0.0554033221402 0.0488811131595 0.030143085215 0.0383341567463 0.141012658228 0.506329113924 0.289113924051 0.22 0.180506329114 0.141012658228 0.0916455696203 0.111392405063 0.121265822785 1.0 0.506329113924 0.180506329114 0.0225316455696 0.693924050633 0.279240506329 0.585316455696
0.0307522123894 0.0 0.0242809734513 0.033296460177 0.0322455752212 0.0208517699115 0.0260508849558 0.0275995575221 0.0312237584432 0.05826603511 0.0286006594688 0.0354143985575 0.0328383866098 0.0321522993569 0.0382330201416 0.0297152967889 0.0508849557522 0.128539823009 0.0400995575221 0.0573561946903 0.0530420353982 0.0530420353982 0.0767699115044 0.0444137168142 0.249336283186 1.0 0.0530420353982 0.348561946903 0.307577433628 0.186780973451 0.0659845132743 0.126382743363
0.0430889759373 0.0162283156128 0.00643536653609 0.0372132064913 0.0282596530498 0.0194459988808 0.0 0.0163682148853 0.0489836449399 0.109731132337 0.0511248627403 0.0373193597518 0.0344282573511 0.0455611981777 0.0855469222287 0.0377126148272 0.13248461108 0.356183547846 0.127028539452 0.0888360380526 0.0888360380526 0.110660324566 0.252518186905 0.0997481813095 1.0 0.0833799664242 0.465304980414 0.770844991606 0.421656407387 0.0779238947957 0.716284275322 0.0779238947957
0.0361904761905 0.0146428571429 0.00511904761905 0.0445238095238 0.0496428571429 0.0388095238095 0.0 0.0277380952381 0.0456224015748 0.151371388736 0.0685151210459 0.051414625235 0.0504984326582 0.0647380167764 0.0965926686476 0.0396336595194 0.103928571429 0.498571428571 0.164285714286 0.113214285714 0.108571428571 0.159642857143 0.275714285714 0.09 0.461428571429 0.428928571429 0.800357142857 0.786428571429 0.986071428571 0.563571428571 1.0 0.131785714286
0.0372005988024 0.0458832335329 0.0 0.0225299401198 0.025 0.0377245508982 0.0151946107784 0.0308383233533 0.0427857289996 0.122949674926 0.0735273604427 0.0517997522416 0.0379202978247 0.0523001524813 0.0534907417182 0.0372608354667 0.0892215568862 0.357784431138 0.197230538922 0.118413173653 0.0717065868263 0.118413173653 0.127170658683 0.0717065868263 0.500823353293 0.839446107784 1.0 0.121332335329 0.025 0.52125748503 0.407410179641 0.252694610778
0.0294292256806 0.0428292765669 0.0 0.0114494105674 0.0176405733186 0.0260368077347 0.011534221016 0.0231532524807 0.0325797358431 0.118724666657 0.0564985700274 0.0566199943437 0.0299710909184 0.0394505493937 0.0403044896794 0.0267938173612 0.0672546857773 0.32855567806 0.149944873208 0.153252480706 0.06394707828 0.0970231532525 0.10033076075 0.0507166482911 0.477398015436 1.0 0.705622932745 0.259095920617 0.0176405733186 0.345093715546 0.25578831312 0.232635060639
0.0351591413768 0.0483592400691 0.0 0.019615099926 0.0250431778929 0.0357759684185 0.0186281766593 0.03343202566 0.0398700268279 0.152664325135 0.0764082113742 0.0747492299504 0.0410686830663 0.0551319029259 0.0459743620851 0.0380467391407 0.0810510732791 0.461139896373 0.186898593634 0.210954848261 0.0954848260548 0.133974833457 0.119541080681 0.0714285714286 0.485196150999 1.0 0.932642487047 0.167653589933 0.0906735751295 0.509252405625 0.206143597335 0.417838638046
0.0335660580021 0.0459183673469 0.0 0.00832438238453 0.0279269602578 0.0323576799141 0.0238990332975 0.0283297529538 0.0374878491463 0.123627731147 0.0777225215828 0.0722203078613 0.0408464907144 0.0512785841023 0.0370141512799 0.0312023483195 0.0888829215897 0.3716433942 0.21455424275 0.209317937701 0.094119226638 0.130773361976 0.0836466165414 0.0574650912997 0.518259935553 1.0 0.832438238453 0.507787325456 0.298335123523 0.471133190118 0.141245972073 0.314044038668
0.0425324675325 0.0400974025974 0.0 0.0165584415584 0.0337662337662 0.0349025974026 0.0316558441558 0.0383116883117 0.0473248226463 0.146373433554 0.0722249160604 0.0864554730913 0.0492726021968 0.0499482936365 0.0461176279002 0.040428057624 0.113636363636 0.449188311688 0.176948051948 0.246590909091 0.119967532468 0.113636363636 0.100974025974 0.0819805194805 0.708766233766 0.613798701299 1.0 0.354220779221 0.366883116883 0.411201298701 0.284577922078 0.544155844156
0.0392452830189 0.0388679245283 0.0143396226415 0.0 0.0271698113208 0.011320754717 0.0366037735849 0.0256603773585 0.0886296767157 0.245177420571 0.052032480891 0.114936514417 0.0797612936419 0.0365344851755 0.0744903778287 0.0424721913472 0.278867924528 0.852830188679 0.175849056604 0.352452830189 0.264150943396 0.102264150943 0.249433962264 0.116981132075 1.0 0.985283018868 0.028679245283 0.558490566038 0.529056603774 0.116981132075 0.896981132075 0.470188679245
0.0280570493336 0.0404489127893 0.0201075520224 0.0 0.0222118307225 0.00467617488894 0.0271218143559 0.0317979892448 0.0672618988467 0.161771597088 0.0350946788042 0.0823743647349 0.0663423961988 0.0348458514605 0.0596851735751 0.0372327246263 0.206686930091 0.544072948328 0.0881458966565 0.261398176292 0.206686930091 0.0881458966565 0.197568389058 0.0881458966565 0.516717325228 1.0 0.206686930091 0.607902735562 0.288753799392 0.425531914894 0.480243161094 0.662613981763
0.0227130977131 0.027182952183 0.0435031185031 0.0465696465696 0.0454261954262 0.0211018711019 0.0 0.0224532224532 0.0590957925558 0.0580132012428 0.104010968971 0.0504896168382 0.0552765273342 0.0457956073575 0.0793972989655 0.0439637015386 0.142567567568 0.15472972973 0.282432432432 0.097972972973 0.108108108108 0.0939189189189 0.247972972973 0.0939189189189 0.114189189189 0.110135135135 0.746621621622 0.866216216216 0.821621621622 0.177027027027 1.0 0.124324324324
0.00925617078052 0.0256837891928 0.0430286857905 0.0336057371581 0.0360240160107 0.00967311541027 0.0 0.00983989326217 0.0728369234045 0.0709054929961 0.121367804295 0.043742828808 0.0421344647215 0.0407217779309 0.128803025103 0.0327366339372 0.206470980654 0.229236157438 0.37233155437 0.115410273516 0.0958972648432 0.0958972648432 0.447131420947 0.0763842561708 0.352818545697 0.323549032688 1.0 0.632505003336 0.726817878586 0.336557705137 0.713809206137 0.330053368913
0.0 0.00962705282744 0.0377801148774 0.0254833751315 0.0256451743386 0.00922255480948 0.0258069735458 0.0149664266645 0.0568542188683 0.0660535341587 0.104467817336 0.0352682105201 0.0223296167253 0.0248025566599 0.116972623803 0.0200596583749 0.163902596877 0.195453442278 0.343742415662 0.110266159696 0.0503195534342 0.0597848070544 0.368983091983 0.0471644688941 0.498341558126 0.122886497856 1.0 0.520427149907 0.526737318987 0.138661920557 0.533047488067 0.110266159696
0.00216709438266 0.0 0.0155118334759 0.00923866552609 0.00484744796122 0.00245223838038 0.0291417165669 0.0108354719133 0.0235654366068 0.0317558043985 0.0562624845775 0.0159387262811 0.0161217703714 0.00950678612406 0.082043136742 0.0157614827245 0.0747647562019 0.105902480753 0.181522668948 0.0525235243798 0.0614200171086 0.0236099230111 0.281608212147 0.0525235243798 0.0591958939264 0.14371257485 0.468434559453 0.22378100941 0.0525235243798 0.0480752780154 1.0 0.286056458512
0.0 0.00113765642776 0.0303916788558 0.0117016089712 0.0110515195839 0.00260035754916 0.0195026816187 0.00975134080936 0.0510634805765 0.0548607385971 0.10170107799 0.0371436218582 0.0203673837085 0.0185294821905 0.0794750209356 0.0154683378754 0.176011701609 0.182350073135 0.315455875183 0.137981472452 0.0745977571916 0.0619210141394 0.296440760605 0.0492442710873 0.195026816187 0.150658215505 1.0 0.2710872745 0.245733788396 0.0936128717699 0.575329107752 0.195026816187
0.00653765690377 0.0 0.0355648535565 0.0279811715481 0.0360878661088 0.0115062761506 0.0211820083682 0.0177824267782 0.0952251140609 0.0854869459047 0.147450783328 0.0625791837788 0.0448119866956 0.0310386240581 0.0597958330784 0.0246087008864 0.306485355649 0.245292887029 0.469665271967 0.16370292887 0.133106694561 0.102510460251 0.245292887029 0.0821129707113 0.17390167364 0.428870292887 0.97960251046 0.683838912134 1.0 0.0413179916318 0.418671548117 0.286087866109
0.0391586484672 0.0102931304542 0.0 0.0272991720743 0.0284179906019 0.0223763705527 0.00738420228239 0.0181248601477 0.0524373868622 0.0575170250331 0.0807947857933 0.043769051725 0.0502774421689 0.0274917198968 0.0293987458122 0.0257095825961 0.197135824569 0.205862609085 0.345491161334 0.127321548445 0.144775117476 0.0749608413515 0.0749608413515 0.0836876258671 1.0 0.153501901991 0.554933989707 0.537480420676 0.581114343254 0.345491161334 0.266950100694 0.179682255538
0.0113790300732 0.0186941208345 0.0330533730696 0.0417231102682 0.0425358981306 0.0232999187212 0.0 0.0176104036846 0.084754608163 0.0330627126833 0.159501211705 0.0602199723418 0.0572792667816 0.0444946453824 0.0707091057263 0.0511351203024 0.239230560824 0.0807369276619 0.535085342726 0.18639934977 0.165266865348 0.133568138716 0.18639934977 0.165266865348 0.249796803034 0.0701706854511 0.630181522623 0.968301273368 1.0 0.249796803034 0.693578975887 0.027905716608
0.0163163310304 0.0173452888432 0.039247390857 0.0241070116125 0.0277818609437 0.0 0.00514478906365 0.0171982948699 0.0447602787843 0.0254092086784 0.0894812847234 0.0292404892627 0.0332951130125 0.0413747637928 0.0398261779948 0.0283503244212 0.128619726591 0.0655593120682 0.271938850507 0.0712920770248 0.0770248419815 0.117154196678 0.105688666765 0.0884903718948 0.105688666765 0.145818021461 1.0 0.409525209466 0.552844333382 0.558577098339 0.357930324857 0.140085256504
0.0222612770943 0.00234329232572 0.0120093731693 0.0199179847686 0.0316344463972 0.000878734622144 0.0 0.0111306385472 0.0482408083109 0.0248654163386 0.13179346416 0.026875539486 0.0597611565647 0.0601581846233 0.0659782797309 0.0222639397065 0.188927943761 0.097539543058 0.508787346221 0.0861159929701 0.177504393673 0.223198594025 0.234622144112 0.0746924428822 0.634446397188 0.154657293497 0.234622144112 0.543057996485 1.0 0.211775043937 0.2460456942 0.200351493849
0.0189737470167 0.0248210023866 0.0251491646778 0.0298627684964 0.0417362768496 0.026968973747 0.0 0.028192124105 0.0353793751995 0.0435382831359 0.0285950853578 0.0465131667366 0.0390994001048 0.0282070058831 0.0513910046195 0.0294769287547 0.0564140811456 0.0959725536993 0.0401252983294 0.115751789976 0.0657219570406 0.0377983293556 0.142511933174 0.0447792362768 0.260023866348 0.0319809069212 0.0308174224344 0.21464797136 0.677714797136 0.101789976134 1.0 0.149492840095
0.0 0.0163449163449 0.0310810810811 0.0250643500644 0.0252895752896 0.0335907335907 0.0320785070785 0.0336229086229 0.0599454622684 0.0467857995819 0.0341177478785 0.0437545941449 0.0445400747885 0.0366317080188 0.0584461277909 0.0385004840048 0.127895752896 0.0977799227799 0.0576254826255 0.102799227799 0.0940154440154 0.06138996139 0.140444015444 0.0664092664093 1.0 0.362548262548 0.262162162162 0.0275096525097 0.0362934362934 0.360038610039 0.301061776062 0.361293436293
0.0 0.0182301740812 0.0262572533849 0.0136847195358 0.0248549323017 0.0369922630561 0.0452127659574 0.0387814313346 0.0708650034275 0.0498093569464 0.0441149592084 0.0568186962385 0.0610040765051 0.0409593516242 0.0844222193577 0.0384316290446 0.209816247582 0.119294003868 0.106092843327 0.143810444874 0.162669245648 0.0740328820116 0.221131528046 0.0646034816248 1.0 0.289023210832 0.0740328820116 0.466295938104 0.0306576402321 0.492698259188 0.81329787234 0.56247582205
0.0173564753004 0.0 0.00442256341789 0.0177736982644 0.0122663551402 0.0213618157543 0.0360480640854 0.0168558077437 0.108948599208 0.0542425019937 0.0434768622037 0.043281590049 0.0614344308721 0.0289115940724 0.0907734605694 0.0321009901913 0.358895193591 0.160380507343 0.118074098798 0.131091455274 0.202686915888 0.0920393858478 0.277536715621 0.0855307076101 0.271028037383 0.427236315087 0.254756341789 0.287299732977 0.0725133511348 0.427236315087 1.0 0.25150200267
0.0330141297797 0.00127234982924 0.00281256278042 0.0116520458046 0.00703140695105 0.0100448670729 0.0225674680238 0.0 0.08634166523 0.0325454590826 0.0242099822176 0.0313259277291 0.0402038666108 0.0205912458477 0.0493023437391 0.0354319798961 0.273957007969 0.0989754235586 0.067635438291 0.0989754235586 0.138150405143 0.0650237728521 0.151208732338 0.106810419875 1.0 0.253063684457 0.192995379361 0.166878724972 0.0284604567066 0.104198754436 0.592580191522 0.302685327797
0.0157788267026 0.00269723533378 0.0 0.0055967633176 0.00323668240054 0.0111935266352 0.0314227916386 0.00168577208361 0.0559329060335 0.0126309960987 0.0200860521886 0.0120993280921 0.0435398015702 0.0185389847019 0.0745086396612 0.0303407306559 0.171611598112 0.0427511800405 0.0480107889413 0.0348617666891 0.150573162508 0.0559002022927 0.234726904922 0.0927174645988 0.389885367498 0.132164531355 0.237356709373 0.0190829399865 0.111126095752 0.211058664869 1.0 0.171611598112
0.0299711815562 0.00853025936599 0.00991354466859 0.00979827089337 0.00495677233429 0.0227089337176 0.0363112391931 0.0 0.0834163250716 0.0239825547076 0.0228437767161 0.0216634099417 0.0709164220811 0.0290089315997 0.0876684557715 0.0564440052119 0.276195965418 0.0693948126801 0.0648991354467 0.0604034582133 0.235734870317 0.0828818443804 0.276195965418 0.181786743516 0.752737752161 0.105360230548 0.0514121037464 0.0559077809798 0.244726224784 0.469510086455 1.0 0.438040345821
0.0176716290029 0.0 0.00631894612831 0.00738995394666 0.0109242797472 0.00856806254686 0.0313805290779 0.000321302345507 0.0713134305728 0.036169583871 0.0132048285655 0.0191494294664 0.0564507338127 0.0302916646003 0.0671092974346 0.0423082736856 0.248152511513 0.114490735782 0.0434829174253 0.0601906393917 0.181321623648 0.097783013816 0.206383206597 0.13537538824 0.465352897076 0.235621720039 0.0225982649673 0.0643675698833 0.202206276106 0.110313805291 1.0 0.223090928564
0.0288278487898 0.0 0.0231166711993 0.0167255915148 0.0262442208322 0.0184933369595 0.0440576556976 0.0110144139244 0.121476311505 0.0517202023012 0.0344292656226 0.040675136145 0.0770153702989 0.0493396376756 0.0821162334681 0.0586936192279 0.395431057928 0.135572477563 0.0825401142236 0.103753059559 0.209817786239 0.130269241229 0.231030731575 0.172695131901 0.406037530596 0.756051128637 0.183301604569 0.103753059559 0.30527604025 0.0348109872178 1.0 0.326488985586
0.0422583404619 0.0 0.0157399486741 0.00102651839179 0.0311377245509 0.0171086398631 0.0443113772455 0.0133447390932 0.174646177962 0.0428693381174 0.052774820709 0.065289057257 0.103197671649 0.0508260670286 0.0976092213758 0.0726939519086 0.586313088109 0.119247219846 0.139264328486 0.172626176219 0.306073567151 0.145936698033 0.266039349872 0.226005132592 0.919931565441 0.766467065868 0.152609067579 0.726432848589 0.48622754491 0.0992301112062 1.0 0.246022241232
0.0315175097276 0.0420233463035 0.0485408560311 0.0337548638132 0.036186770428 0.0142023346304 0.0 0.0321984435798 0.0379709792224 0.136082253575 0.0869710122958 0.0441557688792 0.0389047224788 0.0473295117442 0.0995096818052 0.0337527018515 0.0781128404669 0.411964980545 0.241245136187 0.0932879377432 0.0857003891051 0.1046692607 0.290564202335 0.0553501945525 0.279182879377 0.688910505837 0.943093385214 0.366439688716 0.461284046693 0.446108949416 1.0 0.305739299611
0.0244537815126 0.0409663865546 0.0293277310924 0.0344957983193 0.0356722689076 0.0235294117647 0.0 0.0241176470588 0.0270097917215 0.0795941752781 0.0434741166983 0.0426495596467 0.0443706137359 0.0304889454358 0.084200979891 0.0285756277834 0.0348319327731 0.218361344538 0.0905462184874 0.0921848739496 0.106932773109 0.0446638655462 0.249495798319 0.0397478991597 0.0463025210084 0.64768907563 0.193781512605 0.395336134454 0.441218487395 0.0823529411765 1.0 0.0594117647059
0.0255484460695 0.0429616087751 0.0303473491773 0.0340036563071 0.0329524680073 0.0233546617916 0.0 0.0268281535649 0.0274270416906 0.0837985174738 0.0479617106625 0.0375061605626 0.0394629363817 0.030784741255 0.0887216424287 0.0288818678917 0.0339122486289 0.221069469835 0.10521023766 0.0659963436929 0.0820383912249 0.0446069469835 0.238893967093 0.0446069469835 0.0463893967093 0.72550274223 0.233546617916 0.376142595978 0.335146252285 0.089168190128 1.0 0.0962979890311
0.0232105040237 0.0471833968657 0.0332062685303 0.0276154171961 0.0245658619229 0.0196526895383 0.0 0.023972892842 0.0255647739186 0.100420055957 0.0671250595888 0.0314634854814 0.0319414608241 0.0353180407655 0.0780705153553 0.0287502268945 0.0386277001271 0.286404066074 0.190597204574 0.0551461245235 0.0683608640407 0.0683608640407 0.213722998729 0.0518424396442 0.0650571791614 1.0 0.454891994917 0.236848792884 0.11791613723 0.11791613723 0.884371029225 0.094790343075
0.0162878787879 0.042803030303 0.0389204545455 0.0276515151515 0.0135416666667 0.0144886363636 0.0 0.0153409090909 0.0237871234898 0.0856759263736 0.0518981246399 0.0359741065127 0.0356249900424 0.025658978556 0.0475525592107 0.0271352742199 0.0397727272727 0.231818181818 0.121022727273 0.0803977272727 0.0877840909091 0.0508522727273 0.124715909091 0.0545454545455 0.0693181818182 1.0 0.848579545455 0.409090909091 0.176420454545 0.139488636364 0.704545454545 0.10625
0.0254806225206 0.0396704302716 0.0346353371987 0.0491303021056 0.0 0.0178516936222 0.023802258163 0.0323466585291 0.0314216446837 0.0770163335584 0.0538590643181 0.0637895806685 0.0881111735211 0.0473284513099 0.19119092079 0.0358252117004 0.0538602380226 0.226426609704 0.137168141593 0.160970399756 0.250228867867 0.101464754348 0.738175160208 0.0657613671041 0.0776624961855 0.631064998474 0.43469636863 1.0 0.964296612756 0.268080561489 0.0360085444004 0.345437900519
0.00300420588824 0.0106148608051 0.00540757059884 0.0178249549369 0.00280392549569 0.0 0.00640897256159 0.00280392549569 0.010884821685 0.0454813695685 0.0211542425791 0.0939434859275 0.0359871978277 0.0137277346611 0.242569678325 0.0121098087301 0.0470658922491 0.1720408572 0.0783096334869 0.359503304626 0.164229921891 0.0548768275586 1.0 0.0470658922491 0.109553374725 0.406368916483 0.203284598438 0.687562587623 0.101742439415 0.00801121570198 0.242339274985 0.101742439415
0.00286060072615 0.00737154802509 0.00583122455716 0.00583122455716 0.00396083177467 0.0 0.0106722411706 0.00319067004071 0.00713314031132 0.0408613361404 0.0191906586264 0.090070062986 0.0689924959578 0.0076805538599 0.244427226636 0.00581502129391 0.0345472549235 0.171856089779 0.0645835625481 0.360655737705 0.270546814831 0.0302563538343 1.0 0.0259654527451 0.103201672351 0.27912861701 0.21905600176 0.21905600176 0.146110683243 0.00880184838816 0.407855649686 0.116074375619
0.00465778237806 0.0144908785095 0.00750420494242 0.0055634622849 0.00646914219175 0.0 0.0190192780437 0.00504593090956 0.00792343207262 0.0514961917768 0.0244113772741 0.108829120969 0.0860470627799 0.0103886568518 0.269657984058 0.00996617487386 0.0311812653642 0.207788847199 0.0866865053694 0.42980980722 0.328891189028 0.0362271962738 1.0 0.0412731271833 0.147237676284 0.530728425411 0.258248156294 0.182559192651 0.217880709018 0.0362271962738 0.707336007245 0.162375469013
0.0047627770654 0.00842645173109 0.00631983879831 0.0 0.000366367466569 0.00247298039934 0.0289430298589 0.00338889906576 0.00756211238318 0.0277064965369 0.0246200439035 0.0660836488646 0.0551440582859 0.00974381709423 0.160944215343 0.00893455779565 0.021249313061 0.0926909690419 0.0855468034439 0.232002198205 0.181993039018 0.0283934786591 0.54991756732 0.0283934786591 0.0569701410515 0.199853453013 0.117695548635 0.135555962631 0.121267631434 0.0391097270562 1.0 0.00338889906576
0.0439856373429 0.0 0.0316427289048 0.0412028725314 0.0386894075404 0.0376570915619 0.0157989228007 0.00637342908438 0.0606131406678 0.0668570435353 0.0357260765862 0.0423996770047 0.062221114913 0.0397333502715 0.0982573338264 0.0432105672473 0.149281867145 0.179039497307 0.0600089766607 0.0862657091562 0.175538599641 0.0792639138241 0.317324955117 0.0880161579892 0.765439856373 1.0 0.284066427289 0.656912028725 0.558886894075 0.518626570916 0.383842010772 0.751436265709
0.0329109468497 0.0127889240878 0.00791974656811 0.00592514372873 0.0 0.0126129297196 0.0391880793148 0.0173061128711 0.0458974402103 0.0240415368191 0.0438539841306 0.0480278096757 0.0754378577855 0.0471105206225 0.110579888574 0.0586502938447 0.119148187258 0.0573741640268 0.13058782119 0.128299894403 0.215241112284 0.126011967617 0.325061598029 0.178634283703 0.755191833861 0.0573741640268 0.247272087293 0.325061598029 0.556142203449 0.0642379443858 1.0 0.146603308694
0.0293842993214 0.0207931270622 0.0138205814605 0.00915146610222 0.0 0.008840191745 0.0442632135965 0.0337421403225 0.0462516567823 0.0341912955688 0.0407926776913 0.0422621863654 0.0662500786151 0.0563925709256 0.0805950380622 0.0592810646401 0.118657784972 0.0676710452593 0.0968063250949 0.101662205068 0.167216584698 0.147793064807 0.223059204383 0.145365124821 0.419722343273 0.0846666251634 0.225487144369 0.407582643342 0.764489821329 0.419722343273 1.0 0.589678142315
0.0442201834862 0.0447706422018 0.0115596330275 0.0100917431193 0.00201834862385 0.0 0.0376146788991 0.04 0.0705642596389 0.0881341197015 0.051642831593 0.0775042497358 0.0939972632748 0.101476117577 0.10968234581 0.108930710898 0.191376146789 0.241467889908 0.134128440367 0.227155963303 0.291559633028 0.29871559633 0.313027522936 0.29871559633 0.978532110092 1.0 0.334495412844 0.391743119266 0.706605504587 0.785321100917 0.720917431193 0.813944954128
0.0319331859494 0.0385654630312 0.0110537951363 0.0169491525424 0.0 0.00442151805453 0.018177352002 0.0206337509211 0.0854434027432 0.159978004913 0.0357536878374 0.114221653242 0.104680224579 0.094187148482 0.120555492474 0.105292024283 0.243183492999 0.530582166544 0.118644067797 0.386882829772 0.386882829772 0.291083271923 0.406042741341 0.338983050847 0.74134119381 1.0 0.099484156227 0.156963890936 0.530582166544 0.358142962417 0.20486366986 0.300663227708
0.0371173123815 0.0425358981306 0.0205906258467 0.0219452722839 0.0 0.0130046057979 0.0387428881062 0.0316987266323 0.126943012694 0.132680916695 0.0523554471339 0.113402915825 0.101410539228 0.0893108592502 0.14814586275 0.123959013229 0.439989162829 0.387157951775 0.154700623137 0.429422920618 0.376591709564 0.270929287456 0.46112164725 0.418856678407 0.788675155784 1.0 0.144134380927 0.19696559198 0.693578975887 0.18639934977 0.852072609049 0.577350311569
0.0208794685226 0.0140778234736 0.0138405567858 0.0109933565327 0.0 0.00869977855109 0.0382790256248 0.0155014236001 0.0536682523934 0.038179226276 0.0213800756096 0.0356526896547 0.0423752731045 0.0358894438494 0.0657990014079 0.0327870431984 0.148687124328 0.105504587156 0.0499841822208 0.108589054097 0.117842454919 0.0962511863334 0.19495412844 0.0839133185701 0.321417273015 0.0561531161025 0.04689971528 0.0900822524518 0.518823157229 0.179531793736 1.0 0.111673521038
0.0159876224858 0.0299123259412 0.0139247034554 0.013151108819 0.00206291903043 0.00438370293966 0.0123775141826 0.0 0.104835892384 0.0517649271969 0.0269229225203 0.0271781414447 0.0698945786351 0.0373077064756 0.0356247540197 0.0358411044361 0.36642599278 0.175348117586 0.0848375451264 0.0948942753997 0.2457452295 0.135121196493 0.115007735946 0.145177926766 0.45693656524 1.0 0.376482723053 0.346312532233 0.0948942753997 0.00438370293966 0.316142341413 0.175348117586
0.00655737704918 0.025 0.0241803278689 0.0364754098361 0.0 0.027868852459 0.0364754098361 0.033606557377 0.122159676242 0.0643186391974 0.048162083854 0.0457767079601 0.0591076201173 0.0444488697012 0.0403346614212 0.0463665744225 0.536475409836 0.200819672131 0.120901639344 0.120901639344 0.216803278689 0.104918032787 0.104918032787 0.136885245902 0.744262295082 0.025 0.0569672131148 0.472540983607 1.0 0.136885245902 0.472540983607 0.360655737705
0.010248447205 0.027950310559 0.0290372670807 0.039751552795 0.0 0.0256211180124 0.0312111801242 0.0304347826087 0.0540202394689 0.0582225568207 0.0343348685498 0.0655615505275 0.107786841492 0.0342804675761 0.0464870028802 0.0360390512964 0.152173913043 0.170341614907 0.0734472049689 0.158229813665 0.327795031056 0.0673913043478 0.109782608696 0.0734472049689 0.600310559006 0.140062111801 0.182453416149 0.600310559006 1.0 0.0492236024845 0.267236024845 0.236956521739
0.0441050793297 0.034295693531 0.0246349347899 0.0293910006317 0.0094378181548 0.0 0.00549920112957 0.0264927730093 0.0440353618092 0.0433216718009 0.0324140355245 0.0378388935262 0.0618181970023 0.0453242389371 0.0712324353918 0.03368859155 0.108795006131 0.0972020956415 0.0653215917958 0.0957529818303 0.178352469067 0.114591461376 0.220376769591 0.0725671608516 1.0 0.617433953851 0.240664362947 0.426150930777 0.389923085498 0.757997993535 0.543529149482 0.313120053506
0.0200992856278 0.026032207289 0.0200387456108 0.0165879646446 0.00780966218671 0.0475844533236 0.0448601525608 0.0 0.0425014766672 0.032421354206 0.0451165099122 0.0779697254566 0.0639313199924 0.0881632404975 0.122594907729 0.0601190151365 0.102796948783 0.0555757355612 0.100435888122 0.24682164911 0.175989829277 0.220849981838 0.357791500182 0.1382128587 0.11696331275 0.159462404649 0.119324373411 0.253904831093 0.596258626952 1.0 0.893752270251 0.900835452234
0.0120185981226 0.0183349416615 0.0100886042635 0.00991315027634 0.00236862882709 0.0399157820861 0.0365821563295 0.0 0.0381438868135 0.0298406098286 0.0415827378419 0.0832466343949 0.0500853811772 0.0838174540778 0.1143260327 0.0377897225164 0.110448284937 0.0762347574349 0.113869637688 0.2917799807 0.15492587069 0.240459689446 0.349942977454 0.0967628739363 0.117290990438 0.158347223441 0.192560750943 0.199403456444 0.493639792964 1.0 0.869988595491 0.586016317221
0.00955372333464 0.0149195131527 0.00837586703311 0.00444967936134 0.00405706059416 0.0306242638398 0.0352048161235 0.0 0.027569865601 0.0284169270824 0.0398661264934 0.106939932116 0.0428566705577 0.0777880479934 0.136048084714 0.0251225666978 0.086376128779 0.071063996859 0.122104436592 0.387514723204 0.152728700432 0.239497447978 0.42834707499 0.0659599528857 0.020023557126 0.208873184138 0.0659599528857 0.219081272085 0.234393404005 0.821358460934 1.0 0.392618767177
0.00685714285714 0.0158367346939 0.00244897959184 0.0 0.00342857142857 0.0256326530612 0.0321632653061 0.00195918367347 0.0200257669633 0.0418895760501 0.0427226503556 0.090411576165 0.0415057776453 0.0774433490222 0.139460196549 0.0244545616372 0.0576326530612 0.121306122449 0.140408163265 0.337795918367 0.134040816327 0.267755102041 0.490612244898 0.0703673469388 0.0130612244898 0.363265306122 0.172244897959 0.267755102041 0.134040816327 0.745306122449 1.0 0.191346938776
0.0143275805926 0.0149788342559 0.0105828720287 0.00732660371215 0.0 0.0273526538587 0.0348420709866 0.0013025073266 0.0224213581136 0.0576122914465 0.0395667401419 0.10413202303 0.0396353007581 0.0759288892067 0.148922306095 0.0315306647764 0.0729404102898 0.174535981765 0.123738196027 0.377727124715 0.11738847281 0.244382937154 0.498371865842 0.0856398567242 0.199934874634 0.225333767502 0.0538912406382 0.0919895799414 0.377727124715 0.707912732009 1.0 0.326929338978
0.0142653352354 0.0122681883024 0.00941512125535 0.00684736091298 0.00855920114123 0.0191155492154 0.035092724679 0.0 0.0454879435825 0.0270596470701 0.0443860266258 0.115221489723 0.0366977397824 0.0532375206303 0.172238633489 0.034540141352 0.176604850214 0.0764621968616 0.154350927247 0.44365192582 0.109843081312 0.187731811698 0.643937232525 0.109843081312 0.187731811698 0.109843081312 0.0208273894437 0.120970042796 0.0542082738944 0.376890156919 1.0 0.388017118402
0.00976116303219 0.0134994807892 0.00789200415369 0.00353063343718 0.0 0.0139148494289 0.0292834890966 0.001246105919 0.0189433065152 0.0425258318752 0.0248813567479 0.0912919775408 0.0324393590188 0.0399016388115 0.133884322749 0.0235065487589 0.0604361370717 0.133333333333 0.0928348909657 0.360124610592 0.117133956386 0.141433021807 0.497819314642 0.0766355140187 0.238629283489 0.384423676012 0.165732087227 0.0118380062305 0.14953271028 0.40062305296 1.0 0.100934579439
0.00795118343195 0.0123890532544 0.00573224852071 0.00591715976331 0.0 0.0147928994083 0.030325443787 0.0051775147929 0.020196485408 0.0452064614207 0.0363555229098 0.0912465289088 0.0273380478486 0.0309685490885 0.124278673005 0.0398697115789 0.0841346153846 0.149038461538 0.134615384615 0.358173076923 0.0913461538462 0.0985576923077 0.4375 0.163461538462 0.127403846154 0.300480769231 0.0408653846154 0.0480769230769 0.192307692308 0.394230769231 1.0 0.0192307692308
0.0 0.0271885270391 0.00687182551539 0.00657305049298 0.00687182551539 0.029279952196 0.0349566776218 0.0253958769047 0.0518519803507 0.101684337451 0.0959341741737 0.164745594273 0.0537512324935 0.0704889325761 0.14699861004 0.0934820190693 0.149387511204 0.312518673439 0.324170899313 0.627128772035 0.1959964147 0.219300866448 0.533910965043 0.335823125187 0.382432028682 0.697042127278 0.114430833582 0.126083059456 0.114430833582 0.778607708396 1.0 0.627128772035
0.0447904191617 0.00368263473054 0.0314071856287 0.0361077844311 0.0436526946108 0.0306886227545 0.0204790419162 0.0 0.0464166262003 0.059912695958 0.0413106342212 0.038719175777 0.0598412956248 0.0729455285722 0.0421777507032 0.0743911984074 0.0973952095808 0.160449101796 0.0927245508982 0.0658682634731 0.137095808383 0.238682634731 0.0857185628743 0.22 0.796826347305 0.856377245509 0.274880239521 0.458203592814 0.75245508982 0.246856287425 0.201317365269 1.0
0.0336294416244 0.0239847715736 0.0272842639594 0.0333756345178 0.0403553299492 0.0 0.0105329949239 0.0451776649746 0.116758552975 0.0648969917446 0.101499794494 0.0409353676674 0.0655158350754 0.081718080522 0.081054608161 0.122168518526 0.356598984772 0.163578680203 0.297208121827 0.0843908629442 0.163578680203 0.272461928934 0.208121827411 0.406091370558 0.36154822335 0.0645939086294 0.114086294416 0.351649746193 0.62385786802 1.0 0.58921319797 0.81192893401
0.0202092461772 0.0355897344183 0.0132343736028 0.0263793257623 0.0343378342126 0.0149333810248 0.0 0.0485558436913 0.0849354657169 0.0545082724697 0.0690155191196 0.0339912247211 0.0481245021121 0.0656925416244 0.0654245480692 0.0977074650825 0.243226325673 0.12116605562 0.190914781365 0.0618796387374 0.107216310471 0.208351962801 0.156040418492 0.28507556112 0.152552982205 0.494321738353 0.424573012608 0.135115800769 0.445497630332 0.358311723151 0.940713583117 1.0
0.0263561320755 0.0290094339623 0.0218160377358 0.0408018867925 0.0425117924528 0.0140330188679 0.0 0.0418632075472 0.0728365322261 0.0446555817042 0.0596737218626 0.0449735050564 0.0565020760602 0.0380233213773 0.0725336059709 0.0919173643441 0.199764150943 0.107783018868 0.151474056604 0.0916863207547 0.130778301887 0.0686910377358 0.202063679245 0.264150943396 0.0778891509434 0.181367924528 0.149174528302 0.641273584906 0.70795990566 0.452712264151 1.0 0.68266509434
0.0113116913303 0.000929728054544 0.0 0.0233981560394 0.02812427365 0.00503602696211 0.00402882156969 0.0372665995196 0.0707070461619 0.0293026825173 0.0553265662875 0.0382037542926 0.0355408775493 0.0229212819255 0.0630711310346 0.0968422893931 0.232509490974 0.0753854497559 0.169055551251 0.117688076238 0.105601611529 0.0542341365151 0.229487874797 0.323157976292 0.0361044394515 0.441001007205 0.477260401333 0.459130704269 0.643449291082 0.28085534981 0.320136360115 1.0
0.0138504155125 0.00350877192982 0.0 0.0291782086796 0.0385964912281 0.0153277931671 0.00203139427516 0.0354570637119 0.13271921891 0.0443487984629 0.0874394726533 0.0788849371925 0.0569650309002 0.0451297308828 0.132868479835 0.1310254739 0.438227146814 0.142936288089 0.279778393352 0.279778393352 0.186149584488 0.157340720222 0.503047091413 0.445429362881 0.0349030470914 0.395013850416 0.531855955679 0.632686980609 1.0 0.0925207756233 0.452631578947 0.87756232687
0.00214995968826 0.0116904058049 0.00228433216877 0.0 0.00779360386993 0.00564364418167 0.0330556302069 0.0349368449342 0.0774832437147 0.0470257924943 0.0422269490407 0.0517637776531 0.0370753314116 0.0335032454494 0.083193972955 0.0632534816575 0.255845202902 0.16675624832 0.13531308788 0.17199677506 0.124832034399 0.0986294006987 0.287288363343 0.203439935501 0.297769416823 0.0933888739586 0.292528890083 0.381617844665 0.0776672937382 0.16151572158 0.926632625638 1.0
0.00301261532668 0.00451892299002 0.0 0.00884955752212 0.0143099228017 0.0032009037846 0.0248540764451 0.0340802108831 0.0908111585869 0.0897836637114 0.030462113007 0.0563521745737 0.0466349013587 0.0533042996393 0.0614619992363 0.0495246364417 0.295048013557 0.361137262286 0.0967802673696 0.206929015251 0.170212765957 0.199585765393 0.21427226511 0.140839766522 0.228958764828 0.170212765957 0.346450762568 0.016004518923 0.228958764828 0.221615514969 0.64018075692 1.0
0.000687915615684 0.00229305205228 0.0 0.0265994038065 0.00206374684705 0.0233891309333 0.0194909424444 0.0119238706719 0.117569431987 0.248858093507 0.0304168541896 0.105668801019 0.0891936226471 0.116568908272 0.0509841315815 0.0233956811741 0.418711304747 1.0 0.10570969961 0.409768401743 0.347168080715 0.409768401743 0.195138729649 0.0788809905985 0.26668195368 0.204081632653 0.293510662692 0.758541618895 0.213024535657 0.63334097684 0.481311625774 0.186195826645
0.0 0.0295512586647 0.00705338684179 0.00121610117962 0.0025538124772 0.00766143743159 0.00291864283108 0.00863431837529 0.0603822768077 0.200089679395 0.0216445041464 0.0725723411509 0.0550511488031 0.0426851514046 0.0350201369985 0.0136487694465 0.203210507114 0.682232761766 0.0751550529004 0.250638453119 0.184239328712 0.136811382707 0.113097409704 0.0372126960963 0.16052535571 1.0 0.122582998906 0.113097409704 0.0609266690989 0.146296971908 0.0466982852973 0.184239328712
