0.0333695652174 0.0254347826087 0.0244565217391 0.0439130434783 0.0321739130435 0.0225 0.0 0.0261956521739 0.0455776688108 0.117341290811 0.0414090838875 0.0443630863121 0.0717158688323 0.0382920161662 0.0741164851301 0.0306751206444 0.101304347826 0.415 0.0970652173913 0.101304347826 0.245434782609 0.0928260869565 0.203043478261 0.0546739130435 0.351413043478 0.0419565217391 0.0461956521739 0.762608695652 0.304782608696 0.1225 1.0 0.0716304347826
0.0136350449666 0.0409051348999 0.0182767624021 0.0113141862489 0.0 0.0174064403829 0.0246591238758 0.0203075137801 0.0314333370951 0.215817155408 0.0478167058561 0.0574231176184 0.0939528624594 0.0325718622389 0.0310770234816 0.0258236967798 0.094865100087 0.762402088773 0.140121845083 0.174064403829 0.287206266319 0.094865100087 0.0835509138381 0.0609225413403 0.094865100087 1.0 0.117493472585 0.185378590078 0.626631853786 0.0835509138381 0.366405570061 0.196692776327
0.00779142942763 0.0320647287983 0.00869044051543 0.00689241833983 0.0 0.0137848366797 0.0173808810309 0.0113874737788 0.0232884486391 0.204485943508 0.0421867252533 0.0529264766276 0.0774012466027 0.0236660707621 0.0223361408889 0.0219609006952 0.0767156128259 0.707821396464 0.146838477675 0.170212765957 0.263709919089 0.0650284686844 0.0767156128259 0.0650284686844 0.053341324543 1.0 0.0884027569673 0.0182798921187 0.263709919089 0.287084207372 0.427329937069 0.19358705424
0.00288957688338 0.0274509803922 0.00288957688338 0.00206398348813 0.0 0.00763673890609 0.00247678018576 0.00660474716202 0.0138358044405 0.153614137885 0.0294532836547 0.0408892537673 0.0472633454908 0.0165481607012 0.0159048086912 0.0133456512281 0.0501547987616 0.541176470588 0.114551083591 0.146749226006 0.178947368421 0.0582043343653 0.0582043343653 0.0501547987616 0.0421052631579 1.0 0.0421052631579 0.00990712074303 0.0743034055728 0.227244582043 0.0260061919505 0.186996904025
0.00787025995707 0.0302885761984 0.00453136179347 0.00238492725972 0.0 0.0100166944908 0.0102551872168 0.0128786072025 0.0176396256267 0.15944705107 0.0326724842398 0.0499313348482 0.0538460715169 0.0146031615207 0.0162522328807 0.0144633443515 0.0698783687098 0.553541616981 0.116384450274 0.181492964465 0.181492964465 0.0512759360839 0.0605771523969 0.0512759360839 0.125685666587 1.0 0.0140710708323 0.0977820176485 0.190794180777 0.209396613403 0.218697829716 0.321011209158
0.0 0.0182109265559 0.0156093656194 0.0194116469882 0.0192115269161 0.0172103261957 0.0212127276366 0.041825095057 0.0540265331043 0.108229122612 0.045928751766 0.045677707828 0.0484887856742 0.0306811253402 0.0329733769035 0.0494601497386 0.141484890935 0.360016009606 0.133680208125 0.133680208125 0.141484890935 0.0790474284571 0.0790474284571 0.125875525315 0.664398639184 0.0790474284571 0.055633380028 0.125875525315 0.118070842506 0.0400240144086 0.196117670602 1.0
0.0 0.0186170212766 0.0339095744681 0.0308510638298 0.0313829787234 0.0332446808511 0.0275265957447 0.0356382978723 0.0814935813025 0.058824204176 0.0355665800667 0.0394402893197 0.0387695599384 0.0480954604685 0.0366779246809 0.0399457673598 0.216888297872 0.201329787234 0.0664893617021 0.0976063829787 0.0872340425532 0.11835106383 0.0716755319149 0.0820478723404 1.0 0.273936170213 0.372473404255 0.253191489362 0.273936170213 0.346542553191 0.123537234043 0.439893617021
0.0 0.0475121586233 0.0273101384212 0.0181444070333 0.0200149644594 0.0374111485223 0.0237560793116 0.0314253647587 0.0628922760995 0.141928608766 0.0470798779718 0.0633062748083 0.0612723604412 0.0496399880624 0.0362559138236 0.0329551604229 0.175645342312 0.430976430976 0.117283950617 0.153759820426 0.153759820426 0.117283950617 0.0953984287318 0.0662177328844 0.897867564534 1.0 0.212121212121 0.190235690236 0.117283950617 0.606060606061 0.0735129068462 0.372615039282
0.0 0.0309653916211 0.000728597449909 0.00473588342441 0.00728597449909 0.0244080145719 0.0134790528233 0.0193078324226 0.0388410839229 0.16527498641 0.0678798144847 0.0701293003676 0.0612081380681 0.0406112847947 0.0384007928664 0.0283254957956 0.147540983607 0.630601092896 0.232786885246 0.261202185792 0.232786885246 0.147540983607 0.147540983607 0.104918032787 0.218579234973 1.0 0.190163934426 0.0338797814208 0.0765027322404 0.744262295082 0.318032786885 0.545355191257
0.00987341772152 0.0379746835443 0.0 0.00835443037975 0.0124050632911 0.0301265822785 0.0194936708861 0.0273417721519 0.0374502646529 0.140804014878 0.0874836669629 0.0667276817793 0.0554033221402 0.0488811131595 0.030143085215 0.0383341567463 0.141012658228 0.506329113924 0.289113924051 0.22 0.180506329114 0.141012658228 0.0916455696203 0.111392405063 0.121265822785 1.0 0.506329113924 0.180506329114 0.0225316455696 0.693924050633 0.279240506329 0.585316455696
