0.0189737470167 0.0248210023866 0.0251491646778 0.0298627684964 0.0417362768496 0.026968973747 0.0 0.028192124105 0.0353793751995 0.0435382831359 0.0285950853578 0.0465131667366 0.0390994001048 0.0282070058831 0.0513910046195 0.0294769287547 0.0564140811456 0.0959725536993 0.0401252983294 0.115751789976 0.0657219570406 0.0377983293556 0.142511933174 0.0447792362768 0.260023866348 0.0319809069212 0.0308174224344 0.21464797136 0.677714797136 0.101789976134 1.0 0.149492840095
0.0 0.0163449163449 0.0310810810811 0.0250643500644 0.0252895752896 0.0335907335907 0.0320785070785 0.0336229086229 0.0599454622684 0.0467857995819 0.0341177478785 0.0437545941449 0.0445400747885 0.0366317080188 0.0584461277909 0.0385004840048 0.127895752896 0.0977799227799 0.0576254826255 0.102799227799 0.0940154440154 0.06138996139 0.140444015444 0.0664092664093 1.0 0.362548262548 0.262162162162 0.0275096525097 0.0362934362934 0.360038610039 0.301061776062 0.361293436293
0.0 0.0182301740812 0.0262572533849 0.0136847195358 0.0248549323017 0.0369922630561 0.0452127659574 0.0387814313346 0.0708650034275 0.0498093569464 0.0441149592084 0.0568186962385 0.0610040765051 0.0409593516242 0.0844222193577 0.0384316290446 0.209816247582 0.119294003868 0.106092843327 0.143810444874 0.162669245648 0.0740328820116 0.221131528046 0.0646034816248 1.0 0.289023210832 0.0740328820116 0.466295938104 0.0306576402321 0.492698259188 0.81329787234 0.56247582205
0.0173564753004 0.0 0.00442256341789 0.0177736982644 0.0122663551402 0.0213618157543 0.0360480640854 0.0168558077437 0.108948599208 0.0542425019937 0.0434768622037 0.043281590049 0.0614344308721 0.0289115940724 0.0907734605694 0.0321009901913 0.358895193591 0.160380507343 0.118074098798 0.131091455274 0.202686915888 0.0920393858478 0.277536715621 0.0855307076101 0.271028037383 0.427236315087 0.254756341789 0.287299732977 0.0725133511348 0.427236315087 1.0 0.25150200267
0.0330141297797 0.00127234982924 0.00281256278042 0.0116520458046 0.00703140695105 0.0100448670729 0.0225674680238 0.0 0.08634166523 0.0325454590826 0.0242099822176 0.0313259277291 0.0402038666108 0.0205912458477 0.0493023437391 0.0354319798961 0.273957007969 0.0989754235586 0.067635438291 0.0989754235586 0.138150405143 0.0650237728521 0.151208732338 0.106810419875 1.0 0.253063684457 0.192995379361 0.166878724972 0.0284604567066 0.104198754436 0.592580191522 0.302685327797
0.0157788267026 0.00269723533378 0.0 0.0055967633176 0.00323668240054 0.0111935266352 0.0314227916386 0.00168577208361 0.0559329060335 0.0126309960987 0.0200860521886 0.0120993280921 0.0435398015702 0.0185389847019 0.0745086396612 0.0303407306559 0.171611598112 0.0427511800405 0.0480107889413 0.0348617666891 0.150573162508 0.0559002022927 0.234726904922 0.0927174645988 0.389885367498 0.132164531355 0.237356709373 0.0190829399865 0.111126095752 0.211058664869 1.0 0.171611598112
0.0299711815562 0.00853025936599 0.00991354466859 0.00979827089337 0.00495677233429 0.0227089337176 0.0363112391931 0.0 0.0834163250716 0.0239825547076 0.0228437767161 0.0216634099417 0.0709164220811 0.0290089315997 0.0876684557715 0.0564440052119 0.276195965418 0.0693948126801 0.0648991354467 0.0604034582133 0.235734870317 0.0828818443804 0.276195965418 0.181786743516 0.752737752161 0.105360230548 0.0514121037464 0.0559077809798 0.244726224784 0.469510086455 1.0 0.438040345821
0.0176716290029 0.0 0.00631894612831 0.00738995394666 0.0109242797472 0.00856806254686 0.0313805290779 0.000321302345507 0.0713134305728 0.036169583871 0.0132048285655 0.0191494294664 0.0564507338127 0.0302916646003 0.0671092974346 0.0423082736856 0.248152511513 0.114490735782 0.0434829174253 0.0601906393917 0.181321623648 0.097783013816 0.206383206597 0.13537538824 0.465352897076 0.235621720039 0.0225982649673 0.0643675698833 0.202206276106 0.110313805291 1.0 0.223090928564
0.0288278487898 0.0 0.0231166711993 0.0167255915148 0.0262442208322 0.0184933369595 0.0440576556976 0.0110144139244 0.121476311505 0.0517202023012 0.0344292656226 0.040675136145 0.0770153702989 0.0493396376756 0.0821162334681 0.0586936192279 0.395431057928 0.135572477563 0.0825401142236 0.103753059559 0.209817786239 0.130269241229 0.231030731575 0.172695131901 0.406037530596 0.756051128637 0.183301604569 0.103753059559 0.30527604025 0.0348109872178 1.0 0.326488985586
0.0422583404619 0.0 0.0157399486741 0.00102651839179 0.0311377245509 0.0171086398631 0.0443113772455 0.0133447390932 0.174646177962 0.0428693381174 0.052774820709 0.065289057257 0.103197671649 0.0508260670286 0.0976092213758 0.0726939519086 0.586313088109 0.119247219846 0.139264328486 0.172626176219 0.306073567151 0.145936698033 0.266039349872 0.226005132592 0.919931565441 0.766467065868 0.152609067579 0.726432848589 0.48622754491 0.0992301112062 1.0 0.246022241232
