0.0227130977131 0.027182952183 0.0435031185031 0.0465696465696 0.0454261954262 0.0211018711019 0.0 0.0224532224532 0.0590957925558 0.0580132012428 0.104010968971 0.0504896168382 0.0552765273342 0.0457956073575 0.0793972989655 0.0439637015386 0.142567567568 0.15472972973 0.282432432432 0.097972972973 0.108108108108 0.0939189189189 0.247972972973 0.0939189189189 0.114189189189 0.110135135135 0.746621621622 0.866216216216 0.821621621622 0.177027027027 1.0 0.124324324324
0.00925617078052 0.0256837891928 0.0430286857905 0.0336057371581 0.0360240160107 0.00967311541027 0.0 0.00983989326217 0.0728369234045 0.0709054929961 0.121367804295 0.043742828808 0.0421344647215 0.0407217779309 0.128803025103 0.0327366339372 0.206470980654 0.229236157438 0.37233155437 0.115410273516 0.0958972648432 0.0958972648432 0.447131420947 0.0763842561708 0.352818545697 0.323549032688 1.0 0.632505003336 0.726817878586 0.336557705137 0.713809206137 0.330053368913
0.0 0.00962705282744 0.0377801148774 0.0254833751315 0.0256451743386 0.00922255480948 0.0258069735458 0.0149664266645 0.0568542188683 0.0660535341587 0.104467817336 0.0352682105201 0.0223296167253 0.0248025566599 0.116972623803 0.0200596583749 0.163902596877 0.195453442278 0.343742415662 0.110266159696 0.0503195534342 0.0597848070544 0.368983091983 0.0471644688941 0.498341558126 0.122886497856 1.0 0.520427149907 0.526737318987 0.138661920557 0.533047488067 0.110266159696
0.00216709438266 0.0 0.0155118334759 0.00923866552609 0.00484744796122 0.00245223838038 0.0291417165669 0.0108354719133 0.0235654366068 0.0317558043985 0.0562624845775 0.0159387262811 0.0161217703714 0.00950678612406 0.082043136742 0.0157614827245 0.0747647562019 0.105902480753 0.181522668948 0.0525235243798 0.0614200171086 0.0236099230111 0.281608212147 0.0525235243798 0.0591958939264 0.14371257485 0.468434559453 0.22378100941 0.0525235243798 0.0480752780154 1.0 0.286056458512
0.0 0.00113765642776 0.0303916788558 0.0117016089712 0.0110515195839 0.00260035754916 0.0195026816187 0.00975134080936 0.0510634805765 0.0548607385971 0.10170107799 0.0371436218582 0.0203673837085 0.0185294821905 0.0794750209356 0.0154683378754 0.176011701609 0.182350073135 0.315455875183 0.137981472452 0.0745977571916 0.0619210141394 0.296440760605 0.0492442710873 0.195026816187 0.150658215505 1.0 0.2710872745 0.245733788396 0.0936128717699 0.575329107752 0.195026816187
0.00653765690377 0.0 0.0355648535565 0.0279811715481 0.0360878661088 0.0115062761506 0.0211820083682 0.0177824267782 0.0952251140609 0.0854869459047 0.147450783328 0.0625791837788 0.0448119866956 0.0310386240581 0.0597958330784 0.0246087008864 0.306485355649 0.245292887029 0.469665271967 0.16370292887 0.133106694561 0.102510460251 0.245292887029 0.0821129707113 0.17390167364 0.428870292887 0.97960251046 0.683838912134 1.0 0.0413179916318 0.418671548117 0.286087866109
0.0391586484672 0.0102931304542 0.0 0.0272991720743 0.0284179906019 0.0223763705527 0.00738420228239 0.0181248601477 0.0524373868622 0.0575170250331 0.0807947857933 0.043769051725 0.0502774421689 0.0274917198968 0.0293987458122 0.0257095825961 0.197135824569 0.205862609085 0.345491161334 0.127321548445 0.144775117476 0.0749608413515 0.0749608413515 0.0836876258671 1.0 0.153501901991 0.554933989707 0.537480420676 0.581114343254 0.345491161334 0.266950100694 0.179682255538
0.0113790300732 0.0186941208345 0.0330533730696 0.0417231102682 0.0425358981306 0.0232999187212 0.0 0.0176104036846 0.084754608163 0.0330627126833 0.159501211705 0.0602199723418 0.0572792667816 0.0444946453824 0.0707091057263 0.0511351203024 0.239230560824 0.0807369276619 0.535085342726 0.18639934977 0.165266865348 0.133568138716 0.18639934977 0.165266865348 0.249796803034 0.0701706854511 0.630181522623 0.968301273368 1.0 0.249796803034 0.693578975887 0.027905716608
0.0163163310304 0.0173452888432 0.039247390857 0.0241070116125 0.0277818609437 0.0 0.00514478906365 0.0171982948699 0.0447602787843 0.0254092086784 0.0894812847234 0.0292404892627 0.0332951130125 0.0413747637928 0.0398261779948 0.0283503244212 0.128619726591 0.0655593120682 0.271938850507 0.0712920770248 0.0770248419815 0.117154196678 0.105688666765 0.0884903718948 0.105688666765 0.145818021461 1.0 0.409525209466 0.552844333382 0.558577098339 0.357930324857 0.140085256504
0.0222612770943 0.00234329232572 0.0120093731693 0.0199179847686 0.0316344463972 0.000878734622144 0.0 0.0111306385472 0.0482408083109 0.0248654163386 0.13179346416 0.026875539486 0.0597611565647 0.0601581846233 0.0659782797309 0.0222639397065 0.188927943761 0.097539543058 0.508787346221 0.0861159929701 0.177504393673 0.223198594025 0.234622144112 0.0746924428822 0.634446397188 0.154657293497 0.234622144112 0.543057996485 1.0 0.211775043937 0.2460456942 0.200351493849
