1534185470.5763452 626 547 585 668 575 665 -6516 -2456 4166 148 830 665 25 116 -34
1534185470.6388304 626 547 585 668 575 666 -6434 -2316 4300 -114 254 455 23 118 -37
1534185470.7212524 627 547 585 668 574 665 -5976 -1936 4140 919 -204 -570 24 119 -36
1534185470.7795036 627 547 585 668 575 666 -6376 -2496 4378 59 951 466 25 118 -37
1534185470.8576097 627 547 585 668 575 665 -6572 -2396 4380 130 -86 -191 25 118 -35
1534185470.9200969 626 547 585 668 575 665 -6386 -2576 4222 324 1594 1416 23 117 -38
1534185471.0023615 627 547 585 668 574 666 -6798 -2298 4206 -525 1528 575 25 119 -38
1534185471.062001 627 547 585 668 575 666 -6804 -2366 4322 136 -970 -1174 23 118 -38
1534185471.139922 626 547 585 668 575 666 -6468 -2370 3916 972 1551 1715 23 120 -39
1534185471.215908 626 547 585 668 575 665 -6556 -2304 4032 33 -737 -720 23 118 -39
1534185471.3094544 626 547 585 668 575 665 -6616 -2406 4234 220 886 795 22 119 -38
1534185471.3719378 626 547 585 668 574 666 -6860 -2222 4030 377 1728 907 21 117 -38
1534185471.486634 626 547 585 668 574 665 -6604 -2266 4178 -117 -1227 -1297 22 120 -39
1534185471.5614314 626 547 584 667 574 665 -6554 -2184 4252 586 441 54 21 118 -41
1534185471.6162872 626 547 584 668 575 666 -6598 -2404 4096 364 -838 -516 20 117 -40
1534185471.663158 626 547 585 668 575 666 -6336 -2518 4394 280 -525 -70 21 116 -40
1534185471.724993 627 547 585 668 574 666 -6594 -2372 4300 -191 -1603 -1577 22 117 -37
1534185471.786827 626 547 584 668 574 665 -6074 -2400 4484 544 -2690 -2225 24 117 -36
1534185471.8586357 626 547 585 668 574 665 -6164 -2718 4454 218 -990 -1241 26 116 -36
1534185471.9324396 626 547 585 668 574 666 -6064 -2688 4806 282 -2632 -1700 26 117 -32
1534185472.0082355 627 547 584 667 574 665 -5848 -2606 4464 262 144 146 27 117 -30
1534185472.0950036 626 547 585 668 574 665 -5966 -2790 4690 272 -1051 -788 29 116 -32
1534185472.156839 626 547 585 668 574 665 -5728 -2720 4656 97 1084 1114 29 114 -31
1534185472.2156832 627 547 585 668 574 665 -6008 -2806 4702 118 -879 -1034 27 117 -30
1534185472.280506 626 547 585 668 574 666 -5764 -2706 4864 325 196 117 28 117 -31
1534185472.3430014 626 547 585 668 574 665 -5948 -2852 4618 294 437 202 29 117 -29
1534185472.423993 627 547 585 668 574 665 -5972 -2776 4792 127 215 303 29 116 -29
1534185472.4792416 626 547 584 668 574 665 -5934 -2780 4756 316 422 281 28 116 -31
1534185472.5573463 626 547 585 668 574 665 -6014 -2906 4620 37 744 383 29 114 -31
1534185472.63219 626 546 585 668 574 665 -6046 -2692 4664 264 -478 -106 30 116 -31
1534185472.6946752 626 547 585 668 574 665 -5936 -2854 4798 256 434 222 29 116 -30
1534185472.7573273 626 547 584 668 574 665 -6086 -2770 4718 282 108 78 28 117 -31
1534185472.838456 626 547 584 668 574 666 -5956 -2908 4796 109 56 -208 30 117 -30
1534185472.906358 627 547 585 668 574 666 -5964 -2704 4736 129 308 79 27 117 -28
1534185472.9751732 626 547 584 668 574 665 -6054 -2676 4600 210 938 485 28 117 -29
1534185473.028194 626 547 585 668 574 665 -5938 -2776 4596 202 208 3 27 116 -30
1534185473.110749 626 547 585 668 574 665 -6056 -2754 4704 298 40 163 28 116 -32
1534185473.1799555 626 547 585 668 574 666 -6012 -2800 4672 99 1245 634 29 117 -31
1534185473.2474294 626 547 584 667 574 666 -6206 -2690 4554 228 30 72 27 117 -32
1534185473.3152492 626 547 585 668 574 665 -6002 -2680 4630 409 57 115 28 116 -33
1534185473.384103 626 547 584 668 574 666 -6080 -2664 4538 259 775 351 28 116 -32
1534185473.447478 627 547 584 668 574 666 -6238 -2790 4528 198 540 159 28 116 -33
1534185473.5099723 626 547 584 668 574 666 -6226 -2748 4596 284 286 125 24 117 -32
1534185473.5912874 626 547 585 668 574 665 -6228 -2602 4436 425 636 353 27 117 -34
1534185473.6484747 626 546 584 667 574 665 -6170 -2682 4544 209 864 533 27 119 -34
1534185473.7265856 626 547 584 668 574 666 -6178 -2602 4490 136 1105 696 27 117 -34
1534185473.7890682 626 547 584 667 574 665 -6364 -2540 4428 219 1487 1122 25 116 -36
1534185473.8752944 626 546 585 668 574 665 -6644 -2988 4896 -4033 784 -2443 26 117 -34
1534185473.9470382 626 546 585 667 574 665 -6258 -2128 4496 -4033 1939 1289 26 116 -36
1534185474.0095222 625 546 585 667 574 665 -6634 -3736 4542 -8096 7702 3592 27 115 -36
1534185474.1028836 625 546 585 667 573 665 -7312 -2560 3772 388 2622 3649 24 116 -40
1534185474.1630228 625 545 584 667 572 664 -7006 -2752 3410 -5748 6267 -1468 21 117 -44
1534185474.2411292 623 542 582 665 570 662 -6800 -3436 2172 -1311 7573 3929 22 117 -46
1534185474.3036163 622 541 582 665 568 660 -7160 -1816 3210 -6622 3642 -8100 20 115 -54
1534185474.381608 622 540 582 664 567 659 -7224 -4976 1830 10156 -2741 10884 19 116 -56
1534185474.4627059 622 540 582 665 567 661 -6972 -1344 5064 28217 -22795 4251 20 114 -55
1534185474.5408127 623 541 582 665 568 664 -4392 -1562 2718 -13078 13315 3934 14 119 -44
1534185474.6174457 625 542 582 666 569 665 -8796 -2406 948 -12400 6845 -14420 14 120 -44
1534185474.6932626 625 542 582 666 569 665 -4464 -2198 2600 15126 -31927 -15229 13 122 -57
1534185474.7557476 624 542 583 666 569 665 -5856 -2242 4724 2716 -4069 -3916 29 121 -41
1534185474.8492136 624 543 583 666 569 666 -5388 -3400 4998 -3099 2628 1140 29 117 -34
1534185474.9145503 624 542 583 665 569 665 -6640 -3132 4330 -404 1184 1712 33 118 -34
1534185474.978212 624 543 583 665 570 666 -5682 -3212 4578 416 81 1008 30 119 -32
1534185475.0406578 624 543 583 666 569 665 -6402 -3096 4506 -831 615 372 30 120 -33
1534185475.123672 624 543 583 666 570 666 -5890 -3078 4596 449 400 1376 29 120 -34
1534185475.1786172 624 543 583 665 570 666 -6188 -2810 4354 50 56 -458 28 119 -33
1534185475.2568636 625 543 583 665 570 666 -6088 -2966 4458 -280 731 769 26 121 -36
1534185475.3339021 624 543 583 665 570 666 -6236 -3020 4396 -292 706 1278 27 118 -33
1534185475.4036202 624 543 584 665 570 666 -6102 -2950 4334 -188 893 966 26 122 -36
1534185475.4622643 625 543 584 666 570 667 -6192 -3128 4462 453 637 -73 25 120 -35
1534185475.5403707 625 543 584 666 570 666 -5192 -2530 3322 5260 -1993 4038 26 121 -37
1534185475.618045 624 543 584 666 570 665 -6628 -3060 4744 2332 -127 1366 23 119 -37
1534185475.6785479 624 543 584 666 570 664 -6850 -2948 5004 2059 2414 4283 24 118 -36
1534185475.7566538 623 543 584 666 571 665 -7060 -2374 4198 126 4161 2074 20 120 -37
1534185475.8339174 624 543 584 665 571 662 -6498 -2380 3634 3481 1754 4204 18 121 -38
1534185475.907512 623 544 583 665 572 662 -7250 -1560 3466 5255 -1103 3446 16 119 -39
1534185475.9781122 623 544 584 665 573 662 -6366 -2044 5648 -6576 6504 -3581 11 118 -43
1534185476.040599 623 544 584 665 572 662 -7868 -2206 2736 4144 -6591 3053 14 119 -40
1534185476.126788 623 543 583 666 570 662 -6168 -330 7502 5734 301 -2281 15 119 -42
1534185476.193663 623 543 583 665 570 663 -7604 -1462 1694 225 6333 322 10 121 -38
1534185476.271771 624 543 583 666 570 664 -6674 -2788 5366 -243 -7466 -2764 17 122 -40
1534185476.3438423 624 543 583 666 570 664 -6114 -1174 4890 -112 2579 1264 18 120 -36
1534185476.4142835 623 543 583 666 570 664 -6540 -2212 4336 96 -258 -2007 19 121 -34
1534185476.4791472 624 543 584 666 570 664 -6448 -2022 4696 -2232 2140 135 18 121 -36
1534185476.5573828 624 543 583 666 570 665 -6692 -2028 3848 631 25 -1153 21 121 -37
1534185476.6271987 624 543 584 666 570 665 -6230 -2228 4622 -143 446 515 22 120 -40
1534185476.6937926 624 543 584 666 570 665 -6476 -2276 4278 144 410 -1326 22 122 -37
1534185476.7562764 624 543 584 666 570 664 -6584 -2188 4396 -1366 294 813 23 122 -39
1534185476.8398585 625 543 584 667 570 665 -6356 -2464 4090 743 343 -396 22 120 -39
1534185476.9124837 624 543 584 666 570 665 -6588 -2382 4416 -538 -351 -740 20 121 -41
1534185476.9781528 624 543 584 666 570 665 -6336 -2412 4312 778 -124 173 21 120 -38
1534185477.0408373 625 543 584 666 570 665 -6488 -2352 4184 -524 588 -58 22 121 -39
1534185477.1210225 624 543 584 666 570 665 -6476 -2440 4252 433 75 135 22 121 -38
1534185477.1789546 624 544 584 666 570 666 -6622 -2474 4324 -321 1171 246 21 122 -36
1534185477.257086 624 543 584 666 570 665 -6512 -2186 4094 144 1285 1127 22 121 -39
1534185477.3355455 624 543 584 666 570 665 -6852 -2608 3836 -537 -739 1720 20 121 -40
1534185477.4070463 623 543 584 666 570 665 -5720 -2010 5092 2385 2720 3105 22 119 -40
1534185477.4790003 623 543 584 666 571 664 -6984 -2044 4534 -7828 3691 -13 20 119 -39
1534185477.5414867 623 543 584 666 571 664 -7176 -2734 3620 8800 -4792 4455 19 119 -41
1534185477.626721 623 544 585 666 571 664 -6974 -914 4860 -534 4577 -1093 17 119 -42
1534185477.69472 624 544 584 666 571 662 -6988 -1772 3392 478 -183 2025 14 120 -42
1534185477.7572045 623 543 584 665 571 662 -7498 -1432 3432 1804 1719 1939 13 119 -43
1534185477.8455071 623 543 583 665 570 663 -6620 -1944 5690 -1008 -15333 -4424 10 121 -47
1534185477.91931 624 543 583 665 570 665 -4794 -932 1496 -3666 21407 3511 14 122 -38
1534185477.9796624 625 543 583 666 570 665 -7234 -2730 1382 9964 -8040 -4386 16 123 -46
1534185478.0579224 624 543 583 666 570 665 -6982 -2422 5354 -1403 -1729 354 17 120 -52
1534185478.1378133 624 543 583 666 570 664 -6850 -3018 3608 1054 -363 267 22 121 -44
1534185478.1940713 624 543 583 666 570 665 -6748 -2140 4248 -1020 475 130 23 122 -43
1534185478.2812114 624 543 583 666 570 665 -6744 -2694 3422 -895 2625 2252 22 121 -46
1534185478.3467934 624 543 583 666 570 665 -6690 -2498 3510 496 19 642 20 123 -46
1534185478.4293602 624 543 583 666 570 666 -6924 -2270 3702 -171 -70 -1131 19 122 -46
1534185478.4798956 624 543 584 666 570 665 -6924 -2352 3586 368 630 516 22 122 -49
1534185478.558002 624 543 584 666 570 666 -6852 -2406 3588 211 55 247 21 122 -45
1534185478.6292405 624 543 584 666 570 665 -6826 -2480 3404 -66 1035 249 19 121 -48
1534185478.7000523 625 543 584 665 570 665 -6958 -2334 3516 530 -210 -426 19 121 -47
1534185478.7624166 624 543 584 666 570 665 -6984 -2336 3394 258 766 363 19 121 -48
1534185478.824903 624 544 584 666 570 666 -6882 -2488 3700 339 321 321 22 121 -48
1534185478.9115503 624 543 584 666 570 665 -7670 -2564 5252 2267 -1298 2124 19 120 -49
1534185478.9827225 624 543 584 666 570 665 -7216 -1364 4216 -994 1029 -54 19 122 -43
1534185479.0462093 623 543 584 666 570 664 -7544 -2660 3630 -4567 6749 3907 15 122 -47
1534185479.1310148 623 544 584 666 571 663 -6622 -2000 3024 1525 -1013 740 16 121 -50
1534185479.1935148 623 544 584 666 571 662 -7340 -1550 3222 3809 -559 1206 16 120 -51
1534185479.2717917 623 544 584 665 571 663 -7104 -2098 3596 -2051 5172 578 11 121 -49
1534185479.3456438 622 543 584 665 570 662 -7426 -1028 2624 2413 -2945 704 13 120 -51
1534185479.4205189 623 543 584 665 569 662 -7076 -2098 5458 -1874 -1378 -4440 10 121 -51
1534185479.482589 623 543 583 666 569 663 -4322 -380 -330 1179 14713 10223 11 121 -48
1534185479.560697 623 543 584 666 570 663 -6156 -4514 3448 -4459 -8825 -7326 13 122 -55
1534185479.6404347 624 543 584 666 570 664 -7278 -1910 2794 -780 3218 977 16 121 -51
1534185479.710079 624 543 584 666 570 664 -7206 -2382 3178 769 -976 -75 17 120 -53
1534185479.7725558 623 543 584 666 570 664 -7246 -2220 2990 641 2808 1882 17 122 -53
1534185479.8585703 624 543 584 666 570 664 -7222 -2062 2650 -32 -894 -875 15 122 -54
1534185479.925196 624 543 584 666 570 664 -7204 -2052 3168 -351 1628 799 18 122 -56
1534185479.993392 623 543 584 666 570 664 -7418 -2124 2830 440 -272 -375 15 123 -53
1534185480.0653872 623 543 584 666 570 664 -7366 -2186 2854 372 1069 481 13 121 -56
1534185480.1314332 624 543 584 666 570 665 -7402 -1996 2800 344 282 197 15 120 -56
1534185480.1939335 623 543 584 666 570 664 -7296 -2202 2988 88 598 272 14 121 -57
1534185480.272185 624 543 584 666 570 665 -7420 -1908 2698 213 305 262 12 122 -55
1534185480.3378294 624 543 584 666 570 665 -7336 -2140 2950 335 492 96 14 122 -58
1534185480.4111884 624 543 584 666 570 665 -7390 -2074 2692 205 -69 -153 13 121 -57
1534185480.4775836 623 543 584 666 570 664 -7330 -2060 2756 505 1357 784 14 122 -57
1534185480.555691 624 543 584 666 570 665 -7384 -2046 2716 -24 -154 -245 11 119 -57
1534185480.6233368 623 543 584 666 570 664 -7356 -2114 3020 867 -140 1231 15 121 -58
1534185480.693493 624 544 584 666 570 665 -7410 -2016 2854 502 -1005 -133 13 119 -56
1534185480.755828 623 543 584 666 570 664 -7302 -1588 3018 3837 -3071 2 13 122 -58
1534185480.833934 624 543 584 666 570 664 -7446 -1830 2988 83 -139 282 14 120 -56
1534185480.907321 623 543 584 666 570 665 -8166 -1828 3422 -1655 1305 792 13 122 -53
1534185480.9780345 624 544 584 667 571 665 -7362 -1788 2892 252 1820 147 12 120 -54
1534185481.0405195 623 544 585 666 572 664 -7272 -1132 3602 -4892 3679 -105 13 121 -54
1534185481.1226172 623 544 585 666 573 663 -7820 -1786 3174 2525 -25 1564 12 120 -54
1534185481.1952899 624 545 585 666 573 662 -7436 -1952 3332 1797 4257 2433 11 120 -52
1534185481.273398 624 544 586 666 572 662 -7782 -1048 2930 1015 -3146 739 8 121 -56
1534185481.337387 623 544 584 666 571 663 -7396 -1568 4210 -3446 -7882 -6059 9 119 -55
1534185481.411492 624 544 584 666 570 663 -4966 -1126 280 4979 7614 3807 10 121 -49
1534185481.4781747 623 544 584 666 570 663 -7832 -3882 5572 3523 -14522 -3157 12 122 -51
1534185481.55628 624 544 584 666 570 663 -6464 -1704 4856 -1006 5003 -116 17 121 -43
1534185481.6299784 624 544 584 666 570 663 -7218 -2174 2878 84 848 1050 14 125 -40
1534185481.6953862 623 544 584 666 570 664 -6572 -2104 4498 432 1137 517 15 122 -40
1534185481.7577996 624 544 584 666 570 664 -7148 -1946 3286 244 3379 808 17 123 -43
1534185481.8374043 624 544 584 666 570 664 -7374 -2362 3290 80 -837 -970 16 124 -45
1534185481.9134514 624 544 584 666 570 664 -6406 -2228 4310 554 -1643 -1936 16 121 -47
1534185481.9932504 624 543 584 666 570 664 -7072 -2100 3526 355 552 -543 18 122 -43
1534185482.0401142 624 544 584 666 570 664 -6890 -2488 3834 -442 394 -68 20 123 -46
1534185482.1234748 624 544 584 666 570 665 -7014 -2218 3450 -87 1398 100 19 123 -43
1534185482.179077 624 544 584 666 570 664 -6846 -2292 3614 242 1860 840 18 120 -47
1534185482.2571845 624 544 584 666 570 664 -7110 -2206 3098 195 727 -123 19 123 -48
1534185482.319668 624 544 584 666 570 664 -6962 -2378 3484 301 198 432 17 122 -47
1534185482.4032996 624 544 584 666 570 665 -7072 -2148 3336 625 1210 259 19 122 -48
1534185482.4638894 624 544 584 666 570 664 -7414 -2182 3976 760 -604 1526 19 123 -51
1534185482.5419946 624 544 584 666 571 664 -7016 -2084 3312 231 -513 -1567 18 122 -48
1534185482.6182117 624 544 584 666 571 664 -6994 -2476 3382 782 -1402 537 19 122 -50
1534185482.677595 623 544 585 666 571 664 -6918 -2366 3100 83 3112 379 18 122 -46
1534185482.7557056 624 544 585 667 571 665 -6780 -2342 3736 278 2531 875 21 121 -47
1534185482.8181882 623 544 585 666 571 665 -7118 -2600 3234 -3620 3908 -137 19 120 -50
1534185482.9046881 623 544 585 666 571 663 -7132 -3520 3148 -3222 -901 -2619 19 120 -52
1534185482.9790099 623 545 585 666 572 663 -7064 -2542 3338 8245 -1817 5539 22 118 -56
1534185483.0416439 624 545 585 666 572 663 -7362 -1506 2880 -1470 -3775 -1455 17 119 -52
1534185483.129625 624 545 585 666 571 662 -7548 -2494 3094 -4573 -2996 -1270 15 122 -48
1534185483.1937714 624 544 584 665 570 663 -6874 -3036 4800 3181 5317 5476 18 119 -46
1534185483.271878 624 544 584 666 570 664 -7888 -1966 3054 1473 -8953 -3711 16 123 -46
1534185483.3498392 623 544 584 666 570 665 -6492 -1342 4842 2588 3809 -1562 13 121 -44
1534185483.4286203 624 544 584 666 570 665 -7220 -2296 2834 -837 3438 271 14 125 -42
1534185483.4789958 624 544 584 666 570 665 -6978 -2616 3844 -335 1610 -922 17 121 -46
1534185483.5571017 624 544 584 666 570 664 -7090 -1962 3292 -232 2784 334 20 120 -45
1534185483.635946 624 544 584 666 570 665 -7184 -2206 3640 -770 2053 796 20 123 -50
1534185483.6957154 624 544 584 666 570 665 -7348 -2256 2402 -2920 2406 -950 17 121 -51
1534185483.7738235 624 544 585 666 570 665 -7592 -2100 3330 -2154 3877 1979 17 123 -52
1534185483.8555856 625 544 584 667 570 665 -7532 -2410 2402 -555 4748 -2633 15 120 -57
1534185483.9296255 625 544 584 667 570 664 -7512 -2348 1728 1258 -1515 -1989 18 119 -57
1534185483.994538 625 544 584 666 570 664 -7044 -2984 2802 132 -682 -2305 20 120 -60
1534185484.072617 625 544 584 667 570 664 -6972 -2402 2142 -181 334 -56 21 120 -59
1534185484.1475992 625 544 584 667 570 664 -7106 -2836 2816 38 -454 -397 21 119 -60
1534185484.2101092 625 544 584 666 570 664 -6958 -2584 2628 1138 -588 -441 22 120 -58
1534185484.2725706 624 544 584 667 570 664 -7254 -2920 2780 -344 1018 754 24 119 -56
1534185484.3582172 625 544 584 667 570 665 -7282 -2720 2644 -588 -865 -528 22 121 -56
1534185484.426998 624 544 584 667 570 664 -7160 -2826 2902 271 654 302 20 120 -57
1534185484.4950492 624 544 584 667 570 665 -7178 -2578 2302 -178 2437 1534 23 119 -57
1534185484.557369 624 544 584 666 570 664 -8228 -2476 1228 5908 -2479 550 23 118 -60
1534185484.6436362 624 544 584 666 570 663 -7668 -3664 3116 -709 482 -390 21 120 -58
1534185484.710525 623 544 584 666 570 664 -7496 -1866 2494 -3467 3063 -1767 20 118 -57
1534185484.788537 623 544 584 665 570 663 -7426 -3304 2888 -1641 -1622 -1334 18 117 -59
1534185484.8693895 622 543 584 665 569 662 -6904 -2932 3266 2238 2066 1831 19 115 -59
1534185484.9310615 622 543 584 665 568 662 -7462 -2794 2306 -3140 2194 -42 20 118 -56
1534185484.9935467 622 543 584 665 568 662 -7610 -3258 1260 5167 -62 2830 20 118 -60
1534185485.0716534 622 543 583 665 568 662 -7624 -2432 3404 1456 -17834 -3186 23 116 -59
1534185485.14732 622 543 583 665 568 663 -3282 -3266 2306 10601 19408 14298 20 119 -52
1534185485.225434 623 543 583 665 569 662 -8118 -3092 1778 -7766 -10961 -7011 22 120 -50
1534185485.3035343 623 543 583 666 569 664 -6646 -1836 4726 793 -393 -94 19 120 -56
1534185485.378702 624 544 583 666 569 664 -7078 -2922 3146 -112 3214 1503 24 120 -45
1534185485.448061 624 544 584 665 569 663 -7074 -2492 2772 -557 993 619 22 122 -51
1534185485.5105488 624 544 583 666 570 664 -7190 -2546 2840 -359 2224 648 20 121 -51
1534185485.5963113 624 544 583 666 570 664 -7108 -2488 2860 323 -194 -27 20 121 -53
1534185485.6449113 624 544 584 666 570 664 -7100 -2706 2798 -113 978 178 18 121 -57
1534185485.723018 624 544 584 666 570 663 -7320 -2606 2602 386 712 634 21 119 -55
1534185485.801306 624 544 584 666 569 663 -7178 -2538 2740 -411 1887 -219 20 120 -56
1534185485.872341 624 544 584 666 570 664 -7354 -2304 2230 -243 1237 694 19 120 -59
1534185485.942238 624 544 584 666 570 664 -7360 -2504 2590 287 183 623 17 120 -60
1534185486.0106523 624 544 583 666 570 664 -7384 -2646 2490 129 143 38 19 121 -58
1534185486.0732565 624 544 584 666 569 663 -7380 -2396 2194 -1 221 736 16 118 -60
1534185486.1480575 624 544 584 666 570 664 -7242 -2424 2944 119 1056 508 15 120 -60
1534185486.2105415 624 544 584 666 570 664 -7460 -2578 1978 -10 621 510 17 118 -59
1534185486.2886484 624 544 584 666 570 664 -7242 -2394 2750 71 463 -2 15 122 -61
1534185486.353303 624 544 584 666 570 664 -7482 -2098 1970 96 1414 712 15 120 -59
1534185486.4273014 624 544 584 666 570 665 -7580 -2808 2456 2745 -3611 1667 15 118 -61
1534185486.493722 623 544 584 666 570 664 -7460 -2152 2662 1111 795 -1792 16 120 -59
1534185486.5718303 623 544 584 666 570 663 -7838 -2694 1920 3088 2899 4221 16 120 -59
1534185486.6459424 623 544 584 665 571 664 -7642 -1400 2366 -6171 4761 -1819 14 117 -60
1534185486.7104774 622 544 584 665 571 661 -7486 -2938 1306 1316 1052 -1189 11 115 -64
1534185486.7887826 623 545 584 665 571 662 -7934 -1888 1566 -1211 -2853 -76 13 116 -66
1534185486.8635988 623 545 585 665 571 662 -7194 -3762 2542 803 -4942 -33 13 115 -62
1534185486.9374793 622 545 585 666 571 661 -7782 -1974 2524 9216 -3257 5773 15 119 -57
1534185487.010034 623 544 584 665 569 663 -7548 -1852 5648 -1381 -514 -2983 14 119 -57
1534185487.0725207 624 544 584 665 569 663 -8738 -1902 -698 -3740 8180 -1837 11 121 -50
1534185487.1475883 624 544 584 666 570 664 -7040 -2370 3448 3043 -7872 -1657 11 117 -63
1534185487.225696 624 544 584 666 570 664 -7166 -3102 3528 -487 1728 -661 17 120 -56
1534185487.2881818 624 544 584 666 570 663 -7246 -2280 2588 -40 649 661 18 119 -54
1534185487.3728998 624 544 584 666 570 664 -7258 -2868 2992 -705 1691 408 19 120 -55
1534185487.4308317 624 544 584 666 570 664 -7400 -2452 2150 1 814 558 18 122 -55
1534185487.4933197 624 544 584 666 570 663 -7262 -2474 2580 40 945 638 15 120 -59
1534185487.5714269 624 544 583 666 570 664 -7594 -2572 2364 49 1398 256 17 120 -57
1534185487.6473663 624 544 583 666 570 663 -7498 -2392 2430 -22 1065 703 16 119 -56
1534185487.7098522 624 544 584 666 570 663 -7394 -2412 2260 -47 706 284 15 118 -58
1534185487.7723367 624 544 584 666 570 663 -7548 -2352 2352 31 902 366 14 120 -61
1534185487.8502865 624 544 584 666 570 664 -7508 -2504 2310 81 75 40 15 120 -60
1534185487.918549 624 544 584 666 570 663 -7430 -2262 2032 50 963 696 14 119 -61
1534185487.9777827 624 544 584 666 570 664 -7568 -2322 2326 222 466 312 14 119 -64
1534185488.0561316 624 544 584 666 570 664 -7458 -2280 2072 87 614 444 14 119 -63
1534185488.1265662 624 544 584 666 570 663 -7582 -2314 2056 -47 1268 956 13 120 -64
1534185488.1950538 624 544 584 666 570 663 -7532 -2086 2142 600 951 393 11 118 -64
1534185488.2573926 623 544 584 666 569 663 -6892 -3018 -244 4652 -525 4039 12 117 -63
1534185488.3368192 623 544 584 665 570 663 -7178 -1064 3410 -3752 1 -3535 12 118 -63
1534185488.4297493 622 544 584 666 570 663 -7732 -2778 738 -3605 -1067 -3545 11 118 -61
1534185488.479018 622 544 584 665 570 663 -7622 -2070 2400 -1868 -2987 -2356 12 117 -63
1534185488.5571246 623 544 584 665 570 663 -7736 -2526 2030 1907 597 1799 13 118 -61
1534185488.630526 622 544 584 665 569 662 -7460 -2466 2324 -180 795 -1030 14 117 -60
1534185488.6930137 623 544 584 665 569 662 -7616 -2292 1838 830 -529 746 14 116 -59
1534185488.7711165 623 544 584 665 568 663 -7298 -2972 3418 3074 -9833 -323 13 116 -58
1534185488.8495991 622 544 584 665 568 663 -6968 -3156 3268 -2200 6592 -1782 14 118 -55
1534185488.9243999 624 544 583 666 569 663 -7398 -3110 120 -2592 -1828 -1751 18 119 -57
1534185488.9933393 624 544 583 666 569 663 -7364 -2578 3696 1221 -4168 -2753 11 117 -68
1534185489.0558248 624 544 583 666 570 663 -7648 -2124 1822 -130 3012 332 14 119 -61
1534185489.1471465 625 544 584 666 569 664 -7522 -2766 2380 232 566 739 14 119 -61
1534185489.209632 625 544 584 666 570 663 -7640 -2086 2032 -655 3166 1753 13 120 -63
1534185489.272201 624 544 584 666 570 663 -7758 -2028 1754 19 1669 1311 12 119 -65
1534185489.3526888 624 544 584 666 570 663 -7670 -2350 1640 455 -289 -384 10 119 -66
1534185489.4204967 624 545 584 666 570 664 -7704 -2232 1806 83 348 86 10 119 -68
1534185489.4779627 624 544 584 666 570 664 -7642 -2110 1624 511 -43 140 8 119 -69
1534185489.556068 624 544 583 666 570 663 -7692 -2338 1738 481 1466 831 7 116 -68
1534185489.6272907 625 544 584 666 570 663 -7724 -2112 1780 139 -361 -223 9 119 -70
1534185489.6937509 624 544 584 666 570 663 -7792 -2198 1794 418 464 146 10 118 -69
1534185489.7562366 624 544 584 666 570 664 -7606 -2164 1686 222 106 129 8 118 -66
1534185489.8443184 625 544 584 666 570 663 -7636 -2168 1828 431 707 468 8 115 -69
1534185489.9036837 624 544 584 666 570 663 -7640 -2256 1872 -354 3525 2546 7 117 -68
1534185489.9623177 624 544 583 666 570 663 -7626 -1754 1490 -87 -872 -1447 5 118 -69
1534185490.040352 623 544 584 665 569 663 -6928 -2394 1266 239 4384 1811 9 116 -69
1534185490.1178198 622 544 584 665 569 663 -7402 -1190 628 -5729 4843 -1669 9 117 -70
1534185490.1781144 622 544 584 664 569 662 -8096 -2428 1012 -5423 1335 -4944 8 113 -73
1534185490.2562199 622 543 583 664 568 661 -7834 -1812 1044 12297 1161 8130 7 113 -74
1534185490.3355958 621 543 583 664 567 662 -8018 -1470 568 -4817 -5494 -5210 8 112 -74
1534185490.4083219 622 543 584 665 567 662 -7916 -3532 920 3198 -9963 -662 7 113 -73
1534185490.4777853 622 543 583 665 568 663 -7898 -2924 3018 5286 370 3641 11 116 -69
1534185490.5558796 624 544 583 665 568 663 -7494 -2388 -1512 -533 -4602 -2696 9 118 -66
1534185490.6260693 624 544 583 665 569 663 -7778 -2442 3450 1748 -3535 -3424 8 117 -69
1534185490.6930854 624 544 583 666 569 663 -7584 -2276 2010 -299 3334 1209 13 118 -64
1534185490.7555723 624 544 583 666 569 663 -7544 -2284 1622 301 -111 582 12 119 -65
1534185490.8406837 624 544 583 666 569 664 -7566 -2526 2134 -126 1253 714 13 117 -67
1534185490.9124837 624 544 583 666 569 663 -7822 -2162 1510 -110 2629 2895 12 116 -66
1534185490.9777243 625 544 584 666 569 664 -7766 -2274 1620 133 -26 -207 10 117 -70
1534185491.04021 624 544 583 666 569 663 -7792 -2120 1558 14 1345 86 9 116 -70
1534185491.1210747 625 544 583 666 569 663 -7876 -2170 1374 -722 1578 606 11 115 -70
1534185491.1928792 624 544 583 666 569 664 -7688 -2494 1496 -365 -407 -594 7 117 -72
1534185491.2766562 624 544 583 666 569 663 -7686 -1760 1142 -349 2617 1461 7 117 -71
1534185491.3330228 624 544 584 666 569 663 -7884 -1564 944 597 1293 -334 4 117 -73
1534185491.3959057 624 544 584 666 569 664 -7866 -2302 1294 957 1055 896 5 115 -75
1534185491.46292 624 544 584 666 569 664 -8020 -1874 844 -215 734 276 4 117 -74
1534185491.5253818 624 544 583 666 570 664 -7852 -1942 908 336 75 242 4 114 -75
1534185491.6052587 624 544 584 666 569 664 -7902 -1896 1000 -111 863 383 4 115 -77
1534185491.6625292 624 544 583 666 570 664 -8056 -1756 962 -155 1386 888 5 114 -78
1534185491.742261 624 544 583 666 570 663 -8012 -1814 778 459 131 -148 2 115 -78
1534185491.809081 624 544 583 666 569 663 -7888 -1832 750 357 535 285 2 116 -80
1534185491.8759046 624 544 583 666 570 663 -7972 -1810 798 16 721 460 2 115 -78
1534185491.950707 624 544 584 666 570 663 -8068 -1594 718 136 924 639 1 114 -77
1534185492.0334828 624 544 583 666 570 664 -7982 -1642 618 274 -186 -248 4 112 -78
1534185492.0913267 624 544 583 666 569 664 -7962 -1884 876 -38 513 267 1 115 -78
1534185492.1451826 624 544 583 666 570 664 -8028 -1396 732 196 753 833 1 114 -79
1534185492.212006 624 544 583 666 570 663 -8092 -1600 664 69 874 593 -1 115 -79
