1534196438.92421 623 533 566 667 557 670 -2578 4904 -6478 164 -538 -372 -44 1 -111
1534196438.996795 623 533 566 668 557 669 -2614 4808 -6356 334 -146 -20 -41 3 -111
1534196439.0560663 623 533 566 668 557 670 -2644 4886 -6448 294 -84 -16 -43 4 -113
1534196439.1185505 623 534 566 667 557 669 -2674 4870 -6360 284 18 17 -41 2 -112
1534196439.196658 623 533 566 667 557 670 -2584 4830 -6404 259 -11 17 -41 3 -111
1534196439.2579873 623 533 566 667 557 669 -2634 4878 -6438 273 30 -72 -41 2 -113
1534196439.339357 623 533 566 667 557 669 -2594 4804 -6396 85 -406 -299 -42 4 -113
1534196439.4036858 623 533 565 667 557 669 -2716 4792 -6428 -90 -1322 -1013 -41 5 -112
1534196439.486987 623 533 566 668 557 670 -2868 4862 -6330 -114 -1541 -1353 -41 5 -113
1534196439.555187 623 533 566 668 557 669 -3030 4870 -6348 -205 -1172 -865 -45 7 -112
1534196439.6645343 623 533 566 668 557 669 -3202 4826 -6220 -326 -472 -438 -45 11 -113
1534196439.7369692 623 534 566 667 557 669 -3240 4774 -6002 158 -969 -570 -45 10 -111
1534196439.8043168 623 533 566 667 557 670 -3250 4916 -6150 161 -283 -334 -44 11 -113
1534196439.8507323 623 534 566 667 557 669 -3350 4786 -6220 197 -1666 -411 -45 12 -114
1534196439.92075 623 533 566 667 557 669 -3394 4790 -5852 16 -303 -74 -43 12 -115
1534196439.9929397 623 533 566 667 557 669 -3378 4892 -6040 495 -12 -176 -45 15 -112
1534196440.0562072 623 533 566 667 557 669 -3526 4802 -6004 414 360 219 -44 12 -115
1534196440.1186962 623 533 566 667 557 669 -3208 4846 -6202 443 578 406 -42 12 -114
1534196440.2031956 623 533 566 668 557 669 -3294 4868 -6204 215 241 141 -46 11 -113
1534196440.2747085 623 533 566 668 557 669 -3334 4866 -6024 21 -568 -65 -45 12 -115
1534196440.351315 623 533 566 667 557 669 -3656 4810 -6174 466 -335 -287 -45 13 -112
1534196440.4046035 623 533 566 667 557 670 -3026 4562 -5930 345 -478 -88 -45 15 -114
1534196440.4914591 623 533 566 667 557 669 -3394 4524 -5796 1145 1204 247 -45 13 -112
1534196440.5642645 624 533 567 668 557 669 -4434 6106 -7466 1106 -4239 -3804 -42 15 -113
1534196440.6369028 624 533 567 670 558 670 -4264 4936 -7020 1769 -3021 -4064 -43 18 -111
1534196440.7111313 626 533 567 670 559 671 -5356 4154 -5014 263 895 2773 -43 20 -111
1534196440.7730222 626 533 569 671 559 671 -4070 4892 -6508 1106 -161 5172 -40 18 -111
1534196440.8565788 626 533 568 670 559 671 -1508 5196 -6746 1359 6995 3302 -40 8 -113
1534196440.9295008 625 533 567 669 558 670 -3038 4740 -5832 -1781 -6140 -2704 -40 11 -114
1534196441.0081267 624 533 568 669 558 670 -4262 4626 -5342 -1206 -7503 -2457 -44 18 -116
1534196441.0706112 624 534 567 668 557 670 -3334 5128 -4808 689 -1579 -1723 -45 22 -116
1534196441.1487174 624 534 567 668 557 670 -3820 4880 -5774 -867 -2027 -2683 -45 25 -115
1534196441.234321 624 534 567 668 557 670 -5122 4656 -4892 -784 -944 -1332 -45 29 -113
1534196441.304061 623 534 567 668 557 669 -4486 4794 -5348 -19 275 -69 -45 29 -114
1534196441.3739126 624 534 566 668 557 670 -4814 4716 -5124 267 842 -36 -45 29 -113
1534196441.4433227 624 534 567 668 557 669 -4458 4806 -5370 342 191 -116 -48 29 -113
1534196441.5163674 624 534 567 668 557 670 -4614 4650 -5254 371 651 152 -46 31 -115
1534196441.5727215 624 534 566 668 558 670 -4402 4776 -5502 235 352 -86 -47 30 -112
1534196441.650827 623 534 566 668 557 670 -4574 4698 -5250 310 141 -187 -45 30 -115
1534196441.7277355 623 533 566 668 557 670 -4466 4758 -5286 170 87 -57 -47 28 -115
1534196441.7892344 624 533 566 668 557 670 -4570 4734 -5334 -37 44 -127 -46 30 -115
1534196441.857756 623 533 566 668 557 670 -4562 4764 -5418 -232 -230 -347 -47 29 -114
1534196441.930188 623 534 566 668 557 669 -4702 4758 -5178 -406 -788 -599 -46 31 -114
1534196442.0083184 623 534 566 668 557 669 -4758 4864 -5028 -598 -1306 -325 -48 32 -112
1534196442.0864024 624 534 566 668 557 669 -4858 4754 -5042 -194 -536 -146 -48 35 -112
1534196442.1488914 623 534 566 668 557 669 -4864 4838 -4810 96 -180 347 -49 36 -110
1534196442.2317514 623 534 566 668 557 669 -5012 4792 -4980 266 334 342 -48 35 -115
1534196442.2890675 624 534 567 668 557 669 -4868 4820 -4926 421 589 135 -48 33 -113
1534196442.357928 624 533 566 668 557 669 -4728 4828 -4972 451 415 246 -49 34 -114
1534196442.437147 623 533 566 667 557 669 -4806 4826 -4990 612 687 111 -48 32 -113
1534196442.5146635 624 534 566 667 557 669 -4532 4788 -5344 1206 2245 748 -48 29 -115
1534196442.5716114 624 534 567 668 557 670 -4562 4776 -5220 347 819 80 -50 29 -112
1534196442.6497188 624 534 566 668 557 669 -4600 4842 -5262 239 322 195 -48 27 -115
1534196442.7255995 624 533 566 668 557 669 -4784 4756 -5108 629 1030 427 -47 29 -112
1534196442.7894528 623 533 566 668 557 670 -4430 4882 -5350 499 1207 840 -49 28 -116
1534196442.8663828 623 534 566 667 557 670 -4496 4822 -5348 372 822 388 -46 26 -114
1534196442.930774 624 534 566 668 557 670 -4302 4828 -5472 272 210 26 -47 27 -115
1534196443.0052297 623 533 566 668 557 669 -4302 4776 -5510 412 462 269 -48 27 -113
1534196443.0701542 623 533 566 667 557 669 -4464 4750 -5400 283 830 73 -46 25 -116
1534196443.132532 623 533 566 668 557 669 -4252 4972 -5424 420 -21 -99 -45 26 -114
1534196443.2230768 623 533 566 668 557 669 -4462 4572 -5694 720 797 -284 -46 26 -113
1534196443.2750676 624 533 567 668 557 669 -4104 4660 -5124 559 -2147 3244 -46 25 -113
1534196443.359978 625 533 567 669 558 670 -4508 5042 -5336 712 -470 404 -46 24 -112
1534196443.4354386 625 533 567 670 558 670 -3622 5054 -6234 1020 1233 -1622 -44 25 -114
1534196443.5073183 625 533 568 670 559 671 -5618 4330 -4656 -805 1210 692 -45 25 -110
1534196443.5702693 626 533 568 670 559 671 -4372 4872 -5708 -604 -2028 -543 -45 27 -110
1534196443.6483762 626 533 568 669 559 671 -3246 5390 -5896 452 -618 607 -44 26 -110
1534196443.7283914 624 533 568 668 558 670 -5248 4434 -5180 -353 -7679 -2057 -44 29 -112
1534196443.7900434 624 533 567 668 558 669 -4778 4960 -4264 1016 -5926 1245 -46 32 -115
1534196443.8734033 624 533 567 668 558 670 -4412 5306 -5590 -180 1411 -1698 -46 39 -115
1534196443.9358892 624 533 566 668 558 670 -5762 4606 -4088 361 806 207 -46 39 -116
1534196444.0089767 624 534 567 668 557 670 -4996 4782 -4768 186 1034 79 -45 38 -114
1534196444.0872848 624 533 567 668 557 670 -5198 4716 -4684 502 2262 677 -45 38 -115
1534196444.1495712 624 533 566 668 557 670 -5014 4814 -4786 315 1440 194 -45 36 -115
1534196444.2311933 624 533 567 668 557 670 -4904 4778 -4960 380 1740 222 -46 34 -116
1534196444.2890382 624 534 567 668 557 670 -4902 4714 -4976 319 932 98 -46 35 -116
1534196444.370149 624 534 566 668 557 670 -4820 4794 -5098 130 942 344 -47 34 -115
1534196444.4376554 624 534 566 668 557 669 -4810 4758 -5034 88 822 104 -47 33 -115
1534196444.509035 624 533 566 667 557 669 -4762 4784 -5084 118 503 81 -45 31 -114
1534196444.571317 624 534 566 668 557 670 -4842 4774 -4990 423 1362 408 -47 29 -116
1534196444.6491709 624 533 566 668 558 670 -4528 4872 -5256 -66 168 194 -46 30 -113
1534196444.719158 624 534 566 668 557 670 -4790 4822 -5024 181 306 99 -47 31 -113
1534196444.789105 624 533 566 667 557 669 -4564 4842 -5188 -24 216 120 -47 29 -115
1534196444.8582692 623 533 566 667 557 670 -4754 4882 -5020 140 349 90 -46 30 -112
1534196444.9221942 623 533 566 668 557 669 -4682 4882 -5158 273 169 175 -48 32 -114
1534196444.996797 623 533 566 668 557 670 -4708 4856 -5094 83 258 -7 -47 29 -115
1534196445.057398 624 534 566 668 558 670 -4566 4888 -5148 -59 323 -7 -46 30 -113
1534196445.120116 624 534 566 668 558 670 -4654 4896 -5112 -3 286 21 -45 30 -113
1534196445.2006493 624 534 566 668 558 670 -4638 4904 -5132 124 284 20 -46 28 -113
1534196445.2583313 624 533 566 667 558 669 -4604 4880 -5086 26 278 -12 -47 30 -115
1534196445.3456113 624 534 566 667 557 669 -4580 4930 -5110 287 171 -75 -49 28 -114
1534196445.4115303 624 534 566 668 557 669 -4602 4890 -5242 37 296 196 -46 30 -113
1534196445.4809117 624 533 566 668 557 670 -4562 4828 -5154 49 144 -61 -47 28 -113
1534196445.5392585 624 534 566 668 557 670 -4600 4974 -5038 104 85 -20 -49 30 -114
1534196445.6199856 624 534 566 668 557 669 -4566 4918 -5090 220 100 -30 -47 28 -114
1534196445.6879523 623 533 566 668 557 669 -4612 4984 -5080 216 95 -5 -47 28 -113
1534196445.7585526 623 533 566 667 557 669 -4520 4968 -5092 254 212 127 -48 28 -114
1534196445.8275905 623 533 566 667 557 669 -4718 4994 -5018 291 162 86 -49 29 -113
1534196445.8981626 623 534 566 667 557 670 -4506 4966 -5124 326 529 209 -47 28 -113
1534196445.9679763 624 534 566 668 557 670 -4494 4968 -5156 260 495 141 -49 28 -114
1534196446.024894 624 533 566 668 557 670 -4534 4942 -5066 243 350 49 -47 27 -114
1534196446.09248 624 533 566 667 557 669 -4498 4920 -5148 317 325 128 -48 28 -114
1534196446.1705852 624 533 566 668 557 669 -4402 4934 -5324 214 277 156 -47 27 -113
1534196446.2467813 623 534 566 667 557 669 -4386 4938 -5232 208 239 47 -48 27 -113
1534196446.307021 624 534 566 668 557 670 -4658 5004 -5204 217 418 66 -50 29 -112
1534196446.3743763 624 533 566 667 557 669 -4140 4862 -5200 1432 -906 633 -48 27 -113
1534196446.459192 624 533 566 668 557 669 -4892 4744 -5006 901 501 1357 -48 28 -114
1534196446.5231228 624 533 567 669 558 669 -3880 5380 -5390 -408 -1866 1391 -45 23 -113
1534196446.5948668 625 533 568 670 559 670 -4112 5128 -5156 630 -305 -3726 -45 27 -112
1534196446.672973 626 533 567 670 559 670 -4684 4482 -5322 -467 845 -3243 -45 27 -109
1534196446.7578053 625 534 568 670 559 670 -3776 5204 -5860 -888 493 2918 -45 26 -108
1534196446.8228528 626 534 568 670 560 670 -4966 5276 -4966 -84 938 472 -47 25 -108
1534196446.89044 625 534 568 669 559 670 -4038 5420 -5834 -514 -3623 -2154 -49 27 -110
1534196446.9575288 624 534 568 668 559 670 -5390 4836 -4696 751 1788 -301 -48 33 -112
1534196447.0402992 624 534 567 668 558 669 -3858 3522 -4906 828 -2970 -2708 -48 32 -114
1534196447.1027844 625 534 567 668 558 669 -4486 5198 -5336 531 1467 -1351 -48 32 -112
1534196447.1809397 624 534 567 668 558 669 -5012 4756 -4798 135 1679 226 -48 31 -111
1534196447.2580833 624 534 567 668 558 670 -4558 4874 -5222 157 854 452 -45 29 -112
1534196447.3296964 624 533 567 667 558 670 -4614 4820 -5220 235 936 272 -49 31 -114
1534196447.3892663 624 534 566 668 558 670 -4540 4936 -5236 81 45 -509 -50 28 -111
1534196447.4684877 624 534 566 668 558 670 -4688 4786 -5068 253 471 194 -47 28 -109
1534196447.5420556 624 533 566 667 557 670 -4520 4888 -5264 190 588 289 -47 31 -112
1534196447.60552 624 534 566 668 557 669 -4526 4948 -5198 112 79 -53 -49 29 -111
1534196447.6680055 624 533 566 667 558 670 -4474 4906 -5196 280 92 11 -50 30 -113
1534196447.7473752 624 533 566 668 557 670 -4586 4870 -5236 193 243 -118 -47 28 -109
1534196447.8056548 624 534 567 668 558 670 -4552 4906 -5130 148 149 65 -47 29 -114
1534196447.8749964 624 534 566 667 557 670 -4616 4862 -5164 110 114 70 -48 28 -112
1534196447.9553084 624 533 566 667 557 669 -4628 4924 -5172 167 322 104 -47 29 -111
1534196448.0248222 624 533 566 667 557 669 -4528 4950 -5166 160 145 84 -49 27 -111
1534196448.0873091 624 534 566 667 557 670 -4590 4900 -5134 271 330 188 -49 32 -111
1534196448.1654153 624 533 566 667 557 669 -4490 4906 -5232 257 272 205 -49 29 -111
1534196448.2352138 624 534 566 667 557 669 -4570 4908 -5148 201 612 390 -48 31 -112
1534196448.3047788 624 533 566 667 557 669 -4456 4898 -5208 152 196 -17 -50 29 -113
1534196448.375234 624 533 566 667 557 669 -4550 4998 -5122 431 403 461 -48 26 -112
1534196448.437717 624 533 566 667 557 670 -4420 4936 -5274 359 625 234 -49 27 -114
1534196448.516526 624 534 566 667 557 669 -4450 4934 -5164 332 624 315 -49 28 -111
1534196448.5870748 624 534 566 667 557 670 -4282 4950 -5374 390 1505 830 -47 26 -111
1534196448.6497262 624 533 566 668 557 669 -4258 4954 -5340 171 1283 331 -48 24 -112
1534196448.729706 623 533 566 667 557 670 -4230 4962 -5390 236 480 162 -49 25 -114
1534196448.7905812 624 533 566 667 557 669 -4238 5014 -5368 325 456 225 -48 24 -111
1534196448.8746326 624 534 566 668 557 670 -4314 4948 -5290 440 886 484 -48 22 -114
1534196448.9371178 624 533 566 667 557 669 -4338 4860 -4928 360 1118 980 -46 22 -112
1534196449.0091689 624 533 566 668 558 669 -3942 4572 -5292 2121 -1576 1360 -46 23 -110
1534196449.0716572 625 533 567 669 558 670 -3988 4736 -5020 -37 169 2411 -46 23 -111
1534196449.1499612 626 533 567 670 559 670 -3778 4894 -5468 2315 -1563 -4726 -46 21 -110
1534196449.2315152 626 533 568 670 559 670 -3574 4940 -5796 806 942 606 -47 22 -108
1534196449.2893176 626 534 568 670 560 671 -5242 5202 -4442 328 -290 771 -47 24 -110
1534196449.3733363 626 534 568 669 559 670 -3044 5454 -6218 -266 -3254 -251 -45 24 -110
1534196449.4470446 625 534 567 667 558 670 -6090 4564 -5042 1436 -89 -198 -44 27 -112
1534196449.5235987 625 534 567 668 558 670 -2710 4676 -4930 506 -328 -3164 -44 29 -116
1534196449.5860791 624 534 567 668 558 670 -5400 4640 -4746 -1248 946 -1116 -46 31 -114
1534196449.6641867 624 534 567 668 558 670 -4256 4822 -5494 492 693 715 -48 28 -112
1534196449.7369034 624 534 567 667 558 669 -4568 4728 -5220 29 177 -85 -46 27 -115
1534196449.8061635 624 534 567 668 558 670 -4516 4834 -5194 266 495 275 -47 26 -115
1534196449.8746743 624 533 566 667 558 670 -4458 4822 -5448 310 808 244 -47 24 -113
1534196449.9429917 624 534 566 668 558 670 -4384 4858 -5400 197 311 137 -47 27 -113
1534196450.016373 624 534 567 668 558 670 -4344 4874 -5372 90 583 235 -47 26 -114
1534196450.0728142 624 534 567 667 558 670 -4408 4882 -5330 307 213 33 -48 25 -114
1534196450.1507604 624 534 566 667 558 669 -4428 4854 -5276 214 442 289 -49 24 -111
1534196450.2252252 624 534 567 667 557 669 -4250 4878 -5346 245 275 19 -48 26 -113
1534196450.2889705 624 534 566 667 558 669 -4340 4900 -5438 127 89 27 -47 25 -114
1534196450.358113 624 534 566 667 557 670 -4312 4876 -5332 177 -58 -103 -47 28 -113
1534196450.42081 624 534 567 668 558 670 -4370 4906 -5346 156 98 -85 -47 25 -114
1534196450.5033176 624 534 566 668 558 669 -4380 4854 -5328 221 286 93 -47 24 -110
1534196450.5723085 624 534 567 668 558 670 -4244 4894 -5466 237 -19 -70 -47 26 -116
1534196450.6347926 624 534 566 668 557 669 -4408 4886 -5234 273 162 94 -46 25 -114
1534196450.7106051 624 534 566 668 557 670 -4310 4896 -5342 303 352 85 -47 25 -115
1534196450.7724597 624 534 567 667 558 669 -4346 4906 -5322 235 487 134 -48 26 -113
1534196450.8501875 624 534 567 667 557 670 -4204 4906 -5542 390 504 80 -46 25 -114
1534196450.9137163 624 534 567 667 557 669 -4268 4918 -5394 207 409 54 -49 26 -114
1534196450.995684 624 533 566 667 557 669 -4122 4904 -5158 219 568 -85 -46 24 -114
1534196451.055235 624 533 566 668 557 670 -4566 4824 -5088 41 836 -199 -46 24 -113
1534196451.133342 624 534 567 668 558 670 -3980 5122 -5630 -1468 -1522 2338 -45 24 -112
1534196451.1958265 626 533 567 669 559 669 -4630 5014 -5376 1182 -151 59 -48 23 -110
1534196451.279993 626 533 567 670 559 670 -4336 5142 -5308 -52 -201 -934 -46 24 -107
1534196451.3501241 626 534 568 670 560 671 -5016 4948 -4824 349 666 3686 -45 24 -108
1534196451.4220827 626 534 568 669 560 670 -4452 5298 -5128 -654 -2900 1095 -47 22 -108
1534196451.4991345 625 534 567 668 559 671 -4506 5816 -5284 243 -1689 -1433 -48 24 -112
1534196451.5707464 625 534 567 668 558 670 -3826 4786 -4522 2913 -2415 -931 -47 25 -115
1534196451.642109 624 534 567 668 558 669 -4356 4936 -5198 -149 1037 -2869 -47 28 -116
1534196451.7180197 625 534 567 667 558 670 -4514 5082 -4900 229 502 -98 -48 25 -112
1534196451.7751093 624 534 567 668 558 670 -4172 5022 -5502 -274 -92 -453 -46 27 -115
1534196451.8597138 624 534 567 667 558 669 -4626 5046 -5016 144 47 -221 -46 25 -113
1534196451.9217036 624 534 567 668 558 670 -4352 5012 -5186 174 245 22 -47 27 -113
1534196451.9984298 624 534 567 667 557 669 -4506 4972 -5194 308 363 45 -48 27 -114
1534196452.0570378 624 534 567 668 558 670 -4478 4978 -5132 299 468 19 -48 27 -114
1534196452.1351447 624 534 567 668 558 670 -4350 5034 -5218 255 502 -75 -47 24 -113
1534196452.2071602 624 534 567 667 558 670 -4280 4986 -5306 194 389 -9 -47 27 -113
1534196452.2750802 624 533 566 667 558 669 -4430 4994 -5104 261 296 128 -47 26 -114
1534196452.3448217 624 534 566 667 558 670 -4252 5020 -5316 131 19 13 -47 25 -113
1534196452.4060893 624 534 566 667 558 669 -4486 4998 -5180 241 216 68 -48 27 -113
1534196452.4834604 624 534 567 667 558 670 -4306 4974 -5292 311 164 -2 -47 26 -112
1534196452.5411081 624 534 567 667 558 670 -4380 4990 -5178 263 307 132 -48 25 -115
1534196452.6192164 624 534 566 667 557 670 -4476 4964 -5242 385 812 345 -47 25 -113
1534196452.6817005 624 534 566 667 557 670 -4288 5064 -5318 309 895 330 -47 24 -115
1534196452.7642164 624 534 566 667 557 669 -4222 4954 -5290 157 782 663 -47 24 -113
1534196452.8346193 624 534 567 668 557 670 -4132 5054 -5444 217 524 -95 -49 25 -114
1534196452.9049132 624 534 567 668 557 669 -4032 5052 -5374 116 -298 -957 -47 23 -113
1534196452.976422 624 533 566 667 557 669 -4410 4888 -4974 104 1424 50 -48 22 -113
1534196453.04123 624 534 567 667 557 669 -4846 5312 -5112 1057 1294 1567 -47 23 -113
1534196453.1193316 625 534 567 669 558 669 -4098 5170 -4960 -747 -612 298 -45 22 -113
1534196453.181817 626 533 567 669 559 670 -2918 5474 -5908 1442 1683 459 -45 18 -112
1534196453.2569022 626 533 568 669 559 671 -4030 5176 -5042 -276 45 277 -46 19 -108
1534196453.3374598 626 534 568 669 559 671 -5510 4800 -4944 1280 1137 531 -47 17 -108
1534196453.4058497 626 534 568 668 559 671 -2576 5674 -5928 -1152 -2533 -3501 -45 19 -110
1534196453.4862375 625 533 568 668 559 671 -5632 5080 -4834 16 -3671 1378 -46 25 -111
1534196453.5548148 624 533 567 667 558 670 -980 2524 -5584 -819 -5272 -1135 -47 23 -113
1534196453.6327393 625 534 567 667 558 669 -4588 5044 -5068 -859 -1137 -2389 -48 26 -112
1534196453.7081308 625 534 567 668 558 670 -5010 4984 -4670 -37 -440 -475 -50 30 -112
1534196453.7738106 624 534 567 667 558 669 -4012 5088 -5350 149 -19 -115 -49 27 -114
1534196453.8532212 625 534 567 667 558 669 -4664 5020 -4996 120 378 280 -49 30 -110
1534196453.9115922 625 534 567 667 558 670 -4222 5088 -5240 568 583 387 -50 24 -114
1534196453.9887004 624 534 567 667 558 670 -4440 4998 -5194 374 389 63 -50 25 -111
1534196454.0562873 625 534 567 667 557 669 -4282 5118 -5174 291 341 84 -50 28 -111
1534196454.1187735 624 534 567 667 558 670 -4314 5088 -5300 199 131 -60 -49 28 -112
1534196454.1968806 625 534 567 667 558 670 -4304 5058 -5218 141 64 -15 -48 27 -113
1534196454.2565582 624 534 567 668 558 670 -4286 5098 -5272 304 135 1 -50 24 -113
1534196454.3349311 624 534 567 667 557 670 -4312 5072 -5230 265 201 64 -51 26 -112
1534196454.3896759 624 534 567 667 558 669 -4266 5110 -5224 309 77 -3 -49 26 -113
1534196454.4694488 624 534 567 667 557 670 -4396 5068 -5118 355 27 3 -49 25 -113
1534196454.5395622 624 534 567 667 557 670 -4336 5056 -5156 261 282 108 -49 28 -113
1534196454.6020482 625 533 567 667 557 670 -4302 5072 -5224 180 288 107 -48 27 -111
1534196454.6803467 624 534 567 667 557 669 -4402 5104 -5150 275 412 154 -49 26 -110
1534196454.7409537 624 534 567 667 557 670 -4242 5138 -5206 241 296 48 -51 25 -114
1534196454.8034396 624 534 567 667 557 670 -4380 5102 -5192 204 230 9 -49 26 -112
1534196454.873005 625 534 567 667 557 669 -4394 5092 -5192 465 849 604 -47 26 -112
1534196454.957376 624 534 567 667 557 670 -4210 5058 -5290 434 798 395 -48 24 -114
1534196455.022364 624 534 567 667 557 670 -4188 5072 -5240 557 1104 796 -48 21 -113
1534196455.0847256 624 533 567 667 557 669 -4040 5194 -5398 292 385 107 -48 22 -113
1534196455.1627765 624 534 567 667 557 670 -4390 5066 -5202 329 709 604 -47 21 -113
1534196455.2421863 624 533 567 667 557 670 -3894 4852 -4886 399 291 394 -49 23 -114
1534196455.3042984 625 533 567 668 558 670 -3852 5580 -5316 1934 1549 1198 -46 21 -115
1534196455.3731995 626 533 567 670 559 670 -5224 4898 -5420 2437 2411 -1210 -46 20 -111
1534196455.4522932 626 533 568 670 559 671 -3446 5170 -5696 -710 -939 -1867 -46 19 -111
1534196455.5247183 626 533 568 670 559 671 -3242 5266 -6202 417 -156 973 -44 18 -111
1534196455.6028736 626 534 568 669 559 671 -4110 5346 -5636 -327 -3197 -2008 -45 22 -112
1534196455.6809342 625 534 567 667 558 670 -5504 3810 -4600 1668 -1150 1364 -46 27 -114
1534196455.75755 625 534 568 668 558 670 -3548 5440 -6394 -1154 1341 -1283 -46 27 -113
1534196455.8305943 625 533 567 667 558 669 -5490 4782 -4460 -473 -151 106 -49 31 -113
1534196455.8895836 624 533 567 667 558 670 -4414 4982 -5222 53 1009 430 -45 30 -114
1534196455.972586 625 534 568 667 557 670 -4850 4818 -4838 94 1606 1136 -48 28 -112
1534196456.0410147 625 534 567 668 557 669 -4206 4788 -5178 37 82 -398 -49 29 -113
1534196456.104889 624 534 567 667 557 669 -4616 4910 -5098 -4 268 21 -47 25 -112
1534196456.1673741 625 534 567 668 557 669 -4336 4968 -5300 225 507 88 -50 26 -113
1534196456.246018 625 534 567 667 558 669 -4388 4942 -5212 233 403 1 -48 26 -111
1534196456.315263 625 533 567 667 558 670 -4384 4994 -5148 265 316 15 -48 25 -114
1534196456.3840764 625 534 568 667 557 669 -4412 4966 -5302 43 165 -16 -47 26 -115
1534196456.4409652 625 533 567 667 557 670 -4350 4974 -5316 406 158 -108 -50 27 -113
1534196456.5260308 625 534 567 667 557 670 -4500 4930 -5110 266 298 151 -49 27 -111
1534196456.5921104 624 534 567 667 557 669 -4384 4958 -5218 318 296 60 -48 28 -113
1534196456.6700344 625 534 567 667 557 670 -4358 4934 -5304 278 381 150 -47 26 -112
1534196456.7398481 625 534 567 668 557 670 -4352 4980 -5142 589 362 -21 -47 26 -114
1534196456.806108 624 534 567 667 557 670 -4254 4774 -5606 1108 1249 -181 -46 24 -113
1534196456.8732631 624 534 567 667 557 669 -4418 4938 -5244 408 351 -10 -45 25 -113
1534196456.9357517 624 533 567 667 557 670 -4184 4884 -5576 225 252 66 -45 25 -114
1534196457.0211015 624 534 567 667 557 669 -4358 5054 -5274 -251 -677 -137 -46 25 -113
1534196457.0873075 624 534 567 667 557 669 -4292 5134 -5210 22 287 -187 -47 26 -111
1534196457.1497905 625 534 567 668 558 670 -4344 4878 -5128 366 908 -92 -46 24 -111
1534196457.2352703 626 534 567 669 559 670 -4432 4860 -5572 1778 900 -4796 -47 27 -111
1534196457.304509 627 534 568 670 560 671 -3570 4674 -6502 504 303 -429 -43 23 -110
1534196457.374974 626 534 568 669 560 671 -5716 4782 -5018 -821 783 4446 -47 25 -108
1534196457.4381285 626 534 568 669 560 670 -3828 5602 -5634 -66 -3903 -802 -48 24 -110
1534196457.524801 625 534 567 668 558 671 -5700 4098 -5122 -1137 -3309 5001 -46 29 -112
1534196457.5872848 625 534 567 667 558 670 -2762 5094 -6506 616 442 -2404 -46 26 -115
1534196457.6653938 625 534 568 667 558 670 -5094 4850 -4762 294 385 97 -46 28 -115
1534196457.7395682 625 534 567 667 558 669 -4158 5020 -5368 262 419 -179 -46 25 -112
1534196457.804491 625 534 567 667 558 669 -4482 5014 -4966 343 502 -53 -47 26 -115
1534196457.8748443 624 534 567 667 558 670 -4456 4958 -5284 313 324 -20 -47 27 -114
1534196457.9373317 624 534 567 667 558 670 -4458 4956 -5132 284 300 163 -48 27 -115
1534196458.0197692 625 534 568 667 558 670 -4372 5026 -5214 133 86 -68 -46 26 -115
1534196458.087357 624 534 567 667 558 670 -4512 4950 -5148 104 323 44 -48 26 -113
1534196458.1498423 624 534 567 667 558 669 -4382 5008 -5292 136 60 109 -46 26 -114
1534196458.2282166 624 534 567 667 558 669 -4508 4946 -5238 277 291 199 -46 26 -113
1534196458.289577 624 534 567 667 557 670 -4428 4930 -5224 256 228 37 -48 26 -113
1534196458.3578565 624 534 567 667 558 670 -4380 4996 -5216 157 188 12 -47 26 -113
1534196458.435963 625 534 567 667 558 669 -4356 4988 -5268 334 475 363 -48 25 -115
1534196458.5070472 624 534 567 667 557 670 -4402 5050 -5110 157 156 -12 -48 25 -114
1534196458.5702846 625 534 567 667 557 670 -4326 5020 -5282 371 417 343 -47 27 -113
1534196458.632544 624 534 566 667 558 670 -4326 4992 -5332 344 405 296 -49 24 -113
1534196458.716501 624 534 567 667 558 669 -4398 5010 -5218 314 133 -9 -47 27 -113
1534196458.789162 625 534 567 667 558 669 -4188 5050 -5292 287 -63 20 -47 25 -115
1534196458.8549724 624 534 567 667 558 670 -4406 4964 -5240 278 407 163 -50 26 -113
1534196458.9199672 625 534 567 667 558 669 -4844 4850 -5172 -317 -358 414 -47 25 -114
1534196459.0014417 625 534 567 667 558 670 -3340 5054 -5536 973 -1052 2157 -46 25 -113
1534196459.0708504 626 534 568 669 559 670 -5042 5376 -4606 3199 5208 2112 -46 22 -114
1534196459.1330695 626 534 567 670 559 671 -3792 5538 -5140 804 -778 -3826 -45 22 -114
1534196459.2207317 627 534 568 670 560 671 -4164 5108 -5736 437 -338 -3438 -45 25 -111
1534196459.2889967 626 534 568 669 560 671 -3118 5220 -5984 -213 -1626 809 -43 23 -114
1534196459.3579454 625 534 568 668 559 670 -5982 4542 -5438 768 -2928 -1934 -41 28 -116
1534196459.4380493 625 534 568 667 558 670 -3200 4524 -5256 -211 1477 1777 -44 26 -115
1534196459.5238702 624 534 566 667 558 669 -5330 5022 -4388 -855 -1396 -1482 -43 29 -114
1534196459.5863576 625 534 567 667 558 670 -3926 4950 -5774 524 1407 463 -44 25 -114
1534196459.6488402 625 534 567 667 558 670 -4824 4794 -5036 -329 -292 -623 -46 29 -113
1534196459.7322762 625 534 567 667 558 670 -4208 4918 -5444 183 769 249 -45 25 -116
1534196459.789042 625 534 568 667 558 670 -4490 4874 -5294 -36 245 74 -46 26 -115
1534196459.8577013 625 534 567 667 558 669 -4314 4890 -5402 335 145 -44 -45 27 -116
1534196459.9358084 624 534 567 667 558 670 -4470 4890 -5270 53 114 60 -46 26 -115
1534196460.0080066 625 534 567 667 558 669 -4360 4946 -5242 270 354 210 -45 25 -113
1534196460.0704927 624 533 568 667 558 670 -4356 4902 -5368 211 314 151 -45 26 -115
1534196460.1485994 624 533 567 667 557 670 -4294 4914 -5344 216 46 -17 -45 25 -114
1534196460.219356 625 534 567 667 558 669 -4426 4906 -5306 353 341 151 -44 27 -115
1534196460.2754269 624 534 568 667 558 670 -4372 4926 -5346 162 20 -74 -45 24 -116
1534196460.3569908 624 533 567 667 557 670 -4310 4886 -5406 219 67 17 -46 26 -115
1534196460.4202309 624 534 567 667 557 670 -4344 4866 -5330 275 299 51 -45 24 -114
1534196460.4944468 624 534 567 667 557 669 -4374 4906 -5300 237 192 98 -46 26 -117
1534196460.5559509 624 534 567 667 558 669 -4342 4922 -5328 203 148 54 -45 24 -116
1534196460.6182134 624 534 567 667 557 670 -4326 4916 -5380 97 135 111 -45 26 -116
1534196460.7028506 624 534 568 667 557 670 -4324 4980 -5316 240 331 107 -46 24 -115
1534196460.7738378 624 533 567 667 557 670 -4434 4936 -5332 267 1864 859 -46 25 -114
1534196460.8465083 624 533 567 667 557 670 -4130 4986 -5356 206 1627 297 -46 22 -114
1534196460.9058254 624 533 567 667 557 670 -4086 4974 -5324 133 546 -31 -45 23 -113
1534196460.9875946 624 534 567 667 557 670 -4150 4948 -5470 -231 181 -471 -46 22 -117
1534196461.055929 624 533 567 667 557 670 -4340 4844 -5046 759 2350 378 -44 21 -113
1534196461.1184156 624 533 567 668 558 670 -4686 4772 -5172 -475 874 2360 -46 22 -113
1534196461.1987896 625 533 567 669 558 670 -3610 5484 -5148 522 361 791 -46 20 -111
1534196461.2739012 626 534 567 670 559 670 -3852 5092 -6170 1779 1387 -3457 -43 19 -111
1534196461.3498392 627 533 568 670 560 671 -4716 5152 -5738 -167 287 -2007 -46 20 -110
1534196461.420846 627 533 568 669 560 671 -4196 5104 -5434 -994 -278 3134 -42 21 -110
1534196461.4993815 626 534 567 668 559 670 -4224 5358 -5888 -1505 -5454 -1393 -44 24 -112
1534196461.5722885 625 534 567 667 558 670 -3922 4356 -4282 2780 1415 2492 -45 24 -115
1534196461.650395 625 534 567 667 558 669 -3518 5386 -5604 -764 -700 -2210 -46 25 -116
1534196461.7186356 624 534 567 667 558 670 -4806 5130 -4468 343 -459 329 -47 27 -113
1534196461.7904425 625 534 567 667 558 669 -4218 5100 -5362 -18 -505 -659 -49 27 -113
1534196461.8579962 625 534 567 667 558 669 -4752 5082 -4804 176 -28 -178 -51 29 -114
1534196461.9192533 625 534 567 667 558 670 -4532 5104 -5022 591 1117 41 -49 27 -114
1534196462.003308 624 534 568 667 558 670 -4458 5146 -5066 550 2836 255 -47 24 -114
1534196462.0738614 625 534 569 667 558 670 -4220 5176 -5392 789 3522 472 -46 24 -113
1534196462.1398268 624 534 568 667 558 669 -4124 5092 -5422 222 241 -43 -47 24 -113
1534196462.2133822 625 534 568 667 558 670 -4254 5058 -5344 84 502 218 -49 23 -114
1534196462.2721276 625 533 568 667 558 670 -4210 5120 -5338 143 -3 -133 -47 21 -115
1534196462.3575811 625 534 568 667 558 670 -4206 5094 -5246 384 33 121 -48 25 -113
1534196462.423404 625 534 569 667 558 669 -4240 4996 -5346 232 167 -12 -49 21 -112
1534196462.4906013 624 533 568 667 557 670 -4200 5090 -5358 397 5 57 -45 23 -111
1534196462.557176 624 534 568 667 558 670 -4170 5062 -5340 229 201 35 -48 25 -114
1534196462.6196625 624 534 568 667 557 670 -4172 5046 -5444 310 328 36 -46 24 -113
1534196462.6977694 625 533 568 667 557 670 -4176 5034 -5346 228 408 69 -45 22 -115
1534196462.756451 625 533 568 667 558 670 -4120 5048 -5344 244 278 32 -45 21 -113
1534196462.8252587 625 534 568 667 557 669 -4160 5042 -5402 281 419 90 -47 24 -116
1534196462.9036133 624 533 568 667 558 670 -4164 5078 -5378 247 369 9 -47 21 -114
1534196462.9736292 624 533 568 667 557 669 -4142 5054 -5390 245 268 40 -47 21 -113
1534196463.0410593 625 533 568 667 557 669 -4146 5072 -5360 273 382 102 -45 22 -111
1534196463.1035438 624 533 568 667 557 670 -4204 5080 -5378 191 323 4 -48 23 -115
1534196463.1827648 624 534 568 667 558 670 -4076 5248 -5524 272 339 -87 -46 24 -115
1534196463.2515883 624 533 567 667 557 670 -4088 5168 -5324 155 342 -90 -48 22 -113
1534196463.319632 624 534 568 667 557 670 -4158 4920 -5308 385 20 -189 -49 22 -113
1534196463.3869097 625 534 568 667 557 670 -3926 5032 -5458 126 509 168 -45 21 -112
1534196463.4608927 624 534 568 667 557 669 -4144 5104 -5420 178 289 53 -48 21 -115
